37 0 57
50 6 84
29 86 27
66 56 43
97 88 76
40 2 37
97 64 64
65 54 34
58 20 13
43 26 56
70 28 18
36 29 33
50 98 54
72 98 21
77 74 41
4 48 92
59 4 9
99 93 72
4 17 94
94 10 48
89 99 64
57 67 85
63 7 87
81 2 59
69 80 71
23 64 90
50 79 84
89 58 68
33 93 5
27 37 65
53 82 88
43 55 86
74 93 25
70 6 55
59 41 68
49 77 26
26 33 98
40 42 95
13 52 27
45 11 69
22 94 14
16 53 32
46 1 88
34 18 45
59 76 65
84 76 45
66 0 17
58 37 48
70 41 21
0 30 94
80 74 64
55 42 2
10 47 6
24 86 100
54 46 48
10 6 48
7 72 64
88 32 31
28 91 94
78 19 63
12 72 100
61 68 5
5 27 44
10 38 2
80 52 17
2 44 16
49 50 12
28 77 85
19 80 48
78 65 46
37 46 27
98 64 17
11 7 81
7 65 84
12 92 85
13 17 20
99 51 38
65 25 30
59 7 5
59 14 21
36 18 8
22 82 69
44 79 15
80 10 97
30 20 13
63 6 92
54 33 55
15 17 11
79 87 35
49 18 92
92 29 79
16 92 87
85 84 93
11 35 61
92 76 24
88 77 80
6 36 72
83 13 8
99 9 40
34 74 26
30 88 6
49 16 34
10 57 71
98 16 98
60 46 77
80 54 96
60 39 33
65 72 80
85 96 24
37 75 58
0 14 64
30 27 60
90 39 52
67 34 91
1 52 27
20 59 41
70 13 53
68 63 54
66 8 87
9 66 15
21 38 67
82 41 35
48 27 94
19 98 97
96 13 40
61 9 17
78 25 81
91 11 82
81 46 56
34 22 43
56 45 15
43 30 65
61 31 73
74 7 86
44 4 41
1 18 24
73 51 61
89 99 41
11 47 85
18 13 54
95 75 17
86 57 28
16 7 62
88 4 73
73 63 64
99 77 58
56 54 61
61 57 13
21 56 59
22 18 16
57 17 70
0 56 74
23 53 67
25 8 77
0 26 7
8 69 65
70 89 17
60 93 26
94 93 53
31 40 74
50 49 15
23 55 14
28 87 4
28 10 46
93 48 52
48 86 33
78 84 15
62 64 64
48 33 27
17 7 41
56 94 35
72 40 26
26 58 14
0 99 14
83 19 80
51 16 42
55 74 99
6 88 40
75 43 99
59 18 94
49 91 13
69 33 19
7 20 49
5 20 96
20 94 36
94 35 39
96 23 46
78 73 39
68 85 7
35 31 82
7 72 52
75 16 11
76 84 16
51 31 76
68 30 78
81 21 67
23 16 39
40 42 17
15 17 64
32 57 82
83 42 72
63 84 42
1 73 60
55 76 43
82 79 15
59 40 82
73 4 6
87 79 51
24 4 21
90 39 96
23 67 98
58 76 14
72 52 96
86 94 59
51 18 99
30 81 29
75 18 13
15 32 9
94 23 33
71 12 43
3 11 62
91 22 42
37 74 44
58 97 17
92 49 99
83 54 41
70 71 88
88 32 33
85 86 21
20 10 100
76 12 33
67 90 88
82 63 78
55 54 81
16 73 88
92 74 36
34 84 61
29 48 12
70 26 11
7 37 30
74 58 55
88 72 33
2 56 86
32 50 16
60 17 48
23 85 61
55 88 91
39 84 87
14 64 99
61 40 36
82 8 80
23 91 67
46 15 43
7 57 31
62 5 76
75 24 16
23 2 87
11 1 55
50 8 19
24 62 79
24 25 36
71 26 80
92 6 30
22 57 64
81 55 34
73 55 16
54 68 40
85 68 13
73 57 74
24 36 21
76 11 38
41 16 57
71 3 17
84 92 47
13 58 13
20 8 82
72 12 91
14 39 86
30 33 25
61 59 81
64 42 49
6 92 80
52 43 4
81 30 38
24 36 3
64 46 14
26 60 72
5 28 52
39 19 82
62 38 32
12 80 95
47 97 23
72 44 10
3 44 27
70 4 25
27 93 8
73 3 19
44 79 65
72 99 14
56 20 11
95 15 99
28 81 40
52 31 77
49 62 5
83 45 35
61 21 31
80 31 75
11 28 71
97 18 82
99 1 25
54 53 97
10 20 40
77 31 44
94 18 67
46 30 39
45 87 91
38 14 56
35 83 78
79 0 47
77 19 42
72 12 92
27 7 28
8 84 53
59 20 36
82 48 19
89 34 100
54 79 27
47 13 65
83 13 29
51 28 59
28 55 37
71 3 100
32 71 7
76 43 41
10 18 15
27 72 19
32 56 22
35 27 32
19 65 31
12 36 60
28 18 34
53 73 31
30 9 72
96 21 68
59 18 85
40 78 74
40 99 6
98 84 12
89 38 77
34 64 52
17 68 62
38 78 34
74 85 68
72 89 98
77 99 17
62 97 85
26 56 84
83 24 16
5 95 50
15 64 84
6 37 88
37 21 50
31 25 53
96 60 14
54 36 67
86 47 96
38 43 51
37 24 18
89 18 23
58 77 60
4 72 44
54 44 3
42 57 85
59 38 93
94 19 39
39 72 83
55 26 40
32 58 25
82 31 34
79 48 89
9 42 99
97 23 60
54 20 62
24 5 75
12 24 9
63 57 43
80 97 86
17 99 69
10 89 100
52 67 20
58 78 100
48 96 75
87 51 10
71 91 72
71 93 8
96 16 69
55 83 61
97 80 59
7 74 95
59 66 32
99 77 10
60 90 13
1 75 43
30 75 19
30 86 26
70 30 14
19 51 73
36 78 53
8 77 16
35 45 88
48 2 59
29 49 90
34 64 85
80 13 41
10 30 24
96 26 57
6 74 34
79 55 88
57 60 35
56 26 44
13 9 88
4 88 61
65 22 99
30 92 46
15 2 59
46 22 20
84 75 55
15 97 10
2 6 2
23 57 90
37 41 65
97 89 22
79 68 19
54 52 4
22 74 81
63 65 4
58 81 76
62 70 33
56 81 92
9 7 61
74 99 33
89 51 20
60 48 91
75 56 47
66 90 32
88 17 8
89 8 86
67 25 40
51 54 54
82 19 35
9 91 93
75 30 9
50 58 35
83 98 18
26 53 54
5 76 46
21 70 15
42 65 68
81 73 49
25 0 48
19 73 48
44 39 5
26 57 4
62 17 50
8 69 97
74 30 60
18 9 30
97 72 77
18 90 1
62 66 85
77 13 22
14 30 58
37 29 47
28 26 10
78 22 55
1 46 20
14 90 13
24 23 63
75 73 72
45 36 69
53 69 67
62 96 81
39 31 41
11 92 68
79 13 59
42 14 74
92 29 1
32 1 48
17 89 15
23 88 29
5 79 49
30 21 83
92 51 23
63 77 9
62 46 14
63 49 81
21 34 19
20 42 10
2 33 94
41 54 96
65 51 44
46 91 5
22 5 69
87 79 33
35 8 94
33 77 45
63 77 42
20 15 8
38 26 9
58 81 44
19 1 83
86 38 38
10 30 81
34 81 29
82 90 69
7 11 92
71 4 25
20 82 16
92 9 10
13 99 25
43 8 74
42 9 87
57 94 63
0 63 92
7 67 23
94 56 21
86 47 17
88 45 39
49 99 23
7 0 60
43 23 21
9 15 3
17 27 6
66 69 42
23 78 32
78 56 5
92 63 1
73 87 44
53 5 37
19 80 93
42 8 15
21 47 28
39 22 74
25 33 95
14 64 46
97 40 44
50 11 56
25 79 89
48 82 8
91 76 59
20 55 32
46 21 19
27 62 18
86 57 30
2 50 47
8 74 79
94 38 15
11 42 59
29 77 97
35 32 64
53 52 81
69 7 4
96 78 86
93 74 74
57 36 40
33 58 56
63 81 96
84 88 29
64 79 89
17 19 52
26 63 55
33 70 3
65 46 63
1 65 3
97 61 19
69 88 95
54 30 54
29 2 8
71 38 83
69 97 6
66 29 19
5 84 4
14 5 47
23 97 92
33 90 13
85 84 60
73 34 19
4 27 84
23 27 8
28 46 32
71 67 69
20 9 33
1 62 22
2 52 44
83 62 62
47 71 51
8 62 88
81 45 66
83 17 43
93 72 3
72 57 32
23 58 80
51 15 59
54 58 44
62 3 89
39 27 48
65 66 65
1 29 67
49 21 36
77 7 41
35 63 2
31 13 22
90 39 75
64 58 88
86 95 93
39 61 58
24 92 97
79 93 41
71 2 75
4 0 23
51 9 8
92 61 37
29 18 75
86 64 57
66 65 54
66 73 54
9 21 36
67 46 97
0 40 87
21 65 86
34 60 61
35 60 9
99 14 24
80 64 49
90 1 29
63 0 84
24 16 88
38 0 81
97 63 85
20 2 51
2 92 57
79 78 63
16 31 28
50 25 70
12 83 1
12 43 24
21 17 18
3 58 86
23 82 23
55 29 28
6 36 7
80 0 14
71 90 17
59 49 72
52 98 43
3 59 4
88 78 79
23 66 54
95 33 61
95 48 66
22 11 50
8 56 77
6 0 98
15 96 11
26 29 30
55 54 35
4 93 81
34 33 80
50 6 18
94 73 42
31 51 39
82 53 98
77 44 46
65 53 59
76 95 48
20 80 79
59 58 67
83 73 85
91 38 23
47 50 72
90 59 88
9 78 79
80 94 71
84 25 31
1 37 68
64 66 6
77 7 8
55 3 80
25 38 5
10 38 86
52 86 40
17 52 88
30 48 9
65 1 50
98 76 75
43 8 42
26 9 99
19 65 97
91 15 88
44 62 13
89 48 7
34 47 8
1 34 100
86 22 60
44 88 91
60 84 38
64 74 13
11 6 75
33 91 72
68 76 77
36 54 88
70 8 37
56 33 17
97 11 19
77 12 5
11 27 90
91 3 39
71 40 19
40 2 68
65 31 75
8 67 20
8 25 18
71 93 17
92 23 77
16 8 19
44 25 5
51 20 53
41 67 93
89 64 99
37 28 82
58 36 88
2 65 6
94 33 44
15 36 39
8 60 39
69 20 55
78 25 37
60 74 27
27 76 14
72 55 16
19 41 26
24 0 49
83 61 3
4 15 8
56 69 75
80 99 38
76 36 14
56 84 15
9 66 45
25 46 8
38 67 41
21 31 18
21 13 94
53 25 73
52 53 73
20 25 34
13 48 2
49 28 89
10 40 59
18 49 14
77 23 98
9 79 12
89 6 69
69 55 13
44 97 14
69 87 56
72 42 92
17 4 69
12 41 70
13 96 59
24 70 7
6 59 3
81 17 19
41 25 77
45 98 3
17 83 8
54 82 58
67 10 54
9 31 58
84 27 39
23 62 82
22 64 71
0 93 90
15 70 33
6 10 76
76 67 30
9 10 62
77 15 14
0 39 44
56 78 36
11 69 4
37 1 23
37 41 77
23 63 48
75 9 38
32 30 22
63 40 1
84 40 94
2 88 100
48 42 25
68 64 10
74 81 57
0 70 8
98 47 72
0 39 16
10 96 86
36 22 48
40 55 81
38 60 95
2 22 73
56 19 16
65 92 25
76 7 94
90 95 91
57 33 36
59 58 53
41 1 3
22 62 39
83 65 93
28 15 86
90 35 71
45 31 1
10 63 5
45 1 95
56 71 75
50 76 30
93 23 73
72 57 15
77 18 96
76 78 9
9 61 43
68 38 35
8 40 79
52 53 36
55 30 61
78 82 94
24 47 52
43 31 3
67 61 19
7 20 59
20 48 37
25 86 80
36 94 46
98 96 47
0 33 81
10 93 41
57 71 46
17 93 72
56 79 42
63 23 35
22 69 51
96 4 62
50 26 44
45 87 93
32 98 85
30 27 30
40 96 96
79 13 13
75 17 9
44 8 74
87 14 21
46 51 78
33 62 8
23 88 88
38 68 7
98 66 96
60 41 42
10 88 82
28 60 29
36 39 56
14 98 48
9 6 30
92 89 4
99 64 24
2 75 87
88 58 82
0 39 66
20 55 27
32 86 17
37 84 60
21 18 62
90 34 90
85 22 46
90 94 25
65 25 71
59 11 75
56 29 81
7 60 57
40 28 4
89 11 83
44 36 86
60 3 87
40 30 10
44 94 64
78 2 63
98 75 78
88 41 93
26 57 68
57 35 7
29 1 20
8 56 53
57 68 10
38 26 30
69 5 58
83 24 97
49 4 43
14 82 47
18 78 77
88 95 98
58 90 28
18 63 53
42 11 16
54 21 62
36 26 31
37 24 92
45 58 60
34 60 64
63 1 4
58 28 88
90 47 54
23 0 28
73 89 63
2 14 36
69 7 23
98 21 48
52 63 92
29 95 14
65 13 95
93 17 41
30 69 74
20 0 48
35 86 11
29 58 1
91 19 24
58 88 14
37 0 76
15 4 62
54 95 54
16 28 30
45 88 17
3 99 61
27 80 25
68 85 92
42 98 24
61 97 42
61 39 7
70 99 20
10 79 59
38 7 90
85 42 19
75 89 47
25 46 15
87 43 59
59 72 92
3 1 67
30 87 94
21 74 22
97 58 69
93 14 6
76 27 13
76 7 95
35 87 59
92 52 74
30 7 8
69 16 49
98 90 35
81 2 84
5 89 30
98 37 100
61 72 37
3 35 92
61 65 22
28 17 36
38 88 22
1 36 100
32 80 94
13 37 33
14 42 17
31 64 97
1 72 10
38 17 42
51 55 30
18 57 75
91 37 12
14 8 79
79 15 61
32 66 57
24 75 79
98 85 12
67 78 47
42 1 64
20 25 72
29 84 84
22 90 12
8 9 55
25 2 54
94 67 83
66 93 63
65 53 89
98 17 59
64 41 89
29 43 50
65 24 24
12 27 49
15 69 31
13 44 79
7 5 100
98 8 74
26 69 23
59 48 96
85 88 92
96 22 58
33 91 72
86 11 48
83 3 16
23 48 56
72 49 76
87 72 77
32 67 39
80 71 45
5 17 83
54 66 18
45 38 19
43 76 26
0 83 86
99 94 7
62 2 75
56 42 49
98 62 21
0 1 64
11 89 17
91 74 97
85 99 61
87 14 61
8 80 75
41 57 70
58 45 61
71 95 6
59 58 41
44 29 68
35 82 40
77 45 95
68 78 21
57 32 74
84 59 29
72 89 15
93 36 74
97 50 96
34 78 67
15 59 6
63 45 85
29 2 65
99 62 52
15 95 38
88 31 38
35 93 30
54 96 77
61 8 38
28 91 87
30 68 72
79 14 63
82 65 37
13 39 32
42 40 37
46 93 73
25 48 94
66 87 48
73 3 68
46 95 7
46 85 73
36 96 84
26 30 43
56 3 23
53 65 76
39 25 11
83 97 52
2 80 99
94 34 73
56 85 85
23 59 63
50 10 99
16 48 82
50 0 100
78 20 39
92 8 53
66 1 11
38 85 60
37 77 10
14 80 52
70 66 71
61 53 3
15 19 72
66 52 33
65 89 75
52 14 18
77 51 12
29 22 89
0 59 17
82 89 60
27 7 88
35 79 51
45 7 52
55 23 57
35 23 38
42 53 93
86 8 37
12 39 82
34 90 12
69 40 52
26 5 29
52 70 81
99 16 11
51 37 49
14 7 46
62 32 31
64 44 6
68 46 44
67 5 89
41 23 3
53 78 25
60 46 64
10 4 71
57 34 5
27 21 84
59 7 87
2 58 64
55 43 19
74 84 76
22 83 20
50 57 97
49 70 78
15 11 5
29 63 43
35 0 97
79 78 24
0 92 87
52 10 94
16 22 78
46 83 23
15 43 99
35 81 59
2 42 79
24 82 18
2 27 35
46 72 21
84 44 90
90 81 95
94 91 38
39 18 84
18 87 13
26 71 81
91 34 23
33 39 88
58 0 49
96 87 36
11 24 37
34 22 18
59 11 78
68 5 91
11 89 15
12 98 39
75 40 19
33 87 86
85 3 56
11 41 10
94 53 66
17 54 9
9 53 61
71 84 97
21 47 45
38 41 94
89 23 65
14 3 80
28 70 7
21 82 15
24 50 31
81 58 91
74 51 66
18 0 71
44 12 56
89 86 97
39 66 22
28 29 8
26 96 72
52 9 41
66 53 31
3 61 53
34 36 74
23 84 13
50 36 80
64 77 26
68 72 35
11 22 86
10 26 27
68 86 5
54 97 80
95 74 36
25 93 82
81 66 92
78 42 100
30 55 55
90 30 52
98 72 65
92 87 85
36 76 51
62 24 2
79 5 42
41 32 43
64 67 98
37 20 9
78 35 35
26 24 40
18 15 39
83 82 56
49 94 54
3 64 84
94 30 75
57 79 47
0 6 58
12 58 96
29 14 83
38 30 31
78 55 99
91 44 30
24 47 96
84 44 53
20 40 30
57 99 47
48 70 93
35 24 53
15 51 49
35 4 64
33 93 52
82 49 48
72 42 87
28 14 48
34 70 5
2 1 87
33 44 18
4 65 15
58 60 78
89 99 100
78 99 64
33 11 53
5 53 51
12 96 4
34 94 88
42 66 67
90 65 26
91 53 58
85 59 82
6 54 10
78 40 14
18 57 57
19 66 12
58 57 34
26 38 78
41 70 9
87 49 26
46 33 5
5 0 18
42 55 4
66 84 19
75 90 41
81 68 15
47 6 65
71 70 93
46 86 1
88 55 4
98 4 30
36 78 50
54 37 67
63 79 53
73 83 27
99 0 2
32 49 92
56 27 51
91 87 76
14 56 86
67 38 68
89 63 29
93 16 20
45 89 70
99 40 81
57 93 54
76 47 72
7 86 75
78 83 49
53 58 8
31 40 94
8 46 96
42 89 3
12 82 21
45 85 30
94 26 20
71 10 94
87 80 82
95 38 16
84 32 66
84 52 11
5 29 46
10 7 4
84 98 56
88 79 33
58 99 19
98 73 36
67 26 20
69 75 86
2 36 9
3 73 59
36 19 95
57 4 23
18 63 88
73 11 93
6 40 92
75 68 30
46 84 7
22 6 38
8 37 12
83 0 43
79 28 2
10 64 60
17 59 21
61 59 80
42 15 100
7 26 78
24 25 32
74 45 39
58 45 70
26 93 45
76 45 38
39 26 89
32 45 27
61 55 53
45 73 44
87 11 97
25 93 100
6 40 17
14 76 71
92 97 98
94 63 77
41 45 63
39 5 99
57 84 42
56 96 9
2 7 95
44 19 35
60 8 4
60 91 71
38 90 31
72 50 42
75 83 85
85 5 78
52 25 74
39 86 89
33 20 100
33 29 83
44 7 30
91 62 60
4 65 100
98 92 31
12 20 15
58 96 36
45 83 15
78 87 88
96 17 37
86 52 15
88 67 76
54 4 77
4 22 78
22 3 67
85 64 13
47 66 26
8 25 26
9 91 73
76 40 28
29 93 66
16 29 12
65 85 10
26 0 21
24 63 72
6 50 55
21 38 20
93 76 81
9 42 44
54 32 21
61 51 79
59 49 1
7 62 6
92 75 92
66 4 24
10 42 69
98 58 66
97 36 42
38 20 43
23 50 73
73 83 36
72 90 11
70 88 20
21 95 47
71 41 48
60 88 99
96 10 51
13 1 67
9 44 57
53 19 77
69 60 33
69 82 36
31 99 34
79 66 97
11 38 84
10 29 75
25 23 98
50 90 65
92 81 47
88 34 10
10 58 93
68 4 31
13 59 48
61 57 75
7 50 5
84 42 43
74 36 19
33 4 67
10 94 15
69 29 23
32 78 75
60 44 58
10 90 43
72 0 89
58 37 36
65 47 78
11 48 82
79 86 8
98 53 15
40 95 36
87 6 47
3 63 40
88 98 59
88 15 39
48 85 38
79 86 48
0 51 25
92 95 43
82 55 96
23 78 38
28 79 51
20 79 97
84 30 49
5 23 83
73 13 59
99 45 38
99 34 96
92 48 32
75 22 50
39 35 21
67 6 89
8 34 25
92 57 36
86 76 72
85 58 20
53 97 100
26 71 19
92 52 95
11 20 14
59 60 78
50 85 88
90 7 4
94 97 2
14 87 38
77 47 34
17 51 51
51 52 81
0 32 11
70 51 62
60 65 69
66 19 24
68 71 26
21 64 72
53 50 97
16 66 51
39 23 17
91 73 32
3 36 62
5 84 99
10 90 83
16 46 1
50 71 48
23 60 100
50 61 43
94 93 19
22 39 33
6 21 93
33 13 79
65 14 9
58 12 12
77 18 65
76 61 19
10 53 9
6 20 31
14 82 88
11 53 88
12 77 55
85 2 99
81 12 8
98 85 41
47 31 53
53 60 9
58 43 9
34 8 88
25 48 70
79 95 82
25 33 47
76 64 21
21 0 3
58 62 11
69 34 74
56 82 67
81 88 63
41 53 91
4 84 97
63 64 19
11 39 87
43 76 11
12 58 45
67 34 84
23 17 25
52 24 33
83 58 34
64 34 93
80 98 42
12 95 1
71 0 39
5 44 10
23 26 14
98 8 21
36 20 6
44 9 26
29 22 85
4 87 91
66 60 47
40 69 45
5 74 24
47 34 33
27 44 26
65 64 95
25 33 9
83 77 56
49 15 85
2 87 57
27 43 74
56 19 43
54 75 32
34 12 49
65 42 52
83 88 92
16 25 64
56 22 32
77 98 28
4 44 61
25 23 51
22 27 31
70 54 71
34 28 69
65 95 37
5 64 39
56 23 95
66 65 9
94 33 100
92 0 58
91 28 59
80 66 26
37 76 22
94 71 73
52 84 11
23 10 89
66 94 88
70 41 35
29 77 45
88 98 91
72 47 16
43 26 37
14 21 44
67 54 87
39 5 64
97 20 23
65 95 27
59 11 1
6 82 10
51 52 54
63 27 46
96 1 48
29 2 60
58 84 73
14 52 53
58 62 57
63 43 92
42 18 8
39 24 70
24 70 43
82 27 29
93 26 10
53 2 29
74 15 52
89 61 82
10 36 17
78 65 22
14 3 30
91 19 90
57 47 96
83 26 81
41 13 43
22 39 66
93 53 78
1 71 27
78 21 91
25 38 83
73 59 10
29 58 53
17 62 14
34 45 78
83 72 75
34 75 46
54 53 83
29 71 62
50 23 15
46 5 98
14 98 89
29 49 38
28 69 18
89 4 14
59 97 30
21 66 75
75 70 60
88 74 52
50 72 71
94 76 84
11 25 1
27 60 75
57 61 91
94 20 51
10 53 20
59 97 65
46 97 5
33 63 80
32 60 43
39 70 45
35 15 34
24 59 85
10 47 33
18 21 68
98 52 43
22 96 65
66 4 54
54 29 47
20 48 45
55 71 30
60 44 65
28 58 7
7 30 91
24 45 18
28 81 27
67 58 8
11 54 25
6 68 38
5 28 1
65 59 82
64 59 4
56 76 10
51 92 87
20 36 18
21 4 57
55 53 65
9 38 87
98 68 86
27 35 91
80 34 21
53 56 19
96 46 27
12 30 24
21 22 40
96 74 58
61 92 26
23 15 75
29 51 30
25 5 26
64 10 27
70 7 89
74 20 98
71 31 79
23 30 42
16 71 99
54 38 91
64 4 52
35 86 98
57 41 13
6 83 100
10 30 69
48 6 88
39 18 53
31 52 65
81 36 28
79 37 67
51 1 94
95 94 30
54 93 12
71 60 1
13 57 19
47 52 50
51 57 80
74 66 14
57 37 68
87 88 44
67 62 77
96 30 99
28 52 97
99 96 25
37 84 4
1 78 92
79 72 23
54 31 70
65 31 38
82 45 10
95 56 43
94 69 82
24 93 57
65 53 10
5 70 37
33 88 65
54 20 100
43 87 6
12 52 22
99 89 16
6 46 92
10 24 50
70 71 79
77 47 32
97 0 4
63 92 73
40 85 55
23 74 2
99 10 39
75 62 91
79 72 47
19 5 5
51 21 12
93 76 90
92 39 17
20 51 10
90 88 18
65 78 4
59 97 30
42 28 70
16 51 38
85 18 36
17 94 41
20 21 94
47 17 30
16 5 82
31 62 86
64 5 93
21 50 75
49 50 61
67 34 44
68 77 35
25 18 27
65 35 79
22 86 15
14 7 84
74 86 66
25 13 88
68 80 70
38 40 65
92 88 20
68 38 80
5 23 61
68 69 30
20 25 49
68 18 40
17 88 19
16 4 22
87 54 21
36 92 97
71 94 7
63 68 9
15 61 85
32 42 35
10 57 76
71 94 55
58 36 46
74 4 96
44 28 96
3 26 19
20 52 62
50 74 80
57 0 57
58 95 54
75 48 51
64 65 73
94 67 78
96 45 63
15 90 22
67 97 90
98 35 6
32 46 57
50 2 89
7 30 13
90 76 56
48 27 48
43 71 28
87 19 63
54 50 28
84 87 82
45 59 62
34 76 99
97 16 97
12 31 67
88 77 5
17 78 83
93 35 18
17 73 50
65 82 90
81 21 33
4 81 46
29 35 62
74 54 16
43 67 16
94 86 10
64 13 81
1 97 96
22 3 73
84 46 68
64 33 8
95 89 24
94 35 16
31 4 89
96 52 94
93 51 62
23 93 20
86 87 88
86 58 95
24 3 69
96 66 3
74 72 22
63 32 13
90 4 75
19 77 46
16 24 62
31 67 34
76 29 13
90 81 53
42 33 22
38 57 76
73 26 43
72 17 55
15 64 16
49 7 79
48 55 76
83 16 5
64 72 54
6 81 33
45 13 79
41 34 18
35 66 89
81 78 96
77 58 97
49 77 83
10 60 85
36 57 88
97 34 2
48 66 80
58 65 46
47 58 52
30 64 83
41 23 35
4 97 100
11 74 24
56 62 6
59 50 8
42 90 49
92 85 18
29 66 81
2 56 43
67 27 20
99 6 62
47 82 17
74 53 63
47 95 13
6 89 7
6 4 15
88 65 8
9 42 28
85 73 67
67 15 77
25 47 80
23 93 84
77 69 14
31 42 27
13 82 46
85 60 60
79 77 48
4 35 6
97 63 76
55 22 6
58 99 70
95 31 38
9 47 71
92 44 24
27 83 20
49 68 8
86 0 60
42 34 28
28 68 64
56 17 67
47 89 80
95 54 93
62 71 87
1 65 40
33 2 53
69 91 48
73 84 49
73 94 59
80 51 58
89 64 79
83 98 14
0 42 55
34 77 13
24 77 87
21 28 13
48 1 91
6 78 96
35 1 50
37 77 26
49 94 3
15 60 22
10 89 49
28 49 100
18 53 70
35 42 10
98 20 52
72 29 69
15 85 68
77 96 72
53 3 91
40 98 90
53 82 74
74 36 16
20 99 81
92 6 44
79 57 51
52 96 82
50 11 36
22 11 75
3 92 75
16 51 25
11 83 35
35 21 70
61 95 49
15 14 25
97 29 73
24 76 12
6 86 100
58 41 55
95 48 70
62 14 29
27 81 25
73 86 9
18 38 61
54 56 65
61 18 4
73 40 73
16 88 6
89 96 4
58 4 90
36 94 22
6 72 37
6 84 23
70 49 29
48 17 37
89 41 45
24 91 76
18 13 66
35 2 50
73 42 33
4 6 28
41 11 12
68 66 73
43 76 58
57 5 63
77 27 75
91 60 24
9 82 25
27 23 38
76 34 34
32 90 94
24 10 35
79 76 37
84 10 42
50 79 81
62 41 3
33 75 96
56 45 3
18 93 95
66 96 36
88 90 46
67 25 50
27 86 79
30 68 56
46 16 77
35 86 89
20 6 61
39 93 13
42 76 69
9 63 2
88 72 34
32 42 37
0 32 51
21 65 97
18 51 31
41 73 28
60 81 89
58 89 47
32 1 73
11 49 58
89 98 58
41 65 7
21 81 72
85 77 92
86 28 72
55 58 75
14 64 1
57 31 76
79 59 47
57 56 27
27 34 27
71 8 71
75 6 37
82 40 3
29 64 37
45 93 66
30 90 23
29 33 55
49 79 82
23 46 53
16 96 100
98 87 88
50 12 49
48 5 84
1 70 86
77 71 61
79 59 98
42 24 68
39 99 92
43 83 84
25 72 4
42 80 52
1 60 22
74 13 45
41 72 2
0 83 75
31 87 25
61 51 94
52 97 17
96 21 14
50 72 67
98 10 31
54 39 14
66 11 58
86 82 83
95 48 61
85 78 21
16 61 56
41 15 70
27 82 77
71 16 86
88 58 62
62 26 95
88 95 74
25 52 44
10 6 63
80 90 57
1 98 69
64 77 12
73 88 28
26 29 35
75 72 30
53 34 79
82 42 49
73 34 3
81 24 5
44 48 69
15 35 73
25 70 32
59 88 23
69 70 50
5 96 53
76 51 63
0 93 9
52 81 98
44 95 45
52 75 81
48 89 7
75 39 18
12 73 22
16 50 16
78 21 49
19 70 29
44 10 9
95 82 88
37 75 80
8 54 14
93 15 25
13 71 61
1 82 37
10 16 69
49 75 60
7 8 87
28 69 75
28 70 32
13 7 3
38 56 37
6 29 92
51 43 92
10 97 60
31 63 19
82 63 33
65 68 80
95 85 93
86 80 18
77 23 46
44 70 91
50 60 14
78 36 55
65 8 13
15 84 67
93 13 37
65 58 53
58 96 84
44 21 57
7 73 30
89 98 63
20 44 14
51 99 99
99 74 35
47 76 91
21 97 87
27 86 80
83 25 93
0 69 72
23 62 30
12 75 44
64 70 49
7 29 80
15 42 100
9 94 14
50 49 58
73 33 34
16 32 56
7 11 43
20 3 59
44 20 94
55 47 91
59 93 40
23 70 86
38 1 59
72 9 72
37 29 59
55 30 68
65 19 13
50 53 4
74 94 67
7 29 73
34 9 89
41 97 75
84 90 75
53 29 95
39 6 87
68 64 77
65 13 82
94 98 75
39 49 75
35 2 12
31 42 33
61 67 28
92 98 88
54 46 16
47 51 17
95 99 24
75 84 89
95 77 94
1 42 47
63 34 46
97 99 1
15 21 58
15 53 68
72 16 87
22 38 60
59 11 14
46 35 31
71 70 81
18 90 64
91 21 63
84 9 96
72 68 86
47 65 82
79 46 19
93 41 56
92 66 38
96 88 60
68 44 57
20 46 60
25 69 91
46 34 61
61 67 19
11 88 66
11 81 76
82 51 97
9 46 85
4 89 85
99 1 31
40 8 28
4 91 43
23 83 33
55 17 27
76 79 13
57 36 96
51 8 5
20 74 89
11 70 35
83 91 4
74 20 8
44 73 70
99 20 58
98 1 12
63 31 34
19 6 91
12 31 52
38 50 34
62 8 47
22 38 13
43 47 95
88 68 44
72 21 59
36 92 84
42 56 23
29 86 11
6 9 17
69 53 55
62 69 66
79 66 9
9 67 39
76 39 1
97 41 83
65 4 14
36 34 56
77 74 3
8 23 77
96 14 1
61 3 8
97 82 99
52 5 40
9 7 43
46 94 21
94 73 74
49 81 1
91 7 47
75 41 66
26 22 82
92 4 28
73 62 93
34 94 89
87 88 62
99 45 2
96 58 67
59 91 19
89 77 26
56 59 23
72 39 78
35 37 80
86 95 2
90 63 25
21 58 85
64 43 41
28 36 32
99 14 11
18 78 25
58 18 33
96 73 48
74 98 98
64 2 49
53 51 52
86 89 97
33 99 1
4 32 21
66 99 83
16 89 76
53 44 61
92 79 95
33 70 29
33 4 7
51 4 50
78 45 86
53 34 24
64 54 64
18 20 89
68 0 71
19 40 64
34 70 62
27 4 8
14 59 77
49 51 17
93 75 31
52 79 60
69 58 12
83 57 28
66 57 71
45 79 27
97 61 38
77 83 96
93 73 64
2 17 1
87 46 16
16 3 18
28 11 77
42 5 49
17 58 28
38 37 14
43 61 33
46 82 69
63 38 24
24 11 39
20 72 27
25 74 47
58 43 51
42 41 61
59 80 76
14 78 1
16 66 81
48 66 14
24 77 42
14 1 13
50 71 70
35 12 47
74 35 72
55 40 74
77 78 79
32 2 82
54 85 62
37 38 23
94 46 85
41 76 89
42 62 83
56 85 93
9 8 18
28 60 37
88 95 29
38 67 97
72 65 46
99 66 3
25 4 62
88 41 100
22 98 90
0 18 8
5 31 91
26 57 9
6 24 44
70 60 45
12 49 29
69 24 42
45 99 41
70 47 76
14 46 61
9 8 43
27 73 92
90 8 67
11 48 38
76 56 69
81 52 28
22 26 15
79 32 100
31 3 91
72 85 65
44 59 21
5 65 76
70 59 80
54 23 65
18 57 97
76 78 86
2 62 37
3 56 50
36 11 59
78 79 82
60 19 9
92 71 7
0 45 7
16 47 15
97 54 63
43 83 15
28 42 100
99 85 78
46 50 35
42 76 82
86 29 54
46 73 59
90 53 57
38 20 80
86 2 61
95 30 67
35 74 46
81 8 89
23 90 56
44 53 66
60 77 97
31 49 10
20 13 94
96 68 58
27 72 16
9 97 42
55 65 95
68 6 95
68 34 31
21 12 15
50 21 8
68 47 24
37 50 46
44 85 81
2 13 50
45 57 71
2 0 34
83 72 22
53 57 79
14 40 39
20 78 74
61 2 87
1 38 70
74 44 68
29 32 8
53 77 64
25 36 35
0 29 1
39 69 23
72 37 4
51 60 56
64 4 6
83 74 57
79 22 44
63 18 48
46 16 50
32 87 46
37 32 81
71 67 98
43 34 6
26 22 33
3 57 54
42 72 81
14 29 2
89 15 48
41 52 34
55 32 54
43 98 69
24 65 73
41 74 16
87 20 58
78 59 90
43 49 68
51 72 59
71 7 87
92 35 59
86 40 62
76 10 41
64 80 2
48 9 53
31 21 76
75 35 18
70 96 76
36 99 92
95 37 57
86 61 5
75 84 90
48 14 50
57 66 76
63 20 25
10 63 10
92 40 98
87 86 82
93 27 26
23 42 19
59 22 22
78 56 9
3 8 69
78 24 8
40 60 73
48 18 39
68 66 47
64 54 74
25 82 80
92 22 14
29 96 29
29 13 81
55 32 64
63 55 69
69 21 60
53 63 26
0 46 13
59 33 11
98 42 72
59 23 44
29 35 53
94 45 96
13 29 12
13 0 11
72 37 80
1 79 33
3 8 45
14 18 73
46 10 26
18 95 69
0 38 32
64 0 20
45 66 3
39 46 27
14 43 89
44 87 13
92 60 27
1 29 70
90 33 49
97 15 73
5 47 81
86 20 53
19 80 78
6 67 76
77 11 54
55 37 95
72 58 3
85 75 99
12 36 86
78 33 82
80 13 91
55 62 24
51 78 8
47 8 18
14 96 49
61 92 87
47 90 68
88 31 43
77 56 59
39 74 68
84 92 27
32 93 43
12 61 74
86 91 26
48 56 39
27 77 19
53 20 11
55 2 76
15 27 55
5 77 80
59 43 46
31 11 42
17 88 24
31 83 10
86 62 3
47 24 38
90 56 44
57 52 41
25 71 76
14 76 8
46 78 4
65 56 94
91 48 31
30 39 67
3 1 77
99 81 15
56 7 73
31 65 8
33 84 32
36 21 60
91 75 33
15 48 65
61 34 10
66 60 1
71 5 20
16 73 16
86 58 11
81 50 84
24 65 74
8 87 59
24 90 1
20 45 4
44 82 81
74 89 27
62 21 18
94 86 93
10 14 73
15 46 60
11 84 11
12 79 4
98 48 69
79 26 35
34 85 93
21 54 74
3 60 90
22 87 80
84 71 23
20 92 93
3 12 22
14 50 24
67 19 26
23 65 19
34 89 47
54 69 7
57 80 81
20 88 75
10 18 42
87 22 55
62 21 8
66 52 27
90 66 40
16 18 72
80 19 4
2 75 75
97 64 88
53 92 24
37 49 63
83 38 40
13 35 67
16 80 84
22 34 87
37 41 80
66 76 24
14 57 25
74 44 70
89 23 94
90 20 71
17 87 97
77 70 61
27 19 31
56 12 45
51 82 38
49 91 66
33 20 96
45 67 83
96 4 32
53 64 99
47 91 92
13 35 57
14 18 71
74 78 66
64 75 39
3 88 78
33 31 48
74 83 23
16 41 48
16 47 26
55 85 66
21 18 33
29 42 23
95 33 95
1 60 86
90 97 30
97 7 10
4 38 10
96 1 67
28 85 5
61 24 1
22 1 81
31 20 83
35 45 21
75 12 91
57 89 42
13 70 6
51 22 36
34 29 8
37 21 43
1 11 98
4 37 26
43 59 34
61 90 16
41 72 9
40 78 41
69 12 96
4 18 76
88 18 12
34 28 79
73 88 12
3 90 16
48 83 8
36 98 27
64 99 98
96 29 2
8 5 66
31 25 40
55 5 22
56 68 1
4 21 4
86 72 23
33 32 31
71 22 13
94 97 63
41 33 68
9 41 39
84 32 100
89 42 5
17 62 61
66 88 22
61 46 8
44 50 31
15 76 3
55 50 99
52 78 64
41 25 41
41 28 58
92 74 74
5 54 78
5 7 86
1 33 16
90 52 35
49 41 33
17 55 63
96 1 29
44 88 38
31 86 65
95 28 80
2 19 66
24 30 87
58 49 12
98 18 89
93 95 77
37 19 5
3 11 80
72 70 23
84 5 37
12 0 60
64 62 91
37 69 83
51 28 40
69 70 30
58 95 11
6 99 1
93 55 61
91 6 72
96 14 8
97 17 98
5 67 36
68 90 18
38 64 15
68 39 63
46 63 45
79 6 5
6 76 93
64 29 46
98 45 92
81 93 34
33 77 42
39 7 36
42 21 76
63 60 10
78 40 20
38 27 49
45 4 18
22 50 86
71 34 56
6 31 64
15 61 94
41 78 9
57 45 80
7 77 83
57 76 65
43 6 93
44 59 30
7 71 10
70 45 26
72 52 60
67 48 68
57 87 85
84 74 26
19 35 79
42 57 65
85 52 32
26 16 87
39 0 10
38 27 37
7 36 6
94 80 18
68 35 30
2 66 74
0 96 78
16 30 74
93 98 79
24 59 59
89 57 33
30 48 42
82 93 34
62 0 86
0 96 83
38 85 28
99 63 36
60 34 82
70 83 18
34 18 68
0 96 2
98 75 34
91 99 52
87 86 23
74 92 69
3 23 1
33 48 17
18 10 70
12 78 73
38 41 34
31 44 59
24 66 1
27 59 73
57 86 45
74 61 51
0 95 9
3 89 2
1 76 53
73 13 54
39 67 15
53 39 82
41 77 97
30 48 97
28 3 61
62 6 62
22 84 54
58 41 70
14 46 34
11 87 55
71 98 85
59 90 15
0 41 17
48 17 13
81 18 86
13 6 85
51 42 39
28 26 33
40 31 98
22 48 38
3 47 72
86 94 89
86 19 16
35 18 54
32 36 45
66 82 83
84 32 15
91 76 76
88 10 72
63 88 99
55 31 2
84 52 8
19 10 20
36 13 79
71 10 85
2 12 76
11 9 63
30 3 32
92 67 4
23 95 3
42 74 38
56 5 47
84 67 74
25 80 51
85 91 72
4 53 46
49 53 92
55 48 31
23 74 100
99 14 1
88 24 28
7 38 62
35 76 46
79 67 66
21 67 17
17 38 67
75 39 41
48 3 24
85 27 73
40 44 33
18 45 3
36 75 28
11 68 39
55 8 48
9 54 4
13 34 13
92 54 67
39 60 2
51 85 96
11 60 70
44 12 32
93 44 28
30 72 49
51 95 35
85 79 64
52 69 61
7 22 90
10 83 98
1 51 11
67 61 25
54 45 35
30 20 33
88 69 14
96 47 87
50 10 21
6 18 84
76 90 67
52 21 76
12 93 73
39 85 43
10 50 35
48 30 99
58 59 58
82 15 21
38 43 35
19 57 10
56 47 24
81 99 18
75 97 64
31 69 12
79 61 45
91 76 64
41 33 77
94 74 3
27 97 82
20 0 21
36 24 44
52 91 42
8 30 62
75 47 48
78 13 14
69 53 2
12 80 51
62 36 37
65 96 88
42 59 97
19 10 38
91 74 15
91 12 72
82 49 55
92 33 74
32 55 34
86 54 4
40 58 78
64 77 9
58 74 89
35 56 57
36 25 14
37 67 5
84 43 81
62 50 74
58 37 50
39 11 44
27 23 73
58 40 7
76 30 38
47 17 99
11 18 13
56 20 39
44 28 74
17 71 96
49 43 85
75 6 96
12 35 67
93 28 63
9 63 98
8 82 36
33 36 65
49 71 15
3 35 58
4 92 22
4 81 31
79 99 95
99 82 6
81 27 76
59 16 48
43 99 35
35 76 2
61 14 78
7 0 16
45 62 78
82 54 13
7 19 63
12 34 60
75 62 65
10 79 61
12 42 56
18 2 51
53 36 50
14 57 58
45 23 45
8 62 59
57 43 84
54 46 19
3 35 84
71 9 44
86 4 4
81 14 51
29 13 46
86 97 32
22 70 4
14 9 84
39 33 47
24 87 39
36 58 7
99 62 97
40 83 58
22 3 14
97 11 16
35 18 85
40 34 84
16 92 99
66 93 33
94 44 54
83 87 1
51 62 72
27 32 33
36 98 32
50 5 40
33 20 78
19 21 67
83 57 29
5 23 42
57 78 68
52 37 2
70 11 78
80 30 64
57 27 9
26 90 57
78 37 80
55 41 73
74 12 46
16 82 83
39 20 65
92 62 82
3 79 86
87 5 28
52 17 14
19 74 71
95 15 41
83 51 54
5 33 11
53 89 64
94 46 92
73 76 27
71 3 34
2 34 26
30 87 40
81 57 38
10 24 67
33 42 72
47 86 72
34 5 6
71 70 16
51 96 19
88 49 69
71 93 67
19 14 70
28 13 46
38 80 57
94 57 27
86 36 22
98 49 43
80 40 67
42 51 32
53 29 62
52 3 70
80 11 3
92 5 11
99 42 71
94 0 88
5 60 58
88 91 70
66 59 47
11 8 15
9 91 94
52 34 56
52 16 3
76 86 94
38 90 93
95 58 58
75 2 21
9 6 68
62 82 3
76 29 35
87 88 79
99 29 57
86 60 42
40 15 1
27 89 72
49 93 75
6 83 66
57 96 52
74 42 54
89 97 59
75 81 98
90 76 91
42 34 96
47 43 35
10 68 58
58 10 32
94 29 99
2 21 18
84 57 28
1 76 51
69 19 34
23 1 22
89 33 98
2 81 72
46 10 35
46 83 3
14 33 39
19 67 60
29 51 48
93 95 55
35 33 48
56 14 3
52 7 94
19 86 50
69 24 59
34 23 19
43 66 26
21 60 71
11 40 84
78 53 28
79 42 54
64 62 11
33 5 28
48 22 28
71 36 89
73 83 65
17 35 6
26 82 69
12 52 99
67 71 27
30 95 36
50 58 52
56 73 57
66 57 95
39 46 85
13 32 21
46 35 99
68 32 34
25 40 51
19 63 25
18 46 28
76 53 86
79 37 19
57 77 66
24 8 71
42 69 99
10 71 90
51 45 81
21 8 12
55 74 93
72 12 79
51 55 50
18 84 69
27 3 96
73 22 63
10 95 35
32 57 85
4 53 62
48 7 88
96 51 49
20 72 15
89 41 27
47 49 70
93 68 76
79 51 81
96 21 92
32 52 27
26 5 42
71 32 3
43 25 100
22 47 79
87 58 76
63 74 40
48 34 40
36 35 98
68 49 35
43 97 54
78 54 22
72 6 20
49 66 72
19 24 30
76 86 66
49 54 51
37 43 54
9 96 53
41 4 28
92 31 83
0 99 93
41 1 27
68 20 97
3 5 45
24 20 76
36 58 96
48 53 80
56 41 45
73 95 8
45 22 25
72 93 1
77 7 55
7 83 92
69 65 10
96 46 88
31 24 14
66 19 49
62 65 23
59 78 95
61 37 69
37 34 2
15 21 28
30 42 71
79 83 6
11 81 50
50 40 54
62 7 58
9 39 4
86 13 34
83 0 4
41 20 98
95 74 48
15 90 46
21 18 75
55 45 1
2 35 4
72 60 91
32 51 38
56 40 76
49 61 45
5 24 2
10 81 82
23 82 31
69 76 16
13 8 65
34 91 26
14 43 31
71 84 84
32 96 72
43 36 26
32 39 64
53 93 86
90 57 80
57 70 50
44 43 61
0 22 74
8 76 31
59 19 26
4 36 73
78 64 10
52 95 87
42 8 70
75 35 5
63 67 22
91 97 1
9 38 25
53 81 12
30 28 24
26 24 59
63 27 79
63 17 56
41 99 57
86 61 82
38 66 12
99 32 70
82 28 80
21 26 5
57 40 26
51 54 25
42 5 61
69 60 14
9 54 10
46 57 52
80 74 71
8 36 48
96 64 16
52 79 26
44 49 88
11 5 44
65 60 73
74 16 63
68 81 71
77 41 13
49 97 39
70 88 36
56 59 41
8 72 78
70 71 85
66 71 49
86 40 36
55 18 18
29 79 20
32 48 56
50 9 57
50 0 99
12 63 39
54 65 31
30 22 40
34 83 89
11 47 62
79 25 81
28 34 62
30 29 86
38 25 62
93 78 65
1 89 98
63 21 82
29 56 25
39 79 36
53 82 78
1 18 68
59 80 27
16 59 21
77 99 34
82 80 17
48 14 79
75 13 5
59 16 82
59 42 94
26 69 71
22 63 25
55 44 46
91 88 73
99 13 8
37 44 60
48 37 34
91 74 85
41 69 91
11 58 28
69 47 88
61 54 51
47 61 16
47 66 1
66 83 90
78 12 61
60 63 13
37 49 6
45 1 41
99 95 62
67 69 38
25 27 72
17 55 65
56 95 60
78 47 45
14 70 50
55 42 38
95 18 57
72 31 13
1 92 66
50 79 33
99 4 41
98 14 44
65 54 71
53 24 52
61 57 33
4 15 21
70 3 51
45 10 55
61 82 13
94 32 88
45 73 20
57 78 72
99 47 8
13 85 66
38 23 11
43 63 18
17 60 26
5 69 46
42 91 59
40 27 38
31 50 96
66 63 34
65 63 70
87 99 71
6 89 15
63 61 37
4 36 22
66 29 37
95 29 62
40 68 70
37 94 92
39 0 17
89 66 78
77 0 2
83 19 31
44 51 79
23 21 44
13 29 36
88 71 74
18 43 96
10 49 51
29 20 75
38 53 4
68 84 68
30 91 69
26 39 72
61 97 36
67 12 69
19 58 46
55 94 22
36 58 57
29 6 70
37 46 88
87 3 46
8 27 69
39 97 99
50 68 78
84 94 53
63 97 6
64 77 61
55 84 37
24 74 53
14 63 19
57 72 30
31 52 33
65 52 27
72 99 21
67 14 27
35 61 12
9 22 77
7 57 93
32 86 54
52 11 26
71 0 82
0 3 78
34 1 35
34 16 68
73 87 71
32 72 88
86 25 31
73 22 56
51 32 66
79 62 59
13 51 21
71 12 70
85 43 38
5 54 43
49 91 34
5 48 92
74 41 67
65 26 65
19 61 7
40 51 20
97 52 51
5 83 83
44 21 37
23 45 63
93 6 18
80 53 9
14 56 28
38 31 19
56 26 51
90 69 56
22 74 37
62 23 31
16 13 47
93 58 77
28 96 39
89 12 3
99 22 95
94 96 74
20 46 37
98 67 14
25 85 23
67 18 45
27 66 71
34 86 38
97 21 90
81 74 78
46 44 3
62 16 74
53 71 25
59 30 99
47 66 79
99 6 37
94 10 8
97 66 79
24 45 9
84 37 60
57 90 79
99 10 72
63 2 58
19 49 27
67 89 55
85 88 58
92 23 16
1 46 93
52 67 69
4 83 49
6 25 39
45 98 88
43 99 44
36 65 83
81 95 14
39 70 84
78 62 99
68 90 56
32 58 56
1 14 84
38 25 53
20 90 82
84 37 14
97 95 74
72 49 50
82 83 38
35 44 76
14 61 73
93 38 8
28 79 71
18 45 72
26 34 73
48 21 38
13 8 69
67 32 89
90 34 62
27 99 2
83 71 35
24 30 88
24 88 88
2 11 34
45 14 17
53 13 60
78 15 58
50 76 82
3 35 27
4 54 95
63 38 28
59 19 8
82 97 49
7 39 67
75 91 1
54 67 89
25 48 2
83 27 59
94 92 43
36 86 65
1 64 18
65 96 63
53 60 27
0 56 87
21 61 21
37 72 35
70 40 24
47 83 71
98 80 22
52 48 88
30 57 16
29 62 39
57 9 41
95 37 79
16 57 2
82 92 89
32 76 70
72 57 8
16 43 63
56 30 38
22 65 86
9 50 10
45 66 4
56 72 95
84 93 100
78 50 32
1 89 73
11 61 57
12 5 41
64 0 15
44 24 84
58 29 19
20 0 72
47 78 59
17 3 90
83 45 56
97 88 37
87 76 73
77 72 56
36 82 48
54 17 41
48 25 54
65 37 65
94 47 100
81 11 99
63 13 2
75 28 22
34 25 9
45 1 3
45 24 46
80 50 43
43 85 23
97 67 29
34 10 96
21 30 30
8 89 31
9 48 49
51 44 70
56 50 90
7 39 15
68 91 94
73 50 4
95 4 27
7 24 17
78 47 47
94 66 34
29 52 53
70 41 63
67 48 98
46 74 39
17 3 55
87 96 3
32 45 40
0 6 35
55 85 93
43 33 22
7 61 78
60 66 6
0 28 98
15 44 36
71 50 68
37 91 9
34 67 32
9 48 74
34 67 55
15 77 30
47 10 78
48 34 60
3 71 9
73 68 92
88 40 33
51 65 71
83 95 41
93 55 17
23 92 58
31 57 12
99 66 72
82 71 41
1 77 72
26 55 59
49 20 96
12 1 34
64 0 14
23 48 45
41 80 12
44 17 39
12 84 73
22 29 76
22 90 41
18 23 98
1 66 8
69 80 97
2 89 16
79 46 46
11 60 40
94 72 66
67 19 60
64 35 74
70 3 75
32 88 35
81 3 75
5 59 80
90 48 33
93 58 94
46 77 82
32 79 19
3 30 59
18 21 93
44 2 11
91 42 34
80 95 47
67 19 6
33 18 65
54 50 95
76 88 7
98 41 25
40 23 43
8 36 50
28 99 90
11 30 41
47 67 54
60 13 69
1 25 61
28 31 60
49 7 8
85 56 11
11 10 37
4 55 71
13 52 38
81 26 12
5 30 1
61 32 45
91 26 51
11 41 43
37 48 36
59 77 69
76 82 2
19 7 31
19 0 51
88 68 18
78 94 21
76 89 73
59 26 48
30 89 84
79 53 92
73 49 28
63 86 75
66 33 32
28 57 85
29 88 11
83 23 54
23 96 35
49 37 66
41 22 50
43 7 33
86 58 11
7 56 58
27 42 20
57 90 63
9 17 24
74 98 38
54 3 4
76 15 10
59 92 92
25 31 17
48 95 33
52 40 68
48 37 27
11 61 7
1 76 46
56 77 79
16 77 13
11 36 88
70 80 73
71 57 52
99 74 41
25 39 97
35 44 7
80 8 22
89 52 94
15 58 70
83 8 21
13 4 62
41 61 58
2 75 27
30 72 9
28 6 36
82 73 78
48 3 48
38 16 15
37 55 49
29 41 79
55 74 12
62 54 15
43 93 20
42 97 63
17 7 75
85 13 65
14 93 55
10 21 59
95 72 100
67 13 30
99 16 22
23 1 48
76 81 1
74 82 22
20 29 98
60 57 72
63 55 14
56 67 74
47 69 52
27 3 93
96 72 33
14 36 18
14 82 11
60 18 53
52 50 32
40 28 31
61 90 69
11 44 9
61 93 13
87 68 97
86 26 26
54 11 64
28 82 30
64 57 77
98 7 34
78 6 48
35 86 94
15 13 43
97 85 76
17 9 9
94 21 36
42 91 26
33 53 96
37 64 33
99 8 15
31 61 91
21 69 30
76 81 68
74 50 12
45 21 20
41 47 34
28 41 56
98 27 38
79 19 3
46 47 43
81 54 49
63 9 37
50 38 20
66 28 56
5 69 100
32 68 59
70 48 33
18 9 23
80 24 61
98 65 47
68 77 76
69 53 21
91 71 16
2 16 65
59 20 6
5 12 83
36 72 13
44 73 41
17 11 95
66 82 55
27 58 20
25 93 69
36 25 89
78 95 27
27 58 89
96 21 67
50 73 43
84 92 18
3 73 51
82 55 3
51 15 15
5 85 13
4 10 68
7 84 86
90 89 16
85 86 73
25 28 26
93 71 11
60 63 3
0 33 11
39 32 33
31 12 64
81 65 77
44 72 10
75 17 14
19 17 69
11 96 99
23 68 26
18 29 75
14 47 82
45 84 36
61 42 97
28 68 37
0 92 54
73 77 7
84 87 22
65 84 67
36 30 32
91 89 93
41 87 98
96 51 20
26 51 18
19 15 7
16 36 75
65 46 20
45 0 20
73 65 3
40 94 4
43 19 52
93 25 80
99 97 56
72 5 99
47 23 17
40 94 76
16 18 72
38 78 87
61 19 51
49 85 58
1 47 12
89 51 38
21 39 67
14 87 48
82 71 67
64 52 24
97 73 75
60 85 91
6 67 98
70 35 42
90 59 78
94 52 53
7 62 4
20 36 4
44 0 68
10 69 92
1 55 26
38 90 61
44 1 60
7 88 62
83 11 45
4 19 69
58 72 89
35 23 76
25 74 27
27 43 51
76 60 83
74 64 47
64 87 61
28 53 46
58 61 95
57 24 4
28 19 60
17 33 66
7 67 46
73 86 1
27 71 19
89 75 3
45 89 2
12 48 84
84 14 1
12 53 92
25 94 87
53 24 25
39 34 6
45 92 10
10 95 2
21 92 68
15 55 13
67 17 44
65 1 88
70 52 93
11 87 41
69 26 89
42 3 66
40 46 29
5 42 69
24 48 86
9 57 100
75 41 53
91 25 67
30 52 30
28 43 13
95 21 78
19 14 36
27 76 63
21 53 39
79 15 4
81 42 76
84 56 97
40 68 56
81 64 8
53 58 52
95 65 99
40 98 12
75 5 97
39 81 60
67 41 54
67 92 40
92 99 20
52 27 75
91 62 12
63 32 97
30 81 91
90 48 37
43 77 58
79 50 55
28 44 68
55 25 97
59 79 100
28 56 53
64 45 22
39 3 36
88 7 22
18 10 30
98 18 14
60 34 59
97 14 32
83 52 77
72 26 41
28 64 73
83 4 24
67 87 31
34 79 85
35 27 72
69 33 96
45 95 51
39 36 91
66 10 98
35 29 2
58 35 27
70 48 50
0 55 32
91 28 80
28 7 97
35 18 30
95 43 63
34 41 89
66 63 67
94 62 25
44 67 100
0 2 82
67 49 53
34 81 11
76 30 78
58 14 92
41 97 22
14 21 34
71 21 50
89 99 94
5 2 75
61 20 56
15 46 95
48 80 15
21 97 72
12 64 61
25 89 80
0 6 70
54 41 79
49 64 86
25 10 64
33 94 45
7 25 83
92 85 91
87 20 77
94 0 93
22 94 78
2 20 33
83 51 77
65 27 86
23 57 35
34 4 7
94 56 61
16 90 12
16 54 84
59 0 47
99 70 35
95 69 82
68 40 28
68 95 7
26 1 79
54 49 92
39 77 50
76 61 38
23 59 87
61 3 58
23 58 14
94 6 37
71 56 29
12 39 58
9 95 8
37 77 18
71 60 54
73 46 94
63 5 39
81 47 99
14 72 5
28 29 42
3 84 6
41 86 73
94 85 89
33 62 42
57 84 35
65 10 67
83 48 40
90 54 9
25 33 24
14 60 55
88 64 18
45 0 81
93 88 22
83 87 93
8 33 47
71 81 91
66 22 37
57 72 21
58 24 45
47 80 55
93 25 91
20 13 49
25 64 3
86 79 71
37 75 33
82 21 50
43 38 41
94 26 36
27 42 80
88 60 53
63 74 94
42 61 84
26 78 18
87 92 85
91 94 35
82 80 6
90 63 20
65 9 8
29 82 80
53 19 21
47 58 58
40 19 75
60 69 17
34 20 32
48 69 62
22 32 2
20 1 71
61 71 41
1 52 38
0 65 18
99 41 90
58 0 71
11 68 6
47 83 90
58 59 5
29 16 75
89 95 53
65 15 49
77 30 57
38 26 8
36 98 40
30 24 81
30 71 23
57 61 38
67 23 93
7 32 62
57 27 52
73 45 40
93 11 86
25 74 6
13 41 38
77 70 69
47 72 91
90 63 8
79 70 61
40 60 61
51 60 57
97 87 92
53 38 63
10 92 90
27 36 93
20 91 14
97 62 7
29 56 98
18 72 50
94 18 8
84 76 66
54 88 12
37 1 35
65 13 3
90 59 84
57 73 3
86 54 81
22 92 73
0 23 65
59 11 72
17 41 84
32 50 56
58 2 10
67 31 15
39 50 40
70 5 83
95 42 32
49 2 69
67 69 8
36 45 42
51 26 17
66 13 53
16 20 75
85 47 1
56 96 63
86 66 84
87 12 99
27 82 90
60 1 54
68 15 72
15 17 8
9 77 95
50 96 33
64 19 14
39 53 42
99 58 7
0 70 36
2 67 4
13 22 7
37 91 70
42 41 88
7 80 15
65 83 1
32 39 95
65 97 19
38 91 75
47 48 63
91 66 85
49 14 45
83 7 30
7 71 21
8 31 58
10 72 79
46 13 64
74 87 59
32 99 89
48 2 85
43 23 74
18 51 77
49 96 89
87 15 28
50 81 99
70 27 33
83 98 22
93 14 72
1 51 55
47 37 10
95 77 66
62 86 68
19 82 74
53 16 87
69 65 36
73 58 63
81 26 88
61 23 2
20 60 6
9 1 1
27 84 29
51 86 20
46 57 1
82 54 72
41 96 24
21 31 17
9 26 38
19 48 20
12 46 14
65 54 72
7 36 78
24 61 29
93 65 50
32 14 85
81 66 58
68 85 43
20 98 39
79 65 76
22 76 77
78 2 81
74 30 55
48 91 86
59 38 79
53 87 80
89 56 62
99 28 64
7 49 61
71 58 80
69 79 30
47 55 3
71 59 67
94 91 24
1 15 38
81 19 91
44 75 90
22 78 62
51 40 1
14 38 40
84 69 15
38 69 2
74 11 83
54 33 39
58 43 9
99 20 16
2 61 28
64 39 67
97 45 3
8 90 46
14 42 77
13 84 54
45 30 76
51 58 68
13 30 76
26 99 56
58 68 22
50 2 91
4 38 74
61 94 64
58 84 37
15 16 28
20 43 58
8 68 29
76 95 32
14 17 50
64 3 59
28 99 40
13 62 13
75 19 28
23 17 57
96 21 17
53 86 55
41 28 61
76 78 45
47 33 16
51 16 43
39 17 100
54 92 69
99 82 32
78 5 35
98 24 16
10 96 97
74 28 98
17 55 54
91 15 53
71 25 67
87 5 12
1 85 56
11 48 46
74 35 80
26 84 92
86 83 46
42 9 23
45 9 42
42 5 33
50 31 75
18 44 79
29 72 98
1 57 42
45 20 53
13 1 48
52 96 51
70 7 96
21 36 90
62 76 44
82 8 25
75 81 5
50 57 28
77 93 53
53 74 11
81 20 65
76 36 80
1 83 36
36 53 40
14 82 37
33 52 88
0 49 90
8 17 49
49 97 79
78 10 32
18 53 75
78 61 65
77 57 55
98 14 66
19 63 21
21 47 91
39 91 52
37 13 18
79 10 94
32 64 8
90 34 38
24 33 44
75 81 22
1 79 24
19 84 75
66 39 61
15 21 47
4 29 90
58 41 12
63 16 74
87 64 86
98 75 53
5 77 92
28 53 76
79 90 32
74 92 19
15 27 57
11 0 38
7 72 11
27 9 26
64 34 59
25 71 89
44 61 27
41 88 18
0 48 49
67 32 61
45 65 36
46 1 80
70 34 93
82 54 58
17 78 89
32 25 56
3 48 68
98 93 56
62 26 16
56 8 82
96 28 29
11 85 20
44 11 27
79 57 1
17 51 72
66 37 69
4 85 27
17 90 94
48 24 27
45 94 39
13 9 63
20 33 4
10 41 8
5 57 88
49 57 70
62 31 12
73 72 5
7 8 93
7 64 94
78 75 58
64 91 30
7 6 51
61 80 50
14 40 47
36 12 37
65 55 18
49 31 31
10 65 79
52 32 97
24 54 27
50 30 75
86 21 84
76 92 100
53 16 79
89 90 87
93 23 9
94 89 10
23 90 37
9 41 76
81 75 22
25 81 59
53 92 53
81 93 53
72 11 60
4 18 52
36 3 67
25 87 36
98 54 64
11 20 40
20 85 94
5 26 10
85 55 57
89 92 46
12 63 9
38 12 41
30 99 75
31 7 56
29 46 76
50 19 73
13 84 64
93 89 35
72 87 61
70 53 23
87 9 22
91 95 48
95 73 94
71 70 95
60 40 3
6 40 28
18 74 91
38 79 33
92 74 32
5 24 36
8 75 1
53 44 47
72 67 33
47 71 12
33 13 26
92 95 29
22 2 91
95 41 6
7 93 13
21 27 13
11 28 5
87 24 78
68 99 22
1 84 54
81 13 12
46 90 57
47 96 50
39 5 58
61 32 76
25 1 56
8 77 13
63 17 68
58 21 40
46 5 39
22 44 56
4 55 20
19 12 3
65 64 32
47 6 26
99 72 69
64 91 2
11 38 85
35 87 48
48 91 48
11 77 35
0 40 89
10 67 49
58 60 85
88 76 31
96 87 3
77 14 89
59 19 59
23 18 63
94 42 89
25 75 94
10 1 13
13 92 65
66 22 1
42 93 49
78 36 31
70 34 3
26 14 27
6 58 78
25 43 30
28 75 46
96 90 35
17 81 34
62 9 37
87 58 60
71 41 44
62 16 87
63 71 58
46 3 75
8 14 55
53 96 10
78 98 65
14 32 69
79 97 49
9 22 89
43 7 24
74 26 89
79 68 42
18 99 4
94 54 30
68 13 31
24 13 99
94 13 18
10 5 49
59 67 47
17 3 4
68 88 100
98 21 77
93 51 39
25 15 69
46 62 92
41 48 78
84 63 99
99 36 46
32 11 57
16 66 8
75 89 9
10 73 17
20 95 52
81 33 34
89 10 43
48 44 48
18 82 28
10 96 4
25 19 41
65 1 37
13 88 71
47 53 38
22 9 95
3 65 45
75 87 43
0 8 18
10 30 16
68 78 67
5 39 94
55 72 24
3 11 52
37 4 70
75 44 69
94 21 41
63 59 100
54 74 61
91 64 71
75 64 66
25 85 36
54 99 47
61 96 26
16 92 28
66 41 76
80 20 28
20 2 23
30 70 20
37 45 5
73 27 82
96 9 9
97 20 33
96 99 96
21 85 94
92 84 82
21 37 27
19 92 82
97 61 96
53 38 51
85 32 99
64 61 36
2 23 64
34 35 43
13 78 7
4 76 78
28 45 94
50 78 65
63 97 78
5 87 58
91 92 49
29 6 73
93 88 74
47 52 47
80 63 17
58 40 47
91 51 9
31 66 88
20 24 48
27 49 10
82 98 79
62 83 85
19 38 77
95 91 49
3 5 37
86 67 34
94 30 81
16 4 58
97 45 81
32 58 42
2 5 32
25 45 91
88 41 7
89 87 6
70 44 69
95 78 61
84 73 55
66 5 23
11 82 82
64 82 9
82 40 92
85 39 82
30 90 17
34 81 11
53 80 78
68 12 100
36 61 100
70 24 59
80 85 7
28 71 47
27 70 29
72 62 3
87 95 20
66 21 28
66 89 29
78 40 90
92 18 24
34 65 64
49 97 78
35 58 12
54 67 27
10 1 35
87 27 79
22 45 87
96 34 18
63 86 49
76 25 29
95 64 85
51 45 34
19 47 53
9 77 80
75 34 56
32 64 45
39 11 77
4 71 50
31 41 82
82 30 56
51 90 60
7 67 41
8 3 38
36 69 92
76 59 81
52 55 88
26 38 39
18 85 44
18 33 2
42 86 81
0 67 4
19 85 81
43 13 49
5 18 31
37 24 70
40 47 24
48 27 82
32 59 43
9 12 27
2 4 82
95 77 83
49 65 52
62 71 32
17 73 42
13 28 17
5 79 75
13 33 18
25 97 63
31 11 21
45 11 66
4 37 61
29 23 90
78 3 74
9 68 10
59 32 50
6 91 50
47 65 57
44 46 48
77 1 27
42 89 43
61 86 55
6 88 72
93 42 65
77 38 54
77 80 67
69 15 8
77 48 22
55 97 79
95 86 66
63 75 44
38 5 33
2 78 9
20 31 55
90 93 100
30 28 56
39 5 23
56 13 32
91 29 84
28 35 21
51 57 3
63 89 63
96 77 52
10 36 77
30 88 8
40 51 18
20 14 78
42 17 22
79 44 86
82 75 22
97 74 17
14 38 95
41 0 53
78 49 46
76 61 71
41 11 2
19 49 64
27 7 57
61 24 39
64 7 28
2 83 36
72 85 88
46 45 98
1 40 89
51 4 99
23 4 82
0 72 95
49 97 57
55 3 85
10 25 69
0 51 74
54 37 74
39 81 87
43 13 84
33 71 86
63 31 34
45 51 43
84 58 55
53 79 22
65 3 15
63 77 60
48 63 88
48 97 15
77 81 82
14 81 57
8 84 73
56 25 6
79 62 71
32 82 26
42 54 80
42 73 47
55 19 78
5 93 23
26 11 32
51 77 81
36 96 31
22 56 82
16 66 48
36 70 19
46 38 100
27 13 93
59 36 55
85 21 52
71 57 27
3 46 21
45 36 59
85 17 72
86 66 4
66 30 86
8 72 83
88 67 87
83 77 10
43 77 87
14 54 64
25 11 2
35 28 38
16 85 61
18 21 44
15 61 65
39 80 62
20 21 59
33 65 34
34 78 93
37 24 87
4 52 70
89 43 14
54 55 79
83 40 97
10 46 8
72 80 37
21 72 49
0 94 80
2 87 43
34 54 26
40 38 56
77 89 47
98 29 9
69 37 63
1 35 55
52 16 23
74 68 14
29 61 35
27 51 60
89 46 82
6 25 23
21 18 61
93 36 26
42 33 78
57 92 53
20 7 70
96 81 16
67 64 37
42 71 97
54 87 4
9 12 48
7 30 29
53 88 79
70 2 10
64 56 27
56 80 51
75 88 30
5 49 37
28 98 89
65 75 37
7 18 25
62 91 81
28 96 97
93 16 18
94 38 16
61 68 86
82 93 51
33 57 73
82 81 81
94 87 74
42 89 74
40 5 24
28 63 60
75 51 52
86 7 41
56 12 68
0 45 14
17 50 78
17 64 66
37 77 22
82 30 23
48 67 3
19 20 39
41 57 70
99 93 13
66 58 28
56 45 73
7 73 28
84 80 10
14 78 49
5 81 67
41 48 7
15 16 72
95 59 94
81 64 47
65 87 11
29 40 44
4 66 44
75 82 32
33 29 55
69 30 8
72 75 54
98 75 32
83 68 3
72 69 27
98 2 39
98 93 9
7 41 57
1 49 40
90 53 82
17 88 72
91 4 82
60 44 26
63 42 46
79 9 1
57 5 17
6 52 62
5 57 72
38 33 66
52 99 16
31 11 34
99 30 40
95 93 51
46 37 6
36 51 43
58 1 43
99 18 59
91 85 38
49 69 51
46 10 19
29 10 54
55 97 81
16 42 94
78 92 29
25 39 51
70 56 100
40 71 99
39 74 36
42 9 8
20 53 1
57 42 6
30 98 60
52 87 5
72 1 15
44 13 60
63 6 49
14 56 14
21 87 18
27 4 95
30 0 62
55 27 17
16 18 49
47 24 45
12 18 58
67 29 96
70 2 67
22 79 84
83 63 33
94 50 28
31 51 48
88 51 8
91 81 73
16 10 20
57 71 48
6 25 33
25 20 16
61 51 94
21 72 59
95 71 80
47 72 63
93 36 59
87 15 16
75 14 21
18 0 52
63 3 25
40 4 93
29 99 19
36 7 65
40 96 17
42 13 53
1 54 72
42 71 73
61 73 23
94 73 52
83 73 59
73 8 84
73 21 96
23 15 72
88 50 4
65 95 100
70 20 63
43 81 88
3 55 55
99 34 73
12 2 16
69 25 10
7 88 66
81 78 15
89 69 9
1 74 79
40 63 74
77 75 94
12 9 90
75 18 71
0 64 73
50 39 37
79 32 9
72 46 78
28 20 31
95 84 1
70 87 53
53 1 85
49 51 45
2 81 31
9 54 92
29 35 94
40 19 91
39 43 73
70 81 88
16 33 43
46 85 2
67 6 61
33 74 86
99 82 59
81 28 99
2 99 5
77 35 32
30 0 25
2 92 22
85 72 98
31 20 86
14 19 38
28 84 17
87 38 55
53 40 35
25 63 68
41 56 90
93 13 34
51 47 60
89 13 23
10 99 46
97 40 60
77 24 16
74 32 74
12 27 13
49 92 57
93 97 22
10 97 12
18 71 64
64 23 82
52 4 63
58 24 58
50 83 51
49 6 43
79 63 81
28 92 86
52 3 5
32 7 2
48 65 70
82 4 80
12 73 76
63 54 12
16 69 79
46 56 35
28 66 82
8 17 77
35 14 30
35 0 53
57 63 67
15 12 71
82 85 46
88 26 100
62 61 7
20 8 75
16 27 25
29 52 67
42 96 61
13 25 73
21 34 8
52 38 80
67 49 23
23 40 31
18 94 93
5 88 56
78 29 55
11 58 44
14 76 41
16 84 47
73 9 65
14 66 59
27 65 62
97 76 32
86 10 83
49 34 61
93 26 61
31 82 42
30 21 62
32 59 78
74 32 72
23 92 94
7 9 84
95 19 35
64 43 87
24 3 12
62 86 97
89 41 81
60 99 56
48 7 69
58 53 84
56 72 78
5 14 44
10 13 39
10 13 61
5 9 27
54 55 85
33 61 20
29 75 98
50 46 38
31 23 50
36 21 8
8 56 56
70 80 96
11 43 14
40 3 84
59 90 43
39 17 66
59 68 5
3 65 85
68 56 62
12 95 90
30 88 46
35 89 98
73 46 14
55 41 86
54 56 22
32 35 7
20 24 59
20 8 2
69 64 77
26 42 61
33 34 27
43 67 100
52 17 44
11 90 4
78 80 99
60 0 42
63 69 99
43 10 49
77 10 45
25 17 85
29 26 27
24 36 20
91 37 71
30 49 99
45 38 35
78 16 69
36 95 77
0 1 8
25 48 16
12 86 3
38 32 74
54 98 4
10 8 5
52 11 59
66 82 68
49 13 100
0 36 56
38 63 26
62 75 63
57 24 80
9 23 38
89 14 14
14 10 28
94 48 47
98 4 93
65 0 43
88 25 64
54 0 37
82 78 91
44 39 73
12 31 34
24 63 93
12 2 91
96 73 71
97 27 36
1 12 72
4 61 93
16 58 66
24 73 26
10 26 15
86 61 70
43 58 68
54 34 13
23 79 11
10 15 69
16 99 84
18 86 92
43 99 92
52 72 28
81 16 2
25 11 61
84 13 32
88 53 27
15 58 35
65 1 38
90 96 74
10 56 54
64 13 68
4 46 47
28 8 85
79 92 56
93 63 78
57 0 39
84 10 96
9 25 64
21 41 67
98 21 48
25 63 61
94 14 60
39 66 34
27 39 88
53 40 56
67 60 97
90 79 71
49 21 55
58 83 21
44 84 62
50 82 83
30 13 72
25 23 45
32 84 66
38 28 34
49 92 17
60 81 16
31 74 14
91 6 95
38 49 44
24 0 21
27 47 7
20 62 66
25 0 24
6 49 46
89 77 61
96 90 4
1 71 91
9 55 42
95 78 29
35 53 29
45 48 74
93 74 89
51 83 33
75 11 30
29 18 2
33 58 80
54 70 81
11 83 12
52 87 2
31 81 46
76 63 93
25 22 30
91 60 68
2 16 93
82 29 61
66 11 12
64 81 98
27 80 73
48 80 60
68 19 54
43 76 69
29 22 3
32 84 28
71 66 79
31 46 10
67 43 26
57 91 3
29 76 62
69 58 91
87 11 69
98 1 73
28 77 76
6 34 29
61 10 49
83 66 74
4 30 81
79 80 44
17 9 96
14 46 20
75 31 90
13 94 23
41 71 43
23 57 90
95 62 25
25 91 55
79 7 81
49 57 87
26 95 33
77 31 89
48 66 78
37 58 41
8 71 24
80 10 84
63 30 60
61 78 50
28 81 22
60 40 58
30 67 60
21 73 38
14 9 96
56 39 90
61 20 2
14 23 83
40 68 99
7 35 45
22 29 93
63 82 23
10 0 94
60 26 92
37 61 9
23 60 80
50 43 64
52 91 87
28 36 63
13 8 49
10 33 26
96 46 55
42 88 39
2 53 38
96 99 27
39 85 50
34 50 74
8 59 55
66 95 13
0 45 74
45 8 40
41 15 46
34 25 75
63 37 8
65 93 83
69 24 55
51 47 6
78 32 25
69 39 79
1 65 18
42 1 85
40 94 60
64 24 22
77 94 93
58 80 81
48 87 62
26 0 85
58 29 79
87 98 100
35 19 18
20 79 41
97 54 9
18 79 54
34 30 15
81 33 24
99 0 3
27 70 78
95 85 5
7 47 76
42 16 47
84 62 30
15 87 30
87 92 25
17 0 19
85 96 53
87 78 3
36 88 31
33 12 61
1 51 90
52 15 23
74 28 83
95 84 9
16 44 71
91 44 14
34 25 44
54 34 58
48 28 64
14 25 62
0 56 47
14 72 58
83 48 26
25 85 47
41 7 11
67 75 40
78 55 49
30 99 62
24 85 58
77 99 87
63 87 93
9 38 78
77 55 44
20 70 78
13 22 74
59 29 22
3 91 95
72 8 66
29 8 18
70 85 54
43 3 25
91 37 85
14 44 55
41 12 77
77 27 39
80 98 57
13 23 47
66 27 48
64 7 42
68 14 44
7 77 72
98 9 13
78 65 35
59 81 40
9 77 18
13 99 59
37 47 4
33 3 43
30 52 47
36 84 34
95 50 62
83 78 18
13 27 25
83 13 68
28 70 15
6 7 50
45 26 20
35 94 55
3 77 28
63 56 31
57 51 71
25 1 98
22 8 81
4 79 81
69 18 34
30 96 58
6 93 45
3 42 94
86 39 34
44 58 29
8 15 61
49 54 19
83 78 15
5 14 47
42 83 13
38 22 43
2 71 36
3 48 77
80 28 1
60 98 48
86 23 25
67 25 36
69 79 22
50 30 32
40 2 70
43 27 3
53 90 17
96 57 85
0 16 20
96 63 69
1 86 94
21 2 26
73 91 60
33 89 14
94 51 78
92 77 75
37 22 9
70 26 44
97 24 50
56 88 35
15 80 72
69 29 85
52 81 92
55 37 21
93 11 47
47 85 89
10 50 13
30 45 56
73 17 63
15 23 54
76 25 93
48 27 73
75 30 14
60 48 41
63 68 87
13 82 32
45 93 12
13 6 3
11 5 1
14 81 18
38 44 35
38 83 52
6 79 79
66 76 22
90 37 69
37 51 26
66 78 33
63 36 86
40 47 58
75 71 98
89 50 75
23 33 61
99 42 100
33 68 89
43 60 4
3 93 92
79 37 91
84 62 53
6 39 71
36 25 10
63 55 48
41 2 53
91 40 73
33 11 25
51 68 90
94 66 95
9 97 62
32 71 35
79 34 62
19 35 34
18 12 60
7 90 53
55 94 51
72 79 12
49 26 61
3 13 76
72 25 42
53 86 87
75 35 81
81 72 94
13 82 53
31 79 27
31 34 54
73 44 56
79 89 47
69 15 72
97 38 81
25 4 30
46 47 68
27 12 75
24 17 39
47 7 71
51 96 79
38 44 75
44 82 77
27 98 68
19 42 41
47 58 79
62 51 41
68 39 92
27 17 21
62 27 77
30 70 73
17 46 66
75 35 15
60 6 45
68 37 66
75 50 67
30 91 66
1 98 60
7 94 43
26 77 55
80 57 16
18 61 65
15 28 85
90 29 59
50 1 57
59 82 11
43 12 82
17 99 45
38 22 49
37 55 89
50 87 33
99 9 80
50 14 60
89 85 23
11 78 4
30 44 86
43 71 64
9 6 93
80 32 70
48 4 80
40 36 25
51 72 6
60 36 85
74 67 54
59 99 24
15 37 23
37 43 76
95 58 52
21 83 54
33 99 18
12 13 74
94 51 57
76 67 53
85 69 74
5 76 38
53 37 95
64 22 66
33 49 73
68 93 27
7 13 40
3 45 26
82 92 82
58 19 1
13 5 68
67 39 62
90 65 93
9 26 94
73 88 16
40 24 26
68 18 37
29 2 3
44 29 35
59 2 42
57 36 24
31 42 31
79 14 35
73 72 12
60 87 22
89 48 82
90 29 3
60 53 94
29 24 76
82 70 23
36 29 25
83 78 47
36 64 19
65 6 91
78 55 99
19 80 26
82 20 39
4 15 53
83 92 83
69 96 83
85 43 62
94 93 79
56 6 8
7 68 78
20 48 70
93 99 12
42 35 64
20 0 7
37 55 58
22 24 22
97 3 100
52 70 72
91 49 100
20 83 24
25 75 99
74 61 70
61 93 57
88 72 11
72 19 48
72 84 33
14 75 38
19 77 81
6 76 49
4 70 99
71 94 77
58 34 94
34 43 77
40 90 32
82 3 99
47 98 76
80 54 14
65 76 97
47 19 44
86 3 24
41 1 100
70 49 20
22 9 49
83 20 14
36 9 16
80 3 76
28 40 66
39 30 54
39 20 4
50 6 26
0 25 21
93 72 35
30 38 5
90 39 66
22 51 74
2 8 21
30 81 14
96 66 81
19 75 41
37 12 9
14 44 35
71 51 99
45 26 94
14 13 33
60 81 15
2 82 34
5 82 8
34 96 99
36 0 46
85 1 47
35 25 6
16 42 74
63 81 40
51 74 40
57 90 50
35 42 59
82 86 51
29 78 19
53 34 91
20 13 77
26 77 29
40 17 11
86 72 54
72 11 47
32 38 9
67 93 81
98 58 31
66 75 63
0 25 35
99 72 29
95 43 45
33 66 30
73 20 19
0 31 10
94 6 35
18 56 35
8 30 7
49 59 14
70 92 39
13 33 91
36 14 74
36 22 81
49 78 60
37 10 47
66 14 24
57 6 99
77 10 62
43 65 99
56 97 5
70 7 82
18 36 79
31 62 14
71 42 15
72 99 59
42 88 62
52 4 9
26 20 64
40 92 29
25 60 73
80 30 19
50 15 19
85 58 80
97 76 69
12 98 70
59 39 69
80 50 44
49 65 23
83 37 72
63 27 36
68 8 87
50 87 51
85 3 29
85 42 83
36 69 49
29 49 84
59 8 9
12 0 33
18 89 61
39 77 64
54 52 74
66 22 97
15 72 28
88 33 43
25 75 44
33 30 85
63 40 73
34 49 8
92 94 18
25 55 92
84 96 4
93 38 21
26 53 49
90 32 19
65 83 57
62 76 46
20 98 61
16 20 19
6 31 63
6 90 69
94 31 72
41 45 58
19 24 19
65 14 51
24 80 53
64 73 82
75 34 18
64 20 58
72 51 14
73 5 49
40 24 79
77 54 20
77 65 3
35 74 93
91 38 93
35 65 1
14 78 98
17 10 16
27 46 85
36 73 70
10 61 59
1 73 40
84 60 1
65 43 92
88 98 59
60 67 96
69 11 96
11 38 98
3 77 76
0 46 19
32 4 41
85 41 1
13 12 99
60 25 10
18 62 95
53 83 82
54 76 45
62 36 13
79 27 99
96 90 82
13 81 45
50 56 13
97 23 9
33 94 94
49 65 24
63 19 100
15 72 85
14 30 12
13 59 96
47 16 70
69 98 25
36 1 3
37 97 26
24 56 9
11 37 20
0 41 43
14 60 10
27 29 82
3 28 27
63 22 29
99 0 5
48 41 12
13 29 65
50 59 43
35 73 22
56 80 57
49 43 70
15 33 23
58 52 91
52 59 10
96 67 36
61 87 31
39 87 87
14 81 79
33 85 73
71 20 81
72 11 20
79 23 37
44 19 4
73 56 52
4 79 39
52 15 9
73 64 55
19 79 99
90 88 17
97 78 39
17 95 75
31 39 89
68 88 57
84 43 31
69 1 23
45 51 39
68 45 4
18 89 80
56 69 35
18 19 15
3 23 8
93 70 43
57 56 5
30 71 22
91 17 17
95 15 51
31 66 38
20 85 49
34 72 83
59 23 71
8 69 31
37 7 25
45 13 53
62 82 88
5 24 11
8 31 64
52 42 92
64 67 97
55 83 33
21 4 28
26 57 6
21 70 89
79 94 28
60 85 31
4 22 73
67 5 33
12 7 90
50 25 48
89 59 73
94 19 32
30 62 79
67 91 46
37 29 58
87 59 32
68 40 2
23 66 43
31 41 65
22 47 90
67 24 21
7 69 89
51 17 42
7 43 97
94 39 71
52 68 89
45 42 62
65 77 16
62 71 34
35 86 73
32 23 66
15 59 75
14 55 65
67 4 16
46 24 23
50 25 48
93 89 96
49 91 56
80 49 42
12 7 91
32 29 26
97 57 48
95 34 28
18 22 19
11 70 56
31 46 52
90 12 92
90 2 84
55 44 87
30 58 54
80 74 93
49 7 48
73 69 17
80 88 99
33 10 23
91 77 10
71 96 54
55 2 71
33 54 94
15 7 50
65 87 73
39 23 26
36 51 74
72 13 57
60 45 14
1 94 13
29 42 58
47 34 68
14 82 82
77 81 45
19 18 95
30 72 85
61 56 47
28 71 2
66 38 85
9 30 30
54 14 99
49 28 87
1 92 65
5 49 16
3 19 68
66 81 19
0 43 43
49 11 80
97 52 9
90 76 89
24 30 99
76 81 93
23 31 15
47 87 46
82 97 7
16 21 65
55 6 24
10 77 75
61 58 27
21 99 57
40 20 69
67 62 93
17 97 53
81 73 52
83 27 32
0 19 16
30 25 28
83 25 76
59 90 43
0 18 44
22 79 1
52 56 17
47 22 12
93 85 57
98 61 89
42 78 51
54 77 75
0 26 93
12 92 81
14 80 79
26 75 63
61 79 45
29 42 61
72 79 49
91 81 98
56 95 33
83 52 72
37 1 66
99 31 34
30 0 61
14 11 42
72 54 37
66 57 32
16 34 17
84 43 66
46 26 73
27 90 48
26 41 28
16 69 99
82 78 46
95 2 40
56 15 52
79 14 66
73 47 100
3 54 27
84 13 74
93 6 81
75 29 81
62 75 70
51 95 42
3 65 69
78 9 53
92 64 21
1 84 59
83 50 94
68 38 52
5 13 92
9 15 13
62 33 9
57 89 61
82 29 72
78 72 51
31 83 46
87 66 11
18 91 57
57 31 25
96 46 3
86 18 38
31 17 95
23 51 94
97 87 69
34 71 73
87 73 65
22 13 84
28 5 9
96 7 86
74 42 88
8 4 57
63 52 19
92 77 78
96 83 10
56 55 67
10 97 45
26 20 73
81 55 24
46 45 95
61 44 89
99 33 59
7 46 36
98 34 70
6 32 46
32 88 96
62 53 87
25 37 45
26 87 73
62 17 73
50 71 70
91 36 62
84 46 1
16 40 15
2 68 12
6 44 70
47 51 13
52 94 93
14 6 68
49 81 51
18 38 37
64 70 60
22 45 80
74 17 88
22 35 86
81 25 77
33 76 76
34 92 27
44 2 2
24 7 99
84 90 78
91 53 96
48 26 57
30 20 12
64 61 63
92 9 99
33 88 100
30 11 1
11 22 60
8 46 100
86 28 16
86 12 12
82 62 52
89 72 57
84 52 100
69 59 29
87 40 70
33 24 96
17 32 62
31 66 1
22 54 91
61 4 70
21 31 29
94 14 18
63 19 38
61 9 15
21 17 33
40 21 30
28 17 59
80 17 10
47 78 42
73 66 60
73 90 32
4 90 92
11 35 34
78 11 42
1 12 12
73 21 35
62 77 35
13 72 82
70 58 57
36 3 52
79 45 24
74 49 20
53 71 48
98 18 35
15 74 95
23 97 21
70 78 23
43 47 64
15 64 17
70 55 11
88 69 55
8 91 67
39 43 94
64 94 20
82 75 72
82 21 69
82 52 31
12 36 50
50 32 19
31 19 82
18 92 46
26 7 61
46 74 15
99 53 99
71 97 18
13 49 45
69 74 8
44 43 60
8 98 69
11 98 71
95 50 52
94 14 43
9 96 75
66 1 82
13 87 8
17 55 28
28 91 91
69 12 55
40 56 59
94 7 17
87 68 29
67 56 69
57 9 10
73 12 79
43 32 47
69 29 100
95 94 13
97 41 35
60 86 1
7 83 65
42 91 65
86 5 15
56 82 1
80 39 27
56 81 99
60 39 60
27 18 96
26 77 97
17 40 89
37 76 49
81 70 28
61 74 56
24 80 9
40 15 83
22 64 50
60 94 45
52 66 83
78 25 28
67 66 92
83 12 16
97 66 67
11 42 82
25 4 92
28 98 20
29 19 60
86 61 4
97 62 27
92 37 53
87 24 16
14 2 28
79 91 30
19 85 32
39 16 25
96 75 37
44 29 43
64 82 98
43 18 93
69 88 24
18 36 36
71 15 41
15 85 39
5 69 38
22 18 100
80 60 17
56 62 53
67 31 24
62 28 11
88 64 30
55 11 63
93 34 47
93 51 5
92 4 39
5 53 6
48 54 80
1 51 87
7 76 74
91 50 65
12 24 20
44 66 43
38 76 100
8 61 89
57 28 89
83 66 90
54 55 74
62 8 15
62 37 47
75 36 67
33 39 65
27 13 61
20 1 91
21 3 62
46 60 62
21 45 6
8 81 67
42 13 3
48 32 77
13 45 82
62 37 19
57 17 1
42 0 96
37 54 22
37 69 36
9 27 24
28 54 18
24 99 21
28 71 70
39 54 55
62 11 22
83 75 93
67 15 65
32 99 35
18 44 61
68 98 5
59 30 25
23 16 25
26 20 99
91 33 19
76 44 19
87 83 46
88 32 58
84 97 34
52 58 100
5 85 74
13 31 94
43 2 97
74 7 100
90 3 91
64 62 98
66 73 56
9 26 88
70 43 100
71 77 83
51 24 1
43 2 33
56 57 10
68 65 67
3 61 75
27 66 89
46 49 23
3 66 93
39 6 35
82 44 85
82 17 66
49 11 84
61 49 7
39 33 41
73 49 27
18 92 83
50 79 53
89 86 32
36 98 84
44 12 63
83 72 20
86 99 64
84 16 1
98 9 20
90 93 46
54 61 53
20 8 36
44 26 82
16 38 46
73 82 34
79 42 49
41 12 24
93 36 36
27 21 53
1 77 78
16 44 79
25 88 4
38 11 29
68 12 19
40 49 25
97 18 9
47 46 62
37 97 49
62 74 49
69 75 52
53 45 9
15 88 41
69 32 83
66 13 76
63 61 14
80 34 36
50 74 25
55 33 75
72 15 90
63 34 65
99 49 24
62 85 39
33 51 14
51 41 84
65 95 18
41 89 72
5 81 59
33 89 98
24 9 72
35 91 18
62 11 10
44 41 16
1 81 22
86 28 32
30 56 89
43 50 88
45 56 59
23 40 25
22 25 38
86 99 11
25 10 76
76 86 11
65 67 60
71 96 26
47 81 9
4 69 33
80 14 43
70 73 77
34 12 13
39 64 4
57 82 62
95 10 9
26 31 96
53 83 36
98 76 2
24 55 88
41 59 89
66 97 31
82 45 71
80 39 34
40 92 54
42 49 55
33 79 89
78 26 59
30 69 26
56 80 55
44 89 78
6 99 14
96 41 47
3 73 15
42 87 61
41 45 57
54 71 42
83 41 35
89 99 57
72 1 59
39 91 12
68 21 8
28 91 68
96 10 17
54 58 2
62 90 68
65 61 78
88 89 77
27 64 55
48 56 3
7 6 57
78 29 69
88 32 61
61 54 67
9 50 76
68 80 5
60 80 62
88 30 92
2 19 32
67 0 21
27 69 40
40 33 69
33 36 24
63 67 10
72 3 52
42 36 32
38 3 89
19 42 28
72 78 57
83 66 77
43 80 65
7 17 81
0 40 44
14 18 55
5 13 84
20 80 84
22 85 61
1 88 91
78 32 37
55 11 85
74 78 9
92 40 42
12 22 28
78 12 64
60 70 7
40 54 17
21 10 54
37 34 5
74 93 45
87 77 32
86 66 58
69 93 36
42 99 67
3 13 100
43 18 86
47 29 11
81 0 70
87 28 63
48 27 17
68 93 6
24 38 88
1 5 71
93 22 88
53 1 34
93 55 49
53 82 35
19 20 5
39 92 82
43 82 6
67 24 62
31 98 53
56 60 62
96 52 98
81 42 84
54 10 22
92 79 97
87 0 33
44 87 74
3 81 52
75 46 55
17 57 74
22 50 70
13 51 65
8 23 72
24 64 37
45 12 14
33 77 96
76 32 73
86 99 78
7 84 79
35 53 15
6 99 45
69 93 57
10 75 30
90 33 57
6 9 55
21 59 50
10 86 30
46 59 75
4 86 59
13 51 9
41 37 4
98 45 19
31 7 66
63 51 7
67 43 81
7 49 75
92 11 69
98 91 29
73 45 91
75 43 99
81 57 50
45 92 73
77 73 24
78 46 72
95 44 33
9 95 60
38 99 8
86 96 38
56 50 81
17 42 19
81 43 26
53 82 64
76 55 62
22 44 18
91 57 7
45 56 27
8 6 38
1 38 66
34 73 83
38 47 58
53 6 85
70 65 26
39 29 16
43 18 26
14 32 50
79 2 83
27 8 13
36 78 70
79 1 89
9 36 78
18 51 56
36 47 63
5 13 47
84 15 80
13 75 10
72 58 76
60 46 33
17 73 29
95 48 55
49 97 55
72 24 10
70 37 21
51 53 18
10 62 36
11 33 87
69 92 75
1 85 47
98 95 27
36 22 72
13 0 91
54 88 61
2 45 60
37 77 60
86 44 80
39 31 12
74 16 90
92 17 39
28 70 75
65 11 42
62 22 1
88 60 100
56 74 31
0 9 94
56 40 25
4 19 18
55 63 58
7 84 38
41 44 49
99 29 15
96 48 77
4 86 7
46 43 1
10 70 36
73 93 77
61 72 24
20 36 49
40 87 18
30 18 83
73 38 59
20 97 50
12 57 54
86 90 42
14 96 87
22 39 30
7 75 68
63 70 34
4 96 90
60 15 91
73 20 69
9 86 96
3 13 96
36 73 14
49 56 42
98 60 69
26 80 62
38 45 84
8 35 70
54 35 69
39 42 73
44 1 18
75 97 44
42 99 6
60 42 63
5 75 70
13 73 75
91 75 89
12 69 8
84 11 64
68 50 22
29 4 25
76 83 86
67 74 67
88 31 51
81 9 34
85 77 66
38 77 74
55 43 81
69 73 95
22 86 39
42 16 11
93 22 82
87 21 45
91 75 5
37 67 28
27 87 80
81 72 55
89 67 16
48 56 32
75 51 63
68 16 71
57 31 19
29 80 36
82 45 24
71 97 33
68 83 40
61 80 32
9 57 81
96 30 68
29 82 69
17 76 64
11 4 93
6 29 58
93 78 45
74 13 32
96 1 84
50 21 41
13 49 82
47 28 89
24 95 15
48 86 64
86 42 79
57 71 18
92 70 57
81 99 8
50 15 30
81 97 20
93 68 70
88 24 33
39 12 47
5 51 81
31 25 42
14 61 77
13 74 57
88 93 35
32 11 35
8 4 32
94 66 41
16 88 65
58 13 36
83 23 77
25 93 53
20 29 83
84 38 49
34 72 61
97 4 59
51 40 72
77 7 16
28 53 86
80 9 20
40 23 34
15 33 9
9 17 15
83 7 21
59 64 98
10 44 87
40 33 63
64 23 32
77 42 17
64 30 91
67 26 36
46 95 79
68 35 7
50 13 58
16 68 71
26 95 9
62 1 86
46 69 40
27 91 42
56 63 91
48 28 39
68 61 55
13 85 53
71 33 35
88 60 2
8 28 39
68 79 6
54 40 21
76 49 64
17 27 71
4 26 76
34 33 55
6 2 72
62 95 19
86 83 94
87 48 98
91 31 56
77 53 81
47 82 30
6 52 61
54 92 97
43 40 72
13 94 43
98 64 63
16 49 19
18 42 62
73 4 90
22 63 24
15 41 89
49 23 95
26 3 78
13 52 56
92 76 48
89 97 50
24 22 43
42 57 89
48 18 75
77 4 81
97 30 81
93 18 21
81 57 68
24 6 36
12 17 40
80 4 46
92 25 96
8 89 67
32 68 80
91 22 36
32 35 90
7 16 53
96 36 6
42 98 10
56 20 70
29 58 33
50 85 44
76 51 31
2 65 81
44 62 98
2 78 88
98 61 64
66 61 26
42 76 73
68 62 39
47 31 93
2 59 72
85 93 59
6 53 6
52 24 35
58 27 89
79 22 26
99 36 34
10 37 84
87 69 64
65 69 18
82 91 13
85 31 98
26 92 99
52 5 84
40 1 79
9 20 78
11 94 39
16 46 2
86 82 91
51 72 77
91 24 54
78 54 38
10 29 24
5 36 29
0 90 1
36 67 52
3 89 84
23 43 86
63 69 3
0 45 64
8 70 32
66 29 33
33 28 1
57 87 54
19 13 5
72 56 82
48 6 74
78 54 42
60 21 28
6 97 81
40 53 91
46 2 36
46 25 94
58 97 22
42 81 77
50 34 59
8 71 98
93 14 46
16 64 84
74 11 78
77 79 67
53 62 63
39 25 8
18 77 20
14 93 46
12 67 65
34 53 42
13 35 57
73 13 17
39 74 39
33 73 13
52 97 91
20 29 28
82 65 20
95 38 15
61 59 79
55 30 89
46 26 62
41 68 60
95 68 17
27 12 82
82 94 77
39 89 13
38 49 74
60 79 75
20 37 70
53 27 54
76 56 77
14 2 5
60 84 4
51 17 6
55 58 94
89 63 59
22 15 4
81 47 25
3 21 90
43 41 11
76 81 65
42 61 60
88 75 61
35 76 53
3 84 70
32 45 52
64 60 6
31 15 25
43 40 95
98 89 29
82 6 33
34 71 63
42 33 59
6 8 26
30 45 95
29 33 41
82 20 20
15 70 47
86 9 22
24 97 64
8 40 3
54 15 46
12 60 88
54 26 11
77 21 95
8 49 59
10 85 53
70 57 30
36 31 97
4 81 67
7 61 22
88 22 66
2 85 25
48 16 32
15 90 67
76 84 79
93 13 27
55 4 100
18 91 97
86 17 91
88 67 54
65 37 64
54 72 72
4 82 90
73 61 62
51 3 23
19 95 31
81 88 84
21 51 38
61 94 32
61 35 2
18 50 10
56 13 52
86 60 69
12 96 26
31 72 65
69 46 8
87 56 62
48 68 72
15 62 88
94 6 41
94 12 10
39 50 75
10 51 37
21 93 59
34 17 38
96 26 83
78 42 39
55 76 3
39 38 52
67 32 24
88 58 100
77 27 37
3 78 81
73 16 25
9 73 46
7 85 32
16 11 58
96 6 92
77 91 4
11 93 43
34 40 12
42 5 91
31 74 47
21 40 86
35 41 69
22 28 82
43 66 48
60 46 82
26 19 68
9 77 67
70 56 100
25 71 77
59 19 12
58 24 61
24 37 99
76 0 82
64 11 99
76 58 60
89 53 48
85 39 61
85 97 27
13 78 42
70 61 44
57 66 28
9 1 10
20 7 13
1 98 84
2 66 13
24 21 90
11 5 89
53 16 26
27 41 52
7 40 33
4 6 49
8 0 30
90 13 19
64 90 59
33 62 26
91 35 53
97 83 34
56 3 42
74 7 79
1 52 14
32 53 62
47 35 7
43 95 39
58 52 89
33 31 27
17 40 78
15 35 69
95 97 52
28 19 18
62 64 34
41 13 67
13 4 19
19 72 47
84 17 15
22 7 48
22 33 40
59 97 88
27 22 60
8 43 68
79 49 12
53 99 11
79 83 53
98 35 72
25 94 77
3 27 31
38 25 65
1 57 51
73 28 88
26 10 83
0 42 83
75 77 79
51 55 76
10 71 80
91 28 47
51 39 26
16 63 53
42 3 73
63 17 71
17 23 10
26 20 91
75 42 80
44 59 75
96 80 84
52 54 74
70 38 30
96 1 41
54 77 45
47 24 34
61 44 72
36 95 80
48 88 77
32 16 65
23 19 2
79 74 53
3 33 34
14 20 58
13 73 82
25 72 100
86 87 85
84 81 74
59 66 23
15 87 1
54 70 45
35 50 37
3 56 56
56 72 18
28 8 85
58 28 66
45 28 96
88 24 89
47 14 31
23 20 56
27 62 74
60 63 87
35 31 19
70 49 89
0 41 59
54 83 58
76 68 10
77 18 65
74 26 68
96 25 42
44 48 88
10 65 48
7 79 29
88 11 34
76 12 47
71 78 28
47 7 83
49 95 14
59 40 9
45 13 89
80 81 39
66 21 22
78 70 75
16 22 29
40 4 82
53 96 82
30 44 41
51 76 45
25 91 100
29 95 2
55 51 54
23 64 51
1 77 54
33 89 5
14 37 96
73 85 24
61 69 5
31 9 72
77 68 61
35 76 54
76 69 35
21 72 38
95 22 65
42 53 56
17 44 37
77 70 70
63 58 55
57 82 87
3 69 14
88 20 65
98 65 98
52 41 29
33 39 41
28 32 67
53 80 78
96 80 80
87 39 66
39 15 34
64 19 46
80 61 77
64 52 39
76 18 92
92 14 97
92 67 31
84 65 52
74 49 51
32 28 57
25 76 72
9 95 98
48 36 88
70 36 59
96 63 81
27 50 62
29 78 66
91 3 39
60 12 83
45 33 83
31 2 27
9 42 29
13 77 90
93 69 85
89 25 21
24 88 46
2 62 3
87 35 77
69 9 7
13 41 46
50 47 11
52 37 43
9 80 70
52 10 83
30 17 92
14 99 78
78 43 58
4 68 72
6 51 11
25 48 43
34 92 6
34 4 1
50 96 97
77 92 96
75 79 64
19 41 23
91 3 49
5 57 19
8 86 39
50 89 64
72 78 99
96 77 28
20 46 23
86 14 28
38 48 25
23 3 23
35 3 35
12 0 41
78 70 3
96 59 32
85 90 98
98 41 85
16 2 73
26 24 82
64 17 31
45 65 71
58 92 40
54 8 31
17 43 35
85 84 74
80 93 13
62 63 83
90 99 13
7 75 74
20 29 2
21 57 54
10 25 25
87 22 40
15 76 64
7 79 60
33 24 35
76 72 17
78 13 46
35 38 24
33 66 28
77 37 27
31 12 68
27 46 24
22 90 2
14 65 24
44 35 88
79 41 9
3 83 44
52 3 27
82 88 62
14 95 39
2 35 77
78 40 61
43 62 80
43 76 97
93 43 6
62 98 25
85 8 41
45 7 64
73 27 41
77 76 27
28 93 62
28 60 67
37 39 99
88 5 2
34 6 29
15 67 48
73 1 53
38 74 74
5 18 74
39 46 57
9 16 51
29 21 71
80 11 78
63 43 31
10 87 58
88 93 54
19 98 93
59 55 52
97 57 80
0 32 97
78 14 25
15 65 56
81 43 57
84 25 42
11 9 37
65 3 16
19 27 47
34 33 9
14 18 88
53 12 84
31 88 60
37 41 94
90 62 56
71 13 77
79 71 92
93 46 55
15 85 19
96 0 40
68 74 48
17 30 39
99 46 56
32 59 6
97 65 29
28 98 14
71 15 62
22 75 44
75 21 41
20 9 61
95 3 36
13 50 73
3 79 29
24 58 36
42 99 81
38 33 44
16 90 65
73 49 95
15 51 69
16 94 87
4 18 100
54 0 43
31 93 86
59 32 12
70 44 97
8 61 29
86 15 93
38 94 59
61 40 12
82 40 57
81 86 100
76 34 93
53 55 55
56 80 68
22 78 73
54 61 84
0 98 35
59 79 35
11 95 38
40 0 55
9 83 38
25 31 9
53 48 68
82 55 49
28 55 80
64 12 4
81 56 34
61 78 38
93 56 82
79 35 78
90 4 10
62 46 71
23 79 92
4 73 26
14 61 51
63 94 52
1 75 25
64 49 1
18 19 14
10 38 59
9 16 73
56 73 51
44 18 24
52 61 15
49 46 40
84 21 51
88 5 46
44 82 39
26 32 42
87 41 88
56 21 39
76 58 98
9 62 96
27 79 5
86 16 86
92 34 69
45 21 1
83 30 32
80 43 11
65 20 88
99 43 98
56 14 47
9 21 65
66 64 9
0 23 69
80 58 56
7 74 83
23 87 62
9 33 13
34 25 32
38 40 13
27 3 74
42 90 34
7 28 67
61 38 82
88 31 84
92 32 55
85 61 35
84 87 42
61 55 28
42 5 32
99 28 98
84 2 46
48 57 27
19 11 76
36 79 9
76 49 64
9 11 78
45 15 9
89 76 80
33 75 50
84 33 99
46 63 67
91 87 76
58 52 70
39 86 92
76 43 91
38 98 17
58 83 7
17 47 80
84 79 80
93 90 20
41 30 61
59 92 44
48 92 28
15 80 17
67 34 95
4 26 79
75 72 4
18 73 91
88 97 7
57 79 79
73 60 15
86 92 36
57 42 10
50 17 29
31 93 13
45 72 73
24 21 1
77 67 60
41 55 52
95 82 38
38 41 76
20 45 89
55 90 76
77 5 11
75 67 62
62 98 82
27 39 28
47 97 100
32 21 87
19 5 85
36 88 70
47 59 99
97 83 49
65 13 56
72 12 27
0 67 80
86 77 62
76 19 8
88 26 24
0 57 12
26 50 20
37 78 28
78 60 25
18 37 83
67 97 76
31 89 88
88 36 99
26 48 29
14 3 44
95 28 62
20 67 58
87 0 84
63 77 3
87 6 48
96 42 38
90 17 29
61 68 43
57 32 16
80 83 62
5 71 25
8 27 74
58 95 17
43 4 87
50 85 83
72 0 15
26 67 75
94 99 91
87 91 40
54 52 28
64 10 60
52 71 42
31 20 2
83 94 1
60 9 74
43 34 22
55 7 38
76 18 19
68 75 92
36 9 31
66 67 37
93 75 59
91 61 73
15 52 46
23 6 34
58 66 12
2 42 67
7 42 38
94 6 41
10 21 32
38 0 40
14 1 71
80 76 43
10 60 11
3 12 8
96 7 91
28 97 28
70 1 57
44 8 14
69 6 83
50 89 61
75 88 9
51 84 93
50 6 47
26 89 43
9 53 31
23 60 37
91 51 100
90 92 91
74 35 16
17 89 68
7 63 83
57 80 75
93 4 30
83 11 38
26 73 58
40 82 42
25 2 38
78 1 91
76 24 85
25 6 21
1 95 2
6 29 19
94 59 6
17 2 4
58 6 61
26 78 43
88 15 57
7 97 50
88 0 91
2 84 39
26 3 80
47 64 44
41 87 16
18 0 75
72 84 71
0 65 98
3 57 9
68 74 11
37 84 33
90 88 6
41 74 22
43 27 84
87 85 90
44 15 90
5 88 60
4 95 20
77 83 48
43 2 84
70 83 42
14 40 67
81 63 65
93 37 89
61 2 14
72 46 79
14 35 59
48 31 11
70 16 94
55 40 7
15 14 57
82 15 93
26 61 94
73 71 81
66 73 82
78 24 60
15 80 36
22 10 65
32 21 63
6 9 35
76 94 74
48 9 77
73 97 85
31 45 88
78 62 20
95 65 13
52 16 84
99 74 65
72 42 32
8 37 82
96 85 27
57 44 29
15 50 21
88 23 66
8 31 68
45 63 65
35 54 75
81 29 89
65 82 43
67 99 98
76 32 26
25 41 18
77 87 48
30 24 20
8 36 18
80 73 89
36 14 55
61 96 97
42 60 59
88 94 29
40 27 40
86 81 72
26 88 66
63 67 71
1 81 66
38 30 76
85 15 9
77 10 42
3 36 43
9 41 80
40 88 43
18 62 60
69 35 70
77 48 91
11 69 100
86 61 41
50 94 12
59 73 88
26 42 55
39 25 97
75 83 68
38 29 67
8 75 74
13 6 11
53 47 30
0 86 3
60 95 26
17 59 45
45 89 99
24 74 20
18 4 57
8 83 35
6 28 91
65 32 89
6 34 9
83 87 64
38 0 15
89 4 71
80 73 23
55 74 96
26 27 31
33 87 78
8 64 57
50 12 75
36 70 73
37 73 49
25 29 12
30 96 28
23 71 40
14 77 78
54 11 87
91 36 62
50 11 84
20 31 35
53 33 81
29 79 85
61 64 37
6 84 19
52 74 41
36 44 57
82 90 87
64 51 69
81 41 37
2 46 55
48 8 75
47 99 42
13 69 5
67 84 28
91 61 85
80 25 44
2 94 18
23 95 11
68 89 74
64 52 23
63 66 92
74 14 44
19 88 3
65 37 92
73 4 96
34 15 48
66 70 99
49 6 97
32 25 86
62 11 100
84 2 90
96 66 91
2 58 79
84 40 57
36 62 83
20 39 56
76 1 31
60 19 66
93 5 30
89 31 97
0 93 19
16 24 37
59 47 19
15 65 79
76 66 74
35 52 88
24 94 23
56 73 42
30 85 38
37 66 64
57 81 21
40 88 3
64 10 7
6 70 44
84 46 76
99 73 52
55 70 48
4 18 39
76 14 88
66 8 35
39 89 5
99 86 85
20 81 78
2 94 67
61 90 28
32 36 57
52 76 51
5 94 54
25 17 35
22 34 4
97 34 1
36 11 31
23 74 16
24 88 69
7 87 33
30 82 84
63 3 70
68 74 12
26 8 41
72 36 78
22 5 20
58 34 61
59 48 16
37 61 50
88 56 79
17 30 11
97 9 69
45 4 20
78 13 72
79 18 23
21 43 28
39 99 30
79 70 36
63 37 59
46 30 41
75 86 2
28 88 17
8 39 35
38 83 40
54 65 69
83 17 2
77 19 15
29 33 10
52 67 88
2 61 99
36 82 4
80 45 99
16 99 70
80 19 79
70 57 48
99 31 56
48 57 83
0 21 71
60 27 52
36 62 43
81 20 20
2 93 24
84 31 21
37 19 21
6 20 36
15 55 4
86 18 100
36 70 72
93 28 100
17 20 58
22 96 60
70 50 19
49 23 84
85 5 65
56 54 58
53 26 36
31 52 37
88 74 80
42 59 98
72 42 48
1 35 35
1 78 8
91 47 13
1 40 66
29 10 99
89 74 81
32 58 96
1 84 99
32 1 54
53 98 18
68 54 1
93 94 78
90 2 65
10 64 65
50 78 1
4 34 28
43 46 81
35 21 45
87 70 28
10 71 42
27 61 68
96 87 20
7 3 25
72 18 75
46 85 42
26 9 71
3 8 71
34 50 29
20 95 74
2 19 61
62 93 84
89 15 81
54 67 21
84 10 37
35 95 92
26 73 86
13 7 31
13 5 80
18 6 8
49 97 26
35 61 94
12 90 64
6 17 66
61 48 78
86 84 58
25 90 48
97 11 52
84 90 95
26 18 85
43 48 54
51 36 76
93 82 76
84 4 46
4 41 75
78 36 70
64 76 7
27 67 21
4 56 28
93 35 22
7 39 57
26 3 2
39 70 45
13 98 72
70 32 97
13 92 56
60 7 90
8 72 66
95 71 20
14 8 35
19 27 35
79 65 18
64 97 55
20 55 42
94 48 88
24 68 86
34 62 31
8 35 51
21 53 94
29 17 1
39 53 94
11 20 40
57 89 84
17 13 43
69 38 32
72 28 8
70 62 73
96 10 12
1 8 12
6 32 44
1 98 4
10 43 98
28 72 54
86 98 100
12 87 43
58 60 2
25 43 50
19 63 6
71 46 98
84 89 45
97 68 40
13 85 81
58 54 83
88 99 32
49 59 41
10 74 95
96 13 8
25 29 42
69 89 21
41 29 36
56 81 75
38 33 2
83 96 55
2 8 23
10 27 88
87 64 15
81 36 26
30 7 82
71 81 76
29 60 35
11 71 35
44 95 27
34 63 91
6 55 30
7 73 54
54 55 47
28 37 62
23 7 67
83 55 10
28 48 19
32 8 8
66 84 5
43 16 64
7 68 45
99 22 100
58 22 49
22 77 44
3 39 15
8 6 48
46 52 37
39 45 99
18 83 36
81 66 13
21 20 5
48 33 83
93 11 41
23 32 98
12 13 86
67 34 36
49 0 71
15 84 90
10 27 42
29 18 83
36 92 82
82 27 23
77 31 80
20 17 46
75 82 85
67 61 73
90 95 74
92 35 32
92 74 5
19 9 25
90 77 33
19 15 20
52 30 89
74 91 11
97 60 26
47 95 33
5 35 8
66 88 50
9 11 73
10 72 91
30 88 78
53 86 99
51 75 4
40 46 33
5 32 58
36 70 92
78 0 54
8 60 51
15 6 17
96 77 5
13 88 73
81 30 12
56 89 64
76 51 30
79 60 34
47 8 6
97 14 15
96 11 47
30 80 27
55 16 22
26 61 68
37 26 88
29 34 77
0 40 94
61 60 16
7 16 4
91 67 61
85 49 12
57 6 82
28 33 89
17 54 93
72 0 38
18 50 91
59 9 35
52 98 42
44 46 77
1 95 51
66 97 23
16 10 100
55 24 24
71 18 24
4 9 83
93 44 2
75 33 66
31 96 56
62 35 80
80 59 93
32 28 38
25 67 57
52 3 68
23 75 6
31 62 67
39 67 62
85 30 98
30 88 96
2 44 55
79 89 34
65 78 66
21 46 8
15 87 83
75 15 4
60 83 90
2 20 58
6 17 67
28 72 54
81 48 88
92 79 37
0 89 34
54 20 43
87 61 47
43 75 99
50 68 17
25 95 88
71 4 61
52 21 39
68 38 76
38 88 40
3 11 94
25 68 89
55 11 63
49 8 32
15 92 39
21 74 99
97 30 39
59 33 81
39 49 34
21 58 90
4 7 52
88 61 100
29 12 67
59 41 89
13 78 36
22 12 92
29 88 96
5 2 11
60 37 1
25 71 31
91 34 5
87 63 32
99 40 49
95 74 84
37 10 19
50 10 16
3 13 44
37 98 62
82 69 15
4 21 63
47 45 39
48 28 86
19 35 8
60 74 81
47 38 83
30 65 90
37 43 42
19 18 99
0 34 28
73 35 21
64 11 80
23 45 16
71 85 4
77 81 45
15 23 62
33 88 22
40 93 68
70 91 20
16 2 64
65 96 74
46 30 70
33 77 35
35 60 96
40 15 58
49 46 54
33 55 32
27 51 3
13 8 38
20 2 52
35 94 45
93 77 77
70 42 49
24 15 90
18 13 67
10 7 8
71 62 26
50 89 56
12 51 74
5 87 63
91 72 20
17 28 88
17 77 92
2 24 37
38 93 42
28 62 63
87 56 73
98 55 94
98 31 21
63 76 62
72 2 41
15 79 1
14 93 19
44 66 6
25 74 41
91 78 67
0 41 33
11 7 73
83 97 36
5 10 15
32 9 90
7 97 5
3 99 17
4 3 35
26 62 83
88 11 26
23 80 79
13 55 96
42 12 23
46 87 80
8 21 13
64 9 83
23 71 63
10 52 92
92 31 4
99 32 13
12 10 31
49 81 61
52 98 88
79 99 76
3 51 21
11 84 23
36 27 10
68 70 75
44 2 39
58 35 95
27 72 53
79 19 91
35 67 92
44 0 29
66 94 23
75 31 28
12 60 55
45 96 95
13 46 19
2 12 9
19 64 4
26 9 3
20 11 49
82 27 56
55 43 21
84 13 61
4 7 57
1 0 38
16 35 41
18 72 59
10 93 6
85 35 10
1 11 36
95 91 90
38 56 43
41 3 57
12 90 37
87 72 63
89 31 17
49 74 11
32 43 81
68 65 98
92 30 43
17 27 64
37 20 39
88 83 6
1 64 43
9 28 74
60 94 46
22 56 71
17 6 50
0 11 95
7 64 87
11 74 33
12 11 66
51 24 51
4 68 51
88 11 98
50 74 21
61 53 44
93 4 44
62 14 98
30 6 66
42 49 14
63 16 8
98 40 63
23 98 61
65 16 27
33 70 23
71 56 73
8 30 44
52 21 68
77 47 82
62 38 76
81 9 60
46 7 30
2 73 54
48 90 90
33 44 6
92 98 92
84 86 87
34 73 31
47 59 18
93 61 28
4 87 70
86 16 67
36 12 23
91 16 49
36 19 37
47 45 31
4 94 41
32 63 33
72 34 33
56 37 77
69 12 84
1 10 89
84 75 64
10 44 39
9 39 38
31 46 3
49 34 86
4 44 90
0 8 52
92 10 46
51 27 22
59 16 68
84 15 59
25 35 45
57 32 17
59 33 15
62 78 41
18 57 46
52 97 85
57 79 89
7 78 31
22 41 30
2 51 48
92 45 26
12 62 33
62 68 47
68 43 61
99 67 61
75 73 34
25 83 65
87 78 17
76 74 75
58 81 55
43 55 90
43 46 83
11 26 57
46 3 67
67 88 9
49 34 86
77 73 54
66 29 17
29 49 90
67 26 20
21 56 22
43 76 92
80 78 61
3 90 76
18 82 2
19 34 28
49 57 17
1 71 56
83 85 4
85 27 58
95 24 67
91 82 81
75 21 57
7 33 75
48 40 32
74 33 5
93 96 54
60 66 55
65 28 60
87 54 98
89 40 13
18 47 17
98 90 49
80 2 2
93 52 31
28 10 90
52 31 25
13 58 51
15 50 84
97 41 34
27 73 96
48 10 12
74 22 10
52 18 83
28 41 46
80 36 39
40 27 54
36 60 27
96 58 72
58 48 14
68 0 80
21 97 50
8 54 41
22 3 49
90 92 6
20 11 23
33 4 69
0 72 37
22 55 90
58 27 25
71 21 25
28 65 32
51 90 77
80 39 5
4 14 49
86 31 41
88 27 95
61 24 3
22 46 58
35 32 78
3 4 95
11 72 48
28 33 27
97 59 20
9 67 82
24 48 18
15 78 45
61 21 22
20 87 67
68 8 36
8 58 21
59 43 60
96 84 52
68 74 49
49 93 7
38 43 31
86 1 12
65 14 23
93 20 75
54 73 83
43 53 9
35 68 11
68 13 10
7 46 56
3 15 14
85 52 92
1 2 15
99 85 72
39 32 69
68 63 76
10 97 18
35 46 88
85 8 9
69 43 41
1 78 82
55 32 49
63 52 9
23 64 19
96 25 95
29 88 39
67 59 34
17 42 76
8 78 30
45 39 75
45 34 53
69 12 28
88 94 1
15 45 15
40 11 2
54 32 55
86 59 59
73 70 51
92 15 69
8 22 63
98 25 88
59 10 77
17 68 45
10 74 50
93 65 11
33 27 17
56 87 90
78 40 34
62 59 5
92 50 43
30 42 69
73 83 86
68 35 19
49 0 50
14 86 80
89 31 49
74 96 84
52 27 4
78 96 97
73 84 51
76 82 64
57 41 52
94 50 99
99 32 60
25 39 5
58 70 40
73 93 35
53 13 14
78 14 75
65 12 32
16 33 57
94 0 45
45 59 64
52 80 67
44 1 31
83 23 10
53 82 18
95 76 86
65 66 92
47 53 54
39 62 52
93 19 38
89 79 26
85 35 69
81 86 85
15 27 63
47 7 86
50 63 47
18 73 92
10 74 95
16 19 4
46 18 51
73 39 42
85 20 29
37 78 55
54 37 43
48 84 18
92 93 100
99 71 56
16 56 48
10 28 70
43 83 24
64 35 87
40 30 51
86 97 23
98 47 87
36 61 83
76 17 56
19 89 99
18 28 40
64 79 14
4 18 79
8 80 15
18 57 74
75 10 37
75 1 53
76 82 72
69 16 100
54 14 62
13 50 79
91 30 79
52 29 62
93 59 89
30 4 42
20 0 9
54 17 64
0 32 53
59 24 66
11 85 13
83 53 18
4 87 76
68 47 97
99 37 33
71 6 21
77 50 26
7 61 91
37 17 48
38 93 40
25 65 82
85 17 9
88 59 26
58 0 19
50 52 64
48 37 70
6 95 34
91 0 2
78 21 9
28 99 95
69 8 53
90 84 77
86 19 46
6 47 83
83 20 100
60 44 67
30 0 68
69 73 52
2 6 16
83 5 28
47 85 58
15 71 100
94 90 94
99 22 85
27 46 91
88 64 4
46 17 38
97 59 17
36 28 39
71 4 34
92 56 20
60 58 21
37 95 91
18 38 82
99 2 43
20 83 15
48 16 80
64 2 89
4 84 62
4 61 69
81 34 25
70 0 29
87 58 16
22 29 54
82 24 23
47 62 87
95 64 77
55 6 87
74 66 47
82 25 36
36 82 43
79 94 97
67 51 14
40 57 39
22 68 22
72 29 10
28 86 45
76 24 61
11 34 33
13 28 37
35 65 54
87 66 32
38 27 9
86 26 65
0 75 32
22 47 5
62 26 48
51 28 7
52 66 15
14 4 48
16 94 23
46 90 29
81 46 40
70 84 78
56 53 76
27 58 82
27 82 49
76 63 10
63 31 28
59 55 94
95 3 48
27 78 98
18 13 33
4 6 19
77 52 67
82 19 25
43 73 48
16 39 6
89 60 72
90 91 34
99 10 74
30 44 53
10 99 22
2 38 3
47 66 68
34 36 54
79 37 56
3 70 52
71 52 73
69 54 77
62 52 61
35 56 43
77 72 65
68 11 8
31 95 6
38 52 69
30 73 68
86 78 16
15 66 29
9 93 92
12 69 50
10 56 20
87 14 7
92 42 52
93 28 57
63 5 73
23 50 41
94 64 85
12 24 36
95 87 60
39 59 79
52 44 34
66 94 80
95 17 64
29 18 46
62 84 28
75 41 53
40 71 17
70 66 5
18 71 29
58 36 4
3 84 82
27 94 31
12 62 3
31 50 62
71 37 80
0 21 87
60 98 58
57 83 100
68 54 55
9 6 20
83 28 82
66 97 87
21 4 86
55 0 76
56 47 48
8 4 8
44 59 20
43 74 69
67 29 92
36 80 71
17 73 81
98 93 44
64 69 7
52 21 28
45 59 99
89 50 99
94 30 94
37 34 14
92 75 13
48 14 53
51 34 26
68 91 11
49 80 78
4 12 40
48 45 68
20 35 68
51 75 56
16 78 83
54 85 89
94 42 32
77 59 81
0 53 37
71 59 92
81 33 24
40 16 95
50 88 71
28 3 92
79 88 22
33 76 71
71 41 18
25 6 37
16 74 7
14 46 91
65 46 58
15 29 35
50 55 30
95 24 26
0 98 52
62 34 2
59 79 40
49 57 46
58 32 73
6 59 65
60 19 38
86 37 13
12 90 76
63 62 65
67 13 7
96 21 100
10 3 33
1 9 19
60 74 51
64 95 76
14 19 85
74 38 49
48 83 51
20 38 39
70 48 96
0 56 34
11 13 66
57 51 56
93 13 25
20 22 49
60 46 10
15 45 92
57 11 32
53 69 60
48 64 69
53 23 68
92 60 17
98 0 59
88 86 48
29 60 68
3 24 46
38 58 52
11 2 50
19 90 70
35 32 80
17 93 91
96 98 97
75 64 65
27 58 7
53 35 10
92 23 10
89 99 85
51 36 71
23 3 73
9 84 94
59 49 39
88 96 6
76 73 1
60 82 25
90 98 61
92 84 85
45 50 43
49 39 99
74 71 24
86 11 20
94 59 69
65 53 31
49 43 63
35 99 31
71 50 38
67 8 5
31 49 36
28 96 6
16 40 41
24 28 83
23 81 98
49 10 52
31 93 45
34 91 79
18 96 58
74 43 87
37 81 31
57 50 84
53 23 16
73 72 80
31 92 21
58 88 4
63 83 53
8 65 63
92 26 16
12 47 87
4 67 31
52 1 3
55 38 56
17 79 86
16 11 73
67 27 8
85 53 2
57 53 33
76 30 85
7 55 89
96 46 34
5 24 59
83 79 37
45 29 50
48 64 58
20 15 29
15 68 5
94 4 74
88 79 83
55 44 46
14 51 3
32 37 47
74 53 46
23 46 74
28 63 84
49 67 3
17 10 85
65 90 93
70 36 16
25 42 9
7 96 37
1 8 36
36 55 62
26 99 50
62 45 7
61 52 31
61 21 37
85 31 6
11 37 26
88 44 90
81 30 15
87 36 40
46 20 68
19 81 98
77 6 7
82 94 33
18 66 38
73 69 15
30 44 79
43 91 8
65 75 6
45 76 5
35 79 12
61 77 13
4 66 24
91 68 28
45 43 42
56 13 84
97 24 56
96 72 89
42 72 49
68 80 2
66 85 75
83 1 51
34 27 78
24 96 26
86 40 53
56 59 10
70 86 47
32 94 56
52 61 23
12 95 92
46 1 69
55 6 67
35 45 47
31 38 62
85 19 99
14 32 13
93 14 16
74 61 66
13 70 72
42 61 6
40 32 2
29 79 75
44 9 70
98 73 80
44 94 26
78 16 1
55 54 98
10 95 52
51 66 33
8 75 78
24 97 69
31 3 10
43 72 54
15 95 26
93 85 85
75 79 9
99 61 21
27 37 34
82 95 69
58 24 97
3 90 93
6 47 10
17 56 78
37 45 26
75 54 85
94 87 6
23 46 51
48 99 41
49 40 61
24 80 85
26 53 92
90 7 84
61 0 10
94 29 26
15 9 86
3 55 64
39 54 66
63 19 60
16 78 46
99 35 29
9 67 63
33 36 98
86 42 88
88 48 25
31 33 73
74 14 88
85 43 35
55 33 29
24 50 47
80 59 82
79 50 63
38 66 69
72 29 9
97 19 79
64 57 86
11 72 19
28 7 42
55 16 82
49 61 97
98 32 27
17 1 29
89 51 97
43 57 23
1 44 83
4 89 50
82 42 97
97 56 92
35 7 48
2 79 75
79 69 82
77 10 72
90 83 6
91 80 52
52 22 86
49 74 67
57 22 73
19 48 67
41 99 83
82 35 88
29 43 23
28 41 76
86 32 97
87 40 33
25 41 83
19 99 12
99 37 76
13 74 90
62 73 19
81 49 82
92 64 37
39 3 28
98 57 61
69 27 87
61 36 80
2 7 55
67 66 5
36 75 69
76 43 44
34 85 57
24 17 71
62 14 91
13 72 56
20 55 17
75 38 58
60 49 59
36 94 30
48 4 32
9 34 21
80 33 36
50 55 65
41 97 98
71 24 69
46 69 54
85 29 66
60 72 71
34 45 73
14 45 89
94 25 27
21 17 88
17 95 63
41 36 50
11 77 92
89 87 74
95 53 52
12 55 54
20 78 34
79 34 10
34 72 73
98 30 100
69 43 76
30 43 49
28 86 43
68 49 25
41 68 3
19 78 53
58 40 45
11 70 85
95 78 8
99 31 38
17 57 10
45 94 92
50 14 77
64 54 33
70 76 43
33 18 24
67 62 40
87 40 44
38 68 59
58 93 66
91 0 32
52 19 76
84 80 29
91 64 64
6 20 15
34 54 19
63 61 22
0 1 60
64 48 69
11 68 100
60 35 4
49 28 31
74 71 23
61 23 94
44 15 27
24 52 70
21 9 79
81 64 5
34 66 28
23 47 86
56 7 80
68 69 42
97 33 76
60 59 92
44 34 73
12 27 58
25 58 88
40 21 80
69 42 4
76 47 97
33 38 31
18 71 46
36 84 30
79 81 44
49 82 84
24 33 11
80 34 26
12 27 28
38 99 21
80 16 93
74 54 2
99 91 87
35 86 64
34 91 55
77 58 50
89 32 74
50 9 14
39 52 61
79 16 33
13 55 41
64 7 43
51 60 47
82 73 77
30 36 63
53 12 30
28 30 97
82 69 35
13 47 82
37 1 42
45 7 50
45 61 5
65 25 82
44 16 81
98 6 3
21 69 16
67 96 50
14 52 4
50 0 87
78 90 57
68 98 40
35 95 84
48 67 41
32 89 68
9 76 83
41 29 36
11 87 86
59 50 67
17 46 7
85 21 61
13 99 89
42 58 17
59 27 21
42 51 4
94 60 86
74 91 81
67 2 33
78 96 22
94 29 59
46 90 91
60 43 36
28 30 75
78 79 6
49 65 46
64 94 7
15 13 48
7 76 58
74 48 74
87 75 30
93 12 42
78 12 37
91 13 100
42 92 79
23 89 76
31 24 80
9 43 65
3 62 67
92 99 96
42 83 2
28 91 16
42 81 71
93 9 68
28 22 4
32 15 92
11 59 12
34 97 73
46 19 57
96 30 39
60 65 16
75 0 49
25 38 46
67 13 40
20 99 93
79 45 37
37 53 5
69 95 48
74 62 4
44 85 89
49 99 94
60 43 24
19 92 11
79 80 76
84 73 88
64 35 79
77 3 5
8 98 73
98 5 14
13 14 37
92 78 27
14 86 53
38 7 70
63 54 47
88 57 96
19 88 94
3 25 28
49 36 90
82 32 42
26 70 36
62 37 99
75 41 58
37 28 16
49 4 83
82 59 73
33 90 90
21 55 68
82 86 30
72 42 69
2 86 16
31 66 25
13 60 20
67 97 54
54 31 76
27 84 98
53 77 48
73 68 93
5 3 74
75 77 62
77 13 70
8 51 38
72 8 52
20 68 60
9 60 9
98 23 55
57 51 41
87 35 44
70 99 68
92 3 66
3 51 74
15 22 28
95 58 91
98 88 89
84 25 3
2 43 93
83 85 35
56 90 58
40 97 54
40 78 66
16 56 53
74 45 21
0 20 44
54 28 94
50 31 36
62 52 13
72 25 23
12 18 94
33 27 97
71 36 2
