60 65 41
28 67 62
66 45 98
28 62 49
85 62 24
18 66 50
65 30 8
44 18 9
26 23 68
92 15 13
85 18 31
20 84 1
49 72 15
52 85 60
1 70 9
38 46 96
59 57 18
74 63 75
26 13 88
63 17 77
98 60 11
67 25 6
35 43 61
62 57 21
49 85 67
79 55 27
61 65 11
3 61 84
21 40 72
90 37 18
7 18 73
27 4 4
10 53 26
31 78 72
84 51 65
34 41 51
96 48 3
88 22 12
3 73 40
77 33 53
17 22 98
11 60 62
6 25 35
30 63 96
77 41 57
30 75 37
53 34 76
83 18 12
47 5 11
92 89 33
94 0 13
58 8 27
51 98 62
98 77 19
89 43 43
95 67 93
50 48 50
26 60 89
38 51 82
61 38 77
79 14 52
22 76 6
18 72 85
36 86 7
88 79 14
61 69 58
24 30 82
56 70 91
17 90 69
32 60 60
88 38 97
22 16 59
67 64 68
27 9 41
35 1 78
24 2 56
26 49 87
49 40 82
27 22 9
70 41 47
41 0 5
9 93 18
17 59 73
1 74 86
55 52 46
87 66 17
69 28 81
16 71 63
64 7 70
15 5 41
41 40 95
30 45 19
93 23 91
87 27 14
67 50 11
40 95 34
49 64 30
32 41 50
24 36 52
95 99 31
87 28 64
53 98 52
11 97 88
70 68 93
68 79 81
53 43 85
82 36 99
87 57 94
33 25 10
87 7 10
41 65 20
46 35 94
0 62 99
37 25 76
54 12 60
97 25 87
41 60 91
10 0 33
96 47 96
59 47 93
96 14 47
45 11 85
10 8 96
54 48 51
88 75 38
24 21 81
33 64 75
60 0 100
46 62 58
76 35 93
15 91 8
88 67 90
6 2 74
63 26 61
40 62 17
1 69 10
40 82 83
50 61 29
8 44 27
36 83 92
85 72 17
78 35 71
74 78 98
76 92 60
65 50 75
60 85 91
23 72 66
37 60 33
44 50 68
37 66 61
63 42 38
49 48 28
59 76 72
48 50 80
97 81 60
94 49 74
17 47 80
83 65 32
46 65 46
7 46 35
14 21 10
1 43 54
13 92 44
63 16 50
78 35 83
66 17 49
39 44 26
87 77 21
27 55 66
57 70 72
16 11 93
36 40 30
22 97 19
47 40 27
59 58 31
96 21 9
17 66 85
97 33 38
13 68 99
73 21 77
14 49 65
91 57 75
20 21 83
66 33 58
52 30 69
57 41 14
7 6 3
22 93 37
72 32 7
51 90 6
79 71 14
69 80 58
16 95 36
97 51 44
39 84 93
66 85 60
7 67 99
39 31 10
21 61 73
19 48 47
43 36 20
19 80 83
13 98 30
32 1 5
77 81 42
8 55 42
5 98 94
36 34 83
52 26 34
16 47 18
31 35 37
6 72 87
31 11 3
10 83 39
20 76 95
71 79 17
61 0 29
62 85 3
47 65 1
86 73 50
64 93 79
27 23 65
70 8 1
64 58 91
30 89 6
75 16 72
6 12 50
50 62 84
29 35 36
10 92 57
92 7 64
13 14 70
30 42 6
48 1 78
57 1 33
44 36 83
41 24 42
1 40 86
94 56 32
78 11 33
4 21 21
99 16 49
93 45 71
43 64 56
73 62 13
8 95 69
65 40 56
13 89 59
57 89 39
78 70 79
53 24 4
12 31 46
4 94 31
11 38 29
77 13 9
39 14 14
47 88 85
26 49 57
45 91 99
99 96 70
74 9 13
85 94 15
51 49 22
22 50 9
39 40 7
2 11 45
87 58 62
84 93 62
7 8 38
40 92 76
82 33 37
82 61 64
4 79 59
86 49 83
96 95 14
80 45 63
64 53 85
31 13 59
44 59 83
85 50 35
78 72 3
69 94 89
67 34 52
14 93 39
43 53 90
68 43 52
56 60 61
55 44 35
3 68 5
68 44 28
55 4 63
98 61 28
90 1 99
19 33 32
48 27 8
79 64 61
90 66 33
85 24 25
40 69 87
74 27 43
43 90 26
22 37 11
67 53 87
84 3 14
2 75 52
94 25 65
53 6 38
36 77 14
79 97 72
15 87 86
35 7 50
74 11 65
46 32 66
80 88 78
22 60 36
2 6 95
66 4 34
98 42 72
16 41 96
78 80 71
48 94 49
8 35 11
71 46 76
72 19 57
40 37 18
44 87 18
21 20 64
39 25 72
3 50 95
90 8 36
13 34 9
58 21 84
21 32 87
29 84 88
80 40 57
74 10 26
3 68 54
41 1 25
61 32 1
34 46 12
77 41 6
72 20 21
6 79 53
60 2 16
82 49 54
45 59 26
65 25 50
26 19 77
94 43 77
23 49 48
17 78 20
94 40 100
61 20 83
62 80 24
33 91 83
22 19 33
16 1 51
45 70 78
63 1 51
0 82 50
61 0 72
93 64 67
51 1 96
50 74 91
29 44 46
1 99 38
18 7 80
14 35 38
69 7 45
92 17 81
33 93 21
19 71 32
50 13 41
99 53 31
46 5 20
56 57 28
2 56 46
68 0 46
54 0 12
73 56 54
47 78 4
53 95 19
95 31 48
84 21 89
8 84 19
81 22 6
98 71 83
77 9 15
63 69 95
43 23 45
89 81 89
55 79 15
46 95 38
52 53 59
82 78 60
27 45 38
62 2 92
6 80 42
18 74 26
43 44 46
78 38 81
86 45 27
38 20 53
92 38 8
87 92 66
26 74 2
1 90 25
80 52 40
83 5 25
94 20 43
47 31 81
12 88 47
60 3 59
10 62 99
50 29 81
89 52 60
78 33 89
2 22 91
97 63 69
71 95 100
37 94 32
93 36 51
95 28 7
43 57 18
55 65 25
75 18 27
94 3 100
82 43 91
85 49 72
34 75 57
94 66 9
32 56 68
26 72 20
24 32 54
94 88 61
13 90 77
44 14 81
27 84 62
69 99 35
80 41 48
15 24 4
54 49 32
95 80 60
21 33 19
20 30 75
40 48 91
14 0 98
1 89 71
38 50 29
16 75 16
55 31 77
94 76 60
84 76 16
76 22 16
21 75 36
25 12 66
4 32 78
71 75 21
17 66 57
34 90 22
5 83 70
22 99 9
1 85 71
6 60 90
77 69 40
37 78 52
28 63 68
34 58 70
21 22 53
4 27 24
96 74 22
39 84 44
0 97 57
72 93 34
78 65 50
38 82 63
59 71 83
1 98 51
75 18 92
8 23 56
15 14 47
15 81 17
55 91 31
36 39 42
66 50 95
53 48 77
91 61 65
77 23 97
68 70 19
87 53 98
40 96 84
70 23 86
39 93 63
65 62 44
23 58 19
56 27 41
46 21 79
22 51 54
70 31 75
76 68 27
90 85 71
91 23 50
20 90 18
42 98 40
71 48 29
69 63 77
61 99 31
42 19 54
14 21 36
67 20 15
89 33 73
9 34 40
52 98 87
84 61 5
26 47 46
28 2 74
15 41 66
42 25 16
85 94 24
14 3 33
33 9 49
39 46 77
62 53 94
40 58 7
21 10 47
61 98 5
85 50 85
63 46 21
70 12 51
2 76 59
48 5 2
85 91 77
72 19 58
41 31 38
15 28 28
61 78 19
39 42 33
20 79 32
60 98 83
57 0 96
27 16 41
87 17 79
56 29 67
1 11 7
14 43 73
10 94 9
23 90 60
35 20 37
81 88 76
4 64 11
52 95 35
29 15 43
29 68 21
48 32 12
4 89 2
36 92 70
45 15 17
77 28 35
93 32 62
39 20 78
49 23 66
61 84 93
23 61 73
39 87 60
18 51 30
38 37 71
36 95 99
31 73 59
2 5 67
46 42 32
78 70 61
91 61 66
64 2 71
17 74 8
72 88 45
12 5 41
61 34 81
94 56 8
79 42 99
83 9 46
50 24 98
15 66 69
26 83 89
70 68 55
85 88 21
61 19 48
81 80 30
68 87 18
90 68 66
76 59 57
88 81 48
83 26 32
47 96 90
0 67 85
83 63 67
81 55 50
9 22 68
54 95 85
23 72 67
61 19 27
62 43 37
94 63 44
55 51 19
13 77 51
61 85 38
97 83 85
1 13 76
37 1 78
80 93 83
23 91 83
9 93 8
69 76 49
57 77 11
3 35 30
84 63 3
60 25 81
36 27 47
7 33 100
55 66 28
41 29 67
45 72 17
0 41 64
50 20 26
4 35 27
19 5 37
98 77 34
11 79 50
91 33 34
99 28 20
37 25 16
67 46 53
82 39 98
16 99 53
4 42 26
24 85 23
41 6 28
0 85 57
99 40 49
83 93 7
69 27 90
65 18 39
53 76 26
18 45 50
30 59 43
2 35 56
40 43 30
30 18 43
12 79 73
28 75 93
1 88 74
58 23 90
60 68 6
9 24 7
31 92 65
63 49 89
14 60 59
86 33 69
12 23 6
24 29 84
50 32 37
70 92 81
63 37 92
10 13 28
16 38 97
64 13 21
29 28 12
53 72 18
85 31 92
99 96 44
23 81 66
47 70 98
55 78 17
26 52 41
29 6 4
26 92 99
93 29 87
58 77 53
33 37 57
37 57 95
57 17 99
15 30 21
16 71 39
59 83 96
32 42 82
34 40 67
63 89 17
67 5 7
12 48 32
32 40 29
29 28 54
33 13 77
80 88 9
46 63 52
47 41 74
23 86 44
88 59 61
22 53 11
56 24 62
13 15 91
52 92 80
33 72 32
73 81 88
67 68 61
24 31 22
36 48 25
50 41 95
48 55 37
58 6 2
56 68 73
80 22 72
79 15 27
97 28 27
42 66 81
87 83 58
37 33 60
80 69 16
12 39 78
18 24 10
22 23 99
71 4 41
21 70 12
61 21 9
67 23 91
38 97 34
57 85 21
43 30 80
78 4 13
77 10 76
21 4 21
70 50 29
5 20 24
90 9 83
35 21 53
29 98 45
24 2 49
96 21 75
58 36 71
97 73 8
68 75 29
33 86 67
44 15 36
7 90 26
1 48 1
65 59 20
45 50 51
78 86 16
97 75 72
66 39 47
40 26 75
13 20 58
41 76 29
3 27 48
57 24 100
73 96 41
25 10 40
25 15 35
69 1 22
25 28 16
23 11 72
37 32 91
42 92 61
2 30 73
20 45 7
11 3 53
20 9 2
74 30 86
6 8 65
67 9 26
70 73 68
1 39 98
3 74 91
26 25 83
62 99 24
92 97 47
88 49 3
84 71 96
27 34 42
46 54 57
51 11 25
46 18 19
69 33 7
24 79 32
26 7 65
19 90 19
75 68 4
76 59 91
0 64 18
56 30 36
5 36 74
19 79 81
10 28 36
65 33 46
1 43 1
9 93 30
71 72 85
47 4 79
20 18 56
54 13 100
70 15 57
24 58 29
46 44 30
6 14 91
85 1 54
74 35 5
83 60 38
5 55 23
10 97 4
56 20 37
34 87 25
2 43 60
38 27 31
30 36 41
15 87 61
87 79 48
74 56 24
80 73 47
64 36 88
3 34 22
15 87 98
43 18 57
93 50 47
83 18 91
95 39 85
45 24 77
66 96 76
61 46 87
97 51 10
26 97 56
23 4 26
71 89 58
42 22 53
40 64 98
59 48 74
93 55 72
37 44 64
79 96 33
26 1 52
91 31 86
89 17 29
26 21 21
20 59 62
87 89 48
13 49 69
60 24 23
17 41 71
89 50 43
60 56 35
11 63 93
87 98 70
51 2 40
1 70 39
67 34 3
18 92 3
79 65 71
86 99 73
34 51 29
99 40 42
17 88 72
87 40 6
82 7 59
65 75 7
8 75 20
9 78 30
61 85 90
96 49 17
87 31 63
22 3 77
63 87 16
97 79 95
67 75 57
71 14 63
53 86 53
3 24 97
22 61 91
92 6 46
68 95 80
65 16 47
4 54 37
96 8 11
67 13 23
2 68 94
11 96 92
42 69 70
95 9 73
16 36 95
15 72 60
27 94 10
41 92 18
58 66 51
77 92 31
91 39 60
67 11 60
48 47 34
74 41 7
11 43 13
16 39 93
15 67 36
72 53 76
33 7 17
87 62 43
51 64 98
38 74 8
12 20 64
44 77 2
65 5 69
58 16 47
13 71 54
32 39 8
98 89 11
59 33 68
69 9 66
74 46 52
56 21 1
61 83 18
92 0 85
50 45 46
30 99 99
10 68 14
25 48 76
88 13 80
58 30 54
82 28 89
76 34 18
90 26 28
78 43 46
58 11 76
66 26 88
30 66 15
35 91 77
24 81 34
81 8 98
25 59 29
89 53 97
84 45 76
41 93 86
37 31 75
83 66 98
85 51 12
58 68 94
83 10 18
14 10 3
81 47 35
93 37 12
54 83 12
67 74 93
39 73 29
99 46 24
40 93 77
94 87 47
74 95 96
7 95 10
80 65 73
29 46 30
51 44 43
17 5 56
7 60 42
65 98 91
97 78 16
55 63 92
3 23 2
70 18 55
78 11 55
53 17 75
23 45 45
85 79 54
26 62 31
88 66 59
42 77 13
68 24 8
95 85 100
67 57 70
30 28 95
65 74 36
55 23 47
41 76 35
22 43 3
75 44 98
79 49 62
47 35 79
1 60 17
86 2 73
66 61 51
97 44 14
30 78 5
50 82 22
90 43 92
99 69 27
11 15 64
32 11 8
55 31 90
87 28 29
77 4 13
65 27 69
88 16 59
78 39 91
71 36 64
32 42 43
27 96 95
65 23 81
48 16 99
15 32 44
50 49 77
53 99 31
0 99 26
78 4 84
64 80 55
7 70 58
42 50 77
36 74 37
59 85 52
35 65 84
63 90 37
15 43 15
23 67 22
39 52 84
42 57 72
11 45 35
72 21 37
77 56 100
93 75 50
90 30 18
29 50 70
10 42 8
98 44 1
76 46 40
16 54 79
77 76 73
70 24 69
82 20 83
79 84 39
92 44 94
99 71 21
1 38 92
9 17 73
21 34 15
76 89 3
21 70 78
23 53 70
66 63 95
18 81 6
83 73 78
86 65 64
91 92 4
3 2 46
45 6 64
81 28 99
34 41 52
10 83 97
1 32 76
4 15 7
30 70 2
3 18 96
61 1 88
47 45 99
59 53 8
72 8 34
70 0 58
86 83 85
22 95 91
1 12 93
79 23 22
6 69 95
8 97 52
7 22 56
6 34 27
29 3 87
46 26 66
43 35 89
14 86 3
24 96 6
94 3 63
55 97 85
49 23 42
65 39 33
46 64 23
10 36 13
20 68 29
49 92 37
81 29 44
55 67 8
82 39 93
27 66 53
49 37 8
41 92 79
33 14 27
77 20 21
48 5 79
0 28 25
31 17 87
85 93 93
60 20 35
70 32 27
60 97 77
76 79 94
68 88 47
78 89 95
23 26 90
30 33 81
4 72 94
24 10 35
85 7 8
58 74 73
44 18 73
93 10 70
36 77 81
93 81 97
67 8 54
37 31 44
33 69 80
2 37 58
51 26 45
42 37 22
61 63 69
90 16 36
32 33 100
95 99 45
9 46 3
43 48 27
83 34 84
18 87 2
47 37 52
72 88 11
48 44 24
44 18 64
25 5 69
93 90 95
22 45 96
29 60 49
69 36 94
23 39 92
11 74 37
96 78 70
18 16 88
93 87 63
33 76 79
77 74 4
70 62 28
80 72 36
54 56 19
32 64 16
61 4 13
7 43 53
50 16 83
23 94 94
18 98 38
93 86 4
86 88 84
86 27 37
12 64 50
77 33 33
59 29 60
33 91 87
90 9 13
93 72 16
8 96 47
67 20 9
80 84 11
65 64 46
75 20 13
65 47 47
70 64 19
55 50 75
37 70 5
14 38 14
54 21 78
9 29 3
1 14 77
98 51 54
99 14 46
4 55 53
2 72 66
11 42 52
37 71 39
48 36 61
94 90 52
16 39 78
9 23 73
56 95 32
16 53 63
30 23 85
89 40 72
35 22 100
17 39 69
40 5 72
51 67 88
53 76 85
48 7 69
14 93 9
76 67 15
49 78 62
40 64 88
6 25 75
81 2 18
53 60 19
35 36 7
43 56 100
71 6 14
95 15 56
76 80 20
24 85 81
32 86 9
12 52 38
9 5 50
93 7 53
56 87 95
75 91 9
22 52 26
49 75 87
85 22 72
61 48 65
82 6 76
71 0 14
93 75 94
16 27 42
63 37 16
83 6 60
65 36 9
61 81 22
24 73 98
45 76 2
66 48 21
13 30 98
24 57 22
22 70 57
94 17 52
6 22 30
67 30 12
37 35 10
18 53 18
12 91 4
37 88 75
25 18 82
24 75 33
28 73 20
55 74 53
69 73 68
61 77 39
24 5 9
53 41 58
84 96 43
22 71 74
21 53 12
35 26 17
15 4 40
71 62 1
59 6 19
24 49 13
48 98 58
49 39 50
91 49 48
21 97 65
57 79 10
66 13 57
99 52 52
40 1 98
78 30 42
4 55 65
59 63 27
40 96 30
4 70 4
50 78 78
48 43 14
61 35 26
83 52 67
30 2 37
75 3 17
73 85 63
44 64 79
95 39 100
7 58 71
62 84 14
48 43 27
56 64 7
39 47 64
75 46 20
68 20 33
12 48 12
43 37 35
21 7 3
72 92 21
69 19 99
52 2 5
24 59 85
66 10 27
51 15 95
99 53 97
80 43 50
64 50 49
42 41 25
48 52 12
29 55 99
3 74 90
52 88 44
87 39 78
87 52 76
89 3 83
26 77 61
87 28 61
28 21 8
45 56 17
28 75 73
79 59 18
3 52 2
26 81 87
48 66 64
85 48 75
11 25 22
0 37 62
73 88 27
52 94 41
77 63 41
26 67 95
13 53 72
26 66 84
86 63 32
60 27 48
61 21 4
40 89 55
95 59 75
33 66 79
72 25 100
17 71 28
68 62 83
33 72 7
17 9 85
88 79 18
8 65 72
5 58 79
73 88 77
39 60 78
34 12 4
42 28 99
8 27 55
35 50 11
63 3 8
75 67 33
86 68 12
49 28 87
12 31 55
94 16 85
95 86 67
30 79 25
38 17 11
74 40 78
92 29 75
66 47 14
1 81 49
53 21 45
88 56 13
11 86 12
12 32 50
45 18 73
64 10 25
50 66 5
20 12 57
45 35 71
38 98 93
1 25 85
1 93 1
87 84 71
15 31 92
80 25 31
34 42 47
64 18 88
51 61 17
68 54 48
13 33 64
4 33 92
69 10 96
82 40 75
14 93 8
51 69 64
85 69 6
81 17 16
89 46 71
17 9 55
70 46 37
4 75 10
24 27 25
3 19 73
7 95 83
10 71 51
43 31 94
90 64 76
69 78 81
68 34 100
27 61 85
14 21 56
33 3 97
17 46 99
65 27 6
36 62 8
4 85 20
73 58 98
19 18 7
41 83 89
72 65 6
25 40 77
91 33 19
76 59 82
32 7 51
58 23 8
9 47 50
3 20 90
80 74 71
77 8 78
19 71 36
37 21 15
62 55 95
47 9 62
7 55 37
70 25 91
29 82 79
18 1 65
31 78 99
33 21 13
43 81 92
37 20 9
89 12 3
28 26 41
79 75 66
8 99 46
83 14 39
6 22 74
74 89 86
65 57 30
71 27 13
26 35 90
10 63 83
47 80 71
36 97 53
88 68 36
93 25 75
40 7 93
24 82 55
65 67 70
60 76 2
46 21 44
71 92 67
92 15 49
60 77 92
14 94 6
34 76 96
0 72 70
3 22 11
75 71 25
29 67 97
24 47 35
95 29 85
50 28 9
58 49 20
22 80 24
4 85 98
99 27 50
89 64 87
1 38 43
4 95 2
3 0 40
49 45 63
19 40 35
47 79 6
32 3 25
69 19 81
6 90 57
62 17 56
55 82 21
33 97 61
98 89 21
41 91 59
1 35 82
14 5 96
24 13 17
73 59 57
98 46 68
25 59 22
31 44 28
16 45 84
23 85 29
48 27 43
5 15 66
16 56 84
39 25 70
82 17 98
12 64 11
16 99 23
41 2 100
43 3 24
39 32 81
86 53 43
16 28 18
24 37 32
79 89 60
1 21 20
80 8 24
38 33 48
64 40 62
26 46 54
57 33 54
99 33 4
17 52 96
62 75 10
98 66 68
59 98 83
51 1 12
40 47 89
96 29 37
64 55 63
75 56 63
30 5 35
92 84 70
92 63 90
19 14 11
63 91 98
84 77 2
37 40 59
76 32 79
42 57 83
55 0 40
70 89 36
65 35 100
12 61 46
16 44 49
82 91 65
15 0 53
89 85 14
37 71 47
78 28 62
5 62 58
86 61 87
20 11 88
83 33 82
44 88 21
52 12 95
79 83 1
63 75 60
76 41 5
49 62 5
26 11 74
95 45 23
30 61 73
87 1 22
90 74 11
59 93 94
42 6 25
10 97 87
32 26 96
51 20 3
72 52 20
7 53 67
56 90 46
22 88 76
92 38 3
99 19 42
12 62 54
62 17 4
99 61 82
35 96 66
54 84 100
93 96 83
85 52 37
57 26 70
81 78 53
75 69 65
28 54 49
47 50 78
55 56 70
13 76 78
16 84 5
49 19 57
29 23 82
78 3 79
86 26 4
56 49 66
32 21 50
59 42 2
90 60 33
55 51 14
45 21 19
4 43 36
5 51 58
79 24 36
96 47 5
10 5 92
35 55 6
42 97 63
86 28 92
19 22 20
86 49 98
74 16 29
24 44 13
40 97 86
80 25 80
91 24 85
88 25 9
18 20 5
97 79 4
26 74 48
60 69 31
56 33 14
38 54 7
76 2 90
54 24 31
32 58 96
80 84 94
45 87 91
45 91 41
50 31 88
73 13 2
61 31 19
65 77 77
1 91 67
38 8 79
51 68 57
55 93 63
80 46 27
17 81 55
61 18 52
83 94 84
7 0 46
28 70 96
23 63 78
98 85 96
27 12 99
39 41 85
84 59 22
34 87 91
27 75 59
86 5 97
31 49 46
84 81 82
13 43 69
71 78 47
74 13 47
68 30 10
21 56 63
78 63 51
49 85 82
68 39 12
1 77 54
87 36 82
6 99 75
84 81 76
65 93 37
84 4 16
5 40 44
75 87 96
45 97 62
32 73 22
27 62 67
19 2 74
54 75 40
45 22 23
20 68 62
54 84 54
78 69 9
77 51 54
82 31 69
84 9 6
93 11 4
25 6 10
29 22 14
14 73 48
89 63 3
42 65 50
32 67 13
33 55 81
9 18 12
41 92 35
10 85 57
32 50 48
11 0 58
48 55 71
75 77 76
52 75 98
99 54 52
14 57 56
50 61 19
82 35 2
36 24 61
80 98 22
81 24 18
39 35 62
2 59 79
92 71 88
67 57 35
64 62 80
26 17 98
63 36 34
9 8 2
42 87 94
39 43 52
77 91 17
13 5 78
81 47 67
72 74 74
23 89 57
72 54 81
91 8 90
51 14 13
43 27 96
5 39 61
88 41 92
72 2 67
61 36 69
23 15 91
96 26 1
88 90 20
43 42 63
14 32 37
73 31 22
63 75 14
63 82 82
20 59 98
18 6 85
60 20 63
3 94 45
56 3 90
22 96 95
27 16 46
1 12 55
41 88 84
1 10 91
23 81 100
60 66 57
55 92 86
32 30 99
95 60 64
54 60 64
9 22 87
63 39 21
7 2 41
71 99 33
3 83 26
40 4 84
16 4 88
39 79 9
91 23 31
98 27 96
1 66 77
29 8 46
46 93 38
24 6 89
94 23 3
68 6 44
98 43 76
25 78 76
6 81 36
59 70 21
39 21 1
86 97 49
57 59 68
52 78 30
58 84 73
27 93 94
80 22 55
58 66 38
58 39 11
54 56 7
8 4 17
84 49 37
26 22 24
77 82 51
2 92 70
42 86 54
94 52 30
19 65 34
30 11 18
95 16 46
3 40 72
62 5 25
95 45 10
97 47 44
90 30 62
45 36 29
19 93 79
11 49 49
91 34 59
88 40 75
18 98 16
24 13 26
6 42 80
25 66 50
57 5 17
4 93 85
11 13 19
20 56 90
81 11 91
2 52 84
48 65 6
8 18 44
54 96 14
61 57 99
24 31 40
78 88 46
80 69 64
18 89 70
94 37 85
23 40 32
2 13 58
76 86 36
23 50 5
61 6 73
5 85 13
49 36 11
62 8 78
95 6 36
37 68 57
21 1 46
69 24 37
98 35 100
92 55 73
77 57 27
25 65 47
0 27 81
46 89 56
79 20 67
32 80 28
22 75 54
49 68 24
10 95 34
47 94 87
79 63 68
64 70 52
18 74 11
64 13 6
51 69 68
37 87 67
66 44 14
92 27 52
80 60 53
49 83 70
63 68 48
30 15 83
10 40 75
30 46 34
82 89 82
45 19 93
59 90 60
37 51 44
34 86 36
46 37 10
96 52 48
62 43 42
36 15 20
32 38 67
67 6 38
53 59 75
94 55 96
18 64 88
72 80 41
34 76 13
95 38 50
63 90 23
69 17 70
38 57 74
69 47 5
81 46 34
0 13 70
92 56 49
83 9 50
74 22 63
43 17 73
57 34 96
83 99 47
68 92 6
51 45 56
82 1 50
39 87 23
41 70 72
64 10 92
32 14 60
3 91 23
90 53 37
67 59 55
55 40 93
71 50 20
47 62 76
56 14 26
68 66 35
43 62 9
76 33 65
82 9 22
62 55 97
1 82 88
98 86 99
82 1 54
40 16 91
99 20 69
70 6 25
59 32 12
62 30 10
27 42 54
36 39 16
12 42 56
85 3 84
88 44 18
3 60 5
66 68 72
1 30 52
17 18 49
46 55 84
51 2 50
24 83 83
61 9 1
12 69 57
92 43 72
73 29 12
26 49 46
81 13 11
42 95 37
43 94 77
43 81 52
1 3 71
25 73 57
1 68 15
73 87 82
61 92 90
78 19 30
48 26 8
54 14 5
9 29 31
14 92 7
92 2 89
57 27 78
77 0 40
28 81 55
59 26 79
10 36 9
5 83 97
84 28 83
3 55 78
54 80 86
20 45 33
28 89 96
11 97 53
52 83 97
72 31 20
24 34 3
50 78 25
7 49 36
68 8 60
8 11 59
28 75 54
59 92 41
90 5 27
45 84 74
97 4 44
30 84 59
73 0 51
57 92 93
0 41 21
80 43 97
21 6 7
58 49 51
63 62 89
78 12 78
2 49 64
74 14 74
96 42 23
10 85 66
0 13 66
77 71 41
48 42 36
27 56 61
30 48 38
78 42 13
5 29 37
63 42 46
59 38 23
86 39 81
66 99 3
10 8 53
76 69 56
19 99 11
16 75 48
20 1 97
80 30 88
42 78 80
69 40 74
60 65 5
21 85 12
63 17 30
49 71 77
29 35 99
91 48 91
14 31 13
57 82 23
59 67 57
5 28 25
87 76 68
8 37 74
34 26 20
23 98 59
98 79 42
33 35 39
96 83 47
7 25 24
90 4 89
67 37 41
0 26 76
32 69 100
17 66 26
33 77 24
56 17 18
4 17 14
50 96 55
42 18 3
79 8 51
83 32 43
86 80 34
93 71 53
92 99 69
84 91 50
4 89 48
14 59 57
5 46 5
57 35 48
48 1 51
24 1 50
96 8 35
68 97 4
99 46 45
11 45 37
40 49 45
97 92 100
29 6 65
6 23 10
74 18 19
99 2 75
27 80 23
26 75 46
50 41 72
29 36 72
85 18 21
31 25 59
82 74 56
55 64 100
13 48 100
60 32 50
11 79 6
10 45 100
94 23 38
26 95 47
12 63 44
45 30 66
8 90 70
42 8 91
32 22 86
78 71 77
52 79 62
35 85 85
10 39 44
41 54 33
68 99 66
76 96 99
24 96 60
8 26 88
73 87 96
39 99 52
30 70 64
20 63 95
53 87 73
71 5 12
65 97 37
73 46 6
32 64 94
87 40 29
73 26 86
60 31 31
95 71 48
11 36 73
55 32 69
45 40 74
57 26 35
62 29 1
39 50 35
68 44 49
14 2 57
78 46 36
82 25 76
94 98 70
44 23 49
62 8 61
48 66 19
1 18 35
88 65 96
87 73 63
29 57 39
94 59 34
36 1 33
25 61 21
31 75 53
0 4 4
62 51 78
89 22 83
7 31 46
96 29 60
44 20 28
41 13 45
50 33 5
60 56 37
34 40 83
50 7 96
70 91 6
6 25 63
98 4 44
48 39 11
63 45 18
8 26 40
21 68 26
96 62 84
70 77 63
22 72 22
66 90 79
26 72 29
5 81 61
81 7 14
31 5 86
58 27 24
86 33 20
17 82 40
15 86 54
56 61 16
96 53 73
22 50 10
6 50 50
17 89 100
27 23 96
89 8 67
18 85 71
89 7 81
1 65 52
61 70 82
0 94 59
17 38 28
96 15 46
59 43 8
40 15 48
60 32 94
55 84 80
94 80 63
45 44 13
19 33 53
37 68 18
56 55 67
47 81 54
0 44 60
21 90 15
14 90 95
91 13 87
61 74 75
6 36 58
2 21 82
25 23 31
41 77 1
22 28 29
0 9 33
3 11 75
79 62 99
5 52 55
14 18 66
10 0 13
63 40 14
55 67 25
25 21 42
21 78 64
59 96 16
0 47 14
42 98 51
25 84 49
30 26 20
85 79 36
90 24 44
40 25 32
44 74 65
81 7 64
7 54 59
48 92 90
37 32 14
82 86 55
44 7 6
36 53 86
28 78 96
0 32 87
39 51 45
22 98 12
31 89 87
44 94 24
53 93 72
67 59 77
12 47 66
62 99 43
35 78 21
71 6 98
55 3 91
21 85 30
36 99 38
37 28 53
2 58 93
4 15 27
48 99 69
80 17 21
6 90 70
58 30 58
96 47 44
61 75 30
49 2 44
53 77 90
48 18 16
4 7 43
31 93 2
64 78 19
11 26 29
98 24 88
39 89 43
50 80 34
81 5 10
93 21 5
3 95 68
78 1 11
15 43 99
32 29 70
77 92 43
56 75 77
75 96 60
6 86 82
18 64 34
63 24 21
47 46 45
57 72 6
15 0 81
58 52 28
37 93 94
75 8 55
62 19 32
54 77 14
45 98 2
48 25 87
27 40 98
85 82 83
87 46 59
53 90 21
74 66 53
36 28 68
71 55 27
54 63 96
82 17 100
7 17 52
28 15 87
68 30 75
27 21 10
22 2 71
33 49 87
13 54 8
20 79 34
45 41 100
39 25 54
35 72 18
47 40 28
92 88 27
0 24 27
12 41 8
70 10 70
33 90 81
92 20 50
32 16 63
4 9 45
80 32 7
0 59 95
94 80 28
70 42 67
37 75 51
55 11 48
97 18 92
17 95 91
9 13 50
57 78 25
67 53 59
16 63 39
54 69 24
35 40 29
49 55 56
34 78 5
49 69 13
75 77 28
98 50 39
42 14 45
31 16 4
55 13 29
78 56 36
50 89 72
73 85 11
69 7 81
98 84 23
19 87 15
53 8 50
50 30 21
77 33 72
56 80 26
20 10 99
72 56 42
18 92 29
26 98 71
57 99 54
33 61 83
49 89 93
32 24 15
56 1 64
44 31 1
38 83 57
83 11 29
85 12 42
75 80 76
61 87 41
1 27 15
10 18 16
46 85 16
88 5 84
42 47 33
43 12 54
66 79 99
10 46 69
52 29 52
85 39 87
89 77 98
68 24 18
46 76 80
46 70 40
23 24 19
66 75 28
81 37 39
55 1 84
27 51 27
36 40 13
99 1 75
5 3 29
13 83 28
45 93 30
24 34 38
61 95 60
39 95 83
69 45 20
61 89 48
83 1 90
27 40 67
67 51 78
15 87 49
58 85 39
8 55 29
37 14 18
22 88 79
6 62 16
41 80 6
28 22 85
49 64 100
17 82 73
48 68 3
69 10 94
15 61 25
27 80 50
70 84 96
77 22 50
3 58 75
61 39 98
36 22 99
65 93 77
29 55 37
9 70 67
82 97 67
1 37 44
40 56 59
35 89 64
44 28 97
50 51 87
72 8 30
76 16 69
28 23 4
29 93 96
61 46 62
92 26 57
91 53 3
68 34 6
5 29 58
58 10 12
84 7 4
40 1 52
84 33 18
0 89 54
98 31 3
5 18 82
38 58 7
38 71 20
80 26 84
20 39 42
75 82 55
69 29 23
36 83 65
24 15 20
79 28 91
21 81 92
81 8 4
80 33 47
40 11 63
31 42 85
63 23 90
93 36 72
34 1 78
84 66 58
74 62 18
5 11 29
66 72 20
26 65 35
22 61 17
62 76 55
27 48 17
49 6 42
14 57 6
6 22 86
77 36 60
75 82 78
47 65 14
12 95 75
43 75 96
70 59 3
45 62 42
24 60 60
12 26 18
16 11 81
85 32 58
37 61 51
87 55 56
49 14 36
62 96 95
55 6 39
57 37 98
56 69 87
6 52 31
32 61 51
64 28 16
99 18 81
16 53 84
56 3 35
18 29 96
72 9 29
65 81 75
93 97 34
99 39 35
57 16 84
84 5 8
58 81 80
88 21 82
26 7 65
31 36 61
63 59 60
57 91 6
19 35 21
52 22 40
13 99 39
35 48 41
73 26 58
69 43 65
20 60 45
59 41 84
9 72 24
56 4 7
86 6 1
62 8 36
87 60 37
2 75 10
5 81 5
18 57 53
57 16 62
88 55 4
94 55 4
66 30 22
7 80 98
16 15 86
92 65 39
66 31 17
0 28 12
38 92 23
83 6 84
66 88 62
0 58 98
23 63 31
9 27 94
66 95 76
97 71 4
66 73 72
7 15 9
67 91 4
64 28 88
2 90 26
14 39 27
17 54 72
85 4 47
68 72 38
81 83 91
88 3 40
43 89 16
72 57 95
19 57 2
52 64 19
34 93 26
23 61 32
70 58 1
69 54 77
30 40 75
31 62 49
23 95 9
61 0 100
17 73 17
95 54 56
70 85 55
91 74 74
81 13 70
54 90 17
78 14 80
92 15 30
80 72 56
11 81 35
66 8 37
84 11 59
55 5 11
86 60 30
70 88 56
19 18 22
73 77 85
86 17 30
92 23 50
86 43 47
4 17 28
75 20 45
46 41 61
54 68 88
94 21 36
84 26 9
34 4 75
36 62 42
34 91 37
87 49 41
27 80 5
94 50 45
23 95 48
72 86 42
71 2 62
89 86 38
46 5 77
99 53 58
66 46 27
89 55 36
24 69 99
22 42 77
57 78 3
35 60 33
95 27 41
56 96 96
64 16 93
54 5 80
17 36 51
17 51 12
26 12 91
5 82 28
36 96 73
23 29 40
83 12 63
92 86 71
9 90 88
85 7 43
52 10 28
14 44 20
63 75 18
26 38 97
2 24 82
94 92 10
76 47 60
33 80 60
26 58 47
19 25 32
3 30 55
53 83 26
90 56 70
91 35 26
57 82 71
84 45 98
37 94 3
47 83 55
19 61 44
41 36 97
68 98 53
22 74 36
89 15 56
94 9 49
92 77 92
55 2 28
5 50 91
24 61 48
61 83 19
49 42 67
75 47 35
11 27 14
65 30 2
67 54 36
44 49 50
10 32 5
11 70 52
25 48 89
19 16 77
33 9 10
70 99 63
62 65 62
35 20 15
73 74 10
17 95 70
23 86 93
91 16 20
68 9 90
18 50 81
17 23 76
4 71 93
15 79 64
63 0 13
91 6 80
18 97 92
53 60 35
30 75 51
87 67 43
63 3 93
66 86 78
32 94 97
23 44 27
8 45 68
81 95 50
53 46 100
12 48 2
14 5 35
66 39 30
27 11 77
67 96 21
11 86 27
37 80 79
29 95 55
20 60 4
10 7 27
20 45 77
83 64 82
25 53 32
66 74 8
0 99 17
19 72 46
80 1 65
85 24 32
91 41 38
88 67 88
77 33 27
42 47 15
73 67 23
60 72 58
98 71 48
23 51 28
2 53 6
61 88 67
45 43 36
32 54 35
32 46 99
35 33 41
80 68 6
84 7 27
26 78 23
56 7 78
60 52 14
94 78 58
29 86 21
57 69 65
45 13 67
57 55 53
67 8 64
69 67 87
21 36 98
7 1 33
89 63 95
66 55 8
12 91 94
84 45 57
86 97 98
43 30 63
16 71 22
34 68 74
15 95 97
61 50 63
71 24 37
84 78 80
30 87 91
22 78 78
78 24 83
91 97 48
68 89 13
80 54 75
36 40 19
46 35 71
7 39 41
93 49 85
68 22 41
15 20 27
92 71 10
22 61 47
64 61 55
12 88 17
92 19 14
10 31 53
87 54 37
4 41 55
0 43 54
99 59 19
79 10 42
59 66 4
61 3 26
58 9 100
39 18 35
81 27 88
16 55 39
51 83 88
49 54 68
56 0 71
24 85 85
28 39 60
52 18 88
99 24 72
63 44 57
23 87 44
89 54 2
94 51 34
50 2 39
1 14 5
91 10 67
16 99 47
62 70 72
79 29 96
7 54 22
88 5 71
14 34 74
62 19 98
16 86 100
6 53 60
11 61 1
77 45 62
78 5 89
70 98 97
88 73 16
27 56 43
66 59 14
0 80 97
13 3 66
74 8 84
0 44 41
10 87 61
52 78 78
64 36 29
19 15 84
1 97 14
6 83 65
69 45 26
73 93 57
41 91 5
8 91 3
48 72 24
72 87 24
12 49 29
44 40 69
10 28 24
92 48 5
95 53 78
27 62 90
60 28 36
19 41 80
64 67 8
1 37 63
97 90 72
26 76 54
76 71 71
71 95 82
57 98 37
42 19 65
33 31 3
57 92 4
85 97 41
48 73 5
36 35 33
89 91 23
52 38 96
61 95 7
45 87 51
95 85 88
95 67 12
31 14 27
37 76 25
23 9 85
91 28 88
33 18 29
45 27 69
33 11 23
97 55 86
38 53 61
92 0 13
4 18 72
40 33 55
30 59 91
48 81 36
39 18 88
20 19 50
25 58 73
14 87 45
35 87 47
52 45 34
60 95 38
99 76 63
13 45 67
47 74 67
37 26 64
68 41 64
82 43 54
51 15 94
82 27 77
9 35 97
21 82 50
60 68 56
50 46 13
37 45 23
75 57 90
20 0 1
87 47 84
13 59 79
4 23 63
91 6 50
34 28 37
2 75 60
62 33 96
45 27 27
59 60 61
31 4 16
81 95 85
95 36 33
48 35 3
16 11 5
54 74 83
75 21 52
72 25 9
69 34 79
13 48 41
9 5 49
30 52 32
15 97 36
38 39 11
96 1 24
81 2 37
68 24 71
68 60 23
57 72 97
36 7 80
6 55 23
38 20 13
22 29 49
86 20 63
3 20 4
6 63 23
37 56 15
77 35 45
55 34 13
46 59 74
84 66 42
45 90 5
96 2 41
4 14 61
86 67 95
80 77 48
26 62 36
53 46 37
19 20 62
11 18 66
81 55 86
70 42 69
91 68 42
8 92 59
22 9 25
11 37 25
1 48 95
48 83 45
0 42 19
20 96 70
68 99 10
22 74 100
74 6 81
23 4 16
92 62 68
65 46 41
28 51 4
23 67 80
2 32 11
39 68 30
38 57 69
80 52 23
30 77 70
51 53 86
51 88 33
55 54 79
90 37 92
93 82 22
28 63 35
49 18 38
40 45 94
83 36 64
45 54 94
93 98 76
74 35 58
7 61 52
78 67 52
3 70 94
99 50 63
96 21 97
79 42 36
64 6 49
38 60 81
35 24 50
94 78 28
4 14 68
51 96 11
41 40 54
26 8 90
18 49 88
85 12 7
42 84 73
61 83 21
28 29 46
75 42 18
41 36 25
83 45 78
75 9 87
7 59 95
50 21 86
13 6 93
30 65 12
48 68 3
20 73 31
93 56 34
67 51 31
9 0 47
41 35 46
8 3 64
30 22 23
74 43 67
91 0 46
30 87 56
44 24 24
13 2 76
67 54 83
35 15 71
35 37 75
2 84 84
21 11 54
99 29 26
36 31 86
55 85 70
46 15 60
0 60 88
17 27 3
52 86 67
23 15 95
68 17 51
61 17 40
93 33 73
54 2 8
85 56 73
39 68 51
15 47 19
16 45 88
49 19 17
22 93 55
25 8 63
18 58 45
0 61 33
5 13 15
36 18 69
84 98 83
97 69 2
34 10 10
34 42 35
28 60 13
37 52 91
13 67 33
3 20 63
63 92 91
70 45 36
59 4 98
39 7 12
39 65 90
95 1 59
53 57 22
40 58 2
18 31 59
99 76 25
87 4 38
49 50 65
95 72 40
13 40 43
13 46 63
72 55 52
73 37 7
76 84 82
91 86 17
63 26 95
18 76 50
80 54 33
18 67 68
87 54 100
95 1 96
55 62 37
20 75 28
44 62 52
22 86 49
94 86 99
85 53 25
58 7 51
21 65 33
6 99 66
92 40 42
62 77 82
18 2 52
37 51 83
76 14 62
75 32 22
79 53 24
86 71 92
96 85 62
67 3 44
20 42 68
22 18 77
8 94 66
9 83 46
47 29 81
63 3 38
63 51 17
88 44 86
23 77 34
60 90 83
29 31 33
82 98 58
41 80 74
35 10 77
98 52 59
32 7 28
80 64 22
64 18 19
21 73 92
33 86 32
68 61 57
82 68 6
47 62 59
1 34 49
25 91 23
33 0 77
3 13 62
23 45 73
39 19 2
87 83 68
79 23 28
76 20 12
54 94 9
91 37 44
49 68 85
17 96 68
78 71 15
23 81 45
4 56 57
96 92 87
24 95 28
66 79 81
71 19 7
39 58 23
38 83 79
68 20 13
28 36 55
85 56 91
9 38 51
47 50 9
95 11 75
45 19 67
61 16 100
34 3 60
85 21 74
53 35 48
0 74 58
80 61 41
43 54 14
76 11 29
31 80 46
2 0 94
23 61 56
84 88 89
34 33 77
54 14 56
46 47 15
17 69 82
55 35 82
74 72 77
98 73 98
50 74 68
58 19 44
1 46 82
20 64 16
2 80 37
29 99 52
41 86 88
94 32 69
47 49 40
3 24 17
1 3 82
66 1 26
67 58 30
22 71 74
74 68 72
46 63 19
25 92 69
9 29 82
50 8 87
92 40 10
65 37 18
64 83 90
97 37 9
98 69 32
24 46 49
24 86 8
56 77 1
19 30 71
11 53 91
4 16 13
15 98 28
61 71 47
96 72 31
33 68 54
86 2 80
39 64 2
12 14 14
18 96 20
92 34 58
72 0 39
63 23 38
0 62 16
9 7 65
3 77 3
61 36 83
29 69 18
34 43 2
62 32 7
98 68 94
57 71 45
80 35 87
92 89 13
26 29 82
49 44 29
26 91 22
62 31 46
48 7 37
19 29 7
0 55 86
55 42 35
65 86 27
95 30 57
25 65 12
85 5 12
16 13 30
5 2 38
88 75 52
61 96 86
48 79 98
50 6 20
59 73 7
86 38 64
77 66 63
76 89 57
28 73 15
21 53 28
33 11 90
29 63 32
66 52 6
89 3 72
12 28 21
15 56 21
53 49 84
2 71 13
48 85 32
6 29 85
74 34 79
41 90 21
83 50 17
20 66 28
38 91 88
10 64 37
41 55 87
51 71 49
98 78 24
78 12 29
26 7 59
69 45 76
19 77 37
49 52 19
62 14 16
24 52 67
51 63 32
72 11 66
93 64 82
48 81 1
2 75 53
35 65 75
80 40 67
81 76 55
18 36 36
84 59 35
7 79 61
60 23 42
27 94 17
76 31 34
55 72 57
0 66 31
85 8 71
26 29 67
84 51 40
77 15 76
37 98 2
46 77 38
44 53 2
89 97 41
28 63 69
87 26 93
78 66 7
41 91 85
24 44 81
99 82 87
65 35 57
11 61 38
7 10 19
18 43 23
9 45 30
43 63 58
80 99 55
80 60 5
28 94 78
6 8 67
62 81 29
32 34 38
38 3 46
3 95 18
7 14 83
14 30 80
30 34 75
17 16 79
80 76 17
82 61 21
51 16 8
63 82 38
61 40 94
16 40 94
75 91 50
59 44 15
36 31 83
16 11 4
25 52 60
61 30 26
96 85 68
55 56 44
34 27 39
35 3 64
13 25 68
66 45 58
39 49 27
83 78 87
45 13 49
84 55 42
64 97 68
54 62 89
0 12 71
10 29 9
20 24 87
6 81 100
4 82 75
80 5 3
37 48 83
41 97 100
29 97 64
86 99 48
51 2 52
77 80 69
1 54 86
39 63 67
81 48 43
56 54 20
72 91 51
74 46 42
23 59 38
25 70 12
19 45 36
14 12 53
31 87 88
33 94 78
83 19 44
16 6 31
99 81 66
3 47 61
62 17 44
48 95 33
16 70 65
59 81 69
65 87 32
13 73 59
18 73 21
26 24 24
88 13 25
31 10 47
67 6 94
16 89 78
51 16 84
46 37 66
46 51 1
3 76 62
34 43 23
28 68 56
38 24 2
99 50 61
77 44 80
36 67 43
16 83 18
35 43 20
87 90 76
83 59 39
46 23 39
50 46 41
5 67 62
24 63 66
85 68 62
9 75 50
11 45 58
53 10 39
36 44 27
13 61 5
73 54 83
55 63 46
66 32 66
26 69 91
69 96 70
85 88 68
25 98 40
4 88 11
76 53 100
47 73 23
93 28 20
82 24 24
41 0 77
64 27 72
72 2 95
0 61 19
66 35 100
27 7 57
7 82 48
5 91 82
64 46 19
75 98 73
60 81 36
94 85 89
11 58 83
44 81 18
84 64 84
87 6 36
26 82 44
19 9 82
28 96 33
16 80 86
74 63 74
12 16 46
77 8 22
31 39 26
78 70 52
67 75 39
20 55 74
37 15 83
47 97 11
88 85 2
30 23 72
65 29 90
15 7 45
64 99 88
52 45 53
6 39 27
72 82 71
18 31 13
76 21 2
33 16 57
93 66 63
60 24 56
99 68 21
96 28 75
89 74 91
39 51 92
0 23 91
29 96 36
54 46 20
67 5 62
80 36 36
34 53 27
27 59 96
40 53 60
7 13 77
4 18 52
6 85 54
87 46 28
30 43 7
72 44 45
53 50 34
77 41 55
3 61 23
89 40 30
46 89 88
49 90 86
56 73 7
70 80 39
54 78 56
95 64 19
75 17 19
36 2 11
76 45 24
65 99 62
10 68 56
69 74 73
75 73 34
2 18 55
59 75 26
44 91 79
32 65 49
74 39 25
51 7 80
28 19 19
69 3 83
44 95 37
2 56 90
4 96 22
20 51 73
64 75 4
71 20 55
29 99 40
88 44 94
0 60 83
45 79 9
7 55 14
75 81 62
83 5 40
46 98 90
38 65 84
72 37 24
25 1 6
99 12 74
9 96 71
31 97 19
37 24 22
5 4 43
1 28 99
20 76 7
29 68 90
67 13 57
92 85 87
66 54 15
52 74 36
2 44 67
53 99 61
13 57 54
15 93 76
75 92 30
96 48 92
27 88 52
10 75 7
24 33 85
63 46 5
7 62 19
18 59 52
82 71 17
36 91 13
68 56 35
60 28 12
73 95 44
86 91 98
74 85 74
85 32 94
9 52 86
87 33 34
58 54 49
88 4 61
53 31 16
92 9 70
93 2 45
45 52 37
92 52 81
84 90 52
14 91 34
15 50 13
57 36 58
99 45 46
12 34 51
54 69 31
16 32 21
55 58 47
37 85 42
65 41 80
82 5 2
98 11 84
48 38 86
83 22 3
56 15 59
82 47 64
7 38 43
21 93 44
46 21 12
2 92 42
29 5 87
10 67 82
63 86 75
26 30 84
5 2 64
18 58 33
54 69 45
49 33 88
65 59 49
22 89 35
20 15 77
88 37 59
45 97 10
72 6 28
78 0 28
33 29 67
17 75 46
57 47 20
80 75 30
9 57 21
18 44 66
82 31 29
18 62 70
89 32 3
8 69 27
57 71 18
34 75 84
40 57 83
11 10 15
22 83 62
63 56 30
54 97 61
86 58 34
88 86 56
18 93 43
7 15 93
27 69 68
50 31 73
39 6 91
12 90 21
75 78 32
96 8 81
72 88 74
31 3 89
23 3 86
92 34 26
7 3 34
99 5 35
90 24 76
70 63 51
68 17 36
58 81 30
43 4 51
24 84 37
96 65 46
61 15 71
26 96 13
24 41 97
99 75 39
54 55 79
67 76 76
35 77 78
61 63 46
52 74 8
7 25 94
8 4 97
5 53 85
43 49 84
14 97 48
65 73 27
61 5 34
46 88 44
47 94 69
26 82 2
38 25 94
76 25 18
43 10 95
92 6 44
43 21 82
72 71 89
85 30 21
24 50 53
99 94 72
81 97 78
51 71 29
75 76 16
84 23 99
25 52 52
46 83 37
38 9 47
24 0 73
57 69 28
37 34 29
67 99 100
37 84 57
82 5 28
44 2 88
15 74 35
69 59 48
19 58 59
75 98 59
50 40 65
18 45 44
72 7 67
78 43 55
53 76 3
4 99 64
79 40 2
99 5 75
54 72 21
17 80 56
54 69 85
91 17 6
3 99 74
83 51 56
46 62 31
52 58 88
26 58 66
86 48 57
3 7 11
59 65 100
97 23 26
92 8 9
64 46 46
54 7 10
30 40 35
60 56 36
32 0 36
81 61 35
1 6 95
3 98 64
47 50 85
22 71 49
21 62 21
87 94 21
24 97 29
32 62 46
46 81 72
92 69 1
37 74 5
72 98 49
78 28 58
49 67 23
11 25 53
43 21 15
39 28 95
51 23 40
92 24 14
48 90 84
73 19 30
29 0 36
5 72 27
98 40 26
19 11 79
7 15 79
4 22 13
70 7 32
13 93 29
77 17 30
34 93 69
22 92 28
42 6 71
52 50 1
66 12 28
90 93 94
99 42 21
35 84 40
48 28 38
61 38 69
73 7 85
81 87 3
94 40 27
98 73 25
27 84 91
92 77 28
50 69 94
69 29 75
52 47 98
83 91 46
3 26 19
75 18 77
68 93 5
69 51 7
17 99 88
53 69 46
74 69 71
9 40 79
60 54 49
5 78 13
35 88 56
57 43 45
9 90 86
64 57 46
18 35 97
10 84 28
53 57 78
81 9 38
16 17 26
15 83 30
67 27 58
18 0 85
86 16 62
7 49 65
29 33 39
92 64 14
69 50 19
10 23 75
99 79 50
18 30 3
26 4 17
55 26 92
29 60 34
75 98 55
45 43 46
67 24 19
18 88 51
50 95 80
8 12 17
38 87 65
1 89 53
70 5 66
37 75 52
71 40 15
88 61 28
22 73 62
72 49 83
79 32 80
36 88 49
21 8 46
90 85 59
59 35 67
57 41 10
38 92 9
57 33 3
90 80 67
75 58 47
4 0 74
29 81 11
50 74 7
46 37 80
92 84 18
53 17 79
99 36 73
88 63 70
47 42 59
13 41 35
27 41 56
84 3 87
96 4 49
34 50 17
21 65 2
19 20 3
6 66 64
18 70 2
73 3 41
83 36 62
65 79 20
62 71 27
17 56 54
10 62 47
86 0 56
68 4 89
85 3 35
31 40 98
90 42 66
81 25 69
26 48 1
56 82 21
56 14 96
38 30 82
33 88 78
12 49 89
69 50 5
32 93 96
95 42 78
52 7 13
30 2 71
50 8 85
40 41 98
0 97 69
20 61 12
49 13 27
24 41 37
82 47 90
1 15 65
26 71 2
63 16 71
42 53 96
60 52 35
54 59 28
6 78 4
80 62 77
98 59 17
67 46 88
32 29 18
63 95 1
60 81 51
80 73 95
15 44 76
15 6 43
57 77 4
9 79 38
46 26 46
31 61 52
65 89 15
9 3 76
51 12 34
83 39 18
5 59 72
39 55 27
23 7 92
52 88 28
61 41 94
51 9 55
38 47 99
53 1 25
75 43 10
26 24 56
82 46 88
33 87 47
11 4 19
54 43 34
65 14 12
90 33 3
71 88 5
45 85 27
90 7 11
47 58 91
66 9 73
20 18 45
53 52 55
9 37 11
14 37 58
1 62 100
41 20 40
93 7 65
46 20 65
86 16 75
43 80 65
95 63 80
87 19 87
65 34 3
59 76 84
78 9 61
23 33 95
81 48 26
67 52 3
76 39 93
84 58 36
29 32 19
93 7 10
68 53 74
74 30 97
40 7 50
25 75 49
31 67 41
90 7 37
66 3 83
3 22 47
77 96 57
84 48 67
51 66 43
0 32 67
82 49 71
81 42 54
2 19 79
48 74 92
53 49 37
26 53 46
24 99 78
71 28 91
56 69 9
90 80 82
47 57 66
57 1 8
93 40 38
90 85 30
70 52 66
35 44 85
21 96 7
55 24 53
55 60 84
25 73 71
75 89 14
57 23 89
73 9 18
0 9 24
96 59 27
99 85 7
4 99 59
4 31 58
63 51 74
4 8 14
87 61 57
72 85 18
21 6 61
16 76 92
17 96 69
44 84 65
71 46 27
80 74 19
55 50 99
36 40 88
62 66 57
13 9 98
45 78 77
32 80 70
54 85 16
28 7 73
30 28 95
33 52 55
53 20 38
49 2 2
58 33 3
21 27 92
90 73 42
35 53 19
20 11 73
13 82 46
57 99 55
52 76 91
89 68 22
44 95 29
42 57 69
34 52 14
1 2 62
99 61 36
49 73 9
99 87 10
27 26 77
89 79 92
14 59 70
7 42 100
47 75 85
47 40 49
20 50 51
82 15 1
9 66 50
66 69 7
21 57 42
95 79 71
26 77 57
18 2 57
73 99 27
74 7 44
16 54 16
55 63 100
47 9 54
69 51 78
15 94 32
2 67 34
82 65 40
98 72 78
62 38 46
82 32 85
25 73 28
1 92 46
88 57 68
5 21 73
94 29 70
84 49 4
11 95 91
83 77 15
16 90 81
41 6 29
71 95 61
17 89 88
23 72 89
67 5 25
74 25 64
75 56 97
67 75 37
50 41 44
56 8 67
0 7 79
49 35 59
37 21 41
81 31 54
23 36 56
86 22 95
26 92 56
35 62 1
72 50 98
93 79 6
82 63 76
53 20 33
57 31 93
32 80 22
22 12 44
31 71 71
27 26 36
92 76 100
38 45 83
13 97 35
56 67 23
6 92 62
56 77 91
98 82 53
19 32 60
54 96 27
5 69 56
10 23 72
67 31 71
27 84 33
99 77 48
29 18 90
74 93 17
76 80 17
15 72 63
19 59 70
40 99 47
31 78 87
73 19 93
39 3 93
9 41 77
44 25 69
26 96 99
76 32 38
41 38 52
35 95 78
65 59 95
18 14 51
91 69 76
46 21 21
87 78 68
69 49 15
76 13 28
7 44 37
60 97 21
40 61 33
3 33 63
46 63 19
93 0 36
63 44 59
3 4 52
4 82 100
26 18 10
77 93 45
16 73 24
93 46 55
52 99 59
64 5 6
12 47 56
37 19 61
5 51 62
93 48 79
42 96 77
53 3 97
31 54 35
20 66 86
54 72 15
73 72 58
15 9 94
37 11 62
20 37 13
30 16 66
75 16 12
34 82 56
78 66 28
10 2 77
39 37 29
10 41 74
45 97 8
58 29 5
71 36 89
97 83 24
7 94 72
26 77 45
9 40 53
10 95 91
4 73 34
36 66 68
70 26 2
67 45 100
8 80 26
39 85 82
5 42 40
29 90 49
76 27 96
31 14 11
48 96 5
32 52 44
97 89 58
46 24 48
33 45 20
80 34 21
53 92 24
34 56 23
74 15 9
98 36 84
77 50 75
26 76 46
73 28 15
53 93 39
46 63 65
86 78 74
9 6 44
16 40 94
65 94 23
54 61 38
40 14 17
58 74 99
15 40 5
23 36 54
87 15 69
11 56 69
68 93 99
61 12 64
67 89 44
21 96 6
1 60 1
82 0 28
40 33 55
13 92 70
40 47 44
55 35 52
29 59 22
8 71 75
31 76 82
20 66 17
3 86 54
6 33 71
96 70 65
34 43 80
18 30 87
36 43 98
57 67 39
80 1 35
19 95 15
27 39 34
28 75 44
43 33 83
95 40 46
21 58 5
76 40 31
71 9 32
77 25 50
48 91 22
84 44 5
35 87 69
51 75 91
66 76 85
29 31 34
34 17 51
23 19 54
37 32 96
92 66 45
15 26 32
51 53 49
13 35 74
70 42 45
0 74 28
61 30 100
24 37 50
63 36 49
16 85 99
41 2 80
6 9 16
37 83 3
57 96 74
50 97 23
94 2 95
69 78 24
55 75 68
16 48 99
48 46 34
57 42 78
43 96 71
13 45 33
18 94 74
83 78 69
41 79 8
98 59 82
94 86 17
58 40 63
52 10 100
90 28 26
49 34 31
27 92 96
6 64 34
14 18 54
47 82 13
18 36 29
0 17 29
28 77 81
2 42 18
83 63 16
36 21 47
71 31 34
26 96 82
16 71 61
91 58 96
31 10 4
78 68 74
9 14 68
99 92 39
86 58 34
1 73 19
48 82 12
21 25 59
86 35 18
1 3 32
71 16 17
24 25 62
70 42 62
38 51 22
27 75 10
5 89 78
33 4 44
4 84 58
50 57 41
26 99 80
34 33 51
93 20 62
74 92 87
19 2 51
19 7 82
1 14 69
53 16 3
32 21 17
12 11 15
92 39 17
74 75 48
66 5 87
7 17 48
11 88 60
46 44 92
42 81 14
14 28 76
32 93 39
55 44 49
91 57 51
62 56 26
36 68 51
59 47 27
72 15 44
7 27 28
38 40 14
60 91 91
96 30 76
89 80 30
73 0 45
13 10 63
79 4 9
94 40 33
64 92 32
12 7 78
59 76 35
57 44 30
70 0 91
30 39 71
32 30 7
48 16 44
6 81 53
97 47 86
62 56 34
74 89 91
40 16 12
53 38 80
51 50 8
69 28 24
82 49 50
67 24 69
1 28 77
38 35 91
38 45 11
7 38 12
42 3 15
2 90 15
4 49 12
48 53 10
43 98 75
97 56 69
94 92 64
79 78 23
76 20 50
10 53 31
43 27 68
81 4 18
37 8 28
83 3 47
49 0 68
57 77 84
55 60 2
56 28 5
31 48 81
54 3 49
82 71 29
91 54 65
83 26 77
41 26 43
51 70 28
38 35 43
33 70 53
32 96 16
55 91 63
17 18 18
29 87 40
64 69 55
58 10 91
1 23 68
79 78 1
25 14 31
57 4 29
2 79 77
65 75 32
64 97 57
90 5 31
66 78 69
38 45 49
61 93 3
66 61 14
57 97 64
74 30 100
47 45 61
38 7 5
94 49 77
95 29 53
61 79 80
0 99 92
99 30 90
62 73 89
15 44 6
34 51 21
56 58 32
11 20 40
70 34 7
36 41 81
65 85 91
35 8 82
33 57 82
59 4 79
82 38 42
7 18 76
34 27 55
78 48 41
44 29 66
7 65 3
81 24 84
16 96 88
31 68 44
86 89 84
32 44 38
20 87 41
15 25 12
32 46 99
3 91 67
68 23 95
0 9 88
2 87 11
18 74 55
23 95 100
26 86 98
33 89 87
2 86 37
39 55 14
27 70 100
34 17 42
91 59 7
71 84 67
85 49 66
22 76 52
36 25 38
12 64 57
59 12 6
37 69 7
23 27 22
51 14 52
95 10 44
98 29 26
73 60 68
89 27 8
92 22 3
57 55 30
15 96 94
19 77 1
8 95 14
60 88 22
3 33 19
28 14 10
66 41 90
83 15 90
17 61 28
68 23 100
29 60 95
3 30 35
78 50 75
48 56 37
12 8 71
1 95 74
19 8 1
88 48 99
26 82 79
16 12 62
96 57 6
36 30 32
83 45 69
81 77 23
49 75 45
16 91 51
72 81 68
47 1 62
34 26 67
47 91 29
73 33 7
30 21 99
46 53 60
20 19 17
37 72 76
69 17 99
10 48 61
45 81 46
95 51 80
33 85 67
64 89 25
57 63 64
64 90 60
17 32 37
63 8 81
88 42 51
23 44 96
20 72 86
78 40 15
0 11 12
7 61 77
70 1 40
85 99 76
95 57 60
84 63 5
28 96 28
28 5 55
44 26 95
61 17 14
98 28 41
90 38 47
20 75 86
74 57 39
3 73 71
19 63 45
47 70 90
69 64 88
4 38 58
71 96 41
80 7 17
71 61 90
73 8 69
66 84 90
18 64 7
34 98 50
57 27 68
90 81 94
56 15 50
2 43 55
17 57 28
19 27 93
36 66 50
8 57 50
17 40 79
37 64 79
76 57 29
83 18 56
58 99 86
37 3 23
59 50 71
53 62 74
79 78 99
24 83 20
3 86 74
26 35 83
22 52 45
82 54 68
23 41 48
96 84 74
29 35 79
21 69 100
55 59 53
62 89 59
15 25 86
8 32 9
1 55 85
42 96 31
17 20 30
23 36 53
21 63 9
80 91 86
37 49 28
25 94 21
44 74 99
56 2 64
67 54 67
75 55 6
97 47 61
0 25 22
86 51 24
16 15 60
46 15 67
79 10 76
47 12 62
12 72 52
3 19 93
62 24 60
72 2 55
42 91 30
65 52 21
44 79 53
55 31 21
58 17 29
59 40 86
62 61 14
43 92 60
76 64 87
6 35 62
56 36 76
49 42 91
52 6 69
17 26 61
52 63 80
29 13 47
10 17 67
65 32 74
24 47 91
87 69 92
58 29 41
58 79 36
83 61 88
0 55 93
28 10 11
56 25 67
1 72 73
6 73 4
9 13 71
26 24 78
84 53 21
68 34 26
4 5 97
84 23 68
24 9 26
21 25 76
28 36 34
21 29 31
90 52 38
43 68 70
80 65 78
27 61 32
85 84 8
15 41 6
36 66 5
27 88 57
89 25 34
68 69 73
46 91 5
25 15 61
15 83 37
69 17 42
10 93 19
16 99 94
30 66 22
89 79 51
67 96 36
36 99 26
64 94 97
82 25 93
84 83 31
49 90 24
89 47 68
54 73 62
58 66 33
53 94 82
36 12 85
85 2 74
91 87 28
74 89 99
5 83 44
40 66 31
52 11 89
65 91 15
97 6 36
3 70 25
4 13 41
26 92 48
38 21 41
95 14 66
74 49 71
33 21 89
99 7 84
3 34 52
10 42 81
27 81 65
80 69 91
81 10 8
52 65 4
54 39 89
36 42 44
29 85 18
44 98 13
92 91 98
19 53 42
81 67 46
78 73 55
10 17 71
44 80 3
92 41 67
66 86 23
26 28 68
31 61 100
78 11 5
20 79 72
83 87 80
1 8 13
93 92 78
36 70 61
88 75 9
64 59 93
21 40 93
49 3 56
7 55 85
33 32 59
22 7 26
36 61 5
27 36 70
70 9 32
27 46 13
90 69 18
55 42 67
17 65 91
97 93 6
55 81 38
63 13 66
49 59 94
81 8 3
55 85 70
17 11 1
67 3 46
67 27 73
34 12 71
64 98 97
65 30 9
15 77 86
85 67 96
73 17 75
91 79 36
25 91 44
44 82 16
35 91 98
50 40 97
87 91 87
91 89 92
66 96 90
25 15 39
47 28 48
25 9 68
27 77 62
70 30 61
88 50 93
44 20 59
34 43 25
91 87 44
88 72 9
98 28 72
1 71 63
88 57 69
16 24 65
29 92 10
10 37 19
11 99 40
12 11 50
23 85 40
45 96 78
2 38 56
22 57 91
2 4 8
71 26 67
52 38 71
51 44 87
31 24 52
44 25 58
77 67 50
21 23 28
72 88 100
19 22 47
11 39 34
36 66 6
56 15 9
4 98 19
60 84 6
91 97 67
91 2 33
23 44 74
50 43 73
4 98 72
52 4 12
23 89 13
35 20 75
47 91 92
20 61 72
95 79 55
94 1 32
73 53 74
36 99 66
42 40 43
79 86 73
13 23 44
34 18 5
34 87 36
63 3 16
47 55 43
53 98 7
58 24 60
64 70 62
20 43 45
50 54 61
78 52 100
87 61 4
60 20 55
66 21 47
37 58 68
4 37 78
73 57 93
88 86 23
93 38 95
34 76 93
39 5 92
97 53 70
7 95 76
75 66 62
61 71 41
8 15 67
32 9 39
9 53 65
98 42 87
71 28 29
76 87 84
97 22 81
58 64 60
85 49 70
73 14 43
48 97 23
51 85 49
45 13 16
21 14 92
72 64 55
10 93 80
60 73 57
48 86 14
26 4 55
47 19 92
3 1 10
72 79 16
29 24 74
12 2 5
24 98 65
0 90 68
48 67 76
68 70 41
62 56 12
42 74 88
42 93 28
49 3 11
1 75 23
45 30 34
19 85 100
57 98 90
15 12 75
59 76 47
67 18 21
56 72 46
57 47 77
26 87 89
2 21 55
52 80 95
51 61 30
66 59 11
6 87 51
44 6 3
35 70 92
3 9 58
5 12 100
5 95 35
58 72 98
33 95 74
3 32 13
47 85 82
23 44 29
31 26 69
9 57 92
89 94 35
68 30 46
40 3 96
81 66 25
97 12 9
60 18 29
46 65 65
94 20 41
63 12 77
19 92 71
73 89 42
28 40 62
52 68 75
95 9 93
34 25 69
76 1 77
51 89 69
11 36 62
29 62 28
46 34 75
64 10 57
77 92 11
36 28 35
32 28 94
45 35 2
14 69 82
35 80 73
79 83 62
90 77 6
65 36 47
18 41 88
1 51 96
45 58 63
82 62 67
91 41 33
89 63 14
51 62 81
0 69 35
30 48 88
87 16 62
63 56 33
34 58 63
34 70 9
5 99 27
1 64 56
1 27 89
36 53 61
28 94 5
43 11 10
66 67 96
34 97 12
21 35 14
44 73 38
59 53 16
26 88 27
34 12 40
37 35 22
39 49 47
15 60 69
32 81 14
33 64 28
19 67 60
75 88 39
47 87 91
76 5 65
1 31 20
94 24 78
49 54 10
45 77 66
99 38 27
66 64 51
86 67 54
65 71 25
97 0 81
62 7 46
77 48 57
37 4 62
0 54 33
21 30 55
76 57 12
52 54 43
44 66 55
6 47 49
37 19 4
61 59 22
62 57 1
39 77 36
36 5 80
13 7 46
6 49 33
15 30 19
50 96 84
68 56 96
59 61 7
40 67 39
40 3 63
22 35 73
80 11 21
81 72 88
54 19 63
73 84 44
56 8 21
49 67 54
71 60 72
6 16 27
35 43 9
45 56 23
40 95 63
10 0 20
65 61 50
37 13 12
21 61 12
83 2 20
88 77 84
83 72 58
16 5 58
56 71 69
92 84 2
72 62 88
31 5 97
49 43 60
19 35 100
41 61 74
41 60 80
98 2 11
49 67 22
73 56 61
82 94 26
24 1 57
0 25 85
49 81 15
19 68 49
53 2 4
68 82 69
53 72 90
83 61 66
39 23 22
47 68 77
22 71 60
91 80 27
23 68 47
84 97 37
57 75 88
62 25 16
16 95 7
32 19 80
64 16 43
35 19 4
66 46 56
51 29 49
27 88 70
22 49 19
40 91 94
96 34 52
35 62 3
43 76 71
69 98 94
51 98 25
62 54 100
80 94 7
97 19 21
87 46 17
75 20 40
22 32 67
50 23 41
81 2 92
85 23 43
80 66 20
9 70 12
92 70 27
3 19 86
1 84 52
90 35 97
84 38 2
71 90 47
88 30 74
59 8 16
38 43 34
52 9 46
38 20 24
72 63 58
74 32 62
9 51 27
26 76 25
33 43 89
72 90 36
87 48 17
68 66 1
67 1 87
87 4 68
75 81 70
77 86 20
9 4 82
64 82 52
35 98 65
76 58 92
95 76 52
20 39 35
44 13 5
72 46 32
68 81 73
86 47 92
64 34 63
77 63 71
9 97 49
28 33 19
16 29 44
76 92 88
19 55 34
38 73 15
84 95 10
29 80 98
96 20 73
18 0 73
28 60 68
68 41 20
49 38 36
67 88 53
76 8 70
62 99 91
2 91 71
60 42 37
89 81 30
70 19 26
90 19 64
98 7 88
70 98 41
69 99 7
43 44 53
73 16 71
12 24 54
44 82 63
9 48 70
11 83 18
45 90 67
36 7 21
43 32 22
93 91 36
37 33 45
44 88 45
51 9 12
71 27 8
26 55 46
17 38 57
20 7 86
67 44 88
99 69 57
77 76 61
5 84 42
53 42 25
33 20 87
61 5 4
77 22 97
30 78 1
26 92 78
6 95 40
61 49 25
2 31 61
53 48 28
61 62 2
7 28 94
65 10 67
54 85 54
22 31 24
61 76 66
54 30 20
23 34 42
65 18 51
18 54 31
99 36 34
85 42 46
83 50 24
6 22 83
69 72 64
87 77 51
41 16 68
67 69 54
60 35 96
80 74 51
94 98 83
93 13 59
40 62 83
55 70 95
91 76 7
90 93 73
26 51 85
3 26 1
58 82 62
15 71 20
41 99 71
93 94 18
19 8 71
4 17 57
42 55 73
93 37 92
71 30 42
71 15 55
23 84 1
93 85 90
62 23 65
88 60 17
33 68 70
48 44 29
23 17 96
60 37 93
57 50 79
81 90 56
93 60 65
17 32 74
36 50 72
31 27 16
85 45 74
59 98 94
83 14 11
63 5 39
39 14 80
97 74 79
5 97 88
62 89 7
92 38 75
18 84 74
51 61 31
76 17 28
41 50 51
16 60 41
16 77 4
38 87 44
12 86 97
3 79 61
82 37 54
19 88 49
17 78 76
60 66 77
78 51 78
90 48 67
38 40 16
35 70 56
15 84 12
81 65 56
5 95 55
99 69 25
80 48 85
35 29 82
65 43 40
78 0 20
56 80 87
90 86 37
77 10 8
79 74 52
58 94 11
74 30 3
83 50 91
15 76 40
17 59 24
80 48 65
81 85 11
4 81 1
89 65 10
50 24 58
51 13 75
59 7 72
34 65 40
90 82 5
86 44 73
6 95 59
22 26 18
62 64 56
97 91 57
42 46 67
66 22 37
38 46 87
79 77 97
50 91 54
22 4 23
58 20 59
54 10 50
72 86 17
35 47 46
7 38 14
94 30 55
74 82 97
2 88 100
2 84 55
57 50 72
35 47 56
48 10 70
11 86 64
74 80 6
49 29 91
19 94 90
68 54 8
50 75 86
64 26 65
38 10 34
13 61 83
25 50 24
85 87 7
21 50 92
17 72 8
26 74 87
36 39 95
44 90 68
4 73 16
22 76 87
72 36 24
39 44 9
20 37 90
28 5 15
18 22 46
99 86 61
62 56 36
28 69 84
67 26 31
99 81 55
14 24 91
1 54 35
38 16 78
58 93 82
99 80 31
3 78 38
51 93 56
41 36 12
1 35 75
74 81 51
17 45 2
57 10 33
73 89 28
1 21 23
77 65 21
76 43 75
74 73 17
44 64 65
47 82 22
72 32 60
33 40 33
17 19 4
33 30 98
17 76 87
87 1 69
49 29 70
12 35 54
48 98 63
21 34 84
52 31 20
15 86 16
22 81 73
50 52 69
2 84 95
32 77 13
4 88 13
45 92 7
10 85 76
34 1 75
55 97 41
9 47 41
78 26 32
48 24 84
47 9 18
56 47 17
8 80 87
40 94 49
73 80 12
16 39 39
93 24 51
36 39 49
43 68 73
34 52 32
35 62 34
2 34 9
69 8 1
63 62 61
32 86 64
43 66 80
19 56 1
57 24 57
26 63 38
57 51 33
21 35 23
86 96 58
74 61 77
35 14 78
30 16 90
88 51 52
58 62 56
23 57 13
77 55 96
96 1 48
35 53 16
33 60 34
96 72 98
60 53 57
37 74 57
46 45 34
23 61 86
47 26 54
90 24 91
15 21 34
6 81 32
65 0 5
49 5 71
28 19 97
79 72 97
8 90 90
12 3 42
39 31 56
74 5 59
0 78 40
86 66 77
64 5 66
11 22 40
34 71 32
40 81 8
50 81 89
46 45 58
84 11 99
51 60 37
88 10 92
28 18 1
63 41 44
44 87 78
66 19 19
72 18 11
42 24 48
82 48 13
35 80 23
39 28 53
71 5 48
17 27 50
78 96 20
11 7 60
57 60 72
89 95 68
84 2 98
34 38 41
59 86 37
76 82 23
12 23 5
15 35 98
64 14 22
20 34 33
86 25 96
51 37 59
81 70 84
39 28 82
61 20 49
63 42 32
94 91 18
96 2 47
96 8 56
75 51 65
63 95 29
39 77 29
84 39 3
92 26 23
23 22 68
64 73 97
10 6 76
20 50 54
81 39 24
49 76 26
74 2 58
18 2 25
39 94 61
87 80 28
42 65 1
46 8 70
62 80 44
22 7 39
79 96 78
11 93 97
13 96 79
2 77 33
68 16 35
19 99 15
61 41 56
28 5 73
68 33 35
15 14 75
57 87 78
64 17 9
93 36 77
7 4 92
50 6 34
70 88 38
40 60 2
66 4 4
72 46 49
53 61 86
3 15 78
87 22 18
33 65 30
17 70 48
63 43 18
66 42 67
26 13 76
93 63 97
66 72 96
86 7 10
92 67 2
84 70 73
32 43 35
86 94 33
79 77 31
89 61 15
55 25 73
43 92 82
67 13 45
42 39 34
64 70 95
68 37 55
66 68 83
54 11 96
15 33 60
2 35 38
14 41 80
87 6 56
11 80 19
16 43 17
18 93 23
23 17 24
8 91 25
8 74 13
49 70 52
50 17 38
15 37 37
15 11 9
8 25 47
23 62 49
15 86 20
74 42 89
60 58 4
6 56 47
79 38 12
36 83 41
16 93 67
37 49 59
42 1 8
21 63 84
2 56 56
49 50 94
67 9 76
71 19 4
48 4 18
20 54 9
24 9 18
13 72 11
95 53 88
91 52 27
51 41 77
10 46 97
68 55 72
60 45 6
11 50 84
54 16 4
8 47 80
25 66 16
28 13 55
96 31 41
35 58 83
41 64 60
9 97 38
41 0 20
75 93 28
99 66 90
8 70 52
85 23 56
3 5 43
62 27 60
93 50 5
20 72 93
22 10 17
54 41 11
88 90 97
35 76 99
73 76 58
78 42 86
33 93 51
61 82 68
21 57 15
31 62 46
1 53 8
77 2 98
59 70 10
80 52 56
50 67 5
22 3 75
82 92 65
49 13 47
68 38 9
27 61 65
22 27 42
65 58 38
24 84 49
1 37 10
11 16 49
22 62 66
11 70 87
86 13 53
5 16 41
75 5 9
3 65 17
68 60 8
80 2 14
0 32 56
50 26 91
71 63 15
77 89 64
15 22 95
7 67 99
24 23 82
66 34 40
39 44 92
99 55 37
39 33 15
35 97 4
42 67 4
14 17 8
36 84 69
70 25 52
68 24 53
35 68 66
70 62 28
85 35 13
98 30 34
86 72 42
9 79 39
89 9 46
37 97 1
14 97 92
43 81 93
62 90 22
73 86 72
72 4 50
67 44 77
62 19 62
59 49 38
68 73 94
97 66 60
94 43 27
67 12 4
28 47 94
5 97 20
35 79 29
17 78 5
52 59 69
22 41 95
28 4 66
27 81 92
6 68 89
7 18 31
81 62 9
12 53 54
59 47 39
91 94 67
64 79 71
61 29 15
95 47 99
46 13 58
32 6 25
70 5 12
60 96 39
68 50 50
46 66 49
76 46 71
23 34 46
57 87 51
16 75 39
33 43 100
50 18 7
14 70 19
67 2 45
92 72 11
29 72 53
54 50 69
21 95 68
15 32 41
9 6 21
63 27 7
80 3 24
52 69 77
56 67 52
17 15 83
19 63 4
26 72 95
10 78 69
73 31 81
46 83 31
37 46 6
71 64 32
88 63 70
61 87 1
91 88 47
23 28 6
2 73 30
96 5 36
42 86 87
80 58 31
34 2 84
80 70 80
85 6 62
2 89 96
22 49 84
32 47 61
83 13 51
77 5 79
97 34 17
92 21 69
1 8 16
64 55 40
34 1 22
16 26 54
24 6 47
93 44 74
54 80 11
20 23 1
46 93 16
94 14 43
83 40 88
33 60 21
94 55 39
35 20 30
27 3 60
75 91 20
7 94 59
18 9 39
71 75 28
81 92 76
62 23 80
40 86 32
83 15 72
19 26 35
85 17 69
37 25 3
44 42 24
31 58 12
96 70 64
72 78 71
22 51 74
10 96 64
40 78 61
90 76 82
22 57 5
9 74 99
18 5 84
11 56 73
9 40 42
98 84 10
1 91 63
82 29 32
12 86 36
88 95 83
67 11 77
74 86 11
47 40 80
7 62 3
58 4 81
54 10 35
80 32 42
80 17 7
95 91 40
64 32 51
27 36 14
61 78 29
15 94 47
16 86 57
69 63 83
26 52 84
7 48 38
89 70 76
78 62 90
19 17 72
76 87 46
51 99 96
22 41 9
57 94 22
9 19 13
41 59 23
25 13 51
21 82 52
77 88 82
29 6 79
53 60 96
50 25 24
92 75 7
73 85 17
96 92 30
76 6 60
33 41 75
87 54 38
16 34 42
66 20 5
77 22 12
75 41 40
51 63 22
56 96 41
46 90 59
1 33 72
65 73 88
73 35 100
96 55 4
6 44 6
69 79 72
69 99 58
33 47 21
88 65 18
52 70 88
32 75 88
38 28 68
7 99 23
12 78 93
96 87 96
77 73 96
46 68 34
80 1 86
21 83 95
29 75 93
80 21 34
47 3 80
42 5 42
48 79 23
43 69 74
56 42 44
52 50 41
35 92 29
67 76 27
9 52 77
59 6 49
90 89 55
41 85 56
74 48 47
60 24 85
15 92 38
81 0 72
95 58 90
55 41 84
10 16 29
19 99 28
44 84 8
33 17 25
75 10 45
50 17 71
98 10 32
62 3 83
71 16 70
56 61 95
96 41 48
38 66 96
97 40 45
7 16 33
3 1 51
94 25 38
33 72 14
76 1 80
6 56 85
10 64 82
83 77 9
97 39 15
86 67 4
42 26 78
30 14 14
35 93 9
14 32 19
66 23 41
60 3 70
71 59 91
97 90 53
43 47 9
14 4 70
44 53 78
48 26 48
44 41 33
25 21 40
23 96 98
30 35 38
30 62 100
20 39 59
83 40 83
91 68 89
80 29 7
57 17 97
42 49 22
89 61 11
3 72 7
59 68 15
68 51 37
79 9 60
18 94 84
42 49 34
51 49 100
44 28 23
89 3 11
14 58 49
33 71 4
60 78 84
64 53 53
31 76 98
35 36 71
50 79 32
27 5 33
17 49 27
59 70 8
69 88 68
50 27 47
12 37 61
41 12 49
65 99 69
20 96 12
18 47 89
78 34 83
74 67 53
37 5 4
1 94 31
74 57 87
49 42 30
92 29 47
29 50 49
15 10 60
64 0 79
78 53 21
72 10 74
70 63 20
27 17 10
85 75 96
5 62 75
97 74 97
73 33 67
46 4 68
32 28 79
79 54 12
52 60 83
43 32 33
27 39 77
75 41 96
19 48 44
50 44 29
86 71 34
70 15 32
27 81 49
33 17 5
47 80 60
15 32 31
74 4 28
26 89 62
27 12 51
82 17 51
40 91 25
3 45 72
41 40 66
72 99 99
26 31 67
95 69 10
94 63 23
47 80 59
99 93 93
89 87 3
44 37 45
55 74 70
29 59 6
77 9 14
53 71 93
31 51 12
9 88 26
15 5 93
41 22 5
28 35 68
53 15 4
60 80 54
25 2 53
89 59 40
36 22 78
78 87 73
40 28 48
50 13 5
83 2 60
78 1 33
64 11 88
7 32 66
50 16 28
91 89 97
45 53 81
18 97 15
80 15 66
64 8 88
6 91 76
66 2 78
41 84 32
28 30 34
19 7 34
34 11 31
80 67 50
65 85 71
31 68 9
91 10 81
90 47 95
54 14 61
91 41 15
59 98 43
81 89 77
26 72 73
4 52 24
17 47 25
79 28 98
1 78 57
42 14 88
29 5 50
15 32 41
20 29 50
96 24 36
76 93 17
49 66 75
84 32 17
56 33 96
30 60 89
46 18 36
46 61 81
61 54 72
86 14 28
9 37 3
50 29 20
33 0 85
12 31 17
56 23 97
11 71 14
68 93 3
62 14 74
90 65 77
75 77 4
53 1 70
36 42 41
22 37 31
88 45 14
68 86 98
99 31 72
81 22 63
21 13 28
30 51 60
80 17 43
10 18 70
15 58 35
82 50 23
2 69 57
8 99 71
4 23 7
36 28 64
98 5 35
72 29 70
31 65 18
44 21 70
31 81 18
45 51 86
47 26 59
45 97 17
72 0 45
52 54 49
91 47 5
89 70 94
17 79 43
70 75 39
6 3 8
77 90 17
59 51 14
69 6 24
94 59 6
82 0 88
22 23 92
54 43 23
47 84 87
66 19 16
76 13 68
35 81 32
38 8 90
40 3 65
85 83 33
91 65 9
34 85 96
80 77 1
74 64 48
32 48 9
7 16 27
87 35 62
9 81 39
21 26 65
65 74 24
20 47 83
38 30 50
32 63 65
88 77 19
11 4 46
23 74 34
92 30 48
45 42 52
72 30 40
30 56 8
91 1 28
78 38 23
40 8 17
92 82 18
29 19 49
20 51 49
99 86 30
55 9 56
25 16 16
13 2 82
78 5 37
9 80 83
28 78 32
21 95 7
76 39 17
72 58 26
31 82 9
85 34 48
73 84 47
91 47 33
82 66 97
84 72 83
46 98 69
62 41 24
68 79 45
15 58 40
16 21 90
45 13 40
82 44 76
23 90 61
64 74 95
50 81 35
40 33 23
31 6 82
32 82 33
61 22 93
30 6 81
83 92 23
37 92 80
35 83 59
57 35 54
47 88 18
49 32 52
48 24 57
74 61 52
5 53 52
3 15 47
30 58 19
88 91 30
79 40 55
84 77 30
7 81 55
99 16 67
13 94 52
21 88 81
30 90 76
97 11 65
4 2 77
44 26 80
96 52 92
2 59 10
20 45 23
97 74 85
91 16 48
35 24 21
12 59 15
60 73 5
26 30 66
20 79 93
57 31 37
68 52 27
30 5 79
47 37 11
62 59 37
27 5 4
86 77 71
73 83 72
15 3 74
34 86 93
97 25 54
71 7 49
29 47 65
78 76 18
41 83 86
17 97 62
39 15 47
57 96 54
19 82 59
99 30 42
29 26 90
35 92 98
84 40 9
58 89 97
59 98 70
53 98 66
91 17 27
69 10 47
78 5 53
21 98 34
37 11 82
37 11 28
56 31 57
80 10 68
38 53 85
55 96 33
90 32 2
33 5 41
82 10 45
5 10 5
18 22 10
32 90 10
27 75 42
21 26 64
98 43 47
80 27 22
38 96 38
10 56 5
30 25 72
75 78 98
61 88 7
90 91 89
35 38 90
65 8 48
78 43 12
56 77 43
77 75 93
33 82 96
22 30 40
72 4 87
76 25 94
28 70 41
2 54 26
5 61 46
40 0 15
67 86 29
32 78 14
35 18 60
82 56 94
28 51 38
6 15 42
61 86 62
55 21 64
20 4 25
59 10 66
93 27 83
19 54 34
36 91 24
11 65 58
52 19 86
83 67 58
38 18 91
0 2 77
1 13 50
40 9 20
20 68 3
76 70 46
50 81 50
84 31 32
97 82 11
14 42 79
39 88 56
11 59 64
88 85 84
57 76 62
51 5 45
48 38 35
25 33 22
80 24 20
56 15 42
71 0 85
46 44 33
60 26 41
27 87 99
34 17 63
10 34 55
53 69 74
38 8 89
28 97 39
98 20 47
7 10 75
9 39 62
89 60 9
7 89 93
5 64 17
68 13 49
96 58 68
72 36 74
68 19 96
92 71 47
59 53 23
85 12 83
25 48 47
64 72 10
89 50 64
31 6 44
93 44 12
43 87 25
55 80 99
62 5 42
56 5 54
4 12 45
9 41 37
70 9 44
73 46 86
83 22 51
93 88 60
23 99 87
61 77 73
35 15 10
41 87 76
61 21 85
91 72 73
40 55 92
89 35 36
96 49 1
14 97 52
63 43 66
71 93 46
80 95 50
2 0 71
25 53 86
39 24 93
25 91 86
65 76 20
21 25 25
72 90 13
69 54 63
0 90 97
42 99 57
38 56 69
91 13 25
2 42 53
58 38 48
88 38 49
77 21 57
44 15 57
24 98 31
73 11 27
26 38 93
76 49 20
61 5 83
62 65 40
50 83 36
42 89 21
2 95 94
90 5 12
91 19 19
9 59 22
90 24 50
47 86 97
33 99 37
16 96 10
30 13 61
6 87 30
98 78 59
16 74 1
79 73 27
24 6 53
40 1 73
50 85 65
10 33 46
40 62 72
1 66 46
90 27 10
71 90 1
0 20 11
26 29 21
65 17 3
95 49 77
66 3 20
9 81 14
31 61 54
94 77 44
74 94 58
69 65 67
3 52 51
47 44 10
23 48 71
3 69 71
99 93 46
88 26 87
8 9 55
19 85 81
51 31 97
23 51 2
5 89 51
59 50 55
6 11 75
26 46 83
95 33 75
29 3 75
52 60 92
23 55 100
81 26 71
37 96 39
43 75 83
35 61 46
30 25 56
72 20 41
28 52 27
58 72 3
8 30 23
55 84 37
45 47 18
1 20 21
27 1 54
92 72 10
1 41 78
72 91 78
87 62 60
10 85 40
88 83 1
95 82 35
30 50 97
5 88 4
74 93 4
86 2 15
62 99 99
1 3 60
78 81 24
45 21 88
24 6 12
45 42 31
45 86 27
91 65 61
63 44 85
44 34 16
45 71 71
52 8 44
4 22 99
88 70 38
28 13 92
98 43 12
31 90 48
27 82 90
7 13 59
96 81 50
75 63 36
95 13 13
99 80 34
89 52 96
30 37 35
94 39 35
84 36 68
44 48 18
8 58 12
46 24 18
31 8 67
81 83 25
98 24 76
80 61 5
54 76 33
74 17 92
18 64 94
47 33 72
36 56 15
8 64 66
30 82 2
96 23 44
2 48 64
76 4 47
7 55 72
66 79 16
22 24 11
55 34 86
82 56 51
87 74 58
50 14 53
89 62 100
14 4 24
66 40 48
53 51 10
50 36 47
4 56 10
85 26 48
79 96 22
2 60 80
47 64 27
71 69 75
60 74 52
44 62 88
27 10 13
35 94 47
80 54 51
3 42 2
58 63 42
51 79 3
16 20 34
20 71 99
22 14 34
32 7 23
68 46 19
12 75 35
71 25 76
89 67 98
77 89 7
37 72 56
4 24 1
38 73 72
22 82 20
65 38 49
89 52 97
67 49 23
28 56 99
40 2 92
69 25 42
33 34 81
51 66 21
99 66 77
21 24 35
35 47 47
4 37 62
97 39 31
62 79 30
20 33 36
80 64 29
4 0 22
27 20 79
30 87 56
8 43 52
76 70 44
73 45 77
59 93 61
84 7 17
91 87 3
43 6 26
22 89 1
96 51 50
50 79 72
38 67 1
10 79 92
50 23 28
10 25 48
84 47 85
40 64 71
25 55 11
27 93 41
25 95 12
88 71 3
43 14 66
6 57 74
22 63 68
6 64 76
0 29 31
81 6 60
72 98 47
47 49 61
61 45 16
7 22 66
18 82 45
64 94 77
86 47 96
73 66 62
23 87 45
58 87 38
34 5 13
27 22 39
25 0 4
3 37 14
49 90 3
87 29 18
57 1 22
5 26 25
30 35 74
8 98 25
55 92 94
33 43 6
8 89 45
19 69 72
59 78 57
19 59 37
90 56 50
49 72 97
99 72 52
17 1 78
78 9 59
37 78 90
53 76 10
62 59 59
54 89 23
48 90 54
25 46 53
50 15 37
44 25 95
42 53 84
96 49 45
36 20 9
57 54 96
19 9 20
7 12 16
80 66 1
24 18 25
52 46 60
14 13 21
43 63 18
61 1 26
62 76 90
85 74 56
40 9 33
67 31 7
1 63 38
26 49 83
28 24 32
92 75 36
14 22 10
42 74 58
58 93 99
41 69 50
74 55 55
46 33 94
82 22 95
38 19 59
25 8 43
41 70 64
29 33 6
28 17 8
76 12 72
15 46 77
14 13 98
97 81 11
48 13 33
97 11 37
55 71 59
36 55 30
85 29 62
11 71 76
18 60 76
67 4 7
53 78 96
74 81 69
70 51 21
77 73 71
98 89 30
95 82 36
13 84 70
87 9 48
69 51 46
44 64 76
30 60 13
92 77 25
73 94 72
30 65 82
42 73 80
44 16 41
71 73 77
11 89 6
0 33 23
27 62 16
25 82 13
27 76 96
21 25 10
76 6 10
16 91 91
42 7 70
47 64 26
87 43 11
72 65 22
43 73 40
66 6 96
66 96 100
56 59 41
78 38 17
28 38 63
33 25 58
98 82 68
2 35 72
4 6 49
75 79 25
66 30 94
26 75 63
10 26 27
29 14 26
8 50 1
72 65 70
57 64 43
16 6 65
71 9 76
78 47 19
80 19 25
57 6 59
24 4 84
31 49 33
40 5 50
63 92 5
71 63 74
9 54 60
74 98 97
77 52 27
26 54 24
55 11 84
50 49 5
41 72 87
0 99 18
89 72 20
75 49 61
7 50 13
74 19 73
68 37 98
91 29 36
95 65 17
67 13 34
29 81 80
91 0 29
76 10 96
27 78 80
84 81 93
31 53 79
2 22 19
38 83 16
78 48 87
60 75 38
35 98 85
9 84 3
44 39 97
59 73 57
25 27 40
53 31 70
68 22 62
70 21 84
79 53 36
82 65 6
63 64 37
22 55 46
79 23 88
84 94 91
21 56 59
91 66 49
56 32 86
61 65 19
69 1 12
0 66 34
66 25 18
8 93 29
42 88 77
0 88 40
92 82 82
55 23 20
3 66 28
83 35 85
93 88 9
26 68 70
36 69 61
42 60 35
98 17 55
97 28 16
16 52 32
25 50 77
55 11 90
32 71 55
4 95 33
30 49 94
49 31 70
9 87 6
52 81 72
64 89 8
45 94 55
76 46 80
28 37 23
91 5 94
80 94 51
26 49 91
89 67 53
35 66 8
83 27 87
33 91 83
80 31 86
55 34 79
22 85 88
28 21 32
17 29 81
43 31 49
41 91 7
30 10 29
97 9 34
91 37 91
70 10 71
61 31 65
77 26 28
19 59 7
18 35 66
77 13 33
29 54 34
16 84 34
87 35 39
83 35 21
26 85 51
57 41 6
7 20 31
9 44 93
20 10 68
11 24 60
47 37 94
52 46 56
6 20 7
15 99 72
31 12 17
41 77 23
28 14 2
42 45 75
50 65 27
54 39 68
82 70 1
83 35 15
54 59 29
20 96 50
91 44 94
44 86 20
78 82 14
25 64 76
1 45 94
89 8 94
75 88 76
74 90 72
52 31 36
6 79 73
76 9 86
2 17 73
61 58 77
41 66 88
5 28 12
68 77 81
1 36 28
57 28 26
5 49 90
72 37 74
8 31 14
99 55 2
7 31 17
48 13 20
13 36 94
78 52 17
1 21 18
3 53 25
27 57 50
62 49 25
61 84 78
92 15 58
53 34 19
74 81 18
13 93 24
44 48 61
5 3 87
28 61 29
33 43 35
41 19 68
59 48 78
85 14 65
47 21 32
88 11 17
70 7 100
32 52 23
95 9 95
77 28 14
21 96 57
25 74 87
42 40 1
53 61 19
21 14 74
25 1 81
26 84 52
55 58 1
71 98 42
59 0 60
83 29 96
76 59 28
0 51 49
24 78 68
18 83 56
25 58 19
49 34 71
73 88 40
68 58 69
14 57 53
27 8 100
16 61 46
5 68 33
97 79 78
52 62 20
0 11 26
26 68 83
37 27 64
40 84 34
29 63 86
52 11 75
49 20 87
30 97 44
5 70 5
69 13 10
18 72 31
26 67 46
27 48 56
14 70 73
48 47 32
37 35 22
49 30 82
18 58 44
73 31 57
89 39 89
88 40 56
30 48 45
51 23 71
8 43 27
63 92 8
69 42 17
12 13 34
59 57 50
30 78 31
88 79 91
86 17 69
10 57 45
51 12 29
68 2 41
9 43 10
15 12 80
99 2 53
3 99 65
73 85 49
52 78 97
81 21 87
68 79 65
8 83 98
4 87 16
23 46 98
34 84 55
24 84 59
98 87 76
31 18 57
25 1 87
39 83 52
77 15 70
71 19 9
22 4 2
91 6 30
68 27 84
69 12 95
73 90 17
10 78 85
54 31 61
55 47 18
96 91 33
0 22 74
9 54 24
22 81 56
67 0 60
44 3 35
39 15 98
13 55 52
38 68 69
85 83 68
16 7 1
82 21 46
84 80 88
34 63 58
84 44 68
69 61 73
10 44 7
88 49 88
15 7 34
72 34 78
60 58 81
96 11 36
59 31 28
67 66 31
43 42 42
67 99 72
1 40 20
66 76 78
11 48 23
33 3 21
51 21 33
36 73 94
38 26 99
16 89 84
47 71 8
91 88 62
28 55 92
82 16 28
25 46 75
14 36 11
79 81 77
86 11 27
25 81 44
43 1 23
7 22 45
84 59 15
48 22 62
15 16 11
63 40 1
15 84 76
78 48 50
19 32 25
48 66 83
5 65 46
45 43 42
53 30 87
0 12 46
54 48 14
46 18 57
60 73 33
27 26 59
86 21 95
8 47 21
18 23 57
33 21 98
1 79 62
94 27 94
80 72 78
63 60 51
16 65 37
57 81 53
28 49 10
3 25 16
51 16 58
24 86 98
38 42 6
88 77 51
74 46 12
56 95 40
8 36 29
12 76 77
49 59 36
56 75 25
81 78 57
77 91 77
32 76 86
15 35 90
5 7 50
99 92 24
32 92 10
40 41 37
0 85 71
24 37 30
0 67 10
48 25 7
56 9 58
94 54 34
8 46 62
50 0 38
53 18 76
89 99 100
63 22 40
12 82 35
92 30 56
5 46 31
64 18 97
14 18 9
68 95 70
51 21 22
3 67 25
95 38 69
79 63 28
60 29 71
67 18 63
25 32 25
24 99 85
48 8 64
34 9 5
18 89 45
26 22 16
1 73 75
43 35 28
5 64 21
32 83 32
80 78 53
96 82 7
32 48 38
67 36 82
65 18 47
63 84 47
55 20 77
66 34 89
75 17 55
55 6 35
78 55 25
20 1 27
39 69 5
57 45 49
5 4 1
77 49 8
28 55 43
41 59 2
48 23 88
4 32 12
60 32 5
99 97 82
74 46 54
5 32 32
39 41 54
94 47 91
98 48 89
64 37 71
6 14 56
41 89 77
77 1 37
45 96 48
57 87 54
33 34 35
16 43 30
30 66 77
53 77 64
68 32 6
58 27 50
22 16 31
83 69 44
23 81 11
43 51 71
52 4 16
97 27 68
67 17 66
7 69 47
26 44 6
59 42 65
41 29 30
42 90 91
4 68 93
4 7 29
63 33 92
33 42 67
92 66 57
48 95 5
70 11 9
99 80 43
24 50 5
69 43 99
61 78 16
38 29 56
99 84 76
9 68 35
80 38 32
76 41 22
97 86 34
82 59 14
46 21 50
2 91 42
59 39 20
62 88 40
48 36 52
66 83 65
55 38 82
36 26 2
68 98 15
75 45 83
97 0 78
60 47 48
14 18 19
30 80 81
10 5 54
27 55 96
70 44 17
45 96 85
42 98 41
81 38 17
83 72 77
76 98 32
61 24 42
71 75 20
27 78 78
90 91 91
66 67 7
58 59 67
33 26 83
27 8 88
49 81 26
34 44 69
29 41 40
59 94 9
28 69 39
73 93 98
54 87 50
17 77 22
21 3 82
95 7 16
18 84 8
2 43 28
90 53 26
87 93 92
6 49 67
56 35 30
46 29 84
29 11 86
72 79 6
31 87 91
21 3 53
32 52 28
88 79 79
74 44 66
55 72 24
47 8 78
43 5 90
4 85 89
66 52 96
42 55 3
48 8 64
58 83 27
97 53 81
38 36 41
93 51 99
2 60 42
48 68 20
74 44 74
0 49 85
86 2 24
99 40 16
75 66 66
8 59 18
86 20 10
27 98 64
24 68 50
90 15 36
28 37 5
69 64 66
47 61 27
93 74 2
77 60 82
69 36 10
19 24 88
55 79 69
97 48 35
67 5 45
82 80 14
42 63 88
89 95 75
79 5 93
15 5 86
92 21 11
49 87 71
98 29 34
33 95 18
78 51 55
58 16 29
44 54 92
82 60 8
23 87 67
35 17 29
12 90 93
99 15 31
63 11 87
3 89 20
96 66 97
45 28 62
83 59 58
17 95 71
68 52 18
76 73 79
46 44 47
11 72 45
44 97 73
75 11 46
41 17 14
4 28 37
95 65 44
17 35 71
61 60 40
11 52 25
72 80 93
79 51 67
47 95 73
34 79 16
77 5 57
84 30 13
53 16 60
0 59 10
95 15 23
54 40 20
36 72 65
3 24 60
19 41 42
80 8 66
69 90 14
35 58 36
18 65 4
84 56 47
19 72 28
25 54 56
76 14 37
68 33 26
27 10 32
76 85 5
34 57 76
56 53 86
4 41 7
53 87 7
61 99 34
91 97 86
87 24 40
88 95 34
12 32 10
84 17 43
9 59 11
41 68 82
52 50 34
40 16 61
27 73 63
23 81 28
18 73 78
55 19 14
18 58 22
36 25 27
50 74 94
30 67 73
3 42 95
19 59 9
12 55 50
3 56 57
33 3 83
64 76 53
98 8 2
88 84 31
14 61 98
4 72 96
12 15 93
84 58 48
27 21 8
3 71 58
17 73 90
90 36 13
88 51 94
86 66 14
37 78 46
70 5 66
72 58 27
61 64 81
91 61 63
15 21 44
14 81 43
56 47 43
97 20 86
4 10 25
64 31 8
34 32 46
98 64 75
19 64 83
83 32 45
14 41 97
56 58 29
16 28 90
14 77 81
30 86 47
76 2 17
71 8 53
10 4 24
48 75 25
53 58 65
76 97 55
60 93 93
84 46 10
96 73 75
8 17 34
73 35 86
44 42 51
69 85 58
12 7 14
51 16 24
97 65 56
63 19 55
53 42 69
36 1 83
44 31 18
16 53 54
3 25 46
6 90 93
64 31 94
67 51 3
15 93 9
13 23 2
34 8 35
76 32 99
88 73 54
37 24 35
59 70 73
71 83 88
41 23 22
87 91 79
66 56 46
59 74 97
93 0 4
38 75 69
88 37 34
93 98 77
31 81 100
4 68 65
40 87 18
68 65 82
17 45 77
31 65 53
39 12 88
46 0 70
32 0 33
25 47 55
27 15 11
96 20 17
51 90 97
80 0 69
54 84 73
54 44 44
90 13 22
57 67 100
6 26 94
44 31 76
0 83 46
18 38 14
27 88 8
99 29 33
68 25 72
38 23 23
99 28 42
70 28 44
25 55 69
52 59 76
93 12 62
52 0 44
77 3 43
28 88 52
16 99 84
2 39 24
1 47 3
66 97 47
44 20 75
64 82 89
65 47 94
75 70 63
68 6 87
75 33 44
1 74 91
72 17 23
12 40 78
62 8 33
0 58 23
78 5 38
79 40 56
99 51 92
85 4 2
36 57 61
15 60 99
86 45 94
1 64 78
5 41 65
21 18 36
61 46 37
17 70 34
50 45 89
28 57 24
79 87 36
17 78 2
64 55 1
59 72 84
8 83 82
70 10 58
80 49 100
99 38 85
30 20 13
88 84 77
88 60 20
38 41 39
17 75 68
24 4 40
15 24 95
58 32 29
14 1 27
62 73 11
81 48 12
74 44 49
93 43 2
92 28 96
56 17 55
64 43 58
6 49 62
59 91 90
95 3 77
19 52 36
85 71 54
66 67 30
17 12 80
68 83 60
42 84 55
29 88 74
39 50 70
97 93 25
62 21 47
18 46 78
98 11 3
25 17 27
50 75 100
76 28 93
3 84 45
15 34 79
59 58 94
66 58 60
93 84 44
98 68 68
98 6 37
83 49 70
26 48 31
82 1 34
46 90 98
77 35 64
91 57 73
30 21 4
65 51 13
79 62 32
58 72 74
70 19 95
48 75 100
76 33 18
25 14 5
96 52 41
27 49 72
45 57 91
36 67 19
58 26 64
76 85 96
23 15 2
33 53 35
74 1 35
60 80 99
27 74 68
16 15 41
43 57 40
85 46 51
75 53 88
63 39 41
0 46 12
8 95 28
55 31 92
29 95 53
64 81 6
70 6 53
46 82 45
58 81 54
46 19 14
90 30 61
6 59 89
87 15 70
61 68 20
98 90 96
38 35 88
75 28 92
34 36 5
59 78 79
79 40 5
11 39 20
41 84 60
91 40 77
81 50 29
5 51 83
5 79 2
27 79 31
23 11 92
95 35 6
90 40 79
75 61 76
11 86 32
95 6 97
95 26 3
2 38 46
18 88 54
64 59 27
96 57 16
89 97 38
3 72 69
4 90 86
25 99 82
55 24 28
19 33 19
97 70 82
92 52 46
16 37 84
25 70 43
84 55 7
53 86 24
40 24 61
51 95 56
59 76 48
44 19 95
71 40 34
12 51 60
87 22 94
46 77 84
19 81 45
59 66 20
10 21 78
86 91 3
8 32 100
77 84 76
40 44 95
26 94 18
60 81 62
83 8 29
48 72 44
5 69 20
89 34 78
51 35 51
94 38 3
63 6 21
24 1 77
60 25 17
87 94 54
95 59 76
84 46 26
54 39 63
85 16 99
15 51 79
83 3 92
3 70 30
90 33 59
14 79 15
13 25 3
48 44 3
28 71 39
24 72 80
40 92 59
21 22 50
87 78 33
3 69 23
79 37 78
28 78 56
63 35 27
97 10 36
16 41 99
98 59 82
64 76 76
72 42 33
25 3 79
50 13 6
82 79 97
33 88 74
46 87 3
59 49 83
78 57 56
9 16 1
67 35 50
73 67 87
51 89 35
37 79 70
86 46 24
15 1 61
26 89 29
12 35 6
17 7 51
22 46 29
29 35 64
76 41 79
80 92 6
73 77 19
86 29 65
1 58 95
53 99 7
64 93 5
2 83 97
45 84 88
56 83 19
88 76 76
45 12 88
79 19 92
98 91 69
18 84 86
53 74 20
14 48 33
49 71 9
90 91 45
92 54 12
69 29 75
65 7 98
73 46 79
70 52 49
50 84 42
78 14 99
24 44 90
19 59 58
28 60 51
5 1 69
37 29 36
29 98 63
2 49 63
42 82 33
68 99 65
24 40 35
5 77 36
88 4 25
76 23 12
6 79 80
62 42 23
88 84 100
48 49 79
93 0 76
78 79 87
32 77 75
93 84 82
80 45 27
59 51 61
32 8 76
72 28 60
15 91 16
96 77 77
95 48 17
6 54 15
2 27 72
4 92 72
53 31 82
43 22 6
64 21 90
96 58 91
33 10 32
27 10 77
6 33 12
80 52 49
13 83 31
75 91 68
14 55 23
79 28 62
48 91 66
32 39 100
8 77 55
82 95 85
95 50 41
83 62 64
94 70 29
93 21 73
17 78 12
35 66 76
61 15 23
27 74 19
52 2 48
29 50 28
69 43 31
22 48 92
74 57 65
7 25 18
86 43 42
94 12 50
44 8 87
99 85 74
18 80 16
68 79 73
20 94 71
80 1 11
8 24 9
59 94 84
70 18 93
17 76 40
66 27 27
46 22 20
81 72 53
9 52 85
95 2 96
87 69 98
87 70 22
32 90 74
33 78 87
72 86 96
97 78 89
8 73 20
87 89 44
20 64 54
18 37 67
38 48 92
56 86 93
15 95 79
76 96 7
85 51 2
66 84 1
67 85 35
37 38 76
11 47 72
15 55 52
82 64 83
93 34 44
62 61 59
46 49 99
47 79 77
52 80 20
48 21 28
45 47 43
73 5 9
95 52 29
57 53 58
43 48 1
38 90 30
83 69 12
16 86 67
31 42 8
62 36 73
49 68 19
10 5 95
15 27 47
89 52 51
56 82 86
14 29 42
17 64 98
80 58 10
13 53 96
80 59 79
42 5 2
42 4 52
51 97 34
72 27 21
65 98 25
11 36 68
94 36 56
95 73 93
59 71 58
18 28 67
59 24 15
