18 2 58
2 88 52
7 39 47
16 33 82
48 27 8
92 21 91
43 9 97
44 1 94
32 4 36
31 0 48
44 60 81
57 3 43
22 67 58
57 89 90
27 2 79
55 95 95
7 90 95
59 25 46
58 26 92
17 90 10
50 38 80
51 14 44
68 71 52
73 26 11
27 1 86
10 61 22
10 88 62
62 57 73
91 92 45
88 31 23
23 66 53
60 97 91
39 83 74
20 32 7
26 30 78
74 95 66
61 74 78
91 93 33
92 75 96
11 5 30
9 64 38
83 54 9
5 21 37
51 60 57
17 53 78
4 94 19
48 99 89
92 41 37
45 58 66
65 75 4
85 82 18
10 95 46
43 98 85
34 91 60
72 62 61
24 95 39
22 53 96
3 38 23
18 17 64
52 9 68
81 72 100
98 74 36
64 69 3
65 46 62
50 11 99
18 81 67
33 85 45
82 49 39
24 37 69
45 67 98
57 84 20
24 19 61
43 13 91
69 48 7
47 41 60
14 12 54
34 49 19
27 24 96
69 48 24
48 2 42
1 27 64
82 55 56
63 83 36
51 36 40
8 41 24
27 56 45
20 27 11
36 59 37
81 41 87
42 26 66
29 50 71
27 52 18
4 87 42
59 50 51
70 54 7
92 18 17
98 40 81
93 19 80
9 76 16
38 16 18
87 8 88
70 96 45
8 62 22
9 89 47
53 48 36
75 65 36
22 24 9
13 35 68
94 11 54
73 58 53
94 56 30
8 65 33
35 96 65
1 22 42
64 37 78
98 79 47
94 74 92
15 97 44
9 36 26
34 44 24
22 75 100
3 89 65
15 45 36
57 93 87
64 0 22
40 65 81
7 54 39
92 23 76
70 62 79
33 24 86
47 83 19
0 20 79
25 20 50
4 85 31
15 11 62
63 51 39
59 26 67
21 60 17
28 55 75
14 42 89
71 46 26
25 51 44
49 10 96
49 59 19
24 66 63
2 68 97
57 80 32
31 70 99
70 82 33
60 41 27
8 63 39
44 38 37
84 80 79
45 58 31
65 27 86
89 77 71
44 91 15
54 38 34
89 98 88
7 71 7
32 0 74
13 14 49
74 25 18
99 15 34
62 12 89
87 56 71
49 99 56
51 11 8
95 42 6
71 31 4
51 36 32
31 17 15
93 16 63
56 20 45
55 45 75
42 87 98
56 99 59
37 36 33
50 76 12
12 54 40
73 20 15
11 93 43
88 2 97
84 21 33
70 43 16
17 40 26
67 38 62
54 36 53
30 43 95
60 42 62
78 12 68
85 43 100
87 74 27
42 63 76
43 26 47
0 39 11
11 43 83
37 8 18
6 9 100
35 60 86
75 26 100
8 96 8
82 83 77
56 50 21
74 89 73
98 21 99
3 94 32
71 90 68
97 26 43
58 62 65
2 9 99
83 6 23
32 92 61
84 21 51
93 34 51
43 33 8
22 7 47
43 88 27
35 48 100
2 74 38
51 99 7
64 84 29
7 31 92
24 12 35
6 81 60
71 29 81
53 22 32
89 58 37
2 34 28
52 98 94
99 93 82
75 59 84
93 97 63
61 21 34
54 28 34
21 72 60
64 8 54
19 96 87
17 57 46
47 60 3
71 76 59
18 17 99
78 80 35
2 77 55
70 14 72
5 90 33
6 12 41
71 69 7
84 23 27
5 64 74
75 94 45
67 12 98
56 70 94
94 47 10
52 82 29
17 99 5
72 94 57
19 60 50
85 52 57
58 15 11
25 2 7
94 48 79
84 6 58
15 95 15
19 21 98
97 41 27
51 86 23
27 26 32
46 14 43
63 54 81
92 64 76
20 32 81
26 40 34
43 41 34
37 52 23
12 71 90
69 20 1
2 59 15
78 72 80
98 83 63
27 54 44
89 18 94
23 92 36
18 30 31
81 43 51
20 62 70
24 98 52
97 26 19
98 10 79
22 99 19
55 48 70
44 35 44
80 56 5
24 49 98
63 66 17
42 48 72
64 96 28
31 36 92
12 35 94
33 11 35
25 19 37
46 98 5
82 3 95
66 36 51
65 14 6
92 69 73
9 38 75
60 37 38
83 15 11
43 95 38
39 92 6
53 70 9
28 55 43
90 71 79
34 38 59
53 33 68
17 65 86
91 57 91
46 17 11
24 65 79
65 24 100
42 99 23
1 53 43
58 49 54
54 72 72
45 65 47
37 32 62
4 13 11
63 51 31
40 70 72
50 92 30
28 6 32
50 96 24
62 44 27
2 52 73
75 50 53
21 76 3
73 26 34
54 59 24
80 57 8
18 51 53
65 40 46
75 68 44
10 7 64
63 58 17
45 11 15
87 41 52
24 25 37
95 13 94
97 27 85
24 77 58
21 72 16
7 31 83
70 10 24
48 81 3
67 63 73
65 48 35
7 10 94
78 52 67
4 69 30
25 58 7
31 23 72
30 65 64
84 73 40
34 71 93
24 17 57
68 86 6
33 81 99
67 95 65
86 11 97
83 8 63
95 54 27
17 79 20
14 19 90
19 37 75
16 48 8
85 46 93
35 10 70
4 18 59
55 47 34
71 52 63
56 47 20
28 17 75
76 34 51
98 89 29
9 83 60
12 94 8
36 49 91
72 19 30
3 4 98
99 83 55
71 35 4
74 41 21
93 31 11
29 90 83
21 13 31
57 8 5
17 89 32
18 24 49
33 82 10
27 4 82
45 67 4
15 48 66
53 95 51
84 36 67
0 94 21
33 93 7
27 76 94
81 54 20
65 30 98
0 57 37
16 36 15
19 50 65
43 14 53
4 43 13
79 34 43
10 14 41
46 21 64
67 60 18
69 37 85
69 81 16
46 24 6
0 71 26
77 70 45
27 37 96
90 75 85
69 3 39
20 38 69
4 26 99
80 79 62
11 82 71
71 7 93
33 76 3
56 90 93
87 39 71
24 32 37
42 17 31
39 78 74
96 84 88
14 1 69
97 77 38
87 36 41
68 55 78
93 73 73
9 59 90
37 77 59
52 48 85
27 31 19
62 50 30
34 79 6
28 76 82
18 3 95
36 8 2
75 38 96
73 28 28
6 65 93
51 39 59
44 47 99
78 12 19
38 73 74
48 21 63
40 34 20
14 48 26
87 19 17
70 38 7
4 79 34
31 94 68
13 63 53
88 62 77
2 6 38
53 78 18
8 29 4
92 13 37
24 17 79
83 15 56
49 99 83
64 67 23
11 74 2
82 5 52
17 18 99
68 4 82
10 72 79
5 66 51
80 32 25
98 21 60
95 61 94
18 59 31
88 24 19
66 30 97
70 9 93
2 54 51
22 13 74
30 92 51
82 88 45
21 82 47
46 84 5
80 74 70
67 33 76
81 3 61
97 59 43
7 70 62
62 48 60
75 51 11
54 39 52
19 8 3
50 92 88
82 72 46
13 15 7
47 96 64
52 24 92
74 66 100
99 63 71
77 76 68
38 56 28
72 36 87
44 9 88
86 13 22
94 35 34
41 83 27
39 48 85
23 67 19
73 39 52
20 23 87
20 96 19
4 76 38
39 46 53
59 65 11
59 69 18
51 2 8
6 4 37
10 79 13
17 55 77
89 42 34
55 54 96
43 6 94
29 46 32
33 81 32
65 5 16
30 55 37
36 80 77
90 94 84
89 0 90
24 18 92
91 12 76
45 57 5
11 9 91
68 40 39
26 51 84
72 79 86
43 71 89
49 25 97
18 2 7
74 12 95
68 22 48
99 63 37
47 38 42
18 77 67
62 27 81
6 21 93
57 37 59
1 18 89
34 96 44
13 22 37
24 17 75
58 85 69
70 64 67
14 62 32
67 21 96
0 97 51
45 82 75
97 16 32
82 73 85
19 15 93
33 4 89
66 11 29
30 40 56
21 80 82
7 99 58
57 65 67
72 0 5
85 80 67
26 6 31
29 62 18
96 14 95
41 8 23
93 29 47
44 96 21
87 0 11
27 67 87
59 56 15
72 18 81
15 34 88
35 33 85
52 84 69
43 58 50
52 34 41
76 22 2
44 95 13
99 88 75
57 60 26
39 42 22
34 36 65
84 60 58
64 13 2
53 30 69
8 95 3
42 8 15
52 37 1
49 18 88
31 6 13
67 32 50
73 32 95
49 9 93
43 9 88
53 39 85
42 83 1
55 59 94
4 91 23
94 91 64
6 60 1
53 46 24
19 36 96
0 73 72
64 10 24
5 98 56
68 88 85
33 99 31
94 3 23
14 46 75
74 56 13
17 51 25
61 76 55
92 51 35
86 77 61
30 97 56
16 40 70
3 72 75
36 70 82
21 96 90
2 15 33
8 40 99
39 90 17
30 78 72
22 73 99
53 97 1
0 90 43
76 83 84
79 50 77
14 13 76
91 26 79
67 61 4
61 40 71
89 95 7
55 99 5
2 50 82
71 76 18
15 63 82
52 69 36
13 82 20
10 44 73
62 52 41
66 58 17
79 15 72
6 30 16
79 28 94
0 14 11
54 27 37
65 26 98
21 38 81
10 95 68
97 29 14
13 81 11
84 12 19
17 77 71
15 1 36
51 93 90
67 19 4
78 16 2
73 42 55
55 41 54
65 77 18
7 62 83
13 46 42
14 86 86
67 69 66
54 40 26
38 41 71
45 29 84
24 26 67
35 9 23
13 42 26
55 85 83
87 34 91
69 21 7
74 4 26
65 17 13
45 73 70
64 89 68
37 1 50
58 6 64
42 83 45
14 83 91
44 42 43
36 11 60
13 44 48
44 54 66
65 34 91
20 58 31
25 79 76
49 52 31
21 4 54
39 95 89
24 86 40
18 60 72
91 25 57
47 32 43
63 8 23
49 67 67
96 38 31
60 16 35
4 29 75
41 10 25
92 56 96
39 29 13
96 76 41
82 86 24
10 66 93
49 1 25
13 58 4
46 75 48
34 24 91
84 77 54
88 52 6
75 33 5
63 79 49
72 21 80
40 14 49
76 5 98
52 56 44
17 84 94
22 74 75
0 1 32
31 10 1
34 28 26
56 46 57
14 46 17
90 3 82
50 47 85
62 93 58
40 89 16
99 2 74
31 97 66
17 13 65
58 26 63
59 76 3
32 5 36
99 22 52
46 77 29
51 38 83
54 74 57
60 87 4
2 73 30
73 20 55
3 71 63
90 76 17
70 71 4
98 16 100
32 8 94
32 55 96
49 78 56
9 33 60
70 45 91
9 91 68
24 40 62
81 14 56
88 65 12
21 35 99
70 69 30
25 67 100
16 19 40
62 60 25
78 74 9
16 80 48
8 60 30
96 23 74
30 95 96
16 2 15
47 93 98
47 21 67
5 69 4
84 30 99
17 21 93
89 84 70
57 13 86
2 4 70
72 44 39
76 83 100
15 29 29
24 61 80
17 75 79
98 63 43
56 29 99
19 38 42
35 55 34
24 51 24
68 52 85
97 18 96
98 53 64
58 70 88
34 22 40
16 66 36
69 64 16
9 23 2
52 69 33
3 40 53
27 5 35
8 13 50
34 63 36
33 17 23
16 45 33
59 85 2
98 7 54
66 0 57
61 13 72
5 33 81
17 49 60
82 89 85
41 4 54
30 98 10
10 76 24
94 15 5
81 34 10
54 62 98
67 58 67
70 22 3
63 51 19
46 25 34
49 43 89
40 77 27
96 44 25
88 31 21
14 35 90
95 24 5
85 72 6
8 24 51
59 89 97
30 16 97
57 55 55
64 28 93
92 27 87
66 95 97
0 91 58
88 96 91
74 82 70
11 19 27
38 14 73
17 54 9
11 24 61
83 71 35
42 0 65
77 2 27
35 89 69
20 2 20
1 43 44
52 62 17
53 12 71
47 5 81
17 82 56
74 97 84
33 49 71
47 49 1
6 68 67
98 60 40
10 20 47
80 47 61
47 67 56
91 7 52
63 42 79
50 87 9
79 73 70
59 57 55
24 50 22
12 56 57
23 38 29
89 16 54
14 78 46
39 45 34
21 9 46
66 13 70
77 84 13
21 97 6
99 73 11
58 55 100
3 15 67
14 17 73
9 76 18
49 19 99
95 80 73
22 47 89
97 31 12
77 27 39
27 3 24
20 56 5
64 45 30
91 57 68
9 67 23
99 43 71
6 46 89
87 64 13
58 22 59
76 41 52
36 44 55
40 66 16
25 49 61
12 21 68
75 97 25
77 16 59
9 88 35
33 73 71
85 63 86
74 66 45
17 18 56
0 55 18
39 94 33
83 11 4
16 68 61
0 41 75
13 24 98
73 98 30
2 57 20
58 76 14
98 63 22
90 28 86
17 66 87
60 24 53
49 39 54
82 53 77
86 51 55
29 93 56
2 35 99
56 98 82
35 30 73
33 83 12
86 87 41
46 41 24
22 11 11
30 72 53
97 77 6
86 56 19
92 62 100
83 27 76
86 93 80
98 68 43
5 94 56
43 60 23
69 82 47
84 22 29
61 35 30
58 67 62
17 42 60
71 24 50
99 7 48
69 27 90
85 21 16
78 70 34
82 25 58
12 7 60
97 51 77
7 17 38
59 23 88
2 37 19
7 73 48
67 93 38
91 82 41
44 35 8
83 79 62
92 35 51
46 92 16
86 30 48
8 40 92
56 20 70
46 79 14
91 71 91
64 6 52
74 89 2
7 53 7
0 21 40
7 97 65
48 89 7
26 24 16
17 9 57
98 59 55
33 12 63
78 46 54
40 72 94
62 29 69
32 80 18
34 6 63
51 55 46
53 49 6
45 53 87
6 3 37
53 94 14
88 20 58
55 42 86
57 3 95
21 6 61
63 64 38
48 79 62
55 85 21
23 29 24
78 4 15
89 13 35
53 70 5
63 56 52
96 12 11
63 35 16
65 94 21
4 49 43
79 35 15
43 50 40
0 42 25
67 12 100
31 46 4
1 81 70
11 36 68
54 60 46
5 0 97
68 43 3
26 75 67
89 94 44
8 37 31
54 32 72
33 88 94
82 76 99
26 96 15
4 52 14
54 27 30
68 56 17
68 41 90
84 3 95
96 37 21
2 25 19
36 76 51
24 22 3
1 68 61
21 8 10
65 52 73
11 7 99
89 37 24
6 13 98
2 68 61
22 23 50
23 15 97
10 20 72
44 61 50
21 10 54
91 66 56
76 87 74
26 0 12
99 21 13
42 69 81
2 81 13
62 10 16
68 24 41
54 29 51
71 88 15
49 74 78
71 3 37
77 30 3
53 86 39
92 43 41
10 81 100
77 1 28
98 2 83
10 80 24
30 40 49
55 34 1
80 22 89
51 97 65
30 16 93
41 35 54
44 36 14
16 0 47
80 96 61
74 25 14
4 26 80
94 21 26
83 80 90
84 74 14
94 48 18
76 23 86
45 13 3
77 1 22
90 21 82
11 61 62
5 71 23
68 99 60
50 46 35
64 84 46
31 75 44
31 34 70
24 18 56
30 14 56
20 90 24
6 44 19
4 86 22
28 45 94
33 70 91
18 93 90
54 65 72
41 39 75
60 48 77
7 42 72
71 34 5
28 64 62
67 93 59
9 21 84
84 83 40
1 6 53
47 79 44
43 71 76
85 4 52
78 68 96
29 48 98
6 61 49
17 12 22
36 31 83
79 31 77
33 71 22
68 9 73
24 65 90
6 72 23
18 22 23
34 63 58
34 47 66
54 2 95
99 4 37
73 22 57
8 65 76
1 31 30
51 6 85
51 44 6
20 2 26
26 6 43
96 11 70
41 36 4
38 50 91
28 42 25
93 22 73
88 29 20
21 0 8
34 21 27
75 4 66
1 38 75
18 90 77
97 74 63
5 16 85
56 12 25
23 95 17
25 82 4
3 36 71
85 66 26
49 20 5
28 11 51
28 45 53
48 93 50
68 19 89
80 19 81
64 25 51
19 79 78
64 85 94
20 34 40
14 21 65
27 50 61
40 50 89
71 18 92
17 47 96
60 14 54
61 15 61
57 75 49
69 78 93
14 32 81
77 11 28
51 80 67
20 97 67
12 14 44
61 39 71
10 96 33
42 25 60
95 19 24
46 17 80
83 71 27
34 63 81
65 72 8
11 65 29
34 24 2
93 23 6
36 70 71
18 64 98
42 36 75
53 16 49
27 64 39
33 53 45
61 30 69
66 16 44
36 37 1
55 97 10
21 54 11
20 29 28
71 6 20
90 10 76
72 78 18
41 22 36
98 63 52
5 40 85
81 23 60
86 33 85
7 99 89
30 48 100
89 39 32
42 91 26
82 57 67
25 13 90
65 61 57
28 59 4
95 38 53
55 2 37
72 45 64
11 34 96
69 43 96
78 61 47
73 66 53
73 63 34
73 38 16
86 87 74
23 24 87
21 79 47
42 70 48
73 16 27
9 32 46
45 90 49
62 22 22
9 50 36
74 10 25
40 28 74
41 85 83
22 90 8
49 78 80
18 27 48
82 24 38
11 39 45
18 19 71
86 55 16
15 56 88
35 51 28
80 39 42
21 37 83
62 83 19
85 81 24
44 91 74
13 59 44
49 19 85
40 34 67
98 19 16
71 65 51
79 50 96
14 92 67
82 35 72
9 6 21
69 7 77
16 53 68
25 13 92
30 66 2
37 47 81
62 33 13
88 79 21
4 72 25
86 71 70
97 14 63
10 44 66
91 38 56
16 73 12
77 55 71
43 84 54
86 76 25
57 92 100
69 46 93
32 79 73
87 86 44
55 44 20
5 46 85
43 16 38
84 75 100
88 36 65
98 56 8
82 22 60
23 83 11
48 83 9
41 53 20
56 25 87
33 7 60
91 41 84
22 2 41
91 19 31
42 85 47
40 18 3
90 40 28
63 58 21
36 39 49
85 62 9
24 27 83
64 38 14
58 98 79
33 44 18
37 2 47
85 45 36
90 40 26
43 46 53
35 72 58
77 86 6
76 65 65
34 43 66
70 98 5
39 88 1
46 12 82
79 39 82
62 2 65
13 67 38
11 82 63
34 56 83
5 65 42
53 72 24
47 66 20
41 89 99
46 25 69
64 83 34
18 0 83
42 32 32
80 97 64
25 17 25
38 43 44
6 25 6
81 60 52
26 76 44
53 83 78
71 42 64
77 66 100
72 25 87
60 28 56
80 44 25
11 75 7
98 14 59
60 70 7
68 40 58
59 6 3
73 48 67
4 37 60
19 50 34
88 5 40
44 8 5
0 86 88
90 32 62
35 41 25
96 88 76
50 69 51
84 65 1
74 27 85
81 66 94
29 5 11
11 40 35
35 26 13
40 16 9
22 83 13
95 94 91
13 19 77
19 26 28
60 97 88
76 77 64
70 40 56
95 97 39
27 15 78
71 42 30
18 5 44
18 9 98
17 1 100
79 65 38
27 18 50
24 19 99
47 96 4
77 88 76
40 50 58
44 21 35
35 62 74
61 55 90
44 66 71
32 27 19
23 16 56
82 72 33
74 57 7
30 54 32
90 46 26
76 87 61
27 74 23
52 72 75
88 0 71
45 80 38
77 50 54
16 54 40
69 11 49
98 54 48
7 75 41
33 41 23
58 84 19
89 78 74
77 53 91
82 6 59
48 65 41
8 86 15
66 12 66
0 57 9
9 0 41
84 80 56
84 18 68
24 88 90
49 91 79
98 13 73
73 12 94
19 94 87
13 92 7
91 49 72
42 14 58
20 98 49
75 82 29
96 60 10
72 5 45
41 25 8
40 30 24
47 2 19
76 85 97
22 83 6
19 54 37
94 43 61
77 72 97
8 41 5
47 26 79
30 47 45
51 95 12
2 48 42
96 88 20
92 49 38
63 94 32
51 70 4
76 18 54
8 52 87
77 18 35
56 35 93
33 52 20
86 22 36
13 80 24
60 48 84
46 24 74
38 84 56
6 5 23
70 75 8
74 16 63
79 3 94
9 70 59
90 30 89
61 58 46
69 62 42
26 37 93
10 0 84
50 46 85
27 59 51
46 39 71
49 61 77
12 19 43
35 20 26
89 8 18
44 75 30
69 72 38
65 68 37
1 51 57
71 97 74
93 83 46
18 68 59
50 88 11
2 69 53
82 94 2
83 60 48
75 5 95
9 12 98
12 62 62
9 5 66
34 82 53
13 55 5
89 77 98
38 34 45
18 0 7
61 1 91
94 93 90
78 57 95
96 67 2
28 71 14
13 3 86
56 26 45
33 96 56
93 94 61
97 43 76
96 99 53
20 69 52
74 60 92
34 15 80
62 47 67
36 9 37
15 85 62
36 24 100
95 65 60
22 17 27
50 40 56
69 81 11
0 84 51
29 49 22
47 91 38
20 13 44
32 9 8
66 88 45
17 64 38
10 71 12
96 5 39
63 53 16
37 27 64
16 86 44
71 50 97
7 62 19
60 53 97
98 64 17
64 17 33
5 16 20
77 43 68
43 1 55
8 47 41
51 79 16
33 24 11
41 8 64
8 41 37
70 9 98
58 31 8
48 88 99
7 57 61
44 53 24
30 57 34
79 37 80
30 19 15
13 74 41
88 11 37
0 34 85
63 48 49
48 80 87
54 24 43
2 84 27
9 17 35
63 96 15
97 65 49
68 69 50
12 63 65
71 31 48
32 77 54
59 17 24
37 8 31
20 7 62
66 90 11
39 95 60
15 9 84
64 10 6
7 81 34
39 97 25
86 40 94
75 57 84
28 75 57
4 2 91
96 86 7
45 50 64
20 84 39
39 24 93
7 33 75
54 67 55
46 26 56
96 48 52
36 44 53
14 69 26
45 98 10
48 73 20
60 49 24
48 18 29
84 23 81
25 82 76
51 81 40
77 79 94
78 72 87
30 53 16
50 96 85
69 2 6
65 32 17
1 22 36
18 43 76
50 35 8
24 61 27
24 40 18
16 90 68
86 27 57
11 90 62
56 62 52
6 79 89
56 62 77
37 98 33
81 73 67
99 21 25
36 98 12
81 38 18
76 98 48
66 75 12
23 46 14
69 87 80
67 73 24
3 53 2
80 39 28
51 9 3
34 58 76
56 69 39
20 43 10
60 64 62
35 99 23
32 43 11
66 59 90
92 29 52
84 10 3
23 98 100
61 60 16
89 18 57
39 80 20
53 99 42
20 43 77
45 71 52
27 0 32
56 80 34
38 53 31
12 88 40
13 59 5
65 11 63
82 38 26
74 31 9
33 72 80
70 36 27
80 96 98
59 36 91
96 66 42
66 90 2
81 54 99
56 30 47
84 67 83
31 95 77
2 40 20
7 62 65
68 35 27
66 2 58
72 85 15
81 39 21
69 58 100
51 12 84
22 20 61
92 95 41
41 90 19
95 39 12
49 55 62
18 82 26
58 86 6
90 45 33
36 92 21
22 66 95
37 47 83
66 98 10
23 86 77
78 10 7
67 80 83
67 44 16
59 66 8
74 77 1
75 77 57
95 97 6
2 39 67
23 49 84
38 92 1
87 50 59
34 69 74
43 94 17
39 86 62
12 54 33
97 61 68
73 6 25
58 17 44
44 65 87
12 51 44
62 36 57
16 91 95
77 61 28
69 33 81
47 65 92
38 60 5
83 49 85
66 63 80
59 9 68
40 42 11
34 10 99
73 8 16
42 19 5
17 45 24
3 86 100
62 64 2
39 80 84
53 3 62
69 57 71
84 73 75
22 31 22
10 5 85
49 10 70
93 49 48
45 84 83
41 88 42
42 16 74
92 93 5
64 66 62
84 19 41
50 27 6
32 91 17
90 53 2
93 53 87
49 87 19
99 30 14
11 89 6
30 13 100
45 88 10
53 31 32
53 74 40
25 76 29
96 98 33
17 28 60
28 58 28
72 2 60
58 60 35
13 52 96
87 34 48
24 19 84
44 34 87
44 39 46
88 1 18
92 85 46
87 73 84
91 21 62
92 52 73
56 5 20
98 40 15
9 40 59
91 98 53
22 17 99
97 65 72
1 81 43
12 48 4
77 22 33
13 14 73
50 20 66
77 30 40
72 34 87
63 52 39
87 90 79
12 18 92
5 97 41
61 20 10
8 70 18
45 14 50
13 11 70
69 17 44
54 76 11
73 81 25
41 95 3
80 41 5
64 60 6
7 6 73
63 52 68
74 83 94
52 42 39
14 65 8
46 74 65
29 27 57
73 43 33
91 7 72
12 82 87
80 29 85
32 56 56
72 50 59
37 69 15
47 0 100
85 42 94
38 91 79
14 71 9
21 43 97
87 50 100
56 66 24
53 85 70
17 55 12
96 10 26
50 28 11
76 99 31
58 23 73
67 26 25
74 84 89
68 17 82
10 33 52
53 33 30
49 77 62
99 54 10
43 35 97
61 26 41
43 50 60
28 33 85
49 18 63
69 71 47
23 66 40
67 47 82
13 14 85
33 53 16
47 1 35
49 64 33
95 78 41
64 47 54
63 59 42
34 69 2
92 43 64
32 19 10
51 92 41
26 69 36
59 98 79
9 52 98
64 35 43
64 14 24
28 73 91
51 24 40
12 13 95
84 37 13
47 53 31
98 53 57
12 73 85
58 85 58
90 38 97
51 30 26
85 24 79
12 29 15
13 89 15
20 57 5
16 98 15
93 67 64
19 31 21
42 81 39
83 53 71
42 11 49
92 41 59
3 13 68
19 15 36
34 30 79
72 96 40
59 52 22
32 92 55
2 13 25
86 64 3
57 25 24
64 62 29
2 48 48
39 80 18
66 52 91
13 2 1
59 24 92
45 37 38
64 68 82
97 17 68
19 18 2
71 37 34
25 52 35
24 80 21
87 88 47
94 69 11
48 9 11
93 25 59
78 65 32
83 62 24
22 84 60
66 42 33
45 68 57
29 84 2
58 1 26
2 72 24
66 62 13
46 16 77
3 33 75
96 33 32
51 83 35
50 28 75
71 83 64
62 77 69
0 60 79
86 90 13
32 62 64
40 87 9
58 83 32
72 70 72
15 9 53
84 55 8
82 63 5
73 42 84
86 76 11
52 47 64
49 54 59
59 31 5
7 27 56
15 34 51
46 5 17
93 54 17
51 1 22
28 18 22
47 19 49
89 29 74
93 99 76
8 10 52
38 75 64
78 28 45
68 91 88
18 49 48
68 73 88
83 37 30
71 84 62
82 86 8
7 92 37
79 35 30
95 72 5
52 16 27
21 14 25
43 99 52
12 22 40
0 83 46
50 83 82
14 24 89
86 62 76
56 33 56
69 59 12
24 21 13
52 63 58
76 75 11
44 68 100
47 86 74
99 91 29
85 16 8
30 85 23
67 65 98
99 50 16
49 52 59
77 42 15
32 68 97
29 73 61
3 6 67
14 56 79
42 91 1
6 62 65
5 23 21
29 48 48
17 62 99
18 90 53
66 58 79
35 89 87
87 92 15
75 58 80
57 61 21
43 83 26
95 41 32
69 99 56
89 43 60
25 20 68
84 87 46
93 8 23
22 18 4
17 93 29
76 56 41
40 79 49
67 25 85
58 13 92
19 3 35
49 97 18
77 61 57
20 22 51
8 16 18
24 23 35
55 60 40
54 49 16
98 70 24
44 79 99
69 22 73
93 37 81
47 65 35
86 7 97
98 13 29
53 88 83
18 34 41
7 12 5
32 9 30
17 47 93
96 19 29
70 74 86
38 73 6
75 87 4
51 92 7
68 54 57
70 1 52
33 6 96
82 28 9
16 58 21
72 93 66
3 63 66
35 12 48
78 15 61
47 58 46
40 86 6
7 41 65
90 35 54
72 16 58
19 58 60
67 85 53
44 45 17
65 94 56
39 70 92
86 13 22
67 59 32
72 83 92
63 90 40
4 41 94
74 73 64
60 95 10
50 73 15
46 96 48
3 50 13
54 71 72
30 0 19
7 68 5
18 59 55
78 62 14
92 65 71
45 17 10
27 60 73
46 49 84
51 38 7
50 27 20
51 15 70
27 70 81
83 69 11
50 77 58
25 38 58
23 74 47
15 78 58
95 47 74
62 96 44
66 56 83
66 7 91
0 64 36
9 2 68
9 69 12
71 99 79
92 72 99
87 88 57
46 70 78
96 6 97
77 63 64
92 3 11
51 75 1
64 84 87
3 90 82
55 9 5
61 47 74
70 55 62
96 85 68
85 45 27
47 40 26
81 62 64
25 92 31
51 9 20
72 18 3
12 30 6
55 67 2
36 42 13
13 88 63
98 75 37
92 0 83
97 11 68
21 19 46
47 20 30
85 35 7
90 51 72
88 3 44
33 17 30
42 41 86
87 22 27
3 97 89
10 23 32
61 86 55
33 90 32
23 21 58
49 50 45
22 21 79
83 11 55
15 82 86
97 79 39
95 83 57
38 80 82
72 79 82
74 75 71
57 84 10
77 90 69
80 42 78
22 30 17
5 6 74
90 16 21
74 66 52
63 69 34
89 40 100
21 64 100
58 44 14
38 3 99
66 46 73
91 57 37
49 8 44
5 74 32
82 87 45
70 69 80
57 32 7
59 8 13
58 36 67
69 34 67
96 19 11
69 95 43
80 37 15
35 66 67
66 28 37
77 82 16
64 34 96
81 36 11
68 73 89
71 44 84
25 47 50
97 6 83
87 25 54
40 15 87
10 82 2
1 29 79
15 37 14
86 20 11
50 30 20
43 99 99
14 84 62
6 2 40
6 37 11
66 37 38
20 53 20
33 52 83
61 79 50
75 1 90
37 21 10
18 13 56
66 22 11
34 67 67
86 66 38
98 51 76
87 33 48
55 5 92
10 71 46
39 24 51
46 32 100
49 15 15
1 4 47
2 67 23
35 62 78
49 4 19
3 76 76
46 41 68
95 46 6
44 98 59
1 21 68
12 54 44
99 44 69
9 55 61
33 35 14
86 2 73
32 48 67
63 51 7
6 63 60
78 18 72
68 81 21
2 13 95
99 74 97
93 0 49
46 55 27
12 8 50
97 36 43
35 51 85
30 50 88
20 57 26
11 53 63
53 17 34
12 96 19
78 49 87
94 67 46
51 53 5
45 16 88
79 98 37
28 0 67
11 39 6
10 36 73
75 3 52
33 54 7
74 10 44
10 84 30
68 76 2
97 64 76
27 88 8
16 84 49
50 89 74
10 43 70
97 37 65
27 75 92
80 28 86
3 0 45
82 46 94
21 51 17
54 75 38
87 82 88
46 83 15
23 47 27
51 68 15
23 76 8
5 60 34
94 67 38
5 58 71
37 24 23
23 85 79
59 35 53
33 68 23
85 53 79
46 13 36
29 25 49
64 21 53
63 96 72
66 36 4
76 53 6
38 32 1
60 31 62
4 52 77
11 96 11
31 76 94
75 88 66
92 97 36
3 53 55
52 0 74
52 9 8
66 75 52
51 41 14
37 0 35
87 15 5
85 58 80
52 54 70
98 55 71
70 17 82
60 33 63
33 63 14
15 50 39
74 87 64
49 75 74
5 2 49
9 46 72
1 85 88
79 74 78
9 39 41
95 37 17
41 59 87
19 23 71
93 5 67
2 19 98
92 6 72
51 96 49
94 0 12
33 12 5
15 37 10
96 93 1
69 82 74
41 99 75
78 81 1
19 53 29
8 50 48
69 22 72
86 23 37
7 24 17
95 27 33
21 24 84
11 93 30
5 90 90
11 1 91
41 92 72
32 28 75
61 44 17
78 99 40
37 88 5
12 82 17
65 0 72
34 8 34
43 19 41
11 7 38
15 21 13
89 70 17
25 17 68
54 56 8
10 12 67
99 39 87
91 73 44
13 91 13
58 89 18
6 82 88
7 72 82
94 44 16
29 34 97
29 36 2
67 62 33
90 37 77
25 44 70
69 6 42
62 9 92
92 86 91
12 20 92
4 52 32
56 47 22
12 37 92
43 81 28
77 72 81
42 60 87
56 9 11
61 33 9
37 25 87
86 28 100
96 15 45
60 8 50
70 51 1
14 19 93
42 44 32
63 58 42
33 51 96
24 68 76
98 29 33
18 16 67
36 75 51
10 29 39
10 38 100
86 23 97
23 55 6
75 33 41
36 42 50
30 81 78
62 73 54
65 10 49
45 33 74
23 41 82
9 64 77
23 47 88
45 30 86
49 90 100
7 64 59
92 39 81
49 23 14
98 0 1
60 22 47
83 53 33
87 12 14
11 50 14
26 89 27
22 15 69
75 76 58
87 16 61
63 17 100
25 52 68
20 25 14
51 86 21
9 93 95
63 66 76
25 67 68
5 34 3
47 37 88
67 22 61
34 87 22
14 80 37
44 75 53
57 49 82
9 49 53
19 15 42
67 61 38
57 59 88
73 39 33
72 47 72
2 35 61
98 38 58
11 78 70
19 90 69
52 7 57
65 60 42
94 15 21
91 48 93
30 90 20
49 18 19
49 56 68
61 97 65
12 35 29
34 79 79
49 10 39
53 74 21
78 40 76
25 85 64
1 2 24
11 83 88
65 29 46
90 3 19
3 71 58
45 44 30
45 37 82
58 15 59
76 75 50
63 26 64
78 19 90
61 31 34
11 59 15
86 77 7
31 89 33
28 84 54
2 85 37
27 37 54
0 44 74
93 90 4
11 64 33
17 54 90
77 72 90
39 71 71
44 27 59
95 81 80
37 65 8
0 99 82
78 7 100
58 77 55
73 84 23
58 21 16
8 56 96
58 7 69
14 35 16
29 9 44
91 16 69
59 2 18
3 34 10
52 26 1
69 18 18
85 14 84
91 15 18
24 51 89
95 25 59
26 72 74
48 42 9
95 61 2
24 5 97
71 20 65
40 66 21
14 23 55
61 28 38
59 88 29
25 92 23
44 31 29
23 90 63
95 33 96
13 82 53
35 73 17
76 74 10
20 55 18
51 88 50
4 71 42
26 5 99
6 0 36
41 59 7
16 0 44
78 41 87
5 18 76
11 88 74
55 14 7
57 59 77
91 96 18
5 15 30
93 10 7
57 87 10
97 68 80
10 45 99
53 82 29
95 9 3
92 19 48
9 16 7
73 71 31
12 21 89
79 37 59
57 54 82
72 73 53
6 16 92
2 43 27
48 86 23
98 13 56
90 2 41
98 79 75
88 97 83
5 10 41
24 68 99
9 56 43
63 82 23
14 4 82
68 78 37
18 7 10
57 77 75
75 6 45
51 22 31
30 94 90
49 73 54
89 94 94
90 16 67
26 28 14
21 63 37
83 98 47
79 74 11
63 70 37
66 38 52
25 18 27
76 17 53
4 85 68
73 70 83
71 94 8
35 46 98
7 65 15
47 85 63
29 56 22
36 15 88
49 90 21
48 23 5
36 95 73
58 89 63
41 14 64
83 47 36
32 45 43
13 79 86
7 90 28
94 82 87
32 86 44
84 86 100
33 90 76
30 89 41
40 58 38
8 48 74
97 45 20
5 92 26
21 18 48
13 91 93
59 98 62
80 69 91
7 16 20
10 78 66
11 30 63
44 0 42
57 53 77
44 11 29
72 58 91
65 63 80
81 23 60
14 60 47
23 0 53
71 2 12
25 33 75
76 81 74
83 78 96
69 26 29
13 79 52
50 56 19
82 51 47
43 31 36
59 70 98
48 99 20
90 95 92
28 74 76
8 29 9
57 7 40
46 2 49
54 68 51
76 5 37
21 1 97
42 41 45
10 44 13
90 45 38
40 77 49
62 78 89
55 47 64
10 50 13
45 88 9
83 82 58
27 17 99
50 73 10
28 63 50
70 92 30
65 2 61
12 4 57
29 80 74
91 80 4
58 36 11
85 90 42
97 29 71
1 33 99
91 28 77
26 20 18
87 94 55
3 81 98
24 47 34
4 44 6
92 80 5
30 52 81
19 90 38
98 88 37
87 39 19
42 5 16
9 3 22
15 33 37
12 87 29
64 81 85
7 80 71
39 94 82
76 84 86
37 73 30
4 62 72
83 81 88
74 7 86
1 43 49
85 46 98
68 53 6
58 93 77
45 44 75
54 95 34
82 89 8
60 50 35
91 41 43
13 0 2
86 13 49
92 71 33
49 44 47
97 27 24
66 76 48
65 34 8
67 0 59
79 68 73
38 67 3
10 90 50
69 92 33
10 77 47
71 64 90
14 62 39
61 71 95
47 52 35
0 49 80
64 34 75
71 9 25
83 25 14
47 5 82
32 78 10
24 56 62
99 92 68
7 38 60
81 11 53
94 95 56
33 28 62
10 27 19
91 53 42
27 50 38
8 30 48
63 35 45
1 32 92
68 40 69
43 49 95
15 47 65
53 71 9
47 84 86
79 13 84
31 2 48
86 75 97
9 49 56
26 63 59
57 48 48
88 77 98
36 56 6
95 44 13
93 68 16
84 53 7
76 4 53
86 65 56
70 14 25
26 71 86
17 34 100
49 64 21
46 41 84
67 22 42
75 88 88
82 68 74
63 55 60
44 99 78
86 67 43
84 56 63
97 59 67
57 23 8
82 96 9
5 30 6
54 89 6
12 91 39
39 19 87
22 2 82
8 44 75
14 75 71
33 0 40
26 31 96
33 13 63
24 62 99
86 52 57
18 14 46
32 48 76
74 28 9
33 96 24
97 67 23
64 43 44
13 60 6
36 57 2
16 88 48
39 5 40
35 5 89
46 95 11
20 28 88
2 81 73
49 9 59
87 81 91
92 49 50
72 8 20
94 14 80
49 18 10
92 83 68
21 84 1
38 45 44
39 14 64
72 6 41
28 89 67
98 88 37
17 56 40
2 75 11
77 63 32
1 67 86
45 95 32
38 50 67
41 83 37
69 88 78
45 84 19
15 71 26
95 32 23
85 17 70
41 86 46
51 71 25
14 22 91
11 16 86
59 94 16
5 22 47
73 77 36
26 6 50
14 27 48
88 31 34
11 16 64
17 23 85
60 59 97
52 96 76
92 25 67
55 89 47
33 0 14
28 41 59
16 45 93
15 48 64
70 60 81
39 29 84
19 98 1
49 59 21
67 24 3
48 44 34
1 56 38
63 78 70
23 96 89
61 64 26
37 29 42
42 83 87
18 84 41
68 38 16
18 13 86
12 47 56
58 52 71
57 47 81
97 49 87
39 26 20
74 50 87
23 5 8
58 25 55
61 35 59
77 57 9
58 89 11
18 21 39
99 0 60
79 9 90
63 52 98
7 49 84
76 97 53
2 90 62
20 49 54
16 73 28
83 87 10
4 71 34
79 29 48
63 59 73
56 20 61
10 12 22
86 22 27
60 38 25
84 46 84
92 44 95
65 86 37
51 88 77
61 25 9
91 16 41
70 6 22
82 27 12
16 26 14
96 49 25
74 95 78
74 18 12
31 38 54
43 61 95
89 1 72
57 41 13
86 33 56
34 15 26
29 17 20
85 44 45
27 96 75
51 89 39
29 13 46
96 85 40
38 6 100
37 5 32
69 51 46
80 85 100
14 39 70
43 59 99
14 83 11
69 18 9
79 25 5
14 34 88
62 72 40
41 9 56
92 30 15
88 8 51
77 66 49
60 24 95
45 46 33
33 51 94
5 16 4
35 75 15
8 68 24
28 37 6
24 54 33
32 84 9
69 52 62
39 6 91
62 6 12
34 19 66
69 52 77
21 32 11
59 58 72
50 84 93
49 34 67
89 98 9
72 81 76
33 54 71
51 14 36
31 10 54
29 28 17
38 79 60
64 77 91
17 87 58
46 80 38
24 93 30
47 70 17
87 70 53
61 58 8
48 72 76
64 35 42
97 36 97
88 9 4
93 17 88
41 80 40
0 70 64
0 5 99
85 22 43
91 49 90
60 63 10
62 92 65
12 84 81
84 45 66
97 54 93
91 97 70
60 26 77
22 79 100
33 36 42
83 57 61
87 55 71
27 89 8
47 46 41
52 82 98
86 7 94
8 87 6
37 58 69
74 31 56
91 7 66
17 63 44
1 43 53
37 74 56
31 80 49
90 35 33
30 75 23
66 50 74
99 66 78
69 41 58
19 27 10
27 1 66
39 2 55
15 79 47
59 94 81
68 59 42
77 30 1
69 54 51
23 25 47
75 57 23
19 29 79
44 88 84
26 35 53
0 11 41
16 27 15
49 51 66
75 45 99
82 44 41
73 51 64
0 41 64
67 96 25
59 40 35
4 0 52
95 99 98
10 78 88
95 94 45
20 2 51
72 74 45
79 72 73
85 93 91
29 14 26
16 79 13
11 63 70
21 85 4
31 45 34
46 40 100
3 6 18
83 6 46
53 25 77
56 7 33
26 44 85
93 15 30
38 42 10
40 28 100
2 77 90
36 73 91
31 1 10
32 47 60
71 88 88
93 83 74
53 79 7
64 8 80
31 24 14
98 8 39
91 1 1
22 80 2
22 44 49
12 65 34
85 43 100
69 48 40
45 2 95
4 33 77
23 0 48
5 61 20
10 63 32
44 50 58
29 38 72
71 83 78
74 15 73
84 28 33
12 47 30
32 59 26
54 67 84
93 14 93
30 19 16
61 4 52
33 79 80
37 89 4
76 67 5
83 95 17
79 78 8
26 83 40
36 40 79
5 58 11
56 72 96
41 69 40
2 30 25
0 11 36
17 72 72
67 95 37
64 20 53
45 89 60
39 67 53
19 13 3
62 73 47
54 73 45
2 90 86
78 99 52
16 20 69
62 32 85
68 80 80
64 75 84
87 46 71
95 52 56
91 31 30
13 7 98
15 42 8
40 6 95
22 25 48
9 29 39
35 42 23
36 5 61
59 23 56
32 51 77
63 56 80
30 53 4
59 94 31
41 60 83
55 46 19
74 52 77
43 67 65
98 97 64
53 84 35
41 74 69
18 81 79
38 59 94
69 81 47
49 89 48
57 1 6
71 93 54
2 18 86
32 67 92
62 70 1
76 62 34
45 59 37
72 60 82
9 71 77
22 53 91
1 70 22
16 73 34
50 15 54
2 96 84
45 70 65
69 58 56
80 8 19
44 80 7
26 73 35
64 52 88
91 32 42
91 69 24
25 78 19
8 82 59
0 80 33
2 19 85
18 51 100
4 38 64
86 38 56
13 21 89
16 35 89
31 26 87
37 10 55
37 23 16
37 61 13
17 65 52
99 10 18
15 9 44
62 69 3
54 60 8
32 8 89
47 5 90
51 3 22
17 57 68
40 97 38
82 5 8
89 6 78
99 10 35
72 68 41
57 49 88
44 25 62
74 64 75
81 20 30
54 25 14
76 54 90
42 34 20
48 35 51
14 48 78
65 37 26
47 34 93
70 28 25
1 9 53
36 5 73
65 39 56
88 24 38
62 79 42
62 18 63
64 89 57
68 82 37
44 39 13
82 65 54
78 36 38
84 13 9
30 14 92
74 25 60
92 66 62
29 51 51
68 58 75
63 3 31
47 76 17
4 95 15
49 78 66
47 10 47
25 71 5
40 83 95
6 82 53
85 38 48
67 45 66
11 97 63
39 37 100
56 95 47
13 48 12
10 20 66
20 82 89
83 40 58
37 34 69
5 12 46
18 81 76
52 81 97
85 8 86
73 11 10
81 62 93
54 91 49
89 47 64
45 46 84
56 21 33
30 41 52
8 97 8
80 77 31
48 6 31
51 72 71
51 30 81
36 6 44
50 65 58
5 19 52
64 39 49
1 69 72
35 37 42
83 77 76
45 9 11
65 9 58
73 85 47
16 59 81
86 10 56
27 3 11
76 36 45
8 75 65
68 89 40
27 57 71
94 26 53
41 31 37
76 16 96
93 9 39
78 45 45
33 46 81
37 98 31
3 72 29
13 10 5
27 61 34
98 65 6
30 62 56
75 85 6
70 54 71
40 70 53
12 88 92
52 83 28
23 1 2
75 4 23
71 30 31
77 27 96
14 59 7
59 78 42
6 95 99
91 29 79
48 55 6
91 8 30
49 31 99
44 86 78
36 92 77
58 81 100
28 96 77
30 22 99
55 23 33
46 63 43
37 64 38
81 32 28
15 79 78
63 13 10
58 12 77
8 63 46
31 97 70
99 54 27
28 2 68
6 11 44
13 62 55
17 39 54
2 38 30
63 23 69
6 33 28
44 32 44
50 17 54
86 54 48
30 99 33
90 7 71
76 37 71
68 35 36
93 59 84
92 68 80
93 26 73
2 70 62
39 82 56
78 48 60
80 0 7
12 67 20
57 78 12
40 13 21
8 35 12
7 6 10
34 98 68
56 31 11
41 45 23
43 29 56
90 71 78
53 91 74
37 90 63
67 27 27
73 17 65
86 29 90
15 89 79
70 81 83
19 25 60
37 40 33
41 25 86
72 27 65
16 51 39
87 82 18
96 34 51
79 77 97
47 13 52
4 81 11
33 67 41
35 48 75
9 45 47
43 39 49
33 88 98
16 33 14
57 8 51
4 65 47
93 84 42
86 84 95
78 35 10
67 46 77
8 82 19
44 18 15
46 52 36
81 3 43
86 69 72
55 29 77
53 3 21
19 35 38
4 15 95
95 93 8
45 99 40
42 79 56
10 66 80
27 53 100
53 25 52
94 0 72
61 6 31
9 59 85
52 98 91
71 0 30
74 30 86
53 82 76
86 50 22
86 94 16
24 23 33
71 86 70
95 88 32
6 41 30
82 44 91
33 86 7
4 1 9
33 61 67
39 3 47
51 89 7
75 42 3
71 87 95
60 85 15
38 50 65
86 57 70
46 99 19
24 76 100
60 19 1
51 45 21
56 12 13
55 3 67
61 13 93
39 86 53
15 23 86
50 88 72
87 71 80
1 16 93
37 4 26
74 82 74
68 72 69
6 64 32
33 75 68
36 90 68
97 11 3
68 80 92
46 99 35
89 46 55
68 39 3
40 16 7
96 33 94
35 97 92
23 0 96
65 6 68
37 75 90
9 59 40
40 25 75
79 51 55
20 15 59
95 13 51
45 78 86
69 21 71
77 56 19
39 86 31
72 58 10
68 93 38
29 77 38
84 64 18
85 23 93
0 54 67
11 31 86
64 69 63
12 7 35
96 48 32
9 48 83
13 75 62
45 76 50
14 58 38
0 44 93
60 23 66
31 99 81
37 87 39
62 32 10
4 99 21
97 85 93
17 12 98
37 10 83
70 91 7
97 42 7
61 0 54
17 78 7
62 61 80
51 88 2
87 26 92
19 51 98
85 65 84
42 33 33
8 51 11
90 53 89
93 75 72
49 53 80
71 11 93
86 94 76
80 43 22
74 32 38
17 94 26
79 59 37
13 63 85
61 74 100
40 1 2
87 60 86
59 39 67
59 62 45
34 15 68
56 7 93
81 31 53
50 83 26
89 36 43
94 53 28
44 65 67
21 24 66
32 72 21
15 76 93
77 9 20
78 5 44
22 30 73
62 34 38
77 70 73
88 1 20
83 88 56
90 89 32
6 66 100
40 12 6
24 72 37
71 1 100
72 95 51
47 65 5
21 71 44
58 81 5
8 61 51
81 22 34
32 12 75
69 26 71
37 73 75
0 21 68
26 69 24
93 25 68
33 25 34
50 99 36
13 24 81
63 20 65
35 92 54
74 55 34
44 71 82
31 94 91
37 28 62
30 52 15
80 28 29
65 63 74
17 71 87
14 9 83
68 80 9
64 94 55
70 94 47
78 25 48
16 68 28
61 40 59
97 38 51
41 35 73
78 73 98
27 18 85
25 5 44
69 55 82
9 41 11
65 0 41
77 85 9
12 7 52
32 82 100
52 47 75
97 75 32
34 50 88
7 4 36
52 69 22
81 98 10
1 7 97
81 20 94
28 35 45
26 56 41
90 75 79
75 79 12
17 34 56
62 27 69
29 24 20
81 49 31
32 43 41
22 21 91
15 41 22
67 7 60
7 85 94
3 70 67
76 32 39
66 68 80
82 86 83
42 59 45
64 50 88
65 48 68
24 63 53
61 36 99
0 35 73
35 51 24
65 53 94
4 99 45
18 38 91
27 9 2
7 17 17
85 71 37
39 52 13
87 92 30
28 87 50
69 64 58
21 69 96
10 94 53
11 44 98
67 81 2
57 48 40
25 49 56
16 37 33
19 81 24
46 97 52
18 77 51
90 76 20
12 51 24
75 36 87
25 16 80
47 90 54
23 40 33
56 71 86
91 10 49
91 87 76
96 91 36
67 85 43
48 88 1
2 87 45
86 48 85
8 92 63
84 3 75
33 2 65
3 71 7
43 38 67
78 46 29
61 51 30
22 45 89
93 52 29
94 26 37
38 61 17
78 64 75
34 2 79
78 54 63
2 78 10
85 71 38
4 43 30
16 54 11
89 73 82
58 49 69
43 86 40
31 49 8
10 4 7
79 43 82
70 55 27
20 58 19
53 16 74
26 90 25
54 92 57
95 93 9
17 22 21
31 15 4
82 54 41
35 71 41
33 98 68
83 94 91
5 80 6
50 4 18
26 74 82
33 46 30
56 59 16
42 73 48
59 92 73
11 94 58
4 85 84
34 85 32
96 98 75
75 65 57
69 32 12
14 51 37
9 24 40
12 60 91
15 3 30
0 58 6
56 84 80
83 69 82
25 89 27
14 72 5
15 50 95
75 66 5
95 45 92
32 61 22
68 13 53
38 83 38
1 30 2
22 11 62
48 79 92
22 48 17
9 82 27
7 72 55
82 45 32
73 3 73
23 91 56
87 85 1
33 23 45
72 6 82
48 3 40
43 90 19
72 63 57
70 51 49
53 21 70
83 6 84
42 49 77
73 28 37
23 58 82
7 0 61
83 24 35
90 58 96
25 29 81
25 51 14
8 81 85
65 92 9
36 55 28
49 69 10
77 68 25
21 9 74
62 55 85
61 85 50
7 17 95
2 13 33
74 96 34
11 42 56
59 50 36
18 69 59
34 12 45
49 92 82
57 18 35
20 75 10
81 17 80
97 27 93
44 41 39
72 57 1
21 23 61
70 4 20
0 38 25
50 99 60
56 75 79
11 92 5
47 51 22
89 30 95
54 74 72
52 47 47
16 91 16
64 99 10
48 22 60
97 50 71
96 28 81
97 73 74
28 92 3
61 50 42
91 45 10
10 4 82
46 61 32
97 2 53
60 51 3
76 32 98
42 18 58
86 31 27
89 48 91
20 62 97
27 61 88
33 30 87
82 28 39
97 38 70
24 85 57
44 15 77
45 99 43
48 42 17
5 30 37
87 58 68
14 56 65
58 38 72
15 27 43
77 71 31
81 60 3
68 57 81
58 79 55
97 67 38
13 37 36
62 83 39
51 30 35
93 6 32
27 30 95
53 70 49
78 1 100
42 40 53
93 4 100
72 16 12
17 13 32
55 92 66
81 83 64
46 11 33
96 56 4
59 72 41
95 77 68
89 85 35
94 15 28
34 19 52
59 64 81
83 73 53
93 39 29
51 76 25
31 91 3
90 30 70
23 78 42
97 66 87
64 60 4
83 15 54
40 19 74
48 29 67
34 17 29
29 0 72
19 20 84
41 88 48
74 93 33
26 74 61
69 19 46
30 17 82
87 42 20
39 77 18
85 73 81
60 49 64
50 1 22
97 37 90
82 27 12
4 37 72
13 4 46
32 49 68
49 46 72
25 21 29
77 7 61
33 42 80
37 15 70
16 52 83
15 49 42
26 46 18
74 61 47
58 62 33
23 13 67
92 17 83
45 37 1
74 73 96
91 25 57
85 63 2
46 23 67
73 79 52
31 98 26
64 42 31
12 60 64
94 6 70
3 86 65
83 43 18
82 68 90
83 67 54
35 20 8
16 51 66
42 59 26
34 84 46
63 82 9
84 50 61
55 44 20
9 8 59
93 98 94
13 15 25
45 22 28
9 25 43
96 90 99
30 33 13
24 46 83
93 25 77
12 97 43
89 91 18
67 25 52
11 95 85
53 92 75
80 31 40
54 71 60
88 53 56
38 9 6
97 84 89
3 63 49
98 27 45
73 24 81
46 65 34
36 91 24
24 30 78
0 32 96
13 86 22
89 7 14
62 19 26
91 5 28
81 67 12
33 69 60
70 52 7
90 61 64
97 69 84
50 59 18
23 16 28
43 84 46
74 73 74
41 42 6
44 72 85
60 52 42
37 59 43
90 12 23
65 74 63
91 58 82
90 19 52
57 97 94
50 86 80
7 55 22
36 56 25
30 42 13
45 80 19
59 24 35
50 66 67
59 75 90
72 59 37
70 81 62
63 39 22
74 71 59
24 9 45
82 9 98
31 10 23
3 86 83
41 52 97
42 0 20
38 7 30
45 55 94
14 18 67
23 77 68
33 79 13
85 12 46
16 98 90
99 51 46
88 95 69
17 48 26
94 25 54
17 98 19
20 61 21
70 84 29
61 73 28
73 42 92
58 43 97
64 50 15
27 96 81
60 61 69
68 92 91
39 66 68
38 14 3
33 56 27
55 49 86
22 98 34
20 77 62
58 1 52
86 28 49
50 58 81
85 41 86
46 59 96
99 29 23
9 26 6
30 45 27
12 61 61
25 54 30
77 45 45
24 16 44
13 32 90
79 87 49
84 58 28
32 78 20
47 45 21
91 15 23
76 45 53
38 54 67
33 96 49
62 56 85
26 79 25
81 25 26
84 60 51
8 77 28
24 55 87
32 46 12
84 8 69
36 53 97
9 6 23
79 81 45
53 6 74
38 49 2
44 38 34
4 10 48
93 66 54
77 80 26
7 24 100
7 79 92
99 70 60
12 32 97
83 72 82
73 97 83
29 53 37
57 21 94
65 38 51
66 36 76
86 23 45
62 57 62
21 71 18
88 70 23
19 96 10
8 83 22
71 24 37
49 46 51
92 13 54
54 93 5
50 87 97
11 75 60
53 5 41
26 57 48
58 45 65
63 4 47
67 91 27
91 25 10
62 49 67
19 76 52
57 50 44
91 39 77
70 44 2
50 78 51
46 94 22
56 67 10
12 65 98
31 94 42
9 85 97
75 3 37
13 8 17
49 3 75
33 19 74
44 57 26
44 18 25
97 45 60
62 97 66
36 11 4
59 39 10
91 10 16
15 97 27
82 53 50
36 7 59
94 65 15
31 94 19
75 21 70
9 73 39
6 62 71
81 38 78
11 69 1
12 18 78
94 76 25
97 55 75
54 20 56
16 91 75
23 50 36
46 9 44
60 49 29
37 74 98
14 78 88
72 35 93
40 81 27
92 49 44
47 26 49
82 0 50
77 59 26
79 24 87
18 92 54
51 75 61
68 34 33
39 80 37
48 10 62
79 69 36
66 98 7
18 11 40
7 3 77
30 10 96
27 59 92
40 99 88
47 89 13
16 58 32
65 27 88
50 61 69
21 4 32
9 63 10
77 80 71
31 23 20
43 40 47
97 48 95
83 3 52
11 38 1
14 36 100
39 75 57
4 12 69
85 39 55
20 95 69
48 80 45
82 9 81
33 86 12
82 47 49
29 93 59
22 5 100
51 13 83
61 4 80
57 97 76
27 67 12
16 46 36
25 55 76
46 28 63
35 49 64
95 35 11
43 54 53
0 78 68
17 41 62
75 16 82
25 58 11
77 33 57
17 90 91
24 87 22
77 35 66
56 69 46
75 18 63
0 24 53
54 38 80
56 43 69
24 36 19
57 88 61
70 51 73
84 26 84
0 81 66
80 69 28
36 50 50
22 1 91
35 65 84
21 68 76
78 75 56
52 78 86
71 12 34
6 86 58
21 67 75
96 85 71
25 15 51
94 61 5
30 98 8
40 9 56
59 70 33
32 18 65
69 61 29
1 11 9
85 22 88
29 20 21
44 83 19
26 89 89
10 69 60
3 21 21
17 5 70
73 55 32
95 81 54
94 30 4
57 33 33
31 53 97
51 26 33
57 12 76
0 57 85
92 61 66
61 6 54
15 42 96
27 68 92
81 80 69
26 98 53
77 98 28
66 89 27
90 3 60
76 80 65
73 24 56
32 88 20
69 32 14
17 94 3
56 95 13
81 3 40
58 27 69
61 86 51
0 38 21
26 49 33
1 12 52
18 57 48
12 76 62
3 6 12
80 98 3
69 89 65
62 47 3
65 50 25
96 90 53
31 28 98
88 50 51
68 72 90
33 76 66
38 47 41
66 7 80
49 62 48
84 10 83
14 32 90
96 15 3
1 66 48
10 99 7
4 60 97
88 26 62
45 32 43
18 62 92
25 89 77
67 86 27
18 29 83
88 1 15
96 23 3
53 30 2
77 92 92
29 86 89
31 67 37
21 83 66
31 7 12
50 0 72
54 0 32
79 18 67
96 1 2
24 99 76
0 55 53
54 41 48
0 88 86
89 81 90
82 19 51
73 14 47
57 16 18
65 37 87
74 55 49
61 17 8
93 3 78
74 94 58
15 7 82
88 37 56
8 24 16
18 96 84
95 47 40
29 56 60
27 59 19
10 59 86
9 3 37
96 75 98
92 76 89
5 24 52
37 78 69
93 35 6
49 65 43
85 31 98
69 50 65
89 72 4
62 32 57
42 96 41
85 77 29
92 10 11
32 5 75
26 35 28
63 76 30
87 35 23
99 62 45
50 20 9
85 23 18
86 31 63
4 41 39
80 45 18
16 13 79
74 96 49
31 23 58
98 94 62
22 97 91
86 30 23
8 32 53
51 56 77
37 7 94
4 27 21
62 66 11
44 65 27
82 47 31
4 92 25
31 18 23
54 15 62
57 99 41
64 51 55
83 33 59
3 46 86
16 35 98
87 37 66
50 1 67
70 67 27
92 2 95
64 20 38
88 70 25
21 11 99
16 40 35
46 78 29
99 68 45
51 89 81
27 48 81
42 6 21
77 90 2
7 91 26
60 15 77
61 12 69
10 21 81
5 77 43
10 30 55
89 5 28
90 63 15
54 40 44
35 2 95
55 60 13
63 11 95
10 43 76
99 35 97
24 79 42
12 33 34
35 32 77
77 19 9
89 10 12
18 54 22
33 97 67
24 21 99
40 21 61
97 51 21
42 58 61
48 84 44
88 31 2
95 33 34
64 58 21
38 51 62
61 63 74
1 22 83
61 87 38
99 60 63
22 27 72
39 98 82
91 19 96
65 8 24
59 36 1
26 79 67
73 65 15
78 47 33
52 64 78
38 10 71
2 17 84
73 51 37
32 0 82
10 24 70
1 32 77
88 21 88
15 2 42
15 38 99
18 89 8
64 80 13
83 75 3
20 62 70
29 32 100
30 13 66
33 97 69
64 74 40
13 25 12
10 97 40
89 27 91
52 43 82
8 65 5
93 5 27
16 35 24
92 31 68
49 77 47
85 69 23
59 66 79
32 39 56
39 16 88
89 55 74
61 48 28
80 77 43
33 59 61
47 58 81
20 78 30
96 46 12
99 8 98
13 35 85
20 24 57
11 0 76
77 63 97
8 9 31
62 20 97
71 95 59
58 15 39
33 27 4
57 97 100
74 89 29
65 5 71
22 91 100
52 18 74
56 80 86
7 54 31
12 81 3
52 99 99
33 88 63
96 75 93
15 17 22
27 94 31
63 99 16
25 77 47
86 77 36
34 11 22
9 75 23
40 77 36
98 67 88
80 93 86
10 30 16
44 9 80
48 80 55
13 54 57
36 39 100
16 78 92
43 70 88
45 97 15
1 4 54
61 96 41
65 50 4
63 13 66
61 66 94
59 8 100
49 76 74
14 99 43
76 40 71
19 91 13
14 13 49
19 6 51
94 68 6
48 22 32
49 41 17
51 36 16
26 43 84
80 95 59
92 40 59
61 88 97
50 81 50
88 30 75
14 64 63
22 81 30
12 3 83
23 29 2
62 34 46
0 7 91
66 99 37
76 1 26
77 60 32
1 51 30
82 9 3
31 45 80
57 21 19
5 8 11
67 87 26
38 28 33
33 63 23
9 1 26
82 85 77
84 66 56
40 25 50
22 92 27
72 16 73
63 93 91
12 16 39
89 90 28
22 7 72
35 61 1
59 56 94
26 52 55
67 1 27
70 74 46
97 63 36
32 18 36
62 89 16
85 64 52
47 31 7
84 58 41
38 5 36
95 61 80
4 72 94
56 34 42
68 76 40
82 70 1
16 30 50
4 56 82
67 65 29
51 26 63
76 74 60
92 20 1
40 30 68
56 57 87
73 91 87
82 13 45
80 15 59
53 65 69
16 74 95
80 5 60
12 29 62
45 66 94
43 30 52
23 87 67
87 32 71
11 73 53
9 5 26
27 82 76
95 48 90
46 25 22
79 67 93
78 93 6
78 53 32
9 17 20
87 26 97
68 13 22
48 69 15
81 69 12
63 96 60
57 8 87
44 90 46
36 76 66
63 62 65
74 56 6
55 74 7
35 3 97
35 29 5
74 55 28
45 23 71
37 4 3
77 18 84
65 35 34
1 53 50
87 74 54
47 27 26
59 90 51
72 94 21
76 61 40
18 17 4
82 25 14
51 12 92
65 75 73
78 82 71
95 9 66
90 43 40
90 26 60
65 7 60
20 6 10
91 10 34
41 25 23
56 44 21
47 60 50
54 49 71
52 57 95
45 92 92
22 85 19
15 81 21
2 52 41
19 24 94
46 90 84
34 38 34
2 62 31
35 92 87
26 94 83
75 11 56
8 76 41
72 0 9
94 27 7
63 76 92
1 99 6
35 93 19
74 3 85
78 73 28
87 82 62
38 4 45
93 88 93
28 63 37
35 60 66
6 61 54
82 69 54
67 71 34
81 85 91
15 29 33
17 22 18
38 40 3
50 3 14
76 69 45
96 46 36
84 39 86
29 20 17
53 63 60
1 20 34
95 98 84
17 48 15
62 60 79
73 67 14
77 62 4
7 37 53
13 8 33
99 52 92
70 73 17
4 64 92
16 38 74
74 95 6
81 23 10
26 58 60
49 24 43
61 73 55
64 66 39
11 83 47
11 62 43
92 77 59
93 16 22
63 93 59
10 84 32
68 97 49
27 53 4
99 29 34
98 22 24
81 92 28
38 87 78
24 83 89
63 79 2
47 79 2
70 52 43
56 82 72
38 44 98
85 7 56
31 49 67
92 43 49
12 9 44
4 95 25
69 22 43
54 9 50
13 44 56
38 95 75
69 95 96
61 98 1
31 11 83
80 55 47
74 32 64
31 81 35
16 71 58
83 36 6
9 21 91
62 55 8
12 13 21
49 5 3
72 7 36
98 83 87
89 17 81
27 7 70
58 17 16
87 25 15
48 85 1
25 82 12
63 75 13
46 28 66
62 75 4
58 43 69
86 10 53
6 68 55
72 31 75
83 3 23
24 35 43
6 38 84
24 8 96
7 15 82
16 74 40
60 42 7
48 1 47
45 75 12
70 52 15
32 16 70
33 75 71
62 42 44
13 65 27
75 51 51
10 82 66
74 0 86
83 38 66
44 79 1
28 26 46
18 86 38
92 71 91
74 79 21
73 29 4
32 42 75
32 85 68
84 42 76
80 43 78
27 26 47
3 77 10
98 39 87
55 74 5
61 11 28
43 89 83
20 60 77
65 60 57
51 28 73
48 39 85
25 72 65
16 94 44
25 35 56
95 31 10
38 69 84
27 7 71
19 25 12
21 13 40
21 88 74
45 66 52
40 44 12
56 97 42
85 61 45
17 93 10
58 88 67
81 53 18
44 96 66
54 39 74
75 67 90
9 22 77
37 94 16
24 65 2
23 7 76
77 10 86
80 65 63
17 53 69
55 16 97
9 24 59
4 69 7
6 84 34
30 51 39
33 45 25
99 71 59
62 43 67
98 5 85
15 68 36
97 77 65
69 38 10
22 48 62
45 57 69
31 94 75
90 96 70
60 3 91
86 84 61
42 17 59
38 50 48
58 79 61
77 94 29
74 76 36
20 11 81
82 37 1
18 85 80
89 34 42
58 44 3
63 87 5
33 92 1
5 41 28
47 82 24
63 64 73
62 1 32
57 2 41
81 41 56
55 68 63
27 91 74
43 32 80
95 1 28
66 50 18
65 49 42
60 52 69
18 68 60
51 28 85
8 78 76
77 59 90
56 2 81
56 16 39
38 95 23
92 90 67
49 86 60
96 4 67
23 98 12
90 23 95
83 84 67
5 93 77
72 91 12
35 38 40
23 37 34
47 6 34
3 82 86
80 71 29
69 84 46
99 32 4
87 24 17
45 67 71
25 31 57
35 30 39
85 60 26
84 81 41
34 82 87
96 54 100
97 2 48
49 14 73
68 30 86
77 0 75
44 23 44
60 37 69
72 74 41
22 91 12
14 37 35
89 30 34
92 4 66
30 6 39
69 77 39
43 38 45
90 96 13
17 33 2
90 35 90
33 92 39
89 31 98
63 11 11
15 97 39
49 99 91
10 70 11
30 9 19
82 61 19
50 28 65
9 72 71
66 29 17
0 65 11
14 8 78
24 63 15
76 94 45
23 49 93
70 94 87
2 75 99
48 1 19
43 76 29
59 23 57
33 50 46
85 48 43
84 75 90
58 42 11
90 72 15
28 34 63
89 23 42
74 64 11
77 37 3
40 50 94
64 62 9
65 38 16
97 54 7
6 71 70
82 26 78
78 33 92
53 98 81
13 92 47
47 77 63
32 58 24
86 77 80
98 50 77
99 62 19
4 29 85
32 0 15
76 15 89
80 8 49
57 68 29
20 26 75
18 95 11
61 62 68
65 72 25
52 14 82
79 95 25
12 94 20
61 73 15
15 81 28
91 75 36
44 68 79
42 7 23
21 39 69
85 66 47
20 69 81
85 57 48
75 88 49
40 72 97
94 9 13
27 77 20
78 20 78
2 58 57
59 80 64
56 93 11
69 59 100
89 86 29
19 88 73
26 93 84
76 80 79
89 49 56
95 8 45
7 97 79
28 30 38
68 94 65
50 53 92
56 98 77
9 12 75
36 60 13
22 46 20
86 22 29
10 75 20
57 65 54
3 64 95
53 70 15
36 24 97
44 69 42
75 90 34
48 80 86
60 71 74
33 65 97
24 44 87
33 58 100
57 13 27
59 54 61
51 78 45
31 89 21
6 82 26
45 90 64
35 90 61
88 9 42
98 1 19
69 77 8
92 96 53
97 63 88
56 26 39
68 55 24
77 3 16
63 42 30
3 65 56
28 58 23
44 52 37
81 89 65
45 72 83
96 21 18
46 2 35
25 95 22
70 56 25
18 92 97
27 43 39
16 22 50
61 80 67
32 20 74
95 76 98
98 21 34
13 35 8
19 7 68
32 4 15
54 83 90
91 79 76
80 29 42
94 56 73
53 98 2
65 57 25
0 16 48
1 95 21
17 38 15
0 5 24
21 57 28
32 86 84
54 0 88
32 64 53
65 91 22
45 68 23
55 58 16
49 77 45
16 0 30
23 13 88
69 90 31
56 2 17
43 93 13
59 63 62
95 6 60
3 34 63
65 90 38
9 84 68
52 84 5
95 3 16
55 48 21
71 3 50
76 15 81
83 38 93
59 88 94
64 30 68
99 14 35
16 4 90
38 86 2
3 50 44
31 88 37
52 60 57
7 66 58
13 34 54
11 2 77
41 7 31
81 11 25
13 58 35
51 90 56
35 39 46
6 86 26
64 8 15
43 73 48
93 60 20
35 78 100
78 17 81
57 96 7
48 74 16
87 38 29
61 50 10
59 56 70
9 20 7
74 63 30
40 26 49
7 23 81
38 83 1
43 88 36
79 0 6
88 55 31
85 93 74
58 44 40
94 83 49
37 30 37
18 28 56
37 52 25
39 53 43
81 83 98
71 12 87
51 39 71
46 58 56
7 9 22
73 41 92
55 19 45
0 33 28
30 86 28
49 52 75
99 85 96
32 68 44
77 12 68
77 53 4
83 36 83
83 54 21
4 80 6
6 61 74
17 15 7
79 77 36
78 52 5
7 45 68
63 6 55
31 88 8
44 55 63
4 62 51
45 55 38
57 59 34
23 91 89
89 85 65
79 74 33
9 77 42
41 15 92
2 27 55
26 31 11
7 31 99
47 2 5
67 66 23
47 39 21
26 14 15
5 44 83
92 13 76
47 85 74
48 92 33
90 97 23
22 11 14
49 83 41
45 11 59
34 77 31
53 83 48
81 45 68
36 3 52
65 32 40
57 84 50
36 40 78
17 65 75
16 89 39
9 51 75
43 14 23
33 13 2
44 27 59
2 42 81
76 73 29
10 12 44
89 30 35
0 97 55
1 2 83
10 57 81
74 29 25
48 49 58
27 79 72
63 34 74
94 40 32
78 25 16
51 41 37
44 62 41
36 4 63
6 60 14
64 71 40
50 3 16
73 6 18
38 84 78
80 79 95
71 54 18
30 97 39
50 17 16
36 20 73
40 75 63
20 29 30
28 9 14
31 83 72
51 28 16
47 74 70
79 11 46
27 59 19
34 40 51
19 90 64
24 36 61
16 19 95
99 69 2
12 66 46
12 30 87
58 34 58
82 4 47
64 60 1
84 18 33
58 18 48
18 65 32
24 5 11
80 12 32
0 47 38
93 52 68
44 87 77
63 85 2
17 23 20
53 82 85
52 50 96
9 4 3
96 42 38
23 80 79
28 43 90
34 82 21
87 2 16
22 33 52
44 17 11
86 58 22
19 62 64
36 55 12
87 30 66
93 3 96
87 6 79
48 21 42
65 26 97
15 53 73
46 71 62
43 75 34
15 93 77
42 5 1
16 64 69
93 72 43
99 18 34
12 58 88
93 65 60
1 23 5
90 61 89
57 29 53
54 57 32
74 44 71
59 55 86
91 50 67
14 51 37
89 87 33
80 58 55
42 46 86
87 89 95
47 39 66
73 39 57
22 35 97
31 9 61
50 25 52
60 33 89
32 51 86
54 10 24
36 84 45
39 27 33
42 96 26
93 92 44
37 24 100
26 18 58
20 6 21
80 77 64
43 2 42
58 37 1
36 63 70
14 71 83
59 54 35
73 74 57
9 64 65
59 82 46
22 81 90
96 42 40
8 86 26
44 78 68
29 75 13
21 56 63
40 8 45
14 2 33
11 26 53
73 47 72
0 50 5
38 2 76
65 13 95
70 86 9
48 34 64
42 5 64
14 1 56
62 23 6
81 89 37
53 0 36
66 68 95
0 66 54
60 63 67
24 26 54
23 61 32
40 94 65
38 32 76
68 56 70
98 56 90
74 89 21
95 38 8
8 3 7
3 12 95
87 66 85
31 30 5
91 34 31
30 15 82
72 28 97
92 39 86
35 40 44
56 53 54
20 3 74
40 41 68
2 64 15
78 18 58
80 49 42
67 64 47
26 21 52
67 9 2
25 18 82
33 52 89
29 81 13
29 6 41
53 37 60
34 29 46
26 99 66
46 47 93
54 7 88
15 57 99
55 61 70
28 23 78
9 42 59
17 14 22
24 65 19
2 0 41
19 91 76
9 79 55
53 83 42
27 10 67
14 3 31
70 47 30
64 50 39
6 83 32
3 15 37
24 98 48
46 88 26
42 92 80
26 63 8
53 80 95
59 86 32
91 58 94
20 2 1
86 72 41
1 54 37
78 91 76
37 38 21
69 14 92
24 2 79
70 39 94
94 27 50
1 97 46
4 1 39
31 76 36
75 56 79
60 59 7
14 35 15
91 2 31
46 93 65
98 38 46
77 41 28
83 57 36
23 12 72
78 9 9
14 44 93
10 18 16
32 55 81
76 55 17
20 65 90
45 85 81
2 63 65
82 61 14
95 31 71
52 65 66
30 40 87
56 35 32
56 50 96
80 38 82
22 0 23
80 64 32
38 4 46
22 12 56
11 31 23
91 82 58
96 33 97
68 97 97
52 9 99
71 69 51
7 92 41
12 36 28
22 70 93
85 12 35
52 76 31
38 86 30
51 31 67
39 71 5
27 9 39
94 3 67
9 45 61
55 56 51
19 65 36
15 18 14
51 53 67
38 68 10
0 87 37
67 66 51
91 99 60
81 7 70
11 39 21
96 48 84
28 92 62
74 48 95
29 3 79
0 57 29
55 38 97
63 71 76
68 63 90
46 97 78
49 50 19
31 68 69
96 0 51
8 27 64
91 30 77
90 36 49
45 19 40
38 81 67
22 89 60
80 24 61
90 1 6
9 48 27
99 5 80
50 7 13
93 51 35
36 52 1
87 64 7
26 98 41
19 12 34
12 25 93
56 47 27
73 22 52
9 38 61
94 2 98
58 27 25
70 41 16
40 99 46
12 80 66
66 81 100
97 66 65
97 65 78
89 88 74
34 69 55
24 96 81
41 53 94
98 77 75
81 89 85
38 16 80
89 74 10
93 91 10
63 67 77
66 97 9
7 44 45
23 9 16
14 62 31
91 21 36
79 60 60
91 32 85
7 38 7
64 0 77
10 24 60
78 8 24
88 56 79
4 66 28
73 14 21
36 46 56
31 61 9
40 5 57
5 77 89
86 27 86
73 5 86
7 49 28
62 88 95
11 3 47
15 94 85
6 49 95
45 43 74
42 11 63
51 35 96
57 54 32
12 44 32
42 4 41
85 89 69
57 10 20
85 2 80
30 16 39
69 30 36
14 64 20
98 54 19
32 60 79
33 29 58
99 15 34
41 10 84
5 16 70
5 14 39
76 22 23
39 24 78
54 27 53
50 75 37
52 6 28
40 47 59
35 3 17
76 72 15
5 51 75
49 53 23
45 4 85
88 19 57
26 77 25
78 93 54
62 29 32
94 72 58
28 67 94
60 87 88
9 32 74
45 29 77
16 26 50
68 7 59
15 60 25
48 86 97
9 8 22
90 64 20
90 85 30
77 12 75
98 20 26
91 47 86
1 24 4
48 20 26
72 50 55
25 35 8
5 33 93
22 91 47
26 92 28
85 70 61
47 37 84
74 36 56
77 71 87
21 50 54
15 9 60
13 75 18
35 33 18
61 83 78
9 65 95
89 69 54
88 25 32
63 55 66
42 99 90
40 77 16
85 73 18
42 76 68
50 0 57
27 6 28
25 72 59
35 96 77
54 21 70
2 51 7
5 98 96
68 98 63
89 39 64
11 40 70
39 41 89
92 89 29
60 92 35
86 98 22
96 54 57
92 27 9
19 57 79
13 83 11
96 70 52
71 33 64
15 66 57
53 96 84
55 25 52
56 62 30
90 46 14
94 20 60
1 40 49
41 74 78
30 85 48
88 78 11
62 6 34
13 4 41
62 4 26
69 86 96
85 56 78
78 55 2
98 66 48
44 17 98
20 10 48
65 51 38
86 5 24
48 44 62
90 75 32
43 68 34
47 4 100
23 24 31
88 54 3
97 58 43
99 57 78
1 20 46
20 35 13
46 92 5
18 3 27
40 2 18
0 64 49
52 25 51
90 61 79
27 8 29
72 16 65
13 0 55
27 30 28
99 39 37
80 79 86
43 88 90
36 57 49
7 11 48
65 28 52
99 10 37
71 26 16
36 51 19
55 68 63
32 11 67
32 7 5
36 99 10
32 56 65
83 22 39
34 25 6
99 56 61
23 82 94
84 61 69
74 42 69
64 19 92
44 6 59
12 24 13
1 80 43
59 26 89
7 84 27
2 76 55
32 89 7
97 53 51
60 26 38
56 95 42
3 14 35
97 41 66
19 10 36
6 91 54
95 75 67
21 67 26
58 69 17
53 71 97
90 68 60
36 88 58
81 64 91
87 13 58
34 33 55
11 45 70
25 73 80
52 97 79
98 71 61
12 59 41
85 91 51
5 91 9
25 47 3
48 0 93
65 44 89
29 53 51
27 14 83
29 80 16
0 83 77
24 20 24
81 87 86
99 23 55
26 17 42
89 98 23
61 17 12
68 28 88
27 4 25
12 53 37
5 61 30
67 84 89
84 34 8
85 39 17
18 43 14
30 42 60
52 29 34
12 94 20
77 2 14
12 62 82
50 49 100
69 74 55
25 22 28
50 8 31
98 81 64
12 17 74
75 38 26
66 11 72
61 11 96
50 63 48
84 15 66
50 32 76
32 70 80
60 21 14
69 54 52
59 26 38
65 61 46
0 36 2
81 39 79
90 15 28
44 16 30
39 63 7
99 59 63
68 9 21
18 4 18
82 6 78
3 1 46
78 39 33
39 45 35
40 81 100
85 2 42
20 98 45
6 97 22
22 89 95
17 82 79
99 69 42
82 4 43
33 37 32
85 95 60
30 61 51
28 17 4
62 10 88
84 56 29
26 25 32
33 12 6
64 49 71
39 87 29
99 98 50
21 98 77
95 59 14
99 77 81
62 39 5
46 64 22
49 92 88
68 10 74
53 26 1
56 9 83
85 52 8
73 29 75
38 27 60
89 74 94
24 38 90
65 14 7
95 98 77
74 7 22
88 62 51
0 44 27
73 71 86
73 63 27
72 47 8
43 91 39
80 9 97
89 38 29
22 26 42
7 89 59
10 84 85
68 31 21
6 94 9
29 1 89
92 36 57
79 49 60
39 37 28
44 9 90
12 0 20
61 90 45
4 56 5
82 34 95
99 16 63
34 55 90
45 68 30
80 67 93
4 76 21
63 61 19
86 34 94
62 50 17
13 41 33
49 77 95
18 61 71
60 18 59
31 61 4
99 87 56
30 73 33
84 77 89
43 82 50
64 48 2
22 39 12
61 47 53
33 81 42
4 61 99
12 8 75
76 73 15
13 19 21
91 37 43
79 80 100
10 52 81
29 1 4
73 59 75
11 97 77
26 30 10
19 37 62
61 94 80
47 36 93
77 11 37
47 16 51
53 41 69
20 16 68
73 55 35
34 92 88
86 93 10
49 97 38
17 82 10
65 51 84
0 89 22
10 58 19
34 6 1
22 53 47
77 7 58
28 91 92
96 81 96
83 11 92
95 49 21
70 1 52
23 48 61
27 79 40
34 56 45
54 57 96
70 73 1
63 74 54
27 19 78
76 12 8
55 9 77
15 29 78
16 44 59
43 73 35
96 69 69
19 59 85
20 14 54
65 85 11
72 38 98
63 24 94
67 70 66
4 5 58
33 59 65
0 48 20
70 4 15
55 90 87
74 33 24
9 52 3
92 45 68
55 58 52
73 5 2
67 57 53
61 12 49
92 23 73
18 89 8
8 95 74
97 18 34
24 77 79
48 16 26
42 60 24
22 36 45
7 46 83
60 44 77
44 34 86
95 51 64
88 33 74
96 76 82
26 4 11
52 74 29
20 5 97
90 3 81
47 97 44
99 56 14
5 0 26
55 0 16
5 63 86
84 97 46
18 27 76
8 27 77
37 94 29
74 36 34
82 44 20
27 69 91
8 92 19
66 47 67
71 50 92
46 76 12
70 22 42
41 48 89
82 2 96
20 26 6
33 50 34
59 83 68
69 60 72
62 52 77
98 88 74
82 37 10
28 47 62
22 0 37
93 20 5
78 80 48
69 86 25
36 8 78
91 81 12
66 92 63
15 6 35
97 54 95
38 55 19
79 66 67
79 65 40
60 37 80
47 95 22
97 12 4
58 45 83
28 4 35
76 68 16
84 67 14
6 54 63
84 62 37
41 78 35
62 81 90
28 53 83
75 87 88
13 32 42
75 14 43
99 37 62
20 79 41
64 63 98
17 33 6
28 18 19
78 65 69
48 34 27
33 40 97
37 26 13
45 50 69
57 49 44
8 50 60
36 93 8
72 4 10
76 81 64
36 13 35
92 16 28
7 22 44
16 71 70
95 16 5
88 56 70
58 18 70
76 8 10
49 90 97
54 29 80
72 39 63
98 77 37
24 30 2
42 82 88
54 57 92
14 77 2
26 28 17
84 46 23
99 31 9
22 23 48
85 69 7
26 73 70
80 12 59
74 7 89
15 94 86
99 28 46
70 17 36
43 57 16
29 13 82
58 99 41
13 11 54
10 72 7
12 1 56
24 89 75
1 72 22
11 22 95
76 66 10
90 74 87
51 32 25
43 44 98
58 2 74
38 69 12
21 40 93
60 46 41
56 35 84
19 57 56
19 41 68
53 46 17
85 59 41
62 95 35
57 60 6
52 80 90
7 77 76
65 28 61
44 5 85
2 97 79
86 41 77
81 19 15
53 20 93
33 42 43
86 87 99
13 85 87
49 77 3
9 88 83
38 34 73
23 49 78
10 69 93
36 75 71
27 25 14
59 70 14
22 26 64
41 47 71
81 43 15
81 85 9
91 84 7
33 49 74
59 96 78
49 8 84
42 34 42
49 40 53
61 38 57
25 59 43
29 27 44
42 54 22
47 82 96
66 80 51
30 5 50
28 39 68
44 16 28
96 25 99
34 92 40
89 84 35
65 53 65
27 94 17
69 65 90
95 61 69
40 88 55
62 64 1
72 27 72
93 9 96
70 29 6
51 86 99
19 67 14
15 52 16
33 77 80
17 74 89
9 12 59
69 63 49
7 84 96
8 20 56
24 57 17
53 7 1
28 41 100
23 12 20
4 78 63
49 48 7
10 88 35
99 14 47
61 2 39
72 93 15
57 58 50
89 36 35
80 43 52
54 46 11
45 17 61
9 35 5
28 74 39
35 17 5
76 95 7
94 74 78
5 14 5
45 66 35
61 96 95
21 77 69
19 64 85
5 82 88
89 53 45
62 49 31
29 76 73
96 95 48
78 98 13
16 38 74
73 42 64
52 3 95
71 36 7
57 70 97
99 85 42
85 99 67
12 71 69
10 33 98
9 1 4
7 18 28
47 82 74
52 51 62
43 57 2
6 63 58
75 45 23
54 17 37
1 15 11
64 52 45
36 77 24
64 80 82
82 95 48
96 77 37
56 11 8
74 91 55
62 24 7
36 69 28
66 34 35
75 60 38
45 86 71
89 21 41
14 38 63
54 18 40
68 26 36
6 3 36
16 15 73
18 55 78
97 51 33
79 34 45
89 20 41
93 69 38
15 81 100
92 75 78
0 22 24
69 71 100
31 97 47
50 92 88
18 21 51
83 62 3
17 8 18
23 17 33
62 0 34
91 82 20
8 98 6
42 19 92
21 73 63
50 84 40
69 51 53
75 27 24
94 60 65
84 89 43
56 32 18
84 15 55
60 94 72
85 89 20
41 83 89
69 25 43
85 54 94
98 25 40
89 6 60
61 45 78
28 95 93
53 46 28
50 86 41
96 1 86
91 69 49
85 24 66
95 65 60
35 44 57
96 14 9
40 72 10
18 81 99
8 14 99
33 66 50
87 91 21
21 23 34
36 79 58
2 35 95
21 56 22
80 69 30
87 51 31
39 59 55
98 0 73
41 91 83
21 4 10
87 11 41
59 37 52
92 39 42
34 80 54
17 85 79
73 52 63
91 76 95
12 89 75
62 31 84
50 69 48
71 29 68
63 66 72
48 51 4
3 21 4
73 35 3
59 67 57
34 47 28
93 66 41
7 31 71
78 81 25
5 81 99
21 64 88
94 34 79
88 50 87
31 37 7
35 75 16
14 27 68
87 68 99
59 39 2
16 91 5
6 19 57
71 77 55
65 87 78
14 20 15
11 30 84
88 47 3
76 92 40
16 14 10
66 82 82
64 1 69
86 57 9
63 64 54
49 84 40
4 59 24
92 40 9
84 64 85
75 55 90
83 54 85
11 13 86
50 16 66
1 85 66
21 76 72
26 55 1
56 85 86
43 50 47
63 99 77
22 26 61
55 10 13
63 20 40
80 4 86
60 8 33
90 44 86
25 28 100
48 52 17
59 58 83
67 48 60
11 46 18
36 91 31
55 11 51
78 45 5
56 80 46
34 2 96
13 0 61
21 25 27
80 86 71
23 88 94
93 44 61
43 66 62
39 83 8
60 20 80
33 76 65
58 75 3
23 79 96
62 41 24
5 27 57
84 53 62
64 24 22
6 74 90
57 18 75
54 28 63
28 40 57
53 97 1
57 54 97
60 39 85
72 85 44
95 41 20
61 67 84
13 7 9
30 1 42
85 45 58
84 70 62
99 77 14
79 5 86
64 63 10
59 57 17
84 83 33
97 84 74
82 1 81
61 7 67
40 62 42
75 77 1
84 61 51
85 31 19
26 65 26
26 38 72
33 17 21
16 68 95
93 52 90
8 41 96
96 52 17
98 25 97
33 64 5
11 27 72
49 71 20
61 64 24
5 64 54
76 28 1
94 64 59
55 0 75
72 96 4
2 72 50
23 26 98
26 8 93
88 45 77
79 1 20
13 80 33
99 34 33
30 44 72
72 71 39
45 21 99
61 31 100
50 76 29
66 45 14
58 7 51
54 41 87
96 9 78
1 97 86
52 21 10
80 16 77
57 18 67
18 75 100
56 97 46
54 17 18
73 42 64
30 96 38
46 37 5
37 64 83
46 98 70
11 86 96
21 62 44
1 40 89
87 46 72
50 65 53
26 78 97
21 62 57
76 34 89
96 77 73
15 67 36
55 35 74
26 3 56
24 69 30
78 4 39
46 70 50
67 72 35
98 40 42
79 40 95
98 54 15
19 50 29
72 87 60
82 63 100
2 12 73
48 18 67
82 32 64
75 53 3
57 70 6
52 8 23
52 42 97
41 32 62
82 49 30
86 90 25
11 70 81
6 89 32
82 5 53
37 36 94
52 2 20
58 34 40
24 79 60
57 36 66
45 17 38
61 82 18
64 71 7
23 47 93
39 67 20
67 77 53
38 28 77
36 86 86
5 15 67
71 13 79
83 53 6
18 11 61
15 99 51
35 94 55
61 22 6
3 8 16
35 47 70
68 87 68
31 60 32
82 86 17
85 14 84
38 82 12
64 18 57
0 35 79
35 71 37
84 9 96
21 74 75
4 97 26
20 52 10
39 71 10
71 44 46
32 34 65
9 1 13
8 74 10
15 94 89
45 93 75
10 8 8
47 7 82
93 0 51
6 85 50
34 61 48
54 20 98
76 6 54
49 22 57
11 77 40
95 46 83
3 13 97
69 37 28
94 84 60
55 15 26
57 71 21
12 52 59
78 68 12
49 91 66
23 48 53
33 9 92
29 76 6
75 95 8
23 14 55
10 1 65
58 46 84
29 92 64
75 96 80
25 97 90
86 58 4
75 53 49
47 3 72
5 66 75
87 61 87
84 24 44
96 54 76
81 58 35
67 50 92
8 47 26
37 29 21
88 86 38
15 39 10
30 83 52
95 61 29
60 57 97
43 71 8
41 46 89
15 79 21
48 90 56
58 47 21
2 97 64
4 58 21
69 29 47
35 43 65
84 74 31
84 10 80
14 24 59
3 5 10
47 0 68
18 76 53
36 17 97
38 83 21
82 50 23
45 60 92
70 92 49
29 74 64
4 94 17
25 63 43
44 8 28
86 94 13
46 25 96
80 50 83
55 23 99
79 7 22
0 52 11
13 83 82
53 75 77
33 52 68
42 23 17
28 19 72
36 76 44
21 12 98
53 66 38
61 96 54
99 83 94
42 24 18
86 70 91
91 67 20
44 65 14
2 97 63
11 62 100
85 35 13
84 49 9
34 39 98
94 82 79
57 8 17
52 93 3
32 86 52
12 5 95
77 98 20
8 53 15
96 9 50
40 38 47
10 12 62
39 65 96
16 61 95
60 54 50
9 86 84
7 99 61
6 80 82
56 2 29
29 81 25
47 14 8
32 63 23
41 8 24
75 67 50
68 6 43
29 25 21
90 44 69
48 31 61
12 34 40
87 46 67
59 19 54
93 73 37
2 57 4
50 4 33
19 43 38
70 62 14
31 28 7
21 50 30
20 83 16
96 60 99
33 69 23
32 43 54
89 83 84
82 49 64
31 20 22
44 30 30
60 49 55
7 19 12
32 3 65
16 1 76
13 95 38
21 83 45
17 0 4
97 59 82
0 69 31
18 47 51
79 19 96
78 36 98
51 42 56
92 47 87
30 34 41
42 27 67
93 59 4
16 91 12
9 90 80
57 86 57
91 80 12
40 84 12
75 60 13
95 6 19
56 34 19
31 76 20
46 49 51
76 57 51
41 19 31
69 12 75
34 88 16
9 94 46
74 9 53
83 33 61
21 16 45
92 9 61
77 75 56
93 23 32
51 98 10
26 41 88
36 53 41
63 30 80
97 89 83
35 11 66
46 70 62
47 27 44
27 25 76
20 45 43
71 9 13
44 4 46
59 55 75
97 91 65
37 85 8
32 40 83
88 7 92
38 17 10
48 59 68
32 18 8
96 13 20
2 46 52
89 38 76
22 68 5
78 37 23
95 77 56
27 33 60
64 48 39
38 76 33
94 27 88
59 52 50
0 55 66
15 40 100
3 85 7
71 86 52
92 46 94
26 89 53
97 36 7
29 68 20
32 87 42
65 79 25
92 11 66
98 59 57
39 48 55
54 53 59
68 32 3
54 95 19
94 63 91
27 7 20
50 20 44
12 82 20
24 35 30
95 88 18
47 46 9
84 57 62
75 98 38
87 67 10
52 58 59
76 23 100
72 77 3
74 87 97
97 47 27
7 33 81
43 60 14
55 38 26
90 22 63
79 82 95
58 55 67
89 6 19
40 50 62
7 2 85
43 26 62
6 64 45
46 58 53
82 47 9
35 32 80
30 32 62
55 2 74
72 44 21
97 93 71
34 82 30
36 23 61
92 83 81
40 30 75
58 6 94
46 21 10
22 43 81
88 67 48
67 70 33
22 74 68
55 29 6
39 3 24
90 21 73
34 85 1
49 71 92
53 30 38
57 60 31
69 85 91
13 58 2
90 60 21
32 1 71
72 49 12
33 74 50
46 10 96
77 29 47
95 94 27
84 14 7
78 24 64
72 11 90
65 12 21
42 26 65
22 66 8
91 23 49
95 25 48
95 62 77
2 36 93
78 12 26
41 67 14
4 52 19
58 33 81
64 58 53
93 77 3
41 71 12
43 27 2
1 0 72
17 53 21
3 68 72
35 37 28
71 35 71
23 18 52
53 74 57
98 9 80
4 25 42
32 85 27
97 84 3
38 82 16
86 0 76
94 42 17
17 59 17
6 99 79
88 42 32
36 94 54
49 9 96
92 54 38
37 6 81
51 87 53
27 6 23
36 8 22
90 42 14
22 16 35
5 8 66
44 1 90
68 15 6
63 46 75
38 23 40
97 52 9
32 71 52
58 8 5
46 67 29
81 29 57
28 57 75
89 16 69
95 94 25
28 71 82
12 79 32
21 71 9
7 62 67
81 1 9
81 38 79
87 83 46
80 68 46
77 13 98
13 55 36
14 48 64
48 12 30
76 25 37
0 86 99
13 4 53
66 88 75
24 78 9
84 43 64
18 5 64
62 96 70
67 47 79
33 13 6
30 2 80
73 47 41
49 98 82
19 92 31
61 37 80
4 80 27
90 66 72
81 31 50
93 28 79
91 73 76
70 73 25
62 42 84
7 53 48
66 62 79
31 57 77
67 71 52
74 65 3
0 15 22
89 46 19
25 19 42
12 34 87
80 79 94
65 63 1
69 77 91
76 62 28
2 8 5
32 39 71
82 4 83
97 88 81
58 74 45
83 87 84
26 68 39
57 20 47
64 45 7
19 50 28
90 83 95
41 47 78
52 36 97
18 12 27
84 18 77
45 64 46
1 3 51
32 91 12
71 99 79
53 29 83
75 38 20
88 49 67
7 91 93
83 66 22
49 76 86
59 0 54
80 28 59
88 38 69
70 56 81
72 96 55
46 74 65
67 88 2
73 52 99
6 14 49
44 66 84
15 65 86
89 0 68
32 83 4
65 12 77
53 71 47
66 1 12
87 6 21
21 61 93
48 58 24
30 51 79
86 23 48
96 62 86
81 51 78
24 59 91
99 87 71
90 50 18
42 0 9
25 9 67
47 67 89
46 61 9
78 94 59
70 74 53
76 72 25
58 18 57
39 11 21
53 6 9
23 65 34
69 5 54
63 32 37
37 98 77
32 72 48
59 66 12
9 94 61
30 9 36
72 27 89
86 90 69
97 69 27
65 57 62
98 59 42
5 84 81
56 14 41
14 22 3
14 39 69
54 15 64
17 23 88
46 47 1
42 38 9
46 67 87
48 82 16
81 88 64
26 32 81
21 2 75
42 53 23
15 32 81
24 16 81
42 85 43
5 93 6
10 6 91
39 65 23
48 92 100
82 63 87
15 92 57
20 67 64
24 42 55
87 43 84
73 12 3
59 30 1
52 28 21
29 90 2
43 66 19
52 63 33
55 53 46
89 0 89
62 33 27
66 49 38
56 49 25
59 90 78
31 38 55
13 99 52
3 75 94
99 70 68
67 1 11
94 14 29
99 22 18
28 12 69
88 91 23
2 19 56
22 73 33
87 9 82
45 83 67
17 49 54
88 99 100
86 73 39
20 38 4
72 93 3
52 83 90
36 7 75
98 77 52
91 31 65
85 94 45
49 2 81
19 51 45
14 66 66
24 43 83
81 59 69
87 72 6
23 64 11
88 99 60
63 7 15
62 79 1
26 79 98
4 83 66
64 73 43
60 15 99
38 90 18
19 23 94
45 88 49
50 97 42
14 99 4
92 32 61
82 47 15
67 93 9
66 3 74
95 94 74
98 15 100
39 28 6
36 73 46
78 42 90
70 88 77
10 31 90
36 70 13
77 85 50
18 97 9
50 84 90
14 49 7
38 84 63
72 56 67
34 40 73
50 23 20
34 16 72
61 40 16
26 51 23
75 57 16
89 11 53
71 51 8
47 60 29
26 86 19
73 65 27
41 14 72
76 54 15
2 64 89
99 33 87
70 79 25
82 61 80
85 39 5
74 59 77
0 70 89
23 83 64
66 61 90
21 15 87
81 97 72
98 26 12
77 17 62
39 93 50
36 42 16
42 73 34
1 32 74
30 24 46
5 66 84
69 83 88
80 30 31
2 18 25
71 40 70
79 44 40
17 6 96
0 28 26
36 21 19
34 52 66
16 52 83
7 99 21
4 96 68
57 71 62
79 92 35
11 13 52
2 60 38
18 75 87
24 52 26
92 47 81
19 13 21
28 81 96
91 23 55
56 94 40
67 42 36
45 65 57
37 78 1
31 45 87
32 27 33
96 53 87
30 74 45
71 58 66
65 53 14
13 56 16
69 37 44
20 99 10
41 79 90
33 34 50
50 79 97
80 71 75
18 68 53
86 71 78
84 79 7
68 83 46
50 91 31
51 13 25
0 97 3
2 67 41
87 86 11
64 45 90
91 81 100
43 89 32
70 21 13
40 97 89
81 80 40
53 41 45
62 46 15
80 79 84
41 87 73
2 90 19
8 97 56
41 25 90
93 73 45
57 71 77
89 94 51
97 89 48
12 2 87
8 62 99
99 43 32
84 6 42
60 65 47
55 41 80
81 23 70
12 22 96
55 50 97
91 90 51
59 18 71
11 97 12
97 37 3
75 2 21
5 41 92
11 42 20
19 33 5
84 30 33
24 15 95
8 96 4
96 83 28
56 31 11
15 94 83
12 18 18
23 95 64
86 76 71
47 78 49
64 95 42
14 58 48
31 57 71
24 97 17
20 76 46
62 85 24
56 35 37
93 84 30
17 63 35
35 45 77
86 99 85
77 90 64
33 41 83
34 40 41
45 94 24
58 45 88
59 40 18
21 27 15
68 95 74
12 54 64
49 88 52
19 28 75
8 27 14
40 2 10
48 43 28
7 20 27
16 90 32
18 29 13
13 63 44
80 53 92
91 6 5
5 49 80
56 82 77
62 90 73
89 53 47
82 83 64
91 88 47
0 29 89
9 16 71
51 22 57
21 56 85
34 39 43
0 76 66
28 89 13
20 61 79
43 16 70
7 56 72
5 11 77
9 79 5
57 65 39
62 80 52
6 74 1
30 79 21
97 74 94
23 89 23
3 21 95
60 56 97
29 80 44
19 60 68
51 79 41
57 89 20
89 98 46
40 53 45
17 66 53
92 84 94
6 2 63
75 61 55
88 18 34
8 86 41
21 71 79
18 61 87
8 22 72
99 72 56
99 38 52
0 25 95
45 16 14
27 1 94
71 60 56
66 35 76
48 87 45
76 20 6
85 79 45
28 27 84
31 19 94
35 98 47
51 61 82
78 73 39
64 7 91
56 6 80
41 53 78
18 5 14
98 51 92
39 14 40
71 15 81
91 33 83
44 5 15
29 38 9
8 69 26
44 31 29
63 88 21
33 97 79
56 10 32
69 66 4
31 58 67
40 21 68
47 99 25
68 88 62
30 12 59
35 50 69
27 71 28
29 69 65
44 15 72
50 25 69
75 51 77
78 77 3
10 29 11
90 31 46
36 87 18
45 69 15
65 0 40
23 36 98
71 93 41
50 15 70
80 61 55
79 30 45
19 77 1
51 45 51
10 0 2
84 65 24
58 51 51
92 71 24
39 55 17
16 31 59
83 97 91
70 34 75
67 95 66
95 45 83
5 6 70
82 4 66
6 23 82
42 44 89
93 75 40
91 28 43
56 79 15
2 62 50
37 65 32
53 11 27
54 48 79
11 41 56
24 32 24
71 75 14
7 79 54
31 21 38
36 31 72
17 13 45
97 92 42
79 6 40
83 0 19
51 61 85
77 14 95
21 61 94
34 71 85
27 20 4
93 61 51
73 29 32
27 39 100
74 17 13
57 68 35
47 79 87
88 25 78
64 94 31
24 32 76
21 30 94
74 18 52
43 27 99
89 18 58
31 40 4
21 33 96
70 55 37
71 61 77
67 69 86
11 22 13
16 46 86
21 32 31
66 55 69
72 66 4
49 82 28
76 71 81
29 44 35
8 23 28
32 70 30
26 92 7
41 25 71
12 83 75
66 24 38
4 43 44
92 31 62
19 17 71
62 36 62
21 23 14
96 91 92
40 4 16
66 6 99
26 52 88
41 3 53
70 17 20
75 62 65
78 14 48
47 84 6
36 24 70
90 43 60
98 22 53
27 4 16
79 7 37
56 16 55
38 13 66
52 4 91
91 43 72
15 51 56
60 39 73
98 64 40
53 76 63
50 84 95
42 90 4
42 91 77
76 83 68
18 3 96
39 52 89
44 6 99
62 43 12
71 40 37
10 69 1
70 85 71
62 78 45
4 15 9
59 30 34
82 40 24
56 62 80
15 79 56
72 20 42
60 36 48
24 97 69
81 32 44
24 10 89
54 93 6
81 99 62
25 11 84
59 11 10
70 44 63
97 15 17
60 34 17
67 8 75
69 51 9
21 58 75
88 47 17
92 37 90
68 94 47
61 27 52
53 32 31
16 3 10
13 64 35
49 88 50
20 50 62
74 52 55
97 86 70
56 15 31
55 92 3
7 66 77
12 91 78
27 12 67
88 80 99
16 59 86
50 14 37
69 49 32
41 68 76
38 22 10
74 18 86
86 77 30
27 96 24
34 12 91
7 38 69
53 32 47
41 42 63
3 88 73
52 10 4
84 69 4
49 19 34
42 14 12
21 93 56
30 31 42
14 61 42
32 90 74
97 96 18
84 6 56
72 46 15
10 69 31
35 59 34
85 37 84
16 31 6
46 84 51
76 16 71
11 72 89
44 23 21
95 41 19
96 94 1
0 83 57
44 26 93
60 77 5
25 36 92
13 62 45
40 87 100
70 36 87
57 27 74
39 22 31
53 86 6
4 16 98
40 32 4
12 34 30
47 15 66
59 28 52
52 51 47
21 23 25
69 68 89
79 21 15
46 98 65
46 41 18
56 5 45
85 31 49
91 6 23
46 77 42
62 3 20
0 85 46
24 26 53
66 4 19
80 27 17
95 67 73
83 57 18
25 87 45
23 50 21
96 98 19
82 65 99
3 47 78
35 58 11
71 10 73
94 83 83
83 76 41
13 26 70
73 61 18
54 61 85
9 89 38
15 78 80
13 56 70
59 60 60
84 38 81
67 34 96
46 78 54
43 86 40
13 97 37
45 51 92
67 49 52
85 79 22
99 56 71
63 46 57
87 17 33
35 21 55
4 96 88
86 81 65
25 76 74
24 30 35
93 48 44
27 98 90
53 16 21
14 99 65
46 98 77
88 10 58
13 96 99
48 58 50
60 75 17
73 62 35
59 22 72
5 73 94
15 49 68
32 26 100
30 90 50
40 14 7
8 53 54
0 84 7
36 71 42
60 16 19
52 46 40
54 40 86
96 84 28
33 13 42
40 66 33
94 43 61
70 18 17
21 28 40
90 89 85
32 44 13
40 38 80
97 58 60
44 7 90
8 68 22
59 7 7
36 12 40
88 56 55
40 6 24
56 64 68
90 53 5
34 14 3
77 31 61
29 11 57
62 63 97
83 96 30
98 17 88
71 1 88
77 60 45
65 75 7
76 45 66
37 56 92
42 52 57
51 40 47
20 79 84
91 12 33
7 28 19
0 13 18
42 78 24
66 6 38
55 13 27
42 5 9
62 26 14
2 27 34
12 47 53
62 92 70
33 55 27
59 31 32
77 9 77
23 37 95
50 19 94
95 67 97
24 16 4
59 34 78
37 63 23
31 73 41
96 41 60
44 49 43
53 23 57
24 59 49
4 99 89
94 76 82
42 65 25
18 59 12
13 61 91
31 88 71
69 81 48
54 49 15
68 45 45
91 76 51
92 87 38
54 0 100
77 46 69
6 94 32
6 49 23
82 0 68
72 24 43
58 50 6
43 59 7
56 25 25
96 94 23
1 57 70
34 65 100
96 60 16
73 38 97
49 98 80
40 56 31
74 82 39
8 93 68
13 12 96
70 5 69
37 74 67
67 13 24
40 58 17
55 88 48
83 50 69
76 5 61
82 16 31
75 21 38
99 50 35
70 55 1
71 1 80
16 6 75
55 13 42
22 17 62
57 6 87
74 21 89
75 80 34
24 74 29
72 33 28
95 36 17
66 0 86
2 99 20
9 45 71
13 75 77
93 17 83
3 15 42
73 63 91
43 53 20
21 99 66
9 67 65
73 18 57
95 83 3
99 87 74
54 3 63
14 25 44
86 58 3
60 39 20
54 18 7
41 15 38
9 92 97
53 70 11
94 1 91
20 68 42
20 65 76
95 63 52
12 60 32
10 56 82
3 35 36
44 67 91
56 30 15
42 45 27
30 27 95
72 9 47
52 61 44
51 1 91
50 96 28
92 43 86
16 22 27
36 88 31
94 1 90
95 86 97
91 57 45
0 54 16
5 48 36
62 22 10
41 6 51
27 58 67
84 33 66
57 47 25
6 56 30
40 88 45
94 77 32
40 20 1
79 60 34
31 25 17
7 9 50
20 27 96
84 47 5
59 69 81
7 34 57
5 58 94
51 33 23
9 69 68
74 53 32
89 61 6
49 85 41
24 99 22
74 40 19
74 8 56
88 97 66
50 59 66
67 16 46
34 9 77
48 59 47
89 76 37
18 76 5
82 91 74
18 75 15
3 48 84
8 28 5
66 6 85
3 25 14
55 2 23
47 7 30
51 7 70
45 11 40
67 54 15
85 7 83
72 43 27
42 24 13
39 74 90
65 93 84
4 76 93
66 3 57
37 48 89
91 20 51
20 61 92
26 62 23
45 43 3
94 8 4
14 76 29
15 40 15
8 4 1
29 80 98
44 53 71
96 14 61
40 99 63
63 50 54
97 18 57
98 43 31
6 27 53
80 7 23
50 54 23
90 18 46
15 20 11
22 15 11
72 7 44
1 96 6
46 22 33
17 12 50
9 24 31
80 92 17
24 67 27
20 13 5
68 71 18
41 55 15
59 30 20
88 50 79
24 28 4
23 70 4
28 46 71
59 83 61
6 16 75
58 26 97
95 88 91
34 26 95
44 41 27
83 78 33
9 52 70
71 15 83
9 83 51
32 24 68
65 31 36
63 51 20
65 43 48
3 95 19
45 70 22
80 20 83
58 41 13
70 14 24
56 59 26
91 72 20
1 85 97
63 30 16
57 7 87
85 66 45
40 18 40
57 70 79
58 83 67
63 34 1
57 91 46
99 7 31
71 3 13
44 61 15
4 62 17
16 63 93
62 57 17
80 4 32
79 51 68
73 42 61
32 42 62
35 98 11
91 63 11
80 29 54
87 76 98
77 78 57
51 67 59
26 20 99
23 13 77
20 47 34
40 43 63
24 78 1
24 68 81
83 59 44
63 83 80
82 12 77
81 38 31
75 95 14
95 97 51
37 82 89
39 97 5
40 39 65
86 2 45
6 27 89
58 76 56
87 68 66
47 54 43
8 54 39
11 90 58
19 37 52
24 1 11
44 18 98
57 63 16
16 10 15
73 74 20
87 40 94
14 13 7
85 12 98
27 48 24
0 31 52
64 84 56
52 15 84
35 10 85
47 69 16
16 40 87
85 37 53
58 13 92
88 13 75
96 57 20
29 79 35
61 86 67
62 94 10
49 46 50
92 31 17
40 70 37
79 86 26
24 63 83
81 64 46
68 44 48
20 1 56
96 39 24
75 31 20
12 54 71
98 5 77
46 94 16
69 3 37
20 97 77
55 39 60
33 49 68
52 0 19
70 44 7
20 31 48
3 84 98
41 12 95
83 53 62
5 18 65
4 58 67
98 18 23
33 98 62
47 81 3
14 95 22
79 52 58
32 10 88
54 22 86
15 47 72
77 25 30
98 92 5
6 71 65
28 63 98
38 25 97
72 98 4
35 38 33
87 33 67
20 77 28
66 79 25
41 53 63
20 98 19
48 51 20
90 99 73
74 78 89
52 63 83
12 6 67
94 4 40
92 60 14
3 97 34
9 51 60
61 85 81
16 26 97
92 2 98
23 89 16
97 47 32
93 9 36
68 20 17
45 43 60
0 72 77
82 48 47
60 62 72
97 8 24
3 68 82
14 2 16
11 98 86
35 66 98
31 4 48
77 93 15
16 54 13
79 84 73
59 10 19
25 11 2
56 79 78
61 43 29
39 20 87
15 16 90
92 17 96
1 30 21
44 77 53
93 88 89
14 20 3
18 12 89
32 89 59
18 21 40
10 26 72
11 34 8
83 38 100
48 73 58
86 5 92
54 47 96
86 7 23
33 11 45
4 31 82
15 56 1
9 52 49
92 44 45
6 15 58
1 61 67
71 27 18
92 10 84
14 86 5
97 66 16
66 73 38
86 13 59
15 53 32
3 93 89
63 79 13
20 22 89
7 43 12
28 0 38
38 60 11
95 60 28
70 12 48
50 32 26
58 91 67
63 77 28
77 92 16
84 83 24
35 33 94
57 25 46
96 44 55
92 7 80
28 24 27
65 1 25
50 43 100
52 61 10
33 0 29
25 12 4
72 15 85
16 78 49
97 36 28
70 99 49
73 90 44
66 44 94
18 62 66
21 3 95
81 36 68
79 81 44
62 69 95
12 97 99
0 22 73
11 21 19
68 99 57
8 69 73
91 44 16
17 78 28
77 50 2
46 57 21
66 93 94
68 1 40
73 59 62
65 76 33
9 57 27
30 23 33
67 2 65
75 79 46
85 5 3
38 98 15
16 22 39
57 9 26
34 38 25
78 47 56
27 41 92
41 73 41
8 67 68
27 73 54
80 32 99
3 67 57
71 93 84
89 88 90
99 45 5
55 8 53
4 26 41
60 68 33
77 42 90
38 35 74
82 66 16
89 28 93
73 94 33
68 44 48
17 98 59
34 52 47
19 52 90
82 76 48
59 14 22
8 35 31
6 39 86
46 43 23
81 69 76
90 86 53
16 57 59
31 90 14
93 1 11
47 98 62
57 84 17
37 9 82
3 22 53
93 33 47
21 35 97
46 5 23
48 8 20
70 29 83
7 71 28
46 16 81
95 37 89
89 12 28
83 53 72
88 73 60
31 25 82
77 0 84
91 20 36
37 60 64
43 13 2
98 47 65
6 76 33
55 78 41
18 43 58
77 44 42
73 5 62
99 90 45
22 99 94
27 26 23
52 59 29
13 40 33
8 88 13
10 77 24
50 71 24
93 4 2
90 5 98
75 59 6
25 23 12
87 31 27
93 99 4
39 8 99
61 7 88
68 85 48
62 45 5
41 70 95
11 60 93
8 67 2
12 54 11
79 9 92
98 71 14
48 76 35
66 56 40
89 15 11
54 94 51
16 68 70
4 49 4
78 40 82
25 27 29
70 84 48
33 51 53
69 93 30
80 14 49
42 69 98
44 29 76
72 35 54
58 53 81
6 60 98
33 58 31
70 68 30
76 15 68
11 55 40
78 7 27
91 89 58
73 10 96
42 3 14
87 0 20
88 30 2
13 14 27
