18 27 64
57 90 17
20 34 43
26 34 69
94 40 12
65 1 40
22 15 32
81 10 8
15 45 74
70 40 37
47 54 69
56 37 79
68 5 46
30 74 65
24 44 98
4 31 48
57 80 40
54 19 97
28 35 33
92 93 15
38 27 91
28 87 35
38 5 20
96 49 35
48 45 59
69 13 96
15 86 89
65 94 91
97 11 67
91 13 45
59 72 41
47 87 94
31 1 44
38 85 89
6 12 78
65 49 50
78 72 30
25 35 33
14 90 86
58 0 66
79 20 9
87 44 84
64 51 42
90 60 68
24 42 83
26 36 43
81 92 44
68 3 37
29 91 73
71 15 38
95 5 9
24 96 49
64 47 64
12 88 34
85 86 87
60 2 83
26 14 84
73 87 56
95 58 18
24 13 96
15 17 80
27 85 15
90 66 55
63 18 70
71 41 31
76 96 33
26 54 94
27 65 42
25 27 35
39 95 18
31 25 66
84 43 75
94 55 63
19 81 68
2 63 17
8 22 35
51 27 25
65 13 86
27 29 31
70 68 100
39 20 98
92 31 100
85 49 8
66 87 1
24 29 10
94 82 17
40 24 26
43 86 18
56 7 70
26 97 73
11 87 4
61 64 31
97 62 96
65 40 6
38 15 69
89 93 64
53 19 50
14 76 67
78 77 62
14 42 81
31 10 99
94 71 44
60 85 71
25 19 22
78 34 95
85 81 70
44 13 82
69 52 45
52 87 27
54 52 67
10 99 1
78 97 41
81 27 61
42 39 26
56 85 29
73 80 75
67 19 25
33 67 9
66 46 28
78 9 92
18 78 39
3 24 47
1 86 44
69 96 59
28 44 14
66 38 64
35 5 23
49 75 7
38 30 100
68 99 48
82 21 23
91 98 29
86 40 85
39 28 57
94 99 66
72 92 88
17 16 89
20 21 66
83 21 35
99 6 14
90 94 16
26 44 62
5 77 76
10 43 65
53 69 84
34 82 33
56 61 41
24 42 27
77 18 11
84 76 22
11 59 31
79 51 18
13 91 29
84 23 60
70 16 41
8 93 91
50 4 22
51 55 11
26 74 51
80 87 91
47 22 100
0 23 56
98 55 32
62 66 12
10 24 90
28 23 93
84 69 3
24 95 2
62 95 97
34 4 25
78 80 4
78 65 86
71 37 65
15 72 79
52 60 49
7 28 91
77 66 48
50 80 42
84 10 31
59 8 48
68 6 85
44 63 40
58 36 22
92 70 73
70 85 30
64 54 65
61 87 99
83 81 27
17 77 32
46 76 56
81 78 51
33 82 32
83 30 96
31 51 1
19 17 24
82 75 100
51 3 79
4 59 37
1 29 50
2 31 51
33 41 54
74 49 23
97 91 31
28 16 17
79 95 7
5 41 95
70 41 9
22 12 29
14 12 33
41 6 69
43 75 14
57 16 64
77 93 26
32 45 38
73 95 22
1 60 84
11 22 15
46 4 7
0 83 40
78 24 97
35 15 53
48 71 27
74 48 95
70 91 91
68 56 55
19 22 19
84 68 39
70 99 35
75 89 93
78 93 53
14 30 25
19 72 46
75 89 96
79 80 9
70 38 68
2 51 27
36 98 24
87 74 62
21 16 71
0 15 89
29 38 83
17 29 89
2 82 48
85 47 59
71 73 11
83 49 27
7 42 46
89 64 57
38 39 40
9 43 61
42 41 95
97 20 44
55 66 72
72 13 56
85 46 21
92 16 63
3 69 29
23 80 48
79 87 20
25 99 78
12 11 9
69 81 90
12 26 5
13 38 79
50 42 68
63 2 18
24 37 21
10 12 20
33 81 54
56 83 97
52 4 52
98 65 19
85 6 9
78 18 41
24 97 20
11 76 17
4 44 31
94 10 58
52 73 98
37 80 32
0 37 46
31 38 100
48 97 94
70 5 41
35 79 75
39 13 92
46 73 98
99 72 11
48 77 80
90 40 45
82 17 65
19 77 70
86 75 92
57 18 25
23 82 26
70 65 65
53 73 95
10 52 19
24 55 94
97 84 67
82 89 36
89 96 40
52 6 35
3 56 4
48 51 81
8 4 75
84 99 19
82 37 25
30 83 22
59 76 10
27 56 44
44 77 58
64 63 3
74 25 23
45 14 79
65 53 23
52 42 16
77 5 71
54 16 62
94 39 28
54 13 44
47 80 95
58 38 60
8 22 51
1 60 2
3 45 69
70 25 27
95 59 7
50 13 93
44 66 54
82 42 12
9 50 99
95 30 27
72 22 55
78 37 17
74 69 71
76 30 40
12 24 57
59 89 21
99 30 55
45 54 51
1 98 18
30 18 70
57 63 19
56 69 57
23 92 89
31 87 29
29 59 3
35 33 52
51 3 53
77 69 31
65 60 85
87 24 45
64 59 19
39 88 3
84 85 33
48 81 34
85 36 31
23 49 13
99 76 49
28 0 17
89 2 34
55 47 36
36 79 66
63 22 2
76 3 22
92 12 37
65 83 90
29 49 68
33 21 14
8 39 72
31 93 11
15 74 37
57 74 64
93 99 32
83 34 53
16 63 96
11 88 41
43 34 79
86 35 37
52 96 46
57 51 77
94 21 3
81 54 96
59 19 21
68 53 33
56 73 89
81 16 71
55 63 64
81 16 14
3 15 80
59 71 79
5 1 30
32 73 82
4 43 87
65 67 55
58 93 7
56 21 41
83 3 91
30 82 64
65 34 40
28 14 85
25 8 69
43 61 24
15 9 50
17 1 12
52 99 5
64 4 21
69 43 21
63 20 70
68 42 45
61 67 58
94 82 56
29 94 44
43 92 79
58 30 58
28 16 45
59 75 75
7 43 95
4 32 72
77 22 57
13 37 29
19 44 75
80 52 52
47 92 95
56 7 22
50 57 68
14 53 62
5 66 92
21 68 6
23 27 83
59 34 10
59 43 20
35 79 68
11 23 36
69 54 38
92 13 47
6 22 67
17 99 90
44 91 84
7 4 75
83 74 77
85 78 52
41 79 41
44 61 90
92 18 12
28 57 57
59 10 20
97 12 64
67 60 53
79 5 96
50 55 68
57 83 23
15 98 28
3 98 78
56 29 72
36 58 55
74 72 99
33 78 5
76 99 76
1 7 58
50 72 16
16 19 65
14 97 77
66 1 9
92 15 45
16 59 38
77 82 95
6 50 45
59 6 58
61 10 94
12 3 48
22 70 97
7 82 37
13 26 5
27 32 89
29 51 91
65 85 3
79 96 59
23 59 20
49 96 6
44 95 16
49 63 5
32 75 36
92 30 36
97 92 90
65 97 25
39 15 13
27 95 66
63 99 34
33 77 12
65 87 45
11 28 54
82 36 62
37 52 98
14 75 1
46 82 95
43 91 24
34 29 14
69 16 46
73 33 20
70 62 25
0 16 99
84 81 83
88 9 19
12 25 51
88 52 51
43 91 98
6 60 29
20 41 40
80 65 2
90 37 3
52 77 4
55 91 15
69 4 27
80 38 45
97 85 8
92 55 25
25 45 27
92 36 41
9 87 7
2 78 66
86 24 75
71 88 34
38 62 36
27 32 50
2 64 18
20 13 44
41 66 99
86 17 56
85 39 100
85 90 93
68 75 41
28 95 20
38 56 30
93 85 68
85 73 42
71 78 79
90 81 70
72 20 80
14 57 37
4 12 13
72 36 98
7 63 27
93 80 3
25 26 4
42 47 25
90 17 2
39 26 33
44 30 7
63 64 1
90 17 77
46 21 25
69 79 17
53 96 62
55 37 9
89 67 52
96 58 52
81 83 28
43 11 98
50 35 8
86 78 38
15 27 38
55 98 53
47 48 54
82 46 30
43 85 84
83 78 84
20 90 89
67 99 63
77 74 79
52 23 85
31 23 14
4 95 67
56 96 32
72 80 14
92 48 33
70 23 80
1 34 32
86 40 87
96 45 35
65 64 43
18 66 8
60 1 73
3 36 63
34 58 58
29 34 7
48 70 33
20 23 14
0 41 40
68 88 99
97 37 22
90 5 5
53 2 48
21 85 38
91 77 38
65 1 96
1 38 88
35 29 11
46 37 82
87 11 40
89 22 42
70 60 18
1 36 81
76 59 77
99 75 26
41 54 33
47 84 79
64 49 23
91 45 49
31 56 57
35 93 43
96 62 58
15 28 35
71 75 49
9 73 47
3 6 52
40 14 1
34 56 66
66 91 33
52 94 82
11 84 61
67 50 81
72 25 94
42 57 40
75 19 21
58 65 73
48 74 16
12 3 56
56 47 59
86 39 37
40 1 13
87 69 58
66 73 91
88 96 6
0 67 95
9 45 70
45 14 45
86 99 62
25 64 87
52 82 53
57 49 18
29 48 18
21 74 5
64 81 82
42 5 45
0 62 74
8 55 55
94 74 89
97 66 87
69 94 16
12 25 69
22 62 87
23 95 95
90 38 29
80 51 33
88 73 66
39 0 84
4 15 31
70 0 37
43 29 91
23 51 26
68 46 13
46 24 1
71 10 38
11 14 97
8 38 92
0 95 20
62 77 37
26 44 93
93 52 21
26 27 71
83 81 98
94 90 98
31 69 16
31 76 61
70 0 83
44 23 36
85 88 67
12 15 62
11 24 88
10 0 75
76 39 1
41 69 90
89 49 28
48 30 13
75 39 21
33 94 6
19 91 8
57 13 45
61 45 80
87 90 90
8 40 43
79 91 36
38 97 76
84 10 53
73 68 72
87 14 65
19 31 66
22 51 36
18 86 43
64 51 64
1 71 23
29 67 54
9 7 86
30 58 22
2 61 14
26 41 88
44 60 69
7 43 86
21 7 47
49 3 87
85 98 11
78 49 14
73 4 62
22 62 4
76 64 39
89 50 31
50 58 27
10 52 4
15 49 12
86 43 57
2 46 98
10 5 26
95 6 2
86 28 28
58 80 46
3 20 50
75 34 52
26 89 19
13 72 88
69 24 79
41 73 3
12 71 10
75 96 15
79 58 44
23 76 68
26 56 54
20 40 27
59 68 17
96 89 37
21 5 81
44 38 55
81 20 37
97 90 70
71 58 84
48 36 74
4 22 55
73 77 55
25 68 8
83 64 92
77 61 56
74 6 64
84 53 98
71 15 54
29 11 30
18 36 82
37 2 96
46 3 44
15 38 92
70 28 18
81 45 91
55 83 67
17 99 36
59 79 36
47 65 69
5 26 77
31 57 34
19 50 71
94 65 28
15 64 52
19 54 13
77 79 16
93 41 18
20 44 82
40 98 39
54 77 97
14 53 53
15 66 72
23 57 75
89 82 37
89 29 16
71 22 17
0 65 96
49 0 99
84 4 44
54 86 13
66 37 3
92 11 86
26 24 26
19 51 85
88 33 87
41 57 14
73 80 3
88 9 30
65 10 4
96 82 10
28 50 26
74 48 61
50 12 37
27 6 86
9 78 95
18 13 30
88 6 76
71 91 21
85 66 40
33 85 52
85 79 34
30 67 2
71 79 34
20 69 35
15 96 19
67 39 26
72 82 72
33 45 66
52 11 22
68 54 2
50 81 57
71 67 7
48 73 52
24 12 8
46 38 49
44 45 20
20 32 28
93 75 99
64 47 43
59 50 31
66 89 45
76 29 58
99 65 17
52 89 64
26 92 85
70 33 81
11 54 54
50 56 75
71 97 43
17 89 96
23 46 37
87 19 21
71 8 73
20 78 93
53 81 36
40 49 32
53 82 89
24 75 76
13 48 9
46 8 40
28 55 14
1 44 74
35 49 13
85 78 64
74 35 75
45 70 75
4 13 78
12 4 74
64 32 30
20 49 14
94 73 70
44 23 47
21 29 84
40 99 80
45 5 62
66 82 100
81 39 66
51 48 44
26 14 74
92 89 27
55 5 37
24 15 22
12 51 44
20 25 4
31 2 11
95 11 58
79 87 32
34 5 79
43 31 84
50 90 9
0 85 18
12 30 95
6 11 76
85 88 80
99 12 91
35 40 26
35 4 82
29 32 48
71 42 62
84 55 10
72 63 39
2 12 13
67 45 39
85 1 20
93 4 54
66 3 23
7 98 22
11 14 86
28 51 92
86 91 39
58 11 18
38 35 93
43 27 61
20 83 25
44 51 93
32 45 62
6 29 52
63 43 67
65 36 28
13 53 92
41 33 100
64 94 53
4 21 4
39 57 28
21 91 56
58 45 55
57 73 32
47 53 33
22 25 10
76 77 71
62 29 47
33 28 85
32 45 81
18 20 22
41 70 77
34 31 24
35 28 28
67 42 58
88 20 29
59 43 83
45 77 84
58 14 100
48 85 71
19 6 90
1 66 11
68 18 35
79 43 58
61 53 72
41 33 41
29 94 24
4 70 99
78 14 47
75 81 15
35 98 18
99 26 72
86 57 58
62 78 95
96 32 52
73 14 11
86 43 21
88 80 76
5 18 7
18 26 87
45 88 13
45 23 15
48 67 19
93 15 67
18 55 72
47 23 99
91 21 2
82 66 11
20 53 45
92 44 59
13 1 86
41 50 17
20 7 4
77 46 50
39 7 20
59 23 9
43 92 43
57 5 4
21 28 86
13 0 96
3 50 8
33 55 60
61 21 7
1 81 88
44 92 47
97 32 1
83 51 8
39 84 26
71 52 3
21 24 7
0 73 8
68 92 66
40 28 66
14 18 53
21 4 23
25 79 94
28 58 5
70 58 39
66 23 78
88 45 81
45 7 3
99 93 37
79 27 90
79 94 87
58 8 66
78 72 11
83 42 71
69 61 32
30 98 25
99 71 72
67 15 94
62 29 61
40 82 85
8 6 78
17 74 84
74 46 31
55 60 79
36 15 69
88 86 77
47 9 38
9 19 56
88 23 40
73 57 89
8 93 31
78 3 23
28 82 46
91 38 11
57 11 45
51 68 52
3 19 86
14 66 99
37 90 1
68 79 66
61 57 53
89 72 38
59 16 98
60 79 56
87 41 13
39 5 83
49 36 96
20 65 44
54 12 90
78 16 60
41 58 26
55 75 21
17 48 53
40 4 40
62 4 19
73 34 7
13 11 44
75 72 27
78 75 1
50 94 10
34 29 26
19 84 42
28 62 12
2 59 99
51 80 65
13 89 18
77 31 86
4 98 19
19 77 74
59 80 92
6 81 56
53 79 98
19 81 62
40 61 41
37 46 7
39 77 12
90 86 93
83 19 92
61 94 74
34 81 28
72 97 60
52 96 24
20 40 43
30 44 37
87 77 56
67 18 96
99 4 20
99 3 67
39 70 82
12 84 47
7 17 95
46 61 92
20 3 77
63 23 95
36 41 10
68 49 55
86 40 39
18 36 96
43 64 72
82 43 38
72 28 95
93 31 72
12 50 96
92 56 86
69 55 24
3 73 30
90 39 96
85 32 58
6 63 20
35 91 41
7 73 26
28 24 69
44 69 91
3 60 48
68 42 37
86 85 98
84 17 13
45 89 31
65 94 37
87 66 100
99 54 37
26 83 49
19 93 98
61 45 1
56 97 47
62 5 18
74 59 32
83 4 40
94 63 29
71 31 64
99 69 26
66 94 27
39 46 98
49 50 32
51 44 55
21 8 51
6 34 3
85 93 91
25 37 77
79 70 91
14 16 60
68 54 7
65 7 73
2 94 28
27 75 72
26 43 49
47 86 16
2 66 20
75 79 81
56 37 45
28 30 82
97 85 70
2 58 3
23 43 60
52 0 29
25 65 13
54 36 31
21 6 69
48 1 48
80 13 33
75 20 84
74 93 87
43 11 65
56 0 65
95 77 62
92 36 9
57 17 73
71 18 13
34 50 91
99 24 37
15 80 68
11 57 65
65 76 95
51 30 59
18 0 5
40 41 43
21 18 68
68 20 17
99 66 4
38 55 70
35 8 4
25 17 20
96 79 59
2 77 22
19 98 95
66 35 89
98 50 34
17 35 84
54 56 13
76 44 10
3 43 31
90 69 15
45 10 28
7 23 57
82 32 55
5 88 42
48 14 35
25 98 62
42 25 68
10 70 62
35 58 90
41 0 93
16 91 99
58 43 21
46 62 21
81 78 71
75 65 2
45 70 99
16 19 15
90 78 58
50 38 17
45 95 60
13 77 39
86 29 55
77 26 54
25 66 23
52 13 24
