5 53 40
7 66 51
31 10 84
90 62 65
69 45 86
44 19 57
71 3 49
74 4 13
85 78 12
43 4 7
3 41 45
77 91 39
5 90 97
3 25 74
80 38 33
35 16 58
81 11 38
16 77 61
8 32 50
70 60 95
46 5 99
59 65 21
19 90 67
27 34 24
40 52 17
95 26 17
84 95 3
14 53 42
43 77 1
94 86 53
61 25 50
56 77 86
63 97 49
59 93 30
65 19 47
78 2 3
7 87 48
17 62 56
96 12 21
98 11 87
39 4 18
64 21 53
29 81 52
10 30 35
58 77 18
43 15 38
66 35 56
80 25 69
50 13 47
71 46 59
94 71 17
22 97 57
26 20 54
24 8 99
9 74 66
91 79 92
6 79 37
98 38 13
32 7 7
95 55 10
99 13 17
46 14 55
5 12 29
36 53 26
87 84 17
51 14 94
50 66 53
90 7 100
21 34 11
19 13 24
82 54 2
4 13 31
85 0 26
96 88 78
9 77 40
5 81 74
29 49 55
81 77 25
0 67 63
11 70 73
27 51 81
82 86 40
65 68 33
28 13 45
56 75 51
32 29 91
10 96 3
39 67 72
63 10 20
64 18 99
77 98 90
4 33 6
60 41 6
92 96 42
24 20 50
72 55 90
93 13 93
76 53 47
26 65 50
24 56 34
32 1 25
27 10 70
76 29 23
60 66 93
93 27 57
51 18 61
81 73 96
58 26 99
54 18 68
45 82 75
66 27 92
8 23 25
81 0 98
11 6 47
45 16 35
6 21 64
17 38 49
96 92 31
28 41 89
11 69 8
4 58 75
85 42 67
30 33 50
45 26 66
90 15 43
98 34 97
77 11 21
96 85 85
72 14 33
66 51 51
58 84 43
92 28 82
22 45 12
17 54 42
82 47 51
20 95 36
75 22 17
23 74 10
1 71 84
49 62 1
30 99 33
91 92 34
5 73 84
47 73 77
84 13 65
28 40 65
82 10 54
59 79 64
81 52 37
4 77 24
43 30 28
79 46 58
26 95 88
79 35 86
76 23 91
7 70 32
99 46 38
15 7 1
94 35 28
37 29 54
99 59 99
49 89 72
6 46 86
64 8 20
94 43 40
74 46 69
68 48 27
81 44 59
45 69 15
56 86 58
11 49 20
75 44 43
85 83 99
84 90 24
25 37 59
82 10 64
53 21 79
81 36 39
48 27 51
15 32 30
14 60 24
31 51 58
99 80 47
26 35 38
61 4 53
58 53 42
75 20 28
1 72 51
57 77 1
69 40 77
6 38 38
73 12 69
96 43 73
52 24 90
79 22 23
39 95 34
2 29 62
66 4 64
58 97 34
46 89 35
69 18 11
72 9 34
27 37 14
11 60 46
12 34 28
73 68 25
66 58 83
74 54 57
77 67 30
21 52 92
13 78 17
23 50 82
67 39 21
92 5 12
97 66 52
44 41 69
37 94 29
79 10 7
62 39 38
63 60 52
53 45 67
58 44 54
78 65 10
14 15 80
93 23 80
92 19 90
11 66 34
77 64 83
86 19 88
23 59 94
38 5 60
87 7 93
3 52 15
13 28 56
67 30 23
44 22 95
41 74 72
5 59 90
46 12 99
49 7 47
54 71 37
48 30 21
11 3 39
11 51 12
9 51 41
7 82 40
59 92 71
63 44 56
33 56 28
72 97 12
6 29 37
56 5 89
86 74 8
25 75 32
85 8 4
89 21 57
59 7 90
17 62 40
88 19 23
38 22 45
48 35 76
15 34 29
33 67 15
26 83 85
61 95 39
72 99 36
96 79 36
93 32 82
99 92 66
30 69 51
59 84 7
96 8 77
60 76 45
27 91 69
43 27 25
52 84 64
84 28 68
83 29 88
13 41 85
80 8 59
0 72 31
54 64 78
11 56 35
87 31 73
4 72 75
34 15 62
70 12 100
3 95 97
12 96 64
9 35 62
89 1 47
29 40 69
81 20 73
15 8 22
25 28 43
86 25 22
36 18 22
92 72 11
12 99 91
41 50 54
28 81 20
21 43 29
24 18 78
15 85 86
94 35 95
24 20 98
52 8 47
8 43 87
6 67 98
98 46 45
22 0 73
53 36 97
39 58 95
94 14 17
20 71 42
40 86 92
79 99 28
96 1 64
58 71 30
3 71 64
92 81 37
51 75 90
42 89 3
94 19 67
70 81 16
52 63 58
50 91 31
19 49 52
85 9 42
79 99 47
18 20 48
75 83 11
72 13 51
37 92 21
82 94 90
87 16 97
73 1 86
93 54 49
83 99 11
32 41 71
81 80 19
59 69 67
71 88 69
29 23 23
25 9 96
84 48 79
19 68 90
44 37 55
91 97 84
72 16 42
7 29 18
47 79 10
55 4 59
94 33 60
97 45 57
95 58 35
30 38 46
6 36 94
54 75 54
75 63 52
48 13 23
83 37 61
53 67 30
39 16 96
9 92 64
8 42 93
44 84 39
47 26 61
54 90 66
61 0 34
3 95 61
69 37 63
72 74 16
79 69 16
53 18 89
19 15 63
22 80 76
50 52 20
59 35 45
62 73 80
13 50 85
32 73 83
78 47 39
33 63 6
37 13 67
83 88 13
69 63 73
95 91 28
11 74 55
25 57 3
20 41 77
63 52 71
38 31 7
41 38 90
55 89 37
71 98 5
47 90 18
95 97 16
68 31 67
88 65 49
77 65 57
88 81 85
9 81 36
0 16 74
70 46 10
27 0 96
18 47 68
75 83 87
36 50 42
11 91 1
55 90 78
27 17 29
71 1 75
9 89 46
73 34 13
83 24 4
17 8 3
88 82 70
12 16 63
39 63 36
36 31 33
57 69 17
64 16 37
82 95 72
32 47 10
5 53 90
5 93 44
63 94 53
89 69 83
65 38 84
93 38 51
13 80 17
95 85 22
56 55 99
68 81 59
93 11 7
10 68 27
25 7 31
93 58 9
82 91 23
44 64 90
17 37 11
44 90 78
49 96 55
47 10 27
28 78 5
12 96 78
16 24 4
97 16 17
43 99 47
42 69 14
36 57 20
78 22 7
73 19 37
32 55 51
58 23 1
81 22 29
63 75 61
48 63 76
30 10 44
14 47 88
83 16 87
77 81 87
52 36 73
52 6 42
81 66 71
41 34 74
53 2 81
80 29 78
66 12 54
20 41 58
30 50 18
70 99 83
74 88 42
77 62 21
4 5 69
12 93 92
12 41 85
39 62 48
71 3 79
69 10 7
45 71 36
64 77 7
14 40 88
75 41 90
1 4 46
86 4 97
12 81 69
34 68 100
11 62 75
38 44 89
8 83 81
90 41 92
8 84 96
18 59 36
52 48 77
91 1 66
39 98 16
99 56 28
64 69 85
48 14 63
56 37 25
49 70 61
62 89 12
33 2 39
23 19 26
43 19 39
5 1 29
86 82 90
21 93 5
74 63 45
58 64 100
94 81 74
38 83 89
41 12 50
16 65 35
5 57 25
21 68 41
87 1 13
73 99 33
59 72 87
52 84 20
74 91 63
27 98 25
33 28 56
29 42 65
34 45 76
48 65 41
9 26 64
62 72 52
30 71 38
48 88 51
2 25 39
14 54 39
6 83 15
83 24 11
42 59 8
91 66 10
23 42 32
96 80 38
97 53 81
20 17 34
94 43 21
19 34 5
30 89 14
65 25 70
15 57 72
41 69 64
71 36 63
18 12 84
34 25 96
20 70 48
98 97 44
47 31 58
60 32 9
89 80 36
14 66 25
86 57 52
91 72 35
22 73 75
8 20 18
35 33 52
76 11 29
95 86 80
95 8 90
4 43 89
88 65 15
61 21 94
98 50 37
50 28 100
60 97 52
86 5 35
10 66 45
11 82 93
62 40 65
69 43 16
56 71 13
59 14 94
65 23 27
10 73 10
61 80 96
28 18 7
49 27 60
85 40 8
32 47 33
85 74 7
52 58 47
89 46 30
89 84 44
39 51 51
77 9 82
67 78 90
68 18 35
92 29 59
72 2 38
75 1 90
13 7 68
36 51 79
98 5 74
1 49 8
83 80 46
63 34 82
95 13 16
47 79 86
84 49 38
60 2 33
52 61 24
46 45 54
57 28 1
9 22 95
18 77 60
71 40 45
5 47 22
8 88 47
98 32 38
39 47 3
71 37 25
94 86 99
18 82 51
89 48 71
2 46 91
23 86 87
96 77 29
27 61 4
27 15 47
16 73 66
10 24 100
14 25 53
27 79 90
75 94 100
33 50 9
67 37 71
24 57 4
13 71 40
20 95 74
42 44 60
48 6 94
16 33 44
51 97 83
21 63 42
72 77 76
10 84 83
22 10 10
45 5 43
70 37 62
59 34 38
22 94 66
12 87 85
81 92 87
50 43 1
38 49 51
23 75 51
29 90 56
11 97 80
65 76 4
17 36 14
82 77 99
42 89 31
64 9 6
1 65 16
97 20 58
86 45 94
27 11 36
11 28 42
28 1 66
22 72 63
65 38 18
82 39 74
86 35 43
77 61 93
30 14 22
19 71 72
58 10 7
35 79 42
45 52 39
82 8 100
84 57 43
0 45 80
45 21 91
11 41 29
78 80 33
98 26 43
8 12 46
88 0 77
41 27 57
76 15 67
91 99 69
82 43 94
32 40 37
26 99 38
50 14 68
9 45 57
93 5 64
77 61 81
45 57 86
30 32 90
3 21 32
19 94 65
53 43 31
17 20 92
68 90 70
79 62 12
24 71 26
0 89 87
68 87 70
35 92 31
43 27 54
87 66 64
44 56 32
59 41 3
13 84 74
49 21 28
5 67 98
52 94 35
45 34 69
88 56 53
89 10 98
89 66 82
86 81 10
73 90 78
19 39 28
82 39 36
31 17 26
83 16 15
4 44 69
75 17 4
94 88 49
95 71 26
54 89 42
59 34 58
78 53 55
33 58 85
85 20 55
79 18 38
13 57 57
46 9 28
57 64 36
13 30 1
33 73 94
85 41 90
26 49 11
23 48 36
38 34 36
75 23 20
3 84 33
54 65 52
41 55 83
67 75 31
26 7 27
51 50 73
44 34 66
40 18 24
89 81 48
85 50 10
45 59 50
36 25 93
83 92 72
16 65 94
59 28 9
22 50 58
98 6 73
38 95 81
40 53 44
79 70 30
61 30 90
89 13 50
96 60 39
0 44 21
82 32 50
5 36 78
75 52 10
48 51 31
45 22 18
12 92 26
25 92 33
29 91 15
56 72 34
12 15 77
83 24 82
74 22 54
67 33 27
69 23 85
83 9 87
1 19 87
17 51 46
61 39 92
54 46 26
27 36 4
89 40 30
32 9 15
82 83 5
22 1 47
11 44 36
32 30 80
30 37 67
66 70 34
51 24 99
21 46 33
22 11 37
67 22 25
44 28 99
35 23 45
96 76 60
66 62 87
97 61 82
58 39 17
89 38 39
67 76 64
53 58 78
84 81 48
61 99 53
80 0 30
77 86 71
14 41 25
66 3 93
10 13 31
99 43 53
23 51 34
36 96 65
37 94 71
95 69 87
95 78 36
65 6 82
81 20 19
58 49 47
72 34 65
57 83 40
18 76 26
47 46 10
68 47 54
9 74 75
8 14 68
61 67 55
22 67 5
37 43 86
57 81 85
55 40 11
30 99 10
30 11 97
93 7 43
48 70 16
36 98 67
53 42 15
54 85 29
79 12 95
5 76 38
33 76 53
25 24 36
67 84 49
34 61 12
31 8 22
4 62 12
0 64 35
54 46 40
68 88 39
57 31 28
9 19 18
15 44 21
89 10 24
4 28 18
62 84 78
36 7 93
19 95 12
1 50 74
39 54 58
71 91 99
47 38 10
73 77 66
7 77 45
98 18 88
76 68 1
79 24 29
10 89 4
64 31 55
24 76 74
35 38 93
26 97 39
83 68 87
97 63 94
63 7 42
89 71 11
8 2 46
25 42 95
7 92 20
17 59 90
83 54 43
69 19 40
95 29 77
69 62 86
16 31 48
94 21 61
39 64 61
20 94 48
15 50 17
16 96 100
80 58 33
52 4 54
99 39 16
50 66 58
37 9 69
49 70 41
43 55 25
1 66 54
39 31 97
94 33 79
96 67 11
29 88 28
78 38 22
75 34 78
81 79 74
93 96 5
71 84 2
63 89 87
89 39 13
50 2 32
97 37 10
15 42 33
6 61 71
12 46 4
55 57 92
81 13 13
52 53 17
15 83 33
66 31 41
63 7 17
1 46 67
50 64 59
45 27 95
29 34 46
4 49 5
46 92 18
1 83 16
48 37 44
69 20 14
57 35 8
3 65 69
82 50 49
24 61 59
21 67 24
49 17 70
83 5 1
43 45 46
61 37 21
8 85 64
45 89 12
99 12 18
1 53 96
95 63 66
88 82 37
74 4 91
59 68 71
85 98 46
24 93 92
94 78 23
9 21 63
14 94 56
25 35 11
13 7 81
20 46 70
62 71 27
19 59 47
13 73 47
6 30 82
16 95 63
41 51 79
99 39 86
59 28 87
37 0 53
69 78 45
68 6 62
6 83 52
90 78 30
8 38 67
19 50 6
99 71 30
19 95 13
18 21 20
22 88 6
14 72 93
46 49 95
89 71 84
21 30 56
96 14 24
28 89 81
58 45 91
66 9 85
52 25 51
60 8 67
40 92 67
65 18 64
67 71 88
93 53 31
48 63 57
87 5 39
50 7 3
56 76 72
10 0 86
15 59 62
65 14 43
55 2 41
30 86 92
64 12 88
33 49 46
37 67 86
87 73 31
18 70 72
70 65 85
89 49 9
1 33 91
43 53 97
27 96 1
89 12 94
51 89 96
2 76 98
71 87 89
93 77 77
83 21 60
29 57 2
30 38 73
74 31 41
77 4 6
77 76 12
14 61 81
11 78 91
15 60 32
23 9 27
59 5 92
2 60 16
60 2 31
12 76 9
5 39 8
71 20 40
5 37 14
13 84 90
32 75 42
33 52 68
25 36 89
25 71 56
3 82 44
41 58 87
89 66 20
93 39 50
71 78 50
18 30 69
3 23 36
63 46 34
40 35 74
47 31 78
76 99 19
99 58 24
45 92 56
28 70 18
72 53 20
75 31 20
84 91 33
68 84 82
15 51 83
97 93 60
57 51 85
59 20 70
94 18 50
35 66 100
52 12 56
45 16 9
95 22 9
82 8 7
7 5 11
43 46 43
60 67 59
73 9 23
70 73 4
11 8 94
10 86 40
98 67 61
90 23 14
2 32 14
38 87 12
71 56 23
89 65 83
45 1 90
89 1 92
23 4 23
59 72 32
77 67 47
21 17 17
35 33 85
54 31 32
76 50 52
65 7 94
12 68 56
20 53 71
31 83 96
81 74 22
31 45 74
98 53 73
77 88 65
67 71 6
49 3 55
54 14 54
43 89 93
78 34 78
25 30 53
18 20 80
25 0 3
57 42 95
23 1 74
24 30 56
68 66 67
40 39 17
30 12 74
50 85 40
55 73 100
71 1 18
3 14 47
74 29 90
62 54 100
32 99 30
65 49 63
87 72 6
68 33 68
73 74 87
40 16 13
16 8 78
71 47 34
24 44 62
22 20 71
34 44 73
38 82 43
1 35 25
12 37 10
22 84 1
76 88 49
66 33 58
92 61 33
61 85 53
90 12 1
93 55 77
17 44 70
28 80 51
11 9 86
98 88 50
80 89 37
42 0 74
34 37 82
8 21 46
99 84 57
64 47 61
32 8 84
0 22 81
4 85 18
90 37 79
67 33 43
25 63 14
65 15 95
18 68 16
30 3 42
20 84 66
5 11 18
25 4 47
70 68 88
17 48 92
96 18 43
43 95 66
74 49 68
58 34 53
3 34 96
25 50 96
65 44 23
33 95 74
81 11 20
73 19 61
73 20 50
7 31 56
62 82 53
59 79 28
71 77 66
62 53 46
43 36 85
11 60 18
26 29 67
74 73 16
41 11 57
40 3 56
76 2 33
95 82 71
43 15 93
34 87 2
87 23 5
0 71 16
66 96 8
28 1 38
5 83 65
70 66 2
19 17 64
44 87 82
23 37 10
43 45 51
32 37 27
75 77 61
8 55 21
46 58 78
44 2 37
96 60 33
23 69 98
17 50 24
49 3 89
86 70 86
6 45 49
71 62 38
33 69 22
99 51 3
62 81 61
88 8 4
5 66 23
21 49 76
31 93 19
54 57 92
26 31 4
84 83 55
94 12 58
78 56 65
46 45 61
13 72 63
26 15 8
76 24 62
94 75 17
14 24 99
97 13 73
64 56 3
2 11 47
2 53 68
27 85 54
7 51 59
59 35 69
35 34 49
53 30 79
35 93 74
90 68 85
38 80 50
52 28 15
87 49 46
48 12 88
24 99 45
40 68 73
13 71 53
51 55 78
19 82 51
50 48 96
55 56 31
68 66 14
21 86 90
7 0 2
26 49 97
38 70 1
11 58 87
19 35 76
32 49 19
85 4 31
21 77 63
21 37 83
75 13 99
20 63 39
24 42 61
71 16 56
90 55 32
66 8 98
51 28 45
17 22 31
24 92 58
43 88 72
38 88 65
73 70 65
37 87 48
40 44 43
96 76 56
88 60 3
93 56 24
56 15 25
29 13 69
45 27 59
73 74 68
24 85 69
93 73 89
10 45 82
93 89 42
82 90 38
29 12 77
24 54 76
11 96 42
75 59 40
83 18 76
21 86 17
82 3 16
32 40 8
12 75 28
49 14 37
55 21 32
19 84 95
73 51 60
31 83 47
25 97 67
75 3 75
8 91 96
49 97 2
0 62 39
25 45 66
3 40 82
15 58 24
59 38 63
85 61 44
99 32 78
65 30 89
99 51 86
86 96 15
86 63 66
35 16 52
9 50 25
63 24 66
46 85 69
98 60 69
45 78 73
3 45 12
81 29 24
26 1 80
37 55 47
71 22 79
58 90 39
82 58 2
65 81 55
99 6 25
60 26 25
49 23 22
36 47 92
63 14 26
15 52 44
32 57 70
64 90 61
12 92 9
96 41 81
72 4 8
71 64 17
24 22 9
33 25 63
58 82 7
93 21 17
23 68 4
12 20 47
41 42 68
91 93 99
87 64 79
38 4 63
53 46 99
70 95 32
39 51 37
32 46 9
30 36 19
37 22 39
85 65 98
51 50 28
11 81 14
85 31 1
26 79 24
61 39 74
62 88 17
3 75 33
22 86 65
59 0 8
53 56 20
73 52 25
65 32 95
52 85 22
55 36 42
42 95 35
8 26 66
31 78 99
46 11 12
35 83 57
1 60 4
76 96 22
68 61 25
62 69 28
68 77 59
52 21 68
0 64 34
85 71 100
3 44 35
8 49 37
31 1 63
73 28 81
34 73 39
61 7 34
56 50 98
15 64 15
6 81 75
75 13 61
98 65 19
21 57 32
19 32 9
20 13 64
41 23 58
18 30 95
69 44 39
85 83 74
32 1 63
46 3 50
4 1 26
11 29 20
64 10 37
57 22 21
48 57 55
18 47 61
86 90 7
84 90 33
8 32 63
33 85 81
21 4 25
99 38 31
60 86 16
30 60 77
2 66 19
81 68 86
58 24 95
14 0 21
58 41 16
63 22 27
94 74 17
35 26 18
5 87 47
77 81 75
11 19 55
11 83 37
1 98 13
58 94 6
3 69 35
81 28 57
18 24 18
71 20 27
70 40 8
43 24 54
5 31 83
52 20 72
1 30 18
52 35 26
17 77 41
3 63 89
17 40 72
63 83 57
77 81 10
46 90 5
68 76 49
64 88 10
13 42 88
32 45 93
43 59 33
34 41 17
52 34 26
44 17 20
54 23 65
3 66 53
58 60 48
78 4 39
53 55 98
24 57 9
61 43 51
39 46 92
19 65 27
78 34 73
53 19 40
8 17 15
34 49 15
53 30 28
37 47 87
11 50 7
25 66 9
76 60 3
87 30 34
27 80 97
67 79 100
62 13 2
58 33 65
81 62 48
32 1 50
67 90 9
75 84 46
71 13 82
83 45 72
11 40 34
62 12 60
99 83 80
20 4 96
34 65 32
20 19 70
20 69 20
67 1 8
1 41 29
63 83 17
79 68 69
75 39 55
66 45 9
40 26 34
64 84 38
51 31 98
90 4 83
58 55 30
15 90 20
24 60 45
81 88 27
93 50 12
14 8 94
39 10 71
16 39 58
4 43 6
92 59 10
53 58 8
51 15 86
4 41 7
7 85 93
93 96 51
46 59 49
57 81 21
89 81 96
50 3 34
48 14 61
52 86 18
93 85 30
63 34 50
91 95 95
85 95 32
65 91 83
40 91 62
51 11 53
22 68 20
55 72 80
91 33 52
91 67 42
24 44 56
25 42 98
60 52 55
39 20 72
65 20 38
43 72 20
54 64 9
96 49 49
52 64 98
68 76 27
88 68 81
50 61 4
74 66 42
57 17 44
35 0 3
14 6 75
29 0 56
41 86 62
37 38 12
1 2 54
47 61 48
45 52 32
75 68 89
28 49 74
97 20 37
77 88 87
80 98 74
51 43 60
90 93 75
2 13 48
87 55 73
46 8 10
16 76 55
67 10 63
72 61 52
78 30 71
54 82 27
22 88 48
38 45 84
98 0 64
40 41 69
7 12 52
64 55 15
45 26 91
83 40 47
36 95 9
11 3 17
80 37 56
9 85 90
73 45 79
24 33 15
12 65 94
49 2 76
59 12 90
63 23 33
62 8 91
20 2 82
91 50 4
40 79 26
40 65 42
97 35 31
40 60 100
22 89 2
69 19 30
71 72 2
51 75 1
78 32 4
38 57 81
81 34 32
52 80 98
77 97 10
67 92 58
85 40 76
7 83 48
7 34 19
95 56 82
38 11 74
68 13 13
48 31 24
91 10 74
19 92 68
67 48 13
79 2 16
39 70 8
27 48 62
42 46 53
7 64 69
19 33 79
93 88 76
34 41 100
83 9 4
78 17 59
4 82 39
67 45 97
72 46 32
40 42 100
28 49 88
85 87 36
48 30 99
58 79 94
11 48 54
43 25 55
8 10 30
69 87 24
45 0 95
14 6 3
29 72 23
50 34 46
89 34 96
32 63 99
50 8 88
65 43 41
64 58 57
11 81 54
1 43 17
1 19 42
12 31 80
2 39 46
0 20 24
28 73 92
93 67 59
11 88 60
98 12 25
64 25 86
79 19 97
30 46 58
98 77 62
18 23 22
92 76 78
38 41 67
38 28 68
99 72 11
50 97 17
27 30 95
15 85 76
42 0 83
10 41 7
64 81 69
65 12 53
64 48 21
47 63 11
42 66 82
43 86 26
91 59 93
10 54 54
42 36 35
94 53 29
33 80 46
7 80 19
12 52 46
46 1 15
88 26 64
29 72 47
61 97 18
58 68 76
17 72 56
92 8 78
63 1 78
4 60 38
46 41 46
99 43 28
16 72 21
13 65 94
2 84 54
54 13 15
46 81 48
24 62 87
71 61 91
33 61 3
14 6 60
34 98 75
46 35 84
82 72 65
40 17 38
6 21 13
28 38 60
14 52 61
2 70 93
34 31 16
57 81 54
42 14 51
32 93 99
85 98 46
83 77 6
18 2 1
89 3 65
22 19 28
36 78 81
68 54 90
61 40 97
22 31 74
52 79 80
50 71 100
71 51 18
6 16 13
65 21 98
23 40 63
61 62 80
92 46 5
38 25 99
55 48 70
31 27 73
23 26 33
53 95 16
58 99 15
49 58 71
11 2 77
61 75 91
91 20 64
98 54 80
87 75 74
87 26 18
37 54 35
42 53 80
90 55 53
40 38 60
8 33 9
94 34 89
26 73 58
7 98 35
9 53 77
53 7 38
53 17 88
94 26 62
71 3 15
59 4 74
3 71 43
41 67 50
32 41 86
13 12 24
36 40 74
21 8 97
70 41 96
20 58 22
15 38 16
68 64 22
28 99 73
11 69 15
48 85 10
15 34 88
55 77 44
24 14 35
52 69 30
59 60 59
16 94 54
89 57 48
45 64 9
84 56 64
78 70 38
94 8 53
29 77 49
71 23 99
24 13 44
77 57 32
46 35 65
66 72 41
87 57 50
74 6 38
16 64 61
59 6 70
19 30 5
74 48 71
9 90 77
29 46 76
48 73 56
75 54 100
91 79 75
10 49 62
85 17 36
65 53 24
55 44 35
57 80 24
53 63 89
70 82 82
72 51 49
6 83 100
91 63 98
14 33 92
48 70 13
67 19 40
86 29 65
49 23 49
71 81 35
19 8 38
12 80 58
34 43 22
82 53 52
39 11 76
25 38 40
82 85 10
76 30 88
90 25 91
35 48 75
95 60 31
93 27 99
54 20 42
42 14 49
98 97 73
81 52 11
5 68 81
12 92 15
38 96 29
22 61 9
3 90 46
42 95 55
52 75 27
31 29 73
7 28 34
78 93 29
8 38 13
83 29 54
95 98 6
62 15 11
57 35 40
41 96 6
5 85 55
29 25 34
84 83 67
3 94 94
1 3 20
53 55 64
65 72 56
80 20 90
60 55 22
94 76 31
55 65 14
34 94 43
51 32 21
61 81 48
49 40 94
44 20 29
89 61 74
49 31 53
79 83 30
69 7 33
71 44 76
48 83 76
15 79 7
71 69 99
71 87 41
36 18 34
81 76 96
12 43 65
74 5 22
24 39 86
82 44 79
17 25 25
99 9 32
62 97 32
75 20 88
72 63 17
92 22 12
1 6 43
85 1 44
32 75 82
50 44 91
9 35 2
58 39 53
43 23 64
4 3 47
45 1 30
86 11 35
18 70 10
47 24 84
51 90 84
80 16 15
81 70 91
61 54 56
45 8 52
55 69 1
1 69 36
82 75 41
47 98 86
49 30 9
11 90 36
67 18 26
7 12 58
47 78 70
88 89 38
26 82 78
15 21 79
86 88 37
77 5 94
29 23 5
53 52 41
89 32 46
65 76 40
13 15 63
21 89 76
38 90 78
1 78 18
16 68 60
23 42 90
34 87 25
4 7 85
27 6 21
0 71 1
28 55 24
56 86 92
94 56 29
44 2 45
17 35 18
9 19 26
13 92 80
49 5 13
34 71 43
54 52 50
68 67 5
75 65 13
64 16 85
89 1 44
48 34 36
36 88 1
93 25 84
21 11 74
96 0 14
13 72 21
85 28 54
7 74 33
59 38 93
56 66 37
43 49 36
36 47 15
24 73 4
60 62 23
47 34 40
11 32 31
17 51 39
57 2 47
21 86 90
95 20 100
22 92 77
43 7 75
46 92 95
45 68 82
37 43 15
48 84 58
87 7 18
40 16 81
46 20 100
56 70 16
12 78 90
15 35 89
59 72 78
78 26 60
84 33 83
32 62 77
94 34 40
77 82 7
65 59 11
29 57 92
68 83 82
11 71 28
44 67 57
95 54 85
14 86 35
64 41 72
30 11 99
50 66 61
35 93 13
27 42 76
36 27 30
0 20 50
74 90 100
7 81 39
88 71 60
44 70 14
96 64 55
20 6 38
97 82 74
28 25 72
79 66 8
47 25 12
94 75 72
67 31 78
73 23 2
13 35 86
48 80 90
46 55 10
36 84 28
63 80 53
31 34 16
46 70 43
15 24 61
14 44 91
88 47 10
39 58 81
1 65 18
18 98 87
22 88 95
23 97 1
42 20 77
82 56 20
89 35 49
46 60 71
51 70 32
19 33 78
39 5 18
8 81 95
23 75 78
30 39 100
42 36 22
37 42 14
1 13 27
71 19 91
99 51 88
53 60 17
84 73 25
59 0 35
51 28 35
27 85 24
95 82 40
96 33 39
66 84 71
36 22 81
9 83 2
45 72 67
57 55 88
92 37 65
24 67 76
12 49 39
21 18 87
29 26 87
23 40 34
51 59 93
23 41 11
49 22 40
46 1 85
87 37 87
73 34 32
11 5 4
40 53 76
20 40 14
54 92 12
79 33 71
20 61 21
27 89 87
85 26 91
74 85 49
12 22 3
74 68 43
10 52 25
67 22 39
74 24 74
45 13 19
87 4 54
79 50 53
31 71 69
58 42 62
79 10 54
37 62 25
79 76 51
51 37 26
82 77 67
16 11 43
72 97 24
54 91 79
0 50 97
67 62 56
60 22 27
22 55 83
59 15 57
5 16 22
3 95 47
20 94 8
16 38 62
9 53 53
53 94 44
56 8 88
38 85 12
13 39 52
0 74 52
13 7 54
32 13 74
0 32 82
53 75 2
21 55 47
17 2 15
15 85 4
14 86 38
7 63 51
41 17 54
64 39 61
9 56 55
51 92 90
10 34 56
10 77 32
23 83 27
51 72 6
69 50 19
38 4 51
56 37 42
80 21 34
48 37 61
3 47 52
87 73 14
41 4 75
73 9 82
52 26 66
75 17 90
57 50 52
69 94 76
66 14 78
98 1 37
51 86 17
55 58 65
32 73 43
49 98 57
30 69 28
95 18 6
37 1 37
80 82 46
23 54 74
12 35 90
31 32 41
26 76 50
71 29 13
22 99 61
45 43 19
46 45 80
43 39 19
89 16 1
98 36 57
23 66 13
18 73 100
79 22 29
43 17 47
98 18 29
94 39 74
93 49 50
65 48 52
90 77 67
27 40 33
26 38 42
58 93 32
76 82 64
86 92 31
36 28 5
65 63 33
5 29 3
48 77 1
3 0 82
48 88 45
34 12 52
1 32 72
32 5 4
48 47 9
51 77 49
63 66 80
17 54 85
87 42 36
77 44 97
12 56 90
44 42 86
14 1 93
54 88 1
73 28 79
84 99 1
48 22 19
76 5 3
80 59 84
55 37 36
36 47 79
11 45 23
75 97 15
53 63 18
84 63 11
30 89 71
87 82 51
83 89 94
35 50 5
39 84 25
95 44 37
2 80 79
94 92 29
39 3 76
7 60 31
97 31 34
24 15 50
30 81 92
13 16 74
32 52 67
88 44 58
23 91 99
96 53 72
52 81 28
65 87 53
52 89 3
7 65 22
66 91 34
58 37 82
67 81 31
56 92 36
44 39 61
39 61 41
80 29 45
96 62 37
60 56 43
81 27 14
16 36 60
72 90 34
31 60 36
75 91 45
34 57 84
94 15 91
53 86 89
71 29 46
69 8 31
41 45 56
32 46 72
56 38 96
38 46 71
67 49 30
83 24 44
51 91 91
55 65 86
4 8 18
94 55 83
88 49 65
17 38 38
41 18 100
68 46 48
70 69 23
59 69 19
48 88 53
56 42 39
59 5 17
89 23 22
87 98 6
85 14 84
34 17 16
61 7 40
55 72 53
53 60 75
52 24 53
68 8 59
70 94 2
76 58 75
95 84 78
43 10 58
6 59 61
79 24 62
73 80 15
29 62 38
38 26 15
72 16 77
93 27 5
64 42 7
76 25 33
83 75 47
77 75 20
42 88 99
2 24 6
20 4 4
67 82 67
71 62 33
2 31 92
73 56 11
90 45 6
96 23 81
23 38 82
23 65 59
51 56 6
94 51 87
19 36 54
11 32 12
34 68 78
25 20 56
27 92 80
37 52 33
13 65 40
58 29 9
80 11 22
39 0 54
24 96 42
23 48 60
99 29 18
76 94 11
50 30 20
93 36 66
70 24 58
17 78 88
27 24 98
70 12 91
86 26 87
97 61 30
43 55 63
94 47 25
95 43 42
13 88 64
69 39 26
72 80 47
19 97 72
53 83 95
66 79 37
29 75 98
84 93 88
2 79 79
4 68 13
63 39 53
72 44 67
98 25 13
38 24 9
28 71 82
39 11 36
82 11 22
81 24 14
11 84 94
8 4 42
65 88 7
54 45 95
45 99 27
25 83 97
3 27 29
31 72 42
44 52 30
59 30 62
81 35 58
87 15 75
32 81 64
8 90 71
14 41 90
59 73 99
14 78 6
60 79 56
35 69 70
17 35 48
97 86 100
38 23 26
34 78 60
25 74 91
12 71 4
78 65 99
3 0 46
74 41 56
93 7 3
14 92 98
93 26 99
11 98 87
58 86 34
65 97 33
23 64 98
55 86 5
24 3 6
24 98 95
19 12 49
96 92 59
22 19 14
46 53 63
74 69 8
7 67 43
78 45 85
66 91 65
22 10 81
44 54 48
80 9 14
10 26 80
51 90 11
32 78 32
27 75 8
1 80 98
55 94 91
82 95 22
94 15 3
64 69 31
92 17 60
63 33 34
78 59 49
58 4 95
26 3 97
35 87 63
92 7 27
25 27 88
38 2 38
24 14 51
47 92 20
78 21 81
45 46 29
12 74 78
18 60 60
89 40 94
29 39 24
99 60 65
75 10 34
89 65 36
37 9 91
27 25 18
23 8 83
91 92 16
42 40 38
29 49 22
59 21 82
13 34 25
53 6 4
69 98 98
86 28 73
71 78 11
56 26 57
86 52 79
34 28 83
74 32 20
50 23 23
28 8 64
29 85 34
82 28 17
55 3 96
39 91 51
67 94 9
11 21 77
82 54 15
97 96 29
56 76 37
15 75 42
17 51 8
24 83 23
1 62 72
46 45 69
90 73 86
10 31 39
25 84 66
39 68 49
47 30 81
1 73 43
31 1 93
39 32 32
29 21 46
95 22 8
27 71 61
88 72 59
15 87 63
87 49 10
44 81 53
88 34 7
58 62 67
95 69 40
81 35 14
4 86 89
97 42 46
39 71 28
41 67 12
72 88 31
62 68 99
39 14 14
22 67 43
77 56 40
41 28 51
16 51 46
38 36 44
79 16 95
17 22 91
24 7 16
84 15 85
73 70 99
17 78 2
80 68 59
2 78 80
50 14 43
73 54 52
8 88 14
96 30 80
30 68 22
32 25 90
43 30 11
5 99 50
54 82 46
83 69 19
27 43 6
22 93 82
37 36 20
44 33 93
88 36 31
11 95 2
33 92 23
46 73 50
5 86 27
86 66 1
34 49 64
22 92 58
41 16 37
68 61 13
90 53 54
14 5 25
14 0 90
31 26 62
15 25 26
94 97 80
95 10 93
17 38 13
76 26 27
54 81 56
43 25 83
83 63 62
81 4 84
65 91 65
58 82 44
86 85 99
78 31 12
91 61 3
1 24 67
52 83 41
54 68 22
22 96 92
84 82 21
0 57 99
59 16 25
41 50 69
7 33 75
52 78 72
97 65 64
41 96 43
26 32 20
5 95 9
95 77 94
98 59 4
23 93 37
54 26 17
70 88 47
87 20 81
6 49 22
86 34 56
94 58 97
80 52 50
60 56 79
25 53 79
24 79 82
22 42 37
33 81 81
29 2 19
64 48 74
35 57 45
89 62 95
81 58 26
40 88 27
73 46 83
59 53 20
16 35 95
48 1 55
21 92 76
88 12 30
99 81 5
61 73 64
48 61 93
17 51 60
37 21 99
94 4 57
28 47 99
68 55 87
9 47 41
73 18 90
21 69 24
10 24 68
52 51 31
80 61 59
45 18 60
5 40 43
44 39 78
50 95 80
73 23 54
32 41 22
87 78 18
20 82 94
39 24 86
82 69 42
1 87 40
72 13 47
63 45 19
24 47 22
35 84 36
22 63 47
32 62 29
96 45 94
26 40 53
59 42 86
85 45 1
64 40 14
54 0 9
81 19 34
21 41 27
78 90 74
45 83 21
57 9 35
45 96 66
33 60 41
11 12 47
8 55 30
96 98 5
98 24 57
52 32 77
69 88 59
61 97 6
21 50 34
77 61 33
81 34 99
54 68 79
66 36 51
81 58 69
74 19 70
85 75 67
36 66 30
40 60 56
77 33 87
65 22 54
48 32 36
85 82 80
2 53 41
66 74 10
36 3 42
77 84 13
22 55 54
66 98 96
79 52 55
7 24 35
12 97 14
95 3 40
57 18 71
73 1 51
82 69 58
46 83 57
83 73 21
65 18 98
19 0 36
99 93 55
57 67 28
0 16 16
33 18 43
71 89 58
22 67 5
80 10 49
9 60 37
52 83 28
1 65 73
93 21 15
8 38 33
11 64 68
10 42 98
99 55 86
86 10 77
81 87 76
14 58 11
76 17 98
13 5 91
65 19 85
67 83 5
96 59 79
74 55 79
35 95 62
32 68 90
94 60 17
16 35 47
82 26 56
51 92 87
75 87 54
41 8 29
30 83 62
10 4 99
89 30 50
38 65 7
50 81 67
35 53 87
19 46 37
27 60 90
14 24 93
37 61 93
71 77 75
16 97 59
22 95 37
55 97 33
68 97 62
68 78 9
68 11 72
8 99 95
75 26 70
59 50 56
64 8 38
47 43 20
30 64 24
59 75 43
59 5 15
75 92 39
39 88 44
52 94 55
76 93 40
19 44 72
64 26 66
58 6 75
60 52 5
67 13 63
34 79 97
97 62 92
17 44 2
74 93 6
52 68 76
0 9 5
2 88 79
1 41 22
94 42 89
98 4 37
17 35 93
81 70 41
72 6 39
85 36 13
10 55 59
56 39 5
18 1 11
34 33 37
32 93 30
22 12 76
1 78 83
43 7 50
7 82 89
3 39 23
52 88 92
72 23 17
77 16 45
70 73 94
72 31 35
68 71 96
37 10 25
97 86 18
78 71 67
7 63 79
6 51 41
95 74 91
24 60 21
33 0 47
88 81 17
11 22 12
95 9 17
67 61 55
74 8 44
23 3 98
91 92 20
78 5 34
91 32 95
86 55 71
66 96 79
8 47 57
21 31 5
68 10 22
51 86 30
67 73 99
18 89 79
80 46 77
82 15 90
72 80 86
65 2 87
3 8 94
11 2 65
21 3 33
7 84 15
21 51 86
92 75 73
95 56 57
33 0 22
36 70 28
21 9 100
7 26 52
95 98 40
30 68 40
76 34 19
0 22 41
3 7 18
79 5 100
84 97 37
4 35 33
32 85 90
79 38 80
14 99 56
7 60 86
30 83 22
98 79 86
55 82 91
85 16 33
86 98 92
31 70 6
36 51 26
75 93 72
38 53 62
20 17 2
89 34 30
62 7 55
70 16 11
60 35 100
9 72 38
32 72 30
80 28 5
17 43 97
12 92 35
80 24 97
79 63 43
94 98 17
53 32 81
21 30 99
3 65 36
10 87 53
86 12 94
75 27 76
21 89 95
0 31 15
15 80 7
73 16 70
20 29 54
94 95 19
99 40 27
79 19 79
4 66 17
47 30 24
20 96 79
49 99 21
4 93 83
69 90 53
78 24 34
45 66 1
78 9 48
13 26 41
73 23 56
83 14 52
92 52 25
72 68 92
66 94 41
22 20 61
68 90 43
48 78 36
43 10 87
37 82 20
73 81 17
86 33 33
82 29 28
63 46 16
44 71 77
25 86 52
6 27 96
5 33 99
8 29 66
80 23 67
8 88 48
7 22 36
13 14 26
56 53 18
76 69 4
25 3 47
60 16 15
56 97 39
66 42 11
36 16 62
50 9 11
66 24 65
11 64 17
8 96 50
94 77 44
42 56 55
81 70 26
58 96 81
42 12 75
18 57 26
72 53 19
88 63 88
87 48 86
24 67 11
16 20 28
67 32 81
45 54 91
79 55 5
33 64 1
47 4 11
14 65 12
18 81 3
72 22 73
84 82 76
14 36 38
14 78 10
36 25 57
19 9 78
4 74 28
35 38 26
62 47 38
86 50 45
16 66 87
51 11 83
61 12 75
53 60 20
65 83 53
81 60 49
81 74 99
10 28 44
70 91 95
96 93 74
19 64 76
13 15 39
12 4 16
24 87 3
71 35 92
37 27 90
94 73 9
47 52 59
71 31 17
39 89 4
54 23 23
13 33 43
8 38 37
57 23 27
80 31 76
85 16 56
46 60 99
95 52 16
86 88 86
56 81 42
15 50 9
30 25 92
15 58 78
16 53 29
65 38 7
55 96 3
1 21 1
22 79 39
99 16 25
46 84 53
85 69 9
74 12 77
55 62 46
48 65 9
73 75 3
28 81 84
22 6 81
31 65 33
74 13 72
0 11 43
24 45 41
61 48 12
24 35 82
67 38 70
54 37 88
57 5 2
40 82 50
49 67 66
14 41 56
24 57 73
33 19 28
83 65 65
19 45 43
49 21 66
15 0 28
29 87 6
58 40 49
92 25 51
25 55 11
17 25 82
93 84 57
96 8 37
81 60 6
99 17 14
95 36 1
66 19 67
61 97 15
57 37 95
57 19 74
1 62 93
61 33 4
36 59 20
20 14 65
37 89 19
65 22 71
77 52 83
64 17 3
28 57 93
39 24 52
90 30 57
5 51 4
34 99 48
90 15 38
92 33 45
25 46 19
94 30 36
20 97 77
94 84 67
81 74 94
77 21 56
9 34 80
33 66 81
21 34 26
0 55 12
73 76 52
51 12 89
88 6 33
87 4 13
77 62 37
10 47 31
81 32 16
4 97 59
83 38 74
53 84 11
97 85 100
59 56 89
20 99 4
10 71 28
1 69 61
6 18 21
6 42 54
39 9 55
59 43 99
1 18 65
4 69 80
88 84 99
53 10 69
73 3 37
66 93 96
81 29 27
33 94 19
66 86 54
32 51 87
34 17 19
82 79 38
10 39 89
35 36 75
50 21 10
11 41 96
65 31 61
35 84 9
23 9 69
59 25 68
43 69 45
52 59 33
3 97 42
63 10 31
22 29 70
59 72 32
3 46 18
32 94 9
81 13 45
76 19 71
24 61 76
52 0 94
3 23 28
67 20 24
80 86 88
26 93 52
1 40 62
96 20 97
53 80 37
41 22 36
59 69 92
72 74 90
77 6 69
12 55 55
92 51 8
44 43 84
67 33 56
91 26 6
32 21 68
79 74 35
25 69 1
90 64 95
88 2 93
3 99 23
35 75 33
63 26 88
33 82 94
32 35 20
88 52 33
24 35 42
18 78 69
14 5 35
56 90 68
16 13 77
83 76 37
5 84 36
64 51 30
97 70 33
61 24 11
79 61 86
94 68 70
72 35 77
29 24 16
75 90 4
56 75 10
36 70 47
25 91 55
60 80 10
6 78 8
97 66 40
35 89 15
81 65 86
40 28 24
39 25 13
81 78 24
4 73 22
21 56 99
57 70 84
1 27 21
98 23 70
29 22 73
7 50 61
68 18 13
40 7 14
64 27 100
68 14 32
66 46 62
34 36 83
87 57 71
30 96 24
44 53 83
65 86 49
72 62 22
88 23 26
18 78 55
27 28 68
26 79 88
87 30 65
69 14 35
95 28 3
63 54 88
4 30 97
90 58 34
50 53 19
7 40 85
22 69 19
53 56 44
26 31 69
24 51 44
60 78 16
27 56 76
78 99 25
45 7 24
71 65 73
38 17 30
95 85 15
84 24 10
98 48 52
3 77 5
98 22 58
96 38 8
58 69 36
48 58 79
66 63 91
76 49 35
57 95 24
53 92 75
77 68 55
14 53 40
27 84 34
76 93 33
80 35 47
77 54 31
17 49 70
44 79 84
53 10 30
0 55 11
21 18 59
16 68 74
87 33 82
45 39 4
33 45 81
43 23 23
1 95 4
52 71 47
12 22 66
55 22 47
12 71 13
31 76 89
63 71 51
38 56 95
14 48 44
29 82 30
43 75 71
37 72 24
48 16 18
26 68 2
7 60 29
19 47 15
17 85 87
0 9 73
67 42 11
76 99 92
5 8 23
34 33 67
71 17 92
55 64 34
93 3 12
84 83 95
53 10 62
80 86 15
76 82 53
28 30 23
1 61 57
50 99 5
79 44 21
43 49 3
46 40 15
79 13 77
76 88 1
73 92 11
50 43 58
29 69 99
91 76 11
93 62 21
85 53 29
40 10 50
13 84 98
42 78 12
22 20 31
55 14 9
34 75 48
18 83 100
43 78 48
32 97 91
52 29 93
23 68 8
24 73 60
16 11 91
3 86 50
15 75 11
28 22 15
17 7 97
42 75 47
19 89 36
59 56 77
95 88 11
13 40 83
63 3 97
59 24 25
12 96 90
22 37 42
55 35 24
57 22 70
80 96 68
2 86 38
51 97 37
82 87 37
60 1 31
21 82 90
57 5 87
68 42 6
56 97 69
34 93 33
32 19 2
60 45 74
20 77 75
63 74 35
60 40 59
55 8 59
24 18 16
28 79 42
5 20 48
20 28 56
36 70 51
66 60 40
82 48 55
84 70 87
78 67 4
71 99 78
31 12 42
69 33 64
65 43 32
5 14 56
23 85 33
81 95 59
27 95 89
80 71 23
59 19 70
37 96 94
98 10 96
49 68 88
36 31 94
22 84 94
17 34 67
17 32 23
56 93 57
84 14 9
72 75 34
44 18 18
58 76 73
0 90 73
91 95 51
3 13 35
88 53 37
0 28 8
0 34 34
53 70 21
44 90 41
94 12 16
88 70 38
18 92 87
6 77 86
86 89 33
45 7 19
84 7 66
17 82 14
15 78 81
56 22 12
79 73 74
47 71 22
28 25 96
63 27 70
76 33 100
28 78 5
36 27 11
34 14 70
43 55 91
11 96 17
99 49 68
51 19 48
16 91 41
46 13 26
41 49 87
57 26 85
16 71 8
92 47 38
86 57 47
33 91 44
80 37 14
44 45 8
67 28 67
84 5 70
50 61 11
86 37 29
60 99 76
49 26 3
91 16 30
92 90 41
33 11 61
55 4 41
6 17 76
30 53 72
64 89 67
79 19 67
23 42 29
40 87 4
99 76 35
48 52 55
44 15 75
83 69 79
39 84 98
28 57 94
50 68 17
31 78 65
1 83 44
19 63 76
83 52 25
56 69 56
58 24 17
71 97 12
37 82 99
92 83 85
58 24 64
86 50 26
18 36 51
18 37 16
87 85 73
49 22 37
7 58 45
60 17 24
25 14 75
46 58 73
84 30 23
60 78 84
20 57 11
86 19 8
81 66 80
93 18 86
17 73 33
6 61 21
68 16 41
66 38 13
78 8 41
42 37 10
90 74 50
90 57 36
27 14 9
96 65 40
32 57 78
86 32 62
46 52 2
18 48 86
15 35 31
33 6 16
31 70 24
11 94 58
24 82 85
54 56 46
57 11 80
72 2 63
3 96 63
70 43 52
6 7 74
7 31 79
58 70 45
1 93 99
22 69 80
59 41 70
19 17 20
30 87 64
8 28 86
96 17 41
15 2 72
14 98 81
60 84 39
2 48 25
65 19 79
62 45 25
6 89 41
56 72 32
39 38 76
77 27 32
92 58 53
13 73 61
19 55 51
37 8 21
51 40 78
94 16 49
99 74 35
66 63 27
36 10 49
48 18 38
19 23 87
50 75 45
85 31 74
62 40 8
49 63 97
65 99 40
31 0 85
0 86 95
64 91 95
68 73 70
7 72 20
86 79 91
64 80 19
57 22 75
67 9 9
12 85 39
78 42 97
5 78 24
99 31 92
23 70 49
23 42 81
13 90 79
56 1 60
5 94 83
60 7 63
32 98 75
56 92 67
15 54 36
54 78 40
22 93 27
9 94 39
35 7 62
24 49 66
43 15 11
64 72 95
33 89 36
47 74 87
0 11 83
54 23 100
15 23 97
44 14 7
26 23 71
96 97 6
64 49 42
84 35 90
97 12 42
42 86 60
47 79 14
67 15 72
43 22 20
26 38 15
61 89 11
19 70 35
86 96 69
14 52 35
61 82 84
65 13 86
12 62 37
36 89 15
61 1 84
16 75 35
78 70 8
70 99 39
63 46 38
96 22 7
33 25 41
95 69 71
5 29 70
75 99 51
6 3 50
60 42 73
67 29 13
41 63 6
96 77 14
42 84 45
32 81 81
20 6 69
56 38 33
48 33 2
56 87 91
58 13 70
59 91 54
4 92 31
55 3 24
84 88 71
7 89 57
49 80 42
84 79 17
48 21 87
76 17 24
22 56 18
27 52 54
58 83 72
5 47 96
1 37 5
1 79 56
10 42 36
52 98 37
90 8 98
73 51 86
85 67 100
87 77 99
39 77 91
46 7 30
42 45 70
6 88 49
51 11 51
91 14 94
13 56 78
37 24 19
98 76 73
71 36 81
70 10 42
16 22 61
78 93 53
97 5 28
18 39 28
71 38 49
48 10 39
8 72 33
46 19 49
8 45 37
62 72 54
52 22 98
65 39 72
39 44 89
54 99 25
88 17 84
9 12 64
44 37 81
36 35 46
92 45 46
34 91 79
57 81 64
12 24 21
40 38 38
7 93 12
11 48 29
95 43 37
11 96 23
14 67 76
40 77 15
80 93 66
21 95 57
39 11 94
11 27 71
39 53 49
52 17 32
44 75 37
43 81 82
62 49 81
34 3 58
48 92 7
29 99 78
49 66 43
17 46 84
99 75 27
61 92 70
96 34 30
13 0 75
23 15 35
77 5 22
79 20 78
90 50 65
0 42 9
85 18 29
30 7 35
5 36 100
62 49 64
0 99 70
31 14 32
52 92 90
35 84 72
52 5 77
30 87 49
19 16 16
20 48 99
28 76 54
3 17 43
47 36 31
74 8 54
94 31 1
39 45 65
22 71 97
14 99 77
13 83 46
41 58 60
97 90 26
23 19 54
30 81 17
28 48 67
26 11 35
23 48 97
26 66 53
84 58 85
98 76 85
89 60 37
92 28 81
53 43 23
39 65 58
30 14 79
5 79 8
27 71 7
51 99 25
86 54 97
85 33 14
15 0 31
11 23 48
2 52 5
73 17 21
43 64 54
59 60 34
21 22 100
39 44 66
75 10 81
20 89 85
60 93 62
94 98 13
84 65 6
73 55 78
83 7 32
90 55 39
42 58 25
56 62 4
77 50 86
25 20 31
26 21 3
21 2 70
76 29 75
1 30 21
37 51 23
68 74 88
48 68 27
77 87 70
44 99 24
27 29 21
98 75 80
43 25 6
33 70 27
83 97 11
61 40 88
80 76 12
26 82 51
20 70 37
12 85 22
63 51 48
26 96 7
4 88 99
37 49 40
73 66 78
90 78 45
97 41 93
62 24 58
65 36 79
6 59 42
64 38 84
83 14 62
48 96 30
49 82 66
6 39 38
34 81 36
40 29 24
74 98 89
94 90 40
87 78 97
1 47 58
69 20 55
81 46 86
15 94 56
15 25 44
10 62 53
41 22 84
96 67 52
70 10 39
69 36 34
13 2 44
78 37 41
68 37 87
4 18 2
2 32 53
86 76 77
69 61 11
42 97 97
80 35 78
52 28 83
28 61 86
28 89 39
72 94 41
39 75 17
40 68 16
58 87 32
10 45 83
13 52 84
65 45 11
8 3 39
76 62 28
72 73 29
50 47 19
19 73 9
96 45 83
18 55 25
71 76 60
84 64 85
95 89 72
72 37 73
47 68 58
15 85 26
74 44 3
13 47 24
53 17 44
65 97 90
79 50 33
34 69 58
40 34 79
4 35 69
54 83 43
26 84 60
82 9 47
4 6 45
14 58 98
6 82 74
29 90 3
32 10 9
20 14 98
15 2 5
53 45 1
82 39 48
49 93 71
51 44 90
61 84 93
9 74 34
1 60 50
9 6 28
94 63 27
49 80 43
7 18 98
88 77 56
81 40 30
9 15 77
39 84 65
1 66 31
69 58 45
93 2 78
1 74 71
73 59 17
33 53 94
87 29 29
80 45 75
77 59 92
82 47 3
55 94 61
27 79 24
99 90 11
33 96 89
95 14 50
3 74 11
44 93 76
6 50 11
82 36 88
23 20 68
56 21 38
72 75 16
67 17 80
34 0 71
6 15 74
42 12 43
77 15 56
98 49 43
25 40 18
13 39 19
33 19 20
93 23 69
56 90 25
58 54 76
22 84 70
22 12 55
8 16 19
30 75 29
81 10 75
57 95 35
69 14 17
61 8 38
60 88 69
73 32 24
9 90 98
65 59 2
36 59 17
16 4 29
88 79 68
28 88 27
95 39 66
53 62 59
88 35 33
65 7 59
81 39 72
66 28 84
53 88 83
12 92 28
96 25 94
24 11 32
35 59 83
48 38 11
39 28 7
53 93 76
24 3 35
35 64 57
11 28 96
20 40 58
57 85 63
97 80 70
33 12 72
32 88 38
65 77 33
90 86 72
84 66 54
82 38 59
88 56 23
57 92 56
63 62 18
57 60 84
0 86 71
84 28 85
50 58 23
95 25 86
82 23 47
96 93 56
68 40 2
68 26 35
31 52 67
71 20 86
18 47 17
92 50 60
64 66 3
53 22 2
15 25 35
18 51 79
55 60 71
19 13 31
72 84 24
85 97 93
22 7 76
72 45 37
43 68 40
47 38 100
23 72 81
54 97 85
86 77 82
59 5 22
80 32 38
59 91 73
50 66 24
50 5 17
82 97 62
22 79 56
80 59 76
31 94 25
82 99 87
61 58 81
39 68 63
18 69 69
99 15 5
37 4 18
40 3 100
69 24 18
37 80 17
17 43 17
78 69 53
26 76 21
26 92 33
80 73 59
42 88 96
43 90 32
47 54 84
28 97 47
0 7 67
76 26 78
1 52 96
8 25 12
65 51 32
31 92 55
52 64 87
21 65 89
81 75 24
7 99 90
89 49 94
85 13 41
18 99 52
50 12 72
61 0 94
85 72 59
19 53 5
72 26 10
51 16 1
6 64 11
60 84 5
17 88 12
99 88 13
19 71 83
26 15 42
74 67 31
13 32 3
62 97 26
94 66 84
66 75 41
32 84 78
24 72 75
35 92 32
28 15 23
95 97 92
79 77 39
53 82 31
62 16 82
82 33 19
75 92 96
74 92 17
81 47 91
75 13 89
13 22 73
16 86 7
14 46 65
80 54 18
5 79 64
53 13 16
62 69 26
41 69 95
99 83 10
66 64 52
78 15 31
79 56 52
61 47 59
35 6 63
34 72 13
0 23 43
43 33 6
29 82 41
60 82 41
55 52 11
35 34 48
23 98 60
32 55 51
24 20 16
88 16 89
54 41 78
15 34 68
36 2 45
52 68 24
98 52 13
30 39 1
75 30 85
86 49 37
82 81 45
65 95 59
43 66 99
6 39 2
96 63 11
38 1 49
94 19 56
59 30 21
42 17 64
98 18 47
67 38 31
54 76 6
35 43 12
17 34 8
49 87 80
95 43 42
55 10 14
92 65 96
58 18 26
46 53 54
89 73 92
24 90 41
9 12 20
76 55 40
93 89 8
29 52 44
57 11 30
13 69 62
61 53 46
49 45 41
88 90 33
3 18 61
83 37 78
52 16 13
65 28 48
74 37 27
78 52 7
97 35 26
14 2 61
37 62 70
7 1 42
52 35 1
85 73 68
77 67 44
98 60 16
28 93 56
38 74 99
45 37 100
46 74 52
92 25 39
74 57 54
32 87 5
61 31 25
85 5 45
96 45 73
43 46 83
53 40 99
66 55 56
10 37 13
79 4 11
85 96 19
47 73 98
58 64 52
0 47 83
93 58 4
36 55 43
35 87 70
50 34 29
19 13 65
87 43 75
98 44 53
84 32 46
65 27 32
22 37 30
90 17 44
18 64 59
67 4 57
7 4 16
29 10 13
40 97 93
93 6 69
83 78 99
73 3 72
64 33 18
6 87 38
85 44 35
72 86 36
82 74 27
54 84 68
76 14 8
95 17 61
71 94 43
82 97 62
27 62 32
85 50 32
8 12 9
30 17 7
1 68 44
52 39 44
74 1 61
78 71 84
22 35 34
49 41 2
86 28 77
19 20 71
48 47 93
87 68 100
75 43 55
22 52 89
20 96 28
15 48 13
8 61 55
27 24 85
12 10 73
93 65 89
83 89 80
92 74 70
2 14 26
94 41 5
81 85 60
43 16 76
28 36 2
17 55 23
24 20 65
86 60 27
7 87 49
29 11 85
51 88 23
15 13 36
90 71 90
83 57 83
62 83 3
9 38 44
55 30 87
24 64 66
41 17 50
58 43 31
13 87 83
30 15 67
20 15 74
42 76 82
77 51 28
63 12 61
4 47 24
61 76 10
32 2 57
56 5 88
84 13 69
98 8 22
19 55 83
9 19 76
16 29 94
52 1 31
57 4 44
89 35 38
11 90 17
42 56 26
73 89 36
1 56 70
84 27 13
91 67 47
15 56 51
93 7 10
95 76 46
15 58 6
94 89 28
43 9 66
94 66 7
65 68 15
77 52 84
1 51 37
7 29 39
5 72 51
12 56 21
18 81 71
29 62 74
81 20 54
58 62 54
41 32 18
55 89 17
94 61 72
3 56 8
90 7 80
18 8 77
58 50 12
40 20 87
50 69 35
87 7 8
78 6 40
47 74 9
86 8 85
97 53 87
90 13 79
18 54 48
7 58 45
43 44 15
7 74 84
11 58 35
13 1 86
73 48 23
49 96 17
9 61 44
3 2 87
18 36 68
54 36 80
64 89 66
20 11 29
35 74 43
51 26 13
47 26 98
44 47 42
61 59 1
78 56 66
28 26 54
30 10 93
64 24 41
55 43 29
90 41 5
64 92 69
4 5 87
82 47 17
18 20 48
44 11 25
50 48 54
90 68 89
55 12 63
3 76 14
26 4 11
36 35 80
9 70 17
88 37 38
76 13 61
13 37 98
39 22 37
93 75 17
45 76 13
83 53 1
70 14 73
71 52 15
20 65 51
89 4 19
98 82 98
36 55 70
9 55 76
98 85 34
48 2 94
11 66 87
8 73 52
44 10 31
12 42 72
94 51 19
28 73 47
68 33 8
88 42 42
51 43 54
75 50 24
78 64 88
13 0 2
96 44 31
99 12 2
38 80 41
89 31 54
21 13 9
59 7 62
57 72 57
67 3 13
97 8 35
84 78 25
50 30 95
63 68 8
25 59 91
6 57 11
58 59 89
90 61 33
60 23 28
66 78 52
5 18 76
44 91 28
53 68 81
19 18 15
7 93 29
19 11 23
52 81 45
40 42 97
61 50 61
54 96 99
0 38 59
96 4 7
77 7 78
65 36 43
68 56 23
65 42 93
10 43 39
70 87 73
97 44 13
12 17 61
63 23 24
91 84 33
90 85 70
39 9 61
53 65 23
9 20 2
2 14 69
20 64 30
21 6 27
10 20 4
55 87 2
49 63 25
7 93 67
39 9 50
97 1 7
78 0 44
94 47 34
8 20 47
10 92 98
42 89 28
68 87 70
8 60 75
73 77 31
61 65 57
23 3 18
75 26 38
86 32 73
54 48 54
37 53 63
16 18 61
2 39 57
39 88 16
33 52 67
54 68 80
22 95 33
23 68 78
88 16 33
85 17 12
84 75 74
63 35 1
24 30 65
13 2 94
90 23 72
81 45 79
63 99 92
36 87 72
27 9 19
21 82 2
73 49 77
83 73 55
72 0 42
57 20 88
64 40 66
96 26 34
71 67 78
49 31 65
60 84 18
54 86 39
20 81 93
89 20 74
0 5 68
76 35 69
97 76 41
60 39 80
59 54 25
99 28 15
6 3 100
13 10 92
85 82 75
0 35 79
14 65 28
40 95 10
9 13 37
27 83 2
7 87 70
98 35 45
88 0 64
71 81 24
8 82 72
30 57 100
17 18 72
15 39 48
44 59 77
65 5 19
88 39 93
85 0 86
36 52 16
13 80 4
17 58 33
41 60 89
75 80 91
79 26 63
10 86 23
85 42 72
95 23 39
43 68 45
0 65 29
84 47 53
76 52 13
9 45 14
83 82 78
2 43 22
52 76 73
74 4 84
17 93 71
47 88 56
26 24 35
71 19 93
37 3 1
40 69 9
51 93 79
59 98 67
94 84 93
75 9 49
62 29 61
75 22 44
89 42 39
85 94 61
76 5 5
97 30 92
14 84 98
90 22 27
51 17 96
96 85 74
81 61 22
56 11 55
48 79 45
64 54 6
8 40 21
67 6 15
95 64 28
95 56 31
65 44 47
96 55 73
28 63 2
35 76 85
36 94 46
16 32 60
46 70 47
42 76 83
13 70 67
24 13 26
40 16 20
2 33 90
32 57 67
1 41 75
36 68 37
56 1 70
73 89 21
69 92 71
92 39 16
13 80 90
91 75 85
78 29 30
67 14 84
78 45 3
25 98 18
64 50 40
4 63 97
69 28 2
21 14 40
58 91 16
0 53 84
60 42 67
29 47 90
79 44 65
46 8 87
87 61 30
7 88 75
74 67 32
85 11 95
79 35 20
69 20 35
32 86 14
61 1 86
54 62 43
38 23 90
33 30 47
58 82 72
82 66 79
76 63 4
33 62 5
94 10 42
96 71 85
75 30 25
78 92 17
27 1 47
10 74 23
51 73 65
39 29 63
82 22 91
45 11 74
79 78 99
18 59 60
63 19 9
18 77 28
70 63 28
63 95 34
96 75 73
85 94 50
38 39 45
84 69 22
4 38 11
32 89 25
39 18 93
24 46 47
78 82 80
41 50 57
14 22 58
71 25 55
52 18 7
46 93 11
53 15 68
61 6 97
32 92 59
43 12 29
85 29 21
4 19 93
29 21 72
90 44 81
54 96 84
24 48 19
85 13 52
27 23 90
25 74 40
14 99 56
43 33 1
31 83 70
34 75 72
37 2 20
52 92 72
24 26 68
13 68 18
72 17 27
32 90 73
43 70 94
82 30 32
41 96 3
67 88 82
97 88 89
30 33 84
76 21 57
14 21 34
44 43 38
69 78 92
32 26 55
5 3 16
29 19 41
88 15 33
74 91 37
61 46 1
27 75 80
6 33 90
20 3 58
36 34 83
24 83 53
92 68 81
70 6 43
16 80 66
65 42 25
32 75 59
24 71 23
21 47 21
91 34 36
80 35 84
4 0 25
45 12 43
41 54 19
11 14 49
71 43 42
9 83 81
25 74 70
40 45 18
18 42 96
87 91 61
63 14 48
11 74 73
63 72 49
21 13 48
86 47 73
6 82 86
54 95 69
85 25 72
81 35 54
80 27 21
31 74 6
80 98 24
19 44 55
61 50 28
5 17 41
16 35 90
94 53 25
85 35 28
17 47 87
39 16 44
89 45 60
71 72 9
7 84 2
34 87 90
6 26 77
17 2 100
57 37 90
31 80 44
98 29 13
1 78 26
22 93 56
99 91 4
65 8 61
91 61 2
17 62 69
68 32 76
18 9 30
53 76 10
3 68 54
15 82 42
24 53 49
88 43 83
72 61 64
50 82 24
4 98 57
22 38 67
41 75 7
17 43 51
78 5 46
47 64 85
39 23 39
94 11 59
23 89 69
66 91 4
12 88 33
28 61 99
89 64 94
97 68 12
52 60 21
9 85 47
51 48 57
18 64 35
80 57 70
60 66 43
32 87 41
46 87 12
86 37 56
34 74 95
22 96 28
58 6 31
21 89 39
76 24 55
55 83 11
8 23 44
79 8 64
34 60 74
67 44 19
96 4 49
81 8 79
24 80 54
87 56 36
50 93 88
99 41 56
95 20 73
63 87 46
61 91 77
57 69 47
78 10 96
88 14 3
1 94 26
23 33 4
91 8 95
84 13 27
33 83 85
89 67 45
64 67 57
5 81 92
7 10 91
28 65 18
24 21 13
97 93 6
77 91 24
35 74 68
27 96 43
84 15 75
47 17 46
77 39 1
65 73 11
17 63 16
71 94 42
53 25 35
48 68 75
67 10 22
46 48 98
98 17 41
75 42 49
74 68 25
41 96 46
33 62 18
43 65 66
87 55 21
79 93 96
16 90 26
51 17 46
41 31 71
87 83 59
96 95 43
35 55 54
29 35 1
49 60 23
42 60 8
42 27 89
23 83 90
32 99 13
80 21 38
85 57 29
64 78 50
62 17 26
19 46 51
69 5 23
91 51 95
70 69 38
42 86 99
10 75 28
14 92 88
56 24 27
83 23 89
30 71 61
57 10 38
45 32 97
20 69 36
48 49 96
12 59 93
74 43 98
13 99 20
67 62 32
22 40 67
48 36 64
5 19 70
2 40 45
54 60 89
69 1 17
66 0 91
63 37 34
22 6 87
1 24 27
46 42 93
35 10 71
51 19 78
30 5 29
24 49 78
70 35 36
51 24 30
89 57 94
8 42 17
38 7 100
27 64 14
59 88 77
71 27 32
96 74 7
89 64 47
33 45 10
72 90 84
99 7 11
90 13 88
17 32 57
87 54 2
12 40 81
48 67 100
9 94 21
64 34 18
68 26 93
98 49 72
2 76 40
20 99 61
8 69 88
2 34 88
58 14 49
64 21 21
72 77 75
97 33 36
34 98 47
99 78 61
94 84 33
95 66 40
76 61 41
86 43 91
53 95 64
17 16 48
45 58 91
3 80 41
38 35 20
43 79 7
43 94 65
94 19 48
52 45 66
75 39 71
46 49 82
10 37 37
94 6 1
24 54 98
64 43 41
72 89 90
62 70 84
69 76 36
43 84 35
53 97 92
68 53 84
30 33 29
83 69 36
70 67 11
52 96 51
81 17 75
86 62 9
0 65 14
52 42 62
90 56 65
66 45 48
80 66 54
34 74 96
44 20 6
89 94 56
60 78 48
83 57 89
44 45 96
3 66 91
63 33 35
82 65 15
68 8 2
92 27 49
72 39 32
8 41 3
42 28 93
36 97 25
50 63 63
68 16 8
12 97 99
17 99 60
73 26 91
15 21 13
7 10 42
5 1 56
96 95 90
42 92 1
99 74 72
94 29 83
62 87 31
81 71 44
37 48 68
67 29 61
80 31 90
93 97 84
13 61 53
76 43 19
37 82 45
20 77 94
28 55 23
77 9 31
59 83 81
80 68 4
42 32 7
24 77 1
61 30 33
94 36 9
97 40 8
81 34 99
60 77 32
63 16 71
37 72 89
24 49 13
3 27 86
98 23 68
16 8 98
95 29 44
91 19 99
64 9 52
3 65 97
53 58 86
18 14 11
92 39 91
59 44 22
39 41 63
0 29 30
89 68 77
14 94 80
65 30 82
68 14 89
59 74 15
34 1 28
29 47 66
80 34 11
80 98 92
43 0 100
65 52 24
83 14 90
97 87 32
53 16 20
43 32 99
52 11 75
89 57 84
49 58 48
63 3 8
25 58 56
4 69 37
86 45 82
40 59 92
90 17 53
12 99 36
17 45 8
36 78 60
28 68 45
45 0 43
9 74 7
82 77 11
39 13 75
80 43 77
40 20 71
65 98 79
51 8 2
84 4 7
98 67 86
24 36 30
36 74 45
76 38 79
1 35 80
72 68 68
16 85 25
28 66 7
15 58 73
55 25 52
57 80 60
39 8 35
93 99 70
55 24 51
77 69 3
98 67 83
20 15 74
62 18 17
2 45 61
11 37 33
73 22 29
94 8 25
48 20 71
25 36 31
34 64 59
25 89 48
21 51 40
52 78 62
16 46 50
96 56 67
95 86 53
18 39 74
69 33 15
76 4 2
42 90 30
73 10 97
18 82 56
37 52 3
1 64 37
12 1 20
99 43 63
23 44 6
0 9 28
84 89 81
11 6 38
44 45 83
44 35 74
11 19 83
11 64 86
65 74 42
37 56 54
89 21 75
39 73 78
17 61 91
78 6 72
95 19 24
99 47 58
22 81 75
75 26 65
6 44 51
4 61 54
26 31 42
72 86 71
1 84 70
3 55 97
67 87 7
59 38 60
8 81 9
44 45 65
16 74 39
80 20 73
29 38 5
47 56 70
80 1 32
33 17 99
44 7 9
71 87 98
90 59 55
80 8 84
23 44 59
6 12 16
80 66 14
62 4 60
53 29 76
1 72 15
32 20 70
62 2 89
27 84 100
75 62 8
30 45 57
27 39 60
26 3 46
96 41 87
4 0 11
92 65 62
18 80 48
65 12 85
65 63 70
41 26 3
33 42 66
73 3 69
41 64 36
68 34 9
81 65 36
82 11 49
43 70 57
98 54 77
84 77 38
22 0 100
78 1 43
28 51 40
66 91 67
62 64 79
34 8 46
59 45 76
17 90 62
27 28 21
74 98 97
29 95 67
99 88 3
43 18 40
28 41 18
33 44 53
60 59 43
65 74 46
80 74 71
12 5 96
58 54 58
75 30 70
13 63 51
46 32 94
99 82 21
86 39 69
76 32 90
45 46 99
35 12 8
20 28 82
47 14 55
5 58 82
76 68 92
74 34 33
65 84 31
10 68 30
59 56 20
72 69 71
6 94 60
45 27 37
17 54 91
61 46 72
61 25 12
41 63 94
79 86 2
50 42 90
43 86 82
41 53 35
75 43 55
78 2 29
15 81 23
79 13 62
47 8 58
8 94 71
97 43 10
59 31 25
84 30 90
73 33 83
8 20 30
66 78 6
1 53 29
69 35 89
98 73 21
43 66 44
39 81 45
1 9 85
3 42 58
9 78 56
24 26 68
69 29 40
56 46 28
69 74 40
78 12 75
53 89 27
80 60 94
70 69 99
9 63 9
26 38 75
40 89 100
87 80 60
31 62 72
95 3 59
51 28 84
63 67 46
2 60 3
50 2 43
44 85 5
98 70 79
73 6 9
2 28 57
26 56 64
88 80 38
26 51 92
10 51 37
64 68 61
67 84 13
44 81 24
9 52 45
44 43 72
32 61 79
52 18 47
12 80 86
59 24 74
78 75 69
4 82 19
10 4 6
52 51 1
85 72 21
95 46 64
71 36 76
41 71 53
65 53 48
80 57 35
5 76 61
27 42 43
5 17 43
49 77 65
83 14 76
10 8 5
39 32 58
12 69 32
28 68 45
83 34 50
5 37 44
12 3 47
73 45 12
19 57 53
93 37 50
86 29 71
23 44 90
79 73 48
94 15 31
99 45 61
83 29 69
86 52 22
68 37 36
41 94 83
67 48 20
63 56 25
18 81 35
6 19 48
25 80 11
64 73 60
64 24 63
98 83 2
74 22 61
66 87 47
54 68 3
21 49 61
96 0 41
55 39 84
53 15 91
2 91 32
43 13 51
56 58 97
95 97 96
71 87 14
9 50 34
39 77 38
72 77 11
15 83 82
18 41 35
5 22 46
74 39 10
28 40 24
35 62 31
30 85 79
14 32 49
86 41 49
94 45 97
47 94 92
56 55 57
50 3 75
46 87 100
88 10 74
92 78 4
10 41 86
12 59 9
3 20 68
9 5 30
63 77 83
56 45 59
16 81 84
15 29 49
76 19 86
47 2 15
51 0 64
15 73 40
13 42 43
73 44 90
12 53 49
15 95 41
89 17 90
40 20 26
18 33 24
89 3 24
20 96 77
33 42 49
84 71 86
56 86 13
78 18 74
38 24 38
88 18 2
77 37 10
77 60 94
85 20 70
69 99 80
28 23 10
49 48 52
55 68 82
21 71 9
63 34 26
91 61 68
70 88 72
65 89 18
13 86 46
91 8 2
50 35 8
62 94 88
92 41 73
12 23 98
59 2 17
93 9 58
37 51 6
3 45 82
12 14 53
21 79 82
60 64 14
55 5 13
91 25 88
56 57 11
0 57 54
29 65 47
16 5 66
64 77 33
90 64 66
95 80 24
1 34 29
33 79 18
50 57 93
54 49 54
47 10 66
69 95 57
35 95 20
5 79 83
75 63 56
83 28 56
35 87 74
93 29 27
53 72 6
2 76 32
31 47 10
64 22 39
11 59 78
78 36 13
89 54 25
70 18 83
94 79 100
69 65 7
49 36 87
51 4 38
61 27 81
99 56 17
54 46 24
75 91 92
19 53 13
79 94 13
54 53 40
4 61 98
3 50 12
38 35 25
53 8 91
94 24 70
19 6 36
83 29 57
14 67 68
53 52 53
94 10 84
87 62 81
9 67 26
52 47 54
39 57 25
82 7 54
99 84 88
21 23 100
43 61 98
42 1 46
13 23 54
6 98 5
60 12 3
79 9 29
9 21 28
31 71 68
88 40 19
29 40 72
47 12 32
6 96 81
88 79 68
31 81 5
53 26 93
68 17 91
25 35 3
33 43 99
36 43 18
25 96 49
33 2 31
77 11 12
24 88 90
52 17 85
0 26 32
7 35 17
14 82 4
33 65 44
98 42 25
30 78 7
5 28 55
28 54 52
73 45 72
99 11 1
40 75 21
79 29 16
96 60 86
69 33 41
86 16 54
47 83 74
75 43 67
34 13 24
1 88 33
56 99 30
75 55 93
90 95 49
21 44 93
20 74 47
62 34 7
59 3 14
29 70 37
90 62 71
3 4 41
21 59 16
72 9 37
56 88 64
39 86 81
98 11 17
41 89 72
44 50 17
16 46 64
85 22 10
67 66 48
59 27 25
6 48 89
79 93 47
57 6 25
12 87 68
63 20 67
64 54 93
93 65 84
77 63 99
88 91 71
46 84 63
21 70 55
97 21 13
41 4 45
79 34 76
47 11 87
2 54 55
79 15 19
54 4 24
2 27 79
41 11 67
23 32 88
73 10 63
69 21 76
55 80 86
77 36 87
93 74 15
51 3 72
83 59 15
1 12 13
9 60 51
33 7 73
10 97 45
78 7 81
9 45 51
5 14 79
54 28 14
73 92 44
27 97 47
76 18 1
59 86 47
69 66 58
28 15 25
55 1 44
17 42 3
1 67 1
53 60 91
3 28 65
11 5 14
30 64 16
65 51 91
2 71 94
74 91 63
51 42 87
31 48 32
10 65 5
8 16 42
39 6 42
18 23 61
57 19 82
31 98 57
99 67 99
28 41 61
66 48 51
87 97 35
18 13 70
93 38 51
12 88 73
68 90 39
98 87 56
0 78 82
53 70 61
27 53 39
0 14 4
75 82 61
79 54 29
72 46 31
75 37 71
41 47 92
95 28 50
12 56 5
22 1 87
40 42 22
55 83 3
16 30 39
97 73 91
75 18 20
74 49 80
65 53 93
94 24 53
50 76 87
78 39 45
4 83 71
65 19 49
84 8 49
74 38 30
10 25 34
73 10 14
34 2 6
6 77 44
2 57 70
86 10 72
9 17 38
4 11 50
3 52 31
2 8 77
91 79 80
69 24 74
89 98 81
48 90 44
4 30 70
81 92 74
32 78 31
96 76 3
31 78 39
16 59 67
92 71 93
35 43 77
76 64 66
75 56 62
68 78 86
18 77 14
72 68 65
27 42 50
85 53 32
83 84 40
1 63 15
28 37 22
63 44 82
12 33 30
21 12 24
93 88 16
7 8 89
98 42 3
78 57 9
97 15 75
69 76 51
78 76 76
95 29 92
15 75 74
33 87 69
15 74 47
53 94 51
92 33 1
37 19 13
35 46 34
50 13 25
33 68 46
97 72 35
91 35 68
47 30 6
39 96 85
79 72 73
82 74 15
22 3 15
94 17 33
2 90 41
2 18 54
5 75 94
18 61 19
95 75 76
67 78 78
86 80 25
23 29 81
15 17 74
77 93 13
69 35 18
95 83 52
47 77 12
9 49 79
57 80 39
23 48 6
3 39 3
51 14 93
12 3 79
51 50 68
18 32 21
92 14 71
28 33 92
91 13 79
48 7 66
23 61 93
86 59 82
75 31 51
0 89 34
23 66 54
70 77 1
2 15 77
49 21 50
92 62 34
18 91 15
18 50 10
52 24 63
34 22 50
1 47 57
48 64 66
27 26 41
39 5 7
48 34 63
56 94 97
23 97 9
39 19 96
43 96 20
45 38 74
60 55 54
34 96 21
86 0 39
27 45 45
91 76 65
75 73 5
90 65 4
97 38 51
44 2 54
89 73 31
11 44 43
15 35 66
41 77 10
0 90 5
17 94 83
28 72 91
55 9 11
59 74 81
31 81 97
22 27 37
91 47 15
32 13 50
78 23 24
71 42 99
7 1 16
72 32 60
70 0 80
58 17 14
84 35 46
15 47 9
74 2 26
4 25 37
51 11 31
0 33 75
1 90 90
9 20 94
83 92 12
7 38 70
76 33 41
68 55 26
18 11 78
68 83 98
78 92 87
67 96 88
69 75 100
11 25 74
59 2 78
51 20 67
10 75 52
69 11 18
25 6 29
12 33 78
17 23 52
73 6 82
48 86 78
32 30 46
62 8 25
72 23 53
35 38 34
43 57 28
25 76 60
82 17 92
77 96 79
48 38 56
53 83 38
67 74 12
3 8 82
23 92 86
8 31 35
57 74 44
58 93 23
19 9 15
97 35 75
17 87 3
45 61 30
58 64 64
39 23 40
14 4 43
75 74 60
12 60 92
14 68 76
84 74 38
39 29 2
9 8 52
4 92 91
31 13 74
84 58 67
80 36 61
65 36 17
47 3 41
84 71 17
93 15 89
4 50 34
84 0 94
78 32 26
74 7 50
46 98 39
48 97 67
52 72 12
66 84 61
41 33 33
41 76 68
32 9 18
11 15 15
70 86 57
22 93 93
14 20 87
38 25 18
13 82 46
77 10 25
55 89 6
57 22 51
94 11 64
73 18 58
79 40 30
39 42 2
6 90 89
19 9 67
17 50 39
29 8 8
25 87 30
23 31 5
69 31 46
18 22 37
29 3 53
13 2 64
33 85 50
42 8 98
62 92 25
84 80 52
52 73 27
35 22 27
39 69 52
34 65 38
66 65 27
89 41 38
32 19 46
57 32 69
60 86 11
84 98 31
11 66 46
52 67 18
39 79 74
89 34 56
66 7 76
74 27 8
68 56 21
24 31 14
10 79 70
84 52 35
62 21 4
4 84 54
3 5 40
30 42 68
61 30 52
69 28 82
75 85 20
35 42 94
87 4 58
75 10 39
98 45 39
37 44 20
84 99 72
32 51 84
4 65 99
4 25 47
63 83 32
7 10 38
9 35 61
15 5 92
31 13 86
81 56 31
78 25 99
2 67 23
76 61 78
98 81 73
4 31 67
67 81 47
64 18 3
21 8 55
20 85 98
79 16 40
70 35 91
37 73 19
18 22 45
18 56 99
14 47 100
23 82 60
91 28 18
75 77 41
18 13 80
4 11 11
13 51 35
82 62 28
86 12 94
16 12 61
9 61 23
23 43 8
7 77 52
86 78 3
29 79 86
83 7 81
58 66 6
96 49 2
8 2 60
47 75 54
16 56 5
31 77 43
48 86 10
6 3 13
62 65 32
95 43 95
11 69 10
57 39 27
75 16 96
80 3 8
78 93 5
9 38 9
17 67 58
65 64 74
78 19 86
80 94 52
6 88 100
63 24 18
52 42 97
97 59 97
36 24 37
7 76 14
53 20 98
3 35 28
28 64 81
53 36 90
36 88 12
5 75 39
4 41 97
92 60 31
12 18 87
47 33 21
3 30 64
59 34 73
34 9 82
69 38 49
54 78 76
34 86 28
67 90 22
5 3 68
15 57 88
18 25 64
50 47 76
49 67 54
14 52 54
83 47 26
82 46 77
15 91 33
43 24 13
99 81 27
0 88 89
48 22 21
74 57 8
61 86 3
57 2 70
3 93 25
41 12 63
8 49 83
53 58 67
46 80 70
2 3 88
58 49 68
83 8 45
27 24 22
26 88 82
74 1 56
29 92 42
2 69 44
70 41 18
53 71 76
85 72 9
28 98 71
52 36 38
94 52 96
64 28 74
81 43 86
33 6 44
96 33 35
11 57 23
75 39 14
6 3 31
5 70 3
19 91 36
85 48 7
21 12 73
25 8 56
55 3 99
59 65 73
95 69 49
40 53 81
10 73 76
64 79 35
32 15 3
90 88 8
32 36 1
7 19 50
96 95 91
1 18 68
83 43 86
23 64 84
40 77 8
98 1 69
72 28 100
65 41 44
80 98 83
52 24 100
50 67 48
16 11 2
5 88 67
50 24 45
11 49 3
13 5 52
74 76 66
79 74 9
66 77 8
46 4 35
97 28 2
0 90 89
78 84 67
96 86 53
52 0 83
56 4 9
29 20 65
12 19 29
22 50 39
56 89 11
20 11 9
18 92 57
64 41 16
66 25 72
67 10 94
18 64 52
93 58 100
7 93 97
88 17 63
97 32 50
46 95 42
9 64 55
14 34 84
92 10 93
47 71 85
35 79 100
65 37 98
12 51 18
7 91 99
35 26 17
73 28 75
81 43 46
74 26 45
90 74 66
79 12 84
50 34 13
6 55 70
60 81 98
88 93 68
66 48 72
47 72 38
60 1 17
22 87 86
69 21 38
72 52 4
67 9 60
60 48 66
38 76 36
36 45 39
32 89 14
42 35 17
20 71 42
38 40 99
24 81 41
38 31 8
84 33 51
54 86 100
48 54 48
6 42 24
13 27 74
41 84 18
33 58 73
44 48 12
28 55 15
19 49 28
3 77 55
25 87 94
16 23 64
99 67 45
97 85 13
81 66 48
35 51 40
39 16 20
41 86 94
26 22 39
91 11 3
84 86 40
88 55 61
59 98 31
38 0 8
86 50 86
79 54 94
98 99 47
77 62 48
29 59 3
61 7 11
95 47 95
44 11 16
91 90 70
69 97 57
12 42 44
35 74 26
4 67 61
11 77 62
43 35 63
62 59 46
41 31 88
95 12 16
93 34 94
71 26 60
53 9 4
97 3 29
73 72 5
97 55 2
16 91 55
64 54 14
93 12 5
24 2 50
78 73 79
16 38 99
25 68 15
32 49 69
71 24 79
39 17 92
94 15 80
44 68 40
93 78 25
8 85 21
81 2 37
96 20 29
30 35 45
17 5 19
39 63 99
67 32 15
57 36 19
7 88 11
93 71 56
31 68 88
59 68 73
17 22 90
61 36 8
58 3 47
59 83 36
26 8 11
92 50 79
81 41 65
44 68 30
13 8 29
14 79 76
2 27 12
55 40 72
60 56 25
14 27 76
59 69 67
36 90 56
41 62 65
85 9 71
27 96 13
47 81 63
72 45 73
35 57 17
57 36 15
80 53 98
28 69 47
89 31 94
85 44 75
59 84 97
78 53 1
77 90 39
68 50 19
61 34 59
23 78 93
65 55 95
39 37 43
91 80 97
72 93 67
34 89 1
12 32 45
3 19 53
60 66 6
13 50 59
59 55 13
58 38 58
42 82 42
75 92 60
61 99 41
53 37 65
18 88 61
61 86 48
30 72 38
91 20 91
12 85 65
3 37 4
77 36 9
65 72 10
20 77 98
78 68 69
53 43 94
44 80 99
56 2 95
41 76 2
15 64 47
73 49 27
91 63 60
25 28 55
36 31 17
7 24 26
86 22 48
78 37 45
64 93 28
94 58 45
26 80 92
85 2 88
85 35 53
8 11 47
3 77 89
12 65 44
51 20 6
32 3 91
72 44 94
53 26 99
44 17 85
71 73 61
32 1 54
54 53 4
9 86 49
43 9 98
15 71 86
76 46 69
60 2 22
95 70 95
70 30 62
47 64 52
28 93 56
49 5 45
18 28 86
33 91 68
71 46 24
97 77 20
24 32 32
55 15 36
78 40 51
14 0 67
7 64 77
23 59 43
56 61 20
3 39 92
85 1 98
6 39 66
65 82 65
40 39 57
35 90 28
83 15 72
46 32 14
37 25 85
81 17 16
16 12 8
92 4 30
5 56 18
39 69 26
98 4 11
74 18 19
85 36 100
95 8 72
82 65 13
19 71 65
93 30 71
72 2 84
56 0 93
27 80 70
99 43 38
51 84 18
56 6 16
98 80 86
34 83 91
13 83 12
24 40 67
84 70 30
6 72 96
37 5 41
94 80 97
48 57 71
62 75 88
36 50 24
10 14 96
81 40 57
27 75 36
2 64 3
85 37 12
22 69 57
60 0 93
20 56 42
0 16 59
50 91 49
64 77 62
25 57 58
63 53 81
17 52 95
76 51 39
46 67 5
94 2 51
54 62 77
79 57 89
14 58 60
15 22 67
38 41 36
31 37 81
2 1 77
11 34 62
72 54 67
92 67 80
26 22 45
31 14 5
72 71 72
25 90 1
21 11 9
55 62 35
83 3 54
36 44 77
21 19 86
40 26 8
80 30 18
92 39 93
20 68 15
35 43 51
37 91 10
34 9 90
49 44 11
28 71 18
47 68 87
22 73 83
48 8 25
46 96 72
76 3 8
71 6 100
93 16 63
3 58 81
56 77 17
95 20 10
87 32 6
59 58 2
11 99 83
57 65 44
39 31 28
13 16 51
82 46 20
20 76 68
79 56 30
19 93 28
29 91 24
24 31 86
2 75 3
16 22 47
31 28 61
91 72 59
7 30 77
26 28 64
92 32 14
26 46 72
14 7 53
73 87 6
27 20 86
79 2 43
56 29 20
43 57 50
14 69 27
21 14 26
71 78 78
81 40 85
39 15 54
77 70 68
61 12 49
73 60 7
94 90 37
51 18 2
83 27 90
11 40 70
80 72 56
50 72 14
31 63 33
55 23 70
23 42 85
57 67 4
63 68 23
20 86 10
15 41 79
49 81 17
25 49 78
70 25 43
89 81 75
64 18 40
88 62 27
10 96 29
19 10 18
44 21 48
23 85 8
71 66 96
26 92 54
85 73 40
73 19 49
53 77 82
8 15 73
57 98 35
34 36 28
44 98 78
93 94 65
16 27 43
87 63 7
12 60 85
28 27 46
37 17 33
35 27 26
65 20 16
47 28 30
75 52 2
99 92 81
86 79 66
66 91 85
38 59 96
44 27 57
94 59 17
25 51 12
18 46 86
90 79 75
40 54 96
35 95 20
40 37 66
56 15 92
44 12 50
35 33 1
18 59 99
77 57 9
83 43 34
84 1 62
6 1 53
74 93 57
68 49 20
99 71 2
9 42 27
11 9 35
30 68 9
61 1 49
40 15 68
37 25 19
7 42 62
8 58 100
4 1 89
74 42 5
98 48 81
84 37 11
47 84 63
28 81 12
73 95 17
98 83 17
41 76 4
76 30 14
49 7 74
44 49 26
89 2 88
71 74 52
12 73 10
36 9 33
58 96 12
87 83 14
3 99 55
38 46 53
94 86 37
30 56 58
47 76 95
99 85 71
93 44 68
76 3 8
28 30 89
34 96 36
39 23 73
59 41 29
29 65 13
7 92 71
89 96 72
3 96 42
41 73 79
61 8 9
45 40 37
53 28 44
17 13 80
86 0 21
17 12 28
79 42 14
18 28 41
74 61 81
45 21 63
88 6 86
16 34 54
80 56 48
58 51 6
68 88 33
54 39 53
12 11 11
85 61 45
60 15 48
20 85 32
80 50 86
64 38 11
5 89 29
22 53 55
21 91 30
97 12 13
71 22 35
59 87 99
19 20 90
69 67 79
8 19 70
96 16 56
30 21 76
4 8 33
42 40 12
99 3 22
89 3 8
7 58 23
88 16 91
85 28 69
18 29 22
2 82 45
74 27 91
0 60 23
8 21 100
80 67 42
84 78 52
22 11 71
11 51 47
19 0 36
24 50 92
59 8 39
14 11 19
31 65 94
64 47 10
17 63 62
66 25 18
96 97 6
75 80 10
32 25 85
64 27 34
95 86 55
77 21 90
36 96 92
68 42 96
79 21 26
6 92 92
43 86 94
69 45 41
8 9 96
92 21 54
28 47 54
60 36 56
14 23 36
60 49 75
16 76 72
77 40 34
24 63 92
47 22 83
69 45 60
19 21 1
64 65 39
67 98 50
6 7 10
48 33 48
50 12 57
80 54 30
83 58 72
69 60 53
16 40 47
26 57 63
46 57 41
59 38 5
34 4 21
13 62 97
38 64 78
69 12 88
56 82 30
75 67 8
39 88 43
35 7 45
25 34 79
15 24 92
75 18 67
5 22 50
37 75 86
59 0 27
41 45 26
46 35 25
32 13 58
48 72 64
57 9 70
73 81 55
11 97 67
5 2 83
67 66 36
97 86 21
32 94 48
38 57 88
56 7 64
40 48 85
50 52 83
7 14 29
23 1 87
48 94 79
46 48 34
65 31 43
97 56 18
18 77 54
20 19 41
30 80 24
73 51 33
42 13 3
35 29 41
97 70 63
68 52 6
69 83 87
48 78 40
42 86 59
13 19 40
11 48 2
7 23 85
99 22 22
79 25 83
12 56 67
44 90 76
64 48 38
76 69 93
5 76 75
92 17 27
88 24 41
67 22 60
60 65 67
77 81 64
75 20 5
66 52 4
0 55 5
26 4 19
54 3 36
15 53 32
95 11 29
17 40 66
19 49 54
20 25 13
14 94 96
0 82 1
95 14 5
61 38 86
60 47 89
87 68 61
2 90 66
2 18 66
65 47 4
72 70 62
92 71 37
14 38 48
30 24 91
63 54 81
73 51 45
88 80 26
8 19 66
10 3 50
63 24 42
81 6 95
89 72 87
98 52 63
82 33 15
79 58 79
62 60 23
4 50 30
10 86 88
41 70 99
72 45 96
94 38 94
29 16 36
64 28 38
40 23 35
5 65 10
99 61 70
46 20 30
34 54 67
69 70 35
90 15 10
6 54 25
11 30 40
65 66 96
70 60 86
72 18 21
29 31 90
46 89 59
83 46 54
71 79 23
67 25 9
9 41 85
47 48 36
77 76 32
74 43 73
28 31 19
63 62 15
95 79 4
11 27 68
22 2 69
46 81 36
62 96 37
77 11 97
52 60 17
88 39 7
37 2 100
27 36 73
22 21 66
22 82 28
41 17 16
34 49 16
18 27 27
75 59 77
71 11 16
77 71 53
44 55 7
87 11 48
6 41 86
58 67 19
98 57 49
75 42 42
18 73 86
8 95 88
71 28 94
17 86 93
63 71 81
60 53 44
5 57 71
87 44 1
83 95 47
89 76 47
10 6 92
7 30 53
27 15 50
10 81 7
78 98 42
52 42 13
34 67 32
84 0 100
47 0 70
25 32 77
85 65 78
51 69 72
99 43 25
28 71 97
65 99 92
86 83 8
4 26 91
88 66 41
6 60 87
19 33 21
72 56 13
28 3 10
40 22 21
76 6 85
40 39 3
96 54 93
51 71 39
7 56 52
8 29 21
11 52 95
17 23 38
60 6 37
55 27 49
53 96 95
65 9 13
80 29 18
54 44 85
43 35 20
73 20 85
83 60 8
36 54 52
11 63 70
16 39 29
71 43 39
26 98 33
90 26 69
59 62 37
83 76 16
39 95 26
27 89 83
27 77 84
15 10 94
71 52 3
77 96 66
67 83 60
16 3 23
84 22 21
99 39 27
77 3 94
39 10 4
2 29 65
76 57 37
34 38 70
43 63 90
64 76 26
66 73 42
4 13 60
44 60 93
76 0 60
48 60 96
75 35 29
65 93 54
18 50 88
28 36 34
8 44 25
13 30 98
99 20 14
4 35 5
19 25 94
81 64 87
25 74 25
49 58 93
23 39 63
89 38 66
60 23 94
69 31 1
77 75 28
21 99 20
40 99 15
46 2 7
10 28 66
42 70 52
92 8 26
71 85 66
57 60 71
23 13 66
43 60 35
23 41 94
17 89 43
13 63 100
14 18 42
94 6 58
59 35 52
17 53 62
83 70 83
56 29 49
9 28 88
95 57 4
13 19 69
55 40 26
80 16 54
53 31 91
13 47 38
32 82 78
60 91 61
99 84 96
81 98 10
85 86 28
14 42 49
91 76 77
56 40 53
97 88 56
90 53 63
22 95 75
74 6 19
8 95 94
19 31 52
17 96 9
26 73 55
20 97 75
12 96 18
58 31 15
10 85 27
45 37 61
5 32 15
19 86 83
30 92 28
22 42 51
23 86 14
89 19 5
81 86 50
85 70 16
81 95 56
42 37 63
26 71 80
84 86 45
25 11 21
60 11 8
8 82 75
20 38 4
28 15 70
63 56 53
67 15 78
24 58 50
15 24 85
25 13 28
54 66 87
8 76 60
1 93 65
28 97 57
42 17 56
12 67 10
60 12 46
43 46 29
34 6 22
53 46 69
51 32 17
30 25 32
6 10 31
24 8 67
79 87 48
25 57 20
58 96 95
80 2 80
87 92 37
82 92 24
44 82 91
94 98 86
81 25 37
63 57 62
2 36 44
46 30 16
62 48 53
80 49 42
30 34 41
83 78 15
18 12 62
29 86 1
9 67 84
14 71 66
14 80 10
57 66 98
58 67 87
84 64 25
3 63 70
72 46 55
24 57 91
54 90 97
99 35 73
91 78 23
74 92 86
47 6 31
67 35 46
78 65 27
67 17 81
62 87 74
51 0 81
89 78 23
7 11 6
13 59 18
10 97 12
33 78 5
8 86 52
86 25 64
19 31 85
43 37 43
99 85 22
81 36 60
62 41 56
7 40 70
50 19 90
59 96 91
77 11 16
2 21 46
39 73 37
10 91 78
69 50 23
93 34 75
60 87 76
69 4 31
4 52 83
79 20 44
42 49 55
71 87 19
66 23 20
50 76 8
60 96 86
84 44 80
52 14 67
84 97 40
8 93 58
5 50 19
14 87 45
8 97 41
33 50 54
70 80 23
47 59 37
79 73 39
92 37 26
41 32 92
55 11 33
97 79 94
86 99 25
93 56 22
90 19 85
29 3 53
48 7 94
41 69 44
20 62 77
2 59 69
25 47 18
4 92 46
2 98 3
39 85 40
16 23 82
59 20 29
19 34 2
58 67 55
49 80 20
14 54 63
28 63 98
5 72 33
7 37 72
35 83 15
27 17 31
90 17 46
54 90 85
48 0 52
89 8 11
37 71 4
90 38 49
81 33 65
42 15 98
0 37 65
83 74 15
23 19 98
68 48 86
59 38 29
64 86 35
1 84 27
86 87 17
95 69 49
71 40 18
94 46 51
71 74 80
43 92 59
88 34 69
28 82 12
60 83 83
28 62 13
71 88 38
97 14 34
30 78 23
53 35 5
82 37 19
23 78 58
45 25 28
57 30 2
84 74 39
55 54 55
4 1 31
72 5 32
22 75 79
83 91 99
22 99 32
46 93 86
7 69 54
42 15 7
89 20 82
43 80 14
76 22 62
68 27 98
61 39 95
60 45 53
61 44 88
26 40 96
4 71 96
51 24 28
44 62 39
68 18 71
54 1 73
21 96 39
23 40 56
78 73 23
56 36 74
22 90 13
45 9 33
86 82 83
32 74 32
0 73 27
68 27 64
99 72 19
2 13 13
50 11 89
12 94 68
79 69 32
2 86 66
80 40 44
58 74 76
29 34 24
12 50 82
89 94 21
1 98 2
3 43 54
84 45 79
60 66 71
76 86 72
91 65 98
87 51 74
82 98 31
23 16 96
86 32 79
67 10 55
60 73 7
97 30 76
69 44 58
68 15 85
23 73 57
59 26 60
74 72 5
90 63 36
46 32 58
22 51 27
67 49 90
44 53 64
59 41 14
94 85 62
62 1 39
82 98 38
75 94 60
25 10 88
54 4 27
7 28 19
5 71 20
32 76 35
53 16 59
86 92 60
69 29 24
10 38 80
4 1 58
2 91 49
74 33 19
32 83 31
47 84 63
49 56 30
97 49 43
49 61 99
45 24 6
61 83 98
12 94 90
59 22 94
36 73 64
3 81 2
63 45 51
3 90 4
26 97 48
4 38 70
48 47 28
71 36 13
61 49 2
52 63 27
23 83 31
51 59 30
29 41 22
68 77 41
48 89 31
15 43 99
70 6 22
95 81 38
6 10 77
8 74 47
82 73 85
19 53 29
59 56 83
98 32 22
76 24 88
1 32 53
21 60 6
48 1 96
83 3 69
89 27 81
14 76 22
24 37 10
54 56 17
5 14 74
37 63 42
81 77 8
58 19 55
92 96 72
71 5 98
87 89 42
82 42 55
71 66 13
22 6 26
47 85 64
7 45 44
76 0 35
68 95 76
69 61 93
59 3 50
11 72 81
45 20 7
70 50 95
80 16 20
58 52 57
19 18 20
54 66 1
6 38 3
49 30 70
46 72 30
51 61 41
30 95 45
24 63 41
13 56 28
5 25 62
66 93 56
58 49 70
35 76 3
55 25 27
53 99 66
10 35 22
32 80 33
10 87 86
68 4 46
99 50 71
71 58 18
25 31 88
88 37 22
96 97 8
53 12 32
0 51 81
4 47 19
60 2 90
1 53 43
22 52 76
63 23 87
78 85 68
23 89 63
11 88 1
79 55 49
61 4 96
55 98 70
15 66 5
47 82 43
72 46 4
38 45 62
36 0 40
64 49 42
58 54 65
79 11 37
8 88 85
96 30 15
41 39 99
79 80 48
28 31 60
73 97 41
67 35 38
67 57 36
49 51 24
94 54 42
28 62 86
39 12 59
74 53 45
92 44 2
89 82 29
94 87 29
25 28 27
47 41 1
88 18 92
59 33 46
33 30 37
10 80 45
15 17 7
28 42 90
16 43 54
29 14 19
48 30 78
93 61 87
92 75 99
42 34 86
56 57 88
90 40 9
33 25 69
50 40 76
53 9 36
30 40 93
6 23 25
64 77 48
97 10 46
79 15 48
54 17 34
99 85 53
71 19 86
37 71 83
70 2 6
91 73 93
7 49 52
20 21 15
37 18 50
38 33 25
62 64 44
95 87 50
75 85 48
45 7 49
56 63 9
8 50 78
15 38 99
78 58 62
68 56 70
98 29 83
3 24 86
34 2 80
90 9 29
8 91 25
30 71 1
79 59 94
3 45 16
65 19 36
23 83 38
21 81 44
74 43 57
40 39 46
21 9 36
27 41 35
58 64 93
20 39 59
99 6 27
72 27 72
84 46 38
1 96 59
42 85 56
80 8 32
79 25 15
93 18 42
81 22 91
99 21 5
64 34 81
91 62 78
66 26 18
13 57 73
61 23 52
44 48 38
6 14 92
85 28 44
57 65 98
5 81 64
99 11 88
9 77 36
70 90 56
36 65 24
42 96 1
16 76 65
94 31 96
44 49 100
51 86 67
89 18 73
1 59 90
76 30 72
14 11 14
29 71 9
12 17 45
48 0 78
94 56 29
99 43 24
17 3 50
89 49 74
26 11 94
42 38 37
50 18 38
94 51 82
81 47 6
46 61 92
61 26 73
79 10 54
3 19 53
32 5 46
77 4 34
82 11 72
15 7 64
53 44 2
44 92 25
37 97 26
6 84 50
39 91 99
17 62 94
6 71 76
27 18 91
19 29 54
50 66 71
68 75 38
34 37 44
19 91 72
64 97 73
42 13 22
95 38 8
26 72 93
72 35 80
69 36 62
5 0 33
47 56 64
98 29 77
70 18 78
81 40 55
26 74 43
28 6 6
18 38 33
81 69 18
27 10 2
28 35 28
87 39 3
93 29 71
18 73 65
95 42 37
48 28 63
89 64 97
76 31 99
50 97 21
73 35 90
6 23 13
41 75 87
68 83 67
73 57 9
26 34 79
30 19 13
61 39 49
61 47 23
14 79 70
1 12 52
58 1 93
10 27 91
71 48 11
11 89 40
86 22 47
34 93 62
98 11 58
18 84 16
70 16 24
44 37 28
10 1 6
17 68 23
14 12 89
59 7 14
92 52 2
78 58 48
79 83 30
6 73 95
92 67 90
10 32 59
49 0 78
66 54 35
39 24 68
16 93 86
24 25 48
95 93 71
88 91 6
91 84 97
64 33 53
19 13 100
96 97 17
61 49 64
93 67 16
41 17 16
19 61 19
82 45 36
2 64 96
2 21 87
65 86 13
98 28 67
51 66 99
2 82 12
87 33 26
97 52 97
61 48 94
18 51 6
97 41 84
23 82 33
41 61 15
79 25 77
78 8 79
91 41 87
51 67 86
23 46 31
86 97 5
88 96 27
29 92 81
70 33 14
34 96 77
64 42 49
64 35 6
26 97 69
80 40 60
88 77 92
68 72 50
50 8 23
18 55 2
89 65 10
87 6 56
52 26 84
2 16 62
82 59 56
80 31 33
69 49 80
36 43 24
49 50 11
75 99 92
2 68 55
28 54 15
15 25 15
68 38 70
39 76 74
30 33 76
31 52 52
70 87 51
28 23 72
12 94 55
18 13 8
17 74 3
17 2 9
40 19 93
85 19 3
84 25 92
46 71 12
8 9 42
97 75 19
49 80 85
32 92 5
11 26 21
20 42 8
78 40 81
86 60 61
93 60 66
30 75 92
38 49 70
95 99 6
30 76 88
46 77 48
98 48 62
46 17 23
0 3 28
76 45 58
82 27 63
93 85 88
8 44 63
48 58 11
24 30 26
48 59 92
96 79 57
99 34 13
56 51 30
29 77 56
26 40 91
23 85 62
65 11 1
86 96 1
0 64 17
87 56 89
14 79 61
1 45 25
0 62 80
57 89 96
17 49 75
14 38 44
93 88 4
4 29 31
16 66 29
74 64 60
29 98 91
33 47 43
97 61 23
77 73 19
4 46 69
36 77 7
53 91 37
36 86 59
69 90 7
52 87 48
1 67 84
22 33 36
75 98 44
34 70 16
79 6 50
58 45 10
47 81 25
18 42 7
41 31 74
26 41 48
3 34 97
77 89 75
62 28 90
91 28 60
67 55 61
17 40 15
43 54 52
96 47 21
52 82 82
66 80 88
85 38 44
76 37 3
0 36 94
77 99 32
88 73 7
29 28 75
42 35 9
76 74 94
91 50 89
55 17 47
20 55 7
26 35 90
75 86 45
23 97 25
51 74 55
94 3 10
15 93 3
45 20 60
92 22 59
67 80 71
50 25 32
40 12 31
19 29 88
29 1 32
60 52 18
81 90 15
42 95 46
27 12 76
48 27 50
10 9 24
96 87 4
73 74 50
71 99 41
31 68 4
23 96 70
2 23 21
26 95 23
32 6 8
8 66 4
64 96 26
13 11 91
61 83 82
94 71 13
37 76 27
8 1 19
52 41 32
91 67 93
4 47 59
50 87 35
10 62 80
52 76 23
0 93 25
31 0 28
4 77 12
19 11 61
85 1 94
82 4 94
27 5 61
63 41 24
8 42 6
1 44 66
59 25 27
86 55 47
62 69 87
43 52 18
12 19 73
6 0 77
38 11 71
73 18 31
31 74 64
7 43 1
32 6 4
19 82 99
30 78 1
6 73 30
86 54 17
20 25 17
57 75 23
93 71 82
66 16 33
68 45 29
56 1 99
66 90 86
46 26 67
91 50 45
73 91 85
5 24 66
99 75 57
36 63 43
47 90 92
91 32 81
73 31 54
14 80 62
90 82 94
93 71 52
88 18 3
98 43 24
43 76 34
39 29 51
81 15 3
70 34 69
80 59 60
58 30 6
16 79 67
66 55 22
24 13 6
64 53 82
66 4 64
82 32 37
76 93 45
71 46 39
39 16 83
48 43 94
6 96 80
0 61 87
21 7 99
88 79 99
0 73 42
55 72 36
96 94 6
70 49 80
74 2 55
71 99 27
33 34 57
17 5 38
33 66 31
40 2 65
57 64 94
88 77 64
76 73 43
96 77 52
31 8 43
6 98 48
81 99 67
93 57 86
48 44 5
30 12 11
9 45 40
73 78 33
78 63 84
42 58 31
40 86 59
76 54 1
48 87 19
34 32 41
51 12 72
12 54 10
58 70 72
53 14 77
27 76 90
21 56 1
60 9 51
47 10 40
26 64 41
17 48 81
78 2 39
94 89 85
83 52 16
29 94 39
93 87 17
96 47 50
53 79 76
82 4 54
76 41 30
34 66 79
97 52 30
68 2 16
42 4 21
18 93 47
59 14 37
63 94 13
4 86 42
79 63 94
48 20 84
29 45 91
63 79 14
82 24 30
18 7 51
59 52 4
49 79 87
10 55 62
88 61 96
17 64 9
21 75 27
17 73 88
96 7 35
98 47 23
68 34 53
85 65 64
84 12 59
4 71 35
82 31 52
38 13 54
21 65 76
78 76 31
59 1 45
10 78 98
59 97 30
58 10 80
84 59 100
96 33 23
14 57 90
43 62 64
74 10 24
35 51 6
33 72 9
7 19 6
98 34 15
18 58 87
63 2 4
5 3 79
88 27 50
37 39 10
1 73 87
89 86 44
47 26 19
25 54 7
50 59 88
47 73 14
97 34 59
26 27 84
37 36 28
13 80 42
37 5 56
71 18 84
14 21 17
41 23 71
39 61 71
14 38 99
35 63 45
51 35 55
63 8 20
96 67 59
99 49 40
49 77 93
80 32 75
0 16 51
66 74 95
84 45 56
61 8 83
35 43 46
71 18 16
89 12 19
75 12 46
81 3 95
79 95 65
28 47 46
65 28 99
86 16 64
89 15 11
64 56 88
53 92 60
24 51 14
68 25 48
93 8 14
24 7 95
41 70 84
17 14 82
99 39 27
84 86 72
33 71 88
61 91 35
88 81 18
55 72 9
14 96 88
66 41 6
72 5 6
40 41 25
8 26 72
34 13 76
33 6 2
67 56 12
89 68 10
41 62 36
55 43 90
14 23 65
34 32 59
84 37 58
82 76 77
10 21 23
20 17 73
24 11 86
96 0 80
92 79 94
10 79 86
21 5 13
77 90 51
88 64 25
74 99 59
0 29 72
81 39 56
85 94 56
83 27 59
39 90 29
13 83 46
67 51 19
39 91 10
67 83 93
31 84 60
94 12 98
79 59 83
82 25 88
57 88 75
60 90 2
61 56 6
44 47 24
92 7 72
42 3 14
28 50 31
16 94 28
62 15 87
41 56 7
43 12 56
75 30 29
45 53 78
87 9 53
4 87 45
15 84 83
91 98 42
41 21 49
56 97 83
10 27 57
32 83 98
83 1 32
93 87 3
55 18 39
31 82 21
72 20 15
43 66 70
87 95 46
97 25 9
45 66 91
72 14 46
89 58 90
79 85 11
1 62 12
79 8 70
80 32 33
36 37 73
15 44 77
32 38 74
38 4 92
88 22 84
26 47 18
67 86 30
90 61 30
36 66 90
90 56 29
83 80 67
54 22 61
2 4 3
84 82 40
53 82 38
23 70 21
67 46 65
57 35 16
70 5 1
15 48 100
96 79 86
9 64 100
42 18 26
12 80 12
67 5 75
55 17 38
67 59 34
4 76 44
41 59 30
64 23 7
31 32 62
85 2 58
50 64 21
40 22 37
14 55 66
38 9 46
44 71 26
33 91 85
56 43 88
49 51 23
80 7 96
93 83 2
10 85 8
96 95 68
14 92 25
4 87 6
71 89 87
19 17 62
35 44 84
82 13 45
79 87 48
67 99 46
42 68 46
50 55 59
92 67 72
92 58 59
65 67 12
38 75 24
49 51 34
74 75 92
82 37 37
23 53 38
1 92 79
83 72 31
87 5 63
7 66 100
56 93 25
10 22 89
78 40 12
35 12 91
33 63 77
64 80 68
30 33 84
23 66 44
17 55 67
50 54 56
87 78 36
37 7 97
88 33 98
94 65 70
4 82 21
65 57 9
43 77 30
80 85 87
36 35 59
79 1 20
96 64 43
77 58 99
14 36 45
39 98 73
17 77 79
20 78 27
3 95 28
38 14 18
52 40 47
85 66 29
71 39 1
22 31 41
41 4 19
67 35 83
99 27 91
39 97 44
4 45 57
59 41 51
38 44 37
69 10 60
85 12 93
46 73 49
29 23 1
47 86 48
13 55 79
56 81 16
54 96 82
55 1 42
90 29 93
49 73 84
18 87 92
77 9 77
10 22 38
59 44 8
83 37 62
84 76 5
61 0 27
71 63 7
48 41 40
24 53 55
27 63 10
73 29 18
99 4 83
96 31 23
41 56 48
40 1 70
66 40 83
75 57 8
6 31 51
18 77 8
43 80 36
29 35 42
38 92 85
86 9 90
61 2 48
54 80 19
95 33 70
2 20 1
37 40 25
64 49 62
93 8 76
2 83 1
35 73 60
35 20 63
82 47 56
53 51 49
1 82 23
76 12 58
40 22 100
52 48 70
18 6 81
0 62 10
86 8 63
24 92 67
56 0 15
91 48 78
63 6 43
69 82 23
12 93 3
93 53 53
10 65 26
45 79 91
38 33 10
97 72 75
12 96 8
23 20 90
81 61 13
33 75 36
64 3 25
2 18 55
98 11 64
54 21 40
92 98 3
10 99 71
89 95 30
93 17 61
9 81 59
57 95 85
41 3 57
6 42 81
53 97 52
70 83 99
12 27 62
25 83 64
49 5 53
56 14 18
55 10 69
19 15 46
90 12 64
66 49 86
24 0 18
17 10 30
17 31 1
28 48 83
91 41 84
4 91 92
23 73 5
74 15 12
63 70 28
72 42 89
23 74 97
32 83 35
18 67 15
79 54 49
59 30 50
19 8 62
28 62 29
33 12 65
90 17 29
22 56 73
4 44 69
47 99 51
72 97 24
49 25 60
10 71 25
92 93 59
44 14 28
84 81 57
59 11 31
65 8 96
99 81 96
27 93 47
40 81 35
25 50 52
58 91 28
55 1 14
55 42 37
16 54 38
61 58 87
16 58 7
64 88 23
62 94 86
69 12 83
45 23 55
85 33 60
39 94 22
4 80 33
46 79 32
87 53 43
63 12 52
67 46 76
25 7 25
38 29 10
1 68 31
61 1 48
70 5 52
43 94 96
5 67 56
11 68 88
24 83 53
89 31 78
15 71 75
41 62 22
64 88 42
11 13 71
57 73 35
79 99 99
77 57 86
25 13 50
72 78 56
53 98 62
75 70 11
88 51 53
5 49 92
68 99 69
32 19 82
59 87 60
43 86 66
31 84 100
35 62 37
20 34 14
14 97 75
71 81 90
19 35 51
30 57 59
31 65 54
86 46 52
17 39 66
21 59 71
11 57 78
61 69 88
84 17 75
25 47 69
83 64 3
46 93 97
54 5 60
87 94 61
30 2 91
86 90 49
98 50 67
42 9 45
49 16 72
91 53 38
92 11 54
41 30 36
46 8 19
83 62 37
88 51 15
97 42 89
78 69 85
73 7 88
5 58 5
89 49 94
86 81 39
65 39 37
14 24 31
30 77 83
74 3 48
84 1 92
37 7 4
2 51 66
68 83 4
19 2 51
98 14 53
85 83 72
61 16 95
81 37 63
58 73 84
20 16 39
71 68 57
17 39 19
46 45 66
59 85 55
4 91 56
38 12 4
10 45 8
9 39 96
75 91 19
54 14 31
50 30 38
43 3 97
57 81 83
58 88 43
12 25 29
77 79 7
14 96 80
35 82 12
13 85 40
49 94 40
17 39 3
46 51 69
66 41 46
51 37 2
54 97 85
2 84 67
87 96 54
87 73 17
4 34 3
47 69 54
64 69 59
86 15 21
69 48 38
68 35 65
18 27 83
99 26 51
95 35 55
15 10 87
2 85 72
78 40 11
79 33 49
68 11 22
96 66 84
56 77 76
68 74 57
58 57 97
77 25 62
73 88 37
5 8 84
34 91 24
45 99 83
57 76 68
14 5 49
15 68 44
11 98 8
96 50 52
34 22 23
14 94 4
21 89 58
28 51 74
69 22 61
58 91 60
32 7 47
46 60 73
10 15 20
37 49 76
45 19 75
14 43 57
16 51 14
30 0 93
20 5 92
39 49 46
49 13 54
92 69 61
22 36 50
69 50 81
86 15 5
39 89 23
5 21 49
98 18 83
24 64 85
45 31 96
33 74 24
7 34 25
9 76 64
35 41 27
50 29 96
6 40 98
47 72 3
41 94 12
64 92 2
31 13 30
3 2 15
61 34 36
73 17 40
15 82 46
59 93 94
13 63 19
15 7 81
30 64 77
92 74 3
8 32 84
59 25 60
83 53 89
94 24 75
20 94 87
52 56 7
15 47 69
58 66 32
55 31 70
51 29 24
89 70 17
75 70 23
95 12 26
9 54 23
65 92 99
13 84 27
99 98 73
4 61 12
45 63 99
83 79 59
17 89 57
62 20 4
90 4 41
70 47 51
35 1 79
14 87 37
67 4 67
40 93 56
43 4 76
16 83 68
41 87 14
21 99 40
19 59 73
29 85 17
18 49 78
78 58 98
22 94 46
42 63 21
64 9 69
54 73 99
94 81 15
13 4 23
83 95 3
28 98 100
59 84 72
67 63 32
39 57 67
44 96 37
85 26 39
56 35 10
50 1 22
7 80 10
94 57 77
44 81 37
57 46 97
94 90 17
51 74 27
71 83 38
99 54 79
94 91 92
44 65 32
37 18 12
30 61 68
26 17 16
24 89 27
77 86 77
22 96 28
82 51 63
18 32 53
0 72 33
75 91 82
47 14 39
3 63 30
88 8 8
41 38 79
19 20 85
96 31 96
88 55 83
67 30 4
39 33 32
4 99 31
41 82 64
84 93 3
97 23 85
73 37 65
28 30 82
72 27 95
22 0 87
29 8 78
71 92 66
27 89 88
54 68 74
79 6 68
43 48 56
14 19 55
0 49 15
48 57 69
77 16 72
41 32 57
71 68 19
4 38 21
44 99 32
4 56 6
49 6 84
26 77 92
38 54 61
92 0 14
49 93 94
91 69 14
40 12 93
97 37 56
57 74 27
94 16 19
4 16 32
91 90 75
26 0 17
51 35 10
74 50 4
42 76 63
28 91 17
90 76 32
66 63 4
7 33 76
35 75 68
36 37 61
73 74 45
41 69 91
80 51 8
40 25 20
79 63 3
56 93 98
53 19 74
22 11 41
9 79 27
14 33 45
79 34 22
57 58 77
21 26 70
64 68 11
45 65 4
7 44 66
2 81 37
68 72 70
22 25 49
0 19 92
16 80 49
14 37 96
48 32 42
56 42 64
13 20 94
75 67 99
25 52 50
50 22 75
93 31 72
34 0 64
48 83 39
78 64 15
39 24 47
70 16 97
0 3 59
54 27 91
92 75 51
38 20 81
85 58 80
1 51 12
2 33 72
53 14 73
24 75 49
84 64 85
66 33 12
29 2 33
34 5 58
27 98 4
0 19 8
7 55 92
65 16 79
37 78 31
32 59 85
37 20 93
6 96 69
58 54 35
18 53 53
14 78 71
27 21 29
42 18 20
12 30 14
60 71 49
41 53 95
63 3 84
46 28 20
9 41 59
72 14 58
74 68 68
55 37 26
51 50 41
90 5 58
21 41 96
59 92 12
96 6 82
79 80 1
66 15 34
95 30 1
18 43 57
0 28 72
25 35 2
44 76 36
64 86 100
18 68 46
16 59 42
31 48 69
85 21 6
39 20 60
58 18 91
18 30 42
78 41 75
16 88 33
1 74 30
50 52 27
63 58 44
33 32 45
49 77 49
21 3 23
75 97 33
58 13 70
22 48 63
5 63 33
10 13 56
39 22 40
11 76 41
69 74 75
74 42 17
66 64 58
8 21 61
9 20 37
40 35 92
15 38 91
46 13 81
31 16 31
61 36 16
30 57 31
57 46 98
31 43 7
67 95 31
66 37 21
67 19 49
49 57 62
97 48 32
98 87 35
47 38 2
56 7 48
64 41 44
13 32 60
71 86 97
89 63 24
88 46 66
42 55 85
8 60 15
91 63 50
28 80 25
4 36 28
15 49 10
20 83 30
20 35 74
0 29 49
32 42 81
22 41 69
67 92 51
12 90 85
58 64 79
64 70 80
70 0 88
93 48 51
89 20 22
23 27 74
61 86 1
66 62 86
18 27 8
5 81 12
12 23 13
95 21 11
1 83 18
11 59 19
33 99 63
93 82 15
82 44 13
16 64 69
29 30 74
57 35 36
73 11 86
3 69 29
9 74 3
93 90 31
67 26 30
35 33 18
52 12 59
87 46 32
70 82 92
71 59 19
55 82 30
27 93 30
57 65 79
0 12 48
92 94 48
35 18 16
42 27 7
50 4 84
45 97 55
69 56 79
8 83 19
69 83 72
8 88 17
77 8 84
35 1 54
38 6 47
24 55 91
86 55 97
8 72 25
98 99 55
38 87 38
23 95 95
48 76 22
22 59 25
82 8 42
22 83 31
3 68 62
17 81 15
96 75 88
0 34 73
22 80 50
70 87 69
93 99 58
52 3 79
66 57 23
83 71 36
67 85 66
76 50 3
25 58 90
22 37 35
29 92 82
28 32 8
4 81 61
88 78 48
75 46 68
23 24 11
3 7 43
93 18 72
21 45 9
19 69 44
97 80 44
56 95 42
27 65 77
61 64 47
84 40 97
12 92 63
12 60 1
15 20 85
92 67 88
19 93 50
85 12 97
22 98 44
12 1 56
42 73 52
53 81 26
87 79 50
86 26 87
22 11 91
7 59 45
58 92 88
9 48 1
6 94 43
32 54 94
81 72 2
25 16 73
51 0 11
47 73 46
39 38 95
71 33 27
50 73 48
4 37 7
91 78 98
51 73 16
56 1 25
57 41 46
73 31 3
6 47 42
9 97 43
80 96 53
63 41 82
38 72 7
10 3 89
81 27 13
94 44 17
79 56 94
31 7 43
32 18 42
71 45 99
88 34 83
91 14 17
2 75 11
77 29 8
74 42 6
78 40 24
46 98 50
40 13 41
16 66 64
49 30 4
38 54 3
82 98 34
32 19 62
22 83 84
5 77 68
56 70 39
15 11 5
97 32 39
28 54 28
82 27 71
64 99 85
28 59 57
66 86 6
93 50 92
88 15 49
46 0 32
34 66 19
43 73 7
27 14 48
40 2 92
98 45 97
58 19 12
65 83 10
8 80 29
89 67 40
57 33 2
17 51 82
22 96 11
45 49 80
48 38 11
87 88 27
68 10 85
15 68 58
79 72 34
81 38 50
24 77 7
80 52 85
67 2 17
55 53 10
14 15 33
17 52 61
54 62 90
81 20 28
29 3 90
61 82 27
53 71 61
99 82 79
56 96 54
58 50 23
75 96 89
24 30 89
31 79 49
26 12 79
72 88 77
48 96 68
82 60 32
83 30 64
71 58 13
35 87 30
78 5 77
2 83 55
38 6 78
66 90 64
66 36 27
50 52 39
69 38 95
25 41 22
39 59 4
28 1 78
66 79 59
12 97 60
69 40 4
48 64 56
9 36 12
91 43 18
84 39 24
3 50 22
67 48 22
50 14 54
11 95 88
80 13 16
33 28 9
70 7 55
59 44 61
77 47 82
51 16 28
1 35 89
33 55 78
74 5 28
91 40 51
9 12 84
91 70 22
84 97 78
48 68 71
19 80 51
69 87 79
81 6 51
55 36 29
0 67 74
16 64 67
41 49 47
2 5 86
37 20 76
35 53 81
49 73 59
84 36 87
64 60 47
46 76 79
60 63 20
65 10 62
95 28 81
84 78 42
70 85 53
95 90 44
5 65 99
13 35 37
86 18 7
53 27 49
13 77 67
81 9 80
52 20 59
28 14 22
34 13 55
21 3 33
80 29 82
28 95 97
81 29 69
4 97 22
6 38 52
70 97 76
62 28 98
97 80 27
66 2 39
29 80 56
2 42 34
32 90 78
92 28 1
50 79 70
98 72 42
42 36 62
45 81 93
30 39 85
45 55 5
15 9 60
94 85 14
70 81 34
80 64 78
60 59 21
1 12 73
29 46 44
27 25 95
26 42 24
87 9 29
95 72 7
52 10 59
46 36 31
93 80 19
21 97 41
16 30 54
34 44 39
78 45 16
98 77 32
78 97 50
1 59 9
23 65 11
9 44 64
80 98 41
40 33 89
53 88 19
0 32 68
94 9 73
25 54 26
13 72 33
54 84 68
37 77 61
24 96 86
98 58 4
73 14 7
48 69 86
56 45 8
36 51 42
16 55 98
19 57 56
80 53 76
41 59 87
19 71 66
89 51 27
9 38 12
16 85 49
63 97 82
41 23 53
21 9 6
10 67 62
58 69 33
13 72 17
93 22 89
97 30 75
41 46 63
45 73 33
99 4 45
72 1 59
6 48 23
87 73 51
26 38 62
37 12 96
41 37 58
37 68 42
7 26 93
72 99 26
82 57 51
57 50 69
34 52 83
96 1 64
56 55 75
61 73 24
95 40 11
28 15 16
81 15 31
50 32 21
3 84 51
76 6 60
27 63 4
51 23 2
67 52 27
84 95 43
59 61 87
19 27 33
72 52 22
7 21 18
21 36 19
59 42 8
64 5 94
70 40 24
28 98 89
11 15 8
73 17 91
85 60 70
52 83 67
12 16 67
60 40 76
82 45 16
62 64 21
95 85 9
33 40 50
64 39 36
43 94 89
90 83 47
63 85 25
83 15 4
89 47 73
19 77 92
30 90 57
14 50 67
91 51 84
74 23 50
62 45 2
98 57 18
69 40 61
51 53 69
62 49 93
38 9 10
97 75 88
50 46 99
89 22 64
17 28 86
33 75 55
4 23 76
71 82 89
24 6 74
25 92 64
74 34 17
3 62 50
74 31 70
92 18 91
66 9 92
70 69 88
41 18 30
39 52 6
13 61 78
43 85 78
33 27 19
43 88 78
95 19 88
98 49 26
29 88 3
25 40 57
66 82 97
72 83 28
91 2 87
39 71 41
11 50 38
40 93 2
42 32 77
17 87 57
56 93 88
97 71 7
70 86 77
78 95 81
55 37 91
47 21 47
26 56 21
94 21 1
64 46 99
76 36 69
6 53 89
73 17 55
5 82 60
56 36 46
94 64 21
22 38 78
58 31 20
29 75 19
64 34 78
62 69 25
16 13 73
5 68 97
22 62 36
48 84 76
96 1 82
86 51 3
54 61 38
10 29 9
5 86 70
81 85 48
70 65 12
42 5 90
59 47 31
71 98 12
41 85 66
94 13 63
48 97 29
13 6 39
57 52 47
98 95 93
84 52 78
82 18 5
4 80 24
25 69 95
61 92 91
0 99 32
73 90 15
91 50 12
18 55 50
79 5 30
75 60 8
90 55 85
40 46 75
14 75 71
28 34 78
40 54 83
71 72 42
4 17 81
33 54 28
65 63 63
82 57 50
66 4 56
11 15 11
70 19 20
2 67 7
44 29 30
91 1 72
86 85 13
86 64 42
34 10 50
46 52 71
29 76 48
44 11 34
50 7 76
31 91 79
95 39 73
42 56 56
89 41 5
6 52 94
22 41 96
47 83 40
86 53 81
26 33 77
65 61 80
76 12 42
74 15 25
69 79 2
10 48 36
71 15 19
21 36 68
82 63 23
92 60 95
56 33 67
62 97 65
23 84 88
82 37 83
62 12 74
33 71 19
87 83 83
64 66 68
92 21 19
36 34 68
57 33 52
94 21 93
36 25 58
0 10 47
66 78 57
43 41 65
48 5 48
63 89 99
98 34 25
12 90 80
27 56 84
44 22 78
66 60 18
84 31 33
51 5 56
2 82 70
84 2 40
96 47 26
85 68 56
62 46 56
68 21 3
13 95 61
85 57 43
8 76 71
74 11 97
95 83 23
87 11 73
6 27 60
31 79 2
70 12 86
23 44 56
60 27 33
12 92 97
35 91 100
38 41 50
85 50 84
70 18 33
40 61 15
2 94 88
91 38 37
11 33 36
37 83 27
53 60 53
17 47 72
99 8 20
51 13 40
97 30 70
50 32 1
97 22 19
68 3 44
63 7 58
14 67 66
73 12 27
91 34 91
53 61 30
85 72 11
89 53 61
2 42 96
80 2 41
41 83 4
77 76 47
98 45 49
70 47 12
65 44 28
93 61 78
57 53 43
66 43 47
30 37 84
58 34 88
36 69 18
73 32 81
14 57 26
93 85 30
3 22 72
88 46 35
7 22 20
71 98 88
57 66 40
56 99 91
44 89 66
39 35 55
96 0 13
25 51 92
8 42 73
32 98 50
40 6 91
37 51 58
72 95 69
55 14 67
78 86 99
10 55 35
71 4 78
40 87 6
51 42 44
3 18 1
91 84 48
72 4 99
89 86 93
52 75 15
6 44 97
34 7 48
74 29 98
73 82 43
70 65 48
59 33 6
1 65 50
80 65 38
27 9 51
70 19 17
75 98 55
15 33 59
52 31 33
93 97 47
19 45 70
85 96 51
25 64 82
21 93 50
14 21 18
54 97 73
4 86 77
52 4 95
37 98 17
58 67 86
98 35 38
89 97 99
29 14 45
11 59 84
6 31 72
75 7 1
34 78 1
42 5 76
14 75 46
55 15 26
59 50 95
8 98 87
38 11 21
11 35 100
50 55 13
31 16 100
41 56 54
7 82 10
43 96 26
72 92 84
54 22 22
35 87 62
40 14 81
46 34 21
80 69 9
16 72 98
78 11 11
26 59 23
98 42 87
29 86 94
79 92 5
37 5 84
13 18 88
51 70 91
87 20 63
38 84 3
26 41 45
81 58 98
82 41 30
49 35 27
4 6 41
81 36 88
52 40 22
40 74 42
43 5 34
83 61 89
58 68 7
65 40 60
23 15 9
6 78 42
55 8 22
15 44 63
88 34 23
39 41 71
28 55 27
19 57 89
4 14 94
94 13 28
64 46 11
5 94 59
26 67 68
60 98 17
50 2 28
98 41 9
72 82 42
56 92 23
53 64 5
84 82 29
16 76 43
59 84 62
8 16 100
34 18 55
28 21 99
57 22 75
16 92 55
29 96 40
19 5 10
5 14 53
77 24 4
56 64 15
76 20 73
76 9 58
75 35 31
61 65 55
78 2 74
39 57 10
59 37 89
85 31 56
32 34 26
0 61 71
33 7 83
14 15 100
7 56 18
19 91 99
24 95 9
79 51 59
80 14 63
97 45 48
57 30 81
46 91 59
11 71 31
21 79 85
32 68 80
6 11 14
83 38 15
39 67 94
68 93 31
60 38 65
76 86 30
57 45 65
78 89 90
82 0 94
21 56 89
67 51 73
46 62 59
59 19 11
36 31 64
15 65 56
15 4 35
91 41 34
63 80 12
2 11 57
45 99 79
3 58 21
23 81 48
70 96 61
56 65 48
82 19 46
21 75 52
0 74 18
11 78 96
34 61 73
40 72 91
35 61 14
42 68 85
17 8 66
98 20 97
11 4 2
30 12 9
61 97 41
73 97 61
88 35 51
28 15 98
79 75 93
41 95 34
74 18 95
14 66 79
77 84 9
42 25 15
85 63 56
70 13 64
75 8 83
65 92 86
87 41 82
64 95 46
19 2 59
49 77 30
31 30 71
79 52 87
49 61 84
63 58 57
74 55 51
71 77 53
33 63 90
1 65 57
25 94 91
78 53 13
21 9 75
65 82 74
40 47 43
13 16 48
51 82 60
14 34 42
85 72 92
55 23 58
23 57 4
53 69 17
94 84 36
1 76 28
87 11 80
22 47 12
26 39 97
17 97 37
4 65 31
93 75 61
32 85 61
70 24 16
26 40 90
72 14 8
80 48 37
36 13 64
45 55 52
43 35 41
50 24 49
49 20 84
46 42 2
48 52 99
86 22 71
83 10 14
52 82 97
65 13 49
59 69 68
61 35 92
2 32 13
55 29 5
2 15 95
86 52 11
42 90 19
72 30 6
74 47 22
49 14 73
82 85 53
57 26 30
36 96 99
44 23 17
56 89 38
7 84 64
76 37 32
27 16 65
80 96 33
33 42 7
31 3 87
8 40 20
29 19 49
60 64 81
45 17 73
85 57 2
94 73 64
2 55 25
42 70 19
16 45 95
35 15 34
51 15 64
83 25 39
76 61 8
21 32 65
50 53 7
72 75 27
92 57 9
55 66 56
74 87 83
20 86 62
2 66 93
69 62 65
70 24 57
78 62 91
59 89 94
91 99 73
64 47 100
6 76 28
73 21 27
70 11 70
26 72 72
46 61 88
20 62 88
99 36 80
23 28 88
13 58 25
89 49 3
34 21 40
75 99 79
94 57 48
10 2 30
72 7 42
22 4 94
95 0 18
79 28 73
14 78 17
36 32 97
12 59 11
51 20 57
91 81 66
62 83 73
15 31 54
82 19 40
92 78 78
46 84 76
90 75 17
82 18 41
23 64 64
65 60 92
80 12 20
97 14 100
1 31 87
5 55 33
85 52 13
10 48 14
69 2 96
79 75 92
34 1 25
69 28 11
47 4 81
50 94 85
25 75 82
29 85 64
86 12 7
37 11 90
38 20 41
85 21 72
98 51 54
92 97 31
18 36 28
42 56 76
26 72 11
93 0 30
97 24 30
19 2 24
14 59 22
64 37 20
75 45 27
0 2 41
5 68 34
17 85 2
27 11 58
98 69 40
6 88 10
13 78 78
41 96 97
53 81 61
20 53 90
32 38 18
71 70 92
47 5 85
1 86 67
13 49 99
71 56 75
25 46 74
87 58 24
89 13 27
96 97 62
48 19 13
59 39 14
42 33 60
82 20 42
16 21 74
56 79 92
28 0 1
36 13 7
82 25 31
58 38 32
82 60 75
9 33 56
32 31 16
1 23 50
43 91 33
31 24 12
7 93 48
88 93 83
20 89 69
53 83 72
2 29 13
92 51 13
83 41 3
31 65 37
49 48 49
7 40 78
66 42 45
53 89 4
36 85 100
25 73 38
57 26 25
68 78 92
25 66 67
74 48 95
5 78 76
29 79 41
74 46 63
25 31 36
62 33 59
41 89 55
21 36 39
33 35 2
49 67 23
37 97 57
95 83 44
27 66 40
59 6 75
52 8 9
19 34 61
7 45 44
0 52 39
19 8 41
4 76 99
11 8 47
63 30 68
62 7 42
62 78 79
94 8 58
51 58 55
21 51 54
18 97 84
10 71 74
42 29 37
96 10 33
39 0 59
25 30 100
86 70 43
15 99 85
5 61 86
82 78 48
43 38 20
94 7 59
63 34 24
84 86 90
44 76 83
59 57 53
80 61 81
71 96 87
37 75 54
99 0 89
29 84 51
69 46 51
76 77 52
40 32 13
17 42 41
45 54 85
41 32 69
65 97 6
14 7 66
71 13 97
27 80 51
96 84 19
41 30 30
99 45 46
92 34 100
27 18 10
13 45 18
36 98 27
60 12 15
70 7 22
53 83 34
1 33 72
63 42 97
54 68 16
55 35 61
16 86 10
86 85 6
87 21 17
88 25 96
87 63 36
89 4 41
9 35 62
79 61 71
71 36 78
83 19 45
84 42 46
86 40 29
25 61 51
86 80 29
17 68 12
9 82 42
52 67 75
81 86 83
46 74 93
13 35 37
29 16 27
37 65 85
31 23 73
1 50 29
21 43 68
96 68 93
23 7 66
93 32 65
49 76 75
53 50 88
33 45 99
27 63 24
33 84 4
13 68 14
59 65 59
4 34 28
98 57 3
54 48 84
14 26 50
68 14 8
75 13 32
7 98 83
37 28 25
26 59 21
31 13 7
4 52 33
87 18 18
78 24 31
4 65 11
80 8 74
76 75 51
96 72 47
40 87 52
76 98 62
15 82 99
90 69 47
81 67 51
31 52 70
75 0 19
35 72 90
52 46 26
33 91 88
81 82 71
12 88 65
79 13 22
93 32 48
97 29 36
8 34 11
49 33 97
7 4 13
93 83 51
0 82 90
74 79 82
83 10 97
90 48 89
32 38 91
75 95 28
72 73 37
75 97 51
45 75 1
72 12 34
85 50 89
13 33 21
16 41 30
5 63 25
6 0 89
45 73 34
32 97 57
0 15 75
75 31 97
48 22 22
21 35 51
64 15 52
18 24 67
88 75 35
89 14 18
87 74 8
94 23 47
48 32 56
0 63 73
74 91 69
89 8 18
99 96 12
99 61 23
55 4 4
23 27 12
67 90 47
21 47 98
9 43 54
89 22 33
13 75 90
31 85 91
23 9 15
21 0 47
41 56 88
11 37 64
