44 67 74
10 90 91
54 62 20
25 2 38
74 94 87
36 9 67
25 17 62
11 86 46
17 96 63
24 60 73
1 84 64
11 66 36
82 98 18
8 34 95
90 33 11
36 64 56
76 61 88
91 88 58
37 53 26
10 79 80
72 39 29
39 37 7
10 50 58
20 24 59
62 15 34
87 39 67
88 39 81
57 75 73
78 52 2
47 22 15
60 44 74
17 8 66
2 62 51
28 67 62
64 9 86
48 74 84
76 16 87
47 51 21
62 98 88
87 57 3
44 70 52
53 9 8
71 15 53
12 43 6
38 55 79
95 18 49
79 78 98
83 55 67
77 69 34
8 43 74
25 36 77
2 66 9
48 51 15
24 35 65
0 17 9
62 42 22
34 30 82
16 39 96
41 7 54
25 34 92
89 77 22
60 18 68
88 55 11
31 61 58
28 18 19
75 74 53
54 4 56
99 21 75
62 4 2
53 69 34
53 93 13
19 75 92
62 1 55
3 43 99
56 21 86
25 64 67
28 11 9
67 72 88
22 90 54
86 12 78
95 24 41
91 18 57
25 16 98
87 20 73
58 8 16
73 45 42
43 40 19
22 87 12
10 57 70
29 26 58
8 73 75
55 88 58
17 38 15
3 22 43
49 38 49
18 84 69
84 91 100
91 94 99
11 67 19
57 67 100
77 83 53
63 10 97
46 78 52
25 97 71
14 78 94
93 18 58
82 23 17
51 1 42
73 43 76
5 69 36
76 41 100
92 99 5
52 18 61
20 58 33
97 27 47
98 37 86
34 32 61
36 41 81
8 18 33
17 40 25
28 78 37
87 46 99
72 19 91
70 54 2
31 14 76
11 95 22
90 59 18
3 42 94
25 37 6
50 48 84
73 22 9
3 2 23
53 47 12
92 40 70
55 23 51
98 76 94
21 8 48
77 51 47
74 90 33
87 56 8
19 73 9
18 88 40
18 33 48
69 49 59
57 27 65
70 96 39
23 31 75
5 96 2
34 6 93
21 85 88
60 36 90
56 90 3
64 48 70
14 76 17
22 98 23
85 31 10
17 33 67
45 25 85
44 36 43
24 5 92
32 95 85
42 55 9
99 27 13
29 48 10
71 12 8
73 23 45
85 31 55
34 26 8
42 57 84
96 53 4
90 59 29
47 60 90
50 95 7
74 54 37
64 25 68
29 79 3
29 9 21
48 97 95
36 15 3
2 15 24
16 46 99
47 79 10
21 86 96
29 11 40
75 2 97
24 40 48
45 86 90
87 64 46
31 55 90
45 29 93
30 13 2
11 27 52
55 18 54
57 51 62
37 91 8
57 85 28
84 38 4
95 89 88
23 8 99
57 6 53
19 84 46
34 93 55
96 90 51
10 83 62
32 49 81
18 56 18
4 11 22
18 44 37
8 54 10
18 57 12
33 32 40
92 89 3
96 47 14
94 9 92
82 94 70
19 73 5
2 86 90
5 40 94
43 72 42
14 46 55
77 42 42
77 39 53
40 18 88
81 99 29
96 72 87
59 46 9
68 37 85
0 52 81
59 79 98
81 91 30
38 57 41
10 60 28
85 26 37
34 13 34
21 5 87
90 95 17
75 79 21
61 15 65
37 45 29
81 49 39
71 98 18
98 57 79
62 2 63
95 51 77
66 63 61
51 89 4
86 42 62
5 98 61
91 16 93
99 71 16
36 30 98
37 59 54
80 19 49
93 82 21
67 10 88
14 96 36
59 77 78
60 63 95
29 21 37
30 17 95
26 97 94
95 40 79
76 35 27
49 66 59
85 84 39
80 22 52
92 40 58
90 45 3
81 1 83
42 37 18
52 91 52
78 93 16
73 53 57
3 38 12
7 55 71
63 78 54
42 49 93
76 27 49
78 41 17
67 80 30
48 65 58
25 94 92
39 95 70
26 15 63
24 82 8
90 58 26
29 5 13
17 58 99
76 50 93
41 78 81
64 83 8
50 84 33
33 11 77
99 46 15
73 27 73
25 4 70
29 98 98
97 89 12
27 86 98
68 47 37
21 51 27
65 63 77
25 17 71
95 76 16
76 28 84
15 95 82
79 73 8
83 72 85
6 63 66
91 58 92
44 80 2
38 89 14
47 64 77
28 36 68
85 83 74
72 15 25
52 90 59
78 52 75
24 35 44
16 32 11
55 65 98
69 24 63
17 44 86
48 5 49
43 63 91
47 99 79
26 33 4
48 13 81
15 69 25
17 14 99
87 64 25
0 47 31
96 82 72
30 99 31
88 69 89
22 5 28
7 6 74
67 33 63
43 63 90
63 87 51
81 91 24
75 20 44
3 48 13
35 42 67
89 22 100
78 57 19
59 1 69
78 12 61
81 89 76
26 40 12
83 51 82
75 60 66
34 75 70
25 88 41
2 50 98
29 87 54
47 14 95
20 65 91
48 78 73
2 7 3
88 59 24
44 85 25
79 81 10
68 67 39
91 78 90
6 99 99
37 41 22
5 50 11
64 34 39
63 20 8
13 96 1
59 43 86
18 6 93
32 72 44
34 75 18
86 34 45
25 18 97
31 11 43
89 97 18
64 30 66
89 28 36
73 18 40
98 20 62
71 19 81
8 26 14
4 34 85
99 22 10
51 28 67
44 74 97
62 80 3
69 42 88
28 95 70
72 75 21
92 74 71
56 91 32
83 80 51
5 31 95
53 49 95
57 62 22
48 23 78
37 90 71
42 97 52
55 88 66
38 10 15
36 61 7
26 15 41
60 35 64
36 88 81
27 24 45
56 54 58
83 61 9
62 49 88
31 6 57
58 49 43
71 68 53
48 19 22
55 79 45
42 8 91
6 73 67
43 53 48
6 16 91
79 6 85
11 87 80
1 2 79
48 94 81
9 34 17
17 56 60
31 97 25
91 98 55
38 83 58
19 11 7
98 5 44
37 82 65
61 19 24
89 45 19
90 52 14
33 69 7
50 43 20
78 63 10
27 53 13
64 88 31
76 82 51
47 17 68
59 18 10
16 68 82
15 79 31
59 65 63
74 28 18
83 89 40
54 89 15
94 3 56
90 11 24
49 57 95
17 51 15
19 0 94
85 54 89
88 59 11
67 21 61
24 31 21
8 41 90
89 90 40
66 18 38
97 71 1
94 21 3
89 61 36
85 51 35
72 35 9
39 60 6
93 74 99
4 41 52
51 40 60
8 63 96
99 19 41
16 99 31
43 98 14
31 89 57
74 78 36
94 3 92
26 67 64
36 6 91
93 40 55
12 11 89
74 80 66
7 37 4
97 9 55
27 72 81
69 14 14
6 94 60
57 23 24
80 3 13
80 71 39
22 41 57
78 13 32
86 0 69
35 66 24
38 96 78
8 39 49
21 5 16
46 26 28
72 55 21
71 76 98
36 37 69
9 72 8
51 45 74
84 31 100
17 57 43
94 55 59
57 43 55
84 48 90
54 51 60
39 35 16
70 93 2
69 0 39
97 43 52
32 14 23
32 78 83
15 9 89
88 0 14
48 91 51
22 14 91
68 39 22
12 60 62
78 26 6
97 66 5
1 17 93
21 29 55
29 83 65
19 36 16
73 27 55
49 68 90
7 57 29
13 15 71
14 47 96
92 27 18
40 61 45
46 93 2
11 50 11
4 75 62
34 36 18
47 39 29
45 66 51
63 96 73
32 10 20
78 55 11
34 2 86
50 44 27
7 13 24
68 5 53
72 42 51
8 28 43
98 3 87
67 43 89
65 17 25
4 94 53
95 4 83
60 19 82
94 57 43
48 37 75
96 92 29
36 83 2
30 11 5
47 66 9
64 52 22
66 88 56
77 31 44
10 35 11
77 95 47
19 5 36
25 34 26
99 83 71
58 17 100
35 68 84
42 99 52
95 81 75
23 92 41
52 10 97
29 52 57
79 39 53
90 63 84
44 39 68
68 16 88
27 23 14
18 97 23
87 65 7
10 22 46
90 36 64
66 62 73
15 30 15
22 15 68
25 59 52
54 57 77
69 66 87
62 33 7
3 17 1
50 63 3
9 79 64
17 36 70
25 85 75
21 84 55
42 48 45
45 63 48
72 62 31
87 65 1
24 0 30
67 53 99
56 15 29
84 32 51
31 68 53
14 29 97
80 36 20
87 67 94
73 53 27
87 68 38
1 57 6
45 16 34
83 24 45
87 2 9
84 91 13
99 51 37
29 20 61
0 24 19
28 83 21
16 68 68
33 5 28
22 53 61
20 71 68
1 75 89
35 3 90
61 34 66
74 91 55
80 41 1
79 42 96
3 29 70
22 96 35
35 24 98
23 6 90
32 51 94
49 44 77
77 44 29
23 60 30
55 18 81
14 79 70
63 86 22
23 34 20
41 23 84
23 39 40
38 78 66
68 44 100
25 12 84
68 95 18
74 96 82
51 40 42
35 70 58
43 25 75
45 40 81
8 72 65
96 30 92
64 73 83
86 47 35
12 53 96
95 74 48
12 91 66
73 10 53
90 43 17
27 31 43
20 89 38
48 91 22
99 80 31
73 93 43
59 50 51
89 46 80
68 93 48
86 7 18
31 99 82
46 79 41
21 39 5
29 54 82
44 60 76
30 6 33
93 33 39
67 93 30
64 28 69
75 59 56
29 87 95
76 7 7
43 42 82
10 0 1
62 23 56
62 1 8
13 35 67
11 88 93
43 4 20
57 47 61
95 92 53
0 63 31
24 19 97
2 78 7
59 69 68
24 29 1
9 90 95
17 52 21
73 81 61
66 24 72
15 29 56
78 11 7
36 37 84
93 46 69
40 28 83
60 40 19
37 24 81
8 83 76
98 83 23
98 56 25
90 89 57
94 16 23
71 84 80
86 90 80
2 9 93
90 61 68
0 51 31
28 42 32
93 0 67
45 1 7
80 70 9
80 82 5
38 75 67
88 25 24
58 86 40
93 46 1
71 8 70
35 34 90
45 71 86
98 14 73
71 48 2
48 88 55
42 1 69
47 13 29
21 36 63
92 95 25
84 22 3
44 36 6
8 63 66
14 6 68
62 22 69
19 60 20
24 30 92
25 74 41
64 39 36
83 47 96
82 40 51
91 84 90
42 9 85
92 12 87
74 1 82
15 77 6
27 76 89
47 94 47
26 33 52
73 50 66
60 71 75
13 94 90
24 37 2
79 72 32
29 14 70
77 54 96
94 35 38
15 69 12
2 7 52
23 78 50
11 86 95
40 1 1
31 42 100
84 18 37
66 84 65
31 32 54
70 34 40
36 42 8
67 16 99
89 44 78
66 92 42
98 85 84
69 28 31
62 32 61
89 35 1
12 5 42
47 18 50
33 20 37
11 49 98
95 49 99
95 7 11
38 37 62
73 42 77
82 21 96
68 60 63
80 49 19
57 40 42
11 87 83
29 88 91
65 87 50
0 7 44
74 18 63
18 63 23
27 16 50
86 99 16
76 44 56
61 38 84
47 54 95
27 23 79
43 17 95
50 56 84
69 79 62
35 89 94
44 19 50
19 61 50
26 19 60
16 0 72
41 99 59
80 58 31
3 91 63
16 29 91
81 93 4
77 65 69
74 95 2
56 32 52
64 6 4
99 78 25
13 87 10
3 44 95
5 46 38
20 70 43
70 40 81
37 96 26
1 58 77
26 64 41
42 38 50
81 97 11
22 13 15
2 18 65
96 68 30
16 42 6
83 60 4
64 30 68
36 54 43
49 95 20
44 9 88
63 75 60
77 61 76
5 18 6
61 53 77
86 17 39
7 10 36
24 12 100
56 5 6
14 68 16
32 35 70
76 46 74
38 14 93
60 75 32
9 57 83
24 96 62
31 66 89
99 50 47
30 24 90
24 86 45
62 31 100
99 10 100
43 65 40
39 66 57
64 75 76
8 74 4
18 42 77
62 58 47
25 65 29
6 99 55
33 29 37
66 3 70
88 68 58
78 5 62
18 14 64
73 31 63
48 30 38
35 68 74
43 81 68
38 19 52
64 49 90
23 43 20
32 58 56
62 6 41
12 14 6
25 67 62
59 41 45
79 39 22
87 7 45
64 40 30
55 57 10
12 54 75
93 67 25
82 34 66
93 80 6
55 70 53
18 8 91
92 55 96
88 40 74
20 18 59
73 33 80
89 62 68
20 77 41
94 48 6
55 14 51
29 54 53
69 31 99
61 24 1
35 61 90
7 73 41
55 83 78
55 31 48
7 15 8
52 32 40
58 10 65
87 77 32
81 60 13
21 60 76
50 15 91
51 61 49
16 72 17
44 16 31
72 99 68
2 11 49
23 71 11
27 2 87
74 63 51
28 64 25
68 0 67
5 96 19
57 18 67
67 62 97
3 71 99
21 91 63
1 8 68
42 67 80
61 97 82
5 35 76
28 42 26
48 37 41
27 74 82
40 7 33
43 8 82
86 12 82
7 1 48
72 4 57
98 37 45
6 58 4
26 15 27
29 73 78
51 63 98
2 96 77
62 65 90
18 90 60
50 11 80
93 66 94
80 16 60
94 56 53
5 15 68
41 70 84
54 96 81
51 45 60
51 60 45
53 39 86
26 5 26
95 42 50
78 75 78
58 4 48
6 3 7
81 60 65
85 93 74
98 64 11
76 12 86
33 81 74
44 15 66
89 9 9
90 21 20
36 58 85
96 90 36
52 97 13
67 62 43
23 17 59
64 0 1
19 42 72
89 99 3
96 10 74
20 69 43
54 63 80
92 41 37
54 65 19
76 35 69
42 97 5
48 50 96
91 25 85
70 51 50
7 68 16
13 90 90
52 86 6
37 65 19
15 33 71
68 22 55
96 41 74
63 0 37
31 98 29
85 92 87
5 93 94
36 28 59
95 49 67
99 45 57
7 60 24
5 94 17
7 77 52
18 29 31
46 39 55
0 73 34
55 93 74
39 76 62
73 2 74
8 31 56
9 64 6
0 19 62
90 86 96
35 65 67
94 55 94
74 30 9
1 52 5
5 18 38
45 95 74
83 73 10
63 87 11
56 13 62
55 39 81
60 96 44
24 76 42
73 63 91
99 68 53
29 95 47
53 96 71
70 13 71
24 31 31
36 8 7
75 94 8
43 30 57
60 81 4
74 75 40
36 46 3
47 38 13
64 42 4
86 25 2
19 47 42
72 85 21
30 6 39
7 96 37
18 99 80
51 16 1
39 37 66
68 5 13
41 52 63
99 28 100
29 54 33
92 10 50
52 14 75
4 95 17
27 42 40
95 48 21
23 21 96
38 64 89
15 53 4
72 44 97
78 2 82
64 18 51
57 6 97
67 95 86
31 79 78
14 29 67
1 37 25
69 81 66
21 40 21
7 4 100
38 72 43
90 38 26
91 0 77
40 36 64
26 98 66
59 28 24
53 65 16
50 58 75
91 90 70
81 13 72
95 17 93
71 98 25
20 68 89
94 77 43
72 34 23
57 0 49
82 25 75
67 21 32
35 41 64
30 50 7
70 99 27
98 46 86
73 68 43
68 16 61
34 65 17
7 48 56
7 82 42
5 60 94
76 52 86
67 31 66
11 32 15
4 67 83
96 79 16
97 28 12
61 6 22
96 97 12
51 28 64
86 47 63
87 59 12
97 77 48
46 13 34
91 41 47
47 14 55
13 37 21
16 11 90
28 17 84
26 74 77
0 76 63
46 57 1
28 92 31
34 93 16
20 30 75
88 77 39
81 16 95
37 25 16
77 45 44
38 55 80
75 46 76
9 68 1
53 54 10
51 3 3
37 28 99
84 62 44
40 7 99
42 46 82
31 23 58
77 18 92
31 1 92
58 4 89
99 83 28
17 70 38
99 83 21
94 54 96
61 73 16
67 12 39
33 31 57
19 56 57
6 44 64
61 44 70
71 83 22
65 14 7
17 40 47
56 51 45
57 8 40
50 74 100
10 33 1
77 9 56
88 59 55
49 93 11
23 52 92
84 17 39
15 54 85
68 23 43
4 61 4
50 4 34
72 31 45
3 94 97
7 77 44
19 95 36
31 26 44
19 11 3
70 43 31
26 70 93
33 95 62
68 19 74
5 24 86
17 23 14
43 29 22
85 98 55
64 84 87
77 9 9
13 42 27
99 91 42
50 56 82
54 85 47
81 80 42
73 8 36
33 66 16
28 34 49
69 95 32
9 90 38
28 27 83
80 39 82
64 96 25
63 91 41
94 74 1
97 14 43
39 75 24
59 28 44
62 67 54
7 57 93
22 10 96
18 48 97
17 67 91
53 48 64
90 22 45
57 93 29
44 91 76
86 79 91
82 75 68
1 65 49
56 80 21
60 49 7
99 97 13
32 17 90
28 41 68
51 53 79
6 31 4
91 82 81
15 97 66
31 54 44
93 54 29
92 13 90
58 27 76
69 85 94
23 43 29
16 47 12
20 61 5
34 47 91
12 78 15
58 59 37
80 13 58
57 72 65
57 66 23
4 72 12
99 20 1
16 32 27
85 78 15
75 95 68
96 35 91
5 32 8
30 34 56
7 89 54
40 4 28
38 5 43
19 31 76
60 9 16
27 49 25
96 6 16
42 93 50
7 42 12
66 23 95
64 60 93
57 34 30
21 17 87
11 33 83
69 80 50
58 65 76
57 70 6
12 85 3
22 84 83
6 82 100
67 4 39
67 93 55
68 14 3
72 13 92
93 19 78
38 76 72
81 22 57
35 97 14
42 70 55
27 71 62
60 43 87
84 25 57
10 95 97
3 31 96
76 55 59
65 71 27
36 87 85
50 72 50
40 48 78
40 83 57
48 47 16
31 68 3
21 15 72
68 84 62
52 24 87
97 47 69
23 87 2
83 5 98
51 9 80
66 18 66
22 65 52
4 9 88
25 45 58
7 40 10
77 0 51
39 69 35
61 56 66
93 4 87
17 88 95
32 0 91
17 56 30
79 21 93
20 45 11
86 30 51
84 14 76
6 16 87
89 75 25
49 97 66
3 9 40
39 56 86
16 84 20
59 72 20
70 83 27
20 13 29
59 38 57
75 2 39
50 83 32
58 67 61
72 39 77
12 8 31
36 88 72
49 35 20
38 55 86
42 13 42
13 68 42
33 0 26
95 29 10
98 94 65
72 80 77
97 15 24
4 61 18
37 86 45
85 96 61
88 52 69
24 14 76
86 3 66
95 30 33
37 44 50
99 85 82
16 98 47
14 89 63
0 64 1
27 14 83
97 25 54
21 33 16
42 37 22
30 19 92
52 6 6
75 74 47
4 75 11
50 47 64
15 82 75
65 33 4
34 53 56
34 0 6
81 61 59
18 19 14
67 26 67
6 38 16
93 6 96
82 98 93
62 33 37
81 29 24
61 91 97
66 1 19
52 47 65
68 97 71
37 49 10
97 84 99
23 70 25
95 29 90
6 41 88
57 53 80
43 4 48
49 85 38
68 46 25
85 54 72
96 70 79
97 21 89
86 52 50
6 89 88
97 90 4
79 0 58
22 87 23
78 58 100
85 59 69
85 6 38
36 14 3
25 24 75
15 78 78
6 11 20
28 15 2
31 18 88
72 31 51
90 16 11
32 19 67
35 80 1
68 72 61
45 15 92
68 43 96
89 72 23
45 83 60
49 3 98
22 82 5
19 54 52
50 12 38
83 22 46
61 23 97
10 56 45
24 44 86
5 37 16
66 78 17
64 88 74
84 95 32
78 46 24
6 91 25
75 71 82
77 45 44
93 8 51
87 83 22
29 84 97
4 61 58
72 43 42
63 38 30
87 61 54
62 81 58
77 86 37
23 51 35
92 22 15
81 50 10
93 40 82
37 39 99
78 16 87
55 51 2
5 8 52
20 37 91
32 0 31
28 43 15
47 65 94
85 19 80
52 43 49
95 8 100
10 85 41
31 62 36
44 70 26
38 4 85
56 65 74
95 57 91
28 51 56
27 89 65
44 74 78
79 68 99
27 31 95
54 53 52
75 31 11
66 11 47
2 70 5
44 70 50
87 44 32
54 10 64
62 45 57
74 20 60
55 39 13
57 55 22
50 86 73
64 65 65
23 6 54
52 15 38
73 11 40
97 59 12
91 98 83
90 76 59
3 90 67
81 62 73
60 47 88
34 27 58
3 25 20
77 0 57
60 40 59
93 94 12
25 94 41
62 60 69
91 52 33
71 37 22
46 41 7
98 51 39
27 51 35
96 78 64
76 1 95
68 79 91
48 40 2
60 44 3
1 58 94
3 12 18
72 29 63
32 52 39
40 26 53
33 93 28
50 35 78
36 87 98
30 15 69
94 47 100
43 28 73
49 72 19
75 41 60
85 93 5
7 53 45
2 30 97
69 63 64
14 95 56
54 68 19
20 30 16
87 89 58
40 9 74
9 94 2
88 66 45
27 38 23
50 0 39
76 58 5
59 98 30
41 11 55
24 75 49
11 32 17
85 81 55
40 17 16
56 5 68
22 18 97
50 42 50
52 39 17
18 92 78
59 10 6
17 53 74
82 20 60
73 87 8
57 99 3
90 23 79
80 32 94
24 9 60
46 5 72
7 45 82
21 90 78
82 77 41
10 92 15
36 17 11
28 87 13
3 61 4
80 85 95
85 36 46
5 90 76
56 2 13
63 45 38
85 5 98
89 76 2
89 19 84
37 63 8
37 54 17
44 18 65
73 91 54
28 1 14
74 68 5
53 85 51
82 15 83
31 23 26
46 18 3
50 88 85
11 94 28
81 72 94
99 10 59
93 11 66
71 48 55
94 72 99
70 19 40
0 60 61
94 7 13
1 45 85
42 45 70
77 83 52
35 4 15
20 33 36
34 5 6
80 1 47
7 84 8
56 40 29
49 76 94
2 13 55
91 79 27
73 25 26
74 48 85
25 89 15
90 36 51
75 18 55
64 48 6
25 89 59
10 50 91
98 13 8
92 60 58
41 49 67
3 8 77
56 19 10
79 42 7
21 9 11
39 37 96
64 59 39
44 12 93
42 46 61
25 53 54
51 56 79
26 18 88
94 66 86
41 59 97
79 56 54
13 31 76
58 3 31
77 52 82
2 22 87
90 92 44
32 72 5
17 43 95
39 92 98
38 42 34
69 89 61
54 76 57
84 86 97
72 30 100
34 66 82
53 36 66
0 85 17
49 70 41
28 29 48
95 10 22
64 23 17
74 42 55
86 40 85
4 53 26
64 93 93
72 89 44
53 45 11
36 41 61
78 3 6
33 47 41
26 87 18
83 44 47
74 97 36
12 16 31
78 15 24
50 30 20
52 18 57
22 31 89
19 30 24
36 53 50
3 83 69
60 45 91
12 21 63
35 4 36
83 18 27
33 85 16
13 35 18
98 70 42
35 89 60
61 29 3
1 27 4
99 8 66
27 57 50
3 91 60
87 34 92
19 71 49
92 79 74
41 21 76
93 78 27
87 38 58
69 12 12
35 21 83
20 19 55
66 31 90
39 86 72
84 42 39
43 41 50
30 27 67
77 38 44
16 12 14
41 50 91
47 66 24
2 54 91
69 72 17
54 96 82
96 74 46
25 78 35
29 13 66
14 7 2
76 31 10
59 28 19
68 64 51
36 6 96
80 64 84
43 71 44
99 90 18
38 18 84
16 7 71
45 36 28
73 30 38
76 57 48
4 82 49
63 76 97
10 75 10
96 6 70
31 93 53
49 9 67
2 32 9
3 57 54
95 56 4
47 44 11
31 32 19
11 26 32
98 58 10
72 36 29
60 10 20
74 6 57
52 86 31
85 94 54
74 97 19
67 26 49
98 39 94
65 24 71
65 21 29
7 53 36
96 66 9
65 56 51
44 77 72
77 57 42
33 43 58
80 77 99
1 37 11
48 89 80
20 4 42
72 2 92
48 64 24
56 43 14
53 46 8
17 81 38
75 76 38
29 21 33
69 95 69
71 98 52
9 98 1
19 22 41
55 33 40
35 25 93
36 93 28
53 72 81
65 49 42
14 0 29
20 15 70
20 84 17
24 8 64
14 42 65
70 86 12
66 26 73
28 76 44
98 14 93
73 53 22
57 26 81
64 24 2
82 17 16
20 55 93
94 92 27
37 92 63
81 84 26
25 30 10
82 73 11
49 75 56
90 1 46
67 37 83
24 75 73
41 66 42
53 79 95
0 20 79
61 68 2
68 71 49
14 81 5
10 12 14
61 78 46
59 1 4
5 81 29
91 39 18
87 2 5
81 39 76
78 99 90
75 22 4
15 79 9
7 48 13
72 86 11
70 67 97
65 18 86
98 1 63
65 49 54
27 35 3
34 49 5
94 18 13
9 27 71
50 51 84
88 2 8
63 91 48
67 13 42
53 27 38
35 2 64
10 91 90
66 85 56
54 32 50
54 2 10
50 24 17
17 57 44
25 80 34
88 13 8
61 89 29
82 45 90
28 29 28
91 66 8
1 50 73
90 64 30
70 20 16
63 40 34
9 27 76
72 96 76
81 52 7
45 43 44
76 4 12
91 4 3
81 63 65
16 62 33
35 6 2
15 94 22
33 44 54
27 93 88
80 55 75
58 94 9
95 35 11
36 20 67
65 25 60
13 50 56
63 9 45
68 1 32
16 32 57
25 6 29
43 63 100
50 83 23
87 44 33
95 50 58
30 29 38
50 80 76
34 54 33
65 36 2
54 22 71
56 67 37
63 38 29
90 93 86
15 78 88
67 51 8
31 6 64
80 0 48
1 39 70
46 1 27
81 92 33
68 88 100
16 14 72
67 1 61
79 50 100
34 90 82
67 64 92
63 76 54
89 68 49
21 64 67
20 90 73
36 33 22
6 99 24
27 53 62
79 82 71
70 2 44
89 75 15
41 88 40
42 11 46
1 98 77
41 71 8
96 88 25
53 52 69
17 80 36
53 18 67
15 62 18
36 71 68
76 78 28
52 67 5
10 47 15
54 49 14
89 0 89
25 39 98
26 54 69
47 94 45
53 61 5
7 83 26
15 16 14
23 73 78
8 38 75
8 40 86
7 56 92
26 14 17
86 49 11
48 2 86
48 17 48
53 89 82
79 93 85
61 4 27
40 89 76
32 3 51
66 99 51
18 23 27
66 0 76
45 28 15
21 81 34
97 23 19
77 96 80
28 60 50
75 39 100
10 59 71
17 48 70
84 80 67
51 50 13
13 5 45
6 51 79
86 5 68
9 23 93
84 33 76
45 21 22
94 91 38
30 60 89
3 47 84
26 82 5
20 0 69
40 31 10
1 29 83
36 51 62
5 3 5
58 60 62
24 99 63
92 66 35
59 96 27
66 32 36
21 54 7
38 88 38
37 80 47
41 57 35
10 35 1
22 26 90
33 58 72
44 52 22
89 77 7
30 10 30
77 76 87
24 66 67
10 63 53
0 15 1
17 23 88
24 39 81
44 16 50
74 33 49
43 31 82
43 5 53
61 13 21
96 30 81
95 60 18
62 69 17
13 48 4
15 83 24
59 57 12
45 72 36
34 35 29
13 16 55
4 15 63
61 82 2
94 72 11
44 10 80
91 90 7
14 0 28
21 33 12
78 56 58
50 71 88
10 27 48
17 12 68
7 49 47
83 84 54
13 62 41
20 48 55
63 97 88
85 89 30
8 79 14
36 32 29
99 7 17
83 27 39
82 72 1
73 21 20
89 18 18
30 31 56
65 53 69
39 0 47
84 75 55
91 51 78
44 25 8
5 34 31
88 84 63
19 89 87
31 76 94
13 91 25
88 40 82
30 93 7
19 90 10
43 9 24
94 33 65
25 14 46
94 54 15
54 45 15
71 11 32
35 8 5
54 68 75
49 41 51
21 27 21
70 5 86
92 78 63
97 3 59
4 61 24
39 98 40
81 54 59
72 46 57
70 24 63
3 10 53
69 73 39
14 11 61
7 10 81
89 42 91
29 75 19
76 18 77
84 4 54
32 76 42
28 82 99
37 23 88
79 40 74
62 51 52
73 46 53
65 76 84
72 23 19
27 39 95
67 42 45
17 13 11
39 0 87
14 66 22
17 25 39
28 2 28
73 37 99
6 71 34
65 75 96
15 40 69
20 33 54
26 46 86
66 91 18
19 27 34
53 61 46
21 80 40
24 48 94
74 21 45
46 55 24
86 9 47
33 84 14
78 0 31
19 74 27
71 43 50
81 54 65
65 24 67
16 45 13
80 91 63
64 43 13
26 11 100
94 45 51
47 81 20
7 76 96
62 24 44
66 41 74
34 44 56
8 21 43
91 84 25
39 13 7
78 28 50
12 32 31
59 79 55
64 99 84
91 51 60
62 28 82
52 23 59
8 78 76
65 24 86
53 84 41
85 2 99
39 48 9
86 28 77
40 16 28
76 83 54
83 12 23
13 20 62
98 24 91
66 11 27
96 82 63
36 52 56
26 45 21
81 87 62
78 4 66
50 25 75
76 84 4
9 50 84
59 54 40
53 60 44
54 65 74
15 72 57
25 28 49
82 39 59
18 9 31
87 70 92
10 15 19
2 82 75
32 25 88
28 33 62
15 18 59
97 88 33
86 68 36
43 62 47
4 36 54
18 13 95
59 11 20
5 72 38
65 28 96
7 39 27
53 20 48
13 21 92
51 36 22
60 16 21
19 48 33
54 3 49
78 91 89
71 6 53
91 54 41
1 98 35
51 98 68
74 47 95
69 54 85
84 16 80
39 75 35
37 98 62
29 75 80
88 25 27
30 90 55
69 31 68
47 54 25
69 38 27
85 84 21
78 19 93
89 83 48
4 13 37
18 69 19
38 26 61
74 97 25
81 57 91
34 25 58
81 17 68
10 78 40
7 45 45
26 95 73
22 93 81
3 57 5
1 27 72
28 51 72
71 98 70
58 57 45
35 80 38
30 75 85
44 14 48
55 68 20
10 70 83
16 41 13
25 45 79
99 8 26
5 85 54
71 36 23
86 66 38
79 18 88
66 71 19
62 16 45
64 57 62
67 9 35
77 92 56
28 11 24
68 15 99
41 99 29
36 33 17
95 84 36
5 55 89
18 34 92
11 62 9
99 22 33
13 55 59
99 30 63
82 18 32
75 67 87
74 45 58
41 54 83
18 28 44
23 39 22
47 18 24
58 93 94
63 43 23
7 60 95
25 93 70
86 56 16
64 17 26
16 40 81
63 48 26
1 17 83
87 99 14
75 14 100
39 58 20
98 97 94
41 76 52
45 71 48
64 18 31
53 31 22
95 56 58
63 21 29
80 83 98
68 56 2
35 49 71
60 90 34
90 85 50
3 75 42
29 97 24
16 75 16
93 92 67
55 38 15
18 86 55
44 28 1
64 4 27
77 63 54
75 64 45
68 88 91
54 34 23
16 20 54
80 57 10
28 18 28
23 5 57
13 61 43
17 59 53
4 47 75
12 41 68
39 33 14
74 50 63
27 63 9
93 33 15
78 85 47
54 49 88
80 95 81
29 4 80
89 57 79
74 4 45
93 25 74
99 27 28
1 9 23
48 9 13
1 23 68
60 10 28
9 56 41
99 88 49
92 6 19
83 88 12
40 32 98
46 0 31
28 7 28
31 65 89
90 77 36
9 63 40
79 61 92
24 23 9
0 16 36
60 25 35
96 74 59
85 93 26
34 56 73
58 54 99
12 67 62
66 37 71
79 49 75
19 31 33
99 34 34
21 76 80
32 94 34
15 28 25
92 63 21
71 65 38
93 28 65
74 68 34
30 36 95
74 58 90
49 51 16
42 69 74
0 95 86
50 79 91
41 13 68
55 35 33
56 90 66
92 93 90
9 80 47
13 60 47
44 13 81
39 59 67
7 18 24
17 77 68
78 19 35
14 89 99
69 87 79
74 32 40
55 31 83
17 98 64
78 90 57
80 26 3
71 63 22
47 16 13
13 97 44
26 81 78
67 47 28
64 30 82
98 59 38
89 0 93
0 13 92
84 78 61
46 25 25
41 99 49
64 25 48
24 44 32
85 97 6
15 41 59
64 96 35
6 0 55
43 19 55
82 87 80
45 21 16
52 48 74
53 42 16
19 32 32
51 10 16
22 55 15
67 19 65
57 24 33
99 11 72
20 82 49
31 20 39
2 82 4
41 93 97
12 44 68
32 35 52
28 66 26
80 91 29
81 22 66
9 47 41
15 36 9
6 70 48
41 0 57
7 77 3
86 64 31
12 29 55
76 68 72
47 1 14
46 14 62
58 77 93
77 40 28
38 3 46
67 86 10
28 38 24
35 3 90
67 16 20
48 84 95
10 48 54
30 45 17
4 34 46
55 53 30
42 90 89
25 44 50
40 28 23
33 72 90
8 96 20
43 12 10
85 17 26
75 64 73
41 73 6
82 10 65
41 43 9
61 32 14
69 79 94
59 5 73
11 7 98
37 96 83
36 11 25
12 21 42
21 20 82
24 74 76
60 49 48
28 7 84
0 1 62
73 70 38
18 72 100
25 10 87
33 29 100
38 47 73
7 8 32
93 92 27
36 6 82
68 8 12
78 69 35
79 77 20
23 18 30
57 6 83
80 69 51
93 12 9
76 1 91
77 55 84
55 2 42
86 93 80
23 80 99
18 92 40
84 69 4
66 53 99
35 51 55
20 40 2
56 70 61
31 94 66
20 39 47
37 90 82
46 5 14
48 11 96
27 11 75
15 86 7
52 7 82
8 96 74
86 13 79
23 56 58
47 86 20
60 0 91
19 97 26
57 8 99
76 96 52
53 11 38
37 93 96
37 22 34
62 26 54
18 48 29
50 36 18
10 74 79
70 8 20
35 45 84
98 71 77
0 11 44
35 3 32
93 72 45
97 80 98
40 18 1
60 19 65
88 31 1
29 92 33
73 99 96
91 63 13
5 8 63
66 63 22
24 57 45
55 44 58
42 61 76
19 98 89
82 53 30
51 26 51
65 37 99
57 61 86
31 17 54
11 41 18
61 67 98
37 52 27
75 53 6
61 63 89
31 95 86
55 83 25
62 88 83
36 70 97
77 82 49
15 49 62
81 83 60
41 29 59
63 7 52
33 91 24
24 78 8
87 71 74
82 64 85
31 3 67
11 17 32
54 88 70
29 55 47
39 60 60
37 53 16
11 17 78
10 78 33
64 62 33
56 80 71
30 55 25
11 63 92
92 52 77
82 64 12
29 79 7
80 29 17
12 68 81
73 40 30
38 61 55
55 95 24
56 79 54
19 85 100
89 96 62
50 18 64
50 57 63
50 84 68
7 42 67
84 6 39
19 64 43
63 60 64
44 65 54
45 99 86
77 75 100
96 68 20
27 38 11
19 47 54
44 26 90
20 27 93
24 14 51
16 0 54
27 85 7
19 18 69
35 24 50
18 35 41
4 62 56
52 60 92
43 13 53
3 76 15
39 63 96
0 61 24
87 91 51
34 97 28
45 49 54
12 19 98
78 16 51
83 82 81
73 15 88
38 98 5
14 26 88
51 19 12
47 27 28
18 25 43
62 46 41
31 84 39
9 84 40
92 58 19
36 14 41
15 95 22
47 40 65
66 14 62
10 81 47
31 40 22
5 41 10
48 0 15
90 97 7
78 30 5
0 3 14
27 93 78
25 95 36
7 18 54
25 79 85
84 87 87
16 77 27
77 45 33
90 98 19
59 96 9
92 11 8
77 22 29
94 28 40
57 77 50
77 58 55
24 41 79
79 45 73
53 85 8
65 58 76
92 12 75
98 69 36
20 41 25
24 86 90
46 96 59
31 39 12
11 5 6
20 19 20
65 24 26
8 6 65
72 22 9
48 62 28
20 63 4
36 86 53
74 20 72
54 70 16
78 85 28
65 15 11
85 47 11
53 42 62
59 21 40
45 10 22
71 24 75
43 12 91
71 22 17
28 88 38
61 27 41
98 15 53
2 69 51
52 76 39
95 53 14
86 39 7
66 79 79
56 50 19
79 42 8
51 65 30
77 40 40
17 83 35
6 44 94
21 83 90
99 40 25
7 9 90
99 12 97
11 26 53
49 45 4
9 82 27
76 18 10
8 15 40
73 98 97
61 0 77
80 6 1
38 37 69
34 16 81
43 88 65
47 92 95
21 37 2
80 72 66
92 44 31
27 57 53
90 33 29
84 85 77
91 49 69
95 32 30
61 90 76
10 50 51
96 38 1
37 56 7
52 88 35
24 68 98
45 63 26
30 1 22
15 16 65
19 7 22
46 69 18
69 36 15
78 89 88
37 71 8
1 58 3
66 2 11
7 85 1
17 95 22
3 82 41
92 37 87
42 4 44
83 52 82
67 80 53
42 34 95
6 30 65
5 51 59
33 84 40
57 3 85
64 41 1
60 58 29
79 87 70
50 87 12
30 41 44
85 71 78
28 25 42
23 41 100
26 52 75
86 0 92
33 3 26
59 21 55
7 0 89
32 97 14
53 48 72
99 27 32
87 12 35
79 91 75
96 85 41
45 39 48
70 16 74
73 66 22
13 61 6
51 34 83
42 32 75
22 91 90
69 7 65
45 80 33
38 35 74
5 80 33
25 32 6
32 54 33
69 50 3
20 13 32
32 82 31
88 74 11
86 23 37
73 87 100
73 59 34
18 37 61
99 49 44
76 45 16
97 91 2
66 85 9
3 30 15
50 44 20
8 36 60
15 97 67
84 95 51
48 15 91
74 95 37
72 99 17
93 32 4
10 55 99
25 92 72
8 72 33
1 27 2
59 80 60
74 56 91
35 95 21
13 60 87
0 27 55
10 80 72
29 77 2
21 73 36
1 41 52
43 42 68
56 25 52
79 52 14
76 81 34
12 67 53
84 72 2
40 98 56
59 17 5
9 99 56
59 99 20
25 61 66
97 77 33
43 54 43
50 21 76
97 37 49
4 86 47
69 36 18
36 12 50
72 49 50
66 39 5
48 25 43
51 84 79
76 37 93
21 27 42
53 51 84
41 79 57
48 14 28
39 15 17
34 75 45
98 44 26
88 65 28
47 58 66
35 56 56
14 64 52
91 24 93
6 11 76
55 34 35
27 95 18
84 35 61
65 42 22
30 4 80
5 92 59
47 87 51
46 87 37
98 61 35
77 11 91
96 46 27
63 76 99
90 65 24
84 15 39
36 91 13
83 50 45
62 98 12
32 21 43
47 29 100
86 92 83
75 93 63
71 4 83
22 99 12
45 69 89
51 62 60
96 8 95
17 87 23
62 8 3
73 71 97
35 90 68
25 68 50
69 74 65
71 68 100
61 18 77
41 53 60
98 54 5
52 13 96
20 44 3
23 87 37
60 8 19
72 83 70
74 23 49
15 19 78
69 33 27
31 65 41
73 88 7
79 99 79
20 56 79
27 67 17
87 96 60
94 88 26
56 12 95
43 48 10
92 18 8
3 80 51
94 9 20
38 77 18
60 76 41
29 6 17
57 63 65
80 63 16
11 77 59
25 66 25
63 29 66
8 5 89
56 0 23
16 68 97
92 19 5
45 7 98
86 67 80
16 68 73
52 9 63
39 42 7
51 62 53
62 32 94
61 29 83
91 81 75
39 3 3
79 94 15
76 29 8
22 3 77
68 85 9
54 32 61
93 24 27
94 37 9
1 19 12
73 61 63
98 28 64
88 67 25
45 25 96
15 33 54
4 36 17
8 51 78
67 71 88
31 38 84
85 5 75
36 48 80
21 7 5
3 91 78
64 21 57
76 53 5
61 9 23
32 81 53
94 73 26
87 85 23
68 42 83
92 62 73
69 82 48
79 73 54
40 10 52
68 65 5
43 49 15
13 71 65
45 13 75
38 5 86
38 27 92
73 52 22
94 50 92
7 94 26
81 18 51
74 46 23
35 40 78
97 62 54
71 58 28
70 82 55
13 52 96
39 5 67
45 28 12
71 89 62
44 59 4
0 98 15
50 90 23
5 9 83
8 22 55
47 98 3
75 28 47
34 53 85
58 15 69
87 54 49
38 26 54
47 15 64
1 87 31
29 94 50
75 16 7
20 65 77
50 95 29
41 25 20
27 34 54
19 91 43
51 28 13
5 9 90
90 19 61
16 24 9
89 84 2
36 56 5
51 89 20
68 21 77
85 26 11
77 90 72
29 8 89
57 8 10
96 30 48
75 87 44
61 81 10
15 78 78
59 98 27
75 69 99
15 94 24
77 70 87
89 13 16
50 18 74
86 28 27
38 10 1
17 91 18
66 56 70
43 61 71
86 92 29
52 56 22
59 2 84
99 76 31
40 63 4
12 2 22
41 59 41
84 45 7
31 24 83
44 30 48
93 10 33
30 94 93
59 31 7
87 79 9
47 49 66
43 89 48
2 47 30
76 68 21
88 83 6
37 13 32
39 6 45
83 24 49
84 54 15
74 28 54
42 15 28
66 27 87
30 98 39
58 26 40
22 42 36
12 83 14
63 43 73
4 24 49
69 53 39
48 57 37
81 45 10
18 40 2
23 45 79
51 23 12
86 53 40
30 74 33
94 36 77
58 23 51
6 46 10
14 20 72
37 87 73
22 6 79
82 34 73
2 6 39
75 13 65
82 7 2
66 12 39
58 92 27
58 50 42
72 62 21
87 63 18
83 66 78
58 82 23
58 94 29
26 40 56
34 76 79
29 30 68
47 11 92
76 10 86
91 54 28
10 60 54
81 93 27
23 2 94
64 2 96
98 19 2
88 66 97
86 6 46
9 85 55
73 2 20
21 47 27
57 94 12
61 80 52
38 10 99
92 71 95
16 2 8
68 37 72
18 24 43
56 68 32
87 20 25
84 33 98
16 73 31
90 46 98
3 26 77
50 36 20
20 49 100
55 62 79
35 9 79
2 12 11
81 78 23
90 32 2
58 93 74
87 16 67
99 42 2
3 13 52
65 68 92
41 35 31
6 85 55
97 61 14
21 2 85
29 57 20
93 21 55
25 33 5
36 11 7
14 77 33
68 88 85
79 26 66
68 24 36
77 80 73
37 99 16
65 78 54
77 52 79
31 13 53
13 97 82
16 15 94
44 14 35
49 22 4
32 27 48
3 2 92
90 77 57
2 48 41
62 76 31
20 93 33
16 84 45
45 12 35
46 9 92
18 13 95
7 73 29
17 63 13
22 86 40
80 19 92
13 57 25
11 28 65
64 42 5
6 88 22
0 55 65
23 46 82
84 78 77
99 40 24
4 84 39
32 63 64
54 57 7
14 4 90
44 12 12
26 36 85
30 35 16
22 3 92
76 4 62
68 0 23
15 33 14
15 4 30
15 74 15
4 69 55
45 4 76
42 97 87
32 93 65
11 15 75
74 55 28
57 76 98
27 39 97
28 21 48
3 17 28
57 16 6
4 8 90
12 13 61
97 30 73
54 33 74
55 33 54
87 74 82
86 52 99
63 69 98
70 45 84
85 12 93
33 41 51
24 99 69
63 15 1
80 20 7
37 40 12
61 95 100
39 54 22
46 88 35
39 98 39
76 0 6
77 55 43
7 94 24
87 44 22
79 82 98
76 70 6
57 64 20
30 51 5
92 64 35
87 44 39
96 39 54
71 12 84
65 90 16
54 80 99
34 10 29
79 2 77
88 67 5
98 71 85
16 35 10
35 73 92
73 94 37
31 3 96
15 61 77
79 77 78
3 27 37
2 81 75
58 8 80
66 64 13
70 10 89
55 20 80
95 25 41
10 85 85
22 56 67
41 19 80
53 10 78
26 91 60
84 89 2
12 4 72
70 27 19
27 81 25
94 58 49
32 23 48
91 80 64
43 40 4
89 72 37
51 74 73
46 34 44
26 11 45
49 24 7
42 11 33
42 41 14
79 83 34
76 73 71
54 25 83
26 64 16
62 80 44
12 67 47
25 20 27
20 93 43
76 51 63
31 10 20
40 53 20
93 40 82
88 22 11
73 20 57
88 94 76
87 78 38
85 87 81
9 24 81
85 50 92
98 18 90
67 53 1
93 32 42
24 92 64
16 11 75
30 61 15
52 57 25
80 97 19
32 23 89
70 16 6
89 9 48
99 33 28
42 9 10
65 5 66
14 99 36
11 73 3
10 62 11
81 47 54
3 20 31
68 55 47
55 65 57
67 13 29
66 36 81
95 10 31
46 44 28
17 74 78
45 94 28
33 88 4
72 1 24
81 56 11
15 97 93
22 66 85
97 58 11
80 10 51
31 63 16
45 35 31
35 53 71
57 95 4
62 7 88
12 58 13
60 11 29
18 21 43
19 93 32
60 43 17
92 34 69
25 62 36
22 93 50
99 5 41
39 63 13
68 61 27
63 74 77
47 54 96
94 38 73
4 38 28
70 20 39
7 70 44
88 95 77
8 93 43
9 5 75
46 57 48
1 15 36
34 96 100
89 50 70
83 45 4
67 71 84
88 68 54
64 46 57
52 73 58
53 52 19
71 65 92
99 52 55
31 65 89
62 34 69
52 23 84
4 81 86
31 42 60
34 32 40
76 51 100
25 90 68
56 89 31
32 19 97
35 62 79
93 76 44
57 61 22
9 20 80
55 45 40
51 46 98
60 30 20
77 43 100
59 13 47
86 91 20
29 50 5
48 60 25
62 18 77
14 53 7
12 66 65
19 92 51
37 48 90
38 46 70
97 37 47
41 26 64
73 65 3
15 70 70
41 13 16
25 58 6
35 50 66
72 60 4
62 59 93
14 43 55
14 92 49
93 13 35
48 30 9
23 37 69
58 91 26
53 82 62
96 40 37
85 41 62
23 84 37
90 22 58
15 94 99
2 29 45
37 72 89
31 17 61
87 25 9
84 16 16
28 58 54
52 84 40
2 82 79
35 87 43
17 81 80
99 26 43
3 99 47
32 55 18
18 78 36
87 32 48
39 23 73
59 81 7
19 97 88
42 63 8
22 85 96
52 92 25
38 97 56
84 32 61
3 48 46
14 58 92
61 39 85
66 82 70
66 92 82
65 59 19
33 29 18
21 57 85
26 89 4
3 9 81
34 26 10
5 38 96
44 8 22
51 76 25
14 95 30
43 25 62
48 17 86
21 70 32
62 59 91
99 60 36
28 91 42
17 73 64
15 87 85
33 62 21
12 71 17
82 89 27
36 76 82
15 33 84
42 52 13
47 66 59
13 22 17
96 53 58
27 3 11
7 74 63
36 51 59
65 77 79
99 59 91
74 37 18
60 2 77
30 89 84
12 24 63
84 34 54
78 2 49
48 82 43
7 78 90
81 35 71
28 79 7
53 31 56
86 54 55
14 50 23
74 3 7
68 28 97
70 77 77
36 6 35
4 17 92
71 23 25
68 65 55
28 43 80
10 68 92
43 80 18
0 60 20
7 61 80
6 23 88
19 54 37
6 2 55
28 77 56
4 98 44
42 53 91
25 75 65
67 52 16
89 1 36
16 71 89
98 71 29
33 62 26
41 96 18
23 10 71
78 80 63
6 62 87
59 16 43
3 21 83
9 54 6
51 18 30
35 72 64
28 55 82
50 85 22
42 85 59
88 36 66
96 57 89
35 32 44
43 6 62
93 0 51
65 52 71
46 41 69
25 74 57
58 64 4
72 42 74
39 90 63
50 79 49
27 73 77
80 54 28
42 43 85
5 55 84
27 15 36
31 15 99
2 34 54
22 7 28
95 97 49
23 14 76
59 24 99
59 87 76
23 79 31
98 61 42
60 41 66
58 8 67
35 51 35
95 56 23
63 8 63
66 34 51
47 69 91
52 99 5
94 20 11
16 33 99
21 8 14
2 6 3
97 11 56
76 72 90
52 65 55
8 17 94
27 46 71
89 15 81
54 7 25
0 75 67
3 16 59
82 62 76
80 95 28
26 30 11
56 36 27
50 98 33
8 93 45
57 74 68
7 88 33
62 15 1
5 17 39
16 15 67
6 20 51
56 5 28
46 66 5
51 95 49
53 57 75
87 86 3
21 67 66
59 68 92
97 7 100
11 10 30
12 93 11
13 37 32
76 45 80
18 89 46
30 5 51
43 49 65
33 29 51
42 69 1
43 86 10
47 88 44
86 29 78
56 0 21
69 80 67
71 89 58
66 75 7
45 80 55
29 70 5
72 25 79
39 27 90
43 7 38
68 40 1
94 18 39
37 13 44
45 89 44
69 39 4
36 75 68
78 84 98
29 47 96
45 47 2
13 55 5
28 9 10
96 46 44
84 83 20
78 44 4
95 51 7
68 34 21
64 63 16
89 9 36
18 76 50
60 37 14
65 55 75
41 31 77
56 21 38
43 47 76
70 93 90
80 7 79
59 17 22
68 30 32
36 86 89
71 16 21
71 0 83
21 92 85
11 34 29
54 73 7
85 73 64
70 64 75
32 40 41
51 48 18
77 48 56
51 78 30
55 77 52
14 60 97
55 11 100
28 44 92
21 53 73
23 62 61
18 45 35
42 2 60
2 91 51
55 44 78
68 13 83
68 41 52
90 62 44
57 60 5
47 8 97
63 33 63
2 37 62
45 24 14
80 57 28
54 28 61
30 68 26
95 61 73
69 95 95
42 7 92
30 94 66
6 70 94
51 57 29
2 36 35
46 15 49
64 79 86
55 19 91
97 78 5
31 15 65
58 76 78
80 33 2
64 6 16
56 97 57
13 9 96
7 20 46
62 63 46
50 18 24
36 59 67
51 96 79
31 40 45
8 41 67
73 41 57
78 1 54
89 26 12
0 38 32
20 90 5
55 64 4
21 95 43
82 83 99
1 81 96
73 91 69
12 62 78
19 86 79
66 64 34
59 79 69
98 23 53
89 8 4
72 25 60
36 82 99
91 75 84
49 76 98
61 34 88
46 67 58
64 3 91
95 54 97
77 20 66
32 52 86
55 68 41
28 39 59
23 84 3
78 38 15
11 64 74
77 67 18
82 66 79
61 10 66
25 30 78
32 93 35
77 38 57
35 10 52
12 92 47
70 9 69
16 54 38
22 71 92
43 5 78
57 59 48
65 78 3
33 18 57
81 17 79
46 40 36
60 96 35
23 34 8
84 48 3
63 8 69
55 11 29
7 37 100
7 64 32
26 28 93
62 99 14
10 63 44
39 9 57
5 41 33
59 0 32
63 12 3
78 4 20
2 85 42
99 52 39
58 25 11
56 95 65
7 1 12
41 80 22
56 79 7
98 7 79
63 69 22
66 75 91
71 76 59
71 63 34
84 41 60
74 72 82
84 39 23
21 1 28
41 21 30
5 93 96
68 3 56
99 77 33
73 7 50
28 41 23
76 28 4
75 89 36
87 56 37
57 41 99
68 85 24
31 56 19
1 30 100
16 24 85
91 90 2
0 79 15
43 78 90
28 92 36
87 7 25
1 42 17
99 43 50
76 77 82
52 2 70
38 96 53
35 93 97
68 35 7
3 43 79
50 73 66
64 55 81
42 93 12
31 49 7
59 66 49
67 65 22
89 14 48
40 12 12
34 88 87
27 74 35
66 56 4
17 98 96
74 66 34
33 60 19
72 0 61
28 83 94
31 32 32
24 45 70
66 0 7
26 35 78
61 81 76
76 56 41
49 52 25
51 84 74
44 93 63
18 4 81
88 60 98
23 22 5
24 62 71
59 74 26
88 13 55
11 50 95
35 41 26
86 18 78
31 41 21
88 0 68
64 88 68
92 67 48
49 92 54
94 62 91
13 78 38
12 47 66
19 81 78
85 40 27
96 74 50
66 84 66
77 24 35
5 3 12
87 73 15
70 97 22
31 18 80
79 28 98
22 14 27
1 19 27
46 6 7
38 18 10
4 48 80
42 4 96
66 68 65
91 62 30
50 32 94
1 15 70
13 4 34
49 87 94
1 81 72
65 95 71
46 81 50
28 72 57
88 24 75
68 35 24
72 25 39
93 65 16
78 10 52
34 54 72
67 17 83
28 43 72
29 49 91
71 42 96
33 66 57
43 70 96
67 86 4
94 59 5
98 30 92
87 20 70
91 43 66
71 6 9
5 60 100
36 1 84
52 43 94
80 14 54
43 32 46
48 22 17
83 0 13
52 83 65
90 3 64
65 49 14
34 13 3
60 37 91
15 84 100
42 94 79
93 40 48
0 40 46
62 59 77
89 87 71
65 56 23
47 33 91
83 60 39
27 2 85
35 99 74
35 54 47
46 20 45
36 4 79
29 17 24
28 76 92
72 39 11
97 43 86
47 13 89
47 53 35
45 58 54
32 21 37
10 20 71
23 57 48
98 28 76
72 16 31
45 87 83
8 69 43
11 89 9
70 11 32
8 54 79
76 52 1
10 78 95
28 26 46
55 68 64
72 71 27
55 12 26
29 49 10
39 10 21
15 39 91
44 28 75
50 74 26
54 88 6
78 39 15
37 20 43
44 61 67
48 54 39
4 19 77
14 89 49
55 71 60
18 69 12
1 43 69
29 49 73
7 56 73
8 6 86
67 53 90
95 27 88
10 34 83
70 28 20
17 63 28
40 46 65
85 81 12
33 46 80
80 78 10
38 35 34
16 8 43
74 43 26
99 0 49
90 48 85
78 47 25
72 87 35
19 77 57
69 78 46
58 28 56
36 15 76
8 40 61
35 10 65
77 16 87
14 69 65
67 20 78
3 76 69
12 14 83
9 70 48
13 78 23
19 4 80
69 59 3
2 9 99
61 75 12
23 63 74
78 18 37
53 61 6
71 63 89
57 87 41
98 64 54
41 47 22
65 81 98
39 23 27
89 40 18
99 58 27
7 98 50
41 42 46
35 56 26
56 24 21
54 53 21
7 6 46
93 30 90
51 45 59
49 6 91
62 49 57
29 6 14
61 59 26
5 23 36
72 79 41
16 58 60
42 97 77
67 28 21
2 4 10
73 65 93
30 74 53
5 58 33
50 70 10
36 74 90
87 83 66
49 2 60
46 43 31
60 7 42
38 0 66
74 20 69
74 21 96
11 2 50
57 28 63
70 23 17
79 58 74
61 48 92
58 51 80
48 61 71
93 31 9
69 78 64
86 82 36
8 12 99
16 49 78
64 54 41
6 70 6
13 77 62
16 64 51
87 6 17
24 14 26
27 82 40
54 16 82
76 71 82
34 51 10
49 78 78
31 1 64
84 64 93
3 82 10
57 51 15
83 66 22
36 19 20
91 97 22
60 95 82
15 55 34
94 34 7
60 78 21
93 17 70
72 81 20
76 20 63
4 54 50
34 41 66
60 75 76
37 66 47
22 42 67
83 72 24
3 87 84
48 81 40
9 56 26
91 25 57
4 66 19
53 41 50
72 56 80
64 11 94
63 64 9
98 40 65
96 94 49
75 91 19
26 13 39
50 46 55
89 13 42
30 84 49
56 13 3
42 12 3
75 70 19
77 39 10
57 84 73
63 61 37
57 12 5
52 77 97
80 74 52
16 36 94
56 47 72
60 87 47
91 65 15
1 16 47
1 88 7
56 80 86
33 94 56
75 54 36
89 96 56
7 35 37
63 16 55
38 65 98
36 1 94
4 16 61
85 73 73
38 93 4
17 22 18
47 34 3
73 76 72
19 95 51
73 69 25
43 27 10
33 91 68
41 93 73
31 76 45
76 19 76
89 31 52
48 97 33
10 21 44
63 83 46
23 33 6
60 87 14
94 4 3
57 37 34
79 76 77
5 95 86
9 60 36
97 77 77
72 54 93
69 98 59
68 86 69
54 79 85
26 76 49
19 49 37
42 90 5
66 54 88
16 86 9
89 13 25
32 87 53
8 42 15
17 59 55
74 2 97
28 25 16
65 50 27
81 87 75
3 71 71
69 72 55
91 65 27
49 19 52
67 82 86
27 25 19
50 52 86
83 98 73
61 31 53
44 72 26
18 89 61
58 35 78
38 58 99
16 82 81
27 37 91
52 14 1
72 9 13
34 89 45
6 9 38
68 46 20
37 50 94
90 79 38
83 30 97
8 40 15
46 73 61
93 69 47
23 25 65
26 63 32
29 89 46
99 61 70
42 5 88
66 2 50
9 53 75
59 88 7
23 16 86
83 16 71
75 57 87
43 25 54
88 86 31
52 73 55
79 1 21
67 47 9
31 51 18
57 53 39
23 46 95
62 51 23
46 22 67
23 41 27
1 75 71
76 0 100
43 27 32
77 22 27
45 60 67
11 71 27
55 93 38
30 21 8
44 0 69
32 52 63
50 16 19
32 62 23
19 4 73
25 23 54
5 16 5
51 57 2
28 56 14
93 17 70
0 47 6
67 90 40
86 73 36
8 11 85
87 22 11
86 46 65
1 92 96
58 93 16
6 86 7
58 7 59
81 91 84
94 49 92
97 25 8
76 66 40
5 66 91
81 22 63
75 49 17
31 92 49
60 30 28
65 51 71
16 40 56
20 86 27
40 38 74
96 9 92
10 51 92
3 10 32
31 10 74
83 81 15
0 69 42
27 43 4
81 16 8
60 77 26
40 35 31
1 54 3
95 78 97
28 59 5
84 53 69
90 51 31
12 65 28
92 18 90
75 56 23
36 7 73
9 24 51
16 68 43
29 63 11
48 81 52
45 31 21
52 66 73
40 33 15
94 93 1
87 71 23
12 99 53
8 58 4
11 15 79
27 51 7
16 38 76
66 17 31
64 78 76
98 17 27
46 68 70
78 63 31
16 11 79
68 75 22
47 69 23
68 62 13
8 45 14
62 83 68
76 49 87
72 55 48
20 66 52
29 62 33
42 27 89
6 23 100
62 84 88
58 2 37
14 38 52
10 93 99
79 93 60
99 78 53
40 33 9
35 22 7
34 33 65
71 78 1
42 10 45
39 78 100
69 91 46
75 57 98
29 14 30
0 31 1
92 96 63
21 11 67
54 79 74
90 56 98
84 0 20
57 78 69
84 26 9
6 51 14
49 85 70
2 32 8
10 48 44
2 28 86
68 62 20
55 86 77
97 85 6
91 90 51
83 25 33
13 47 1
0 44 25
84 57 64
48 14 3
70 75 12
20 63 88
88 42 100
21 53 73
95 13 85
16 67 81
19 99 11
55 66 62
66 73 41
44 87 6
14 95 24
70 19 61
50 31 88
42 43 44
66 1 64
32 67 13
32 6 6
91 10 48
69 92 78
51 95 29
43 90 84
98 81 27
21 17 47
83 71 35
44 39 9
65 10 14
62 67 25
14 74 80
13 60 26
5 75 88
74 33 23
34 92 29
14 84 11
51 31 62
34 53 48
67 96 27
35 1 59
33 60 40
90 62 10
44 11 96
25 21 14
34 94 96
33 25 86
13 77 46
50 68 75
31 5 57
18 56 96
96 37 10
83 77 65
17 92 68
85 91 32
18 84 12
79 84 59
44 77 82
88 24 72
56 91 22
41 93 47
65 94 42
2 13 70
24 61 79
47 18 7
1 18 69
90 85 94
66 96 31
15 44 57
13 58 99
69 71 25
29 0 89
92 68 82
94 3 48
77 31 48
40 87 25
14 44 69
98 0 73
90 63 99
9 28 36
47 25 94
73 9 51
72 89 70
42 11 41
9 0 76
71 46 50
47 25 83
61 50 97
0 31 73
7 95 99
82 69 11
58 53 87
37 86 86
89 53 3
79 78 27
93 29 51
90 62 91
79 18 94
88 2 42
70 23 62
45 81 57
33 7 9
80 47 56
22 36 95
81 37 66
38 48 26
4 57 96
68 95 48
31 98 21
91 1 26
61 37 76
95 7 83
12 31 60
8 54 58
34 55 7
93 20 51
87 60 98
25 62 31
85 65 32
3 38 4
73 68 70
23 57 52
49 43 82
16 8 100
82 44 33
56 49 77
25 62 88
14 97 58
82 10 74
55 36 9
92 99 38
24 71 18
77 28 14
94 11 39
19 57 67
76 67 41
95 89 30
41 12 59
97 84 41
31 62 43
31 73 40
16 1 32
75 42 9
69 77 28
35 97 84
30 98 96
58 40 60
28 35 93
70 90 69
92 30 79
21 13 38
50 30 44
50 63 60
92 42 93
51 47 81
94 70 50
46 23 59
2 30 95
25 78 58
56 98 45
12 13 38
33 20 87
60 34 37
35 61 52
94 55 35
36 43 21
17 42 27
96 80 72
3 17 17
92 57 94
63 88 69
23 43 74
61 46 60
74 46 53
21 88 3
30 2 4
95 47 56
46 29 37
41 40 55
32 11 18
89 24 48
27 61 45
59 90 73
78 3 97
40 57 86
35 41 24
87 93 25
27 69 50
37 17 72
59 84 97
76 2 20
59 34 80
16 85 97
15 81 67
78 54 63
98 35 56
50 24 7
92 43 14
67 30 29
49 8 23
64 27 69
23 89 49
29 47 60
73 87 38
72 26 6
30 77 20
91 61 36
54 69 34
83 8 5
98 39 6
47 31 56
84 94 39
1 48 3
39 38 41
36 4 74
25 73 11
73 9 48
32 62 74
82 73 26
32 29 65
74 88 73
20 51 45
62 37 44
19 39 40
98 27 16
55 8 86
4 0 63
16 13 41
5 88 23
44 10 11
61 30 18
56 99 21
36 35 70
46 72 92
79 97 29
59 38 57
91 48 39
61 73 70
11 41 78
99 9 93
37 87 1
9 91 34
86 52 75
55 72 10
54 19 90
37 92 55
30 62 6
2 49 68
28 11 67
55 23 36
10 9 60
26 36 76
33 79 47
26 66 94
83 0 30
63 33 66
28 87 32
56 21 48
90 30 95
44 25 46
69 63 74
34 62 15
54 25 12
28 69 35
99 43 64
18 6 4
9 61 30
8 89 23
41 92 17
29 3 68
46 23 52
56 94 6
10 5 42
9 59 17
50 25 85
4 80 7
7 79 93
51 35 22
49 28 15
63 6 65
2 23 40
43 87 45
36 5 70
86 76 87
41 2 86
6 14 18
86 90 76
83 66 43
88 87 68
58 82 92
64 24 93
33 3 28
72 85 33
70 83 15
62 89 42
48 27 66
65 73 46
48 93 76
28 11 11
10 63 29
43 23 91
63 8 65
37 29 55
21 92 2
50 72 82
42 35 10
28 83 93
9 20 22
40 27 42
16 25 26
25 60 46
65 4 72
21 31 64
53 7 44
60 0 42
43 97 49
49 10 43
8 56 14
53 85 56
13 16 88
41 85 95
81 48 74
84 5 69
35 41 2
2 30 75
97 89 46
1 3 17
96 12 86
95 54 65
77 68 2
99 66 90
83 39 76
24 9 86
34 44 40
53 95 77
75 88 23
11 55 89
72 10 32
5 18 46
32 5 38
44 56 14
62 34 3
8 45 18
30 17 15
65 89 22
24 42 53
87 19 7
88 79 87
45 11 9
63 51 94
39 88 68
75 56 16
68 0 59
27 46 76
23 49 27
54 37 59
34 69 77
75 20 23
80 22 50
32 79 93
55 68 82
13 93 17
80 33 72
85 60 75
63 96 76
57 94 77
74 97 36
31 68 37
49 73 20
13 0 4
54 93 37
58 98 42
27 49 15
48 41 38
21 54 25
70 78 32
81 67 97
91 10 11
56 96 84
15 49 24
41 93 43
49 10 43
99 53 28
52 1 64
96 68 5
19 78 29
52 3 96
14 96 84
94 87 65
15 29 39
68 28 70
81 79 46
33 22 39
90 56 44
66 98 62
56 46 38
76 27 17
4 88 27
64 61 20
37 79 81
63 39 51
56 51 12
44 65 74
8 0 43
96 37 30
74 48 40
12 28 32
33 60 16
43 67 79
57 50 97
42 84 89
34 66 20
71 79 27
68 77 46
82 71 20
87 1 8
29 19 44
76 14 77
41 79 3
37 4 24
19 57 73
14 41 51
8 42 11
38 64 87
51 68 28
91 89 5
95 84 33
90 57 14
66 63 3
21 19 100
52 55 25
11 86 20
39 53 98
47 3 51
84 56 78
39 67 5
19 32 99
81 89 61
80 7 91
15 1 5
80 39 78
1 20 51
32 82 57
17 7 12
7 93 61
46 89 61
10 76 93
83 67 52
23 59 16
62 2 60
46 5 24
87 95 70
24 7 55
20 21 20
68 50 26
71 88 44
49 84 85
25 13 19
50 38 89
85 27 16
75 51 76
88 81 17
75 3 19
28 55 42
98 58 71
8 34 24
61 36 27
79 38 66
17 15 8
85 6 36
86 12 33
51 70 17
46 93 84
72 62 88
64 76 56
44 27 91
92 41 12
32 64 5
82 30 94
21 69 54
15 77 82
62 90 21
0 97 75
80 57 83
46 36 65
85 84 68
54 42 87
49 70 57
75 48 47
31 80 22
97 45 34
59 21 91
95 33 41
56 25 8
76 34 77
9 20 62
69 88 37
17 93 60
85 51 100
60 81 29
26 29 31
82 69 57
5 90 11
2 95 9
7 67 13
72 24 81
64 16 90
67 43 13
71 64 42
30 4 90
15 96 65
68 29 80
99 1 14
7 5 84
28 7 33
36 45 17
73 56 93
85 30 37
45 5 85
55 57 25
53 98 61
1 5 27
54 93 37
14 29 63
24 17 46
90 91 42
27 87 28
22 51 37
74 46 69
46 99 14
94 26 45
58 76 67
6 68 57
51 21 100
5 33 40
71 92 92
94 28 36
19 71 89
1 10 100
82 94 82
4 36 57
43 88 21
84 99 27
45 32 59
73 56 3
2 55 66
61 14 8
63 15 22
28 24 77
23 11 9
78 36 61
90 26 89
96 81 84
16 93 34
6 42 36
52 10 8
4 96 43
74 80 40
17 6 76
98 34 31
87 88 73
85 46 44
53 72 14
57 64 22
48 64 74
9 19 5
27 6 6
91 1 81
3 19 17
28 75 61
44 16 84
77 89 67
82 61 54
40 55 80
97 33 79
35 58 11
96 80 85
85 46 67
98 51 22
25 72 62
89 76 50
0 27 46
79 41 90
18 66 33
47 65 83
22 4 98
9 3 49
60 89 99
43 61 23
84 66 20
93 47 64
49 54 8
75 66 29
64 43 38
87 91 56
77 93 32
45 42 31
24 13 56
74 88 26
77 97 79
38 86 69
52 12 1
11 4 20
97 71 22
46 50 97
86 80 69
99 80 43
63 68 12
52 94 61
34 80 46
7 26 70
50 11 3
49 35 8
8 3 10
48 98 53
14 11 61
1 45 6
78 49 3
27 37 19
77 69 7
79 97 16
23 35 87
24 63 89
68 79 11
67 76 48
2 17 61
94 53 61
34 18 80
45 90 2
44 33 81
51 19 31
18 34 67
52 40 67
5 29 40
91 11 39
56 73 37
24 74 7
8 93 55
16 59 53
64 92 19
79 21 41
49 87 96
87 95 19
57 66 68
66 18 96
90 70 8
54 65 7
34 15 41
99 17 98
61 74 85
32 89 46
51 35 55
20 12 34
90 45 22
33 90 76
97 81 2
85 57 84
89 3 100
39 2 81
39 86 24
31 26 86
49 83 74
23 26 98
50 68 56
49 70 98
35 33 8
41 8 12
81 67 52
70 53 56
24 52 81
63 92 56
22 52 50
91 92 8
31 48 70
15 45 30
56 57 73
86 44 64
18 99 95
96 64 100
62 71 27
25 13 89
6 76 93
5 75 3
30 60 70
72 8 24
66 88 98
92 37 77
42 66 80
3 72 24
71 98 34
40 47 74
26 52 46
67 18 92
4 20 86
54 55 96
16 49 89
29 84 26
71 41 7
17 2 34
69 48 90
57 12 10
19 56 96
35 23 41
41 52 43
71 33 69
10 48 90
82 91 100
61 67 79
87 5 37
67 5 38
80 25 87
13 27 11
26 29 78
81 99 74
18 19 87
50 82 73
96 28 95
23 54 25
31 59 36
14 55 58
60 64 95
80 19 80
78 35 28
86 27 50
27 32 47
68 53 89
77 11 96
5 73 52
78 48 21
45 0 34
26 46 41
18 39 1
84 8 70
24 43 56
57 77 26
89 76 57
88 63 6
51 9 40
54 17 5
47 55 45
80 92 9
32 43 100
34 23 8
64 90 20
71 41 18
44 8 87
24 45 5
55 0 64
65 75 88
18 6 21
71 72 85
80 7 24
84 23 28
33 93 21
8 61 74
38 29 60
38 95 67
93 91 17
44 66 24
88 47 10
58 87 17
30 56 97
5 25 84
66 35 17
21 92 83
37 3 81
77 41 1
17 34 98
11 18 14
71 37 40
69 65 8
20 39 37
95 73 97
72 33 41
65 66 94
79 10 94
24 65 81
38 29 25
60 8 44
41 50 44
9 31 43
13 53 60
7 1 43
58 90 70
68 25 19
58 90 18
82 83 29
59 22 31
67 79 57
12 91 34
99 24 57
57 75 59
4 24 45
42 68 10
52 20 87
34 85 98
64 0 96
0 67 69
8 62 76
95 5 20
11 63 78
45 17 30
58 84 49
44 63 22
22 70 47
21 5 94
30 1 3
29 5 97
22 58 70
20 32 8
13 50 68
5 3 75
57 78 9
11 26 62
16 33 77
58 96 45
19 91 99
72 1 91
84 58 36
16 58 32
84 36 59
33 36 45
66 0 89
24 17 99
85 40 19
50 82 61
42 24 12
4 12 19
8 91 37
3 52 30
90 52 65
81 14 93
37 32 49
22 13 53
9 90 37
89 21 58
87 65 25
42 41 26
29 8 92
1 67 41
11 61 6
47 91 68
22 41 67
44 12 42
82 24 52
85 56 46
21 47 42
85 22 11
40 60 20
1 43 72
58 91 14
84 73 52
57 86 65
26 0 21
86 92 34
53 45 21
78 55 47
56 51 48
55 33 32
97 59 100
6 46 61
97 15 35
4 17 53
75 46 52
96 36 54
5 69 95
64 19 2
47 72 9
20 40 100
1 4 42
57 37 42
57 52 60
97 68 84
60 87 99
36 85 49
4 56 86
23 22 96
79 14 41
20 4 28
38 56 45
68 16 67
0 24 23
72 67 23
53 49 30
55 39 3
38 50 46
12 71 76
56 39 94
98 70 2
23 64 8
71 85 21
52 65 88
78 15 43
59 16 18
38 0 92
57 51 13
88 99 84
33 88 74
16 8 24
85 87 83
16 96 56
48 75 16
70 31 52
81 7 15
58 25 71
60 32 51
64 58 25
77 51 70
19 2 15
88 46 55
27 73 96
65 42 55
96 57 31
32 36 58
70 8 1
36 62 99
46 73 2
79 52 72
11 23 76
97 32 54
80 17 9
31 56 67
6 17 54
57 32 94
37 81 41
17 26 84
33 22 85
25 66 70
94 97 89
28 93 72
79 67 64
97 14 94
24 71 25
39 44 4
16 87 2
74 30 30
72 13 32
83 78 25
90 80 81
48 52 9
16 0 52
10 13 67
37 15 92
28 40 100
55 12 79
14 72 49
14 1 35
90 17 35
5 8 24
62 12 93
25 31 2
72 56 96
72 13 19
96 67 38
74 81 14
59 51 38
75 39 5
19 40 24
5 43 90
82 31 74
97 12 28
8 15 32
90 72 47
65 64 62
83 42 98
65 89 33
54 17 23
18 6 22
14 3 71
69 29 31
22 79 84
96 52 5
15 40 1
75 66 19
23 90 14
98 82 100
41 40 36
70 28 72
6 62 65
15 49 34
58 24 27
66 69 38
18 69 10
43 47 16
13 60 63
57 7 86
75 60 68
30 35 75
72 1 79
27 6 17
79 35 97
81 77 94
14 56 49
48 36 40
81 71 30
65 58 9
67 86 43
6 71 53
41 75 8
47 21 22
29 74 11
57 74 97
84 62 32
46 83 37
11 20 20
1 59 70
98 70 44
85 87 92
95 72 57
84 46 92
24 3 96
75 63 16
9 63 37
8 41 46
2 82 81
18 22 89
66 53 18
54 23 38
78 2 45
98 83 5
83 43 86
57 56 40
62 70 32
94 59 28
95 44 20
86 76 49
3 58 23
63 60 29
67 87 96
93 20 76
71 48 49
21 42 69
37 51 35
5 39 58
75 67 59
35 87 72
23 95 66
82 20 7
71 61 48
27 14 32
55 18 45
39 98 75
70 62 42
82 8 30
56 91 51
68 85 52
33 41 74
27 32 77
64 58 98
45 95 70
75 76 80
59 81 75
89 54 94
24 80 74
4 77 16
65 46 67
8 3 15
33 54 72
8 88 93
59 83 28
35 96 24
36 79 55
75 76 14
48 51 56
63 18 74
22 5 24
95 13 1
63 54 92
74 65 82
82 83 11
60 68 60
53 96 76
20 24 31
86 26 54
12 85 46
15 76 97
24 12 88
81 45 36
45 38 2
67 75 91
78 70 71
63 2 85
32 17 37
72 93 85
35 90 94
87 11 68
4 46 98
6 95 11
61 60 31
23 95 55
31 79 4
35 82 78
18 73 87
38 23 79
85 69 75
72 28 91
52 59 51
80 84 12
68 16 15
69 62 74
59 14 81
43 37 47
87 97 30
44 26 60
47 79 43
65 49 91
95 96 90
74 62 32
77 60 65
67 88 27
84 5 56
78 14 34
53 46 4
72 1 41
61 90 60
14 35 78
66 50 94
7 29 37
48 99 56
93 29 4
82 11 78
98 21 64
37 82 47
35 47 30
32 82 62
56 68 16
25 71 59
58 86 69
53 23 36
56 85 79
24 88 98
97 37 83
26 61 17
73 34 3
53 59 95
84 81 37
6 7 89
89 84 68
32 35 23
44 48 96
45 56 80
91 7 68
2 79 1
94 60 98
21 42 48
94 8 41
61 23 5
50 7 9
48 46 8
73 41 43
85 99 22
37 70 75
22 24 25
54 4 18
78 26 95
64 36 70
95 59 90
36 72 95
65 77 9
81 61 28
41 50 63
94 73 91
10 18 81
48 63 25
36 42 30
97 27 21
56 24 1
7 59 23
35 91 87
46 78 61
96 11 25
45 90 2
56 35 15
63 6 85
77 38 10
72 73 81
41 54 8
39 12 33
28 87 33
32 63 28
91 11 13
49 92 88
4 56 79
38 54 23
47 43 77
32 27 22
95 73 20
90 17 65
25 5 65
70 22 10
78 3 28
54 20 7
73 31 97
28 48 38
79 46 24
51 91 63
98 43 59
39 80 46
92 39 66
96 31 28
4 33 63
26 23 29
43 58 13
51 2 40
54 38 77
21 97 77
69 26 88
15 22 84
5 27 7
67 90 3
88 18 16
57 70 12
69 27 51
26 80 12
50 5 89
3 73 86
10 23 94
42 12 78
64 60 15
83 21 58
38 84 16
4 3 5
76 28 91
70 92 98
6 68 45
12 23 87
71 66 87
72 89 37
71 34 4
22 70 59
15 21 61
64 89 1
20 43 63
15 19 94
13 31 51
93 0 43
73 29 47
6 52 23
55 37 71
72 28 26
75 39 98
11 8 9
25 78 62
78 18 81
75 96 23
0 75 36
46 76 5
42 69 52
77 46 93
48 71 42
82 65 79
43 31 76
15 95 28
35 94 25
42 45 7
75 74 10
66 94 66
6 3 80
56 96 17
19 68 45
57 55 54
31 46 38
85 36 72
8 56 86
25 81 92
40 16 75
82 53 28
1 71 5
50 38 92
54 31 39
72 60 10
92 14 91
21 26 48
3 54 46
40 50 29
18 29 71
69 77 94
56 37 5
6 57 74
89 7 45
27 26 51
45 53 79
64 75 52
45 61 9
39 36 14
58 12 96
28 75 11
52 63 60
41 4 32
19 21 95
16 78 44
20 94 84
15 23 89
68 78 40
31 46 19
59 9 76
12 35 21
3 77 4
77 64 92
41 50 21
88 12 86
84 25 48
54 25 46
69 49 40
0 43 49
87 19 94
60 31 26
98 56 87
88 26 59
98 62 7
3 36 13
75 2 35
58 92 98
65 57 67
55 16 94
82 46 50
2 18 10
89 39 3
54 23 43
49 67 27
43 32 7
89 64 11
12 93 55
39 50 42
82 92 20
9 79 52
95 65 84
25 40 43
73 44 58
23 96 48
82 86 7
55 25 61
83 22 73
24 11 92
14 84 66
