92 12 8
4 90 18
51 70 23
14 50 18
19 86 21
36 23 88
80 41 51
97 86 13
66 77 8
45 58 19
49 99 12
62 56 94
72 23 47
17 61 85
20 33 77
94 75 98
65 28 48
56 41 23
10 3 19
51 28 49
69 66 99
61 85 60
62 39 37
48 51 99
60 94 51
87 96 80
45 33 29
77 23 32
64 76 87
74 81 15
9 11 8
68 81 21
83 26 16
39 18 89
59 13 93
40 66 41
7 67 11
85 58 56
38 61 96
23 18 83
11 95 97
71 97 97
38 56 21
32 96 50
7 71 70
54 12 6
58 20 98
60 39 88
16 46 52
8 94 45
99 50 32
10 98 77
88 6 73
74 29 38
97 77 31
29 73 35
46 38 80
19 31 73
11 73 18
17 1 23
33 17 73
19 62 7
51 14 58
75 19 18
70 28 55
46 75 4
8 36 72
74 45 90
80 65 36
82 67 34
54 24 14
15 5 72
48 19 32
28 14 14
48 17 15
69 7 99
22 43 50
0 90 27
40 49 32
94 46 40
91 73 13
5 64 8
87 56 77
94 82 41
97 77 43
59 71 22
72 95 52
10 37 40
25 53 25
4 98 96
68 22 61
66 76 32
24 27 67
17 19 60
24 36 6
7 6 75
18 60 45
78 70 70
95 60 18
36 25 3
16 83 39
17 11 68
70 16 69
88 28 84
41 65 98
40 66 76
59 38 3
41 5 83
20 82 25
51 5 51
62 27 50
40 43 13
0 93 67
5 92 12
40 69 90
44 40 47
60 46 90
23 33 53
21 25 33
35 91 65
82 44 42
54 22 26
40 49 8
67 80 31
61 62 64
71 56 14
35 56 13
46 17 87
84 66 35
77 86 75
0 92 57
49 20 21
1 6 81
6 39 67
96 98 70
99 51 90
10 0 41
15 92 69
54 6 51
23 46 8
62 37 41
74 83 15
5 45 45
79 43 71
8 70 91
91 2 17
60 43 63
36 13 40
94 69 74
27 72 67
66 6 33
62 34 23
50 55 35
45 46 5
10 22 81
10 74 28
6 63 33
94 97 35
80 13 84
29 34 91
64 66 77
60 67 59
81 78 39
8 28 72
25 28 41
33 98 64
23 79 3
62 81 87
65 90 46
5 68 27
90 83 81
22 95 88
54 9 14
78 42 32
29 23 10
10 6 89
27 47 51
4 51 20
29 19 11
47 4 95
90 61 64
44 79 67
72 71 74
46 20 44
61 3 6
74 26 92
20 12 46
80 6 55
49 13 62
58 52 44
87 65 44
93 45 22
28 10 16
66 71 27
30 57 81
48 88 42
32 55 77
42 35 100
49 47 8
12 45 80
52 82 35
92 25 44
33 49 45
90 20 52
95 64 26
67 82 15
42 22 6
31 56 55
93 88 53
60 59 55
37 71 66
72 39 70
26 70 43
13 22 78
98 54 36
1 35 27
55 5 79
75 86 43
11 87 13
59 11 23
20 54 6
22 92 85
20 19 30
87 72 94
75 17 67
83 66 73
20 30 9
37 34 8
19 45 39
50 76 85
17 76 50
73 10 25
9 76 20
98 37 41
72 24 44
72 27 80
97 30 35
17 57 85
62 40 8
67 70 1
87 44 39
76 13 52
48 47 67
93 94 53
28 1 16
65 60 37
84 68 82
87 67 42
19 44 69
69 33 65
49 33 85
98 48 81
82 85 64
94 48 70
47 21 1
83 18 30
71 78 65
4 55 47
21 25 94
0 74 67
74 44 46
14 51 33
74 85 84
58 92 100
28 62 47
99 75 67
48 76 11
57 46 8
67 43 36
96 48 55
50 12 83
24 54 33
28 65 42
55 84 5
92 86 76
63 14 29
50 67 31
34 5 99
30 65 35
63 70 76
12 88 91
69 10 76
94 38 91
75 56 99
46 95 60
38 90 14
34 23 32
77 72 7
16 89 45
94 4 82
98 66 2
64 57 23
41 33 68
17 74 45
42 86 33
89 97 40
11 60 89
76 93 49
21 89 64
98 29 3
80 5 15
67 47 43
43 96 84
22 17 10
69 25 94
71 42 5
81 70 36
83 27 74
48 2 99
54 72 84
89 98 68
3 61 7
64 24 42
73 87 50
92 45 15
20 69 18
47 23 28
41 36 33
99 46 91
26 73 58
16 52 4
30 64 18
10 62 17
20 50 3
35 15 18
63 91 29
96 64 75
81 37 80
97 17 91
57 25 60
32 71 83
15 24 86
11 63 55
19 31 57
12 63 87
11 46 76
71 67 69
4 90 78
57 36 16
92 39 70
73 70 65
86 42 57
68 67 49
10 58 61
65 27 30
99 28 57
91 41 60
43 49 49
6 52 51
35 94 80
98 6 52
74 72 97
96 55 60
59 40 2
98 3 63
68 59 44
98 31 22
41 43 79
19 93 63
33 61 95
73 44 28
1 62 46
89 35 84
92 77 2
86 82 50
98 45 22
0 90 56
39 60 68
67 90 91
42 11 94
77 95 3
38 90 50
6 4 71
45 36 92
74 37 39
42 35 92
87 5 91
24 20 26
99 91 40
70 90 32
79 4 56
16 51 90
83 62 65
6 33 4
3 57 100
28 8 57
62 20 77
97 32 83
19 81 60
16 46 75
40 21 42
13 15 84
41 78 64
37 58 94
86 65 53
61 66 7
49 6 100
38 44 52
49 47 59
99 55 33
33 35 59
3 94 30
88 25 76
67 40 67
74 26 15
87 82 40
24 10 13
49 24 2
83 41 28
60 24 63
76 53 33
3 53 34
19 52 39
10 15 91
47 3 77
64 28 66
34 43 59
68 89 62
97 1 57
77 9 41
18 79 10
52 82 85
42 4 50
13 26 67
99 30 9
95 6 58
41 38 17
49 98 50
29 73 54
2 20 2
86 75 47
21 75 67
77 45 68
0 52 98
52 49 1
79 35 4
58 70 50
76 40 6
69 64 80
41 29 25
87 76 73
90 62 46
65 81 4
74 61 24
26 92 44
94 46 90
73 89 64
10 95 11
10 8 89
89 11 20
89 86 82
15 74 53
26 47 81
18 25 4
5 60 22
89 19 64
52 28 77
97 14 99
40 15 14
69 1 42
25 33 8
38 45 85
68 82 65
90 35 74
47 80 42
84 68 50
13 10 33
53 89 46
38 58 56
89 50 76
78 71 75
36 50 8
64 93 42
47 58 93
59 70 13
9 99 18
27 4 86
13 20 39
41 72 20
49 72 67
37 41 86
52 29 60
44 76 99
92 63 44
11 78 48
56 6 48
37 95 52
5 82 71
77 45 7
31 17 73
73 79 71
72 55 11
39 49 95
51 27 78
83 8 72
32 41 20
61 21 61
7 85 78
2 86 70
33 96 77
11 19 73
41 49 38
53 1 93
94 45 24
37 79 55
11 69 99
39 24 84
81 27 40
8 89 87
5 34 84
63 49 51
17 5 54
44 6 58
51 10 84
66 45 11
61 93 27
24 96 69
28 93 68
21 3 18
3 64 53
88 30 67
43 24 1
94 71 95
37 11 84
68 23 16
90 46 92
23 81 63
86 74 66
91 18 37
72 93 7
25 88 13
84 40 88
45 19 60
59 2 37
88 58 39
46 93 23
62 21 65
42 85 50
87 69 94
77 28 54
7 87 34
49 52 73
34 19 24
99 64 69
12 10 48
90 70 74
15 73 2
59 13 32
41 45 2
49 76 35
7 62 13
89 27 7
54 29 47
61 0 88
44 76 57
66 64 14
82 24 84
2 10 78
17 55 9
85 57 46
91 48 89
36 0 82
45 49 82
21 36 94
76 29 34
21 58 67
60 62 19
98 4 80
51 56 50
79 96 43
35 8 70
18 16 34
3 39 35
24 73 55
67 9 14
45 89 5
83 9 88
34 4 73
69 18 64
78 20 94
69 95 92
48 60 63
17 32 37
82 5 57
50 34 36
7 13 13
2 65 38
75 39 81
82 69 33
71 55 77
26 99 90
41 77 36
4 55 36
6 0 31
24 29 53
96 61 31
40 10 15
31 46 53
62 84 45
22 75 17
9 98 97
40 70 96
84 70 28
33 97 6
78 64 46
42 56 96
32 39 16
38 74 5
61 71 77
94 88 27
43 23 80
88 78 18
52 22 83
65 50 33
23 68 84
0 21 81
72 73 97
68 38 49
30 2 23
78 56 15
76 2 74
2 51 68
14 73 5
45 69 36
42 64 79
79 7 26
20 7 27
61 26 80
45 5 31
50 61 53
86 5 13
1 67 27
99 65 63
40 30 78
91 57 87
85 69 67
6 43 59
71 77 92
58 63 48
45 70 16
54 69 52
63 22 13
74 54 99
95 58 47
50 1 39
39 66 16
56 90 16
40 95 45
1 67 63
89 1 64
6 59 67
17 10 31
12 62 79
9 32 11
13 68 52
54 31 98
98 38 89
70 23 86
51 5 75
57 4 53
99 24 63
16 4 97
16 44 19
20 66 11
18 12 60
17 54 21
3 7 75
86 64 4
33 32 67
71 85 46
12 60 61
75 29 44
92 78 57
0 41 3
28 22 63
67 93 54
99 18 21
52 22 40
1 79 91
45 47 27
60 3 98
37 29 94
1 60 74
43 90 95
65 11 24
49 98 22
38 4 98
16 99 6
63 53 63
28 46 60
16 78 98
67 83 45
77 29 29
90 38 85
15 55 15
47 78 92
93 72 28
35 1 76
84 98 37
4 56 62
76 39 25
79 67 34
35 24 14
96 31 52
96 83 27
37 59 100
67 51 88
78 3 38
54 59 79
75 25 37
58 59 94
5 18 25
90 25 93
81 45 42
99 97 9
53 44 68
85 43 53
10 8 86
74 75 34
11 95 53
54 29 21
89 77 68
51 62 7
11 7 54
73 42 14
15 66 5
86 24 75
10 0 21
51 65 88
38 56 83
76 31 61
75 67 81
15 69 37
3 99 12
12 71 34
58 88 23
2 52 96
73 93 34
87 18 88
11 77 42
10 72 57
79 46 50
4 38 75
9 82 94
20 36 32
44 88 55
11 26 4
0 19 24
41 32 83
85 28 43
37 54 53
80 38 40
93 0 73
1 36 42
66 89 92
34 77 21
59 35 29
0 3 87
75 69 47
39 0 40
13 33 4
69 85 69
15 1 78
59 30 83
53 70 67
83 35 27
31 46 54
78 59 46
72 10 37
42 80 53
21 86 71
70 22 72
87 51 42
67 94 27
11 21 22
40 76 61
48 27 78
62 4 64
96 98 29
21 10 64
43 44 90
81 74 48
3 67 44
26 31 51
86 93 52
5 64 68
88 94 100
45 63 34
91 53 17
33 95 95
45 59 4
58 72 57
97 56 71
15 77 18
53 31 25
1 25 71
2 83 57
30 12 45
4 11 50
94 54 9
56 86 85
67 47 49
46 62 40
27 46 52
5 40 97
36 13 86
46 29 67
99 81 29
22 53 5
95 24 9
65 13 32
79 55 55
17 40 61
57 61 99
44 80 36
14 86 20
19 77 91
10 46 37
4 5 14
11 25 91
18 88 12
1 35 5
53 19 20
24 32 44
12 40 46
87 13 10
50 22 23
80 4 29
26 52 8
93 66 62
35 48 87
32 81 50
98 45 1
6 17 37
15 96 19
89 51 57
91 3 64
40 19 82
16 21 34
33 0 73
83 21 64
66 17 39
88 15 7
23 2 96
62 23 7
72 78 54
82 4 18
50 8 25
68 29 94
21 96 52
94 59 70
24 5 13
46 38 70
4 5 90
23 44 26
61 21 48
38 89 30
21 75 82
23 75 86
11 96 17
28 78 80
0 32 32
34 38 6
42 55 59
44 12 71
79 87 89
6 62 13
80 45 17
32 98 96
43 4 49
70 1 59
77 14 1
58 9 9
50 2 74
33 69 21
69 97 69
71 47 30
12 32 1
38 97 81
3 96 58
7 38 20
43 56 47
18 74 65
3 14 30
97 28 10
55 12 30
48 72 20
90 95 55
93 33 58
50 99 38
84 15 71
77 71 95
39 76 48
45 82 76
51 1 23
42 20 64
29 76 70
86 70 74
48 15 50
38 58 48
79 8 35
42 26 27
74 93 7
57 45 30
72 38 86
28 41 8
81 65 100
72 59 60
43 12 2
0 42 57
81 40 48
55 7 58
74 89 12
45 51 61
1 91 42
23 62 89
43 82 57
22 49 19
41 79 42
87 73 68
60 54 7
12 35 89
21 80 9
49 80 67
78 84 39
22 82 16
48 41 51
37 98 81
68 85 22
74 1 4
72 22 1
49 69 37
95 30 21
11 45 87
71 0 78
15 61 51
50 14 78
5 68 80
34 9 33
14 29 57
4 86 28
0 22 17
70 0 76
21 83 76
60 37 23
10 37 1
1 67 52
51 34 19
20 4 26
93 32 1
47 96 88
57 1 91
38 20 1
0 96 82
94 75 56
38 23 71
3 38 80
38 43 40
39 73 51
64 34 67
13 88 98
75 48 37
51 87 8
32 89 28
92 26 3
23 95 5
99 50 99
79 49 59
74 21 21
78 46 100
93 30 40
5 76 18
69 4 73
71 62 22
15 43 22
92 70 85
83 91 91
43 26 95
30 67 55
1 41 38
84 61 96
40 5 2
92 66 22
67 5 95
83 86 37
94 14 28
42 20 86
9 20 93
31 51 49
57 0 81
10 61 50
22 83 66
20 32 98
18 1 79
49 25 22
52 10 61
43 27 48
30 58 88
89 7 66
66 27 62
71 78 95
55 64 95
69 99 41
43 34 13
83 2 9
95 5 60
82 99 10
92 40 68
77 23 21
70 80 16
51 70 78
46 75 28
12 81 35
20 84 2
69 37 13
81 39 77
42 18 41
61 58 27
14 65 52
25 99 47
33 98 98
65 63 74
96 73 56
43 70 9
89 35 86
29 21 66
77 84 75
21 92 61
48 65 45
39 16 13
77 79 56
87 12 17
93 90 9
85 41 77
4 5 48
93 13 36
61 28 67
36 10 2
98 74 78
45 27 42
83 5 90
80 82 23
13 25 43
6 64 95
24 80 9
49 29 47
47 29 33
52 75 20
61 42 19
31 23 87
82 87 90
80 45 79
54 83 56
11 39 53
93 69 14
75 51 96
4 99 6
41 26 40
8 54 22
7 43 42
37 80 94
50 98 84
63 33 40
14 51 96
71 93 42
18 37 59
60 36 40
23 8 81
55 59 40
59 83 61
19 54 92
0 41 22
81 25 1
73 49 80
96 31 36
13 33 86
75 15 16
94 79 27
44 30 49
11 83 13
50 3 93
67 62 37
41 28 44
88 0 55
41 58 99
33 59 12
1 97 72
11 77 52
36 34 87
82 35 71
45 36 1
1 40 13
20 85 38
32 12 8
31 73 88
2 61 12
19 41 21
61 6 86
91 30 93
23 54 3
18 75 93
74 89 38
77 47 60
74 24 72
78 41 59
87 27 36
25 30 39
72 48 26
25 28 85
56 15 75
16 32 23
9 18 28
92 44 38
42 15 85
60 69 55
34 37 35
32 38 28
52 36 45
9 7 15
97 40 60
24 70 90
53 29 46
56 57 62
2 89 50
99 62 30
46 55 91
68 42 8
18 62 52
68 28 70
64 59 89
2 58 95
19 36 50
57 86 3
93 41 70
5 88 94
92 81 46
57 88 90
76 48 88
39 69 7
59 22 68
30 22 4
2 43 93
51 56 78
25 42 59
11 34 2
43 11 75
18 11 95
30 42 79
24 78 42
79 59 27
46 3 93
6 57 28
19 47 89
27 17 89
98 37 82
32 65 19
79 45 9
96 75 15
72 66 94
38 80 65
71 54 4
26 34 98
42 73 44
98 4 38
45 55 10
38 19 2
40 38 88
45 57 32
18 58 80
42 80 45
12 5 78
29 37 81
74 18 86
63 94 12
95 97 78
16 4 89
26 24 44
74 81 89
3 97 84
52 43 37
58 71 78
14 50 13
82 7 39
42 47 58
93 64 57
73 13 99
57 88 14
44 70 59
91 81 22
82 21 14
24 83 2
7 60 31
73 19 49
60 45 85
79 1 41
42 85 46
49 42 71
38 37 32
25 34 36
29 48 2
1 9 66
44 55 26
76 74 88
18 92 9
22 4 2
45 42 70
48 87 22
66 55 26
46 99 68
34 59 3
70 7 59
88 99 78
14 64 27
94 91 94
50 82 52
27 73 27
3 77 3
36 61 27
82 98 60
41 61 95
13 92 82
15 1 43
70 32 69
9 76 86
18 88 7
26 59 5
76 3 97
6 71 18
45 5 86
81 85 75
3 7 61
74 49 100
90 47 34
95 7 20
4 56 32
2 75 93
1 55 42
21 45 28
22 17 18
67 37 56
16 33 49
4 0 1
68 3 59
22 68 54
82 99 32
85 26 77
11 13 37
20 53 35
24 29 29
41 23 2
8 47 49
24 18 33
73 51 42
27 54 86
95 52 14
82 15 64
63 60 27
49 7 26
30 25 7
61 94 94
79 13 7
88 89 27
57 68 17
56 74 58
41 58 15
68 7 56
30 46 92
52 64 94
59 96 11
17 91 34
2 45 77
0 13 74
91 81 86
5 18 83
15 43 95
2 5 58
61 50 49
26 58 19
18 83 13
3 55 89
67 66 3
96 99 26
43 18 25
41 1 94
22 54 35
11 7 65
14 4 99
56 38 18
15 20 58
47 85 10
70 49 12
98 41 36
20 73 60
83 17 55
77 78 59
52 96 56
70 48 54
15 67 74
88 77 15
69 47 75
39 67 22
41 38 7
60 17 63
99 96 84
87 92 7
7 47 96
42 96 14
73 33 41
64 48 99
83 63 22
43 15 35
96 81 29
48 66 15
90 26 2
40 96 66
79 91 46
16 72 23
6 46 2
18 78 25
30 52 67
94 48 15
98 61 98
22 26 18
87 68 95
84 71 34
56 39 36
20 75 52
86 17 50
85 19 66
58 16 55
94 76 17
10 63 37
65 70 9
94 61 20
80 50 36
46 84 41
49 24 27
29 5 6
54 40 17
43 81 68
91 16 92
79 32 84
23 87 10
74 35 83
72 40 94
77 44 98
41 27 4
14 92 92
9 51 96
76 12 86
14 85 36
54 5 21
37 11 98
85 63 46
30 40 40
72 52 68
74 61 6
19 85 34
55 98 73
93 83 86
70 33 90
72 25 42
75 11 70
22 21 47
49 12 56
77 96 21
64 48 27
78 25 19
88 57 23
21 90 79
5 91 9
91 42 74
56 20 49
3 96 33
32 4 4
51 88 25
45 41 19
45 0 28
20 81 40
22 50 5
2 91 24
53 88 48
59 11 99
72 5 31
72 98 94
85 38 98
87 67 2
81 16 58
60 37 2
15 54 33
22 75 46
55 3 70
85 89 84
30 32 81
10 66 63
54 37 89
38 54 27
20 28 63
29 81 46
71 40 59
25 91 23
19 99 73
79 53 41
37 7 95
37 50 89
76 39 74
67 69 88
51 6 65
94 55 63
15 76 10
16 56 49
16 99 64
8 82 62
22 19 12
85 72 16
90 65 33
50 79 9
85 36 97
56 91 1
27 42 6
36 32 4
10 27 50
88 40 64
38 22 16
91 31 33
11 95 26
30 5 8
49 86 76
22 80 71
0 40 33
70 10 75
60 19 89
11 75 78
48 68 32
86 70 66
6 49 40
28 10 23
80 46 82
56 67 41
84 33 70
4 89 38
63 70 61
42 90 27
54 75 58
37 46 90
25 92 71
79 25 97
86 19 58
11 72 44
62 91 76
9 88 76
33 7 23
68 89 11
35 30 60
62 86 41
95 91 42
96 4 88
68 72 14
28 56 63
39 41 100
35 10 98
10 85 11
77 37 44
2 4 61
50 64 62
92 13 2
71 82 50
96 80 65
83 70 57
29 36 73
30 50 53
28 99 3
30 15 39
20 8 17
24 25 15
7 36 43
53 12 20
79 31 84
90 81 35
30 37 60
8 12 90
35 25 63
14 46 28
48 63 86
18 79 27
38 14 95
7 24 17
50 45 3
39 51 7
20 45 77
53 19 94
92 86 76
31 15 54
12 30 54
51 42 67
77 14 36
87 70 48
54 14 93
55 57 16
5 63 89
63 28 39
33 57 95
74 17 34
24 45 14
93 81 7
50 76 38
40 35 5
96 80 65
70 96 40
97 9 43
30 1 31
88 94 74
96 48 33
89 56 86
51 1 44
34 69 75
27 77 64
39 76 36
36 91 62
18 22 6
64 0 67
48 47 46
90 74 45
68 88 89
52 13 70
75 44 20
63 68 93
65 17 68
97 94 99
54 11 34
29 7 17
17 4 45
57 69 63
94 62 97
91 36 41
12 52 54
40 12 14
54 95 3
80 31 79
27 91 23
47 94 63
17 99 23
41 70 89
46 11 16
79 41 76
13 39 21
33 3 6
38 8 32
16 2 39
3 88 30
14 82 73
90 8 5
8 91 60
50 66 23
82 62 5
92 33 84
66 17 21
38 74 39
20 69 63
1 85 8
56 58 25
80 61 45
59 18 41
11 67 30
45 66 36
17 46 21
70 84 88
69 47 88
30 0 46
85 90 65
30 59 28
70 12 47
10 21 57
75 71 17
27 16 70
61 10 50
79 62 26
34 30 19
28 68 63
51 66 25
1 31 17
47 2 47
59 52 4
62 2 82
88 66 99
93 13 26
75 19 7
91 36 36
25 85 93
62 76 51
33 75 19
26 86 2
29 19 49
29 75 81
9 30 59
98 50 85
88 79 64
65 75 90
29 71 99
71 31 52
78 83 79
72 21 45
72 12 74
36 80 24
33 15 26
77 49 40
37 26 92
75 96 27
63 90 47
28 83 25
25 20 65
0 24 49
30 82 23
56 94 95
55 6 96
31 78 2
62 81 52
91 79 85
8 14 78
73 19 4
6 96 20
85 21 69
64 74 58
24 88 98
27 99 22
19 63 48
89 52 17
64 13 59
98 83 99
49 22 31
74 59 42
70 95 7
49 4 11
95 85 39
19 15 61
89 17 63
26 21 97
37 91 6
99 79 46
41 82 60
85 6 26
82 89 96
39 16 94
79 89 63
64 44 66
38 50 21
4 86 25
63 97 53
24 15 30
43 44 36
40 64 67
28 8 17
54 11 31
41 44 78
98 84 9
33 40 78
0 14 14
32 21 14
11 44 99
26 6 19
35 16 21
60 30 57
44 30 9
42 4 39
50 34 85
76 14 59
51 82 27
89 85 84
1 93 35
75 18 55
75 99 7
63 67 100
8 58 98
99 75 4
53 12 65
95 29 9
19 87 59
32 25 85
4 19 65
17 99 61
91 68 69
35 8 92
68 17 30
79 19 69
95 92 46
53 26 80
63 68 30
59 41 17
85 67 90
58 98 84
52 3 63
47 72 22
79 17 39
2 32 63
13 81 17
11 25 68
42 58 95
81 97 17
73 88 1
99 25 18
6 21 91
24 58 45
88 54 6
17 99 55
25 31 21
33 57 78
35 12 67
40 59 24
15 88 45
9 36 16
64 83 55
23 30 24
79 85 16
49 76 83
99 5 66
23 56 57
48 1 82
78 46 71
30 89 52
0 12 28
81 71 43
45 24 88
59 24 59
84 58 100
38 41 97
23 87 66
4 27 52
65 58 88
41 23 12
83 13 25
96 74 99
16 86 43
38 19 98
79 42 81
85 11 41
11 71 65
4 17 46
78 47 56
2 17 60
32 73 99
48 67 85
70 43 14
28 8 35
24 72 41
71 90 93
6 83 6
1 20 60
11 14 65
61 64 51
2 5 4
41 50 71
10 52 32
53 90 11
95 81 51
61 31 31
4 22 48
37 10 6
8 0 53
5 78 4
84 24 33
42 98 63
78 69 54
93 46 52
47 46 97
19 5 51
61 67 77
40 59 96
33 19 67
92 99 60
51 90 11
58 78 80
84 89 36
7 80 38
45 46 94
28 90 49
0 1 21
49 14 62
50 80 66
43 35 19
40 83 24
94 15 35
7 27 35
74 48 51
47 70 86
72 74 43
26 64 5
93 13 65
56 94 68
78 51 42
40 15 73
59 44 20
4 6 26
46 78 90
22 15 54
3 7 37
97 6 53
55 61 23
0 68 69
27 2 49
43 93 56
94 74 1
79 84 47
61 71 2
98 9 9
18 20 69
65 52 100
56 71 74
51 68 50
38 9 29
28 77 17
80 93 92
14 77 16
23 60 73
77 91 35
18 11 48
78 5 58
44 30 19
76 2 31
79 97 99
68 0 94
47 84 82
55 67 13
95 18 12
45 33 15
85 40 39
74 14 68
18 73 13
25 46 7
65 85 17
46 11 33
83 88 21
1 7 52
22 9 51
80 55 77
69 56 87
82 99 47
95 17 36
38 89 13
48 29 69
73 61 98
73 9 32
30 90 45
32 55 19
36 18 71
49 18 62
30 90 44
74 27 95
50 37 34
7 12 18
82 21 43
4 75 13
95 74 67
27 49 21
9 69 90
46 91 92
11 68 29
50 52 79
88 3 52
75 93 78
32 61 78
73 20 25
82 41 91
41 33 93
3 5 20
75 8 72
16 46 7
58 14 62
99 92 78
81 52 70
45 83 45
24 1 61
78 5 21
16 11 52
50 41 32
8 52 88
58 68 94
78 73 44
92 4 91
92 11 67
57 51 40
85 60 74
59 6 99
3 55 81
45 97 71
22 85 3
71 17 11
46 89 52
78 51 19
66 33 18
82 88 14
21 81 17
49 17 95
55 78 39
77 61 18
39 48 60
33 34 31
18 29 38
84 13 75
67 64 20
46 84 6
28 18 64
89 88 39
96 43 100
90 39 89
56 78 97
29 63 92
76 87 14
17 44 13
8 80 26
86 24 88
33 40 51
6 70 51
12 7 34
34 16 18
46 24 16
65 0 85
78 36 1
54 8 17
50 64 43
91 96 37
67 87 1
91 81 74
19 72 30
89 70 25
2 48 30
57 55 71
22 61 40
58 32 11
13 21 69
36 18 13
78 48 96
35 85 78
37 79 71
88 95 12
39 20 78
12 51 65
39 30 59
25 98 80
31 57 70
30 54 71
53 56 21
35 13 22
90 48 9
38 42 31
81 76 31
60 97 70
71 96 34
82 37 42
31 5 82
29 99 89
11 40 36
63 75 19
71 12 5
94 12 83
11 19 8
48 58 67
50 23 70
6 8 11
75 38 31
78 17 86
11 55 89
52 72 47
53 91 73
41 34 27
86 49 58
1 94 20
48 60 85
75 40 62
77 69 68
90 14 90
29 34 70
94 16 1
63 47 88
85 61 41
53 32 50
16 40 96
89 60 49
56 66 76
6 25 23
40 53 95
0 30 57
2 98 59
92 17 98
84 69 14
1 24 45
19 64 29
99 94 61
60 73 88
29 41 35
31 89 55
83 46 17
17 86 58
4 39 60
27 78 21
28 74 25
70 52 90
74 40 37
29 67 39
36 77 78
56 68 60
49 13 19
42 14 15
91 25 51
76 86 51
86 11 71
25 22 82
33 76 93
76 74 53
67 23 33
6 69 17
36 19 80
70 92 99
41 14 16
40 21 31
49 66 73
81 4 21
80 51 75
97 62 89
17 52 24
59 26 95
15 45 58
1 34 21
89 5 3
96 10 95
7 25 4
59 26 88
87 78 30
17 7 9
75 24 22
89 0 34
61 48 46
32 77 6
10 89 37
21 29 52
0 90 88
84 20 86
90 75 58
36 41 59
21 65 54
8 71 90
96 50 74
34 40 24
59 94 68
30 70 21
90 41 70
68 49 97
49 23 29
67 28 10
12 32 49
88 38 38
17 94 74
90 72 36
96 83 97
82 83 23
80 69 7
61 85 99
36 54 96
70 73 79
78 75 21
87 1 16
58 64 37
19 77 29
2 84 23
29 8 67
15 5 12
69 64 14
57 24 51
70 67 80
23 49 31
45 42 87
48 12 44
28 90 13
54 65 54
10 21 6
53 67 68
42 39 73
43 58 19
39 93 66
62 93 32
33 55 86
94 1 49
44 93 1
62 41 85
34 12 66
95 96 22
86 90 42
35 11 73
86 97 83
28 87 5
37 30 53
75 10 96
43 68 70
31 11 9
60 20 7
3 50 85
64 61 38
41 20 98
88 8 86
79 89 80
22 88 21
93 66 12
68 56 89
13 10 76
6 86 34
90 33 55
89 18 6
50 52 99
71 48 24
7 21 12
45 54 49
3 27 65
42 40 43
30 24 89
99 82 18
20 73 84
87 5 19
88 44 100
49 2 39
28 50 38
97 42 4
87 90 38
42 85 46
42 20 23
0 97 69
22 8 16
26 56 37
9 68 53
68 41 28
45 37 4
35 46 50
39 4 58
15 41 14
17 94 42
67 53 69
75 83 23
3 16 98
12 74 32
52 18 14
67 76 57
69 48 12
46 52 25
5 4 12
22 75 58
59 15 55
21 59 54
86 23 83
35 49 20
77 19 76
9 67 69
43 54 25
56 51 58
81 3 18
31 22 86
2 40 77
89 54 96
74 95 31
60 2 71
99 56 25
91 19 2
58 73 77
5 84 11
73 82 74
22 65 93
63 37 43
3 86 35
43 20 74
0 1 3
51 78 6
8 80 62
11 67 39
52 55 28
25 19 26
46 38 6
89 8 6
32 44 23
60 27 2
55 72 47
51 90 15
74 12 23
67 94 11
73 90 64
53 62 96
99 35 39
66 20 65
51 29 44
54 64 12
85 80 6
78 22 67
87 57 26
59 0 92
72 63 65
90 24 73
40 60 28
23 73 72
86 7 69
81 54 60
74 29 55
90 71 54
82 17 85
97 76 61
50 24 21
49 17 75
48 22 81
54 45 34
1 93 73
91 97 49
89 47 51
76 45 67
81 40 37
52 69 38
5 56 83
10 47 65
7 77 87
68 73 75
51 90 37
52 37 37
96 10 33
23 90 26
68 51 28
7 19 96
18 15 1
91 82 62
39 53 83
48 83 67
72 9 77
90 49 12
46 94 100
12 3 15
2 83 52
46 84 23
2 63 9
20 41 26
67 41 3
7 70 80
66 84 50
46 87 4
52 94 52
69 31 29
70 80 1
3 48 1
74 6 84
52 30 49
74 94 50
31 34 12
40 25 21
77 72 58
62 95 11
31 11 50
27 32 82
98 53 61
67 59 86
65 5 93
54 50 51
91 89 46
12 7 56
68 91 21
94 36 11
22 92 72
26 22 63
84 55 28
68 5 81
36 9 60
50 11 68
71 96 48
65 98 51
39 25 36
28 54 62
64 99 45
57 18 41
59 60 60
64 96 46
51 59 1
13 31 1
94 86 62
54 3 71
24 2 54
46 49 43
46 3 9
22 85 41
77 42 12
77 46 33
23 84 46
0 69 10
76 94 18
96 77 27
68 28 38
71 68 16
5 99 41
26 99 61
15 55 96
90 50 79
21 31 63
24 0 56
69 25 15
44 84 14
98 90 94
84 68 79
92 40 48
1 75 81
49 32 41
26 97 75
23 97 42
38 68 67
87 71 34
49 45 24
88 41 19
36 4 21
16 66 78
48 12 47
65 64 15
19 12 48
10 99 93
92 60 26
86 1 88
2 16 91
17 98 9
83 6 90
51 6 16
52 44 53
48 79 61
50 98 17
41 84 20
73 15 70
83 2 76
63 35 56
64 90 26
74 44 81
12 82 92
41 56 32
76 32 95
8 73 95
9 67 38
17 91 89
9 38 43
35 31 91
92 5 60
11 22 94
75 12 86
68 85 28
95 1 16
38 81 52
40 98 94
71 36 20
12 90 31
94 72 23
78 85 26
14 52 31
58 74 62
73 23 35
78 28 46
71 2 27
41 48 82
51 45 17
87 10 22
93 13 54
84 33 17
95 8 94
57 6 32
35 30 33
31 68 57
83 12 44
80 47 15
94 0 37
48 23 43
9 35 84
80 97 88
71 24 67
4 72 7
19 93 53
78 28 36
35 47 37
76 92 52
92 67 79
20 71 86
8 82 89
18 81 54
92 70 73
90 85 15
90 36 34
74 26 49
50 98 44
68 79 55
51 96 71
15 52 56
65 4 100
23 30 54
92 74 69
32 36 78
16 90 53
97 37 57
12 36 54
23 40 3
44 78 7
30 92 13
23 37 87
82 76 42
99 50 48
78 35 7
44 2 85
96 82 40
97 99 91
40 10 77
6 21 4
70 87 24
79 84 66
8 30 87
64 11 77
71 36 34
11 78 68
40 13 16
56 1 19
46 32 3
64 15 89
97 28 9
61 60 39
32 0 54
41 69 39
54 89 39
21 11 3
91 54 22
82 85 38
47 96 54
59 58 5
37 43 11
87 96 50
33 43 37
61 25 12
10 27 15
77 65 25
44 26 4
55 34 65
61 35 30
59 49 35
46 29 100
91 76 73
73 85 54
42 52 76
19 1 10
13 6 74
65 53 42
1 14 77
6 94 67
64 44 37
41 97 33
52 19 5
96 27 20
64 8 41
8 36 44
25 67 55
87 76 83
66 56 66
20 80 40
65 78 18
10 53 87
45 21 86
90 49 13
52 7 52
96 32 89
74 41 61
95 38 73
71 0 50
11 73 15
56 82 61
31 17 50
75 87 50
48 63 9
71 78 8
64 15 72
15 28 35
93 35 7
95 74 50
35 39 10
72 76 43
98 64 31
10 68 24
56 69 27
14 49 11
13 57 40
97 6 66
72 0 92
64 11 36
49 27 36
20 18 1
4 56 33
84 3 31
63 19 67
90 78 88
44 78 34
88 67 25
96 73 12
64 84 41
22 53 6
60 31 17
94 12 42
94 48 94
94 34 79
84 48 79
2 50 20
15 47 90
52 73 31
68 99 62
26 0 21
18 77 74
37 38 66
36 96 83
46 6 20
86 65 92
50 51 41
50 44 5
61 56 88
39 60 38
2 88 92
58 25 45
57 49 1
96 60 49
39 38 38
68 74 66
64 70 70
9 88 76
65 18 14
30 83 35
26 24 74
29 50 81
39 29 40
21 7 61
94 84 15
97 33 11
67 80 37
47 13 87
32 35 73
61 1 94
13 98 96
90 89 33
28 84 97
44 29 66
35 26 7
75 16 89
76 85 78
96 0 1
25 20 35
47 94 70
95 43 97
99 43 100
96 84 72
64 56 67
12 63 9
56 58 4
41 29 53
85 58 23
88 71 94
30 82 95
76 77 59
50 92 43
8 6 68
87 52 47
38 22 80
22 3 93
10 87 38
30 53 42
56 33 61
83 69 22
73 20 11
67 20 3
46 28 89
14 87 85
80 86 45
31 72 3
63 80 12
49 55 42
45 85 13
56 71 79
39 55 40
51 92 37
83 17 57
55 57 37
93 58 98
61 60 25
74 57 22
37 91 42
30 90 15
55 98 49
17 76 11
68 65 46
23 54 78
78 23 72
75 39 17
54 48 95
51 85 80
98 46 55
15 32 42
33 20 8
72 1 45
50 78 28
2 49 28
42 64 29
50 38 18
50 30 69
43 41 9
51 79 81
2 54 77
50 59 38
62 21 59
37 15 45
17 13 85
61 59 24
50 92 69
40 5 33
61 76 90
99 39 47
63 15 9
73 44 1
97 51 58
1 51 31
0 35 18
61 87 61
0 1 83
25 78 4
7 59 59
43 58 97
88 41 8
62 53 64
68 53 14
6 72 96
33 15 83
54 17 98
68 13 7
72 79 52
66 21 65
45 76 80
77 67 97
25 90 8
33 56 49
93 37 1
24 11 31
72 97 22
70 66 52
46 25 25
79 86 48
58 20 60
45 98 89
64 70 15
29 64 72
28 32 50
36 87 25
85 7 95
9 5 11
31 19 62
96 86 86
16 22 45
30 14 8
15 66 68
14 51 32
2 29 9
57 8 68
47 89 21
47 79 98
97 55 43
88 47 2
53 40 27
9 60 31
56 83 95
35 1 46
9 41 95
81 3 38
47 53 15
86 74 21
33 75 79
48 88 80
20 50 13
62 54 55
17 29 43
13 35 72
70 86 45
31 50 41
64 57 74
14 25 13
93 84 20
74 83 95
60 44 5
76 5 39
19 48 50
59 76 30
74 2 45
33 71 44
23 2 18
81 83 15
95 94 36
44 81 31
64 36 8
62 59 3
31 92 35
88 89 4
69 78 57
12 18 8
55 92 85
18 26 31
48 46 47
33 6 65
55 39 99
70 49 7
29 30 40
52 38 38
97 94 20
58 28 86
73 30 5
84 39 70
33 98 1
9 63 62
3 52 18
9 49 53
14 99 55
82 59 59
68 75 33
3 65 100
57 85 92
32 81 76
51 99 84
91 44 68
74 93 15
7 15 81
19 47 78
2 41 48
29 94 12
58 91 40
90 77 10
0 37 24
50 4 89
61 43 88
88 30 50
71 74 23
89 6 63
82 90 61
0 3 33
67 15 46
73 36 19
23 18 59
67 26 62
89 12 23
60 33 18
20 6 71
13 93 11
10 37 80
72 33 32
7 44 70
41 96 15
81 0 73
55 68 93
41 55 65
22 86 81
39 97 4
92 35 85
39 84 23
57 94 88
6 62 81
70 56 93
13 21 43
4 74 21
71 91 34
68 39 77
77 29 46
49 88 91
5 38 48
79 26 61
64 84 74
58 55 11
44 40 8
15 11 35
59 91 50
61 93 99
39 67 64
41 13 72
71 97 11
85 70 76
3 52 73
54 75 36
90 68 67
34 76 28
76 98 23
17 86 73
78 42 45
78 57 3
50 37 41
28 25 100
21 53 9
85 59 31
44 53 71
32 38 14
45 94 6
88 71 87
29 98 53
66 58 77
13 35 66
2 50 44
5 17 74
35 74 6
13 88 81
23 24 35
18 13 22
40 54 64
78 19 31
74 83 47
41 60 30
43 32 40
70 68 16
78 24 47
52 10 94
67 27 80
99 67 86
23 33 5
99 76 76
74 25 74
70 85 78
95 48 45
38 2 88
56 67 29
68 71 31
31 56 48
21 71 12
17 88 31
21 14 73
11 42 37
56 86 19
36 78 10
66 81 61
33 98 51
18 53 21
76 41 30
74 45 55
83 8 70
49 26 22
43 88 4
48 66 53
45 74 88
36 30 92
94 17 49
35 83 27
46 12 87
32 43 71
5 82 62
90 59 21
47 8 72
21 34 76
70 79 63
43 16 31
65 4 43
66 53 62
2 60 76
84 22 96
33 37 67
76 63 3
56 79 71
66 73 18
98 13 47
56 62 86
86 94 96
71 79 95
66 77 38
63 71 94
94 47 52
14 93 15
82 90 99
13 46 34
22 65 1
69 0 61
72 4 88
6 52 67
80 97 91
43 76 94
72 73 5
12 65 4
93 94 35
24 54 12
91 63 2
46 67 9
26 10 69
31 27 24
48 28 66
48 54 32
52 37 89
18 2 82
72 98 31
61 67 28
89 59 79
57 51 95
57 96 7
54 19 27
83 70 56
97 30 24
60 32 70
14 12 4
14 98 89
3 22 44
80 87 94
97 46 83
11 26 61
94 2 26
31 43 32
69 88 74
79 36 95
46 54 19
23 84 56
67 3 8
58 64 32
8 36 61
51 3 59
58 57 96
80 39 64
48 94 86
12 60 9
9 40 72
43 23 16
89 24 38
7 2 82
0 38 8
28 48 26
20 75 22
88 98 95
18 16 7
16 10 92
75 89 95
0 81 90
94 30 40
91 96 64
52 73 12
25 98 92
85 13 9
71 57 90
51 63 26
59 36 75
59 37 97
2 10 97
4 64 13
53 52 96
47 71 65
66 93 71
59 55 85
22 76 6
77 71 59
31 49 34
63 80 99
89 41 80
9 47 87
19 87 29
82 7 71
31 59 94
22 67 58
10 65 5
4 18 5
15 45 9
18 91 94
6 29 2
40 99 47
97 47 9
34 40 98
22 76 86
21 37 83
88 71 40
64 67 50
16 37 72
3 9 53
43 30 47
99 80 91
42 99 90
67 71 14
54 0 55
21 93 28
64 53 81
69 74 70
46 7 76
89 44 73
17 9 97
18 76 57
46 51 100
24 48 29
31 27 5
56 58 84
96 51 22
68 25 47
95 51 94
68 14 32
76 28 44
16 50 99
82 99 65
24 72 17
68 53 67
13 98 98
71 49 86
0 22 66
56 9 50
74 15 76
10 70 51
67 28 46
88 85 87
66 44 22
36 56 46
71 19 38
46 80 39
9 66 10
50 43 67
68 75 6
84 45 96
78 80 4
81 11 57
78 95 53
19 0 52
0 9 46
76 91 74
62 9 21
6 83 25
80 12 98
13 26 94
80 10 21
65 40 72
35 66 76
27 95 65
87 5 2
76 6 14
90 9 37
83 53 33
60 99 43
85 8 21
12 11 11
63 52 34
96 3 40
88 17 30
41 69 66
38 16 28
36 10 22
66 54 47
38 11 33
59 97 33
35 40 58
40 21 42
39 64 71
9 36 10
16 11 63
19 23 72
28 59 9
75 28 21
1 49 53
32 51 8
65 89 9
70 77 21
76 45 45
58 19 3
1 86 52
11 58 73
25 59 79
20 55 89
87 3 18
92 2 71
12 80 88
92 35 98
69 90 72
87 82 80
98 85 69
31 36 27
58 29 70
6 58 25
3 40 68
87 0 21
66 90 70
22 77 22
43 26 34
31 69 12
91 96 32
38 67 8
50 56 89
83 38 13
95 78 50
60 18 5
84 64 74
67 45 86
21 88 25
71 77 51
27 89 63
15 87 47
10 26 9
57 42 25
77 54 83
40 76 85
10 91 78
28 54 67
19 96 3
21 87 31
64 68 83
52 12 26
9 84 51
81 12 37
43 26 33
51 94 64
38 92 87
78 38 26
58 46 18
1 84 21
59 54 36
28 64 30
99 6 63
0 27 97
0 30 76
32 10 73
4 66 79
68 10 3
3 30 54
52 29 59
19 25 38
76 97 24
14 76 94
66 93 23
69 2 62
51 55 90
56 71 45
89 35 100
98 99 22
51 98 88
72 68 57
52 8 79
27 45 5
77 89 2
90 79 4
32 87 36
1 11 42
2 50 15
43 22 84
2 67 73
94 84 39
22 29 86
56 55 10
33 82 60
7 72 19
66 26 6
83 2 80
48 22 33
9 86 77
97 99 86
26 42 98
59 31 7
52 41 91
80 51 24
76 51 56
41 96 84
53 58 75
7 19 59
14 26 47
47 20 24
84 29 6
55 66 80
35 38 81
42 61 19
36 68 43
5 73 2
49 59 46
82 75 28
63 84 34
74 52 14
45 86 73
90 0 83
90 56 47
67 85 10
93 82 54
32 3 90
37 61 65
81 42 99
89 70 95
18 60 3
8 67 29
4 9 74
20 64 70
99 56 38
51 14 12
31 9 91
33 75 97
47 62 34
16 93 77
68 24 44
50 58 55
94 93 59
71 64 45
91 42 5
4 35 31
46 31 31
57 50 84
74 16 42
73 31 67
44 71 53
2 49 93
48 93 43
96 0 93
33 37 15
30 34 53
91 58 100
96 94 42
5 12 76
59 69 73
28 9 47
92 19 39
23 97 51
50 58 38
9 53 19
1 13 46
46 58 4
56 14 79
35 20 80
5 34 33
89 84 96
88 40 2
53 66 22
93 51 62
58 4 36
75 49 96
49 90 36
72 88 64
40 66 58
35 7 31
11 39 60
91 24 49
38 84 67
89 11 98
44 65 88
48 24 30
56 29 90
26 81 97
93 23 68
23 44 83
82 4 55
33 65 46
39 57 40
59 30 84
1 84 32
95 84 96
89 39 46
75 61 57
14 99 77
48 1 42
97 0 56
93 42 13
45 61 46
54 59 40
24 96 88
59 82 88
50 31 62
69 74 62
61 42 88
5 59 35
36 61 20
54 27 58
80 14 42
47 33 61
99 16 42
68 25 94
69 9 90
90 78 44
9 29 31
1 15 99
51 5 7
18 91 77
81 54 73
54 76 61
0 35 60
22 89 33
43 34 35
68 72 35
70 89 10
64 35 57
16 18 37
58 25 78
12 29 3
7 21 1
41 63 65
19 66 98
12 26 14
35 47 21
88 72 23
36 81 65
48 41 75
97 29 41
35 49 11
34 53 9
21 20 63
53 79 56
28 16 2
16 15 85
95 67 77
4 86 23
59 8 7
45 2 43
12 10 67
18 77 64
27 32 87
50 86 82
8 67 60
21 94 10
13 19 8
43 80 39
62 65 11
61 48 69
79 95 20
22 4 74
77 71 57
9 45 67
76 59 57
53 84 72
29 21 24
2 5 49
46 70 90
28 22 7
30 65 83
86 11 97
40 41 76
51 95 46
34 65 55
4 86 76
62 45 11
60 45 6
59 87 28
0 56 12
95 31 45
45 51 22
4 30 22
31 90 32
72 33 81
14 71 48
14 85 31
44 47 88
76 15 9
28 94 81
15 95 29
13 51 24
81 18 78
13 22 12
30 60 2
53 81 52
68 88 46
87 41 55
60 58 69
69 23 57
49 14 83
87 51 87
64 20 71
47 18 92
63 0 34
99 74 40
30 6 21
29 21 71
34 9 50
88 77 46
55 80 98
36 22 56
90 81 29
41 10 47
32 79 22
7 92 57
57 43 86
52 75 24
65 98 49
82 85 64
45 40 58
64 54 19
14 8 58
40 71 45
36 50 36
60 44 8
66 47 38
28 26 38
79 65 7
89 51 94
28 57 41
46 33 21
26 56 3
94 77 53
84 4 26
95 15 13
65 13 97
14 5 57
42 85 72
60 88 96
39 52 27
11 27 25
62 9 96
42 13 49
44 95 55
24 80 21
34 15 13
41 34 98
73 67 21
96 26 88
89 68 90
83 14 86
1 69 83
22 60 67
77 21 78
58 5 36
87 15 3
94 64 68
37 12 57
83 2 5
98 86 67
37 49 29
48 71 34
1 24 72
89 26 91
5 77 52
42 1 10
94 96 96
89 52 8
80 5 94
83 39 89
50 47 73
40 84 20
60 16 89
55 2 84
7 28 92
70 63 25
41 13 84
20 21 13
32 64 28
35 61 96
43 45 80
84 11 87
86 65 66
19 7 39
27 35 1
48 68 93
89 96 42
58 33 7
25 28 17
62 39 65
44 94 80
23 64 41
88 38 77
32 37 62
37 81 71
92 84 65
26 41 35
17 3 40
88 74 43
5 44 61
2 6 61
36 96 2
58 48 22
53 5 87
24 15 49
18 30 50
17 37 81
99 30 49
52 9 29
52 21 4
8 96 62
18 67 11
36 0 1
3 99 100
38 97 68
7 37 3
5 73 80
15 89 49
36 37 89
97 16 26
99 35 99
56 35 25
14 59 67
28 53 80
4 17 96
81 39 24
63 69 98
28 78 99
83 29 91
44 36 93
3 78 9
14 91 20
71 14 74
16 42 56
92 59 33
20 74 32
50 60 58
20 93 78
59 82 11
29 86 79
56 67 12
57 58 77
42 38 57
48 4 12
52 68 46
32 82 75
37 0 14
9 23 9
5 3 41
54 17 96
3 67 90
44 45 6
54 50 53
5 79 72
81 29 42
81 23 74
35 70 5
56 66 98
6 10 5
93 54 87
76 24 14
3 67 55
13 91 40
52 89 68
88 24 86
29 59 48
83 88 64
90 74 97
31 26 66
62 79 28
42 87 84
32 37 78
42 81 24
62 61 94
12 10 76
36 65 92
52 93 97
92 42 63
21 39 9
21 9 53
34 37 63
36 27 51
51 7 27
82 24 75
28 86 34
52 75 18
75 24 17
52 8 26
19 48 69
18 15 62
13 24 46
55 24 39
31 15 71
39 6 100
34 4 58
19 38 72
5 13 82
87 33 29
27 26 96
22 83 1
50 27 19
70 28 51
54 4 56
43 23 8
79 74 95
27 35 65
28 77 66
79 29 70
85 41 71
48 94 83
58 53 57
15 52 63
34 80 59
50 68 30
65 13 54
86 93 49
66 12 22
35 79 28
5 33 1
70 76 93
68 2 62
66 98 69
38 4 93
55 46 26
29 70 18
2 60 43
89 86 68
3 33 34
86 46 44
60 20 81
98 68 30
1 15 35
90 35 81
27 14 59
4 48 39
9 2 88
55 56 65
53 1 72
59 83 93
86 65 17
3 34 69
77 8 36
2 66 7
72 83 10
24 69 43
88 7 65
61 90 20
56 80 63
40 22 49
33 55 34
37 24 49
33 89 84
62 89 50
57 66 55
91 76 94
8 38 1
93 57 10
40 36 93
99 52 77
52 7 12
39 22 2
89 55 70
45 98 88
61 36 76
68 54 20
49 82 77
43 96 40
56 75 2
90 94 32
60 30 36
25 6 10
24 2 10
29 37 91
91 69 37
21 46 41
55 1 64
63 88 30
45 98 23
44 77 89
82 5 14
49 98 88
62 30 66
28 37 71
1 35 70
27 67 43
15 47 2
66 32 12
63 2 49
83 23 4
96 40 67
64 69 31
93 68 54
61 22 86
7 8 29
28 90 22
46 27 57
8 78 74
5 87 40
56 63 36
41 61 97
61 1 64
43 56 67
50 5 79
30 52 93
2 79 80
34 49 60
71 7 33
5 1 60
60 78 3
53 33 50
97 71 35
69 54 62
42 27 79
98 57 67
70 77 70
74 45 20
4 35 47
51 99 5
81 3 83
24 93 27
7 9 84
39 73 40
70 77 37
92 10 37
91 10 4
81 15 36
27 98 60
5 76 62
74 97 94
23 32 28
81 69 35
59 66 68
89 55 24
78 62 30
11 88 28
13 87 30
64 68 56
25 91 33
34 73 79
64 81 41
60 74 38
51 42 37
53 77 29
53 18 11
81 42 11
90 51 23
36 86 58
86 98 43
6 53 76
26 87 73
20 36 70
46 25 73
44 48 6
20 93 49
2 5 8
79 11 83
54 77 41
28 33 62
32 51 18
79 27 46
19 15 89
41 31 95
54 88 1
79 50 33
20 80 12
84 32 13
70 8 69
43 62 59
1 85 78
75 5 36
58 54 66
11 87 7
30 35 72
94 29 78
15 29 66
98 41 12
15 41 11
37 17 56
3 89 94
38 81 31
20 47 90
60 35 6
85 67 47
15 0 91
80 86 87
3 83 10
37 22 6
62 17 88
97 30 95
81 76 41
3 1 76
66 79 57
97 81 61
64 15 2
65 18 25
58 21 87
8 77 95
84 97 23
25 4 17
75 19 50
6 30 77
6 47 86
52 25 45
27 70 91
81 38 60
80 50 13
9 75 12
75 9 95
96 67 27
23 10 27
30 22 45
70 0 84
54 95 65
32 84 20
21 19 17
45 49 66
17 78 19
33 44 44
24 39 70
87 18 37
40 20 64
75 46 68
15 67 27
37 44 30
60 93 68
29 93 12
19 20 87
74 75 44
43 61 10
29 60 40
52 80 9
59 22 80
80 52 23
41 46 20
72 64 90
0 91 19
82 25 75
88 34 74
36 48 95
11 25 28
76 38 98
11 99 42
52 63 59
24 72 38
78 86 13
61 3 75
9 24 66
60 67 29
60 37 22
75 13 76
50 72 25
99 33 10
92 42 65
83 86 48
45 53 95
3 50 12
38 71 88
19 9 32
62 21 78
52 7 22
14 40 47
7 68 11
39 70 44
36 20 28
74 29 62
48 65 85
65 53 9
0 73 40
37 66 25
32 13 38
51 12 74
6 30 66
8 2 19
43 61 26
45 86 12
17 69 97
91 52 63
40 75 50
8 17 43
78 85 74
24 47 60
93 12 18
1 26 97
49 41 95
1 29 80
13 5 94
48 59 94
56 21 80
5 90 72
3 15 91
20 11 19
37 77 1
89 81 9
9 96 70
21 32 37
18 21 100
40 79 51
35 59 47
90 23 17
66 5 95
72 38 67
50 83 13
56 73 81
95 31 71
83 23 16
66 61 71
15 29 60
56 7 76
72 4 25
35 61 83
36 31 87
31 35 8
55 67 85
17 32 3
18 70 96
62 92 63
37 60 36
22 40 28
75 99 41
46 12 73
80 46 9
32 16 76
38 62 75
80 33 87
5 63 25
61 18 37
14 54 19
69 27 24
62 2 95
15 55 63
49 65 50
50 11 12
23 28 53
6 67 90
4 21 33
69 10 91
82 31 20
88 75 80
60 35 93
63 45 23
62 42 97
75 52 91
2 26 99
46 41 73
40 24 76
27 64 97
43 70 34
32 70 18
77 48 14
23 12 24
10 6 94
89 1 63
88 57 47
63 85 72
12 43 36
22 16 19
94 56 9
20 68 59
39 46 92
99 43 36
84 58 36
78 23 13
35 61 12
92 42 61
37 13 95
16 1 95
18 87 10
13 12 48
39 15 11
94 61 39
42 5 12
95 30 89
97 3 69
52 55 43
43 45 64
95 30 23
79 85 84
70 16 22
56 18 82
56 64 77
9 14 81
63 4 7
34 77 39
13 16 71
50 46 71
90 14 71
42 74 5
49 40 76
60 13 78
69 49 1
2 40 12
94 26 35
47 61 39
25 19 25
65 42 69
86 83 64
48 84 92
73 18 40
4 47 71
29 90 89
3 18 91
19 87 75
76 58 14
82 74 93
54 61 55
29 94 35
77 16 100
80 94 12
41 77 30
55 45 93
5 63 100
2 18 41
98 32 86
27 14 68
66 95 6
36 95 22
72 59 56
30 63 88
74 32 97
77 33 2
97 63 35
21 48 21
85 20 16
14 86 14
33 95 79
61 83 57
25 79 35
51 71 5
86 37 33
40 85 19
27 21 87
34 42 29
11 0 84
2 66 9
26 11 20
78 3 82
78 72 48
44 0 49
27 78 23
99 14 11
76 46 59
48 28 33
14 56 63
23 10 68
28 33 72
76 80 56
40 49 7
11 45 6
29 86 7
62 61 37
32 88 80
60 32 29
58 33 2
55 15 24
21 19 89
49 39 77
61 15 21
1 31 88
1 22 95
52 85 32
59 47 13
14 19 29
20 53 49
17 83 93
18 62 83
45 64 100
45 7 6
59 76 53
10 39 11
91 88 49
81 67 12
55 16 67
29 37 30
64 97 20
89 14 16
56 49 50
58 14 84
48 73 96
16 91 52
32 86 85
5 17 78
92 78 89
26 90 37
49 47 68
10 47 4
30 62 66
35 8 17
96 70 93
36 4 71
97 73 30
24 4 64
27 18 22
28 35 16
7 55 52
63 24 75
86 61 21
27 57 17
29 70 50
22 19 78
4 28 79
29 95 24
69 85 51
99 23 2
92 51 90
92 83 25
2 3 85
11 84 27
48 91 9
38 99 82
34 84 47
2 46 23
64 73 39
58 53 30
76 90 47
40 2 78
71 34 20
48 9 2
12 66 21
2 26 7
61 50 60
13 27 55
98 45 45
97 89 60
34 15 67
30 40 72
70 53 56
39 66 64
59 20 100
27 55 18
62 42 41
9 10 78
67 93 20
84 17 49
3 73 54
41 26 16
24 63 63
47 25 18
1 24 49
81 57 44
85 7 28
42 56 20
68 46 64
79 13 9
96 56 66
24 11 69
69 62 53
36 76 75
52 0 13
36 86 57
57 86 7
28 97 22
4 12 87
50 42 41
69 40 10
71 4 41
75 27 16
66 39 43
78 40 33
17 83 83
71 9 24
40 73 63
8 79 55
75 59 19
96 73 40
33 64 95
31 57 51
66 91 21
52 25 87
85 66 76
57 15 18
47 28 58
90 51 72
57 92 63
75 11 15
85 47 88
16 52 26
80 14 59
46 59 38
8 27 68
13 6 76
54 14 84
18 93 2
82 7 96
36 87 51
88 80 54
0 81 52
43 40 12
34 21 49
56 28 33
53 43 90
14 52 57
47 77 60
9 83 9
40 84 13
43 76 9
93 39 92
0 72 10
68 71 40
61 92 28
14 85 86
81 75 61
13 5 37
53 62 56
4 51 58
85 29 67
6 13 6
77 39 76
82 27 48
52 36 79
91 58 68
26 53 58
23 43 99
68 5 99
62 0 4
33 19 18
71 19 19
61 68 47
33 27 48
77 54 44
74 30 2
84 83 14
27 3 69
39 95 14
10 69 39
16 12 30
49 76 47
60 6 71
59 27 58
11 45 60
34 54 69
31 45 80
46 96 27
43 46 78
59 57 36
54 35 49
52 4 17
20 46 88
89 15 63
98 11 17
85 24 43
62 98 97
36 15 41
96 38 51
21 60 68
67 27 66
30 26 31
77 48 83
51 33 60
60 11 71
86 29 28
78 58 97
29 10 67
73 89 90
3 26 7
96 90 42
24 54 97
96 54 65
85 61 85
17 52 65
25 32 19
87 11 80
38 94 57
16 58 18
48 58 74
32 41 22
53 84 73
72 3 69
9 49 19
23 93 49
73 29 62
49 5 42
23 50 71
80 62 18
90 75 34
17 40 26
4 28 43
1 64 34
23 26 82
27 96 51
27 44 27
9 58 10
36 85 21
43 70 37
20 27 2
88 12 2
55 62 25
58 11 38
34 69 67
90 47 27
65 71 49
63 91 90
98 23 4
19 92 40
60 64 68
51 49 74
52 99 88
48 73 1
90 1 99
55 27 85
39 29 14
60 0 78
84 95 95
78 79 39
36 92 11
97 77 75
23 16 33
86 2 69
72 70 33
25 47 33
44 53 79
33 17 43
98 74 18
30 77 64
76 20 45
29 82 15
97 56 7
78 14 75
22 90 17
87 88 38
95 22 9
84 78 94
33 37 41
46 50 76
66 26 78
3 40 79
34 80 13
72 3 28
60 51 58
81 93 45
43 57 45
31 38 34
38 78 89
81 32 94
3 32 77
42 46 6
75 87 81
42 4 16
1 19 24
34 81 6
19 53 85
85 87 15
28 21 12
84 22 39
59 23 69
69 4 69
64 72 48
13 55 65
0 80 82
6 55 46
0 91 92
25 76 30
67 45 44
47 50 18
12 28 22
65 45 1
96 95 14
58 6 39
23 8 74
98 64 33
42 44 95
36 85 71
80 38 91
20 31 77
97 30 24
1 90 59
84 35 86
90 60 17
20 95 87
4 43 18
8 57 25
71 78 39
9 11 45
66 19 4
26 5 30
43 11 93
78 67 88
34 0 11
65 31 67
9 6 50
29 57 61
67 95 41
72 94 53
75 35 49
90 29 68
99 81 77
11 70 86
44 93 52
97 82 77
13 36 85
86 2 10
11 82 79
47 86 20
87 39 66
11 8 45
66 87 1
98 76 26
23 31 79
10 48 84
91 57 68
70 99 79
68 28 56
20 22 53
31 40 18
18 89 7
17 4 30
25 7 69
48 31 68
28 23 28
20 39 49
68 61 61
80 47 47
5 40 77
86 79 75
34 44 49
84 93 46
66 68 83
96 58 36
14 21 50
20 67 93
21 82 49
43 79 19
0 15 67
78 19 97
18 42 18
49 70 31
28 18 11
10 53 17
33 82 83
90 1 22
31 75 17
24 71 86
41 1 63
6 80 100
38 70 16
13 62 68
64 6 28
40 48 8
70 10 62
80 95 95
56 59 47
73 85 8
31 26 21
49 96 17
14 68 24
64 93 79
53 54 18
96 18 90
16 7 95
22 1 79
81 9 27
32 29 67
95 58 71
95 59 19
63 67 7
55 51 1
8 1 89
6 94 31
53 84 20
46 24 73
46 56 17
22 51 26
23 71 61
14 78 73
10 56 55
58 61 37
49 0 45
18 34 25
31 57 89
84 67 61
21 17 73
49 44 84
79 99 49
63 49 68
80 92 70
7 93 95
38 26 48
10 62 66
92 23 4
43 50 71
62 69 25
36 6 70
65 10 56
16 65 95
17 44 57
85 25 92
5 21 43
46 72 65
16 58 9
44 79 77
57 82 24
29 57 2
5 69 95
60 57 83
65 84 55
5 34 42
16 80 22
97 53 100
79 46 89
49 9 59
83 55 44
66 52 18
61 97 18
17 8 48
15 12 63
49 95 39
41 48 35
41 97 15
94 70 99
33 90 77
24 37 30
45 67 81
67 35 76
77 52 37
20 0 62
63 75 75
94 32 42
64 50 91
26 90 56
18 83 14
12 80 53
78 64 69
39 8 53
47 74 55
85 94 25
54 2 49
32 73 41
24 28 7
19 95 70
60 91 48
86 14 91
50 99 13
26 19 26
72 95 74
79 12 31
51 83 29
87 59 33
17 57 72
20 39 6
20 46 93
31 17 96
29 77 10
82 20 24
36 11 17
34 29 75
76 83 79
54 72 31
25 29 22
27 36 46
7 81 67
29 81 73
12 38 22
29 63 19
78 14 43
26 8 38
56 71 88
65 75 28
85 52 9
21 50 98
45 73 7
7 73 44
26 51 32
65 39 23
32 52 57
70 98 84
94 74 5
12 23 64
80 25 78
58 57 28
77 52 7
97 57 9
34 3 75
47 2 19
74 68 10
25 9 81
33 71 68
74 40 5
80 99 45
99 40 71
3 92 100
86 54 67
24 95 19
64 41 33
3 14 44
52 2 42
47 56 6
47 66 57
53 52 19
90 75 77
43 35 60
63 26 98
23 57 85
93 77 9
42 2 99
91 41 6
78 7 2
37 96 86
72 96 43
11 4 12
49 62 78
34 93 79
95 31 53
28 96 45
82 52 92
89 61 27
56 48 75
67 74 14
88 18 53
38 76 99
8 4 40
40 23 1
73 9 83
80 30 42
9 55 95
74 18 93
41 24 86
48 54 40
96 74 24
19 90 64
19 89 22
99 71 83
32 98 31
33 86 55
63 86 31
74 57 35
57 28 8
43 51 98
18 76 62
89 60 99
95 10 60
66 41 8
52 28 44
0 9 2
47 41 10
15 26 67
67 22 62
86 32 24
79 81 33
18 6 68
57 38 48
51 28 81
26 18 19
24 72 22
26 66 49
23 12 98
18 50 91
38 75 51
88 48 92
91 23 60
68 97 39
7 50 84
77 11 26
8 60 100
64 47 89
96 25 21
97 63 63
49 54 43
93 75 58
30 87 23
16 40 33
0 71 52
40 77 70
4 60 46
82 6 39
95 10 54
6 51 75
82 54 47
32 5 14
73 18 62
44 28 58
30 50 60
49 8 92
13 49 14
1 76 25
49 96 77
43 98 38
25 83 87
91 1 54
24 50 44
37 50 71
26 50 62
86 55 43
61 78 82
77 94 59
90 71 96
48 39 24
33 40 89
12 52 14
5 93 35
62 22 76
27 47 41
0 83 90
87 21 1
13 47 100
56 70 20
20 7 31
91 54 54
24 5 31
82 59 44
79 54 17
36 79 48
3 0 41
79 54 6
47 53 94
5 74 12
75 86 52
90 22 1
15 76 4
41 78 26
49 5 36
31 55 57
49 52 38
46 35 64
3 42 34
38 85 87
28 86 28
82 48 37
22 3 11
37 57 69
32 6 46
13 89 31
47 13 18
16 92 43
82 65 72
27 51 80
0 34 31
21 5 45
5 96 6
30 98 79
19 73 92
5 16 68
44 83 34
69 40 66
44 81 53
2 45 70
32 78 31
45 52 65
75 79 76
54 9 22
26 75 82
81 83 37
89 29 35
28 0 81
37 29 36
50 49 66
21 44 90
13 55 57
6 70 85
72 65 86
20 65 49
13 68 13
9 89 44
56 22 80
45 52 22
65 47 6
1 22 8
75 45 98
26 13 22
3 1 15
96 51 95
76 95 96
31 93 42
13 17 66
56 92 79
95 68 46
17 14 13
26 92 72
25 35 97
70 15 1
37 91 44
90 65 77
27 46 83
32 34 57
24 87 100
6 81 58
37 21 10
81 62 86
66 76 29
17 69 43
85 52 5
5 35 1
79 88 21
61 6 44
40 30 89
22 49 2
9 87 18
33 63 79
43 86 37
21 59 85
33 77 49
51 6 45
59 71 94
43 18 62
37 16 53
71 36 83
5 10 88
29 35 30
30 66 88
93 99 16
69 27 32
59 50 59
12 97 29
36 75 41
49 85 54
28 94 40
98 11 16
84 6 88
40 65 76
63 14 39
77 65 16
48 57 85
32 29 70
0 38 85
72 60 98
93 74 27
17 98 17
17 71 96
18 40 92
52 50 56
44 90 90
33 53 19
37 69 56
18 41 42
44 5 7
4 66 55
94 35 79
91 31 30
41 36 80
69 33 57
59 69 74
21 87 86
46 77 41
73 85 93
1 47 79
76 51 30
32 35 12
83 12 13
99 42 78
19 78 30
65 27 71
21 97 83
0 25 55
8 17 32
0 60 28
75 45 77
48 89 28
52 45 62
68 39 48
8 91 75
78 94 45
42 38 25
64 9 64
62 46 90
86 69 71
68 69 29
89 83 78
2 92 95
38 2 10
94 85 28
87 19 44
25 49 27
76 40 43
54 72 73
22 54 18
38 65 24
15 36 46
48 93 52
37 16 65
34 84 4
47 51 58
18 25 46
69 29 9
71 67 24
75 91 86
60 43 44
40 62 72
8 25 56
58 13 60
67 62 6
29 75 47
12 9 99
25 60 48
40 50 60
48 69 74
90 56 100
12 26 43
8 59 60
31 19 15
42 66 27
60 38 16
50 1 56
23 71 31
39 52 56
69 26 8
54 25 7
46 67 40
57 65 83
2 83 45
61 98 64
63 26 68
65 42 45
70 42 20
62 72 10
8 74 12
99 73 14
55 82 65
68 45 63
40 35 98
17 99 63
21 61 41
34 6 69
35 81 32
79 42 35
56 84 55
12 6 56
15 39 17
71 85 43
15 31 3
39 71 73
81 0 26
51 78 19
93 9 23
17 41 30
94 28 58
33 62 92
98 40 80
67 46 58
62 81 83
43 89 64
20 5 18
32 80 86
94 35 65
32 98 89
12 36 69
95 51 64
69 86 6
0 58 18
39 24 39
93 73 28
4 42 41
52 72 39
67 35 23
80 20 40
75 22 4
17 1 96
54 48 92
96 93 94
21 26 24
7 54 26
3 1 20
85 23 90
61 62 3
73 75 75
40 83 31
14 36 99
23 85 44
29 35 95
96 25 31
81 69 88
9 83 60
82 46 28
18 83 51
80 92 73
34 8 65
95 7 7
25 9 8
76 45 94
46 93 77
83 47 96
76 55 17
1 86 84
92 16 49
62 19 49
42 29 83
81 89 54
40 83 45
46 37 97
49 59 16
1 79 3
99 59 97
59 20 25
71 27 66
78 48 46
89 21 62
98 93 95
70 37 26
85 25 11
95 29 62
26 1 18
78 97 91
19 14 93
57 92 79
54 57 60
43 3 58
6 84 81
12 43 43
54 13 14
51 24 63
79 32 10
87 54 19
47 99 87
40 2 27
15 60 22
77 19 20
15 82 77
71 90 29
48 76 30
84 61 96
5 39 55
55 81 42
13 45 84
50 63 44
3 72 7
65 96 65
14 90 15
54 78 75
82 12 71
57 77 11
10 23 92
89 46 55
17 19 71
74 99 65
62 3 37
39 95 47
39 18 53
74 58 28
87 42 84
60 28 50
91 63 85
33 88 26
96 19 10
61 65 26
20 60 93
72 54 95
29 22 37
10 63 44
26 4 62
32 9 95
47 22 4
50 43 16
66 39 95
43 18 38
70 71 43
40 77 8
3 85 41
13 58 64
75 24 12
53 37 72
18 93 93
79 14 19
19 93 20
88 70 57
51 61 45
79 54 31
10 9 35
26 93 71
88 44 7
90 89 98
99 80 33
63 54 76
22 88 19
69 81 98
55 65 16
14 32 16
23 93 66
63 58 80
40 98 52
70 8 60
74 37 92
2 75 46
70 68 24
94 31 91
80 18 84
83 33 83
15 60 50
68 15 12
93 72 16
2 38 100
18 34 11
53 57 61
58 78 40
23 65 3
5 76 57
87 10 29
8 24 89
36 30 4
57 71 75
83 86 26
61 45 75
35 98 98
76 79 47
10 86 63
15 14 23
29 5 92
7 89 31
12 57 48
26 12 27
88 23 38
13 95 47
20 62 50
37 78 33
78 30 57
23 11 67
80 53 71
36 91 71
54 29 63
57 72 32
29 43 100
34 35 98
53 23 43
26 78 62
30 5 99
62 93 98
71 62 71
94 65 85
95 12 92
18 78 97
63 43 3
48 26 25
56 48 27
71 88 72
8 68 40
23 42 36
68 36 71
83 26 5
21 25 43
57 64 45
28 6 10
93 76 36
18 89 81
39 46 39
49 20 30
75 80 75
55 4 3
73 52 10
20 65 16
15 29 57
57 77 82
31 5 83
55 43 32
12 3 48
14 53 72
38 63 31
1 70 53
45 31 61
1 51 67
96 58 68
19 30 18
23 71 12
32 45 12
30 8 79
66 34 46
51 39 97
51 85 35
27 41 51
70 12 61
50 29 42
67 20 78
14 90 100
32 26 50
62 67 69
95 56 72
10 56 25
61 63 50
87 48 46
11 80 49
46 39 39
10 20 46
67 31 82
83 5 56
16 48 82
40 66 100
63 68 14
62 61 29
19 21 30
21 52 38
90 73 58
61 31 84
41 20 67
21 30 92
48 8 2
62 22 35
48 99 23
24 69 33
52 1 100
7 15 76
0 15 49
69 10 82
33 58 77
69 67 79
38 67 71
44 62 43
14 16 90
37 31 67
88 77 12
47 88 28
81 97 34
22 10 32
4 73 52
2 1 72
61 83 77
72 9 14
97 85 57
31 33 52
84 5 13
41 10 4
13 64 39
51 88 86
21 67 81
27 58 37
60 38 50
3 17 81
34 1 84
30 9 47
82 30 60
34 79 14
43 69 95
88 24 74
75 49 57
51 54 9
82 26 78
31 46 16
69 84 66
2 84 62
16 55 50
2 44 7
67 8 49
45 4 86
21 83 68
33 59 14
57 28 4
17 92 47
32 99 19
80 45 91
52 75 46
23 4 32
45 94 60
59 40 11
23 73 23
14 76 39
75 45 82
87 44 3
66 81 12
75 55 65
67 80 73
52 72 34
83 69 69
57 46 86
48 5 11
22 86 90
63 67 64
33 95 70
50 40 34
47 14 51
55 99 2
6 86 82
3 53 97
46 27 3
62 19 86
70 45 76
7 34 13
7 63 68
6 61 100
90 77 22
77 59 84
53 43 28
39 97 43
47 76 80
68 22 28
61 99 31
91 35 51
55 30 17
55 44 67
33 55 26
97 17 92
40 55 66
80 12 96
51 57 70
53 31 61
10 31 95
23 19 71
7 81 85
72 60 24
98 24 3
20 91 60
61 1 43
70 2 8
65 8 83
9 54 74
87 81 28
90 80 10
42 83 62
38 47 14
93 38 91
43 67 51
49 55 56
99 89 74
79 66 78
46 42 19
85 47 7
85 6 95
55 42 58
98 36 43
10 63 22
16 6 14
38 87 47
18 68 20
37 82 99
11 56 52
24 14 45
79 87 26
16 97 5
41 78 7
48 58 18
80 68 68
46 8 100
35 75 11
69 97 97
21 59 1
73 82 63
41 69 46
56 25 35
12 7 49
61 49 53
60 5 27
98 40 89
40 37 49
74 64 75
46 19 22
55 35 93
36 21 93
38 55 81
61 15 75
7 83 42
56 47 84
45 84 68
54 1 77
76 80 28
2 46 50
54 32 13
82 10 21
64 3 85
75 11 78
8 27 5
55 60 91
99 94 19
15 10 55
41 69 73
21 9 19
35 15 90
8 20 53
10 6 65
69 99 80
30 17 21
7 84 77
88 25 1
19 11 14
88 87 5
67 2 6
40 88 35
75 24 31
50 64 18
86 37 99
87 80 48
53 75 91
97 73 3
15 4 89
96 40 74
90 62 95
84 82 1
43 50 67
58 33 87
32 82 22
74 75 77
5 0 66
70 89 8
27 45 6
67 18 21
28 26 88
38 60 95
26 19 10
11 97 84
88 7 63
90 16 1
81 73 12
17 52 28
84 89 30
23 41 64
64 99 63
48 18 75
85 87 35
36 79 100
24 6 13
52 12 18
91 4 57
91 38 2
14 53 23
19 13 69
90 92 52
79 98 65
53 99 88
11 35 87
65 90 7
55 14 90
88 14 19
88 68 53
33 65 56
37 17 76
43 70 36
33 94 96
81 9 55
73 98 54
13 2 20
23 96 59
67 1 76
66 74 88
96 28 51
2 56 98
35 62 51
43 36 21
85 0 40
47 11 9
38 24 90
99 1 71
43 66 7
76 92 41
71 54 2
98 70 43
31 25 6
67 8 85
62 8 62
56 40 64
70 43 21
26 66 27
58 80 66
12 31 3
48 13 85
16 0 45
2 34 36
19 94 76
64 32 24
81 26 62
11 25 81
68 74 55
8 9 40
53 7 69
58 95 71
39 14 71
59 84 9
50 81 86
28 25 86
53 81 44
58 23 90
12 46 90
30 92 25
2 84 29
5 26 8
43 74 49
45 67 32
99 78 20
55 94 49
70 41 90
38 78 44
52 81 93
54 39 20
12 70 13
60 41 88
34 90 22
73 7 65
20 64 74
43 83 58
42 78 98
14 9 69
66 65 95
76 23 49
81 85 26
40 48 57
46 17 20
0 79 11
25 56 29
70 21 8
83 38 35
5 0 10
25 82 56
35 80 51
54 34 62
69 73 21
97 24 13
86 67 92
93 37 29
89 36 94
8 27 73
46 65 47
11 22 34
17 49 38
98 14 48
31 45 2
59 46 60
91 21 9
96 5 46
23 66 35
4 32 83
89 96 83
11 9 76
9 0 16
88 92 34
93 54 12
50 66 4
53 70 19
61 37 47
49 64 57
95 84 8
17 55 96
25 93 38
96 78 76
42 8 4
56 55 55
17 40 70
21 1 84
16 99 60
55 11 11
63 41 87
17 18 100
0 33 33
25 23 30
13 10 33
37 22 60
84 60 28
82 37 46
87 85 7
8 92 26
32 39 33
42 38 40
81 93 93
18 42 10
30 18 35
33 15 64
30 23 76
72 67 30
14 31 15
68 88 30
78 62 84
24 61 94
45 0 88
95 50 64
1 91 13
45 12 35
7 51 71
48 12 87
21 44 68
27 40 51
57 19 4
31 14 39
91 34 47
84 47 6
99 0 8
22 63 94
42 99 40
82 37 100
97 94 41
2 77 99
27 78 97
71 37 2
54 74 52
39 94 38
39 24 85
89 99 43
40 84 34
68 28 32
60 47 35
80 48 35
24 77 29
25 9 38
70 78 82
60 81 24
16 43 80
52 79 27
65 54 37
30 60 95
58 67 2
72 66 7
58 16 58
17 0 35
37 80 90
34 98 34
72 35 84
47 31 90
94 35 93
10 99 72
36 2 37
40 86 64
93 22 86
28 99 12
96 78 59
93 79 79
38 31 40
18 66 71
22 38 78
47 74 8
7 37 61
30 50 74
53 0 67
38 9 7
51 54 61
33 47 49
90 64 5
24 59 58
99 68 61
14 3 55
21 56 50
26 92 96
77 55 87
10 23 95
46 43 88
50 67 43
95 36 73
49 8 40
87 39 54
73 41 68
12 56 47
22 21 88
48 82 93
1 39 2
43 96 17
49 14 52
19 25 45
55 7 15
67 52 85
41 28 13
9 60 73
73 92 13
91 76 89
57 68 32
98 42 38
6 40 82
26 50 54
64 36 68
45 5 65
12 14 35
35 15 26
81 48 11
0 71 20
92 37 43
88 5 76
21 51 18
84 28 28
26 92 57
1 13 22
52 8 47
80 19 72
32 80 27
4 38 31
91 80 34
29 39 89
84 12 38
71 93 95
68 34 20
70 83 38
13 35 42
22 82 60
84 21 12
9 35 60
86 61 56
4 97 99
6 65 51
62 95 59
22 25 95
58 78 36
49 41 23
16 38 76
69 3 25
71 90 75
0 61 30
50 7 51
5 99 74
6 50 17
10 81 4
41 35 24
30 49 82
29 49 91
97 34 6
48 55 19
67 79 18
30 3 74
16 73 45
12 62 9
93 12 32
22 30 83
61 54 68
46 52 98
94 87 65
15 5 90
86 94 20
50 6 29
28 57 47
67 60 78
76 50 26
63 61 43
9 96 99
46 9 32
25 41 78
2 38 20
46 74 70
7 82 9
3 16 17
68 28 75
15 59 95
92 13 82
5 17 98
84 44 69
45 67 50
60 26 48
18 97 39
93 71 86
28 18 93
60 28 84
2 15 19
68 62 60
97 33 71
70 1 14
69 91 31
83 92 9
56 50 99
41 71 89
24 12 13
47 45 88
3 0 38
10 61 87
59 34 59
32 21 40
51 87 17
91 16 20
25 32 5
55 1 49
4 31 3
75 64 24
10 14 75
59 81 8
3 44 10
34 6 26
14 91 34
94 64 46
12 82 37
75 10 63
27 14 11
52 98 57
98 66 8
84 27 89
5 78 11
22 11 51
19 45 25
9 60 59
27 44 94
73 54 3
58 16 68
65 19 38
67 17 12
28 64 78
32 94 7
71 44 1
59 10 18
48 95 40
91 67 85
81 55 4
86 30 45
88 55 41
74 82 43
60 58 90
22 38 70
18 99 3
34 74 49
83 87 51
40 99 33
98 35 23
66 93 6
79 14 15
72 35 22
22 59 74
6 23 71
72 4 46
82 52 70
6 77 90
78 71 55
53 25 48
75 3 25
47 24 9
70 36 8
91 0 1
15 42 59
12 86 92
75 99 82
85 19 18
34 3 6
63 60 20
90 54 33
77 93 44
91 55 41
49 48 54
67 23 1
94 5 42
97 16 47
97 58 11
69 84 26
38 60 6
50 24 100
74 0 95
58 34 1
52 69 97
97 92 90
10 40 32
15 88 7
67 10 8
75 21 39
27 48 11
16 77 39
51 86 39
0 39 72
53 18 72
4 18 52
65 98 10
70 16 49
38 63 40
94 92 61
32 8 39
79 73 61
4 90 44
71 3 51
4 79 20
58 83 11
3 0 39
43 29 67
32 74 44
27 65 55
94 37 92
23 93 12
71 22 75
43 57 23
41 73 21
89 70 41
94 79 7
71 12 8
33 45 65
95 56 83
32 55 23
85 27 20
21 66 100
66 10 42
15 10 42
70 0 74
92 28 88
39 19 49
43 59 56
47 66 49
96 37 75
97 12 94
46 36 26
6 69 84
30 32 68
9 70 96
64 1 60
70 22 27
47 28 100
95 58 93
44 14 24
6 44 24
96 5 59
78 77 51
67 58 29
87 60 15
9 38 8
67 53 38
44 84 34
66 39 75
37 23 54
80 82 32
41 21 87
81 86 34
86 15 64
27 74 41
78 62 66
54 90 68
43 54 8
78 18 59
16 17 34
33 93 98
57 72 68
88 53 82
66 6 97
28 73 13
22 37 90
87 71 81
72 58 47
85 89 23
33 92 51
83 75 67
12 15 47
7 43 81
71 96 71
47 85 86
27 60 78
67 65 67
6 51 67
19 36 31
8 93 76
73 68 21
53 10 56
76 60 95
48 96 15
7 30 50
23 46 60
1 43 2
63 51 99
75 76 96
57 96 71
11 78 97
59 38 65
9 20 7
68 80 29
89 68 47
75 4 15
84 34 96
8 5 23
98 56 93
9 46 24
96 38 74
5 17 71
50 76 15
65 24 89
90 68 55
35 73 16
57 33 7
39 79 73
25 21 76
87 30 92
19 5 32
17 29 90
93 50 52
41 26 74
65 12 4
79 4 65
19 4 79
40 32 12
77 11 31
66 67 29
74 71 39
79 70 14
72 44 4
15 50 7
89 52 64
74 7 24
14 75 34
93 88 97
2 74 17
25 92 70
12 14 9
12 8 57
72 91 35
35 61 7
69 51 67
25 21 99
25 53 93
59 6 93
28 85 56
24 86 11
12 43 38
22 52 54
74 23 69
48 98 86
59 92 50
79 40 100
54 56 37
44 35 50
64 20 38
64 35 51
61 34 73
0 18 19
0 20 48
48 91 86
44 94 38
43 1 27
40 21 88
62 29 17
32 66 70
38 58 84
9 46 36
74 2 37
4 91 24
78 61 32
80 40 90
89 57 62
27 12 33
38 72 84
8 49 4
80 63 33
23 11 40
51 65 8
33 29 25
33 38 71
70 84 100
35 32 35
13 50 42
45 75 93
31 20 33
45 48 42
12 56 62
63 51 55
25 88 46
1 81 74
17 12 12
75 17 45
5 45 31
91 92 30
29 54 84
12 6 8
50 98 95
28 51 12
97 94 41
79 98 15
15 1 44
62 60 8
12 65 26
23 95 61
32 35 11
20 93 96
6 81 72
7 0 35
26 27 3
48 58 7
76 74 16
72 69 30
73 65 23
80 12 88
21 48 30
76 42 39
87 37 96
16 69 64
79 1 14
76 70 52
7 26 8
39 24 24
47 84 35
49 66 72
12 70 61
75 91 5
26 60 90
54 34 72
5 39 70
8 96 42
81 56 52
71 80 20
71 56 85
13 38 71
96 69 36
38 35 27
42 75 45
26 54 16
91 18 40
99 0 86
44 94 95
35 70 2
45 52 32
10 41 57
79 30 17
14 1 14
75 93 83
20 82 18
14 91 82
22 87 56
54 83 61
68 46 99
40 83 17
88 61 38
2 46 73
67 66 42
49 50 77
55 22 82
43 87 27
15 69 4
85 7 78
42 25 91
56 76 97
98 48 38
23 73 79
26 24 47
42 28 44
94 61 94
4 80 20
29 93 2
43 12 14
22 52 18
26 44 71
3 36 87
17 89 85
51 90 34
52 95 74
86 20 85
7 38 27
26 14 12
19 31 99
18 75 58
39 82 8
86 53 32
58 51 81
35 81 63
34 99 2
93 26 84
7 12 39
99 14 99
25 37 54
41 55 93
83 16 68
60 81 90
56 33 44
48 39 16
40 23 82
59 81 23
77 83 90
78 17 60
6 61 7
87 14 18
26 95 50
83 78 36
36 88 42
37 28 75
24 80 54
28 48 94
37 92 23
9 41 16
69 91 76
68 15 91
35 65 15
78 44 62
46 63 43
55 41 47
51 38 91
0 47 12
51 30 38
40 21 76
79 90 99
62 65 74
39 12 20
24 76 83
94 96 42
92 45 80
55 53 6
33 29 63
18 83 54
6 57 18
14 92 13
43 27 86
8 64 27
30 11 87
56 95 58
18 61 47
85 18 89
81 22 71
1 62 20
1 23 61
72 41 7
28 99 47
45 32 17
91 84 34
33 4 70
51 42 100
9 97 18
66 0 23
86 11 75
80 93 45
36 37 37
66 71 76
41 44 17
74 13 89
9 35 57
17 96 70
81 6 78
85 39 56
46 56 3
28 40 17
24 61 49
96 93 84
33 93 65
7 95 12
84 94 95
54 77 93
99 78 91
70 22 91
11 48 7
54 49 93
74 5 10
58 30 28
2 13 24
31 30 60
80 97 40
57 68 4
53 54 66
49 56 8
76 7 41
71 89 64
24 9 11
0 80 76
26 79 97
1 23 97
67 4 78
73 53 57
47 39 64
38 32 67
41 59 76
0 46 39
68 42 98
11 12 41
44 71 82
98 45 1
54 67 75
49 77 30
77 26 6
79 57 53
4 29 34
4 7 79
95 83 95
97 62 23
44 49 30
67 14 70
75 28 69
77 87 16
76 47 89
95 80 8
15 59 97
70 25 62
65 77 4
69 82 73
50 42 28
11 74 95
24 59 20
77 13 51
5 11 74
94 28 51
33 51 13
5 32 35
26 7 100
67 45 46
46 99 80
10 95 88
14 96 76
16 15 22
59 0 61
2 68 44
47 97 72
79 34 79
53 6 33
6 46 34
2 39 2
43 86 13
25 44 57
13 58 49
54 97 1
88 4 49
36 79 35
92 65 35
94 48 96
54 1 11
94 32 99
90 51 100
65 0 16
38 99 2
57 81 56
15 43 63
69 18 78
17 99 67
10 9 33
66 43 91
3 92 15
39 24 100
96 52 75
86 23 3
69 63 45
68 47 25
45 55 67
79 71 15
92 97 63
95 8 90
14 93 6
50 98 43
85 70 25
66 44 52
89 15 64
47 83 74
12 1 54
17 88 1
18 2 29
36 34 41
65 28 47
48 55 62
23 89 34
54 47 78
43 89 45
61 56 51
9 16 37
16 55 23
50 28 94
29 3 40
1 4 24
40 44 84
93 58 77
21 3 72
76 81 29
49 72 37
9 4 85
20 5 72
28 98 66
72 30 43
70 5 73
39 28 93
76 34 56
31 14 98
0 83 78
41 85 61
42 53 39
76 58 51
49 4 81
80 17 40
19 10 12
64 74 63
18 13 23
17 42 87
44 9 92
75 24 83
60 88 22
99 82 68
56 18 24
13 5 20
98 70 11
57 80 60
67 52 71
6 53 16
92 9 15
94 34 14
83 32 28
10 14 27
78 16 40
60 7 53
41 30 60
17 1 92
12 46 57
50 55 73
83 69 80
38 5 24
15 85 45
47 56 36
92 55 99
32 29 96
70 11 17
54 28 16
45 20 28
21 88 72
14 83 68
95 46 40
56 0 79
90 28 47
54 9 29
61 38 15
59 13 59
28 57 66
31 24 91
79 57 33
4 15 4
6 60 54
17 58 1
30 20 54
95 74 15
66 44 25
1 43 38
24 13 26
64 98 75
49 40 10
90 7 56
10 1 94
39 30 97
50 52 4
65 21 38
80 94 13
7 52 60
74 31 45
94 69 43
49 2 11
99 62 52
66 6 41
1 57 74
51 7 99
72 37 98
23 2 6
31 61 19
86 58 13
28 7 97
75 42 16
98 26 28
70 10 6
19 2 92
86 8 21
11 16 2
3 95 72
70 4 19
75 31 58
64 88 11
40 10 82
16 11 68
26 88 29
21 64 50
7 90 16
1 61 96
27 30 91
64 95 53
27 86 9
54 37 98
23 95 75
25 34 30
45 9 34
66 78 24
59 13 53
19 53 25
98 23 35
28 17 65
74 46 76
11 7 7
47 95 50
61 34 99
98 29 11
71 23 57
90 40 60
53 95 11
19 57 99
47 15 99
32 94 87
6 16 30
79 95 43
39 33 23
83 94 89
34 56 59
2 32 77
36 70 10
46 26 75
8 46 60
9 12 96
15 67 83
82 32 99
30 26 45
3 83 28
88 26 32
45 98 12
96 26 25
57 0 58
4 77 25
6 79 77
59 75 87
22 68 74
49 67 99
67 88 5
77 0 52
59 69 82
74 57 94
26 74 49
42 34 5
9 23 23
79 4 68
51 40 20
5 92 24
18 39 19
72 0 43
67 6 100
34 54 20
14 15 31
76 47 53
3 93 50
15 49 29
77 10 44
61 21 23
84 77 63
90 70 53
70 95 73
98 42 71
2 25 47
18 15 2
47 49 76
84 18 3
89 37 56
22 4 61
93 5 62
33 57 55
11 59 99
64 27 41
48 63 45
3 58 71
80 69 43
53 98 53
43 22 93
78 6 48
17 7 63
22 82 35
34 60 90
54 53 93
23 33 50
40 53 23
21 31 73
24 46 10
85 11 74
49 63 92
46 96 35
51 96 20
65 5 50
43 57 2
55 9 67
91 65 75
56 89 13
49 70 99
61 73 28
11 8 58
5 20 100
97 99 52
93 15 93
12 86 5
22 83 52
74 72 65
99 41 23
39 92 56
96 44 12
4 60 64
91 32 91
93 99 58
93 18 27
76 89 38
2 45 34
10 34 84
87 14 44
84 87 34
91 39 6
88 81 58
55 14 36
94 55 89
65 79 31
22 95 6
86 90 74
84 74 32
71 43 69
27 4 10
48 18 33
2 48 80
67 24 85
70 1 69
5 96 20
41 85 59
40 74 78
73 34 34
3 35 84
56 28 12
61 13 51
95 45 84
95 39 73
79 3 80
20 61 24
61 46 28
39 61 52
97 85 39
52 59 37
94 23 92
65 6 20
91 69 65
52 83 11
42 56 39
63 8 83
19 5 56
70 6 53
37 81 5
15 17 60
43 17 59
31 68 22
17 88 13
21 8 56
18 83 47
60 7 82
10 2 61
39 23 54
49 79 23
63 95 70
94 84 1
13 82 52
67 26 51
8 55 94
56 35 29
75 22 68
28 56 17
63 9 98
91 86 90
45 97 12
44 4 46
75 18 90
28 51 21
46 86 82
40 26 68
52 57 4
41 22 81
73 58 60
98 36 81
54 80 71
53 46 63
77 70 28
29 20 77
43 10 25
50 86 68
67 89 31
8 90 50
12 48 49
78 0 92
34 31 96
36 29 44
56 79 35
76 34 16
67 83 31
73 36 25
64 29 1
65 98 12
65 29 44
76 45 60
99 81 83
8 72 84
63 92 28
26 55 39
75 46 42
23 20 48
57 41 25
60 93 22
75 96 6
90 89 20
90 52 28
32 14 3
13 88 21
72 19 55
90 2 48
93 65 19
23 92 71
17 6 29
83 81 83
77 84 15
22 31 100
79 3 37
48 29 76
7 43 56
43 55 73
11 67 20
58 41 3
65 47 40
24 92 44
37 96 1
38 78 5
4 12 72
47 2 80
26 57 20
12 60 59
19 79 18
72 48 6
20 63 29
99 73 14
80 33 7
15 76 74
30 55 15
27 55 19
66 38 53
50 56 90
7 85 17
87 48 55
24 84 62
54 17 19
42 6 53
41 10 21
8 7 34
56 68 57
18 22 3
65 33 46
31 96 62
10 68 93
84 55 3
52 19 76
26 7 74
44 75 94
1 41 61
49 28 79
39 70 30
37 96 62
51 67 69
30 73 89
77 3 3
76 7 64
60 7 2
50 99 92
26 38 24
13 60 47
18 26 100
39 12 34
10 97 66
39 42 57
62 43 69
0 24 9
18 2 91
16 36 13
83 38 74
73 67 93
8 79 36
20 7 66
67 21 51
34 72 16
58 92 76
71 66 11
69 40 57
73 86 61
37 41 86
74 59 81
42 83 17
7 83 40
47 34 22
78 51 80
2 12 4
35 41 82
65 33 87
4 40 24
24 98 55
23 37 16
28 99 37
0 68 91
26 36 17
16 75 15
0 96 26
61 50 22
52 11 88
26 13 100
63 30 93
21 46 17
76 45 67
80 1 58
76 81 2
59 86 93
25 22 100
22 69 41
87 13 48
3 27 89
89 46 34
5 85 65
92 32 18
67 62 95
28 80 85
19 75 8
44 58 92
63 43 53
0 2 86
65 96 13
84 43 67
77 84 72
68 80 59
22 48 74
10 37 55
3 24 10
25 93 64
10 61 29
3 15 89
35 4 73
65 98 53
92 68 92
7 62 62
38 39 95
9 21 63
60 35 42
88 94 62
29 10 81
90 37 74
50 60 75
85 1 32
65 10 59
40 9 85
40 60 52
19 69 46
73 65 58
75 24 76
89 74 67
72 31 27
20 26 46
52 75 43
97 89 50
34 57 99
11 70 74
54 14 11
35 89 29
98 10 48
17 67 46
13 94 19
0 67 37
77 69 81
43 45 98
91 3 92
8 32 70
45 83 27
11 6 57
11 6 85
43 95 86
42 63 43
83 25 82
65 46 75
35 73 56
77 81 32
42 11 74
30 43 52
26 56 69
22 61 1
19 11 98
65 29 2
20 64 52
29 43 24
30 92 90
60 36 63
69 41 98
32 49 62
81 61 40
36 40 52
99 97 65
10 71 22
79 70 53
6 62 87
60 78 20
49 98 22
12 20 47
52 43 3
50 59 80
33 58 8
59 58 63
74 25 85
64 74 13
70 77 65
72 14 23
50 85 76
77 59 88
47 64 43
53 74 54
3 96 15
84 65 85
84 30 72
46 65 69
58 61 51
84 19 68
42 12 48
11 33 99
54 57 99
99 90 23
83 45 18
30 49 92
70 88 44
39 3 58
24 4 68
37 61 86
35 60 18
59 85 82
67 51 49
46 42 69
44 95 2
56 55 49
70 17 99
50 9 81
26 13 23
94 63 78
27 20 64
75 33 94
92 12 7
46 2 66
83 13 9
50 40 84
50 21 54
29 69 19
70 86 98
98 23 13
64 36 30
16 63 69
0 88 93
75 45 25
7 12 14
8 78 87
61 98 86
51 82 4
32 73 61
89 88 64
14 45 69
11 85 31
60 35 52
26 21 83
36 52 65
5 0 69
6 68 100
20 26 85
36 23 86
10 93 49
42 38 26
57 89 22
57 41 79
80 94 14
35 50 45
47 76 23
47 25 69
23 78 95
77 89 13
74 1 31
84 76 32
17 10 61
37 14 58
79 4 99
32 8 91
83 75 58
81 97 72
39 8 93
42 27 52
6 18 16
88 32 91
84 20 66
86 26 55
35 59 58
82 15 51
95 55 88
59 29 24
95 32 92
86 82 97
20 55 8
82 65 15
80 97 95
17 22 26
7 50 12
85 82 51
66 56 8
24 41 65
56 23 41
10 67 91
25 39 14
98 44 56
38 0 28
7 43 70
48 2 69
99 82 33
17 62 43
42 38 7
8 86 5
52 28 6
77 50 96
38 64 42
18 49 81
28 44 31
85 35 8
4 16 59
79 40 86
88 56 11
62 56 54
58 39 12
51 84 2
32 97 75
48 94 44
3 99 57
38 45 69
3 2 20
4 84 32
65 26 21
29 22 23
66 54 74
0 21 64
60 39 89
12 1 67
83 34 91
62 26 36
81 75 9
44 69 58
62 98 69
56 47 88
2 99 94
80 79 79
54 96 46
99 77 9
81 83 28
3 67 8
82 50 90
61 98 53
26 46 32
8 9 82
43 40 95
42 68 43
79 58 87
93 55 19
51 33 61
51 88 6
3 20 2
75 71 36
28 8 35
15 72 98
8 88 70
20 82 62
64 56 27
51 60 33
82 6 24
80 19 70
96 61 42
79 39 88
52 41 53
18 34 37
56 54 41
35 4 10
83 10 41
46 76 2
69 19 24
16 68 97
85 57 61
63 89 15
58 21 4
65 96 36
65 57 72
70 25 7
46 85 72
11 44 86
28 38 87
3 21 26
3 53 92
13 80 16
35 99 45
77 30 79
61 91 51
5 90 11
65 18 27
37 40 39
13 83 84
47 61 61
32 67 40
48 57 7
45 61 69
0 65 49
70 18 41
61 47 43
88 77 59
78 19 82
97 57 27
67 76 11
95 93 49
8 32 13
42 71 26
76 38 56
40 45 63
89 19 32
47 67 55
43 77 12
71 5 95
34 84 39
93 39 69
7 37 7
35 69 8
41 77 86
31 14 82
20 11 1
55 11 80
80 75 57
33 9 69
4 87 89
14 86 45
34 68 39
3 55 8
23 72 84
16 12 2
11 81 54
85 95 77
70 53 82
31 24 20
27 87 5
84 58 9
42 21 46
63 74 4
81 29 72
36 99 57
92 6 97
75 85 48
1 5 65
83 99 80
88 79 3
29 75 23
38 59 7
41 55 10
75 32 59
8 28 45
53 84 32
78 52 1
98 42 52
72 28 85
32 18 84
24 49 77
73 36 96
94 35 93
58 30 21
29 96 65
86 28 19
23 7 40
51 70 76
30 28 33
23 84 34
5 30 40
32 97 45
2 20 67
63 70 19
25 22 41
73 46 43
79 69 64
81 82 81
72 65 63
89 84 38
47 18 64
63 0 38
68 14 69
79 74 14
74 68 17
69 1 49
10 87 47
79 50 66
72 37 97
18 39 50
86 46 34
27 68 41
94 93 85
97 26 60
59 98 2
43 73 70
30 32 7
85 77 45
13 66 17
41 6 50
49 17 29
82 66 13
1 45 95
3 59 47
0 44 12
64 38 1
57 21 45
87 12 9
71 7 45
54 9 65
46 70 56
12 55 1
63 42 67
56 55 29
88 84 39
82 65 27
46 67 62
19 80 57
28 57 90
68 60 20
45 42 82
86 66 48
84 57 100
83 65 32
67 31 67
42 77 22
6 92 10
99 19 94
89 39 18
39 15 61
71 30 17
3 19 5
38 5 26
9 93 25
64 85 57
66 23 52
36 45 57
82 71 38
52 8 96
28 55 35
20 75 38
94 52 52
18 4 67
59 11 33
31 10 44
94 62 30
89 68 8
70 31 30
71 92 85
43 10 39
95 18 46
24 76 22
11 98 94
6 23 53
26 38 58
3 45 4
78 65 66
85 74 53
58 80 35
29 11 25
26 79 5
72 25 17
51 69 32
40 33 32
57 9 66
18 89 37
62 87 65
25 87 38
5 99 50
88 67 12
60 49 13
66 94 100
74 82 83
27 94 22
84 94 72
10 78 66
80 78 68
30 68 83
68 34 6
43 57 28
31 70 30
99 86 60
30 80 78
3 56 4
23 9 39
11 38 15
36 75 88
27 31 62
41 96 71
34 60 17
81 35 95
68 65 58
42 70 49
29 41 63
42 48 3
96 21 48
45 21 15
87 81 90
39 98 33
42 17 67
68 42 90
51 55 84
87 57 100
19 26 97
96 60 86
64 95 63
24 89 51
36 70 4
74 42 8
32 88 40
30 56 82
58 84 36
3 97 38
57 22 80
76 47 1
7 13 24
79 4 42
34 43 31
77 82 81
0 56 28
80 31 74
52 25 89
97 62 82
65 74 37
23 68 43
93 39 50
28 77 1
27 59 93
1 7 59
61 85 83
99 14 72
20 36 53
23 45 43
59 92 33
88 52 16
3 97 5
8 55 73
24 59 58
52 50 80
53 98 77
95 75 7
88 79 93
52 48 86
76 31 68
29 70 56
90 52 24
17 25 97
1 11 31
13 49 72
89 44 21
40 37 78
71 4 56
28 21 7
49 76 83
13 42 17
99 42 61
91 5 35
83 59 32
11 42 19
75 68 34
33 64 99
70 75 35
96 1 10
73 41 85
89 11 76
80 83 20
48 88 41
25 56 33
9 53 14
15 83 49
33 5 70
18 70 73
51 55 71
43 34 49
26 24 86
39 93 31
84 53 72
9 96 66
79 54 10
77 98 92
74 10 58
87 1 22
46 78 80
14 37 42
6 47 41
16 7 55
4 56 2
23 5 72
6 37 90
36 82 64
49 20 79
83 64 75
90 99 73
32 86 37
12 26 9
36 56 21
54 31 18
60 72 68
48 86 1
89 62 39
86 68 39
4 80 46
43 33 64
5 94 62
80 47 69
25 45 71
96 73 62
95 91 77
63 15 6
79 28 6
81 47 4
51 98 51
1 24 50
94 58 70
35 14 79
85 51 15
11 79 71
66 36 71
30 14 8
25 1 50
69 36 40
8 90 13
74 15 85
19 35 68
0 37 46
43 79 96
44 21 21
69 92 76
20 55 17
99 20 13
58 53 96
32 51 10
3 75 81
38 21 92
41 22 38
32 71 20
24 36 94
81 65 55
32 53 17
51 22 29
2 87 10
82 91 59
58 10 2
57 46 32
76 32 98
85 68 99
1 6 33
90 10 73
50 88 9
47 76 47
15 39 77
72 3 85
11 89 28
80 65 41
63 47 27
14 70 34
59 15 92
24 39 10
60 24 28
74 98 23
76 83 33
53 84 60
86 12 51
31 87 5
60 98 67
82 30 85
62 42 65
43 77 55
41 71 24
27 63 2
56 49 78
47 68 15
20 62 53
50 77 81
13 73 44
93 37 55
77 50 43
20 68 3
83 76 59
98 90 100
36 31 81
60 34 34
24 58 1
55 83 69
62 10 63
30 41 52
11 94 74
94 57 68
74 9 46
61 99 51
89 65 41
57 49 81
83 26 60
73 98 53
37 12 13
31 17 32
48 60 72
87 88 71
3 58 45
71 79 46
31 93 87
85 0 45
11 36 42
30 63 63
84 31 82
66 75 52
71 95 7
74 11 32
5 2 38
7 8 29
53 57 36
65 66 100
55 11 26
77 67 30
32 15 25
35 78 42
79 44 13
12 5 63
54 57 58
12 95 6
23 96 13
16 77 87
11 67 51
46 77 35
93 26 20
2 88 33
74 53 82
12 79 13
57 5 17
50 55 23
40 71 82
19 90 47
87 10 26
77 42 98
82 84 28
58 20 34
32 47 5
27 48 68
40 76 9
82 60 94
67 72 50
6 38 67
56 64 10
71 65 18
4 64 50
6 24 59
6 18 99
99 18 98
22 28 1
56 64 9
59 57 53
89 99 98
35 26 26
29 73 19
10 15 17
79 76 78
53 33 63
64 7 42
82 74 70
7 24 11
45 83 80
26 68 58
68 79 13
5 30 18
69 82 95
94 36 60
58 44 26
82 14 56
25 33 57
93 24 41
56 10 74
1 97 17
65 78 77
24 7 71
60 87 26
47 56 4
0 65 29
48 5 9
87 16 28
31 49 35
47 36 97
74 22 75
18 82 4
81 96 52
49 14 23
3 18 24
94 55 23
81 83 22
89 92 13
60 91 1
3 24 98
88 63 79
22 85 6
60 94 42
66 93 77
33 60 45
95 72 57
83 77 50
51 61 64
8 17 22
57 30 47
14 58 37
93 35 38
71 3 47
48 70 41
82 10 72
33 99 21
7 98 9
69 25 61
15 42 32
67 31 9
22 26 32
69 95 57
35 79 4
79 37 2
51 24 4
28 53 2
68 62 13
83 56 31
70 96 37
3 37 11
91 70 40
3 44 80
19 84 18
16 89 94
29 38 43
43 10 12
42 9 95
9 15 65
45 8 88
49 0 54
69 62 69
18 29 19
68 59 87
43 21 85
78 54 51
11 85 73
57 73 27
35 58 17
12 53 38
63 12 64
10 73 46
2 49 45
9 98 77
58 82 36
7 52 70
37 83 20
18 25 20
24 14 10
47 67 48
26 90 60
54 4 92
18 31 49
8 49 43
63 16 17
33 29 93
78 51 99
17 74 84
48 68 52
46 79 87
91 59 19
67 84 82
54 27 78
36 82 82
35 36 86
20 51 25
25 99 76
27 5 5
70 49 63
64 21 33
35 84 31
15 24 60
43 0 94
37 17 66
34 27 25
85 95 3
15 7 92
21 7 72
52 65 32
76 95 64
14 73 87
59 74 71
15 18 19
35 40 9
45 74 71
90 7 7
58 34 24
26 15 60
86 25 11
26 94 33
82 38 60
13 75 92
50 18 98
98 31 23
65 68 54
76 52 49
78 45 97
27 41 90
29 59 69
46 24 81
81 5 10
16 93 74
98 53 64
50 36 61
72 7 51
93 7 10
12 82 13
28 71 40
42 15 87
72 93 16
42 81 33
78 75 92
20 87 27
3 22 7
67 77 11
94 12 32
83 90 62
40 53 91
92 8 64
83 80 23
14 82 54
45 83 86
0 16 68
67 25 66
69 55 31
77 82 50
39 62 63
45 63 47
84 57 11
39 22 19
30 29 56
50 12 65
69 65 41
23 3 58
48 15 19
52 74 64
88 87 27
50 74 23
71 67 82
23 26 18
84 78 46
12 70 71
74 51 45
3 75 96
79 25 28
29 11 19
70 12 4
71 23 25
68 11 60
27 89 87
73 77 87
98 51 28
54 44 7
32 79 94
66 69 53
83 13 64
58 92 84
52 79 88
20 58 90
23 49 81
52 64 22
15 86 92
19 96 50
58 89 18
30 31 29
97 30 92
43 10 18
6 75 59
70 41 51
98 15 20
33 76 78
82 54 52
90 75 94
65 91 95
83 45 6
39 50 80
60 81 3
61 10 90
8 75 66
34 12 72
20 85 94
16 5 69
98 38 97
30 77 56
33 66 44
48 32 57
83 10 91
24 71 25
3 80 78
63 87 32
4 77 43
37 23 12
7 74 20
50 46 8
20 61 80
31 55 3
23 47 32
62 5 87
61 11 47
36 47 70
33 46 33
0 19 95
46 54 89
76 14 2
23 54 58
56 96 78
9 59 51
10 62 6
45 1 92
54 69 81
60 78 19
64 45 66
89 88 19
97 63 27
15 73 91
92 96 25
60 92 47
52 9 38
16 25 66
78 40 30
86 64 63
21 72 90
71 26 51
51 48 72
57 40 27
16 33 65
82 32 13
92 1 12
52 95 35
34 57 58
1 89 17
61 41 37
47 92 34
73 40 38
91 85 11
90 74 87
35 75 79
45 44 2
56 94 60
68 83 31
70 79 23
85 31 72
31 20 17
39 97 26
85 55 20
11 8 92
48 69 57
24 84 24
55 82 50
60 18 33
64 43 37
38 66 45
66 56 39
36 78 18
1 86 92
63 9 77
78 21 57
74 11 12
29 41 91
61 37 86
97 21 44
65 6 35
39 92 80
98 13 19
82 85 99
64 84 1
40 25 51
94 54 3
82 81 100
84 36 21
76 57 85
80 82 3
85 41 28
97 61 86
24 31 69
80 32 44
75 87 1
26 44 40
66 67 41
9 84 77
14 13 87
93 16 80
49 31 29
58 39 74
80 96 9
66 43 100
62 4 29
75 13 75
61 96 100
71 97 20
60 0 20
66 50 88
7 45 59
39 36 2
74 25 49
43 68 2
11 20 22
66 2 49
40 78 98
33 26 66
65 76 90
13 8 49
93 85 99
47 51 21
0 21 3
34 85 63
12 97 70
20 89 29
3 87 61
25 35 91
99 10 5
40 21 28
88 19 40
82 76 52
47 77 13
37 63 4
91 77 58
97 27 83
8 6 21
97 13 37
87 21 89
78 69 44
41 60 100
12 14 2
57 74 53
79 28 1
56 73 44
2 27 91
57 60 62
75 45 16
39 63 53
78 5 84
50 76 17
91 24 92
45 84 9
49 90 62
26 75 18
50 56 40
92 65 91
18 32 71
56 31 43
12 13 97
39 91 73
55 76 59
22 86 24
96 91 11
23 86 39
78 79 98
0 79 66
42 18 24
95 53 97
48 65 26
28 88 39
69 60 41
77 56 56
29 19 71
48 87 59
16 44 44
49 7 7
61 39 17
17 68 39
83 67 79
59 54 67
15 40 78
15 17 36
12 34 67
67 57 42
99 13 49
74 25 77
57 56 55
14 50 55
81 91 63
22 52 82
82 73 33
77 86 77
99 16 98
85 70 67
76 92 43
90 12 52
0 80 67
57 55 47
48 12 19
75 79 14
4 87 52
43 13 28
32 85 86
18 67 77
38 31 60
26 82 7
54 25 2
34 20 20
57 94 27
20 59 50
5 86 84
87 10 22
0 93 99
4 66 41
55 82 94
47 30 51
63 24 60
95 3 75
87 68 22
24 69 18
26 13 82
66 76 8
55 36 99
86 27 44
54 72 35
64 45 36
35 72 50
19 45 90
62 2 55
19 78 62
17 72 28
90 2 39
51 71 95
26 80 23
10 15 59
8 15 65
32 70 37
64 3 58
58 99 84
50 22 66
81 57 11
23 50 97
84 78 30
99 74 31
80 96 40
60 13 86
60 20 85
29 60 38
90 76 96
74 72 71
81 30 47
20 71 17
63 8 20
34 97 40
0 92 40
0 74 15
0 19 44
42 32 52
64 63 46
1 47 85
74 7 78
53 80 75
49 6 79
61 68 38
44 7 61
28 58 68
99 8 75
54 41 29
64 7 1
45 93 1
27 90 94
73 47 36
59 32 74
76 80 54
39 18 59
98 39 16
8 55 52
28 73 75
93 39 90
97 46 34
14 0 15
78 58 95
76 12 24
24 93 92
32 61 99
26 66 43
15 23 24
57 54 58
30 90 47
15 89 67
94 2 10
32 77 37
76 22 68
35 1 6
38 88 10
65 16 2
81 27 83
91 61 23
38 34 17
24 17 88
9 90 32
71 74 61
45 70 24
83 37 24
79 38 42
8 56 32
86 66 6
18 11 54
57 40 80
14 98 51
96 35 61
86 78 38
5 27 5
45 58 6
98 97 60
72 4 18
0 86 48
45 32 44
2 95 57
29 93 55
86 2 10
19 42 6
71 63 82
35 96 23
85 94 86
64 35 84
61 0 83
50 88 69
59 58 84
11 13 50
47 70 19
81 14 20
68 92 90
78 28 51
99 64 86
80 15 53
97 71 8
78 57 77
21 0 83
30 38 68
57 54 82
57 91 95
42 95 58
42 25 35
13 17 32
98 9 19
12 23 83
31 42 26
77 6 34
96 37 62
56 10 51
82 41 84
89 86 78
18 42 48
95 62 28
47 19 87
70 21 52
58 50 93
34 27 44
59 81 58
76 65 41
15 23 5
9 13 61
74 19 99
10 7 51
94 95 99
99 98 72
32 1 65
17 30 89
62 88 58
70 63 92
1 44 58
20 70 4
8 35 18
59 37 47
67 24 63
88 16 61
96 99 18
79 55 86
42 48 48
55 36 53
82 54 26
19 35 68
75 64 74
36 30 68
52 57 55
37 82 7
88 27 95
78 69 80
56 69 15
7 73 32
55 30 69
60 87 31
50 72 22
8 11 61
69 67 16
15 66 36
60 52 22
6 1 82
83 41 5
21 35 74
8 72 79
54 23 28
20 8 29
15 40 10
85 94 21
67 60 58
4 26 57
61 42 56
71 73 28
96 14 51
65 97 66
66 80 21
61 24 27
61 48 85
95 40 58
39 78 16
9 76 10
46 83 88
53 2 46
10 17 45
32 64 87
79 38 27
77 28 92
35 37 48
8 59 97
5 47 33
99 2 38
61 17 35
72 96 77
14 86 45
8 48 84
36 30 40
51 64 22
42 59 54
63 4 59
80 14 92
93 8 28
82 97 73
21 79 2
61 28 59
50 5 97
11 46 83
20 64 11
17 95 33
1 70 94
64 35 74
93 69 84
48 16 14
35 5 79
79 22 60
89 94 4
48 9 99
19 16 9
87 45 91
11 38 31
5 86 3
85 15 27
8 83 71
40 60 86
83 39 58
46 0 11
62 73 50
32 3 53
60 97 48
66 71 39
36 51 92
46 54 91
18 52 53
38 48 77
74 70 100
73 52 47
30 73 37
30 42 54
71 30 34
33 80 49
43 68 15
27 70 90
65 89 90
41 89 25
73 93 64
74 33 68
29 54 57
57 89 13
49 51 35
8 23 32
71 64 60
72 0 62
83 31 83
31 81 98
75 16 90
1 16 63
44 70 86
86 10 59
63 42 56
7 56 25
18 31 96
21 58 12
70 20 92
40 26 43
25 33 95
63 65 58
37 17 74
98 70 19
37 28 66
88 55 17
88 80 44
9 84 92
46 28 72
29 13 17
8 96 4
72 34 71
31 10 25
87 11 43
53 93 80
60 80 8
70 79 61
33 28 70
79 38 85
32 17 29
41 35 65
81 13 32
6 26 58
6 27 38
0 82 71
8 94 37
71 34 41
71 47 32
35 15 48
47 27 43
98 16 16
21 99 28
99 54 29
58 90 40
62 61 78
99 93 60
44 33 88
61 92 14
32 69 92
43 97 38
21 47 21
30 47 80
44 36 59
48 22 65
46 67 1
13 69 58
41 46 76
91 54 14
35 20 17
80 96 30
52 36 4
78 97 20
70 55 13
59 34 19
70 90 46
8 61 82
22 71 29
97 90 83
35 52 22
33 4 78
98 45 26
44 61 17
38 73 3
18 82 38
95 99 15
70 59 14
98 31 82
50 25 48
37 38 61
32 38 48
82 69 70
35 3 55
90 40 24
12 61 57
26 24 17
31 47 61
8 61 63
21 1 14
23 37 2
92 29 46
77 11 88
11 70 56
18 49 27
19 88 7
6 1 62
6 14 97
33 54 10
94 74 95
71 65 69
27 56 71
50 97 71
29 11 94
0 37 8
69 11 6
25 65 38
14 50 68
60 91 89
22 69 64
25 15 64
57 34 49
84 53 37
38 7 37
98 81 35
90 81 12
15 45 71
58 46 98
70 1 92
7 60 42
4 55 32
39 77 19
18 36 83
75 83 67
16 28 46
78 0 42
82 91 72
38 5 47
27 36 63
47 49 10
43 30 61
61 66 41
91 84 100
68 27 82
1 87 59
29 89 61
72 14 47
2 92 52
1 75 58
41 25 49
64 82 17
31 41 27
24 41 62
20 96 81
73 65 32
52 86 97
19 22 39
64 20 26
68 59 53
59 93 4
22 61 66
57 59 20
6 51 98
55 3 95
97 8 98
76 5 95
91 53 6
95 52 67
48 38 61
0 13 30
69 86 52
99 12 95
95 82 88
78 63 23
30 77 33
69 68 88
0 42 69
36 54 30
97 86 39
27 20 63
45 63 33
32 73 65
25 43 18
43 10 7
25 65 77
38 97 100
84 86 97
22 12 77
88 34 41
48 97 63
60 6 48
37 19 53
48 80 95
94 71 89
37 6 81
17 43 19
74 1 78
68 51 81
44 61 40
24 72 27
34 12 85
87 3 38
15 19 65
12 32 98
88 61 40
81 97 15
93 66 52
57 82 61
85 31 23
79 3 21
1 86 93
88 4 75
10 17 27
24 96 21
99 34 73
46 93 72
76 11 85
81 76 99
36 87 38
32 87 14
0 43 41
99 81 68
0 43 80
48 23 88
25 91 100
38 28 44
42 24 81
4 30 2
1 31 95
55 48 47
43 60 67
31 80 86
9 84 89
94 5 30
75 12 20
89 4 30
78 48 67
64 10 3
5 72 91
94 97 84
22 2 19
8 34 11
86 17 83
80 20 96
14 38 74
96 46 72
10 75 69
49 26 93
46 13 71
15 44 39
83 51 91
79 76 49
11 43 34
2 46 35
87 13 14
14 74 91
13 97 14
8 73 11
25 15 92
20 49 23
70 2 48
76 97 27
4 34 89
69 62 45
93 95 72
98 87 9
37 18 9
86 16 56
8 4 85
62 50 81
2 89 68
16 54 37
54 90 9
84 99 43
7 56 26
3 74 8
38 26 59
96 21 80
57 45 53
69 30 44
71 68 34
95 25 88
94 30 63
92 22 80
12 49 32
65 60 53
10 7 85
35 70 54
94 39 16
18 94 87
12 32 98
73 18 66
72 19 32
27 81 29
72 2 6
9 51 84
10 41 86
33 83 20
40 8 76
59 97 46
83 87 69
37 5 3
29 63 87
64 12 18
91 21 77
27 55 97
29 50 62
32 68 97
69 78 97
5 46 15
88 16 45
81 60 40
4 81 82
68 14 22
43 11 48
31 88 92
97 65 40
42 26 64
1 33 13
95 81 42
9 96 98
43 74 17
83 78 63
16 18 72
8 11 66
18 7 90
62 48 73
30 5 29
62 22 93
92 25 26
19 4 88
49 25 19
27 20 50
19 33 21
43 30 45
21 51 8
73 63 78
18 40 37
28 73 81
53 25 9
37 77 28
32 25 96
40 0 57
94 66 27
56 7 85
25 13 4
2 55 37
90 85 74
15 72 13
10 93 73
19 58 37
39 37 2
31 54 6
70 6 17
55 42 49
63 33 65
7 70 30
90 17 18
97 1 21
73 66 20
49 59 20
3 34 80
42 35 32
62 97 75
79 53 28
84 73 2
58 19 83
89 65 48
43 83 99
10 51 69
49 63 80
89 5 31
3 6 62
61 40 84
52 53 86
70 98 40
90 5 19
82 35 66
68 35 88
28 84 42
32 11 47
83 44 77
57 27 76
28 18 45
72 96 3
44 6 71
89 96 96
99 74 63
20 69 25
98 4 60
99 1 88
41 59 95
23 58 56
18 70 85
26 72 9
71 31 7
4 30 99
23 21 68
66 58 3
86 68 77
95 94 8
6 36 65
74 82 90
16 2 76
36 74 25
60 79 95
66 35 86
37 87 37
88 33 99
26 85 36
25 64 72
39 79 5
95 64 95
76 37 8
75 51 70
2 0 66
97 7 10
87 15 8
60 22 16
89 94 19
81 52 67
78 89 16
4 35 49
13 60 40
88 65 95
28 41 98
6 58 8
84 85 55
84 45 72
34 82 43
5 22 11
14 31 13
88 67 3
91 31 81
67 69 11
79 52 70
55 23 62
65 6 82
93 74 95
26 55 4
66 52 67
77 16 57
84 37 10
28 53 69
37 27 88
54 37 10
62 19 88
42 3 75
65 68 99
80 95 9
26 35 100
43 67 89
90 86 71
4 66 29
83 48 47
48 4 1
79 86 27
80 93 32
71 23 74
45 43 30
59 50 4
33 66 47
11 0 34
92 88 33
50 24 40
37 70 80
29 93 49
56 12 10
18 19 96
59 22 30
11 6 68
62 50 45
88 24 7
13 94 21
61 16 10
4 80 51
18 34 70
74 47 66
80 1 78
20 87 97
8 82 90
29 15 47
5 91 51
61 36 97
28 62 45
26 75 75
45 44 81
79 19 61
17 67 95
98 57 66
74 82 43
72 94 60
34 67 52
36 40 95
63 5 96
32 33 84
93 62 46
15 30 92
51 13 77
8 0 15
75 72 58
42 38 82
40 64 33
71 47 64
58 27 37
77 58 73
67 6 78
78 70 5
2 46 3
19 86 100
48 80 13
34 43 59
53 82 63
9 34 89
35 71 53
93 81 35
25 10 88
17 49 61
37 47 28
62 68 57
40 20 13
13 51 75
53 72 88
70 92 23
43 79 68
22 9 44
12 28 74
7 84 19
98 34 100
50 85 90
8 17 10
35 26 25
32 94 88
82 56 13
46 34 21
23 60 60
34 0 92
5 21 20
47 66 36
66 14 16
45 20 16
62 24 33
52 30 5
71 4 70
32 58 65
45 88 58
18 77 68
34 8 5
73 38 36
82 30 12
0 78 46
38 88 76
60 76 45
42 77 41
88 17 39
84 38 97
3 93 41
54 32 73
18 54 90
55 85 41
9 98 20
73 92 81
56 90 47
28 52 38
10 20 24
7 52 9
2 25 35
18 84 37
30 64 38
2 59 17
69 29 50
65 55 20
14 74 70
58 73 48
85 4 22
48 24 80
27 2 72
42 97 50
69 44 14
0 65 60
38 61 53
18 2 81
13 40 100
31 78 29
83 68 9
96 80 4
71 78 91
24 16 28
10 89 24
96 51 70
40 88 76
27 67 81
7 10 38
98 28 95
78 63 76
97 5 60
0 18 44
71 44 7
4 31 9
81 27 69
70 46 90
14 11 24
9 26 83
13 59 66
5 32 28
80 38 58
57 72 54
92 28 57
37 48 61
95 84 59
93 56 90
37 1 5
77 28 59
69 34 88
66 37 90
9 55 72
42 92 32
40 34 98
37 87 90
18 87 70
10 95 94
59 16 26
78 14 59
91 77 94
99 55 55
23 85 85
96 12 94
97 36 63
92 55 97
29 4 54
17 3 78
64 27 3
71 50 9
72 86 77
55 30 91
16 4 83
9 41 37
82 61 15
39 66 8
27 51 34
2 55 56
77 6 44
18 37 79
56 50 60
37 78 46
19 17 29
27 15 77
85 28 28
32 38 30
48 10 49
11 13 1
53 61 50
69 38 53
36 22 51
72 62 75
1 13 31
74 18 16
40 39 37
88 25 30
65 13 10
78 63 21
39 33 52
33 77 42
45 79 75
49 62 28
41 54 39
68 97 80
2 97 80
29 25 37
1 5 100
43 44 16
47 87 65
45 86 78
76 99 34
77 1 2
63 30 70
68 21 35
40 94 73
28 80 13
21 0 47
50 64 41
89 92 55
66 83 25
92 13 3
74 25 57
39 29 98
77 76 86
25 7 34
43 91 70
41 86 4
80 26 46
76 95 81
90 72 82
38 46 77
92 32 83
41 32 38
12 37 78
1 43 56
62 64 22
83 88 44
83 95 60
47 87 46
38 13 79
74 19 76
1 18 2
94 35 50
86 74 65
97 81 28
58 46 82
62 81 72
28 52 60
3 18 28
45 17 39
60 40 21
39 44 80
88 25 32
49 66 20
38 61 3
18 45 44
31 60 87
11 24 86
53 64 64
11 69 91
11 60 53
57 19 11
3 50 10
53 5 5
13 41 99
76 55 31
84 5 53
79 6 60
14 40 63
69 50 86
45 90 21
13 96 74
30 8 35
44 46 8
49 63 26
78 51 64
49 64 28
57 43 61
84 69 71
12 34 56
25 58 44
37 35 81
22 13 64
84 20 72
73 13 56
27 76 19
64 43 60
57 0 83
70 9 72
5 59 94
74 9 74
68 96 81
77 61 64
29 0 80
61 41 70
15 78 52
33 31 10
76 21 12
51 81 60
19 8 12
30 71 58
21 56 5
54 45 82
72 42 1
98 53 26
40 8 8
19 11 89
67 10 11
28 1 67
58 11 67
61 59 50
15 4 20
59 69 100
69 47 47
53 71 26
10 61 48
54 19 14
84 32 16
0 82 88
35 79 32
66 42 96
2 7 37
67 64 79
1 62 73
48 82 74
97 93 39
7 65 80
82 97 75
2 75 42
74 78 7
86 63 25
38 39 35
58 62 7
47 89 79
83 11 97
8 86 83
54 4 58
52 40 62
83 48 12
87 95 32
50 65 74
24 57 72
44 32 83
62 48 82
91 61 19
4 17 90
99 16 89
57 66 96
33 95 63
19 65 87
5 86 76
60 54 91
53 97 27
0 39 96
18 34 19
82 92 73
97 87 94
12 55 74
90 41 89
64 24 55
13 97 44
85 39 52
13 6 93
88 53 68
38 29 8
1 9 90
99 12 29
93 71 6
75 32 34
36 32 33
38 58 20
24 57 98
41 23 41
28 77 65
73 31 4
57 76 80
15 93 98
22 17 21
30 13 84
29 92 4
50 39 4
39 27 72
75 87 91
75 13 20
46 72 24
81 33 34
69 11 6
11 53 13
56 10 79
92 69 54
65 30 33
18 77 60
9 98 94
93 32 29
44 68 14
9 93 15
44 91 38
57 24 60
75 28 3
78 34 60
27 68 47
65 78 89
9 57 82
16 24 30
11 40 8
50 12 80
65 36 37
35 69 24
78 41 56
0 70 29
19 69 7
2 98 97
63 66 7
55 66 87
59 13 26
41 19 27
17 6 55
64 38 40
65 6 73
4 45 63
28 48 78
55 51 48
85 51 84
11 97 94
42 72 99
95 93 43
91 63 14
29 80 4
78 89 81
21 62 27
86 84 70
31 40 98
4 2 16
38 6 56
86 52 48
22 57 99
12 40 90
74 4 7
87 15 96
72 71 22
12 61 26
84 20 97
75 98 15
36 24 38
49 34 65
40 51 48
28 9 1
57 38 91
34 47 97
98 21 69
90 13 83
34 1 53
34 35 75
70 73 58
21 8 13
16 80 73
80 16 60
94 17 92
90 36 44
52 53 11
85 30 89
62 92 93
92 59 27
13 27 44
32 73 29
27 34 15
6 77 96
85 75 49
97 26 17
75 15 36
16 37 19
65 34 96
37 93 94
65 81 74
24 50 50
27 83 43
15 79 86
82 32 47
15 26 68
60 29 45
46 98 77
54 12 18
28 30 92
3 61 18
58 23 10
41 91 86
33 81 53
32 30 80
51 35 39
18 20 60
20 90 36
95 29 5
28 91 66
75 16 40
34 9 30
64 4 42
61 90 97
0 27 26
66 84 12
78 79 83
10 91 11
76 39 84
97 65 75
78 91 55
73 70 61
43 30 24
34 9 28
82 75 40
6 85 73
51 91 100
85 33 10
23 16 16
61 94 69
32 2 8
18 23 25
55 66 92
76 91 57
33 65 15
2 10 78
11 24 25
3 31 33
20 41 72
99 73 53
67 56 73
39 95 32
48 1 40
27 41 64
23 77 91
73 20 59
28 30 39
63 98 88
95 87 16
1 81 72
99 3 21
83 86 27
87 46 6
56 29 35
66 64 73
10 5 34
34 89 91
3 64 25
39 82 5
24 39 14
70 38 92
99 55 69
68 2 20
12 34 26
78 89 67
56 89 91
12 31 100
68 79 8
39 69 50
58 97 87
51 22 6
21 86 41
15 31 2
7 82 54
15 28 65
79 0 71
0 26 65
39 87 61
4 50 88
22 90 18
14 77 24
51 83 11
80 61 33
88 82 91
85 44 89
64 68 41
32 55 76
66 45 4
62 31 33
53 77 69
12 8 56
49 36 25
48 41 58
8 6 88
30 13 68
82 56 68
7 24 47
22 74 6
34 29 13
31 67 32
73 38 33
46 60 63
73 1 29
81 12 48
94 71 27
94 26 11
1 87 49
55 51 24
58 99 22
38 66 99
62 20 56
21 94 62
41 32 92
95 98 84
7 59 11
2 72 10
88 65 71
4 27 79
67 54 40
5 17 11
74 41 85
97 50 14
2 91 36
8 45 18
66 30 2
52 48 48
51 32 6
82 78 73
16 63 54
32 21 8
77 9 87
61 5 65
35 85 93
41 93 85
52 91 87
23 1 46
19 86 29
29 82 79
54 5 36
51 13 52
75 0 12
90 85 73
2 87 10
89 28 27
3 45 72
81 92 46
20 12 40
71 26 48
83 4 12
44 49 87
51 86 63
52 53 83
71 80 40
98 82 47
1 44 6
51 2 77
9 13 48
99 56 16
86 35 77
1 35 94
36 60 94
86 70 5
36 9 2
16 34 60
31 8 82
41 79 87
74 63 89
75 24 68
19 28 56
48 44 37
51 72 71
82 52 38
58 20 53
39 21 12
38 84 32
38 78 7
65 15 31
79 66 82
12 91 83
35 97 7
92 50 4
13 34 19
86 78 84
27 85 65
69 31 29
12 40 62
14 75 85
0 66 75
95 6 88
41 55 49
37 33 72
23 54 20
48 1 35
93 56 75
19 59 12
11 74 57
15 84 44
44 70 19
7 2 3
28 73 76
81 99 43
22 54 63
6 95 61
7 85 63
94 16 23
37 49 39
63 99 96
60 90 97
53 93 3
76 87 83
46 24 53
61 7 10
47 38 18
39 13 83
46 49 67
70 10 7
94 48 50
97 80 92
93 20 23
2 71 66
45 14 43
32 56 74
35 83 56
74 20 44
57 77 85
93 27 64
62 91 91
4 14 82
73 43 25
59 27 38
83 68 88
68 26 90
37 82 72
5 38 98
54 10 42
51 57 58
0 56 21
98 10 17
82 31 79
43 32 83
14 87 53
82 27 39
72 92 18
21 71 36
68 73 68
83 23 80
98 5 40
85 68 55
67 50 19
52 30 29
98 25 7
66 82 34
86 82 80
42 97 29
53 87 81
6 62 58
62 16 64
28 58 82
98 77 46
77 62 96
23 91 50
34 31 39
36 9 66
8 57 84
84 50 78
99 84 72
89 59 93
25 16 55
40 47 98
91 92 26
10 74 23
41 11 58
57 20 94
12 48 31
3 98 35
10 86 31
9 66 42
55 53 77
95 32 7
63 29 70
58 17 58
78 5 70
18 38 16
24 15 30
81 37 83
42 72 100
65 89 44
24 87 42
93 79 18
42 86 50
45 99 20
65 37 93
93 49 7
10 39 56
85 42 46
56 72 42
11 23 53
19 72 2
1 15 48
91 73 2
36 33 58
39 30 43
89 90 46
86 43 22
49 96 45
32 82 24
15 66 75
43 71 82
5 70 89
63 4 62
21 87 71
17 38 32
95 79 70
66 12 78
52 14 72
90 15 14
69 20 18
14 42 14
49 65 14
81 50 50
38 86 45
18 1 60
13 6 53
12 27 83
18 42 60
61 31 64
98 5 65
22 17 62
31 20 55
3 4 37
39 27 92
23 6 10
86 83 51
7 74 21
67 98 90
34 19 18
54 19 87
54 45 59
83 11 84
9 0 15
70 22 71
59 86 94
85 42 44
9 72 26
66 10 65
19 27 3
19 17 82
56 0 26
90 4 11
57 81 47
70 87 72
19 45 16
18 19 20
38 0 18
99 64 81
59 41 70
34 46 60
5 2 99
31 83 42
96 72 7
67 25 84
14 1 64
21 94 79
78 68 43
61 1 62
36 47 9
70 8 55
39 60 69
75 57 88
95 44 58
73 34 35
82 97 6
94 41 99
45 87 62
77 62 74
65 20 89
33 5 96
31 34 40
85 72 91
16 25 34
97 80 16
12 76 93
30 11 19
6 99 40
42 46 61
90 20 44
0 77 46
42 33 25
78 12 89
58 56 33
91 64 81
35 15 26
74 8 90
20 88 57
81 33 38
58 55 68
75 17 12
98 46 20
58 54 88
10 38 78
21 77 88
66 32 53
48 20 77
74 79 85
60 69 29
42 81 66
13 47 66
54 40 27
11 28 86
96 11 63
13 78 12
92 86 70
23 20 2
74 22 71
51 59 33
99 7 19
99 42 32
10 38 85
3 75 44
74 85 62
49 9 96
60 34 3
96 4 15
76 65 29
83 11 38
48 22 40
67 40 57
70 28 80
30 51 71
26 95 53
10 51 24
63 83 75
85 37 29
24 83 89
76 81 83
35 38 69
57 0 60
59 87 35
84 96 70
0 49 92
98 50 77
69 57 45
52 31 26
62 6 74
77 59 98
27 99 6
6 86 28
33 55 75
61 48 6
43 51 100
29 62 19
53 11 1
52 59 12
43 94 20
10 28 85
46 89 1
18 21 98
6 60 72
46 3 75
54 41 48
53 75 99
23 17 68
35 19 68
72 99 94
64 82 37
49 41 9
79 6 88
67 35 82
42 2 29
40 10 35
14 57 18
29 11 55
20 62 42
91 54 98
77 3 40
66 88 63
23 91 53
27 9 44
4 98 52
25 98 44
20 78 43
79 13 53
56 11 8
53 79 28
74 56 57
27 98 12
70 14 39
48 99 5
69 14 5
14 38 2
68 94 58
94 35 77
33 89 39
98 89 61
6 15 70
34 97 7
82 81 7
62 70 23
85 90 16
86 36 57
8 25 66
90 5 29
15 37 12
32 9 63
95 67 95
88 45 31
24 77 76
16 52 1
72 39 43
99 35 94
86 32 12
2 94 5
28 89 21
9 13 22
4 25 66
91 97 39
65 84 67
77 69 9
87 35 49
21 68 93
66 19 52
37 0 39
26 9 23
77 57 55
75 36 90
47 6 39
70 74 80
45 14 76
79 50 93
91 16 15
40 91 18
48 5 55
43 66 26
26 78 98
24 59 76
40 96 94
86 1 33
63 79 77
53 54 50
22 34 78
48 54 14
36 50 56
0 52 87
21 0 46
48 78 19
59 92 26
88 14 3
9 59 2
54 1 55
54 97 46
78 64 33
57 66 32
26 21 79
13 42 41
37 3 96
83 24 67
51 34 79
4 18 52
97 38 9
23 39 20
54 89 36
36 12 3
38 84 36
83 7 45
22 34 12
71 80 41
49 40 37
52 90 74
62 73 66
12 24 39
99 97 58
67 65 59
15 33 60
70 43 48
14 49 88
48 97 4
64 96 87
82 50 75
80 93 95
93 8 47
51 87 74
19 20 77
49 84 23
55 7 31
1 39 72
37 17 50
25 1 33
61 86 67
62 77 89
66 42 70
4 72 17
42 19 91
13 66 75
44 52 69
80 84 2
61 75 80
76 26 94
38 34 7
49 7 93
93 37 79
83 27 66
7 9 67
99 10 8
26 85 79
10 11 53
36 63 92
13 39 20
30 27 35
96 23 49
10 44 45
97 6 53
93 33 51
92 78 52
34 21 22
16 21 17
78 39 12
21 38 71
66 81 29
97 72 35
57 33 30
35 46 90
45 79 2
81 99 54
56 18 50
22 72 26
65 44 2
94 67 57
75 7 87
20 38 30
93 96 24
59 6 55
42 62 50
44 36 67
4 54 71
59 76 30
57 66 37
72 46 100
77 33 63
16 25 61
86 93 11
9 40 65
4 63 38
43 35 43
0 24 23
62 17 94
4 46 16
15 65 37
25 57 32
69 51 91
88 53 18
59 43 70
72 82 3
15 37 33
98 85 77
2 74 53
17 65 40
99 35 8
1 51 10
38 0 36
75 68 95
83 39 18
64 77 53
49 56 57
80 14 86
32 52 75
15 66 67
57 47 7
80 11 16
47 56 2
67 80 22
11 47 47
11 89 70
9 83 44
95 19 67
95 26 72
25 65 79
35 15 100
86 43 95
63 64 28
8 15 39
87 41 48
88 9 91
93 86 76
30 6 96
88 77 74
16 58 98
75 11 40
9 78 4
21 78 91
20 38 95
22 96 89
79 83 62
34 32 1
99 85 56
90 91 16
15 3 80
86 7 84
97 1 9
22 85 69
79 13 27
81 58 65
69 32 81
28 49 88
57 11 2
31 68 66
60 32 39
21 63 32
24 82 73
78 88 49
38 57 74
84 10 74
47 27 74
10 35 19
9 22 6
12 34 41
33 41 94
98 95 93
59 68 91
27 1 28
68 66 74
47 48 91
25 76 80
61 15 16
92 72 93
89 19 18
47 88 41
70 39 76
29 86 78
49 8 68
32 66 7
66 2 71
21 12 100
63 56 74
81 18 5
31 75 62
64 24 41
35 49 38
74 31 54
24 79 67
98 88 89
44 3 57
83 23 38
7 94 16
31 26 8
2 47 87
58 72 28
14 39 50
70 16 55
24 72 45
81 52 92
45 81 60
49 69 54
58 27 55
61 95 13
62 43 95
47 75 69
75 9 48
89 58 94
88 96 94
75 13 76
11 88 97
69 34 25
16 33 32
88 87 97
38 78 30
53 0 85
93 75 10
2 72 76
27 41 12
1 94 83
47 82 43
86 49 21
3 28 22
98 4 9
62 70 11
91 27 62
13 81 3
79 61 60
42 16 88
15 92 76
10 33 19
97 86 33
67 10 13
37 84 70
19 40 90
93 52 19
84 60 25
16 6 80
40 30 28
93 50 60
1 51 80
92 18 2
9 52 92
98 42 37
57 21 45
92 33 80
44 35 69
10 49 24
18 49 39
9 25 62
9 28 43
89 79 57
43 17 18
99 40 83
73 76 13
14 85 73
41 58 14
38 8 79
69 58 71
60 2 20
74 21 19
35 80 62
43 56 79
22 69 73
15 44 29
41 89 58
44 91 39
76 49 76
86 0 52
82 85 72
74 60 5
72 7 44
15 54 4
99 45 100
78 20 80
30 88 56
36 85 9
78 31 95
62 7 8
