42 76 76
85 54 100
61 38 24
89 82 91
27 20 45
8 94 76
80 50 64
21 52 13
16 33 11
59 40 10
12 88 27
80 55 52
17 2 51
78 43 13
35 46 5
42 14 8
10 36 4
72 78 81
17 8 55
68 56 51
75 77 14
9 68 65
64 24 17
89 91 63
52 8 63
77 87 49
11 16 41
91 68 87
36 75 21
23 50 84
58 51 85
91 26 95
52 26 23
94 75 52
37 92 14
87 96 23
44 40 46
66 31 95
53 56 24
43 85 36
17 3 15
33 5 68
46 62 77
15 75 3
37 18 64
82 83 69
50 63 40
8 45 34
92 93 24
60 30 81
65 48 91
35 39 99
0 92 63
72 51 34
50 6 7
12 90 65
34 33 64
92 31 24
98 80 92
68 65 26
1 8 61
11 39 98
96 93 82
42 46 82
27 2 25
13 93 93
66 29 46
60 82 82
97 21 46
76 92 40
86 23 62
97 94 92
51 31 28
41 91 3
45 72 51
88 35 28
22 43 55
62 66 11
30 58 64
87 49 9
87 69 49
69 1 75
74 65 54
34 24 13
34 6 73
58 29 88
9 71 11
76 83 79
91 3 13
59 85 9
80 65 9
43 79 34
5 76 22
49 23 23
33 89 52
24 99 52
41 69 5
79 80 28
53 90 31
70 41 66
38 28 9
66 19 54
65 98 79
45 66 79
79 86 56
7 17 41
53 42 25
44 82 99
29 20 48
97 69 90
62 58 7
28 85 41
39 99 52
84 27 64
90 96 35
47 35 1
72 20 40
63 75 14
98 24 53
64 26 61
1 98 18
59 90 88
29 70 3
96 42 88
77 21 18
20 0 62
44 23 78
98 37 97
42 88 58
53 33 18
58 22 3
94 88 45
77 85 74
41 46 63
5 59 92
44 99 95
25 96 43
76 99 39
82 70 6
41 57 50
89 6 91
88 92 18
58 30 100
42 4 77
33 87 61
8 97 88
59 17 18
32 37 48
31 6 76
15 0 24
83 36 84
40 91 90
71 98 57
87 73 76
40 12 50
3 95 7
96 46 78
42 68 29
89 76 37
80 31 80
50 64 93
66 40 30
9 18 88
18 84 42
91 67 55
85 51 33
58 1 85
33 83 13
2 57 99
70 67 20
99 69 78
46 95 92
75 64 88
35 24 19
63 90 92
94 62 28
20 61 34
7 61 88
72 19 16
29 95 28
15 59 67
71 97 45
83 84 42
86 91 62
55 62 48
99 8 88
3 97 74
37 74 76
21 74 98
74 34 86
78 44 58
23 41 35
19 3 35
48 93 82
50 20 1
96 69 20
34 94 90
1 5 38
0 76 26
31 20 54
90 10 60
91 20 31
99 0 35
76 80 35
23 58 98
35 91 74
2 98 20
10 40 4
8 85 4
69 78 96
68 78 47
52 91 68
32 5 40
18 55 17
86 71 48
82 12 32
42 89 17
72 7 1
11 2 81
33 32 47
54 22 35
98 3 32
64 77 63
83 82 98
90 57 3
82 73 17
18 17 68
20 46 99
3 76 79
4 99 70
9 84 44
91 69 86
85 39 28
67 8 19
64 95 60
61 71 11
62 12 52
98 39 88
39 62 87
79 83 51
13 47 95
9 19 87
52 60 98
0 72 9
7 48 50
97 35 8
79 9 66
57 90 30
60 37 33
28 17 56
77 13 31
82 65 75
58 21 62
31 67 16
98 58 82
50 98 83
79 89 46
58 16 59
66 30 2
99 96 91
70 20 13
64 82 48
12 4 72
53 76 44
3 20 82
56 86 40
56 72 94
37 74 99
77 50 24
18 89 69
47 90 53
58 13 95
87 28 16
26 15 47
11 0 41
35 85 89
19 3 27
96 22 33
21 71 74
30 5 86
28 94 79
6 92 34
44 80 69
58 19 98
78 41 98
22 41 12
49 87 70
59 89 97
91 90 36
31 81 36
23 58 25
8 14 67
67 81 91
25 78 16
40 51 71
2 93 71
12 55 81
55 61 62
29 73 17
82 30 42
56 23 72
79 62 7
48 33 56
16 64 76
2 27 68
63 56 78
60 94 82
76 31 60
72 38 27
24 21 10
91 76 59
79 51 17
20 63 87
26 95 94
50 20 1
48 82 67
24 20 69
96 65 63
40 6 27
48 53 14
28 65 70
31 52 78
21 48 26
99 19 62
23 28 20
62 18 27
86 3 54
33 45 3
86 5 52
21 98 82
53 84 84
68 63 8
58 31 42
23 35 24
68 50 45
17 72 92
86 36 18
51 15 62
75 46 91
30 66 49
77 42 49
21 36 51
38 80 8
98 77 45
37 22 12
16 81 8
69 17 99
66 78 30
60 84 70
87 95 74
27 99 95
43 8 38
1 10 9
54 79 7
23 50 76
1 74 36
71 76 75
15 92 85
22 51 62
34 36 79
35 69 62
25 86 57
14 23 41
84 28 9
3 19 85
90 45 12
29 93 11
74 58 94
43 23 100
31 81 56
32 97 41
86 89 31
4 97 19
74 99 70
18 74 56
13 4 18
83 16 51
4 21 55
18 44 51
95 80 70
86 3 70
58 52 34
81 52 14
77 64 97
81 8 68
6 90 89
59 28 14
61 35 53
5 84 7
74 67 12
81 78 33
38 7 24
41 33 60
29 36 71
39 12 34
37 66 75
40 0 98
90 27 66
75 67 18
49 66 94
33 99 24
6 64 85
93 38 46
6 87 98
86 55 9
63 65 94
63 22 60
72 1 100
54 73 99
27 33 16
46 88 29
68 36 14
61 16 5
74 18 46
71 74 96
67 55 8
12 80 64
76 44 87
36 67 33
92 65 29
71 2 14
43 79 78
98 38 61
96 64 48
50 1 50
61 30 36
20 66 95
45 28 75
50 84 31
22 82 16
67 92 89
20 84 83
16 86 78
82 77 71
73 46 81
79 80 38
63 28 96
18 39 21
36 8 43
24 78 9
40 89 53
93 47 45
71 49 3
24 92 29
47 44 19
9 60 15
28 24 16
68 51 30
19 65 48
16 63 25
86 42 27
34 41 68
21 66 83
73 1 39
95 57 27
12 89 59
45 47 99
99 10 25
1 94 62
33 55 5
34 17 49
11 33 92
65 79 90
37 40 13
81 1 63
33 51 48
76 96 26
40 65 63
11 72 66
14 35 85
22 60 71
15 37 92
99 11 65
9 29 92
27 96 43
68 1 57
58 13 73
62 7 73
93 56 55
60 31 20
0 12 80
62 81 3
5 46 2
50 30 62
25 42 6
72 40 16
85 97 19
34 12 24
15 8 76
62 17 21
82 2 29
96 23 41
67 90 92
56 32 38
32 26 39
23 47 25
23 51 34
65 80 79
10 96 50
3 85 13
41 71 52
72 51 82
69 22 90
87 24 70
94 7 26
97 7 51
36 93 24
52 26 20
75 57 37
82 25 79
66 61 38
23 42 85
77 61 2
37 2 94
48 26 30
41 1 7
85 75 63
49 24 9
74 96 85
86 95 63
7 31 76
2 34 11
47 42 16
32 47 10
71 15 36
77 19 91
8 12 49
14 55 91
94 21 60
28 10 12
39 7 24
37 61 47
75 42 63
10 87 29
19 34 53
79 29 69
22 51 24
0 87 68
4 26 38
39 32 99
82 94 80
12 25 42
17 14 62
73 54 17
2 68 99
15 8 80
21 46 17
63 49 42
34 54 69
43 37 86
46 23 80
65 92 36
89 34 40
14 7 49
80 53 61
97 35 62
36 9 98
7 47 31
38 28 16
7 13 21
22 7 81
63 66 47
70 8 48
53 25 47
39 56 1
23 49 14
47 80 32
51 39 64
77 41 76
29 27 18
57 89 30
6 98 34
98 66 70
49 71 54
81 41 34
59 98 37
53 24 14
63 53 67
23 39 33
79 67 97
56 90 78
83 80 62
64 26 65
65 81 68
33 34 67
88 42 55
45 95 2
89 80 56
56 30 96
89 3 78
86 68 71
60 29 13
68 61 76
22 24 92
81 3 10
57 36 71
73 76 31
76 39 61
27 47 34
27 21 12
45 98 38
62 28 58
93 78 43
33 17 53
17 76 44
56 35 30
40 56 52
51 9 28
88 37 12
40 99 46
34 64 41
38 70 58
51 35 45
16 65 22
21 79 21
13 2 73
43 1 11
68 42 91
77 13 31
46 50 40
4 46 29
47 94 12
30 38 60
44 74 20
82 48 54
67 79 20
13 42 3
7 19 96
40 89 25
4 76 60
41 32 72
97 43 63
81 96 22
90 41 32
84 16 8
88 71 2
76 83 50
38 22 95
93 21 4
57 2 96
93 71 69
0 36 99
10 76 41
23 5 88
93 81 99
21 84 73
48 12 90
63 7 74
24 27 34
77 33 96
42 40 53
56 23 72
69 79 40
43 46 3
95 23 84
36 32 45
50 96 21
1 16 61
45 69 88
25 50 80
48 27 45
17 98 37
4 86 13
50 8 35
95 32 100
53 46 27
11 19 38
25 2 64
43 94 2
43 48 29
50 88 63
13 36 93
10 94 38
56 75 64
16 5 49
14 12 20
60 80 43
4 40 91
43 71 93
97 66 21
18 89 47
24 88 26
74 79 77
23 19 15
35 32 96
68 92 95
11 17 13
26 73 42
27 83 73
16 32 21
98 33 68
81 14 59
58 99 81
85 50 62
68 96 8
65 11 21
58 72 37
45 20 81
16 38 9
65 35 72
73 35 84
34 58 29
3 20 14
82 85 62
39 56 6
22 17 59
6 87 87
15 28 93
29 99 29
6 62 99
75 37 3
48 41 29
54 35 28
38 54 27
17 38 75
96 85 50
50 27 46
57 8 52
12 86 32
22 20 92
32 5 78
22 44 34
66 64 9
85 0 40
36 97 12
10 60 65
53 89 51
66 8 56
94 60 45
97 72 7
26 96 79
87 88 55
90 16 97
69 71 100
93 49 26
22 9 74
76 25 70
26 72 86
39 92 72
88 46 23
96 86 54
1 21 29
9 12 71
76 69 76
71 17 97
75 11 67
18 50 75
95 68 25
94 31 71
41 75 90
27 81 26
89 88 80
28 96 68
54 22 30
64 7 50
98 73 85
91 11 2
1 38 98
99 90 79
20 9 66
3 27 70
14 65 30
69 17 32
58 31 16
91 19 89
25 7 28
65 73 82
39 92 24
1 60 70
62 89 5
61 60 71
3 12 6
5 38 92
27 98 72
97 62 49
82 51 68
7 63 37
95 88 45
2 27 91
52 83 39
30 72 17
23 32 34
99 77 14
66 46 27
38 54 77
80 71 60
64 59 66
64 9 61
38 68 88
10 69 45
40 63 28
14 83 31
74 65 24
0 49 91
94 77 91
73 12 42
98 0 60
49 32 5
32 45 90
98 51 48
87 77 70
61 62 73
78 23 40
98 28 38
85 35 28
25 22 58
38 74 3
51 11 37
83 39 71
50 57 36
94 98 60
43 13 74
80 77 59
44 39 38
64 11 97
88 49 78
3 45 63
57 35 88
86 16 10
7 47 92
92 5 17
56 1 74
25 36 33
33 9 42
6 86 11
83 15 90
4 85 20
87 95 20
29 40 40
10 83 94
58 35 94
61 45 77
46 0 98
29 4 77
44 33 22
52 24 31
38 30 29
82 96 1
66 55 88
95 42 70
47 88 77
0 31 29
93 11 41
68 88 8
62 50 97
56 83 69
26 66 1
43 89 97
82 11 19
59 22 59
67 69 85
30 76 22
79 57 21
40 21 65
70 90 92
36 3 64
0 37 74
60 27 69
59 37 56
13 44 59
82 39 27
19 34 9
79 81 78
16 78 80
13 61 53
50 67 73
71 93 97
89 41 65
65 30 63
59 1 15
59 75 80
32 3 56
26 22 69
82 8 74
19 45 67
11 6 63
50 32 3
15 4 54
5 86 60
48 22 95
28 33 53
4 96 92
62 19 28
99 16 59
70 44 36
73 10 70
99 87 16
19 66 25
47 24 38
97 77 91
75 53 43
51 90 28
19 43 100
62 65 65
30 78 54
62 50 1
96 16 28
66 19 38
33 16 54
96 58 8
94 52 26
60 49 5
34 78 19
32 50 74
37 12 20
18 10 62
49 61 58
43 23 70
42 39 46
32 3 27
68 91 52
82 25 5
96 39 16
43 14 72
51 90 66
48 30 39
76 55 71
40 7 60
3 37 1
3 9 96
64 9 27
76 65 77
9 56 16
97 34 84
18 10 87
44 99 21
28 38 54
95 66 39
60 40 71
22 25 96
4 45 5
63 45 45
53 59 31
77 95 75
91 30 65
27 71 77
19 8 42
94 23 2
46 42 93
70 49 49
24 41 53
23 60 6
16 17 35
9 57 79
47 5 74
28 46 70
83 85 80
31 64 43
79 69 73
13 45 9
43 47 27
43 16 78
94 70 25
28 66 9
28 71 24
15 52 54
89 20 21
4 61 46
37 46 50
76 85 83
69 51 74
63 59 69
16 14 57
64 72 34
71 75 21
81 59 9
89 36 22
84 11 17
60 16 42
89 68 93
58 2 24
34 70 97
99 9 48
22 98 81
17 32 60
38 74 84
20 67 13
59 85 70
56 77 26
14 4 70
6 31 54
15 71 7
63 13 18
24 95 34
50 29 7
53 26 86
8 69 70
89 84 5
47 60 5
40 90 57
85 80 86
52 20 85
94 63 28
92 94 19
51 32 71
96 56 33
46 5 77
80 10 87
66 29 98
83 85 45
21 25 62
99 74 92
89 14 44
88 63 32
74 80 80
11 73 18
11 65 98
57 92 61
36 17 42
88 40 53
65 94 83
98 99 12
37 20 63
23 58 68
43 39 46
13 43 98
8 47 83
55 28 73
6 40 87
43 62 88
91 14 95
1 71 44
36 78 82
19 1 24
68 1 31
12 7 86
79 98 54
99 61 29
71 96 97
88 92 53
96 36 61
81 97 78
38 11 20
49 75 26
56 9 28
85 84 16
55 12 20
70 18 86
21 38 19
60 56 41
14 59 89
72 13 6
67 39 67
31 25 93
23 45 94
21 26 66
78 58 83
10 11 39
3 40 91
99 60 85
9 45 14
89 33 48
63 30 51
47 80 76
49 19 42
90 70 93
70 40 43
4 88 60
90 62 58
11 61 8
25 98 36
28 29 9
21 26 62
44 23 67
10 92 10
89 2 55
45 53 4
21 22 78
4 99 50
97 92 25
1 81 42
33 21 68
97 72 34
70 37 9
5 90 70
89 96 87
68 20 2
97 49 39
72 52 61
75 87 88
40 46 68
23 2 90
15 79 43
22 65 91
82 25 18
48 28 90
50 54 30
42 43 30
84 90 32
43 71 80
29 92 19
93 31 9
83 17 11
19 83 2
96 79 13
61 26 75
74 7 26
31 55 60
55 26 56
93 78 89
1 83 63
5 86 85
45 25 89
63 53 96
38 41 90
7 39 33
58 52 97
75 1 93
11 6 99
71 45 44
39 99 84
58 77 60
28 13 28
61 90 73
39 60 86
26 8 12
82 24 76
94 80 38
78 66 51
3 48 9
59 12 47
91 76 31
96 74 65
59 24 71
22 96 9
32 5 62
83 21 73
29 53 68
62 96 25
43 67 3
96 53 27
2 35 63
60 77 68
83 37 67
64 48 68
24 97 41
10 91 100
75 64 88
57 28 47
42 40 63
44 24 12
11 44 71
24 61 77
76 9 42
34 56 58
85 89 38
82 13 55
96 97 72
26 95 35
77 18 41
26 36 13
93 88 59
77 30 64
31 44 19
26 69 57
91 69 44
0 22 49
6 38 17
74 80 26
92 0 70
67 18 27
91 15 24
23 73 39
23 48 77
73 68 51
51 43 78
81 65 85
27 74 38
0 79 54
98 11 68
84 85 44
27 99 49
41 25 69
13 86 38
93 40 42
1 38 39
34 16 62
47 17 26
36 59 21
53 12 46
19 3 5
4 62 78
46 8 27
12 52 74
62 67 93
84 66 86
41 47 2
85 36 30
99 20 31
51 29 55
49 38 82
85 51 33
51 71 44
74 42 83
82 39 31
51 66 23
30 1 64
73 93 49
96 32 99
54 9 47
8 22 91
67 61 9
14 34 40
40 18 87
81 43 95
5 13 25
27 44 16
12 0 54
49 47 55
46 17 29
16 60 57
47 66 100
40 6 82
37 74 80
76 80 6
97 71 80
53 91 62
71 62 22
55 15 97
34 89 36
85 11 37
66 18 23
50 71 95
40 95 59
23 49 53
57 95 23
70 33 9
13 40 61
88 21 60
28 5 18
88 5 82
94 43 2
90 85 76
1 97 45
45 85 93
37 47 22
58 89 43
35 79 3
48 28 91
76 12 75
60 23 36
36 25 15
81 54 70
81 57 70
13 20 63
31 25 76
87 48 45
10 43 93
11 26 39
1 30 20
31 37 13
54 90 6
14 22 58
57 35 91
56 91 32
22 48 89
30 47 91
38 81 55
28 45 77
85 3 62
43 49 40
76 15 57
74 54 32
22 1 93
25 72 78
99 87 6
44 67 8
60 75 21
80 60 47
77 98 84
20 38 7
42 21 29
31 46 82
0 81 64
50 42 94
66 87 15
15 85 10
84 68 97
54 64 82
16 44 17
37 7 61
63 93 76
25 84 78
19 81 76
27 0 80
1 39 18
93 46 31
43 1 45
49 61 32
19 81 16
35 92 58
22 71 84
76 46 20
73 62 54
53 56 78
21 18 14
65 25 94
92 81 31
53 3 71
99 91 67
51 4 24
23 26 61
13 84 6
85 30 35
24 78 50
17 24 92
31 67 23
6 31 77
46 58 29
80 90 49
32 3 28
91 48 82
24 21 91
65 51 81
27 56 49
11 45 21
71 68 92
27 42 13
21 19 90
3 55 68
3 86 61
32 2 45
89 23 91
80 30 99
63 53 50
74 18 5
81 43 72
18 10 17
64 54 97
99 20 43
94 77 84
55 58 88
43 72 72
0 2 99
90 19 52
74 33 58
41 4 74
28 43 62
0 79 43
1 5 14
6 94 29
26 19 94
18 61 96
10 5 46
62 55 73
36 75 91
19 64 16
24 70 34
11 31 57
15 2 38
95 18 37
7 46 22
0 68 61
35 77 23
8 69 28
3 98 25
97 10 67
52 71 82
39 92 17
42 27 30
73 46 31
48 52 99
48 79 41
14 0 85
98 88 77
93 46 75
75 41 25
64 95 38
8 36 29
27 45 86
81 92 72
15 10 62
6 70 27
51 4 50
71 91 81
9 20 62
49 47 24
14 85 43
94 50 45
64 81 41
51 21 90
45 8 62
71 23 10
99 51 75
68 78 25
18 98 5
69 0 90
11 51 76
50 80 43
23 61 73
66 25 66
12 84 92
0 49 34
76 49 62
99 75 40
57 42 44
9 26 28
82 70 7
33 88 4
72 0 3
33 35 4
28 67 49
33 79 12
80 77 67
38 1 5
19 51 87
47 72 81
13 94 50
96 40 48
41 83 21
32 88 31
46 65 41
94 13 67
60 81 94
69 27 99
94 48 34
27 88 43
24 76 52
61 46 11
44 47 40
42 63 66
59 53 26
63 57 58
81 39 95
30 87 42
62 76 68
50 62 93
12 79 64
47 44 12
86 8 16
80 97 9
27 14 44
80 86 46
70 22 17
45 84 3
6 64 49
71 18 27
22 11 57
24 94 54
60 66 39
34 5 28
31 53 20
29 14 67
93 33 32
46 49 21
3 90 18
7 88 39
68 37 75
9 5 65
91 54 1
16 10 50
98 56 21
67 36 15
36 85 58
85 61 86
25 49 24
60 13 61
58 56 69
56 99 77
25 10 75
11 36 55
6 90 16
5 84 32
1 88 7
79 82 63
42 67 39
70 60 23
48 18 59
38 79 41
47 6 85
43 95 19
19 18 53
35 49 82
72 85 28
97 99 46
80 67 33
79 37 94
77 10 2
81 79 61
81 35 33
2 50 55
51 21 55
38 82 99
14 53 96
32 73 16
49 52 40
45 31 39
81 91 76
31 28 67
4 38 66
70 91 94
39 99 77
20 44 4
41 97 100
88 53 82
20 88 7
91 27 28
5 47 43
64 38 62
13 25 45
91 55 78
99 13 84
87 21 65
94 49 61
39 29 40
50 87 92
6 39 11
72 26 33
19 1 33
61 24 36
88 44 69
37 91 63
11 82 98
11 77 5
68 70 93
58 4 84
24 87 55
20 77 91
28 67 83
22 83 99
68 56 34
62 21 93
50 98 21
56 38 25
31 69 49
38 33 32
6 19 23
64 5 10
92 17 85
58 99 5
53 7 90
15 80 62
5 82 34
80 7 82
81 59 94
77 28 50
72 37 23
66 13 74
73 57 8
17 91 51
75 40 38
93 68 33
28 41 2
19 55 61
84 45 51
68 20 94
58 47 56
22 59 17
14 10 88
61 19 27
84 78 23
45 53 53
28 3 54
23 28 64
38 13 64
20 74 81
84 9 45
44 93 53
14 26 58
8 94 6
43 68 69
54 19 73
31 91 10
68 52 19
35 96 5
21 96 7
40 54 33
80 4 12
70 65 74
39 62 48
8 33 72
75 41 48
76 1 61
99 79 53
18 22 58
30 6 29
95 73 87
45 74 81
49 26 52
19 35 41
58 76 17
35 19 87
95 38 55
57 65 99
16 14 5
85 88 29
17 77 61
52 32 75
92 81 55
69 4 58
67 16 35
82 0 64
41 84 65
52 66 81
82 18 68
93 18 56
1 46 71
85 3 74
77 61 23
12 98 21
2 98 79
17 58 34
51 63 48
2 54 17
3 70 62
28 77 54
38 57 30
28 80 88
93 77 5
51 63 8
92 73 65
79 16 77
19 34 75
4 14 2
75 98 98
51 81 43
60 43 33
6 59 71
48 99 55
79 73 100
68 7 51
46 33 32
66 9 41
38 36 5
2 72 98
40 41 80
37 90 74
14 66 28
24 56 51
89 83 85
45 91 65
63 58 51
47 66 23
52 14 16
19 45 17
87 3 13
23 22 87
31 4 100
78 20 25
54 78 7
42 19 27
28 52 54
93 89 58
49 58 77
44 94 98
74 30 32
62 70 79
0 16 14
82 41 60
29 46 96
64 40 14
25 86 90
67 84 63
91 11 52
62 17 28
83 35 24
34 3 30
68 90 85
86 13 42
84 30 22
26 13 32
93 82 65
17 11 23
67 39 9
81 65 65
77 14 71
33 40 63
36 88 1
16 72 90
69 98 66
65 76 51
10 24 85
26 31 63
38 73 73
58 5 39
90 10 19
50 75 47
78 52 2
91 70 13
54 14 16
62 51 63
24 51 28
51 61 55
79 12 83
7 1 13
61 96 23
43 77 43
98 68 32
2 18 32
91 21 81
54 33 36
87 17 36
51 60 69
52 20 100
14 34 53
48 69 68
86 90 97
89 15 39
9 5 35
60 6 32
28 92 61
65 90 57
68 78 83
18 70 70
14 20 66
11 65 20
69 85 89
9 59 80
33 17 67
19 66 7
79 78 81
59 87 55
12 82 94
76 67 24
75 49 68
8 19 29
45 55 72
43 82 9
26 83 68
57 22 82
4 41 28
35 94 10
78 37 52
34 79 15
35 8 18
95 18 43
3 22 58
88 52 100
28 70 82
64 25 13
99 67 23
4 80 72
5 78 55
4 89 52
63 16 70
68 85 71
33 75 70
61 45 79
64 54 7
92 18 28
36 16 20
66 70 88
97 30 15
66 35 29
24 54 56
57 74 90
10 32 52
38 18 25
56 73 52
9 12 5
51 80 33
82 87 25
67 31 87
23 32 22
16 62 19
70 17 3
46 78 3
60 35 17
65 40 56
80 16 32
54 61 48
66 40 59
91 3 82
59 28 88
64 66 84
89 2 60
37 87 81
98 95 84
75 72 11
49 85 98
12 28 41
0 6 71
37 44 91
2 35 81
61 25 79
59 62 46
7 46 86
15 28 88
34 7 79
6 74 55
91 83 56
60 91 20
13 96 35
12 6 70
7 65 36
62 49 8
86 14 56
58 3 92
87 67 60
86 48 84
59 12 21
77 89 20
17 58 84
91 56 87
77 0 49
38 90 91
17 89 83
21 53 57
46 91 89
15 57 31
80 22 4
63 37 85
6 1 48
12 48 77
78 30 25
23 46 61
89 21 40
58 68 53
68 83 7
2 24 16
45 25 81
47 50 83
41 49 78
35 9 2
5 51 66
39 38 100
13 10 73
74 27 39
82 45 15
16 64 2
79 56 57
94 95 40
38 46 10
26 39 17
96 66 22
55 20 92
69 90 14
13 19 83
16 50 18
22 38 11
99 59 29
28 35 95
29 10 58
55 16 25
76 31 23
70 12 14
32 8 32
18 26 69
46 84 83
84 37 70
36 1 36
82 12 16
85 23 11
79 26 69
83 19 89
7 76 70
62 88 41
16 77 51
24 98 70
78 9 3
97 76 83
45 79 15
79 0 67
46 70 7
54 29 100
67 37 40
12 24 11
25 21 76
78 11 100
66 73 21
72 19 52
90 96 40
5 27 36
54 92 42
43 44 98
83 40 33
26 37 88
97 0 52
40 53 23
67 60 72
23 7 28
5 97 30
71 20 51
6 79 50
40 83 84
32 28 78
85 80 40
11 0 6
13 9 34
6 83 97
32 55 33
16 69 29
73 23 77
61 35 81
54 58 11
4 90 67
48 98 37
27 34 87
9 48 80
19 52 24
95 98 19
56 88 7
81 64 98
19 67 53
72 84 70
8 42 61
83 54 81
34 88 65
29 76 95
39 83 35
45 60 13
73 11 34
51 74 6
57 43 78
42 75 61
3 1 29
96 88 79
93 78 31
4 69 84
19 58 34
53 98 5
37 81 6
13 55 41
91 11 31
94 81 56
45 64 97
0 47 82
14 99 75
91 22 14
28 16 79
37 74 61
66 40 51
30 46 40
21 31 75
93 84 84
60 26 32
79 16 40
14 27 4
31 10 51
89 0 3
56 88 97
3 13 67
59 86 72
64 26 32
46 47 22
83 36 77
54 39 3
26 54 73
92 75 55
16 9 97
31 67 49
55 98 24
83 36 80
66 97 77
41 37 36
37 60 11
90 86 48
72 69 52
33 76 96
27 7 81
5 78 4
94 70 2
56 62 76
37 86 27
66 80 78
88 78 1
94 71 71
2 94 67
36 79 93
45 8 46
6 2 18
92 88 2
92 32 30
77 9 5
58 41 53
49 17 20
17 1 84
96 79 77
46 94 35
45 63 57
79 22 29
74 55 94
14 38 94
75 93 79
68 70 37
85 50 29
73 30 95
48 55 39
5 92 93
87 99 74
1 37 74
59 80 74
40 86 65
14 85 47
89 95 14
78 73 21
3 91 39
53 41 57
93 5 1
83 63 86
49 40 69
7 80 67
26 50 24
46 20 93
72 48 73
80 68 62
99 91 63
56 27 10
72 53 8
96 64 100
55 60 19
6 71 77
2 68 28
82 18 58
70 91 100
35 83 30
10 54 91
36 17 78
61 53 5
91 73 51
97 61 96
6 41 79
58 42 63
55 62 42
82 2 73
18 97 91
75 27 13
72 74 60
79 61 13
1 31 35
80 2 77
15 27 22
15 78 9
2 72 40
62 32 97
81 77 14
10 4 67
88 72 92
81 71 74
18 54 12
29 24 33
60 65 31
63 54 42
60 0 91
32 73 32
67 76 28
81 24 32
2 4 15
98 1 57
12 80 36
59 27 96
47 33 86
15 95 68
37 15 20
42 52 20
86 85 14
80 39 49
67 11 91
91 49 30
15 87 50
91 56 12
92 95 15
31 39 79
61 22 93
66 12 88
70 11 54
76 50 46
35 26 67
99 34 97
72 87 73
14 0 96
45 29 32
70 42 11
60 67 45
17 56 80
95 97 20
63 66 40
55 95 70
35 61 11
78 2 4
42 34 26
63 59 56
6 91 69
35 3 71
33 8 49
60 85 25
74 98 42
93 78 69
78 94 5
4 72 85
94 71 36
71 88 93
59 29 39
41 73 30
24 75 78
46 70 63
7 3 18
33 13 64
43 80 31
82 19 96
30 90 49
72 67 85
80 42 57
75 8 41
32 12 24
9 2 14
64 62 94
67 90 84
47 31 29
87 27 49
66 2 8
55 11 58
76 73 72
0 61 83
69 9 8
99 43 11
21 13 99
41 14 94
78 99 37
61 33 27
84 45 37
93 56 44
76 91 48
69 27 13
71 25 65
68 13 44
48 92 61
11 51 35
68 33 44
23 7 58
36 41 68
89 25 13
56 35 40
53 4 95
15 13 22
20 26 33
69 52 31
49 46 14
88 22 82
23 27 23
61 48 20
99 90 25
81 15 41
22 67 60
22 10 64
83 19 16
87 73 58
30 97 65
52 90 2
85 94 16
44 84 26
81 74 54
35 6 74
39 71 5
97 75 8
58 92 39
42 63 72
84 83 89
14 73 93
87 89 23
55 80 81
57 92 54
51 18 49
74 39 7
65 42 25
31 50 83
40 50 70
51 17 22
88 76 80
19 34 39
61 97 49
59 82 18
97 18 33
27 10 70
57 41 95
27 54 16
78 81 14
59 73 60
6 71 21
68 42 93
45 33 78
95 69 57
94 8 81
78 53 5
37 47 3
29 44 56
69 88 82
84 78 5
93 64 94
34 75 50
54 3 70
75 16 49
98 79 86
6 94 85
16 55 46
16 18 29
92 2 62
33 65 56
23 55 83
88 31 20
53 78 72
60 27 74
23 71 16
99 33 28
22 53 68
7 14 20
89 91 9
89 3 44
59 2 77
7 14 78
44 70 63
61 85 72
98 13 94
81 12 90
8 11 58
55 38 39
0 70 52
87 67 16
99 65 64
9 37 86
40 31 60
58 14 13
9 48 88
94 32 70
44 73 74
10 54 53
2 4 100
67 33 59
70 32 98
56 33 12
50 35 83
16 22 77
1 0 78
27 8 29
85 48 86
27 20 53
65 36 88
42 58 28
65 2 57
64 80 37
41 69 65
70 80 31
34 99 67
12 71 17
12 40 84
9 65 24
81 33 24
17 9 17
55 69 78
93 46 93
65 4 20
51 70 67
94 89 19
48 11 35
50 43 78
93 20 62
22 28 81
17 87 90
47 77 93
15 12 62
39 95 72
49 95 46
75 67 94
31 40 32
38 36 51
72 43 44
5 63 19
55 2 25
10 51 11
17 42 20
30 52 92
1 68 71
89 63 67
5 48 35
84 70 41
63 99 84
66 11 63
8 86 61
85 14 92
92 90 67
42 54 81
36 95 52
73 11 69
20 88 21
16 89 81
24 69 8
94 72 8
23 34 81
42 39 76
72 70 67
90 37 83
88 96 56
42 64 86
37 62 30
90 53 89
16 66 32
50 12 2
3 42 86
5 29 63
79 23 25
60 35 64
84 11 37
92 83 38
24 22 65
73 50 70
10 61 69
14 51 26
57 6 41
13 61 58
66 82 11
21 75 41
3 4 92
25 12 55
91 39 21
85 59 16
51 11 93
82 60 51
45 46 49
48 27 100
85 52 10
26 94 50
62 79 1
70 69 73
22 32 92
56 38 90
79 30 88
86 76 16
72 73 56
23 99 2
61 51 8
78 33 40
0 23 93
48 45 56
43 95 54
74 33 33
11 27 48
99 93 45
41 8 21
54 39 43
75 96 42
66 33 76
33 87 69
7 84 35
25 89 85
82 61 47
69 78 8
52 18 56
52 41 8
29 48 81
94 39 57
33 55 20
23 97 61
72 19 24
74 86 22
77 82 54
81 74 85
18 41 63
75 23 100
24 22 87
82 8 56
32 66 62
93 84 54
14 16 61
76 45 15
5 9 15
80 66 16
70 83 87
44 88 43
95 35 76
21 91 51
46 96 71
78 18 39
95 78 79
79 12 68
3 85 95
7 74 69
6 73 47
50 61 85
6 10 31
74 72 81
41 42 2
71 37 20
49 7 37
48 56 99
27 20 72
34 1 98
57 48 38
58 54 37
72 7 62
9 61 27
69 44 100
24 2 50
81 13 60
86 97 9
49 97 93
47 63 94
55 88 69
81 94 59
33 1 70
83 44 87
56 58 85
84 17 61
24 94 58
64 94 40
32 89 53
8 34 26
53 75 64
99 95 52
3 93 70
26 90 45
32 60 52
94 40 62
96 71 73
50 91 21
76 24 93
61 2 68
78 32 60
83 93 44
1 54 83
51 77 39
59 24 74
9 85 91
20 94 83
53 25 22
13 53 20
36 34 29
34 78 37
14 12 71
1 0 7
34 76 2
29 17 71
65 30 32
19 7 79
11 21 95
56 79 64
40 37 77
96 60 54
5 20 27
23 3 53
61 11 12
68 65 39
84 97 8
36 55 90
55 9 14
76 73 93
60 63 73
92 42 45
83 30 81
81 20 59
67 56 80
80 65 33
65 26 11
11 76 39
13 87 77
72 71 65
43 98 57
95 68 27
66 10 78
58 22 29
45 76 86
4 42 65
79 54 29
30 28 49
6 72 62
65 57 30
38 60 28
26 42 30
78 90 56
12 84 90
45 65 76
53 49 2
37 84 20
43 90 67
21 49 22
12 75 79
90 35 38
64 43 4
44 31 11
7 49 49
62 58 64
0 21 61
13 1 100
75 31 72
30 81 50
39 91 32
11 95 43
72 84 45
65 80 78
6 27 58
5 51 22
33 44 99
19 21 12
22 82 46
70 64 27
69 76 91
84 9 53
44 54 21
89 57 66
72 61 24
13 26 4
44 11 12
71 11 78
16 63 40
92 31 72
27 75 58
75 58 77
52 89 11
95 68 23
64 75 7
77 30 38
44 91 70
4 69 60
18 66 55
98 37 95
74 3 79
27 79 22
41 54 79
17 99 89
65 79 87
66 71 31
54 34 61
88 2 64
55 9 4
10 31 96
68 79 99
94 40 92
49 98 61
88 41 11
81 83 7
61 22 91
47 56 28
82 41 79
78 88 94
28 23 86
90 54 56
80 3 93
29 4 52
98 26 79
26 90 28
99 20 32
69 81 71
7 53 33
60 86 67
57 27 7
52 27 4
7 55 41
9 32 78
88 36 23
85 53 23
37 57 25
58 1 76
92 52 75
36 64 5
74 30 40
17 97 65
56 14 20
32 28 49
16 64 1
92 29 99
72 15 86
3 70 73
71 48 94
9 58 30
54 22 62
73 32 27
38 62 89
68 25 38
48 8 23
35 41 85
15 1 33
46 96 23
94 3 39
55 72 73
19 86 51
45 60 5
12 0 50
86 99 94
37 7 8
32 71 2
33 99 45
5 85 56
92 72 11
2 77 89
92 47 98
1 72 38
41 50 55
93 81 65
77 48 29
26 73 75
38 13 15
22 77 96
46 58 96
47 31 62
28 17 79
32 47 82
64 27 15
85 15 40
84 96 71
17 1 90
35 24 82
57 98 68
33 66 24
7 93 71
1 37 60
36 46 66
91 70 75
62 42 91
35 64 97
95 39 37
80 97 66
36 66 89
79 33 85
63 49 78
8 93 45
29 39 27
58 24 48
0 86 60
10 56 65
5 58 72
42 6 90
81 62 5
58 35 53
62 87 55
52 98 23
8 72 39
19 54 26
98 72 48
76 4 85
5 97 7
69 14 25
87 93 31
79 29 66
32 4 91
45 43 52
48 32 73
42 43 1
25 81 56
69 60 21
16 27 3
24 19 88
63 53 87
35 44 56
15 82 34
57 85 59
41 43 2
2 75 33
69 96 92
14 51 77
50 34 10
95 82 10
56 82 91
46 71 88
71 83 19
6 97 51
76 63 66
55 39 41
35 67 44
25 43 58
26 59 93
63 7 10
78 33 66
99 11 90
71 38 95
54 14 91
7 38 28
34 46 93
15 21 95
8 9 7
66 46 77
35 56 90
18 84 15
40 77 63
11 59 78
11 90 10
87 15 62
79 0 14
9 97 74
2 14 98
96 88 45
32 37 9
33 53 64
4 86 22
78 27 41
41 53 3
38 39 97
72 47 93
14 68 23
7 77 12
55 7 64
21 52 52
88 25 85
47 98 90
73 52 79
85 92 86
56 95 64
29 83 37
39 37 87
89 56 78
99 32 76
59 19 60
76 55 13
63 64 99
12 19 60
91 81 95
13 21 76
53 58 23
54 23 78
78 30 25
96 67 86
87 83 28
66 28 4
84 99 53
6 55 69
22 35 88
7 58 68
49 41 28
43 91 100
53 74 71
58 86 65
1 25 81
53 7 57
13 63 38
55 38 76
57 29 13
94 51 16
92 65 72
17 95 77
16 59 36
47 85 71
62 24 90
97 73 64
84 35 53
49 36 52
92 57 98
64 10 33
95 24 77
77 96 40
26 24 47
57 24 65
55 16 72
96 86 70
74 35 78
66 69 37
78 85 94
41 59 81
63 96 40
76 63 34
47 64 96
63 61 56
76 61 73
30 97 26
58 5 48
52 99 63
73 37 20
75 2 33
82 37 65
43 15 98
11 36 93
3 76 27
29 79 57
94 41 25
2 19 80
24 28 78
81 25 45
47 59 23
96 40 67
91 9 45
51 44 19
5 36 10
54 77 31
50 22 48
10 88 77
97 54 4
73 24 80
9 90 64
98 54 9
39 84 44
5 24 48
76 43 95
78 0 53
63 64 64
56 0 59
52 95 8
83 54 88
72 54 55
30 8 61
66 92 69
99 84 14
55 58 8
46 14 23
6 11 33
15 24 5
37 61 4
5 27 35
61 36 9
5 14 94
23 68 1
2 74 84
38 9 73
54 59 89
92 65 59
87 86 76
55 4 7
8 73 61
30 39 77
46 10 62
83 14 9
96 74 70
3 45 95
32 55 54
25 23 91
15 25 60
94 59 38
83 0 11
71 44 11
62 30 85
57 52 80
38 19 14
81 97 5
94 59 38
9 80 42
55 98 75
8 91 22
82 90 62
83 40 12
3 75 65
74 21 14
14 49 82
48 97 28
34 81 22
18 69 85
86 36 76
20 13 91
86 75 35
99 58 57
56 19 65
38 6 94
46 18 8
31 34 5
89 9 54
27 20 29
96 91 98
22 74 70
50 80 19
74 4 49
7 80 57
20 62 32
84 7 12
99 1 40
57 75 27
73 54 68
77 10 27
38 30 67
52 4 47
35 0 15
89 3 46
68 63 36
4 57 70
38 26 94
68 58 38
26 72 87
25 51 99
99 86 18
65 52 34
37 80 64
31 75 66
38 54 44
69 64 52
90 71 58
46 75 99
71 46 24
59 12 54
42 74 18
21 88 3
25 36 86
8 39 82
85 24 9
39 2 43
15 95 81
12 28 48
70 61 4
78 31 72
19 40 34
46 86 91
59 28 24
63 23 91
20 50 97
73 45 62
56 27 88
79 24 82
71 9 26
52 54 19
5 23 24
41 91 29
74 46 55
81 24 75
12 7 74
15 12 87
78 58 74
55 89 100
94 1 11
40 16 28
48 65 20
88 32 97
29 15 15
68 36 92
79 99 16
26 68 56
13 25 82
88 2 87
69 20 3
50 69 45
24 87 5
68 92 63
71 65 66
35 10 78
71 10 41
67 48 96
31 90 5
57 50 81
58 46 61
46 29 3
24 39 95
66 23 74
59 80 99
21 74 1
77 20 36
50 76 60
98 87 38
11 74 8
89 50 82
44 56 15
89 56 17
67 60 57
66 37 56
5 77 97
81 74 37
75 96 41
18 1 67
26 60 68
27 52 65
63 53 19
70 25 97
59 69 33
12 49 80
61 74 77
29 36 29
94 82 41
28 85 76
33 3 26
29 73 76
22 87 8
19 53 71
1 28 24
22 4 56
15 84 35
53 77 48
14 50 54
0 79 66
93 10 28
21 87 91
30 82 100
72 59 32
89 47 29
33 36 93
13 28 47
87 12 58
68 66 89
36 66 55
28 45 30
79 20 72
20 0 70
88 61 19
78 81 30
71 27 26
75 22 56
44 99 10
47 31 42
62 0 59
58 76 4
15 95 52
3 86 31
7 56 51
31 26 37
60 78 85
58 9 39
77 16 8
65 54 23
9 65 1
66 92 66
38 11 24
24 2 81
93 46 88
13 3 17
18 38 33
99 35 54
82 74 45
34 8 30
46 58 26
30 67 49
21 2 21
65 41 54
46 64 94
63 24 26
71 18 34
10 79 70
77 51 20
88 11 33
60 75 86
35 42 74
88 4 15
13 77 46
90 48 66
41 34 59
50 24 35
64 72 47
55 51 65
61 8 23
79 59 64
14 2 42
32 94 31
5 78 68
55 54 97
86 59 79
16 94 81
66 32 82
90 70 70
98 25 60
41 85 32
82 4 7
51 32 52
6 61 69
14 88 33
94 77 9
35 88 55
17 8 27
41 83 77
84 33 65
89 22 63
84 81 73
13 90 68
48 91 15
75 22 80
82 11 81
32 37 94
33 63 82
34 94 82
65 74 82
81 1 36
28 35 62
80 51 97
45 59 6
78 60 53
65 13 60
26 9 21
54 8 61
65 58 81
45 39 58
59 88 95
87 84 78
22 82 89
88 41 23
92 88 65
28 75 1
21 36 83
8 74 22
97 96 87
88 76 57
41 65 69
88 87 69
37 63 14
40 39 81
20 91 59
76 83 82
94 91 68
97 73 82
88 98 17
13 87 8
12 14 40
69 19 35
92 99 51
85 30 83
32 94 49
86 28 18
57 3 44
97 33 7
85 69 33
34 70 57
80 30 20
25 35 3
38 42 28
55 11 73
81 44 9
66 8 8
55 28 80
1 7 65
83 91 15
60 84 27
36 16 98
56 12 88
17 85 76
33 85 84
61 82 61
5 19 62
5 55 24
58 88 90
93 7 73
83 22 28
29 48 36
59 15 76
59 33 56
14 19 21
18 23 97
86 67 91
90 82 2
76 27 26
43 37 43
24 57 58
72 24 61
41 55 51
57 74 3
7 0 40
11 91 49
56 74 100
95 79 56
77 3 79
33 3 92
23 63 10
68 28 18
86 64 52
57 13 93
76 53 13
31 49 28
24 35 42
84 43 30
63 80 58
0 84 47
68 75 97
77 50 2
35 49 31
53 35 48
30 68 78
87 51 79
93 72 43
59 68 96
88 62 39
30 34 4
12 36 52
15 72 14
90 76 20
72 48 58
17 21 60
51 89 30
27 77 24
61 10 23
59 23 42
33 63 66
5 51 38
52 16 6
92 68 24
25 38 94
65 10 96
10 22 70
44 68 54
87 50 60
36 13 47
24 14 76
99 21 17
24 51 90
5 72 45
14 63 41
66 10 49
70 77 96
93 41 59
90 91 45
7 33 4
40 21 79
28 18 6
3 33 42
11 17 1
12 7 39
71 60 82
82 18 98
61 59 66
77 60 61
48 49 39
56 29 52
5 76 15
13 70 100
41 20 97
71 33 11
38 8 88
14 54 54
50 97 10
7 91 84
13 98 82
33 74 92
48 42 81
4 25 77
22 28 25
75 73 84
75 73 2
37 43 11
29 83 45
12 13 55
1 28 5
13 93 13
72 7 43
44 92 42
84 3 61
19 38 72
96 13 7
5 43 46
83 24 44
48 13 26
90 49 93
32 35 36
64 38 73
68 73 15
48 7 33
35 18 40
11 63 53
4 59 88
73 47 68
91 54 65
52 89 69
68 48 67
46 53 88
68 9 9
99 96 77
30 80 60
33 96 100
81 30 43
49 94 95
56 35 53
60 31 62
51 67 19
36 19 24
52 82 74
76 34 11
37 52 67
0 8 29
80 22 12
48 34 77
10 56 12
94 39 13
45 93 40
94 43 79
68 75 91
99 85 13
60 51 72
25 19 82
88 61 93
75 66 65
52 65 100
85 1 27
20 30 87
24 41 51
20 37 87
99 9 90
28 99 19
86 56 2
38 50 70
5 63 61
58 24 93
20 14 62
85 57 36
2 70 86
45 63 6
52 96 59
59 25 80
42 1 32
97 50 46
79 34 20
46 72 3
2 94 28
5 49 9
12 99 53
77 64 77
4 37 30
84 48 7
9 69 53
37 29 3
47 5 18
0 4 69
42 83 86
22 69 36
89 93 29
29 77 49
86 45 51
24 18 9
37 12 85
10 11 86
46 18 5
18 19 11
76 31 20
90 33 77
79 13 50
49 83 54
55 93 3
89 20 56
64 42 42
55 71 37
82 25 83
77 48 39
28 82 96
83 72 52
92 67 18
8 0 59
39 24 42
84 31 65
66 79 79
61 50 58
27 90 88
73 78 59
48 49 11
63 9 51
24 85 32
88 78 36
64 61 47
91 88 34
27 79 9
51 46 8
24 99 43
79 37 1
98 64 81
29 37 72
92 17 57
13 67 72
80 77 41
16 11 1
83 0 22
60 70 13
28 61 60
8 93 93
11 60 43
30 29 90
20 29 14
89 38 19
41 39 1
55 50 31
98 23 13
10 65 98
79 6 82
42 46 17
78 96 39
54 97 24
32 89 4
98 32 10
96 24 42
57 45 58
70 85 88
85 88 55
76 3 29
57 25 63
40 92 56
5 69 99
65 47 19
6 42 41
56 46 44
76 8 92
42 13 25
70 92 77
84 53 74
68 81 29
77 27 96
68 12 54
20 12 45
15 59 19
84 97 51
90 83 37
40 14 12
27 42 87
46 54 86
1 0 93
17 45 77
70 54 100
96 13 9
22 58 86
13 54 70
37 82 67
85 46 63
75 52 84
69 36 71
52 24 99
0 71 88
30 37 86
48 74 39
78 70 42
12 91 52
42 33 62
94 47 56
55 1 86
33 46 84
0 16 45
54 34 98
74 25 86
82 40 66
84 74 84
34 23 12
51 45 68
51 31 37
29 39 66
38 40 14
47 97 7
72 78 29
86 17 93
26 82 36
86 54 28
97 39 70
74 99 73
20 60 36
21 64 77
53 88 98
84 95 60
2 78 47
81 25 81
79 9 56
65 6 47
26 62 81
47 3 61
61 67 94
55 44 66
32 2 29
47 71 1
77 21 76
19 96 11
68 46 33
22 86 28
1 22 19
63 87 33
21 88 1
91 2 63
7 12 17
45 76 21
22 83 19
39 66 26
8 73 2
89 73 89
76 52 49
73 14 98
22 20 7
79 99 28
56 83 32
50 21 51
3 83 7
57 97 70
51 74 85
47 60 54
98 39 66
68 27 12
84 97 11
49 48 51
36 87 27
62 93 76
71 55 100
10 92 77
51 19 50
69 59 92
14 65 63
71 29 33
42 25 59
67 51 61
25 74 71
16 88 41
93 71 22
50 74 56
59 50 36
80 2 39
97 33 71
38 78 12
20 31 58
79 59 27
4 21 62
33 44 30
71 9 39
2 1 27
39 34 8
51 90 63
88 14 62
98 32 77
9 61 86
73 4 28
43 79 15
48 86 6
80 23 43
69 72 80
1 15 66
14 57 54
56 19 97
59 93 63
44 86 68
11 81 59
83 91 56
82 88 78
50 81 98
9 21 88
32 20 15
33 14 96
91 82 21
77 50 4
20 3 68
77 2 92
40 58 79
11 38 95
87 56 24
65 23 60
8 48 94
95 55 85
61 22 65
30 6 99
21 0 91
40 76 98
95 79 2
93 97 51
8 92 23
33 34 23
81 46 81
59 52 67
98 33 98
14 25 20
67 87 12
16 7 35
44 37 2
9 2 81
53 84 35
4 94 60
42 26 26
30 44 2
45 7 70
2 48 40
20 10 56
60 62 75
2 55 46
6 34 80
5 50 53
94 71 2
2 44 3
43 74 42
20 90 100
71 29 18
93 58 25
50 53 86
87 34 86
58 93 61
62 66 12
7 83 76
27 84 96
70 61 89
72 25 18
18 79 39
14 81 65
34 73 30
21 86 86
41 79 17
55 90 39
86 0 52
3 19 51
53 40 68
0 24 44
10 65 61
8 40 55
1 64 100
80 21 72
74 73 73
24 96 82
81 95 56
94 78 16
25 67 87
85 7 51
63 91 11
80 78 26
86 56 69
31 47 76
90 40 97
8 52 40
46 81 25
29 61 37
85 54 24
27 33 42
37 43 37
60 72 25
63 97 94
76 92 97
64 61 11
40 8 58
35 68 60
73 83 80
2 30 50
13 16 5
60 47 25
36 18 79
85 22 33
3 33 61
7 2 3
23 13 10
94 12 55
19 23 19
89 99 19
26 36 52
56 59 12
23 2 27
25 44 84
91 88 86
38 42 81
85 10 37
70 85 90
85 19 70
36 11 31
83 57 79
16 21 45
64 79 54
0 18 31
70 78 69
21 11 66
19 90 76
94 2 78
55 92 100
33 24 43
63 17 55
1 99 47
91 55 93
93 90 30
15 77 85
16 35 18
50 49 81
68 53 11
45 70 7
90 30 41
66 64 57
63 2 84
43 18 2
35 17 99
99 59 14
33 99 62
11 43 42
30 68 72
65 63 46
30 23 46
76 41 28
0 48 11
29 44 8
62 95 70
3 6 98
22 56 1
78 0 93
48 17 70
5 52 66
63 13 7
37 15 34
1 29 25
40 70 40
53 6 62
76 24 50
68 66 85
12 60 10
90 43 85
89 16 21
63 91 56
43 66 51
71 42 19
2 33 4
16 4 41
22 4 17
1 51 40
74 86 27
25 7 52
91 3 46
93 19 12
42 63 91
56 57 14
47 58 19
9 34 8
79 58 95
84 4 28
40 75 62
4 98 26
90 29 2
49 55 69
0 23 62
86 9 21
57 43 30
91 1 1
72 73 46
1 83 7
61 82 60
48 32 32
75 41 41
97 94 57
37 85 27
53 8 93
69 2 9
89 98 16
79 50 41
42 98 34
16 24 88
91 17 69
99 72 66
73 5 7
90 44 99
17 70 97
71 68 14
77 0 2
78 77 40
91 53 83
58 49 89
10 78 69
40 88 11
53 11 99
84 45 73
4 7 27
84 53 38
14 44 64
31 57 45
85 75 77
38 24 43
69 76 43
24 13 94
75 17 93
18 83 11
33 58 39
5 37 23
66 14 41
43 98 57
87 60 93
68 40 90
81 76 58
35 6 36
91 15 16
9 27 86
73 51 47
2 28 34
19 31 62
60 83 64
67 31 38
11 73 94
20 4 58
62 92 62
21 84 42
12 26 33
72 52 91
98 49 99
63 18 83
72 18 14
97 94 67
52 89 49
68 15 60
13 12 84
40 11 73
22 60 64
41 0 66
96 52 57
22 92 43
20 96 80
95 82 19
49 42 48
73 91 23
14 26 59
50 19 73
60 49 63
72 71 49
24 80 17
2 33 17
29 51 72
59 32 71
46 17 13
12 53 72
57 66 11
65 68 39
70 48 2
2 80 73
42 95 45
51 29 58
36 72 90
40 91 49
22 46 95
11 67 42
48 17 30
36 62 12
55 9 21
28 85 52
79 8 39
2 32 97
46 79 51
37 0 91
48 72 94
28 38 56
82 62 39
2 4 49
70 92 28
51 18 25
4 98 85
89 36 49
25 54 16
38 42 93
70 89 68
34 53 31
69 30 86
14 10 54
25 23 97
38 40 61
38 4 60
25 83 64
89 6 62
76 53 31
33 17 60
29 67 74
84 6 85
68 27 8
12 44 10
80 82 79
65 95 83
44 41 12
15 41 36
56 26 37
67 65 100
19 42 18
43 15 4
88 47 37
54 11 73
54 3 52
52 2 1
54 81 2
63 52 54
44 95 42
51 29 39
65 96 27
69 10 98
74 80 3
73 86 13
20 51 67
71 40 57
2 72 80
3 1 89
5 13 76
89 15 85
95 49 42
7 47 95
76 37 45
22 34 16
75 3 87
99 30 79
0 92 30
52 7 21
77 93 62
82 79 93
12 49 99
0 61 26
73 15 4
89 76 83
59 93 55
77 3 75
45 47 39
24 36 30
81 13 62
16 72 74
75 66 78
46 49 89
74 81 22
78 46 87
94 51 6
2 68 88
73 19 12
63 2 79
78 68 56
96 65 29
47 70 77
90 65 65
62 21 48
44 99 93
47 5 58
93 59 86
13 85 31
4 49 50
88 12 64
39 75 39
94 81 81
37 95 83
1 96 34
72 86 75
78 92 82
51 81 31
51 76 60
55 35 25
97 74 7
29 27 51
25 90 34
30 64 24
63 26 60
11 6 43
35 19 35
25 26 28
87 96 61
26 69 40
43 51 57
53 82 59
44 75 63
62 58 11
25 73 29
94 61 88
76 32 91
37 25 69
32 21 38
84 24 11
3 24 65
41 89 71
42 51 91
40 18 52
83 90 82
28 39 51
75 0 99
10 68 90
30 87 60
81 5 34
63 81 57
48 16 27
81 58 43
79 53 24
21 79 88
13 70 9
72 10 54
98 44 53
76 50 96
68 23 4
75 55 55
78 66 82
22 94 16
96 27 63
56 97 73
80 95 100
76 88 13
33 64 2
27 31 100
40 19 78
65 91 95
18 77 54
76 7 59
29 3 53
49 17 26
10 82 57
42 44 77
96 77 81
46 85 91
14 29 62
81 54 17
73 90 20
36 68 74
4 64 88
34 39 5
36 15 23
58 41 82
89 90 6
59 31 22
51 61 82
85 55 100
37 48 34
36 48 31
1 2 63
12 32 72
56 75 19
25 68 39
93 79 90
58 15 81
74 8 30
9 60 13
54 35 73
17 23 28
72 84 21
88 34 20
92 19 8
43 67 85
97 37 15
0 48 44
29 27 97
51 8 87
72 42 72
83 80 100
99 52 89
69 94 34
92 3 89
53 0 49
8 69 46
88 6 2
63 86 40
79 39 55
64 18 49
82 65 2
61 10 26
74 42 11
86 90 25
46 86 94
24 81 26
34 4 38
79 41 74
98 7 19
77 37 12
61 41 54
30 99 20
97 65 86
55 53 96
5 43 68
12 98 72
85 84 39
90 20 53
70 0 15
54 95 42
52 81 62
51 2 91
93 52 56
98 89 57
23 28 86
42 16 30
54 85 30
55 22 74
56 43 32
96 42 10
80 81 40
47 6 100
57 89 61
35 95 29
35 36 28
28 62 56
83 89 6
60 76 96
73 72 74
50 30 58
55 9 99
28 79 66
75 6 19
91 8 80
14 4 39
92 25 62
69 79 70
71 74 17
23 43 56
6 30 17
97 81 22
19 91 81
49 24 18
92 28 100
61 44 95
57 66 72
6 10 50
4 19 48
13 5 50
61 68 69
83 37 57
57 50 16
28 48 16
55 58 61
20 59 32
67 80 12
63 30 3
34 92 77
55 6 59
10 47 61
11 0 8
69 37 65
45 33 6
45 11 92
80 67 42
5 77 55
41 87 27
77 28 59
60 46 16
84 38 12
45 91 46
51 76 6
2 72 85
89 33 50
79 67 8
49 11 60
24 31 20
72 46 92
32 7 31
74 61 8
40 18 19
27 58 95
21 17 67
74 35 8
85 14 86
19 69 38
24 39 49
12 83 80
99 77 13
95 9 29
23 45 81
45 66 50
2 44 31
68 86 86
51 54 19
91 67 45
64 44 22
82 85 100
50 27 79
95 5 44
35 76 48
82 19 74
26 75 66
33 11 87
12 94 92
24 70 68
55 25 64
70 76 50
10 15 11
52 70 77
94 11 39
71 75 22
95 53 38
6 14 30
32 56 43
61 76 92
77 5 4
3 95 87
85 58 30
85 33 8
39 57 21
11 91 48
85 42 91
42 4 11
94 20 50
85 44 50
70 61 42
82 13 42
83 1 17
70 96 56
73 71 2
26 34 68
86 90 60
74 80 25
63 7 78
83 42 70
20 7 93
32 64 68
88 43 16
26 35 98
95 47 5
5 93 51
38 14 16
31 28 25
87 22 90
21 19 26
3 93 13
99 63 22
59 73 76
14 67 4
21 70 49
15 0 89
90 34 73
70 45 51
11 64 62
45 11 5
27 57 73
36 79 57
78 28 95
38 28 26
47 65 13
31 25 26
99 56 77
22 1 59
77 23 67
87 77 74
16 95 36
49 29 56
61 59 6
33 24 17
66 65 97
67 44 52
95 88 61
66 8 6
68 9 96
15 64 14
64 29 58
48 69 97
82 9 44
64 26 77
31 10 58
53 29 40
78 25 31
28 58 34
20 36 27
44 83 65
81 8 30
30 61 90
49 27 65
42 80 23
34 9 70
32 93 46
51 58 99
15 86 99
79 2 88
59 31 57
77 76 70
31 76 45
81 0 14
40 81 40
28 10 97
52 23 64
81 78 37
23 63 4
95 4 23
52 22 22
98 79 29
94 75 52
41 62 1
19 27 53
46 80 45
56 9 57
92 73 52
28 86 65
81 30 41
32 39 65
87 67 80
66 13 35
17 74 78
73 87 40
29 56 96
87 79 28
60 71 71
48 94 54
25 98 38
72 26 41
17 93 34
21 15 42
36 4 95
40 31 18
41 4 2
55 25 19
49 40 56
19 47 31
42 95 40
68 35 50
57 6 31
87 0 87
98 20 1
85 42 100
43 73 40
58 15 38
50 41 7
26 82 94
20 17 84
66 70 81
42 33 29
10 17 80
8 83 36
55 3 32
37 1 86
50 44 90
37 14 60
51 67 39
6 74 78
5 41 46
21 39 60
80 49 63
6 96 3
15 71 38
11 44 56
82 2 45
41 93 74
95 13 93
7 96 35
56 22 69
20 16 37
96 41 75
26 59 18
74 77 29
81 88 6
79 56 70
73 42 87
10 80 91
10 53 63
28 23 81
90 75 89
8 40 73
33 78 21
50 18 75
21 68 71
46 53 5
80 50 3
21 46 40
94 81 41
25 84 6
9 62 95
19 49 73
48 63 63
6 67 67
9 92 4
59 9 2
15 87 85
42 30 62
1 86 88
83 1 21
70 76 64
2 70 7
36 28 33
0 53 54
70 66 3
50 78 39
11 23 3
68 18 86
96 21 25
65 18 69
55 75 80
24 97 25
50 66 100
81 73 21
37 38 20
56 33 59
38 21 8
73 39 33
11 21 41
38 27 66
48 84 97
46 35 4
69 47 74
42 15 60
53 15 92
74 56 5
78 8 17
8 58 89
30 57 40
20 34 12
41 47 50
31 18 45
67 14 41
41 45 32
44 36 31
44 14 78
94 40 86
99 14 67
67 22 12
57 94 35
91 25 20
97 45 46
80 69 71
88 12 9
68 31 59
62 80 49
99 63 65
9 18 40
18 88 16
68 69 8
97 25 35
20 48 5
28 63 78
73 24 8
29 62 80
55 98 26
89 51 75
40 76 53
81 29 9
93 18 50
97 71 7
4 35 37
57 96 2
72 11 86
70 52 19
69 49 49
34 80 84
20 42 25
52 20 24
24 22 91
51 71 68
89 30 77
35 92 34
65 73 81
17 45 95
78 68 35
56 61 88
15 54 29
7 19 70
57 98 70
66 99 27
49 23 39
14 3 25
21 9 79
12 63 31
71 34 91
74 21 59
94 54 68
8 3 79
49 91 88
3 71 60
63 64 15
17 52 97
65 41 71
44 33 91
53 76 27
74 56 22
46 80 80
33 31 92
32 19 23
45 22 63
98 46 36
1 20 97
93 2 90
43 0 100
77 66 79
86 67 69
72 33 62
74 96 79
28 62 29
69 85 90
87 44 60
85 67 45
33 41 57
18 43 17
19 13 66
81 7 85
92 62 10
32 54 32
78 95 62
89 27 29
64 73 1
15 53 60
35 14 44
4 77 38
32 11 3
39 35 60
2 18 78
31 63 94
17 9 32
98 26 74
88 38 58
54 31 5
65 49 99
90 84 50
40 28 56
92 47 54
65 72 62
92 0 69
40 2 47
74 17 74
8 12 93
33 39 64
24 18 41
40 37 34
31 21 63
76 47 20
86 44 37
79 6 73
99 42 80
68 11 96
14 50 54
23 45 65
86 36 10
76 1 88
18 22 97
41 34 13
85 37 99
92 6 1
88 34 35
90 93 30
79 9 40
85 13 93
82 2 46
74 25 69
23 5 83
31 62 47
74 7 2
31 42 26
27 21 35
20 53 44
52 15 5
55 94 49
90 24 75
83 81 19
26 85 44
38 96 37
62 66 9
47 83 7
38 27 96
56 54 75
62 67 100
52 90 47
67 3 71
90 79 67
90 6 61
27 60 18
84 31 81
62 66 89
29 37 79
66 3 63
23 59 12
54 1 57
4 34 64
72 20 90
30 35 45
24 36 98
73 68 94
43 56 68
68 95 10
87 10 84
97 12 72
59 5 72
86 16 8
96 83 67
3 17 33
66 11 80
98 53 78
34 62 5
82 47 57
92 14 54
50 3 94
58 3 79
5 7 29
39 70 80
96 11 47
46 36 26
35 81 45
85 26 84
54 91 84
73 30 49
19 75 25
78 44 15
45 51 49
35 79 70
27 33 87
59 61 17
81 52 41
33 51 63
34 58 93
89 43 32
85 49 33
2 0 42
2 72 36
34 70 38
38 4 64
19 48 48
66 46 95
50 70 15
34 69 76
99 42 67
16 14 19
8 5 59
93 55 14
30 76 28
56 53 90
3 97 5
19 1 41
40 59 75
58 25 51
93 15 92
70 9 37
64 92 32
81 54 17
9 47 100
89 15 4
12 19 65
55 38 44
71 12 46
22 40 35
12 88 79
51 33 67
19 32 61
99 17 20
34 25 78
36 41 31
47 50 75
34 52 70
29 26 85
95 68 85
59 52 36
42 95 24
12 85 58
30 43 17
45 29 24
53 35 53
28 0 19
56 48 95
61 72 89
81 43 70
16 7 70
23 27 65
82 87 47
23 98 32
56 85 72
76 43 53
18 36 43
47 3 56
26 18 36
72 36 15
3 62 66
75 5 53
5 94 73
35 82 83
90 86 73
19 42 69
26 30 45
39 24 93
56 72 49
46 54 45
24 94 34
54 42 98
31 46 25
4 65 47
55 68 6
8 66 94
32 89 100
32 79 42
37 63 6
3 6 87
70 0 30
0 44 9
28 19 44
58 84 30
60 74 91
16 23 37
74 17 62
55 91 37
29 67 50
68 11 45
91 59 16
57 93 74
33 50 4
95 73 35
9 26 31
49 39 43
44 2 5
73 78 74
70 0 28
24 32 59
94 55 17
15 9 51
90 97 32
71 95 24
45 13 97
66 38 58
69 10 73
79 93 62
75 53 57
55 34 69
3 42 58
40 5 65
80 99 56
47 71 91
12 1 100
85 35 60
57 36 14
28 7 43
75 2 68
17 20 14
17 16 42
31 92 72
26 45 38
25 77 33
8 33 74
96 15 39
5 42 8
35 4 58
73 52 6
68 58 8
71 66 16
40 54 96
40 92 12
18 58 53
67 88 60
70 35 21
77 44 92
78 70 63
68 99 56
92 16 100
66 57 66
42 70 23
15 35 66
54 11 16
84 18 78
11 43 23
58 34 26
56 15 62
9 74 22
0 15 11
66 6 77
48 42 71
32 80 92
86 78 88
3 44 64
90 99 5
1 81 67
12 47 43
8 60 67
64 13 28
74 87 51
82 86 33
57 76 64
2 58 19
64 89 64
14 68 98
66 67 54
27 62 65
8 48 79
46 65 48
58 68 13
86 88 55
84 33 41
66 90 8
93 76 23
77 34 41
1 53 38
82 92 12
81 10 50
30 97 100
82 45 100
94 4 65
27 97 32
21 79 45
11 6 28
97 80 51
93 79 94
80 55 81
4 57 44
18 54 28
30 68 94
18 29 19
92 59 66
30 14 66
11 99 76
55 72 33
4 17 40
63 30 80
98 92 16
88 50 49
73 49 77
43 87 77
52 18 19
44 4 92
13 11 31
90 54 53
87 8 47
4 85 96
83 7 29
90 28 37
42 1 87
8 21 93
22 17 51
12 63 33
7 34 55
5 12 10
69 31 72
60 22 20
96 49 94
63 41 90
57 40 73
95 59 94
30 40 45
23 22 54
55 13 44
46 95 70
58 88 100
94 26 26
92 57 99
39 43 80
53 82 77
25 10 28
75 83 67
15 7 20
84 2 37
25 87 74
30 44 72
82 88 37
81 59 52
60 29 32
61 84 40
48 7 60
86 3 87
74 96 58
53 96 26
64 44 9
95 33 15
42 25 62
54 71 58
29 46 4
67 96 94
12 47 97
18 79 83
1 95 51
0 23 49
98 20 56
96 34 22
9 62 42
52 69 11
42 31 82
28 70 98
63 54 61
53 24 78
93 45 78
69 89 7
5 97 88
90 0 76
32 7 39
70 88 8
41 94 11
74 66 30
57 63 12
71 86 16
67 17 73
85 57 37
28 91 48
56 85 11
35 4 44
76 36 21
53 26 53
6 65 11
93 87 42
3 67 86
27 72 38
6 0 17
64 24 44
70 21 38
66 6 74
3 23 61
95 73 46
53 75 45
5 22 16
72 64 97
55 15 51
38 2 41
10 44 24
46 1 25
78 8 70
53 93 66
16 12 40
77 5 17
16 14 83
50 94 30
68 81 29
81 77 70
66 63 10
71 64 30
79 41 89
32 58 87
99 73 66
28 84 96
52 96 59
67 74 84
99 78 76
80 33 85
18 98 73
94 9 8
83 53 26
51 69 24
37 11 81
39 54 28
34 0 91
19 78 36
15 69 3
63 47 17
91 95 54
60 98 87
90 14 52
59 30 70
63 27 52
43 32 32
53 62 37
4 95 63
18 47 98
67 79 100
27 13 62
74 63 89
86 43 13
87 84 42
7 65 65
32 30 51
42 10 21
92 0 16
83 65 51
30 98 15
70 79 72
82 8 94
52 86 75
69 51 22
7 54 29
31 82 61
8 3 87
11 75 99
84 77 11
32 61 85
12 85 47
55 8 26
18 33 41
29 48 68
0 90 88
79 0 1
7 57 41
48 28 100
88 51 74
41 85 89
15 58 64
81 41 72
28 45 15
89 26 62
45 75 78
21 0 51
80 88 61
48 66 45
41 48 62
24 75 77
79 3 70
7 32 34
74 62 26
70 13 98
79 23 47
7 12 67
83 2 8
46 5 30
26 35 74
8 46 5
42 50 89
86 62 16
47 10 45
69 97 25
33 30 59
19 41 29
32 49 96
31 23 48
30 16 66
25 42 39
48 56 67
91 4 74
70 86 45
80 76 65
2 63 55
42 40 61
3 85 26
13 33 10
66 62 59
92 93 91
27 79 76
35 59 96
87 69 79
37 50 27
75 91 28
15 67 9
49 19 88
60 15 9
56 25 61
87 11 3
20 98 78
93 3 87
1 45 26
32 18 44
34 24 88
6 17 41
84 45 25
35 79 92
99 53 6
90 70 61
12 58 78
53 74 47
59 65 17
34 75 93
68 64 69
55 17 53
58 30 79
31 54 86
62 27 48
52 35 33
44 6 81
76 32 16
62 58 9
31 27 99
23 67 32
56 11 60
53 31 21
25 36 57
51 28 100
71 29 2
38 40 83
8 41 81
1 88 32
75 2 61
84 92 84
87 16 21
20 99 52
88 13 98
6 39 59
33 84 26
96 68 48
49 43 21
1 53 73
17 76 48
8 45 66
46 10 75
45 71 63
15 78 23
51 71 38
89 1 56
83 31 77
77 53 44
80 78 90
80 90 29
34 45 64
50 12 51
96 66 78
61 62 17
48 44 14
21 25 61
29 79 35
94 89 81
25 71 45
15 81 98
33 66 80
42 82 59
83 81 58
97 37 76
48 38 93
45 36 25
40 59 18
72 47 15
31 5 91
39 40 83
29 96 92
67 75 49
43 74 88
87 70 74
76 16 93
32 5 11
34 60 34
10 63 48
83 95 64
65 92 38
96 52 78
64 31 1
85 93 60
65 92 80
61 13 44
20 89 52
29 95 21
78 49 11
71 92 3
20 24 35
0 21 21
89 21 92
21 19 6
65 45 17
58 95 65
20 65 61
28 90 11
52 39 17
82 62 24
2 88 96
1 81 74
65 35 81
73 63 34
1 83 99
59 18 6
33 2 37
54 38 73
78 5 13
46 39 84
74 41 74
93 58 25
74 59 16
2 81 6
16 64 92
93 78 91
72 85 91
99 60 40
96 50 31
54 68 74
76 57 23
9 74 85
69 13 98
91 70 57
1 8 37
28 23 1
80 33 14
5 57 24
96 27 83
78 59 86
24 16 10
75 71 98
53 15 99
6 35 30
23 6 17
24 57 80
66 24 98
22 67 65
55 95 36
86 43 77
22 28 20
36 62 81
67 29 5
11 88 59
16 61 17
89 35 6
36 29 95
83 46 51
26 1 26
51 38 71
58 62 90
76 83 84
5 98 8
71 73 42
88 91 89
20 69 33
50 14 48
2 37 89
84 66 30
61 47 32
68 17 24
36 34 76
62 68 33
3 30 15
12 60 58
87 29 53
22 55 75
56 60 100
30 87 79
86 41 33
60 91 19
44 30 28
60 86 47
89 76 38
56 18 87
48 23 5
36 13 20
51 81 66
83 90 62
69 9 18
26 53 65
59 51 58
2 59 54
89 70 9
44 15 66
97 88 37
66 20 46
28 11 96
36 15 2
41 71 70
24 35 78
70 63 96
96 90 84
83 23 69
66 39 78
94 68 93
60 82 3
41 43 77
31 60 92
39 12 80
52 55 5
69 96 98
9 79 5
87 75 16
56 98 39
12 10 69
74 42 80
40 23 90
2 82 76
45 9 22
2 23 63
91 93 84
28 43 64
35 51 87
52 33 19
52 83 23
31 71 48
21 65 24
78 38 16
24 34 81
48 49 23
51 3 23
42 60 97
35 19 64
50 41 35
26 66 23
87 60 50
95 74 74
73 14 34
78 17 49
49 37 16
66 40 15
99 64 73
86 3 88
19 77 28
47 48 73
40 8 81
31 74 81
83 45 23
42 44 89
78 88 26
97 77 85
35 89 75
43 69 30
21 74 52
10 64 22
75 96 79
93 89 19
98 80 27
72 76 40
89 20 23
31 56 43
75 80 90
75 18 89
40 2 61
28 59 6
96 70 27
95 22 92
69 18 4
19 69 47
75 1 64
68 12 53
46 89 8
48 52 64
70 48 58
54 89 41
64 25 59
6 62 69
3 77 10
86 93 35
26 76 69
9 35 10
46 12 97
9 34 64
97 13 72
58 74 86
62 20 21
24 12 79
20 13 33
53 80 56
78 74 2
12 45 71
16 63 40
42 75 61
83 77 34
69 0 2
92 22 66
52 15 44
29 3 92
82 94 43
37 40 22
59 99 53
12 58 20
39 24 27
1 72 87
94 27 97
70 86 97
86 72 49
26 81 48
24 49 63
47 60 74
5 35 31
40 97 37
80 66 61
73 65 52
46 95 63
35 33 58
40 52 18
38 5 41
82 43 31
72 7 6
3 82 12
39 47 73
31 89 41
12 78 94
11 21 62
91 45 43
0 60 10
53 55 48
89 41 19
37 20 75
7 19 44
32 17 19
69 63 55
19 34 11
30 61 8
10 83 1
95 71 14
52 81 60
95 11 99
18 50 41
27 85 91
81 64 3
75 80 86
85 97 75
49 95 52
81 66 73
98 52 25
31 45 10
1 93 76
26 42 23
29 93 52
98 26 84
30 16 14
60 98 87
97 54 84
60 81 81
43 98 96
22 20 14
99 42 37
33 77 82
62 10 24
63 75 14
97 34 42
83 4 80
37 9 55
12 11 44
12 79 92
95 46 95
51 93 72
40 31 11
2 6 72
45 88 9
79 54 30
76 17 11
79 1 18
84 88 44
53 11 42
89 85 70
70 96 22
56 38 43
78 59 78
43 67 17
65 6 13
69 84 88
66 41 87
86 71 19
38 7 58
9 66 60
94 42 90
44 26 78
19 38 69
14 32 8
32 18 26
21 46 15
22 54 90
25 37 90
78 74 3
0 95 53
34 81 98
15 29 36
90 53 75
17 58 58
77 46 1
15 77 59
28 21 78
89 4 47
33 74 20
37 74 15
84 77 75
83 99 85
27 23 22
55 23 3
67 65 98
21 53 97
31 13 44
93 19 33
28 34 6
15 81 20
83 33 43
99 44 13
15 85 83
58 36 40
51 63 44
74 36 15
50 68 90
22 14 89
29 75 18
40 70 43
85 40 5
66 62 71
55 85 83
62 68 8
93 22 78
77 8 17
57 63 71
56 14 41
34 80 84
87 4 50
50 51 8
28 39 84
28 91 16
81 76 36
83 30 34
99 73 20
15 79 87
82 51 72
43 83 19
2 33 99
15 47 64
48 26 20
18 82 21
33 1 54
4 64 53
51 37 52
96 91 52
63 85 90
84 41 23
93 59 28
42 58 16
77 20 60
82 33 23
42 70 2
36 37 63
69 95 16
55 77 94
38 29 85
15 95 2
27 1 9
76 25 80
70 97 9
98 68 33
54 63 24
31 14 17
60 63 14
68 12 21
74 56 52
52 26 68
24 29 17
28 21 31
1 76 79
91 79 72
37 36 27
96 10 18
92 25 81
71 74 31
80 53 97
85 8 43
52 39 14
30 37 58
35 92 80
57 19 67
23 18 29
33 16 48
29 57 25
56 94 18
62 94 7
72 98 42
54 95 17
77 96 56
81 26 8
11 46 11
11 63 96
76 77 5
42 46 31
56 17 29
89 74 35
88 86 100
13 63 57
32 60 67
91 40 45
26 45 95
0 46 1
4 3 35
74 64 55
14 31 25
36 89 68
53 55 9
60 92 72
39 15 77
37 90 50
65 47 47
24 82 13
6 96 100
28 25 73
50 37 15
34 31 1
36 4 8
35 21 21
1 4 83
95 16 69
80 2 51
45 12 34
91 85 79
37 63 94
92 78 86
31 88 43
95 77 9
38 27 100
85 35 5
19 34 57
20 95 35
54 71 36
14 76 49
37 90 59
91 43 13
50 90 49
42 4 26
96 5 32
66 59 95
95 27 41
21 1 48
11 90 46
8 56 97
0 97 19
57 8 6
49 0 94
72 28 18
74 50 1
19 32 24
10 41 51
45 92 68
46 25 9
93 40 14
24 56 35
83 10 33
89 19 36
60 7 49
79 73 26
17 14 100
92 11 7
73 23 82
14 78 86
91 50 91
49 66 61
64 54 23
55 47 48
75 82 73
27 69 62
85 50 54
1 32 41
13 94 57
46 1 72
44 76 70
88 15 31
39 67 28
59 57 75
34 72 65
97 24 19
56 2 80
40 64 46
90 7 95
73 72 80
56 26 14
39 14 81
30 98 13
42 22 71
21 63 78
14 26 62
33 71 1
57 45 72
56 67 19
19 38 74
38 27 63
35 95 21
31 96 41
97 93 77
31 47 58
62 31 45
40 53 7
95 74 9
80 71 4
11 18 75
40 96 7
52 43 36
12 49 24
58 93 12
26 58 1
69 98 80
37 82 45
86 40 7
98 93 89
29 24 64
81 56 41
47 27 89
86 5 40
82 3 37
49 85 25
54 40 90
91 25 68
93 41 71
21 20 76
86 48 92
63 9 17
19 39 8
10 90 98
29 72 50
34 88 4
45 33 100
96 55 90
38 65 68
19 8 8
96 33 54
61 51 36
61 33 6
73 94 80
94 31 81
72 96 2
24 60 78
54 6 80
94 31 93
66 42 43
5 46 80
85 7 8
83 58 55
55 54 14
93 82 65
84 50 39
15 39 26
28 0 28
37 1 20
46 93 73
44 82 41
48 76 32
40 74 54
19 48 47
23 15 48
99 85 37
1 58 25
5 75 96
46 5 57
74 10 98
83 81 84
23 90 100
68 46 65
54 32 19
36 30 57
76 82 62
3 15 77
96 53 100
82 48 44
70 66 68
46 37 20
98 58 6
93 90 28
67 7 19
45 31 38
4 73 97
81 94 73
37 16 94
98 36 98
5 52 89
63 15 81
66 34 39
22 0 61
73 16 34
88 40 59
82 27 96
97 78 93
48 75 63
87 4 49
76 6 97
95 17 5
58 51 52
70 67 6
72 52 30
21 5 46
10 61 24
91 75 98
83 10 40
64 74 26
69 99 25
92 66 59
15 32 17
97 40 29
19 93 66
64 45 96
30 73 57
32 46 46
65 89 51
17 73 36
29 20 54
99 64 23
54 71 1
84 94 56
86 95 16
24 31 10
69 85 82
87 88 98
35 11 89
36 40 44
48 52 72
7 67 4
11 26 75
12 14 4
19 16 78
13 70 33
42 9 67
25 89 46
4 35 7
52 20 56
52 57 75
55 85 52
15 32 94
74 4 50
87 73 33
2 20 26
74 8 20
55 6 16
7 25 78
11 47 90
34 81 88
71 20 50
33 2 38
2 43 12
21 88 54
71 27 3
32 55 18
60 12 2
8 69 19
76 99 4
18 4 97
91 57 54
41 89 61
76 46 5
29 89 62
34 74 29
70 3 77
66 64 10
14 27 98
25 27 31
58 28 40
68 12 22
33 83 33
7 34 65
77 67 3
1 63 37
44 68 65
7 64 60
99 89 90
73 34 5
22 31 14
55 62 95
58 6 80
13 36 60
64 78 95
54 11 61
44 49 35
52 70 32
66 3 67
30 2 41
12 21 3
59 61 84
75 73 17
64 56 40
10 77 1
47 86 95
11 93 14
44 35 53
6 34 56
28 48 76
67 84 12
89 15 99
58 12 28
98 64 77
20 25 43
17 43 79
31 71 68
23 87 25
21 71 31
46 34 32
31 16 99
3 25 32
42 40 65
90 88 45
97 57 19
2 51 53
26 11 5
57 58 3
93 30 88
57 10 69
40 92 62
93 21 32
52 21 76
16 3 10
11 3 61
89 26 29
63 5 76
19 42 84
85 9 91
67 5 11
76 3 81
27 26 47
29 24 52
61 96 51
50 29 37
68 93 22
89 12 53
24 69 12
53 15 35
61 20 92
19 10 89
48 32 49
28 31 34
62 67 6
30 78 36
76 42 82
84 63 35
63 81 64
54 26 38
93 15 84
27 97 5
67 11 13
47 29 22
53 54 55
41 38 29
35 18 82
86 11 52
91 79 64
44 14 18
79 45 36
86 16 55
30 92 85
27 5 60
30 71 62
96 58 50
41 36 22
66 65 76
6 26 47
77 22 10
47 51 63
62 72 66
27 28 5
95 63 66
11 90 40
25 90 15
62 7 90
39 59 72
98 37 92
20 7 99
54 53 57
6 48 88
56 49 58
9 66 2
62 77 14
2 64 80
7 85 79
4 43 18
10 25 91
61 45 59
39 58 9
58 72 2
32 89 49
58 51 79
40 60 98
30 51 62
96 29 31
24 3 29
66 62 79
49 23 80
45 76 18
35 76 99
66 1 8
80 16 81
83 69 15
89 82 50
18 53 66
47 45 20
28 91 88
70 71 6
23 17 22
13 62 25
10 24 25
53 15 80
75 67 58
12 93 99
23 42 39
7 25 95
94 39 38
60 45 98
85 7 61
41 15 23
94 5 74
40 65 83
86 27 31
30 47 18
75 34 20
20 14 36
48 5 9
8 83 81
21 58 4
50 8 56
67 31 60
37 26 47
76 98 88
16 68 44
51 26 70
78 19 21
63 61 77
84 59 13
72 42 51
63 74 23
74 14 68
51 64 59
73 91 24
64 23 70
89 37 99
46 71 30
1 14 89
81 87 52
62 25 88
72 85 59
46 95 78
26 45 52
87 74 87
57 5 26
36 11 52
51 20 59
85 39 44
53 6 4
86 98 92
59 29 36
74 25 36
25 23 73
52 95 1
98 65 23
30 88 26
10 3 35
64 12 56
25 80 71
92 23 82
69 1 74
88 78 97
98 41 26
43 71 65
58 60 75
53 77 3
82 91 26
68 51 85
34 86 31
