6 77 50
10 92 59
56 1 10
81 32 95
87 1 99
76 45 44
96 73 19
26 37 88
52 13 91
58 1 84
46 50 32
17 30 73
35 83 7
14 51 14
99 65 41
83 41 35
19 52 43
77 58 98
46 26 21
25 66 14
37 92 37
22 39 22
37 70 50
41 30 18
46 39 6
45 31 82
48 27 80
81 68 19
96 85 36
53 58 62
80 10 77
68 9 23
99 18 60
55 75 94
10 57 78
78 64 93
79 20 48
7 56 93
75 4 80
6 60 40
49 40 42
62 46 89
14 10 85
60 62 38
86 57 28
13 35 11
48 39 56
18 38 71
99 6 50
83 75 7
31 97 83
7 79 52
77 8 66
47 64 62
76 21 68
79 41 48
28 52 63
46 94 84
91 75 9
38 49 60
8 68 62
96 5 75
43 6 37
25 95 36
26 28 87
44 37 81
46 12 27
36 57 7
99 58 53
47 85 97
39 13 92
9 98 21
23 8 83
8 58 45
89 96 33
93 53 59
34 75 69
15 88 17
49 46 4
21 39 82
71 26 96
41 95 88
41 32 35
28 8 25
50 83 72
94 20 82
87 36 79
31 22 77
17 49 71
43 84 71
16 63 71
50 29 15
40 95 76
90 74 46
70 64 80
24 76 52
73 70 70
34 78 25
27 74 90
48 68 85
58 66 73
74 22 98
0 15 45
83 7 66
62 41 32
41 36 69
28 40 25
96 18 13
45 75 37
95 74 48
78 82 45
90 35 31
64 67 97
23 20 15
42 61 93
36 66 97
77 28 37
97 46 12
42 86 84
91 87 45
31 80 45
91 29 41
69 40 4
63 5 57
8 35 70
91 49 67
0 65 32
56 50 13
87 13 26
0 42 48
24 64 49
1 46 18
57 46 8
58 32 98
92 30 17
19 36 88
91 24 89
44 33 100
44 10 56
0 4 9
75 16 55
61 89 92
49 47 92
27 11 86
77 5 49
50 71 18
51 13 5
48 39 59
61 70 32
55 63 63
66 20 58
29 47 70
83 70 93
25 68 82
82 12 44
59 73 48
78 22 15
44 31 32
51 90 41
8 27 63
1 49 8
79 26 63
97 61 57
91 3 25
72 20 1
97 63 21
88 34 25
58 57 79
64 49 52
12 17 7
72 21 40
0 76 99
75 21 94
96 90 21
95 63 99
89 61 31
20 82 77
81 62 29
4 1 28
55 92 82
82 59 87
58 56 19
9 52 48
27 4 9
71 46 17
6 59 21
89 24 19
10 74 17
84 67 67
97 3 85
3 12 93
97 86 93
13 1 78
60 11 1
11 69 79
45 2 4
12 52 56
97 8 90
32 73 24
33 44 41
87 3 10
78 56 53
28 91 21
84 93 24
23 6 83
4 26 43
29 73 2
38 33 86
41 56 7
81 4 14
18 45 29
20 6 1
97 18 51
51 26 14
11 63 91
33 26 5
31 9 91
72 18 16
27 3 4
44 31 62
30 11 19
54 91 19
1 75 83
50 71 63
40 83 74
20 28 16
24 34 58
34 10 42
33 52 86
19 86 83
88 68 73
15 56 16
81 26 47
38 49 90
64 61 75
74 29 10
11 82 72
14 56 59
44 55 80
34 41 71
71 10 1
21 87 1
0 34 58
44 95 66
88 75 57
79 43 76
66 59 74
52 26 83
6 67 90
59 65 93
18 26 74
90 75 26
33 24 7
61 23 21
85 95 81
11 95 83
63 12 34
18 52 3
17 16 99
44 36 69
85 32 25
21 92 89
35 59 84
29 43 56
72 51 20
92 53 20
65 45 60
12 62 54
2 7 65
90 33 19
95 19 81
4 51 30
1 71 7
44 25 29
21 15 21
16 38 98
19 89 3
64 82 36
8 64 58
17 63 11
89 15 29
91 74 18
0 72 92
40 24 60
66 61 55
35 73 65
38 18 47
62 55 88
8 65 97
36 99 59
90 35 11
93 35 74
3 99 6
72 71 66
91 37 21
28 33 27
45 73 15
42 86 74
62 30 79
3 2 22
6 35 51
8 15 69
89 68 40
98 40 40
24 68 78
37 54 97
30 15 81
97 95 18
3 16 18
14 35 85
45 94 20
72 89 72
48 26 55
29 89 26
76 63 63
56 46 9
11 82 23
8 37 64
17 69 57
33 43 78
48 81 91
52 14 81
25 47 18
45 34 81
55 5 18
10 42 79
24 89 98
66 75 73
0 36 80
23 71 2
72 12 33
52 85 27
27 21 74
68 44 77
88 28 44
2 83 56
23 33 78
29 46 69
15 47 83
23 42 18
34 40 25
3 51 4
49 81 43
9 81 34
6 7 22
61 67 45
82 9 59
45 89 61
47 60 9
20 34 41
62 83 16
94 88 99
82 10 96
56 30 46
94 96 74
67 0 25
29 6 72
26 90 75
70 97 42
49 76 74
41 83 51
89 52 67
10 94 38
51 60 58
88 90 93
0 19 55
45 46 70
4 53 53
93 18 57
94 88 63
53 98 89
99 25 35
13 68 34
14 92 73
72 33 29
71 89 5
59 23 80
66 86 84
70 39 30
57 87 88
9 38 5
21 64 50
54 49 40
29 76 16
96 3 58
80 23 13
83 8 33
63 10 11
22 75 82
3 42 65
15 20 81
17 78 52
15 95 35
97 4 26
59 68 72
20 14 1
98 69 11
68 57 2
68 71 25
96 61 34
65 47 23
40 92 58
71 23 72
30 61 3
23 60 16
76 2 79
60 10 62
58 66 98
42 30 47
36 38 63
88 64 17
50 20 50
26 12 68
6 74 23
96 80 51
46 86 76
20 42 32
27 76 60
31 3 72
65 50 13
70 54 70
60 89 93
60 10 71
73 6 84
63 30 11
43 91 69
54 74 46
71 82 6
50 28 50
48 61 40
28 67 43
90 44 35
60 30 52
86 52 69
28 14 59
7 0 79
79 12 98
92 86 43
45 41 89
66 28 43
35 8 52
88 82 33
45 90 68
55 40 8
4 45 38
92 72 97
30 47 26
96 33 26
89 7 90
31 58 97
32 97 46
87 8 6
40 79 81
98 20 74
80 35 38
64 78 17
83 91 56
20 51 60
20 18 17
58 90 39
60 53 95
44 95 18
59 12 43
3 17 45
66 57 87
19 24 27
93 75 7
69 96 32
35 33 61
75 71 27
39 60 19
71 72 64
86 98 59
30 97 89
96 72 95
94 91 60
57 97 88
92 30 26
20 54 79
91 51 52
72 80 93
64 87 51
91 17 90
76 4 6
75 45 30
51 2 36
39 36 36
36 27 90
25 11 67
12 27 44
2 65 8
75 61 65
8 55 76
69 63 44
80 42 39
21 23 82
26 53 40
32 19 34
41 10 11
95 31 13
63 99 17
69 52 42
20 61 12
1 96 85
40 95 100
99 71 47
27 92 74
61 55 71
49 32 70
81 32 58
5 79 26
46 30 46
39 92 55
53 93 40
68 84 40
41 37 70
29 85 41
49 69 17
95 94 78
6 8 75
74 72 77
70 59 95
60 16 33
96 25 23
12 10 95
28 25 30
25 12 1
18 7 11
11 86 52
52 68 10
54 65 10
20 30 69
94 44 59
58 13 79
30 31 100
28 13 99
82 81 85
32 74 80
78 30 55
22 12 85
8 36 61
24 59 97
94 72 3
9 39 3
69 45 91
90 60 59
66 41 49
88 93 22
47 44 91
96 72 83
89 47 80
74 81 93
47 98 38
4 45 37
72 55 12
86 66 10
91 76 72
7 52 10
62 35 11
51 96 59
41 24 25
18 67 80
61 48 61
22 34 98
23 31 59
73 21 66
21 26 12
48 20 55
6 24 24
8 95 100
3 5 49
9 95 12
41 36 15
52 56 27
56 85 39
75 35 36
78 61 1
31 9 60
49 61 76
64 87 98
31 52 68
4 52 97
16 18 29
96 19 53
53 29 22
91 21 10
18 92 21
16 48 80
19 53 35
31 55 19
32 52 90
97 20 40
73 39 68
2 69 20
50 65 11
9 17 94
43 89 94
13 95 13
23 33 19
20 57 84
97 28 61
43 33 92
74 55 54
86 16 6
51 85 68
46 52 70
5 76 20
37 79 26
88 62 80
40 5 45
73 40 2
1 42 29
77 5 38
43 12 85
16 63 8
19 90 87
6 25 78
20 42 51
80 60 57
19 20 32
79 37 57
78 62 38
21 45 10
77 59 54
18 4 88
47 95 57
86 24 49
69 29 12
43 19 47
26 73 26
86 78 68
64 65 50
65 82 99
88 40 53
86 64 59
68 92 95
57 65 88
36 56 2
28 54 47
49 30 89
25 31 33
73 90 61
66 49 30
46 0 1
79 25 58
30 40 68
23 79 16
30 57 33
88 61 3
64 98 88
56 34 71
67 50 53
4 94 87
81 41 37
48 41 51
81 15 66
45 41 82
74 90 59
64 66 12
25 96 59
96 13 21
59 95 45
4 60 38
38 77 3
79 72 32
80 40 71
18 47 58
98 12 34
74 31 20
37 82 26
70 64 22
50 33 81
82 44 49
20 83 47
52 31 46
43 75 75
29 92 6
68 93 77
59 57 78
60 23 99
70 57 71
61 16 23
2 13 21
91 41 83
93 94 56
79 85 91
88 12 21
74 73 75
0 46 26
98 32 82
85 55 75
5 30 41
65 88 40
78 68 100
41 82 50
26 83 17
38 35 20
85 34 66
0 39 19
73 42 16
22 31 48
62 58 85
80 9 98
43 20 37
37 35 47
37 11 5
83 11 11
26 6 16
63 48 35
47 23 89
85 40 59
67 89 60
47 90 64
63 41 93
81 39 33
80 19 39
1 0 88
92 78 84
10 89 59
63 87 5
25 11 86
47 34 88
35 73 84
27 1 9
80 39 55
13 81 25
83 25 79
84 72 16
58 23 88
82 73 24
62 98 21
7 6 81
20 60 56
31 47 89
99 22 85
37 34 3
35 15 70
92 20 63
86 70 54
71 0 53
19 8 1
72 38 20
39 9 5
0 4 5
67 68 79
53 8 28
87 84 78
5 72 43
32 41 55
78 98 11
38 58 27
72 33 84
81 35 51
72 40 60
28 36 3
89 5 47
28 69 6
63 15 34
10 75 69
38 67 45
12 53 77
64 15 91
89 57 36
93 30 21
38 78 85
44 88 36
93 33 100
72 0 18
62 44 97
98 65 84
95 38 96
8 55 54
74 30 77
70 60 43
65 25 51
72 97 36
86 59 27
78 58 43
60 52 90
82 9 50
71 42 50
27 4 64
74 19 87
32 54 33
90 45 44
22 66 73
57 17 99
21 7 50
45 49 50
60 40 3
58 50 26
58 73 70
10 89 3
16 65 77
71 14 96
52 70 14
8 52 43
91 42 86
0 82 29
84 72 57
68 17 87
23 68 8
91 8 34
87 58 2
21 31 80
33 74 73
19 52 39
35 3 98
34 50 52
20 11 44
95 92 32
63 99 23
61 17 61
80 49 97
48 70 60
83 2 4
76 41 1
68 70 71
95 85 29
29 61 86
81 66 36
33 60 88
93 16 30
0 10 67
11 9 37
79 94 27
97 52 56
46 97 46
36 87 77
97 74 58
36 87 40
21 84 23
84 70 10
49 31 66
74 50 43
94 79 81
36 19 11
26 97 77
93 87 67
0 24 82
71 19 29
4 25 18
15 52 29
4 34 58
34 14 5
74 15 8
56 33 24
90 82 45
78 70 6
66 99 10
88 48 48
16 10 16
9 30 67
81 68 66
4 9 46
76 81 89
39 4 75
0 67 51
59 40 90
48 30 50
54 46 79
40 17 34
78 36 69
78 88 16
59 94 19
13 77 39
48 67 88
35 66 100
35 36 38
73 49 24
99 95 37
27 8 76
44 50 58
81 24 69
63 84 14
0 11 15
26 95 54
51 6 97
23 67 61
37 50 41
94 33 38
84 2 84
61 81 21
56 37 95
85 54 87
30 81 88
90 59 22
81 68 78
53 80 29
54 28 15
9 71 8
87 19 79
12 66 96
91 55 12
23 49 66
81 64 49
17 53 38
48 29 20
55 88 63
52 90 75
69 38 94
77 72 8
74 10 2
66 71 68
57 42 20
1 54 86
46 18 12
82 93 10
20 9 28
30 2 29
20 6 25
78 39 48
25 51 32
84 98 22
28 57 90
88 24 35
43 18 62
78 51 8
12 38 21
67 85 85
17 40 77
36 41 25
63 34 39
4 34 47
99 8 68
60 37 85
36 19 47
7 16 74
17 82 90
37 75 40
7 94 60
45 73 33
38 8 63
18 98 72
1 75 65
2 38 74
25 33 73
36 74 65
3 27 93
76 99 86
67 97 4
31 79 50
32 51 59
99 47 11
97 2 83
99 13 73
36 84 59
9 75 70
62 49 39
15 41 26
33 39 38
75 72 21
42 68 67
83 12 18
10 79 17
6 31 87
46 81 18
60 20 47
83 54 17
43 86 87
75 1 85
77 26 5
91 29 69
0 8 27
58 44 68
89 31 8
89 57 88
70 81 79
22 21 19
35 91 55
98 79 4
36 60 94
65 97 35
54 87 21
53 23 71
10 27 48
65 60 8
27 60 50
13 42 53
55 85 38
46 93 15
96 29 71
48 53 6
40 87 78
66 40 28
74 62 36
5 62 68
83 0 40
45 57 9
59 8 3
80 86 4
72 71 15
59 11 87
71 84 90
69 65 48
91 36 77
53 18 30
18 52 96
75 99 43
31 99 47
23 71 20
52 13 81
3 68 41
98 40 63
32 67 94
32 58 84
86 15 72
15 19 3
68 59 6
10 91 6
8 27 36
82 65 35
80 64 78
52 74 94
31 26 68
74 3 81
22 73 62
24 47 61
11 57 38
70 81 93
23 81 90
16 94 96
16 91 13
10 95 82
18 54 45
80 87 45
30 5 98
19 48 32
33 67 98
88 71 38
42 14 53
6 13 34
81 37 84
12 85 5
80 46 31
23 42 12
77 95 29
84 8 51
54 94 43
80 95 45
86 20 28
35 84 74
11 67 31
23 85 27
26 42 50
97 34 93
62 7 25
92 54 62
84 31 39
16 81 81
50 86 36
17 90 97
44 20 51
14 64 97
16 49 57
48 31 18
24 86 12
30 93 63
36 17 84
58 48 62
70 42 67
37 0 94
33 46 12
98 75 61
73 89 8
41 22 71
53 55 86
65 5 4
91 97 34
80 73 80
9 65 59
62 98 56
34 24 88
51 13 88
65 16 96
19 17 27
32 65 98
10 61 82
8 26 68
42 18 62
20 93 76
92 56 57
39 48 18
85 44 89
39 84 91
76 55 16
45 72 68
72 24 11
76 81 1
63 32 88
47 45 96
73 52 83
89 1 78
13 52 22
93 14 6
96 59 17
69 64 85
35 43 77
29 17 34
14 45 91
95 54 56
59 6 12
99 47 37
44 7 83
73 40 53
7 53 84
71 89 51
4 3 48
74 7 10
80 14 65
92 55 60
27 91 9
96 43 93
11 61 91
14 62 40
98 67 46
9 26 81
47 59 94
27 76 39
91 72 19
54 95 21
54 68 37
14 11 19
49 19 99
69 73 7
37 45 4
89 94 58
95 43 14
43 29 24
38 75 84
49 84 17
23 72 16
43 91 54
89 21 69
80 9 64
3 74 49
21 18 39
96 76 29
76 19 2
92 2 66
4 0 6
81 45 44
82 18 4
47 56 82
59 57 85
6 20 92
47 91 98
29 30 62
10 21 83
74 21 5
30 82 14
21 0 44
70 0 35
95 9 78
59 52 22
8 81 83
55 1 29
97 42 95
1 47 77
72 42 23
22 75 44
95 79 19
97 70 82
46 22 27
76 52 10
17 79 98
13 25 41
82 62 76
92 97 80
20 73 52
83 62 55
46 15 90
49 87 70
39 15 49
88 27 45
92 27 22
5 7 36
43 76 34
65 96 44
4 21 87
78 53 59
75 7 22
7 72 53
1 12 62
4 96 63
22 50 94
56 92 68
88 47 14
30 78 6
24 71 62
42 44 75
39 96 68
76 48 46
31 27 3
1 84 29
82 55 90
32 29 70
21 62 26
85 39 7
97 57 85
37 46 27
93 16 94
2 44 11
93 62 3
13 97 76
83 85 12
91 5 68
30 88 59
41 86 93
50 88 23
44 90 77
73 11 25
84 66 45
99 44 83
9 74 36
52 86 54
39 41 17
11 61 75
34 84 92
64 43 16
76 39 81
53 98 84
13 30 44
83 51 25
38 59 41
62 66 18
79 17 62
88 3 40
11 79 68
1 86 14
52 43 35
81 75 13
22 96 96
4 14 76
14 43 69
52 16 51
5 97 26
53 1 74
49 12 12
2 66 84
80 36 46
58 35 89
33 93 75
97 13 10
99 60 51
4 18 63
62 95 25
56 32 12
41 98 69
58 96 83
32 88 12
69 76 31
58 72 80
26 20 69
39 65 42
14 51 40
27 51 65
97 32 22
49 12 15
17 1 90
78 81 21
33 27 9
67 5 28
84 36 9
0 3 50
85 89 40
52 31 25
5 0 84
4 89 13
53 48 34
5 70 51
39 71 91
30 41 69
59 31 49
93 76 65
9 58 85
33 61 46
30 29 96
97 33 29
68 8 81
6 38 67
61 3 31
36 3 11
53 93 84
60 2 79
64 66 99
8 51 37
41 55 87
22 49 31
15 8 50
98 22 46
64 34 42
29 20 41
72 92 63
13 73 85
8 30 38
23 63 7
41 34 3
66 85 23
31 1 43
53 41 58
91 25 97
11 58 41
46 94 58
12 70 92
82 99 12
21 51 64
22 60 83
55 45 94
33 34 87
92 62 55
31 62 36
58 84 12
61 5 24
87 2 23
80 17 82
51 22 66
26 46 46
35 99 17
90 36 76
46 32 22
10 11 82
61 74 9
6 84 18
67 92 83
87 13 97
66 79 55
66 39 22
87 7 34
55 16 37
60 31 47
75 7 95
33 29 78
79 74 66
92 34 19
45 56 84
14 35 50
54 60 24
1 6 85
68 47 8
68 48 94
29 14 71
90 87 52
43 54 85
93 5 79
1 74 14
20 40 82
59 0 54
39 52 52
84 39 33
57 78 95
90 82 66
49 93 62
16 9 65
33 35 42
66 53 66
84 21 40
44 34 91
10 78 58
62 40 67
73 31 32
5 76 6
96 87 85
36 54 98
39 56 70
90 78 69
55 75 100
36 1 33
48 86 24
69 53 58
33 1 98
89 73 84
86 34 31
31 7 92
92 19 51
7 31 40
95 88 68
70 80 25
9 96 98
41 95 11
79 32 22
6 85 60
32 0 43
32 41 13
82 51 88
77 81 69
31 46 45
41 35 2
63 39 89
83 54 43
26 44 33
25 27 24
3 46 22
10 69 49
84 48 75
7 96 17
11 60 23
77 90 57
92 68 66
29 4 44
29 32 18
47 89 9
37 32 72
64 97 82
87 68 86
79 2 45
15 24 71
91 29 46
73 70 69
53 51 97
88 24 32
29 65 77
42 71 61
35 86 44
88 43 43
45 64 94
86 42 55
3 83 72
5 45 22
98 92 11
29 82 57
36 70 78
53 59 5
70 48 95
41 61 4
73 39 39
46 95 71
85 2 57
39 56 18
7 79 5
15 5 32
47 28 86
20 28 35
69 54 53
13 31 79
79 53 83
58 55 14
64 98 94
67 56 26
32 56 62
65 96 31
21 52 47
7 20 37
26 70 70
70 25 19
39 42 11
83 74 36
61 46 15
7 70 60
21 70 61
82 80 54
6 39 95
57 20 96
69 2 20
29 83 11
42 53 23
70 24 45
14 69 9
13 59 92
20 4 47
34 75 67
27 97 59
33 1 23
96 46 40
10 35 34
52 58 60
20 92 46
75 77 53
93 11 75
48 76 56
58 7 1
98 14 37
47 80 22
89 2 12
98 96 49
42 89 48
83 75 78
96 35 14
5 10 7
46 41 65
5 39 17
96 26 25
80 49 55
48 10 67
38 8 50
70 61 57
94 44 62
86 62 72
64 60 49
76 98 19
37 77 15
5 74 87
17 35 26
31 14 75
5 20 86
36 24 39
83 93 99
47 96 26
92 77 5
30 11 13
58 83 85
65 95 56
37 48 45
67 98 99
12 38 86
4 84 84
11 20 5
30 29 6
79 52 49
26 96 54
17 16 78
68 8 50
40 62 29
62 1 58
25 22 31
44 14 50
39 16 95
19 79 30
66 49 32
98 8 59
42 52 96
99 13 55
11 37 67
78 36 10
76 16 76
94 82 37
37 88 62
31 93 25
48 51 46
71 27 61
1 8 45
18 32 15
63 8 32
37 88 49
20 52 68
9 12 69
7 79 30
75 64 58
36 87 36
73 2 9
77 81 91
81 45 98
48 56 19
75 17 69
45 34 57
75 84 45
51 54 22
11 15 97
45 66 27
32 53 38
47 87 59
98 65 30
69 12 85
9 35 23
85 11 52
2 93 100
75 28 31
12 96 42
70 78 16
17 21 84
4 56 70
56 29 67
37 52 77
51 11 10
6 86 24
38 45 59
34 82 83
78 88 37
44 89 99
54 84 63
23 78 64
54 43 89
54 85 18
98 2 47
25 27 79
79 33 93
47 91 83
2 45 77
16 26 17
48 6 94
10 62 78
94 48 90
45 48 23
51 93 5
88 48 76
13 91 86
8 58 15
69 39 51
53 56 74
60 72 40
84 77 30
64 13 81
57 3 34
84 4 34
80 45 8
69 86 37
64 93 91
93 65 9
59 72 97
86 11 69
27 36 89
97 38 27
31 20 65
7 59 30
39 89 39
13 22 27
75 86 55
27 24 53
38 11 93
49 39 100
90 13 92
94 72 66
94 32 59
30 63 90
63 35 6
29 51 49
97 94 73
45 57 79
70 54 84
98 89 14
0 68 54
19 65 34
42 88 77
6 0 84
80 86 35
1 86 19
6 0 3
40 33 33
76 40 31
14 9 12
43 67 60
54 42 3
90 85 16
49 24 24
85 9 43
79 8 12
24 76 16
95 17 100
68 43 88
73 29 31
17 16 49
48 65 16
27 76 61
18 78 33
6 64 47
65 99 40
16 20 28
61 47 83
75 17 1
92 12 91
4 46 27
58 92 22
49 32 49
77 96 64
0 6 17
14 41 48
40 8 82
92 59 30
83 9 38
63 49 61
99 55 77
88 67 2
34 1 58
43 51 61
13 38 59
6 42 72
78 57 35
20 18 21
67 27 95
60 62 5
41 13 94
88 83 72
8 99 56
58 20 55
75 12 96
74 0 22
39 29 58
42 7 63
39 23 18
29 96 68
43 41 23
43 72 70
79 23 87
90 86 9
54 47 21
87 63 53
13 19 49
29 23 91
14 15 59
78 92 18
1 7 16
12 76 38
12 21 28
83 20 10
48 60 47
47 2 96
85 19 3
79 26 56
10 36 69
94 81 77
55 80 26
62 26 8
41 32 92
33 79 78
30 69 26
73 21 6
74 47 60
83 53 56
74 4 39
40 23 93
50 8 70
88 77 22
90 43 40
56 25 45
40 53 49
41 28 65
28 58 48
83 12 100
86 64 96
76 71 60
38 29 84
93 58 84
16 56 16
14 7 100
97 16 61
52 4 40
57 49 56
15 74 50
35 95 7
73 3 75
55 76 29
74 76 56
5 73 29
5 0 65
7 43 13
25 61 81
48 72 80
1 11 79
51 52 16
39 80 11
7 10 75
99 83 20
12 54 80
70 51 11
36 14 13
22 32 31
67 36 34
55 15 1
92 42 78
96 80 55
48 39 47
97 12 14
6 70 61
22 39 99
94 35 84
31 33 43
63 78 51
76 62 18
40 18 71
99 82 19
47 57 5
72 83 70
49 41 47
40 47 36
19 9 31
79 10 82
15 68 75
80 54 14
63 14 20
3 48 22
25 33 27
43 61 34
89 16 98
92 29 81
54 9 14
3 37 19
0 1 27
0 24 26
71 19 73
5 79 32
79 41 59
81 31 6
34 5 14
97 88 22
10 92 90
31 90 14
49 65 66
3 13 31
43 78 22
72 94 80
24 81 12
61 89 36
6 3 73
42 15 17
42 76 38
81 23 64
30 73 93
79 66 7
64 78 90
16 48 67
16 84 33
63 48 20
34 59 38
57 82 55
66 29 100
66 75 100
64 20 2
1 47 18
97 3 13
64 7 30
68 93 99
92 73 64
29 78 58
11 30 91
1 7 100
60 35 67
18 17 98
65 62 81
39 70 29
65 49 57
13 95 22
88 24 27
47 51 81
18 94 67
8 15 1
87 7 59
31 77 34
92 98 60
50 94 96
6 7 46
54 14 23
85 0 36
15 34 28
49 31 52
81 85 89
39 89 60
87 41 26
90 9 68
18 99 58
15 38 35
16 23 73
93 63 1
59 31 19
14 0 23
95 9 7
38 65 77
4 59 99
59 78 18
24 8 51
59 63 45
58 77 6
91 82 60
28 10 60
51 50 25
95 78 92
81 5 29
47 51 59
91 51 80
66 31 98
24 13 1
32 47 6
83 53 93
41 6 70
96 56 70
68 0 70
53 14 100
32 70 80
2 67 10
81 86 16
4 86 13
46 15 63
13 81 32
32 75 67
63 97 98
56 1 84
31 59 75
73 79 75
17 27 46
45 88 19
97 72 67
9 97 37
89 95 29
11 40 8
46 98 31
82 25 27
33 64 3
42 39 29
97 45 4
42 83 93
25 79 18
95 16 57
78 77 2
48 30 22
24 4 40
45 42 17
70 10 79
32 54 24
38 4 89
71 7 7
46 52 23
59 79 91
65 93 19
9 68 61
23 65 58
55 15 41
12 14 100
66 97 39
82 20 33
1 76 94
5 29 69
3 21 25
36 7 63
83 36 82
52 55 41
82 42 77
10 47 71
33 36 77
9 0 17
86 91 57
6 15 64
29 27 41
40 57 23
67 50 26
77 59 45
50 23 66
80 75 51
11 34 97
61 28 23
40 98 71
68 56 46
52 90 57
16 39 10
59 19 42
46 41 58
61 20 2
51 66 83
71 93 15
26 55 87
79 54 97
49 67 1
90 97 46
96 27 72
88 66 81
63 71 90
33 56 43
28 99 18
97 5 27
84 2 53
63 4 70
26 38 93
9 61 70
51 14 86
34 39 80
37 44 65
22 16 87
18 82 89
48 71 30
69 19 68
90 38 92
38 90 14
51 97 5
13 97 31
35 84 26
21 85 29
46 72 38
95 40 67
41 44 45
72 74 2
45 70 23
78 84 70
97 4 40
98 96 19
91 90 64
30 4 78
56 89 51
46 53 22
15 9 84
16 33 49
22 73 62
92 46 32
33 76 24
26 74 69
45 66 8
59 14 23
39 23 19
98 13 87
26 31 4
15 1 53
24 67 12
42 96 16
23 88 75
31 0 25
80 35 61
83 71 87
50 13 63
87 26 71
42 5 84
48 0 41
37 80 92
66 45 5
52 9 88
87 0 35
59 61 66
90 55 24
73 66 70
87 12 53
4 29 95
58 69 97
34 59 14
72 5 97
6 94 87
70 72 44
18 41 58
79 73 88
24 56 94
91 55 68
79 23 41
54 60 38
64 44 9
62 68 45
19 54 5
5 34 69
77 28 46
17 81 95
95 96 19
96 50 18
86 9 34
16 15 56
24 3 8
64 88 92
26 28 97
18 79 33
92 89 19
17 60 50
8 7 58
78 6 7
56 5 84
30 4 16
39 95 80
26 47 24
80 54 48
21 20 39
89 68 13
63 92 12
98 22 67
45 97 23
65 8 87
33 77 59
24 34 11
48 84 25
90 82 74
52 57 57
90 88 1
97 35 45
44 47 71
71 82 77
64 15 52
49 45 55
56 60 19
51 40 72
9 53 21
12 62 28
21 91 85
64 9 14
28 70 46
27 11 23
83 11 97
86 79 24
80 75 77
42 54 99
61 57 36
87 70 56
43 54 18
86 42 47
38 43 74
91 71 49
21 32 47
72 45 39
13 51 34
16 67 13
60 55 73
82 64 11
20 3 23
64 86 45
79 22 49
70 97 50
86 45 99
96 67 13
91 71 94
84 92 25
9 50 53
87 31 13
59 25 33
0 79 30
26 98 36
96 38 96
97 95 31
71 68 12
73 59 75
53 66 36
7 16 30
56 77 9
61 22 74
33 85 79
64 25 19
11 39 40
17 75 90
57 71 89
50 77 66
85 57 89
42 47 49
36 24 99
24 36 79
97 92 91
17 61 80
20 99 96
58 20 90
68 0 36
65 51 1
61 42 2
1 28 61
89 62 92
33 95 78
42 58 68
74 95 9
1 57 92
35 51 77
7 17 76
16 78 61
81 31 50
25 5 23
70 16 69
29 34 2
45 60 7
90 20 64
45 31 34
98 24 5
14 79 42
12 31 97
80 53 83
54 57 85
52 41 11
40 2 9
87 6 6
4 32 71
53 83 23
19 6 86
72 28 23
69 42 4
66 63 54
68 65 20
39 1 80
21 98 39
60 34 9
68 47 13
17 44 35
23 28 90
52 73 82
26 38 1
4 19 22
42 47 81
13 74 55
81 46 75
28 69 56
80 31 6
79 45 52
65 34 74
8 57 97
17 40 79
73 14 51
35 97 68
16 17 84
35 69 39
96 64 78
95 94 62
10 65 24
72 5 4
79 67 6
33 79 19
56 16 97
20 39 86
0 67 50
57 8 6
27 59 20
46 39 90
91 9 24
37 58 56
18 98 29
3 42 21
92 87 18
58 89 41
73 72 52
0 66 58
55 5 97
9 40 100
19 28 5
60 0 47
71 24 30
40 70 68
4 38 78
95 56 76
67 83 95
77 59 7
28 14 25
79 4 56
57 73 93
69 72 95
97 82 43
20 82 42
97 47 12
50 12 25
83 60 24
16 40 92
75 26 95
74 21 15
55 34 37
25 6 11
60 70 66
19 15 19
35 88 15
15 61 56
93 54 69
0 48 77
40 38 95
76 44 45
86 25 27
20 87 54
77 56 93
82 21 80
78 72 45
80 49 61
51 9 70
79 95 64
2 6 43
34 87 4
5 45 97
58 39 18
35 50 86
99 77 80
54 44 44
92 63 13
15 37 40
71 2 50
97 0 68
54 55 3
70 74 100
26 68 62
9 8 79
61 63 92
1 11 85
36 20 56
81 73 30
92 79 8
27 1 80
86 18 1
55 63 14
62 29 90
61 68 92
51 54 33
77 33 4
40 41 83
47 0 85
23 87 28
77 46 13
37 27 67
81 76 73
47 10 27
23 30 100
1 38 73
52 34 86
4 24 29
70 46 29
78 57 73
24 62 78
53 85 33
60 76 63
80 36 48
6 74 48
48 77 83
57 41 49
55 54 36
56 42 41
15 94 3
68 40 38
14 27 43
31 83 32
76 49 17
57 54 68
21 26 66
45 43 9
59 72 22
95 60 77
60 28 73
79 49 65
68 19 42
24 3 83
50 76 10
51 0 46
77 8 33
95 5 56
56 32 25
6 93 6
9 4 64
11 95 6
90 61 41
22 26 37
8 11 21
31 94 83
60 6 51
94 19 20
89 84 27
14 69 7
78 4 9
84 35 51
83 5 35
87 70 11
27 37 21
77 40 88
76 51 45
88 60 40
94 28 89
21 88 40
97 17 52
69 12 16
10 76 95
62 71 74
15 65 63
82 17 18
10 77 36
43 41 63
90 59 97
75 87 82
4 57 19
56 99 42
52 4 24
4 1 7
6 35 2
79 55 60
49 53 14
52 16 15
3 26 66
71 68 14
57 98 57
78 58 26
79 31 20
70 74 81
61 84 42
69 92 92
44 24 25
28 19 48
83 21 9
91 44 1
23 76 90
3 94 2
62 79 100
80 79 7
91 79 53
56 5 55
27 94 89
37 75 12
38 23 21
59 22 77
44 45 29
16 57 50
89 1 77
19 2 56
82 44 60
65 13 71
57 95 89
84 35 75
17 72 47
71 91 18
60 99 33
22 61 99
59 76 54
52 71 81
9 85 71
12 45 30
23 54 4
77 21 47
7 34 98
4 3 69
56 18 44
48 87 84
30 97 25
99 25 73
58 67 43
41 81 21
81 51 7
92 67 81
93 3 61
83 78 81
21 7 43
13 60 30
57 49 92
65 8 42
47 6 94
94 17 45
97 22 25
52 63 87
38 91 92
91 90 56
49 98 8
35 99 64
6 94 68
33 25 93
50 33 45
81 94 45
30 19 63
94 66 12
39 45 6
75 36 20
7 67 5
85 9 55
69 66 62
8 21 37
93 62 97
45 51 43
64 61 99
90 73 89
23 0 6
24 19 9
64 42 53
50 86 87
92 30 91
88 29 7
35 53 96
36 95 84
48 9 20
10 17 6
1 89 24
28 61 18
17 30 68
48 74 82
39 73 32
9 27 52
74 17 15
37 38 92
38 55 56
92 56 88
26 48 33
87 78 55
12 34 51
37 45 86
55 6 65
49 19 34
88 2 37
23 81 69
79 78 44
99 79 90
69 60 27
27 48 45
24 3 29
19 95 98
1 98 49
44 72 4
23 15 62
66 39 76
81 2 22
80 20 53
2 8 9
96 16 38
58 95 70
94 87 67
84 30 69
13 98 54
35 42 53
63 69 26
55 58 49
54 77 10
38 55 56
20 93 17
57 72 47
56 33 36
81 28 13
31 10 37
39 13 99
92 74 78
37 93 1
55 88 37
82 76 98
78 37 63
72 40 79
91 83 37
67 60 85
67 62 3
82 21 81
87 46 89
37 5 21
54 43 73
46 93 72
72 39 20
84 33 16
34 16 68
56 78 78
66 16 39
61 14 75
6 43 61
75 7 16
33 24 22
60 5 47
57 20 17
89 90 85
1 98 39
47 64 41
19 14 67
93 29 43
96 51 97
69 77 6
90 66 89
16 17 6
58 9 40
20 57 14
32 22 28
92 69 82
39 5 49
29 97 80
75 15 14
50 86 100
56 1 30
20 72 98
99 91 8
90 22 49
75 1 40
53 98 51
43 59 44
41 51 7
57 33 58
21 9 25
95 56 84
50 45 85
35 5 66
37 52 23
95 54 43
18 32 26
2 92 96
89 10 60
81 22 53
0 98 69
51 38 30
89 33 19
82 41 83
33 48 29
86 93 79
3 97 22
35 87 32
22 53 64
42 99 20
0 5 80
95 12 98
27 3 70
83 70 68
20 52 87
41 3 49
26 82 100
10 97 81
22 6 80
94 36 53
81 55 46
1 43 52
97 61 8
60 0 69
77 61 14
11 15 91
94 74 23
67 49 92
14 75 72
62 19 94
90 36 51
30 56 48
72 7 36
96 46 67
67 64 58
75 61 2
52 56 27
24 29 7
71 12 89
29 65 80
20 16 89
38 76 42
42 83 51
22 49 18
60 0 62
3 67 39
22 7 54
64 98 76
82 79 69
91 67 49
8 61 81
60 81 50
81 62 59
1 32 98
9 50 54
74 71 79
94 26 86
37 98 69
79 78 79
57 31 99
24 89 78
57 80 28
63 86 93
7 24 7
3 67 74
57 66 81
48 35 80
74 1 59
16 90 77
25 12 10
90 86 70
37 51 79
91 1 5
93 1 91
0 41 19
1 75 64
17 45 61
41 86 23
8 7 86
36 89 94
98 18 76
27 88 83
23 20 63
53 1 59
20 21 81
6 46 56
65 96 65
99 16 90
14 99 26
1 35 57
67 93 7
12 63 94
64 86 89
32 77 1
50 28 30
10 61 47
75 20 9
51 42 74
83 97 69
12 91 14
69 76 58
93 32 98
15 64 54
75 22 70
47 53 88
21 73 12
25 15 77
68 20 27
83 23 99
80 88 51
84 78 72
14 64 6
85 54 30
55 43 91
62 7 94
9 96 88
2 54 88
31 50 49
65 27 65
85 28 3
9 77 11
79 1 98
87 34 54
62 82 20
3 16 52
98 95 84
37 75 11
97 32 95
93 24 4
19 71 100
2 95 41
96 95 80
24 76 79
91 92 48
93 48 76
44 82 28
88 80 59
48 80 32
43 90 81
79 30 11
58 17 11
60 1 9
89 43 71
69 78 37
37 41 49
69 97 38
38 53 14
11 94 97
44 31 54
81 8 46
82 91 76
87 75 53
35 28 14
27 81 44
14 70 42
5 86 93
32 29 4
64 82 14
31 93 83
15 45 100
85 4 28
51 68 59
70 24 36
8 43 99
36 5 32
0 91 43
51 31 73
14 66 22
90 86 92
76 83 7
79 98 67
13 16 27
64 12 34
54 41 15
7 82 12
77 48 23
85 13 11
43 89 15
30 46 43
53 32 1
21 8 9
68 12 3
43 20 33
34 28 73
60 3 89
13 90 87
17 16 5
18 80 92
23 52 21
13 26 87
24 3 67
57 27 25
91 7 23
21 74 97
14 58 46
70 44 9
25 4 36
7 39 73
74 25 24
60 63 35
41 38 41
75 5 69
64 82 19
52 66 93
36 78 64
26 92 73
66 94 18
67 53 47
56 15 43
19 95 66
4 87 1
65 80 70
38 99 41
71 30 36
75 90 1
1 60 11
68 92 6
5 0 68
72 1 29
68 13 95
37 85 31
58 59 95
32 25 54
85 43 91
43 7 47
19 64 56
96 1 47
76 63 80
88 92 56
69 90 16
7 10 21
87 5 52
25 21 53
75 51 27
96 91 13
54 65 72
31 89 56
51 54 45
78 97 21
90 15 50
27 11 49
7 40 64
54 76 60
72 4 67
70 30 8
94 2 29
84 38 38
92 38 50
11 57 72
83 28 18
26 85 88
5 56 33
93 73 1
59 40 77
83 72 61
45 16 25
29 66 62
63 59 27
89 70 59
70 55 90
12 17 16
69 46 77
39 90 45
93 7 24
26 19 56
67 88 72
52 80 49
79 67 84
77 46 35
74 12 89
58 5 43
47 26 80
5 60 98
91 32 89
82 5 4
27 62 5
63 26 21
16 94 63
35 83 4
74 4 56
55 83 26
48 77 36
34 51 58
53 16 44
19 99 60
85 58 23
22 85 33
79 81 94
5 91 39
78 48 5
56 50 32
60 10 76
34 48 42
95 84 62
14 49 55
19 4 2
2 12 73
83 98 23
65 57 13
56 48 49
75 14 58
82 9 40
55 12 6
34 80 68
27 45 78
83 0 36
22 65 93
21 46 73
23 36 94
11 35 58
59 31 93
17 41 88
1 24 77
98 67 71
79 8 2
81 3 71
26 82 94
84 88 32
19 8 31
26 16 46
25 53 18
46 44 23
10 45 15
5 91 66
25 36 64
28 88 84
31 10 71
34 12 40
42 12 28
19 32 22
70 84 67
85 12 85
52 12 16
86 82 23
98 92 16
21 89 48
67 93 18
7 39 29
45 86 15
7 83 37
20 9 6
48 57 48
75 70 13
40 9 25
18 4 27
0 94 34
85 1 93
81 21 51
18 67 97
49 51 25
5 87 39
78 94 82
48 93 70
11 46 79
11 29 6
69 68 29
53 3 19
50 93 67
47 34 10
1 30 36
50 15 19
5 79 68
4 55 98
10 60 32
92 50 55
11 33 40
90 52 73
56 92 71
67 96 85
12 82 84
75 22 80
53 79 30
10 45 61
2 21 75
3 99 58
63 69 44
8 97 34
65 60 29
48 45 79
55 22 8
92 64 71
1 93 57
46 43 28
19 45 71
67 93 71
94 21 79
5 17 84
75 82 87
39 14 87
26 17 16
66 31 33
69 63 60
54 14 14
4 38 43
72 2 22
55 48 14
33 30 6
25 34 75
83 44 20
95 17 60
6 72 98
61 92 43
40 25 49
46 70 36
80 58 37
0 45 78
55 31 56
80 42 32
60 68 35
22 24 40
82 14 88
31 89 53
58 86 11
20 60 77
75 81 97
15 23 51
48 14 51
32 98 25
64 75 44
55 65 45
76 17 17
97 21 80
67 81 19
22 63 3
85 80 3
77 66 41
13 93 39
61 1 6
27 33 71
48 69 66
94 19 26
62 31 47
3 92 9
15 42 43
91 60 58
2 5 77
94 33 92
2 50 69
0 13 13
44 28 17
15 80 28
58 6 74
73 78 64
82 54 71
0 74 38
38 54 100
14 25 42
8 41 48
70 91 84
65 64 42
71 9 97
15 74 31
40 32 52
65 59 50
11 27 28
97 94 85
85 93 80
24 18 16
54 37 21
20 50 69
47 31 4
9 26 4
70 62 42
56 88 96
68 1 82
49 32 24
93 46 51
18 66 79
74 3 27
28 41 33
89 90 35
59 50 88
42 50 55
87 60 19
36 22 36
46 17 10
70 35 69
13 9 46
62 55 12
10 63 53
20 44 93
35 73 36
81 28 3
0 15 15
58 93 73
29 38 29
94 0 53
12 33 18
38 11 49
39 64 55
48 87 60
47 69 33
72 1 19
45 85 36
72 16 24
74 91 57
94 97 26
36 65 76
39 15 98
24 53 58
86 61 79
68 85 91
18 69 66
78 77 10
49 66 63
19 91 1
96 24 76
56 50 44
92 76 36
35 27 77
30 64 73
16 60 15
13 66 2
44 32 95
78 41 8
76 14 74
52 81 46
69 36 99
17 4 5
58 49 23
66 58 2
87 66 37
99 30 26
70 15 37
47 17 43
81 41 55
70 94 91
60 95 5
67 92 54
8 54 80
49 40 53
10 26 40
48 36 18
65 88 22
42 18 79
90 18 79
56 69 86
69 1 15
93 64 29
41 6 77
91 84 11
28 73 34
13 55 94
93 81 77
7 87 44
90 42 61
14 58 21
72 37 36
45 12 62
74 58 87
41 56 32
73 25 23
49 14 76
88 82 81
76 42 15
97 4 92
75 37 2
11 37 25
77 20 84
24 33 14
47 89 34
48 89 43
18 46 81
17 14 3
46 11 15
98 6 63
24 2 88
47 56 96
87 32 43
35 99 24
65 77 15
21 42 40
34 51 14
85 2 60
45 44 95
67 27 28
29 2 88
98 73 65
59 88 95
69 39 35
36 73 84
10 67 48
5 34 6
44 65 78
11 15 22
67 58 53
86 54 81
38 74 38
79 34 55
57 38 75
48 54 4
62 13 65
26 78 97
9 91 45
27 20 72
62 24 83
60 9 14
48 40 14
96 1 82
14 25 88
87 59 30
78 31 14
37 0 8
67 73 40
39 85 24
21 78 60
49 55 20
76 54 67
75 16 78
70 52 61
91 64 22
97 51 29
1 92 50
80 66 65
24 77 23
81 69 81
52 6 97
76 9 17
66 6 36
74 10 50
96 84 46
74 36 36
89 65 69
2 53 95
71 20 56
94 75 51
57 89 6
60 10 74
58 64 45
70 90 77
9 82 93
10 35 52
80 73 88
40 17 15
63 41 75
53 48 4
3 30 59
12 13 97
77 75 57
14 18 54
50 89 78
53 76 87
69 85 78
28 30 91
59 41 70
29 51 60
23 28 94
30 65 67
24 99 33
42 52 21
54 23 46
65 83 54
89 55 72
59 75 4
88 87 8
44 96 39
14 86 51
29 70 48
58 53 28
56 4 43
64 27 6
20 1 98
48 7 84
43 72 58
87 95 80
82 44 30
56 4 76
51 55 86
37 51 26
83 4 56
75 10 17
83 29 74
48 97 31
21 88 42
68 3 68
39 8 24
81 77 53
86 82 22
37 59 88
89 39 29
61 44 56
47 68 60
88 68 100
2 43 45
36 86 75
52 44 3
69 4 53
10 73 84
77 44 17
0 10 88
5 71 71
87 88 99
6 10 20
56 61 10
58 79 90
66 13 83
37 30 89
34 54 93
26 55 68
29 11 36
22 35 74
30 64 21
55 20 2
33 89 65
50 56 36
63 24 40
32 78 87
10 54 98
75 91 2
60 29 84
14 72 43
13 96 32
93 84 86
46 93 42
50 55 88
58 5 76
93 67 32
62 20 8
63 70 67
3 1 32
57 58 78
52 37 78
56 0 94
94 97 12
54 61 47
35 55 52
12 56 13
55 66 81
50 8 15
1 69 33
87 24 36
42 87 100
29 98 64
99 35 44
25 20 92
76 66 72
39 4 27
1 73 92
69 74 86
97 96 74
27 93 78
36 65 93
80 60 69
73 44 50
15 5 55
0 50 82
4 55 51
63 57 44
52 38 78
18 4 39
89 19 4
55 37 46
46 23 75
96 80 15
51 82 95
3 36 62
61 66 32
12 91 71
6 33 19
52 66 80
23 48 55
62 50 59
4 59 32
99 42 20
13 40 44
95 34 50
4 5 97
91 7 67
41 32 50
76 25 89
60 43 94
6 7 10
2 15 59
66 77 37
42 70 27
71 75 15
51 80 60
3 45 100
87 3 57
20 64 25
4 86 96
19 94 78
10 43 14
91 4 61
46 33 37
29 58 41
23 39 78
81 26 79
95 28 49
98 76 84
54 56 95
36 46 7
93 2 81
3 43 77
20 96 20
8 0 9
7 68 70
7 67 33
61 92 88
60 48 70
81 75 46
0 78 50
61 16 39
85 38 57
78 32 54
68 40 28
54 98 61
43 57 17
85 8 64
14 55 8
36 82 39
41 43 37
68 90 73
84 33 16
60 7 85
92 80 60
27 33 50
34 52 5
0 6 75
93 95 35
83 70 47
49 59 15
65 21 60
68 55 80
77 24 61
98 96 75
80 38 29
44 83 93
58 40 18
64 79 7
75 10 96
88 44 58
45 4 88
82 23 23
10 33 64
91 8 100
61 50 46
73 44 16
18 32 85
62 88 7
3 13 98
25 27 3
86 11 21
12 25 60
19 57 51
66 34 83
73 13 62
99 44 68
30 57 12
71 41 79
74 90 43
41 94 44
23 47 16
91 15 31
54 80 14
52 74 78
67 51 12
60 30 50
71 29 20
79 42 36
65 45 30
14 54 34
