73 11 78
24 4 56
83 63 82
37 26 62
9 40 31
26 48 45
50 78 63
41 54 95
19 10 46
23 96 58
17 50 49
12 29 76
11 1 4
0 59 48
65 2 29
96 39 8
94 71 63
91 95 100
67 76 31
7 70 35
92 18 62
97 65 44
26 42 76
9 79 10
84 4 46
76 98 40
4 97 53
63 45 18
15 30 38
13 94 19
26 99 9
9 36 4
93 32 57
89 28 81
33 22 21
89 3 91
65 19 46
15 38 36
34 93 83
50 1 48
80 78 52
71 76 26
5 59 100
16 54 84
94 29 88
51 32 90
67 92 7
82 23 32
49 87 52
38 3 84
53 8 28
50 43 71
11 40 85
47 48 67
53 64 62
90 87 93
71 60 25
91 49 81
68 24 65
20 17 50
88 76 12
11 39 94
22 86 12
44 26 91
46 90 6
46 44 46
55 57 19
66 27 68
62 59 19
94 72 74
23 82 21
50 18 28
29 64 47
30 38 27
65 80 9
9 70 23
13 47 59
14 8 5
4 99 86
81 60 97
4 22 52
36 86 46
38 70 34
41 4 65
62 54 8
16 33 4
34 42 9
17 39 14
77 50 77
38 27 31
56 61 44
90 99 85
65 88 92
53 23 16
92 81 64
66 28 19
32 72 59
9 40 95
4 94 70
66 45 70
13 33 82
93 0 5
68 57 63
37 87 40
85 71 5
86 40 44
6 66 23
69 28 95
91 74 12
4 44 28
17 63 48
39 27 64
24 47 40
95 98 35
83 95 96
89 19 93
44 21 82
65 57 97
60 75 43
11 14 88
91 77 93
89 70 75
36 77 71
19 73 50
27 25 13
73 41 10
50 62 35
90 99 28
29 11 6
99 33 17
41 21 49
8 32 55
49 22 11
88 56 89
78 3 70
66 42 33
26 32 74
39 23 39
62 43 2
85 47 7
31 42 41
79 2 57
59 23 77
27 33 52
36 16 47
15 20 58
18 45 8
33 68 95
53 85 38
50 10 87
14 79 65
35 38 84
43 76 4
0 95 78
28 58 12
4 5 72
68 66 96
39 56 97
14 22 51
7 57 68
92 23 15
40 69 5
11 55 62
56 61 1
14 40 56
41 40 27
83 37 66
84 73 87
60 95 86
28 45 21
76 6 35
95 51 20
4 70 33
6 36 78
1 21 86
56 91 30
56 14 41
91 28 30
85 34 53
7 88 5
66 24 31
15 13 80
68 1 72
19 24 2
77 38 20
37 25 2
63 97 76
51 63 74
80 28 52
88 19 32
86 25 2
87 61 43
25 75 60
33 21 82
36 35 93
69 19 86
65 83 88
41 4 79
66 9 42
97 13 36
38 41 93
24 38 78
8 40 46
94 10 18
34 26 36
0 21 76
29 53 97
86 48 74
68 63 76
77 43 13
6 31 54
77 27 43
14 47 41
76 34 6
71 31 35
36 69 89
87 54 97
80 24 76
74 18 96
32 95 91
6 58 44
4 24 93
93 45 56
43 83 56
23 15 53
40 69 23
83 32 12
2 78 76
49 92 20
39 97 61
75 0 31
29 50 96
58 81 76
25 11 35
13 83 90
12 82 81
87 83 69
15 16 35
77 82 70
54 34 73
17 65 98
99 96 63
10 51 73
53 65 85
89 28 98
94 16 95
21 26 18
45 60 90
11 23 86
38 1 37
78 43 32
30 82 51
57 52 13
85 96 92
16 37 19
75 72 49
6 65 44
46 7 29
6 84 13
6 0 43
54 39 17
61 79 39
74 26 99
55 3 51
45 28 47
11 50 13
83 16 79
10 20 11
88 4 48
78 75 43
11 39 59
70 21 50
56 39 12
45 92 4
99 20 87
22 60 18
43 9 18
46 64 27
77 38 48
27 84 52
5 76 58
86 1 80
96 86 90
49 87 55
40 79 83
84 91 79
56 60 78
26 90 3
16 91 17
9 94 97
43 60 100
37 25 3
67 72 53
43 28 33
10 33 55
80 7 94
3 35 42
72 56 33
56 42 42
64 74 91
5 24 55
86 12 95
9 87 3
4 94 27
7 45 28
70 34 60
78 2 29
74 66 7
44 35 96
94 16 22
84 31 36
45 98 20
62 36 40
76 10 68
66 49 4
31 35 97
75 95 40
92 11 80
81 51 24
51 69 93
10 41 18
4 32 57
50 98 36
29 45 74
81 84 80
82 60 50
60 24 62
74 28 46
4 74 25
66 40 36
98 94 12
67 91 33
44 48 96
47 28 32
53 3 22
68 6 67
58 5 53
13 61 93
6 54 3
15 29 4
84 11 68
13 74 6
81 67 89
86 85 26
45 49 78
17 45 76
2 21 89
62 1 12
62 19 93
79 82 8
66 87 19
61 4 78
17 78 32
49 47 39
67 74 19
11 31 85
90 56 73
92 12 57
17 79 13
97 59 41
48 20 86
2 6 44
96 50 23
87 81 12
61 43 18
88 86 2
94 55 35
8 7 41
32 48 75
93 35 24
58 69 61
48 46 13
90 67 5
38 62 12
73 47 19
5 20 40
48 29 47
51 75 89
60 20 1
10 23 81
64 59 83
34 86 59
94 29 58
38 39 57
41 81 71
44 23 1
23 71 71
74 90 62
52 30 96
46 78 12
47 74 90
46 74 66
58 86 12
36 49 42
3 18 72
79 94 73
97 48 12
42 93 69
26 98 81
62 37 85
93 35 90
65 54 57
43 35 54
50 43 82
34 91 21
10 32 67
54 35 10
29 73 71
48 62 40
64 50 57
17 31 46
24 84 75
46 44 60
41 61 6
44 47 50
61 29 9
68 93 95
83 46 98
13 15 11
52 74 4
55 33 48
86 52 81
24 26 20
28 90 49
67 34 35
77 78 69
39 59 39
31 52 39
48 46 86
98 51 7
81 23 48
15 16 45
74 66 52
29 41 13
33 68 81
49 98 5
59 83 9
45 96 78
89 43 27
50 3 70
57 96 12
38 57 26
74 76 51
69 55 30
37 24 10
31 4 32
80 91 48
23 11 60
38 90 18
97 85 41
2 21 89
58 70 68
37 65 5
5 67 2
25 44 84
88 91 9
58 99 98
59 31 61
53 0 94
35 33 23
64 59 98
20 4 85
9 67 91
40 11 71
47 11 29
58 16 25
67 15 57
57 32 1
42 46 19
15 67 76
44 20 21
17 51 89
85 68 14
29 76 43
91 89 50
38 16 10
40 52 34
73 61 7
81 73 58
45 2 75
69 55 44
19 92 5
53 20 64
15 93 75
61 47 8
29 97 80
85 42 67
12 88 45
93 9 96
4 21 93
77 60 87
92 52 6
9 83 73
46 27 14
46 94 32
37 11 24
89 0 73
75 47 22
82 0 48
86 58 54
6 50 15
66 52 34
95 64 21
16 82 12
61 8 34
26 43 54
11 13 61
9 22 88
56 74 95
11 10 98
95 44 55
94 49 87
81 28 14
65 94 78
47 56 63
33 82 28
54 57 26
46 22 67
44 6 94
72 8 42
9 69 9
70 45 15
11 55 50
66 75 29
99 61 58
97 71 6
4 80 75
85 16 49
3 48 39
96 80 85
58 49 62
32 2 39
73 18 24
72 6 15
29 40 71
44 83 25
0 72 44
54 23 16
68 36 92
95 45 85
86 11 14
52 38 2
58 83 12
72 67 91
35 94 29
13 83 25
80 70 38
6 22 89
90 55 38
97 79 37
52 34 28
61 71 74
72 96 21
74 72 28
23 3 24
18 69 78
96 33 96
31 64 97
59 18 75
29 43 93
6 28 13
62 21 71
39 61 60
83 46 37
56 57 82
64 63 8
63 14 74
80 18 42
7 9 80
69 80 46
87 4 86
42 39 69
30 2 70
38 78 15
81 93 33
44 76 5
6 64 21
62 94 28
37 80 45
43 18 57
42 39 90
53 84 80
46 79 82
34 18 31
90 64 78
16 90 44
5 47 75
18 26 22
32 19 45
78 63 43
92 37 55
47 48 80
51 7 29
1 66 13
61 4 51
22 50 63
64 5 55
1 48 41
47 53 71
37 80 54
94 35 54
14 11 82
36 98 78
57 95 93
53 61 72
37 0 76
56 75 90
76 55 48
55 3 34
5 87 28
37 88 40
22 89 81
65 42 70
75 22 6
30 76 52
50 55 77
45 8 4
43 85 12
82 48 49
6 65 45
49 30 6
52 74 27
0 55 5
0 12 26
96 44 17
79 86 38
14 9 73
24 22 7
56 10 59
4 79 91
87 55 13
27 66 1
77 7 26
18 80 5
49 25 86
6 91 64
72 16 87
32 99 97
83 87 40
8 20 77
12 78 16
46 74 85
92 36 67
39 54 36
30 91 99
22 2 67
57 34 37
21 82 31
11 35 30
4 56 60
66 23 39
95 81 73
8 11 75
96 41 92
21 72 69
59 50 85
30 97 29
34 10 47
55 38 100
30 19 16
65 26 13
85 65 29
64 26 28
22 76 82
59 33 5
18 48 22
30 43 15
14 78 72
74 1 97
92 12 30
38 49 22
13 96 91
83 38 39
29 70 16
7 33 81
33 36 90
50 4 100
90 14 25
87 76 21
34 97 67
67 86 2
28 72 46
15 30 98
18 38 54
92 66 96
92 86 22
68 99 57
40 13 22
40 18 29
65 5 48
75 64 89
28 88 15
79 56 48
39 52 32
80 20 12
18 64 55
85 60 33
50 69 22
92 40 82
76 11 64
34 30 94
48 37 55
11 23 95
31 74 58
71 27 79
7 71 27
42 67 74
62 1 80
43 79 26
59 4 43
52 88 35
88 68 80
66 60 5
59 49 59
69 17 68
52 47 11
71 30 21
23 87 44
7 80 13
2 79 58
34 67 24
63 88 13
62 16 75
80 23 80
52 24 36
91 60 84
72 14 74
67 98 22
79 35 42
51 22 81
66 59 39
21 35 41
98 99 26
69 18 10
62 86 88
81 68 55
57 16 10
85 24 6
16 6 28
2 5 60
23 74 35
89 29 96
1 96 80
48 60 3
93 31 44
32 62 87
28 19 12
59 37 22
31 2 48
1 46 76
49 8 79
66 35 51
83 12 14
93 70 100
20 65 44
57 51 74
17 2 5
97 33 41
50 49 1
84 10 88
58 48 51
54 74 84
2 47 83
13 55 38
13 9 24
8 90 98
86 65 82
81 67 7
4 15 75
97 30 12
50 76 68
39 56 90
77 70 67
24 17 68
82 62 56
93 16 100
87 53 16
25 76 37
49 24 80
84 38 15
65 38 27
0 74 58
86 90 3
54 72 49
62 36 89
86 24 84
35 16 2
86 80 96
27 10 71
31 35 71
57 6 6
77 25 31
59 51 70
27 5 84
46 60 67
77 27 41
16 0 46
69 61 74
63 45 79
40 31 2
71 99 42
79 78 69
86 15 18
99 33 55
85 6 7
24 4 55
84 68 64
12 33 79
82 68 66
42 2 42
7 84 57
37 4 29
12 77 91
94 73 79
78 94 9
55 71 28
12 67 3
95 13 83
15 29 19
12 30 23
61 26 24
24 65 94
83 13 68
1 67 41
78 88 57
43 77 89
10 50 24
64 47 16
38 10 44
8 33 97
77 49 29
5 49 87
67 64 39
14 91 35
20 73 5
49 82 10
76 91 99
28 29 57
41 70 7
92 58 36
96 22 4
43 4 46
7 58 71
56 37 12
52 3 11
92 65 97
97 41 2
20 23 28
57 17 18
59 81 86
7 79 3
21 25 62
39 8 37
12 81 43
87 24 15
85 11 47
18 3 78
29 52 3
65 72 65
85 15 19
79 33 55
64 68 18
72 57 4
78 5 44
0 50 46
98 41 92
37 67 83
13 22 36
1 61 83
1 62 31
75 16 52
4 54 47
37 79 30
6 3 58
76 44 33
67 16 82
22 67 80
42 33 57
18 76 23
22 55 94
46 12 71
56 31 69
28 67 92
20 92 27
36 44 75
9 12 2
53 90 97
50 37 38
92 14 87
33 80 97
20 79 23
59 52 44
41 42 56
52 77 2
18 41 25
34 90 35
33 58 4
80 16 82
85 57 12
17 59 41
20 27 41
88 87 25
91 50 7
86 78 57
56 40 64
49 76 69
68 87 14
88 2 69
80 20 94
34 40 6
2 69 38
8 61 9
71 54 70
39 66 6
15 71 25
45 24 2
87 37 73
94 46 62
68 20 89
51 67 22
8 46 14
52 59 99
80 94 16
99 33 60
40 34 77
23 77 19
63 40 87
49 73 17
90 34 55
37 72 48
23 49 32
55 38 18
27 1 13
78 70 54
83 6 53
77 17 92
1 66 29
96 40 21
56 19 51
45 8 74
42 11 88
93 45 45
61 76 91
67 61 27
5 59 46
59 95 40
36 34 28
84 80 70
99 64 36
30 31 29
3 79 44
81 67 27
36 55 63
35 24 75
7 86 96
30 14 61
7 18 30
54 44 82
7 70 54
58 60 68
3 11 56
96 71 98
4 73 37
11 41 12
67 72 64
41 3 71
95 83 86
85 11 88
20 93 60
50 14 23
16 78 12
62 13 35
12 25 15
0 97 81
98 96 8
94 45 94
12 41 11
69 57 79
92 52 83
29 51 71
19 79 91
11 79 94
91 69 94
71 99 27
26 6 3
67 9 29
94 0 92
10 72 82
12 98 33
11 44 28
23 45 64
59 20 43
90 13 84
76 50 28
76 6 81
46 51 36
76 49 43
8 68 22
34 8 58
48 68 55
44 69 24
3 54 16
78 23 79
32 31 44
8 71 52
9 75 40
99 69 5
46 8 76
3 62 72
93 24 95
55 82 83
90 59 82
8 18 90
78 25 41
17 39 11
36 64 69
3 33 41
0 42 72
89 38 16
29 22 62
53 33 3
28 44 47
43 38 27
10 61 23
88 68 76
79 36 82
74 21 88
36 59 93
77 72 53
41 18 32
73 10 38
20 5 95
32 25 48
99 67 28
21 70 33
15 44 67
0 94 58
44 72 58
22 97 53
58 28 75
42 26 28
7 16 28
81 99 32
47 59 80
3 57 14
69 24 100
29 33 91
91 32 15
1 68 94
70 67 79
67 44 17
83 29 9
93 88 70
57 89 36
51 3 73
2 43 72
69 21 16
60 15 39
30 61 17
22 86 98
47 13 30
47 64 4
59 18 95
37 9 71
89 63 74
74 94 53
3 33 22
68 72 48
62 43 67
57 48 83
72 85 3
43 8 54
66 21 3
91 68 35
43 14 46
11 12 77
23 46 19
47 10 97
59 47 17
20 26 2
76 35 68
2 56 31
83 36 100
55 40 83
59 74 59
92 44 40
41 85 94
49 58 93
39 64 30
23 64 49
29 50 75
23 72 90
63 1 74
29 81 17
8 92 11
22 5 66
14 3 71
90 84 97
87 42 1
38 36 8
7 1 15
80 6 97
66 53 6
34 3 81
46 48 48
56 70 26
2 61 72
55 95 87
2 79 48
23 97 78
24 51 22
83 31 96
38 76 67
86 62 82
90 92 33
83 44 91
83 44 8
31 44 25
59 77 6
52 61 5
22 97 29
64 26 44
34 67 43
23 40 36
91 92 39
97 72 9
34 60 79
26 21 32
68 6 52
49 29 34
84 0 43
68 77 26
69 64 64
30 18 43
48 72 5
46 10 49
89 66 14
46 72 34
89 82 1
65 29 40
46 14 6
25 8 86
30 39 25
65 20 95
88 86 42
37 19 53
68 53 42
26 85 18
53 29 33
48 31 71
3 72 31
9 35 68
46 68 44
17 45 99
43 63 100
59 65 30
90 0 14
60 41 50
16 30 75
34 25 42
92 95 38
82 99 86
9 75 60
49 94 72
76 80 22
33 34 23
93 9 12
69 54 71
82 10 33
31 36 39
13 61 42
42 16 74
70 97 4
0 81 32
20 50 15
4 76 94
66 23 18
43 33 22
14 15 83
42 1 96
30 61 61
86 90 34
29 48 24
5 73 51
83 10 90
56 91 37
89 39 36
1 88 6
75 90 65
55 76 53
6 54 23
47 31 59
1 88 69
96 2 77
32 17 95
84 60 27
59 73 55
71 74 82
79 4 33
44 76 47
20 60 69
37 63 13
97 62 49
49 48 34
91 19 31
21 25 24
89 55 54
63 37 58
99 25 42
59 70 2
18 81 96
71 58 85
48 36 14
55 27 83
94 82 11
30 33 23
93 71 91
68 23 38
77 29 49
39 43 80
71 23 35
94 4 97
14 50 60
14 77 97
97 14 38
48 51 98
24 76 2
98 81 9
63 64 83
71 87 7
77 27 69
28 49 59
40 43 23
75 14 5
92 84 31
49 90 35
46 27 48
63 5 23
38 81 27
32 12 88
52 27 56
77 53 86
33 29 59
44 62 77
70 52 36
93 79 77
85 32 11
70 74 65
90 2 60
67 77 82
47 65 7
17 92 6
18 37 5
27 66 1
71 65 72
94 32 2
11 58 79
63 81 73
17 1 88
42 54 48
86 23 61
41 5 85
49 4 76
87 85 22
57 66 46
41 1 1
81 38 16
7 76 56
17 82 18
31 84 16
8 20 63
69 53 33
98 64 38
97 80 63
40 9 35
2 40 62
92 80 25
67 18 44
76 55 8
71 65 55
98 96 69
67 13 38
76 68 9
45 21 30
41 19 90
88 54 66
39 68 21
55 83 88
64 39 86
24 88 66
68 67 78
61 15 29
66 53 29
14 96 5
29 24 35
50 73 32
76 65 32
11 65 14
81 68 27
38 40 46
10 46 85
44 19 71
92 90 8
13 86 34
16 17 66
46 38 67
88 29 65
7 33 68
94 39 50
11 32 14
31 70 56
1 3 28
36 21 3
15 23 77
45 43 91
44 25 44
65 38 61
24 94 53
23 85 74
47 86 13
50 19 51
48 72 46
6 58 83
92 67 34
25 23 34
19 69 3
43 87 10
4 48 46
5 74 6
49 39 68
3 40 92
7 85 53
44 77 88
86 8 18
81 39 5
56 59 77
13 1 84
95 67 77
54 40 92
60 93 78
0 13 89
11 87 10
20 57 86
66 68 95
71 26 62
35 40 10
12 87 95
47 43 57
46 14 81
75 52 93
30 75 33
7 48 15
58 12 17
33 51 64
31 34 14
91 98 46
76 14 76
20 97 5
28 32 15
65 87 19
63 70 62
79 64 66
72 49 43
0 95 78
35 94 5
29 34 79
44 66 17
23 68 77
10 73 33
35 5 33
26 19 29
85 64 77
96 2 63
95 24 54
78 92 74
67 70 33
58 75 3
53 6 66
7 41 100
15 96 13
21 63 76
18 89 45
96 20 16
59 35 29
57 7 20
84 66 17
36 68 6
1 13 1
0 58 92
24 96 82
48 7 57
80 47 44
14 51 14
91 34 81
35 65 60
45 99 52
71 79 44
60 43 94
84 52 41
72 57 73
12 76 84
76 73 74
45 19 66
37 27 42
24 69 56
85 70 61
24 10 34
15 5 21
87 95 99
84 48 42
28 61 25
19 55 27
32 61 27
97 64 88
77 29 29
7 26 33
44 59 88
81 34 97
53 29 43
30 59 2
78 47 6
31 92 97
34 94 75
68 17 66
64 80 46
21 68 53
13 58 28
86 72 36
8 37 53
98 35 15
74 44 30
8 66 83
51 11 79
40 21 74
66 28 41
17 70 44
59 25 92
12 47 36
23 54 7
60 52 100
80 56 78
31 25 88
70 63 43
69 89 61
54 30 27
4 13 58
67 40 27
10 69 34
77 79 17
64 28 85
57 48 95
83 34 59
67 15 23
85 73 59
81 46 67
54 20 40
91 92 58
39 75 92
46 13 2
1 82 59
7 57 47
62 16 21
95 75 90
38 20 26
3 73 5
97 16 78
0 97 6
80 73 79
16 9 31
65 71 23
59 12 50
11 15 41
68 87 35
72 89 96
44 33 18
26 63 19
44 95 36
24 12 60
89 75 36
46 18 100
58 5 23
29 48 15
37 82 76
91 16 91
62 58 94
67 18 19
46 97 51
40 33 63
27 41 47
23 74 48
97 17 4
32 94 31
35 38 92
61 32 62
69 53 16
95 47 11
72 73 58
42 63 37
9 58 93
23 20 22
0 44 64
3 38 64
52 35 66
27 73 81
60 8 78
13 87 70
67 39 53
86 43 65
61 59 72
85 69 17
51 87 58
42 53 80
30 95 98
64 37 82
68 15 28
68 88 18
79 98 93
81 49 63
30 68 75
77 63 59
98 9 64
95 30 44
46 27 53
7 15 46
36 11 59
5 7 71
46 64 74
67 40 82
92 69 75
57 54 71
69 61 51
95 50 94
33 27 16
95 92 80
1 23 81
11 42 46
66 98 69
51 50 47
96 1 18
67 26 83
30 28 51
55 54 34
96 48 63
27 25 34
10 65 78
63 29 40
18 15 53
50 55 8
93 20 67
33 0 87
96 1 30
8 21 100
77 75 50
66 36 16
55 68 69
65 5 67
63 56 7
93 99 57
38 67 95
35 93 89
66 0 100
86 11 39
11 7 25
75 64 28
49 70 73
36 54 27
97 26 31
13 50 98
79 30 12
45 57 72
73 59 19
34 60 31
28 10 100
80 31 68
86 31 76
64 28 43
13 22 46
98 42 51
71 20 46
42 64 50
78 28 23
89 57 65
15 27 22
33 6 15
1 44 36
78 56 59
80 38 90
8 44 48
88 0 81
17 0 74
78 81 18
11 97 44
78 94 29
23 12 96
43 92 92
51 7 89
6 71 24
3 21 4
99 83 3
98 73 38
81 79 53
95 63 69
65 37 35
48 98 38
46 91 50
35 60 51
82 98 41
68 89 16
34 73 43
95 93 9
79 64 32
56 80 62
18 33 59
55 65 35
26 49 28
17 7 15
29 74 32
67 29 49
46 51 48
60 57 45
77 43 30
81 63 37
16 65 4
33 49 1
86 24 78
67 40 55
78 66 90
50 43 92
3 19 8
10 33 38
19 57 28
35 91 78
13 83 46
46 70 30
89 76 62
14 32 13
31 89 29
43 13 45
94 14 42
82 59 95
79 56 2
2 13 43
18 56 61
65 79 25
84 83 31
97 83 84
18 70 34
22 28 42
96 39 85
44 27 21
82 56 55
61 35 96
73 79 17
37 13 26
69 75 60
15 64 30
12 53 50
71 58 72
71 31 84
16 69 9
82 9 40
29 56 42
88 69 8
23 17 52
29 89 85
24 59 37
57 7 35
58 38 36
72 87 79
37 67 4
74 42 92
55 96 66
25 66 47
23 64 64
67 30 68
81 49 93
54 65 93
41 63 50
11 31 94
74 25 84
28 61 74
8 19 93
19 82 69
52 55 94
58 42 98
48 77 35
16 93 94
71 3 70
57 62 75
85 20 4
77 16 32
22 20 19
35 64 40
55 40 26
13 73 80
54 49 19
69 15 21
76 66 84
34 84 83
89 87 92
