31 46 27
57 17 54
77 61 50
36 98 64
87 65 76
91 12 66
27 18 99
4 57 16
67 71 35
75 21 31
10 42 28
77 65 14
88 72 88
45 47 9
47 54 27
10 42 70
35 63 35
76 56 67
6 75 3
20 90 69
27 34 72
60 81 71
74 2 12
53 40 10
47 97 36
58 10 31
6 80 10
19 42 16
49 22 78
85 21 7
78 20 24
78 47 87
77 2 70
94 34 83
19 62 96
23 34 35
43 19 60
37 87 46
13 81 68
93 19 90
29 99 81
34 2 35
39 46 27
52 74 10
82 81 66
75 72 89
3 72 11
6 90 43
29 62 70
64 36 9
35 88 27
39 38 88
65 97 15
14 41 23
69 13 78
48 36 69
57 81 45
38 25 93
10 65 23
46 24 34
3 1 11
33 12 12
66 15 27
1 72 94
82 0 26
40 89 54
48 54 61
60 87 62
46 35 1
30 75 93
67 0 73
6 11 45
38 34 95
10 35 38
66 44 73
43 16 16
56 38 60
56 10 94
37 92 61
84 35 32
48 89 79
60 56 91
47 22 74
97 83 13
27 81 100
77 81 100
69 98 5
85 28 99
3 59 31
65 15 93
43 74 1
24 93 55
93 28 30
25 44 97
25 32 15
65 44 3
22 99 84
93 92 33
32 40 39
3 6 43
47 61 94
30 92 95
16 2 42
98 53 76
68 58 97
3 29 58
8 94 71
87 56 4
45 97 22
55 4 69
45 16 90
45 48 21
84 42 72
28 95 27
88 52 70
87 72 66
14 85 41
58 55 29
62 22 14
23 39 47
29 75 64
47 19 75
81 18 8
53 14 37
10 86 78
2 78 29
85 74 96
21 82 10
5 90 35
72 78 66
60 53 1
64 76 51
67 38 68
70 74 71
5 85 26
85 40 88
80 9 28
5 6 62
57 15 87
20 72 2
86 45 24
9 74 6
80 63 25
84 66 8
1 86 24
25 73 44
94 3 96
57 69 77
17 61 3
96 68 80
84 19 48
10 97 66
94 17 31
28 90 24
31 42 40
89 30 6
47 27 44
36 70 90
17 9 32
22 39 78
67 26 51
56 16 1
72 85 42
90 56 55
65 69 35
34 57 35
8 24 49
79 1 89
22 16 30
64 45 19
48 17 41
17 86 23
89 22 73
61 55 81
64 77 14
21 37 32
35 85 35
89 3 79
6 30 36
39 71 80
65 50 65
72 55 11
24 54 12
46 28 27
40 56 33
56 55 19
34 29 53
55 48 4
3 64 79
98 60 50
41 96 26
30 83 100
40 51 84
87 88 76
48 55 24
18 90 85
93 18 26
5 41 49
58 91 8
45 84 98
22 19 77
25 95 20
94 33 75
48 73 37
6 17 86
64 69 14
31 17 46
72 13 15
98 27 13
25 76 54
24 50 22
52 28 89
17 23 25
14 82 31
72 40 72
24 98 39
33 70 36
19 94 73
38 32 43
41 30 58
75 52 80
17 8 18
21 77 15
99 93 91
52 12 94
12 89 25
71 64 21
96 50 27
0 26 86
40 30 26
76 42 50
82 44 87
76 54 28
82 74 89
2 98 80
23 89 69
31 37 66
86 46 92
32 45 40
66 77 53
86 67 27
73 4 4
16 70 6
94 30 6
22 72 64
93 60 27
18 55 19
55 35 77
38 53 22
90 40 9
86 10 78
49 27 55
90 35 95
40 66 18
54 43 9
76 18 4
74 66 22
43 8 87
78 23 50
7 96 19
97 39 38
90 4 25
5 85 23
90 30 73
4 76 75
72 86 22
18 24 24
87 58 31
11 54 42
74 3 9
31 20 1
57 74 99
26 23 15
82 0 5
57 59 63
95 52 93
3 69 13
89 33 45
33 25 78
95 29 10
64 77 85
31 16 34
31 80 85
47 84 69
33 69 55
44 82 90
90 26 32
2 6 38
92 90 59
16 36 35
37 76 20
73 65 55
49 76 52
96 70 60
9 92 88
89 10 100
5 58 31
23 18 52
51 52 38
28 36 71
7 45 22
80 60 11
12 74 68
32 55 77
68 21 39
66 60 14
88 12 51
19 6 72
72 27 69
51 24 75
1 97 43
93 70 57
61 44 87
59 75 75
89 2 86
65 95 47
78 83 21
24 39 29
87 70 62
80 28 38
0 65 100
11 22 63
71 48 53
20 27 14
23 82 41
93 50 69
16 51 4
52 3 71
41 16 42
96 66 5
12 62 24
81 96 21
53 28 2
49 73 64
19 69 53
37 41 67
97 57 12
22 32 46
22 75 21
28 44 27
9 67 99
98 57 91
74 37 45
26 86 57
54 26 17
68 83 36
2 29 63
28 8 45
44 45 36
47 12 8
37 38 10
18 52 71
10 64 38
92 93 80
25 57 29
30 92 32
67 90 23
84 74 23
87 62 51
82 58 15
57 29 28
31 51 86
3 67 9
53 5 67
51 1 51
43 45 52
81 7 41
74 89 22
43 59 2
56 15 82
71 56 95
42 44 52
48 52 5
49 20 11
73 8 44
82 31 67
16 53 36
93 46 16
44 5 8
73 68 17
78 30 93
14 21 90
28 56 58
73 30 69
66 98 6
40 62 33
50 72 96
51 18 90
10 42 76
47 60 63
34 47 36
90 94 96
12 75 77
17 5 75
82 66 79
43 94 89
30 75 28
70 16 31
11 92 20
22 66 48
12 7 27
86 95 37
36 48 26
44 3 3
44 26 65
34 24 4
78 46 84
53 39 27
21 34 86
0 22 96
68 27 49
59 96 80
69 52 96
73 22 1
60 47 8
38 39 67
40 51 76
32 23 5
98 48 73
23 36 80
58 14 14
0 88 22
69 92 46
74 67 2
12 99 18
88 77 57
76 62 14
79 48 61
21 43 17
99 2 49
88 47 36
22 43 90
12 80 28
32 52 44
36 48 84
72 22 94
43 62 96
7 45 48
9 8 51
23 80 65
59 98 2
26 54 28
88 91 33
41 4 43
57 54 38
35 95 93
85 94 93
7 59 86
90 67 63
10 36 3
79 82 32
69 11 95
47 33 13
21 48 57
55 72 94
16 54 3
12 55 60
23 52 65
97 99 30
34 19 98
7 78 10
78 18 38
75 25 9
61 41 5
56 57 52
65 79 56
9 12 3
57 21 93
76 92 90
66 82 30
53 92 50
95 57 25
84 26 25
65 87 59
77 27 48
39 91 9
72 89 77
18 21 42
46 93 53
55 14 86
86 68 96
73 89 56
60 91 53
7 97 53
92 80 37
96 11 4
28 67 12
85 51 72
1 36 15
74 78 50
29 44 28
94 49 36
80 60 34
31 40 66
32 64 27
40 76 72
14 73 88
81 76 73
40 71 58
74 77 96
8 3 63
5 85 98
51 22 25
97 77 14
83 84 70
75 5 77
91 25 91
89 81 35
64 85 94
32 15 28
67 57 7
60 12 2
78 23 10
97 73 72
0 8 85
96 18 41
5 62 2
2 25 39
9 37 19
68 78 80
65 99 33
6 27 5
84 55 22
81 27 47
26 20 39
5 76 58
56 3 33
54 20 62
24 94 35
0 71 70
89 59 9
69 37 84
55 68 27
76 30 23
61 64 84
22 62 81
47 82 17
35 27 39
34 14 32
91 67 55
46 65 77
78 0 51
61 12 16
67 53 84
56 76 17
67 45 5
53 68 27
68 13 15
52 48 48
74 98 71
69 47 16
2 99 73
50 2 100
58 46 82
14 49 94
63 7 8
71 58 11
83 59 72
83 50 41
24 9 42
98 5 80
87 83 77
38 12 86
17 31 93
10 61 14
47 70 55
92 1 47
62 49 48
2 14 75
34 96 34
26 40 26
32 34 70
9 45 44
54 99 16
28 14 20
93 5 16
15 13 15
96 89 98
97 33 60
90 27 8
62 58 75
43 89 77
40 81 31
54 16 39
95 71 59
63 71 64
69 53 93
60 93 72
60 6 61
87 0 41
54 66 34
54 96 2
83 87 14
96 37 97
93 79 83
70 79 77
34 18 51
37 16 33
21 75 29
55 63 85
94 86 88
78 41 19
73 68 68
44 49 63
22 11 58
5 4 62
25 24 33
83 80 44
24 11 15
35 12 98
13 99 58
94 14 80
83 53 17
70 12 12
8 70 31
3 40 96
41 75 99
52 82 39
90 63 45
63 20 69
12 79 40
50 12 48
11 26 95
9 42 90
36 29 96
44 67 16
3 2 69
88 56 4
3 39 13
33 36 48
8 85 98
63 68 28
84 69 51
50 82 48
98 83 90
64 88 42
72 20 39
47 70 13
49 45 72
33 83 70
47 11 17
42 13 66
58 12 3
44 15 8
43 54 70
5 40 47
68 44 67
70 88 21
47 59 80
63 17 68
58 75 24
69 52 99
47 29 48
19 20 43
46 38 61
42 7 13
5 23 90
39 4 3
54 55 75
52 96 15
34 11 59
86 27 100
66 24 40
78 73 71
98 55 20
98 54 55
9 19 16
78 89 11
31 59 74
73 27 63
17 32 22
84 99 66
52 63 45
93 29 25
78 65 22
90 60 97
39 77 84
3 99 40
67 11 11
59 1 4
84 96 90
85 94 90
54 71 77
91 23 12
99 4 63
34 96 56
44 2 42
10 65 66
34 11 13
11 54 49
26 51 93
70 52 31
81 59 13
86 13 65
43 21 48
34 61 24
13 35 77
98 73 50
78 17 51
87 71 1
79 56 61
38 7 80
23 14 86
89 43 9
86 87 99
52 81 78
38 12 40
36 18 28
18 11 85
51 13 58
36 76 86
75 3 100
37 29 46
74 67 77
96 86 32
18 67 32
87 34 36
7 27 60
30 94 43
92 49 91
77 86 9
39 43 87
2 56 92
3 51 13
90 75 84
24 49 23
63 74 76
24 94 43
35 29 99
65 46 64
79 19 9
59 46 68
77 88 72
75 55 10
4 66 32
95 88 90
10 8 97
73 89 4
33 10 14
92 97 23
89 33 81
26 85 63
51 34 42
22 52 6
59 95 29
91 22 9
62 11 41
46 34 17
63 20 47
7 8 30
68 37 1
21 29 88
48 57 47
44 65 48
30 50 67
97 0 9
90 13 4
44 29 35
51 12 16
47 3 90
31 81 86
80 63 93
70 57 11
10 76 36
10 64 15
13 80 12
11 59 97
2 10 98
47 63 95
41 9 68
22 16 38
82 60 2
37 33 40
6 89 60
52 93 44
81 78 45
97 78 71
96 32 75
33 9 13
8 5 63
25 60 44
71 26 45
55 59 18
88 60 16
71 34 2
9 97 64
37 21 48
96 72 74
3 4 11
64 75 68
66 30 34
5 55 83
67 1 100
69 51 46
88 54 66
35 59 33
52 69 42
60 49 90
86 40 87
37 14 31
75 43 28
25 97 90
40 51 72
75 3 31
96 38 90
56 55 79
96 3 69
91 72 56
63 42 60
5 17 68
22 96 100
67 4 55
96 63 62
36 96 61
41 11 84
90 41 82
64 27 92
71 90 96
89 85 18
26 31 56
34 67 7
75 41 64
81 78 81
85 72 20
68 25 54
68 29 40
78 67 52
3 44 49
20 76 18
90 63 23
78 55 75
49 85 75
96 95 24
56 13 71
27 43 39
56 17 37
29 7 34
23 78 99
0 13 23
93 88 83
17 85 50
89 23 38
93 21 57
48 57 3
64 57 36
36 41 77
19 76 61
24 38 35
24 98 38
51 39 45
22 37 8
88 39 69
25 95 5
88 96 19
64 17 1
40 3 72
83 46 63
84 18 29
92 31 90
30 33 91
44 35 80
52 81 74
72 25 44
14 91 4
70 44 52
56 6 6
33 78 24
49 30 80
30 32 81
5 49 56
16 93 65
67 66 30
56 35 22
60 74 9
57 79 14
38 13 14
10 93 96
91 41 98
92 94 57
68 86 71
56 75 49
81 72 54
92 62 75
47 97 5
21 64 81
43 9 22
1 25 12
8 22 74
48 27 12
73 22 37
54 10 87
57 63 3
59 37 15
8 87 81
70 17 42
22 90 51
92 4 56
90 62 71
44 38 56
91 7 2
40 16 84
15 54 69
63 26 75
21 49 72
91 38 94
6 4 93
26 80 8
48 60 47
11 39 9
66 87 38
57 43 73
39 75 80
57 44 46
49 42 89
83 73 7
32 75 32
30 86 91
71 3 69
12 92 24
36 89 85
89 79 51
32 96 14
36 78 32
90 40 76
2 37 9
95 88 42
98 24 98
72 59 68
67 32 60
59 94 75
95 52 94
95 11 56
19 96 25
72 39 35
43 72 65
21 53 35
34 37 63
98 62 54
47 44 5
1 56 4
36 77 88
46 82 74
20 93 64
0 42 42
97 44 76
33 43 41
16 36 16
92 48 2
69 86 25
62 5 27
75 6 81
69 16 99
52 15 54
21 18 96
70 69 75
36 35 79
94 49 20
99 84 68
72 20 39
63 76 90
63 43 83
82 44 59
81 88 9
15 53 93
69 79 97
32 13 44
1 38 4
62 9 2
48 73 43
39 80 57
5 78 26
13 31 56
90 19 94
56 85 98
37 13 34
45 89 83
7 76 56
65 16 86
10 72 60
50 49 60
9 76 95
95 71 32
15 2 44
25 57 27
44 31 21
69 60 54
24 79 28
12 13 17
30 75 76
59 70 40
10 64 25
49 75 18
54 1 98
86 71 1
22 94 61
71 39 85
27 39 41
16 38 54
76 55 42
80 6 2
8 75 49
93 24 86
29 32 66
35 6 29
67 43 98
84 21 21
82 73 35
43 75 84
34 61 69
85 13 72
53 68 62
38 16 76
15 85 47
0 80 63
22 64 66
36 68 69
84 54 82
96 13 13
56 85 79
48 25 48
90 94 35
67 86 57
70 13 84
52 12 59
24 96 21
32 57 30
5 35 13
34 3 99
83 39 69
15 63 49
2 0 25
59 99 94
83 34 19
68 17 53
26 60 54
80 57 16
77 3 64
55 58 80
89 83 99
60 97 36
63 36 22
23 3 4
44 27 64
43 11 6
7 60 1
66 91 54
87 88 95
6 73 6
61 78 95
29 86 45
58 78 9
82 25 96
5 70 20
82 36 82
63 55 35
94 4 92
15 91 82
58 33 91
97 53 81
95 35 60
19 62 22
39 52 42
17 39 4
25 82 73
11 78 60
67 65 37
77 32 84
92 12 67
66 28 77
71 61 85
71 10 70
42 46 83
61 29 62
49 15 63
24 10 51
64 48 22
3 87 73
6 71 60
64 58 32
99 60 87
51 64 91
68 21 69
63 32 18
65 72 48
82 79 32
24 8 85
14 1 31
65 79 94
24 10 92
72 61 83
67 11 79
72 35 51
10 36 11
36 59 84
86 42 97
7 34 2
38 13 84
54 28 49
76 99 42
59 14 30
3 59 8
21 43 33
7 32 87
91 49 71
44 76 5
79 52 99
97 5 39
32 70 39
58 15 91
19 74 7
0 37 64
25 37 45
61 95 26
86 91 60
50 47 16
39 5 25
0 52 17
8 38 70
25 31 80
94 44 95
43 68 87
52 55 17
22 61 5
94 66 57
10 14 60
90 56 51
38 34 51
17 55 81
69 11 46
47 81 86
52 10 30
65 35 59
36 57 97
39 88 30
65 90 20
46 63 65
75 58 32
45 87 23
2 14 57
39 45 13
78 24 73
11 3 50
12 11 47
10 17 40
10 28 28
48 30 90
1 16 66
58 75 82
94 81 14
40 62 70
9 47 84
16 70 89
65 31 77
51 77 62
60 16 22
14 75 30
78 71 28
31 81 60
95 1 30
76 64 94
51 24 35
60 20 73
93 89 1
84 85 7
56 1 33
30 17 8
94 11 29
26 56 45
23 65 71
63 58 19
56 54 8
21 88 28
12 55 42
50 43 92
91 96 79
67 10 4
12 8 73
64 3 17
63 19 2
69 42 48
15 94 56
68 6 65
37 43 62
64 30 7
39 96 70
20 8 12
73 89 61
26 90 16
87 53 87
70 83 30
97 27 95
17 6 41
69 75 30
36 39 92
77 14 70
47 99 20
18 98 82
82 30 68
66 37 1
77 19 35
21 13 80
19 97 77
92 14 57
80 13 85
98 30 82
22 88 31
13 28 16
6 99 67
43 8 20
92 61 61
34 46 68
55 21 21
42 90 35
80 26 86
20 14 30
65 24 1
31 37 19
50 84 90
90 79 66
78 62 42
41 40 40
23 9 23
95 72 17
15 75 5
83 16 2
39 93 18
97 2 32
21 20 12
11 65 23
57 78 28
47 88 9
28 65 76
4 20 33
83 77 16
50 81 22
11 6 62
49 77 9
82 74 26
64 93 52
43 13 79
87 98 74
18 78 71
55 87 17
65 0 79
74 94 11
83 74 87
47 12 46
34 10 84
40 43 30
82 77 54
4 13 41
70 2 12
94 39 51
14 25 89
43 30 11
65 89 53
72 9 89
36 62 16
55 82 42
13 32 90
76 41 96
62 65 69
68 91 90
97 77 2
83 75 74
37 69 44
80 39 21
44 21 14
7 9 76
22 73 34
51 26 49
14 65 28
65 12 98
18 34 31
66 80 38
12 19 46
80 68 31
62 54 71
99 51 70
30 5 65
83 17 45
61 54 89
55 65 79
54 72 61
37 90 100
74 89 45
88 56 79
24 97 58
26 0 33
58 67 33
9 39 2
89 57 79
29 40 1
95 62 43
97 69 16
79 52 68
13 34 52
16 99 73
70 93 85
34 42 19
94 51 54
76 33 28
64 57 39
33 73 79
38 3 69
45 95 16
22 88 76
32 30 36
32 43 42
86 4 45
68 23 6
93 79 23
73 57 17
10 44 64
22 65 80
58 10 70
30 61 86
29 45 1
20 63 38
41 77 76
49 98 95
18 20 25
24 46 24
68 49 50
32 95 32
62 31 100
98 83 52
50 9 86
20 39 43
66 84 100
51 37 22
79 80 86
4 27 100
83 24 57
24 38 26
91 67 6
43 62 48
28 14 65
25 9 50
85 18 63
64 4 47
35 11 37
38 69 57
26 5 7
12 73 8
97 15 42
11 71 32
2 63 69
28 25 15
56 86 86
22 54 43
80 67 35
34 77 94
30 96 31
54 91 28
2 96 88
51 37 99
31 47 17
81 12 53
84 15 88
40 21 25
5 68 24
34 61 96
85 75 22
45 26 90
61 33 65
78 82 61
41 69 99
78 20 55
30 19 59
21 1 19
91 90 86
6 2 35
85 30 3
50 16 60
74 63 81
66 7 78
35 11 76
84 12 7
14 36 16
88 26 65
43 26 97
71 53 75
20 45 26
84 6 30
1 66 93
21 82 16
61 34 28
58 14 77
54 26 21
52 87 29
88 84 24
39 68 94
19 34 25
6 23 79
4 18 24
7 87 21
20 32 55
44 68 100
77 23 74
63 55 52
1 68 9
25 56 67
83 12 79
26 78 68
80 14 45
24 93 57
65 68 43
53 29 44
55 84 43
88 40 59
32 70 71
23 61 74
39 87 23
32 41 99
69 77 71
45 39 53
4 89 19
1 14 100
48 32 96
7 76 64
24 27 84
39 0 89
22 93 79
23 11 25
48 17 43
3 11 42
59 76 13
23 81 6
70 38 34
68 33 57
1 50 76
62 24 21
93 51 97
77 95 43
8 24 26
76 4 87
98 52 75
2 32 10
99 73 25
90 47 86
68 73 62
50 38 88
44 75 74
5 59 53
16 75 69
8 27 54
88 26 87
35 78 94
28 39 36
40 65 99
78 65 25
12 46 50
25 57 78
10 75 61
6 46 99
56 51 13
3 90 27
2 41 74
26 20 53
13 51 60
45 20 67
90 22 21
50 55 17
9 53 45
3 75 83
28 9 4
65 72 68
34 41 83
69 84 76
13 77 41
48 17 93
30 12 31
53 90 27
0 23 16
94 88 47
19 99 95
13 25 12
32 99 27
62 51 92
2 35 75
39 31 62
67 86 5
22 35 19
4 97 19
86 30 23
60 95 19
88 83 59
61 84 45
2 61 50
69 48 13
35 45 6
26 44 25
39 60 23
43 4 61
24 96 69
48 97 96
78 18 96
23 47 58
79 32 85
43 1 68
18 22 45
29 19 83
46 82 7
76 59 9
80 22 80
68 43 48
49 8 13
30 49 49
42 55 43
96 50 73
7 18 99
12 37 35
65 18 72
57 93 23
5 36 37
84 13 7
81 52 84
5 97 68
97 71 35
44 32 77
67 21 44
89 88 30
2 11 58
86 46 47
31 15 93
34 39 69
63 3 81
79 44 66
35 39 78
74 42 17
26 57 80
25 20 70
79 66 68
6 92 63
68 37 32
90 36 74
66 33 17
99 34 36
55 4 14
33 61 44
15 42 90
23 92 52
37 57 88
24 18 1
35 24 38
22 42 67
35 83 64
26 41 53
34 39 55
72 81 28
95 22 61
94 5 19
11 99 91
5 20 27
67 32 81
51 6 81
30 12 84
90 75 96
1 78 83
42 7 71
52 5 14
1 20 17
33 13 22
26 83 71
64 68 18
5 81 94
9 58 72
24 45 39
92 47 73
88 96 49
91 83 54
43 95 90
87 82 15
55 2 67
61 82 61
21 12 87
91 5 75
26 65 46
17 47 59
79 66 3
95 99 6
13 44 95
31 70 66
27 78 34
6 31 56
79 21 16
64 39 82
73 60 86
83 43 11
86 2 92
42 24 66
49 83 27
49 46 97
0 57 24
66 21 63
6 78 47
72 45 2
9 83 55
88 86 92
78 54 35
82 87 46
85 0 21
20 38 14
47 96 96
73 19 56
6 33 96
34 12 13
24 83 93
17 55 38
23 59 68
8 24 17
86 18 88
17 14 82
8 83 37
55 34 24
93 71 15
95 54 15
35 87 99
2 34 21
14 48 20
76 64 93
18 8 78
78 25 5
54 12 49
15 98 59
51 36 76
96 65 5
66 22 73
63 85 19
1 11 29
32 45 63
23 82 8
12 32 5
62 76 77
50 43 15
13 77 86
75 44 13
3 93 25
39 86 26
35 83 6
82 44 55
55 52 100
70 37 83
34 49 16
27 84 16
33 47 33
15 23 63
96 65 14
69 31 86
27 36 3
33 29 66
71 17 4
4 40 85
76 58 49
80 1 40
27 63 41
38 8 82
58 7 20
73 39 17
21 11 43
11 69 34
57 97 30
6 23 77
22 80 97
54 57 3
58 85 84
26 86 40
88 34 32
43 41 83
35 71 100
26 34 86
76 81 35
13 5 5
73 61 23
91 42 9
2 90 100
80 2 94
83 74 47
88 78 27
83 23 46
44 77 82
31 84 75
39 1 5
60 30 11
82 35 31
7 23 62
60 94 16
54 21 14
87 98 75
31 79 68
27 62 91
4 9 2
99 32 54
74 6 71
74 53 5
13 70 76
3 71 98
1 22 19
87 33 99
46 1 52
27 52 95
3 66 30
80 51 72
68 66 8
58 17 50
56 59 82
77 97 89
79 69 39
3 94 59
56 21 6
85 27 55
37 88 67
7 5 21
28 23 29
1 88 38
77 83 37
46 83 97
48 35 38
78 9 40
0 12 50
13 20 18
48 24 90
30 81 79
83 34 22
71 45 61
86 87 92
67 53 1
0 73 69
83 82 48
38 20 94
73 48 46
91 55 90
69 38 76
28 87 62
86 54 76
80 39 88
31 67 63
66 6 92
81 26 59
87 36 57
14 96 58
26 40 91
41 25 76
92 81 83
11 36 80
23 87 35
1 14 37
13 93 82
54 95 13
41 92 76
44 30 6
45 65 97
98 53 92
69 60 69
94 98 47
88 92 52
36 90 13
4 75 40
44 54 58
45 0 20
13 60 51
50 0 86
7 75 100
73 84 16
53 75 15
3 97 31
40 88 34
59 74 33
87 19 97
56 53 84
65 61 49
20 86 45
33 87 84
18 75 88
56 53 39
2 34 28
41 1 81
9 68 85
53 7 69
59 88 84
59 7 61
11 86 17
99 9 19
91 81 15
3 97 55
46 11 61
24 80 95
7 56 31
35 17 97
40 96 26
90 35 29
53 80 21
50 44 92
95 49 79
46 42 84
40 91 31
52 98 11
86 91 87
68 35 13
94 48 66
68 58 41
4 66 4
17 93 54
64 88 45
24 56 22
99 42 49
32 22 66
91 16 36
96 40 92
48 94 45
11 60 68
26 19 31
75 48 56
6 58 1
46 70 27
3 59 42
4 57 48
8 2 33
60 89 39
27 74 14
28 67 96
13 19 22
83 74 2
93 75 19
2 64 12
91 46 78
22 15 47
79 72 71
15 59 33
37 33 1
13 43 29
22 4 2
16 86 4
99 50 81
36 2 9
31 61 3
66 22 17
42 72 11
25 27 29
87 95 27
72 11 93
65 13 26
16 96 12
87 13 77
73 57 31
18 89 64
42 96 98
1 32 63
93 61 73
58 89 6
77 9 13
16 79 31
99 21 10
98 15 72
63 3 94
51 14 2
92 22 49
83 19 79
83 46 71
6 14 63
54 43 12
13 24 96
37 40 90
21 18 39
5 9 19
28 88 95
90 96 87
81 47 2
15 70 65
67 34 20
7 28 40
17 24 65
33 20 56
67 93 82
32 57 94
35 2 98
41 67 97
11 47 82
89 32 40
44 43 74
26 82 71
97 53 11
8 48 91
95 69 42
38 30 6
14 58 68
22 71 92
73 88 66
22 76 5
98 50 42
76 99 66
13 21 47
6 14 37
25 64 80
35 47 85
39 19 15
48 22 12
99 80 89
48 95 52
27 73 27
16 56 1
2 36 30
34 97 100
38 83 78
18 94 69
34 19 58
77 1 21
64 37 9
11 53 31
69 32 95
80 89 42
13 61 3
2 34 95
8 84 78
21 97 74
18 34 14
83 71 9
55 70 90
84 58 89
71 18 55
50 25 26
1 61 82
14 38 41
24 77 47
58 75 63
84 40 2
75 44 81
21 79 72
45 13 93
17 7 20
46 95 44
68 83 16
12 63 49
87 9 28
6 20 20
1 23 17
84 21 72
7 18 89
34 1 43
76 32 2
56 40 65
87 23 15
60 56 19
32 57 90
66 19 99
60 25 8
27 30 82
23 96 47
37 84 98
51 52 7
93 62 99
23 47 68
5 45 63
3 91 100
16 39 48
8 30 68
46 43 99
82 34 36
48 65 22
75 37 56
20 99 84
69 55 4
7 30 68
93 24 72
8 45 99
75 1 100
42 79 92
28 11 32
17 29 86
78 95 2
22 13 71
94 85 3
40 1 96
25 98 84
51 18 81
17 85 39
0 64 33
9 11 87
94 93 98
9 57 81
0 9 12
16 5 19
54 39 96
76 62 12
84 26 5
80 82 64
42 41 60
51 21 7
10 67 31
24 31 77
41 7 22
22 83 53
74 82 81
67 95 29
73 91 91
63 8 43
39 27 75
36 39 11
85 24 81
55 0 16
54 32 34
52 70 19
22 10 83
47 43 33
29 42 44
2 89 75
13 18 19
5 48 23
17 95 33
22 42 4
76 74 65
3 17 26
96 47 76
41 53 50
83 35 80
40 62 37
55 97 6
67 86 19
64 35 75
67 27 64
6 18 24
23 74 54
31 78 30
35 2 49
72 81 1
60 76 20
64 37 22
83 19 80
49 21 50
74 81 29
65 88 5
73 43 58
77 46 47
29 90 31
29 33 32
3 67 15
18 77 15
38 70 44
69 81 19
48 2 95
22 69 64
96 82 55
28 36 37
58 47 81
8 43 94
76 83 60
80 57 81
70 67 41
40 93 54
78 14 18
86 63 3
45 52 60
74 80 47
21 94 92
8 87 63
59 14 44
96 36 20
89 68 80
15 6 81
46 20 70
59 93 15
53 5 41
54 78 3
92 53 69
32 16 55
15 17 87
25 13 3
82 13 44
97 3 2
55 5 97
51 58 96
55 45 20
55 22 1
84 90 23
47 89 63
25 18 72
52 91 55
6 49 31
44 51 77
39 5 58
17 21 65
86 94 94
4 91 32
75 18 3
60 49 64
68 76 28
54 55 88
27 24 82
44 90 98
0 75 8
80 34 51
60 41 14
19 28 15
59 43 5
0 31 87
62 31 38
26 64 73
80 34 71
4 32 1
20 41 15
4 6 11
4 5 98
68 77 58
3 64 78
41 64 54
47 7 38
23 52 32
86 62 63
46 35 26
17 1 99
2 17 20
93 34 22
45 88 56
96 35 72
46 31 66
35 11 72
36 2 81
49 40 72
42 96 70
23 3 30
51 70 83
22 98 1
93 10 77
89 20 43
2 52 16
54 73 53
93 46 44
36 61 16
17 21 51
94 18 30
88 4 70
47 51 42
47 23 35
43 36 30
97 66 5
54 19 7
47 82 68
37 50 32
31 16 75
59 12 45
46 39 98
22 28 83
47 97 18
5 98 61
86 15 61
96 76 1
63 27 33
54 61 100
73 33 79
42 86 30
95 99 64
91 41 84
0 65 1
90 93 83
52 37 3
62 19 26
70 26 44
17 56 54
87 60 31
16 5 35
98 72 91
91 44 62
34 91 6
62 60 62
69 80 70
5 0 45
97 92 8
78 38 57
35 4 50
69 63 77
1 4 11
34 39 4
17 82 81
10 19 92
49 69 84
21 80 99
47 0 58
77 58 83
52 24 6
54 19 58
7 3 6
69 18 18
25 83 4
78 20 17
1 2 10
62 71 30
6 11 81
39 73 66
7 74 60
72 85 32
2 73 87
39 25 44
74 4 21
12 44 34
33 36 41
22 46 74
3 10 96
91 11 88
44 56 88
36 84 63
80 75 65
84 1 93
19 78 42
67 39 18
22 58 49
84 76 24
2 33 42
97 18 36
4 82 63
41 92 99
98 8 55
46 10 92
91 92 73
80 88 75
56 82 62
82 81 7
17 94 77
79 12 58
11 76 28
70 15 1
32 56 91
48 42 17
96 1 97
25 39 57
27 13 23
4 88 9
15 64 19
37 68 31
48 4 100
0 27 86
95 85 100
92 75 77
38 34 79
90 33 40
73 94 67
5 93 3
11 93 55
0 29 71
37 11 75
91 74 41
41 42 94
49 19 17
50 53 21
67 73 8
77 63 90
33 80 1
29 21 63
21 31 92
4 8 30
16 33 15
51 36 66
6 95 45
34 64 99
19 53 20
99 11 61
33 97 96
51 20 23
32 9 73
30 53 97
90 3 9
61 96 31
52 15 80
76 12 60
58 53 79
25 38 62
18 70 18
21 34 42
8 64 88
77 85 67
10 8 92
83 36 68
6 97 33
94 14 29
76 19 33
35 30 16
80 32 18
68 70 7
23 71 37
51 63 98
45 40 87
62 84 30
35 97 65
5 11 64
96 95 30
65 62 34
51 36 74
90 95 58
41 23 15
28 41 52
56 2 88
75 89 97
70 57 15
10 9 22
63 50 93
49 9 62
73 18 22
24 42 10
49 69 27
61 3 51
85 40 81
10 20 57
42 23 91
87 51 84
22 86 39
27 26 20
56 15 90
79 75 88
65 47 31
48 96 81
94 19 7
78 57 60
48 30 88
59 71 96
5 85 3
55 58 63
78 91 5
71 6 49
63 57 17
90 99 68
96 7 76
24 58 62
51 8 31
70 42 28
8 93 6
29 2 86
45 46 45
94 64 95
75 4 60
61 74 97
51 69 62
6 10 25
23 61 10
66 7 56
41 72 68
5 74 80
18 3 53
64 37 89
29 67 6
72 33 78
67 91 99
54 92 44
63 37 17
98 3 21
11 50 55
46 36 72
81 49 87
43 40 1
23 81 94
83 52 16
95 71 84
61 41 100
69 95 22
77 69 2
50 38 86
2 62 66
85 15 18
21 77 94
83 14 33
21 56 10
55 69 31
11 79 65
15 55 9
36 78 78
51 32 50
40 90 53
57 37 32
61 62 19
12 14 91
5 83 6
29 20 60
56 94 76
41 19 66
38 56 15
56 41 21
24 13 88
34 4 92
49 71 42
13 20 63
25 60 83
20 43 5
27 55 46
95 73 96
9 62 2
94 28 74
97 14 23
41 61 73
97 48 88
52 91 62
88 32 56
39 29 12
72 77 72
88 23 2
22 80 45
10 34 10
83 27 25
16 28 38
57 29 12
28 13 15
28 79 18
70 64 99
30 49 26
6 46 79
95 56 23
8 63 15
7 94 11
67 80 67
11 50 93
57 55 40
63 29 31
54 67 56
27 48 26
52 56 77
59 85 65
7 53 96
90 45 53
97 46 98
11 88 77
71 60 100
41 8 28
17 38 39
42 29 46
7 41 19
67 45 16
64 72 21
14 26 45
4 59 54
7 21 86
26 29 21
0 4 1
13 23 24
21 32 76
81 57 94
7 2 77
32 20 56
71 41 72
39 59 27
86 39 72
95 0 89
24 98 65
84 29 57
16 13 6
99 53 7
91 40 20
16 29 31
24 56 27
88 74 93
30 15 73
23 77 43
82 43 32
13 25 75
71 38 82
63 12 89
98 68 75
61 8 57
62 46 94
68 51 60
16 97 89
66 64 4
80 16 39
56 76 19
99 36 86
74 20 11
1 10 65
24 85 51
39 12 60
7 2 32
32 23 49
40 54 48
77 84 75
69 25 80
39 71 53
4 32 77
74 17 68
65 70 87
58 3 45
61 22 14
60 12 80
61 99 77
70 12 29
89 68 49
16 82 17
9 99 36
13 11 44
54 58 77
39 72 10
54 77 38
31 0 50
30 69 43
2 3 35
87 88 17
61 7 73
38 82 95
3 57 31
76 93 61
30 75 16
62 26 23
81 10 99
8 5 6
22 51 78
49 76 48
60 38 88
82 28 32
40 25 98
34 64 98
18 24 5
33 24 96
40 93 4
78 64 73
89 69 79
62 84 96
54 32 41
17 36 23
6 28 3
75 20 95
22 56 65
49 55 8
49 65 90
62 49 78
36 5 90
38 24 66
91 8 44
0 82 35
56 50 54
37 1 53
25 68 99
88 69 4
27 73 85
39 43 11
98 78 3
19 12 1
78 87 63
73 71 18
31 53 18
41 0 48
8 48 88
66 90 14
20 95 30
78 5 53
71 87 78
37 26 38
75 90 39
20 33 10
31 7 50
50 29 50
25 69 12
2 71 76
59 31 25
17 35 92
17 65 18
91 84 48
69 40 62
22 61 53
37 72 31
35 16 2
29 50 16
31 86 52
17 66 37
82 43 92
27 59 41
95 12 89
46 63 47
92 95 23
86 48 45
15 20 74
7 69 86
34 98 27
98 30 89
72 63 64
96 75 38
76 53 13
10 84 88
78 97 65
52 63 76
82 91 23
78 85 4
60 9 75
82 85 95
85 72 70
42 76 68
1 84 1
72 65 90
82 27 68
55 93 78
45 50 73
22 95 96
30 80 30
21 35 48
21 46 66
50 90 59
27 83 53
67 27 67
66 45 56
30 26 68
23 93 38
92 33 71
84 23 26
24 87 1
96 37 18
83 85 31
13 75 44
14 56 94
79 71 92
52 45 13
4 29 34
69 48 93
45 53 46
42 34 47
39 75 46
88 45 96
67 41 61
71 18 56
77 94 80
33 21 22
48 10 5
21 41 73
24 12 54
25 24 93
94 46 59
28 54 65
52 38 52
67 23 27
73 63 53
60 8 88
28 29 4
80 32 44
38 2 9
8 11 45
14 62 49
67 13 49
98 43 35
11 82 91
7 77 21
74 12 26
11 81 69
48 17 49
94 2 12
80 59 64
12 5 58
48 7 53
59 53 80
5 96 27
98 23 79
23 86 21
75 81 70
20 50 96
21 73 89
18 55 81
95 73 37
97 29 97
65 30 31
99 97 23
83 71 36
24 27 84
58 26 97
94 20 78
51 5 27
15 62 95
18 8 3
11 68 66
41 50 76
64 42 35
24 33 85
92 44 56
22 31 72
55 4 7
42 88 72
57 42 26
3 63 16
95 74 81
19 60 2
21 49 11
19 41 19
47 62 72
23 43 64
2 77 21
22 58 46
2 54 89
4 80 76
50 39 26
65 36 66
92 62 12
66 12 58
68 41 21
78 98 3
40 34 66
37 52 64
86 6 22
1 25 26
71 43 98
6 83 42
28 79 27
12 83 68
10 5 21
0 23 8
7 70 64
35 94 94
92 82 67
92 75 15
48 51 56
87 21 77
23 85 84
24 17 43
4 69 41
33 40 80
25 98 64
94 70 43
52 15 73
60 62 26
87 14 59
28 60 35
6 61 48
12 57 65
51 1 45
41 71 35
13 27 43
51 98 29
39 35 65
3 60 82
66 15 42
26 82 13
66 81 1
64 5 69
43 72 2
64 65 99
73 21 67
11 85 46
12 22 26
87 61 28
63 0 75
79 1 77
81 29 81
7 11 95
35 44 98
14 0 93
50 72 73
83 91 52
4 29 22
68 4 13
45 21 70
70 73 13
73 78 58
3 1 60
23 80 41
90 28 9
48 17 72
79 8 62
55 20 34
32 9 25
15 80 13
88 77 46
52 64 55
74 91 63
70 76 12
61 31 63
62 36 54
32 23 63
6 47 29
47 60 8
97 57 77
5 53 19
12 21 67
35 53 8
75 62 12
53 69 73
27 9 91
73 42 2
50 5 77
1 81 54
96 88 64
60 88 25
18 20 42
96 13 1
28 84 23
91 75 45
14 94 52
20 14 65
68 52 75
89 64 37
74 94 34
57 63 90
8 93 6
53 19 83
67 29 59
63 36 84
75 82 49
95 93 6
11 21 78
13 76 17
4 45 90
0 32 90
46 62 43
27 35 70
24 22 92
70 79 32
83 93 18
3 69 73
15 14 52
60 52 3
92 70 48
30 47 20
22 50 34
39 35 5
22 53 72
37 91 57
69 2 89
39 49 88
14 21 16
57 56 48
48 64 5
56 92 33
84 49 50
65 98 20
95 45 28
57 40 50
55 53 81
35 3 89
55 86 95
81 45 79
90 68 93
60 82 72
84 0 82
69 79 40
38 59 86
84 23 62
13 49 39
73 10 59
62 30 92
22 35 57
42 71 77
32 1 78
17 37 82
51 79 35
94 99 5
67 29 16
81 10 31
24 94 11
92 38 25
68 23 71
94 1 28
77 67 86
78 59 5
41 48 50
58 1 93
3 50 43
88 37 38
62 22 90
49 11 98
6 33 89
63 9 18
28 76 62
85 77 74
37 59 82
92 29 3
17 88 70
62 9 58
40 86 25
32 9 6
65 70 61
76 72 40
19 27 93
34 11 68
22 49 96
87 82 3
85 66 11
17 57 5
24 45 67
74 57 51
67 69 93
78 71 56
63 67 86
24 26 62
35 44 40
1 46 100
31 73 93
7 48 98
14 82 67
27 77 64
43 31 92
54 95 10
42 96 10
51 50 2
98 52 82
5 72 68
5 11 23
82 65 94
23 7 25
2 60 65
99 17 49
79 98 51
23 85 32
39 35 64
46 1 88
56 85 100
57 98 29
11 84 74
86 68 76
74 12 12
30 92 26
22 18 67
87 88 57
39 0 71
51 80 43
4 38 97
19 92 59
10 8 13
20 13 66
95 65 33
37 53 76
22 12 69
31 43 11
76 29 39
42 59 71
28 49 64
15 1 47
76 48 4
64 17 45
54 51 76
31 92 72
65 44 67
58 76 99
64 36 12
95 48 95
56 21 25
48 89 90
42 84 18
61 81 54
58 5 3
24 9 28
70 43 63
17 26 49
78 0 77
33 20 83
9 94 100
27 72 91
78 85 9
83 81 52
48 82 29
86 6 77
58 28 94
28 89 96
70 90 28
35 11 32
61 6 12
24 72 6
48 10 56
19 37 98
53 80 64
58 25 1
87 57 39
59 47 65
77 35 96
47 20 46
77 76 46
18 61 34
32 33 58
34 58 3
88 33 8
89 49 37
51 8 30
48 29 12
67 4 97
70 89 75
48 10 93
16 25 59
15 8 97
98 41 98
71 65 54
68 45 24
8 62 16
13 18 38
26 81 6
11 36 92
79 23 31
18 94 95
35 14 88
6 58 15
89 95 6
37 36 45
80 34 7
97 26 93
46 70 72
89 88 39
2 83 5
98 74 78
91 22 70
81 92 28
40 39 73
68 53 98
21 63 3
50 1 1
76 92 13
19 54 28
20 74 2
17 18 36
32 40 90
41 23 100
21 79 82
7 46 82
95 23 53
22 49 4
93 7 73
46 34 99
98 75 99
48 39 67
39 77 77
41 59 19
34 45 21
1 80 53
52 73 28
88 89 34
64 73 26
54 63 74
46 89 60
61 29 57
21 25 89
13 59 54
42 53 39
51 11 91
32 52 51
12 4 59
0 23 24
32 85 39
29 10 94
53 13 70
61 20 19
15 69 48
71 72 85
86 91 1
11 2 71
9 10 28
3 61 81
46 30 98
42 66 42
89 59 83
20 15 16
14 64 37
54 39 55
10 57 75
44 49 73
77 19 86
75 61 64
32 71 93
98 2 4
50 9 37
33 48 98
39 15 62
88 11 12
76 39 17
20 32 47
57 42 56
88 42 31
34 73 97
75 86 14
4 89 96
42 82 70
2 59 15
75 97 90
68 64 57
6 72 10
32 44 25
9 11 73
83 57 16
1 32 50
19 89 28
35 12 88
17 75 6
73 2 43
23 5 17
17 21 80
47 17 100
99 52 70
98 55 88
88 2 72
49 38 74
45 40 70
45 50 38
97 17 90
56 1 7
61 75 51
83 59 35
7 60 16
31 58 89
21 20 30
61 70 23
24 22 26
5 8 20
67 23 47
66 59 53
10 30 53
72 38 61
12 99 64
55 80 54
88 65 11
5 11 33
83 76 29
39 53 77
75 92 40
39 98 21
97 63 70
39 47 64
91 2 65
60 26 37
69 3 27
44 78 99
39 25 58
78 26 25
57 23 92
94 98 5
0 2 97
75 68 79
38 13 96
27 62 68
3 40 12
0 26 75
10 59 36
6 41 86
61 76 98
80 47 50
80 59 55
93 61 34
62 38 49
54 55 50
66 29 92
38 13 50
66 23 93
28 11 19
87 40 76
8 66 94
87 95 5
55 90 90
39 50 21
35 50 50
76 60 65
95 1 23
92 85 28
31 22 5
93 66 15
36 35 86
19 40 25
58 43 94
89 42 3
16 54 33
79 84 23
92 0 91
4 40 54
42 66 40
29 44 17
7 21 33
20 0 84
17 29 42
36 19 48
54 41 91
66 22 100
8 29 48
99 72 18
20 65 14
47 43 55
1 10 63
62 20 41
97 64 88
29 41 78
92 81 40
91 81 72
27 62 41
58 0 19
22 16 58
72 21 52
75 91 95
76 22 24
73 52 19
17 37 29
96 15 81
81 77 17
13 61 60
51 99 94
50 3 90
78 59 71
98 54 86
84 11 1
60 42 6
79 75 85
15 72 6
47 43 53
9 14 31
49 88 40
39 58 40
20 88 78
70 69 25
4 83 50
3 80 97
96 22 67
85 44 35
1 66 69
29 53 6
71 90 31
84 69 92
0 34 13
80 31 82
42 18 21
55 19 31
47 73 4
69 81 56
29 21 46
53 87 71
82 95 26
54 12 20
78 18 29
88 67 28
79 4 96
34 24 12
68 0 46
12 11 95
51 4 99
37 30 83
44 13 53
58 26 45
12 87 27
54 38 28
76 52 43
5 68 87
18 66 22
99 75 14
27 5 87
26 97 78
59 86 50
48 19 75
73 43 77
6 4 34
50 85 6
64 3 95
40 72 15
41 34 9
36 55 41
6 84 82
5 81 46
69 85 10
83 56 10
4 86 49
92 24 44
0 65 83
82 31 37
86 78 99
47 29 93
35 9 57
94 3 11
74 18 84
94 30 73
22 40 59
66 62 56
8 91 35
92 31 8
66 35 39
28 47 30
21 36 98
27 89 44
77 68 84
48 91 70
25 65 11
49 85 72
60 85 40
36 6 23
50 63 42
58 42 83
82 22 14
75 60 42
71 13 73
59 21 88
82 69 24
23 83 49
86 4 99
85 10 88
65 83 40
8 0 85
59 77 2
95 80 2
93 16 85
54 15 40
43 61 84
62 20 95
17 21 98
96 75 40
73 95 62
27 55 86
96 38 6
80 87 54
35 14 64
11 10 36
98 32 31
4 31 82
44 37 97
3 80 61
32 37 72
94 63 67
73 91 2
96 48 63
92 74 85
51 56 12
74 84 86
38 92 28
78 30 32
66 24 9
97 74 6
28 10 27
68 40 43
92 87 22
0 22 74
35 54 32
10 56 38
5 64 42
48 86 60
8 69 4
49 27 53
21 85 31
85 88 12
89 37 64
17 25 81
37 16 54
86 98 22
33 53 50
35 93 68
30 55 9
5 17 9
40 24 18
41 11 72
8 76 18
70 92 1
45 66 92
55 2 92
92 18 71
39 17 32
70 56 55
2 89 62
68 28 40
77 55 77
47 58 90
87 12 75
40 0 46
88 80 74
76 26 63
93 40 35
93 15 89
36 74 52
52 67 72
5 20 37
66 79 77
32 85 17
90 24 95
72 56 45
63 90 94
85 99 27
3 40 74
19 71 30
19 40 53
57 96 84
39 16 59
82 49 83
94 76 12
93 34 42
10 0 34
70 19 12
23 44 27
44 72 68
79 38 28
82 78 26
5 66 81
58 84 22
64 36 42
53 60 9
48 6 89
97 22 58
80 13 36
76 38 19
44 83 98
16 28 1
90 52 91
22 87 2
54 59 50
6 18 6
59 57 54
61 98 61
34 0 79
14 70 70
58 61 100
63 71 99
74 68 32
46 13 25
53 93 15
61 89 5
64 35 42
29 60 48
11 51 29
21 16 8
20 60 56
66 46 73
22 21 36
26 21 28
69 42 1
15 52 79
39 34 57
27 94 88
13 67 53
43 98 71
61 83 63
81 40 23
52 68 95
40 85 93
57 7 14
58 33 3
54 71 85
0 98 18
35 76 10
11 72 12
22 38 84
10 90 25
90 47 100
81 88 52
63 56 72
54 14 44
52 71 75
76 40 31
2 22 43
75 26 77
40 61 14
61 57 14
18 28 45
50 13 43
70 11 47
98 40 77
93 82 46
27 21 51
75 28 49
61 65 75
37 67 25
66 43 16
71 78 38
83 35 4
83 18 88
97 48 19
88 70 94
61 56 51
13 10 82
27 13 43
8 25 32
86 91 96
68 1 34
96 61 91
78 29 41
6 84 57
76 84 49
49 37 15
21 89 17
18 10 17
56 34 44
50 54 78
8 18 34
22 10 11
30 50 88
90 10 21
93 31 7
0 14 19
63 54 40
6 48 68
23 31 94
6 19 77
66 47 54
20 45 65
54 7 90
50 80 32
90 6 20
75 57 37
78 5 80
91 69 16
83 80 53
72 32 72
78 6 1
48 53 76
90 50 21
85 3 11
13 1 35
16 30 28
88 4 53
65 22 45
88 22 67
2 46 18
14 24 38
87 65 28
49 65 9
25 75 4
57 25 87
79 62 75
31 22 85
47 51 43
72 50 6
76 43 76
11 85 4
92 91 77
9 55 4
75 78 17
14 39 68
9 30 70
68 33 56
87 62 90
82 73 28
18 31 55
3 0 58
47 2 51
43 58 74
44 80 92
36 14 66
72 77 53
67 87 71
4 88 16
57 70 79
4 29 16
67 60 94
84 45 83
45 95 30
1 21 31
16 42 91
20 18 68
48 32 24
18 54 52
97 26 11
94 27 17
24 50 96
9 22 78
82 68 84
54 82 33
24 85 100
65 16 77
27 40 1
46 51 97
87 83 99
3 84 58
80 18 31
26 97 51
2 6 1
99 56 98
28 67 49
68 3 3
45 7 47
44 86 40
31 21 96
76 7 81
86 91 42
34 43 30
11 84 87
75 99 65
10 77 70
41 12 45
32 24 99
86 89 41
98 58 76
20 25 14
66 91 47
85 15 59
81 23 81
31 6 68
2 66 19
34 95 52
39 80 56
15 81 21
86 20 99
73 15 94
55 22 62
79 42 83
3 26 12
35 95 24
71 46 33
83 11 5
12 93 26
31 13 19
19 59 89
86 29 13
36 14 15
50 1 86
18 65 6
96 98 56
24 55 78
42 96 23
3 23 14
48 6 26
59 36 85
84 62 99
64 47 15
64 65 82
95 10 9
76 96 48
98 6 69
75 17 58
72 7 23
18 13 42
33 71 54
49 17 60
53 83 43
31 5 91
8 58 100
34 58 6
38 32 17
1 71 37
52 82 20
59 38 15
17 50 40
40 68 7
29 79 1
15 13 19
61 41 32
42 96 75
29 34 87
42 99 100
16 92 4
42 57 95
21 59 17
12 44 8
42 74 33
37 28 1
95 22 7
84 58 41
58 28 94
49 88 2
87 46 5
43 93 100
82 19 75
60 7 32
32 71 45
21 6 5
56 8 86
54 0 89
86 69 39
65 26 22
16 78 26
79 30 16
96 10 67
58 38 39
33 23 36
9 35 57
44 18 58
81 7 99
39 47 67
37 48 33
47 43 7
52 91 50
43 35 11
12 29 68
40 73 44
36 12 7
17 71 42
68 75 77
37 18 96
44 23 96
35 87 86
45 9 36
8 22 15
15 13 9
75 23 9
96 93 94
96 7 64
80 13 18
37 93 75
55 64 77
7 80 73
25 76 14
11 80 18
63 76 15
2 18 5
74 14 57
86 76 92
50 22 6
8 55 48
28 51 88
34 14 65
4 14 82
0 73 16
23 28 17
76 53 33
98 88 88
6 28 43
52 76 34
92 26 32
31 94 10
28 12 98
79 57 100
10 53 22
3 81 99
91 20 60
77 56 29
76 70 54
10 70 13
17 95 84
62 29 82
6 76 26
17 29 38
15 12 72
7 22 43
97 91 94
76 92 49
75 33 15
95 34 52
34 65 37
36 46 2
94 92 23
76 90 23
74 27 42
39 18 46
68 79 97
58 19 12
40 3 19
59 83 92
42 34 82
20 86 65
32 68 60
81 58 4
10 83 89
54 43 27
19 37 36
92 44 75
95 10 75
42 52 85
15 86 25
9 0 20
27 56 36
90 71 28
32 19 3
89 32 6
77 99 50
96 18 79
50 39 45
97 31 70
8 95 80
63 48 14
98 91 71
14 53 81
54 55 94
94 10 35
92 49 5
10 12 63
39 62 35
70 22 69
55 64 30
80 21 35
46 73 57
80 21 97
72 57 10
41 60 99
1 40 86
37 11 78
17 95 89
3 44 51
18 82 98
23 68 4
54 20 43
47 49 43
66 5 44
9 38 29
50 12 6
94 44 50
54 14 25
27 34 98
76 56 84
67 33 18
29 1 96
76 97 9
6 88 55
85 62 34
15 41 95
77 32 28
35 2 74
25 44 42
93 48 60
99 29 74
8 20 56
76 18 63
42 51 75
76 84 73
64 40 89
68 5 16
31 86 21
83 49 53
49 51 81
12 51 12
44 26 35
7 32 55
16 83 35
10 70 58
94 83 44
35 3 10
62 2 91
24 81 46
49 33 5
51 21 99
61 49 98
47 10 70
70 66 31
66 91 23
53 70 75
24 46 94
34 59 52
4 64 31
95 51 82
68 49 80
74 32 67
88 87 24
25 11 11
44 38 45
67 38 65
88 5 94
61 26 85
90 32 9
63 1 92
65 10 91
47 41 49
0 20 34
86 83 95
93 60 1
54 92 82
55 3 17
99 89 57
47 70 13
62 70 38
80 20 77
95 99 88
47 63 82
85 15 8
35 57 28
91 10 89
79 94 38
57 88 36
60 23 68
98 91 18
65 99 52
89 95 45
55 12 16
90 27 84
26 17 43
96 58 85
47 86 32
13 88 79
21 75 35
70 39 23
8 16 8
40 90 9
83 17 50
91 38 7
30 0 56
52 33 61
31 71 90
91 47 11
87 67 64
61 59 62
42 30 55
7 54 23
81 67 80
31 98 24
16 31 28
62 89 45
92 36 46
36 6 15
41 37 43
36 42 31
96 28 61
32 78 12
87 15 85
60 79 34
26 69 38
17 36 32
65 58 55
94 87 56
13 1 26
3 47 49
70 94 8
99 94 11
16 4 96
72 20 31
12 87 85
88 48 61
63 93 67
65 92 43
69 91 95
27 15 96
0 19 48
56 14 71
79 15 80
73 60 42
51 60 14
90 1 98
63 39 8
90 37 42
58 73 75
93 50 60
44 57 46
14 16 58
88 41 25
7 68 68
51 5 36
84 47 26
96 16 50
23 88 41
92 67 68
82 68 46
63 3 92
77 12 46
71 53 50
80 16 8
91 1 85
34 79 82
73 12 23
56 29 77
98 41 39
21 72 7
41 99 88
42 1 69
79 47 55
72 29 24
96 6 80
75 74 99
7 67 16
55 87 86
33 22 54
76 32 43
1 89 99
39 8 85
45 1 91
5 23 59
77 87 40
44 25 40
15 78 85
2 78 68
39 96 72
32 26 90
68 43 38
38 99 61
32 37 13
13 91 51
52 90 12
70 13 31
92 63 39
74 36 51
53 39 42
37 36 69
67 71 3
30 77 78
96 27 19
49 33 35
16 39 47
97 37 30
54 43 43
59 58 86
65 91 42
7 98 48
80 20 31
72 33 62
69 3 98
72 30 25
96 50 98
68 49 24
14 73 1
27 69 85
57 88 79
4 97 61
37 22 48
33 74 52
85 55 25
52 98 28
5 58 47
44 36 16
5 12 15
92 6 82
1 33 4
7 51 47
20 87 68
41 78 60
76 15 46
79 3 96
87 89 36
14 13 28
79 22 44
1 19 57
37 7 88
47 82 77
19 34 94
44 74 23
29 33 4
86 81 10
33 40 2
16 55 38
59 50 11
80 26 92
47 75 20
63 73 96
13 21 22
32 35 8
62 6 57
9 96 36
38 60 42
56 21 70
42 18 77
30 40 56
87 93 47
58 96 62
4 65 32
34 99 83
68 2 25
33 48 34
99 8 41
65 0 30
95 12 85
5 88 44
22 70 40
17 50 5
36 44 85
77 45 53
2 96 99
50 75 51
0 39 77
92 36 40
61 57 24
37 97 24
37 1 97
27 85 74
5 38 65
37 44 100
27 14 51
2 97 47
40 59 59
90 51 46
5 64 94
38 96 41
61 31 98
35 37 61
83 84 18
71 55 28
9 99 14
63 75 94
11 84 20
18 64 79
96 43 76
81 67 3
51 74 13
74 51 3
5 14 32
42 20 68
29 92 67
33 15 35
5 8 71
68 38 69
71 87 44
74 35 55
32 94 73
41 26 100
68 90 55
58 82 25
4 75 72
9 91 13
52 12 17
28 77 57
44 65 80
70 92 32
79 62 85
98 31 8
0 90 35
6 21 55
0 96 96
98 48 42
81 2 34
90 93 61
56 6 32
86 4 46
59 26 34
25 81 99
87 91 85
8 43 48
80 31 33
0 91 98
84 14 93
97 70 6
30 77 17
66 3 74
33 6 17
33 29 62
46 2 99
1 39 77
27 12 40
61 32 51
43 35 65
93 23 100
31 91 25
42 32 35
17 82 37
92 7 12
73 68 6
94 50 86
78 11 5
50 81 69
94 32 96
36 18 54
67 42 76
54 88 96
36 84 82
7 11 36
73 9 28
51 90 30
27 56 48
20 24 50
11 23 84
49 10 98
40 83 12
39 89 49
81 44 77
62 35 87
7 52 2
14 5 8
49 47 73
67 56 7
53 49 97
90 77 31
77 58 52
88 38 92
8 41 24
69 92 49
66 3 89
69 83 96
63 21 57
16 19 60
82 10 22
17 2 26
69 94 57
2 29 43
3 91 61
50 22 83
96 39 97
62 73 34
64 33 7
64 32 85
65 98 70
77 34 61
78 59 99
99 2 65
88 6 16
79 83 14
19 94 7
72 26 55
10 62 24
58 26 68
24 71 80
81 14 40
50 40 79
85 78 91
33 84 39
22 38 31
76 16 14
46 37 80
41 99 78
27 24 77
8 74 72
16 95 23
33 41 82
68 21 83
66 48 17
43 69 70
53 98 38
68 27 77
66 29 2
21 31 43
29 16 10
81 36 4
39 97 28
84 8 34
86 18 82
33 45 76
60 90 81
90 72 65
17 68 13
34 21 85
74 3 9
97 40 81
18 25 54
19 91 40
39 43 32
93 85 91
54 24 73
36 55 23
96 37 93
75 76 47
43 40 81
56 36 74
42 71 71
80 19 36
21 19 66
78 18 76
73 50 60
84 85 82
69 98 85
74 54 62
89 17 62
65 67 77
30 88 15
74 28 83
36 90 58
52 70 3
72 9 98
5 46 62
50 59 32
15 30 28
57 86 69
71 27 41
1 48 57
44 17 18
80 98 84
3 96 30
83 15 73
5 94 33
41 51 85
87 77 80
21 13 69
9 88 97
23 64 1
54 96 56
86 96 54
4 86 100
76 51 37
73 76 58
70 10 52
48 70 90
3 72 5
79 64 56
14 40 48
60 10 59
50 89 23
46 80 14
76 53 77
2 8 40
58 80 39
32 12 91
76 61 58
29 37 43
72 19 91
74 81 83
82 51 9
24 85 94
41 19 42
97 25 22
88 51 16
34 90 38
5 69 61
67 98 79
63 53 5
91 95 29
3 94 96
5 84 3
22 67 69
28 33 81
77 97 8
79 67 72
54 77 10
59 43 72
59 87 75
32 20 53
9 24 54
42 51 14
37 3 98
89 0 35
51 1 32
58 14 50
54 64 63
69 0 7
84 97 29
16 66 29
49 1 34
84 89 40
69 6 52
4 3 80
35 47 50
36 39 100
88 35 76
3 11 98
15 2 53
24 97 35
7 48 91
44 87 99
65 10 22
56 51 66
76 25 28
18 6 47
58 1 15
10 87 83
83 47 22
5 70 59
57 39 57
13 91 27
90 55 3
86 98 93
20 58 92
39 1 96
18 67 4
16 59 75
54 56 16
49 2 5
40 45 87
93 7 91
17 18 91
39 96 4
82 65 15
46 8 10
92 51 74
94 54 64
76 3 17
73 68 92
38 66 99
10 54 60
19 24 36
45 17 35
15 73 77
32 78 91
9 91 15
32 75 40
23 55 33
93 92 46
0 80 79
45 61 31
93 1 73
42 13 76
24 56 11
52 64 65
90 86 28
65 45 77
8 42 60
96 16 5
24 28 93
16 21 75
68 31 86
91 70 65
55 40 30
73 94 2
26 94 90
25 20 55
98 54 9
48 77 42
56 52 27
99 21 21
63 41 5
42 96 83
58 51 19
83 64 73
95 26 63
33 8 5
24 20 70
26 15 78
21 23 80
56 59 54
45 39 57
21 5 96
44 72 43
74 33 21
88 3 62
77 48 82
85 34 71
81 85 85
33 36 97
78 29 47
86 65 23
66 61 60
18 94 56
99 75 2
48 93 79
72 11 70
28 47 3
25 79 36
20 0 27
1 37 50
67 92 2
5 50 72
85 18 92
31 17 27
97 5 36
20 46 18
83 46 59
66 38 47
99 76 41
51 19 9
48 33 82
20 58 9
51 13 1
47 89 22
52 1 69
5 19 7
50 68 56
48 22 36
98 24 93
1 58 16
38 50 38
65 2 57
62 31 97
42 3 79
24 82 91
8 92 27
11 42 50
14 44 8
0 24 69
69 9 19
1 98 45
39 49 79
47 25 58
40 4 3
45 23 100
80 32 45
18 15 69
57 73 32
73 76 73
84 27 79
52 99 100
63 73 19
11 72 32
7 26 70
73 69 15
9 47 34
90 43 17
69 8 28
58 71 89
22 10 14
55 26 46
64 50 43
54 7 72
95 67 91
2 53 71
80 47 14
31 59 73
19 47 88
57 15 38
78 19 25
7 67 90
30 77 82
27 75 90
83 6 79
22 70 31
11 30 60
10 30 93
3 57 3
72 81 43
34 38 49
95 56 54
42 16 3
4 41 75
59 75 78
19 46 6
63 79 18
91 24 90
41 53 94
98 65 5
68 88 13
25 36 14
41 35 85
74 73 99
75 16 62
1 34 31
83 4 77
43 48 55
48 26 40
89 75 60
95 31 90
28 43 33
49 16 20
90 85 10
24 74 98
4 13 9
19 51 14
11 32 88
89 22 70
20 89 52
24 87 72
35 79 96
52 51 73
23 28 67
64 43 44
47 9 71
69 77 44
45 94 39
86 23 58
50 48 77
43 13 88
67 79 31
76 79 81
51 16 79
35 80 55
79 3 80
94 87 10
33 83 16
83 95 30
94 26 3
78 88 78
97 88 46
75 36 50
7 85 16
94 23 22
29 64 11
43 83 49
49 27 98
71 92 57
87 91 44
81 18 43
96 81 26
57 43 77
7 28 70
84 51 29
5 97 97
74 36 40
68 84 46
36 3 79
64 30 22
96 4 56
40 23 65
50 13 91
23 77 59
9 44 83
65 53 62
31 8 24
20 31 53
71 17 8
36 79 80
61 47 85
41 0 99
13 34 78
95 8 4
10 25 90
83 43 39
4 98 94
36 23 12
33 83 89
0 43 97
42 49 36
92 38 26
48 38 92
3 32 53
53 65 22
80 99 92
98 60 49
78 75 98
32 23 45
86 41 21
57 62 90
94 86 15
11 90 73
0 1 99
11 57 65
83 5 7
63 58 71
64 15 33
31 1 29
83 24 60
46 6 77
0 39 77
87 60 13
30 96 84
75 11 23
59 60 91
54 42 9
8 14 53
56 99 65
45 43 7
55 26 31
14 47 17
55 80 9
57 81 52
45 27 47
1 16 17
57 30 50
67 68 41
86 14 40
70 41 21
82 39 21
84 81 83
11 90 4
27 72 75
88 13 53
62 27 53
50 6 86
35 30 41
12 26 54
91 93 7
60 3 38
45 7 91
67 81 20
54 59 46
11 32 23
87 52 11
6 54 65
97 77 17
43 50 72
9 45 86
64 86 72
33 45 21
49 59 91
62 52 64
5 86 7
53 7 57
55 43 48
0 30 54
77 74 30
9 4 86
7 74 6
57 38 18
84 2 9
95 0 62
62 2 84
78 59 35
80 92 88
0 46 19
65 58 91
51 63 63
84 29 46
1 51 89
12 16 76
25 10 39
33 70 25
30 70 25
92 67 1
28 4 35
75 36 80
35 67 26
39 69 4
38 9 75
11 33 7
46 94 79
46 56 45
30 95 33
42 57 44
73 40 28
43 40 78
25 34 83
65 24 63
61 26 93
74 77 16
66 35 91
97 13 17
33 37 53
31 79 56
41 74 59
27 81 17
11 62 48
97 46 80
94 87 63
23 83 61
57 14 47
13 57 9
62 29 61
81 76 56
69 13 57
16 59 71
98 39 24
72 20 73
95 58 66
15 6 60
11 35 17
29 38 95
14 99 85
43 3 44
42 24 67
96 45 82
61 36 16
23 55 93
41 23 98
13 36 71
34 41 4
23 13 16
20 34 75
62 41 57
90 80 60
5 71 85
26 82 35
53 63 42
35 34 78
18 52 49
19 48 34
99 96 37
92 65 56
6 76 21
91 83 16
51 34 65
39 85 42
17 64 79
94 49 21
2 58 22
8 23 49
56 48 95
59 17 34
47 94 50
7 62 45
71 68 88
75 51 8
34 72 86
74 60 43
42 44 55
5 86 97
11 58 39
43 41 60
24 98 94
50 32 54
56 35 51
40 3 79
75 49 20
98 67 74
22 5 5
40 38 14
16 28 76
48 72 39
69 3 30
93 36 86
22 56 12
8 34 42
14 82 69
15 67 53
80 35 14
98 6 86
36 95 94
80 0 66
95 45 11
72 29 25
32 74 63
60 32 10
47 97 52
25 65 26
67 2 12
87 27 90
54 13 93
75 2 57
43 35 85
70 77 42
31 94 63
37 72 96
61 29 83
75 53 80
18 34 47
23 40 48
55 5 12
60 73 85
44 37 45
26 67 13
69 0 71
76 0 91
66 76 2
45 99 45
15 72 9
17 20 26
26 18 54
33 87 100
37 43 35
75 32 88
65 91 36
41 54 33
6 14 89
47 63 28
59 23 23
38 63 25
26 7 79
68 24 63
64 38 78
86 53 69
43 5 87
98 69 42
28 46 41
57 26 92
67 24 83
52 49 71
35 17 36
56 22 43
40 91 32
13 38 59
60 54 89
69 54 71
57 42 16
48 25 47
24 93 98
93 78 25
45 91 33
65 95 3
9 14 48
33 29 12
83 52 68
16 52 56
69 95 19
33 76 69
62 81 2
9 98 61
77 5 59
98 66 93
66 52 49
18 59 32
56 37 45
54 43 12
11 22 19
81 28 19
58 45 47
43 19 71
60 22 76
46 88 27
76 42 73
61 2 79
49 26 74
27 57 14
91 6 77
26 55 93
51 66 10
64 14 13
68 50 70
80 71 41
94 45 37
26 17 68
68 36 41
29 28 70
18 2 1
45 8 82
42 51 37
11 2 76
54 7 39
23 40 77
57 93 66
15 21 11
14 65 90
22 73 94
29 47 49
47 65 57
19 92 54
83 25 83
36 76 66
57 47 87
93 84 71
0 56 86
14 28 98
47 21 52
88 10 20
48 53 55
74 56 25
41 98 37
36 88 25
63 40 54
84 54 93
74 37 6
72 46 41
72 8 74
89 96 29
27 80 30
23 9 45
83 48 1
99 66 5
7 17 3
27 67 46
97 57 1
14 48 42
79 15 77
66 75 30
67 10 13
11 90 2
22 90 45
82 80 43
4 33 22
75 47 74
93 10 82
49 8 51
30 14 97
80 18 100
73 67 3
54 34 44
19 43 33
5 24 77
70 32 72
23 72 72
97 55 89
11 99 23
8 40 7
16 88 2
12 28 36
61 3 70
1 43 18
26 84 6
51 1 66
87 7 27
64 93 30
55 12 20
6 27 14
64 15 24
63 27 52
97 67 83
35 12 71
55 72 19
47 74 43
74 69 25
51 17 56
81 18 17
5 17 45
72 8 78
47 38 18
46 86 80
36 11 56
83 12 33
10 15 8
15 11 34
3 46 26
71 59 32
83 29 21
68 73 27
36 67 22
77 40 5
5 40 16
73 47 13
79 21 73
83 93 80
8 65 9
76 94 81
27 12 14
70 37 44
89 38 58
91 63 67
88 77 72
99 26 10
84 10 48
68 83 73
86 94 35
78 35 93
24 43 24
56 17 3
16 59 37
96 25 70
89 19 76
69 25 76
29 7 18
98 30 96
31 57 54
11 1 66
51 97 93
72 29 93
48 35 14
94 45 18
98 3 99
78 17 93
32 45 84
86 91 81
17 30 61
70 87 68
85 72 53
91 97 90
44 48 43
47 96 87
70 68 75
1 47 98
73 98 11
31 20 44
61 23 17
57 46 53
74 45 48
69 83 14
60 80 36
42 11 29
85 42 15
37 57 92
45 89 37
0 40 82
30 80 90
75 37 17
10 21 7
15 93 33
56 27 2
90 94 77
83 18 31
21 26 82
33 55 4
11 57 3
45 89 43
3 48 43
96 52 62
52 54 9
80 19 86
27 67 54
33 21 60
42 29 32
0 28 18
26 25 97
24 53 2
60 48 28
70 44 25
69 0 68
8 3 87
7 80 74
18 41 80
53 47 9
87 64 94
89 78 30
40 48 72
11 52 87
96 56 14
46 20 84
40 67 83
15 95 16
80 16 24
55 81 48
75 71 31
52 48 54
44 8 5
30 18 46
95 20 38
52 19 89
4 10 13
43 81 45
11 85 31
90 77 87
26 28 96
4 76 64
61 95 32
46 16 68
31 16 59
77 20 67
18 65 97
46 12 37
4 84 7
15 4 11
68 42 53
43 78 60
92 57 78
79 94 56
18 24 48
62 3 34
0 40 96
15 85 40
45 8 34
80 79 35
16 0 2
51 21 90
18 80 63
82 20 22
38 40 58
62 47 6
37 56 68
42 6 49
21 26 11
85 17 12
84 62 13
60 16 43
45 89 62
83 98 19
69 93 36
73 44 93
70 71 42
67 90 2
51 65 15
73 3 59
83 78 17
82 78 83
27 77 82
44 59 89
13 52 1
56 21 18
36 44 7
77 89 41
77 17 75
87 33 90
52 12 1
10 87 50
86 5 92
57 41 69
49 97 21
46 85 27
12 98 97
69 52 93
82 59 70
10 26 41
50 47 63
40 35 68
82 97 73
63 61 70
93 23 62
19 69 95
17 64 4
60 26 38
11 3 12
28 46 10
58 25 29
98 12 91
83 67 81
79 84 48
89 40 89
10 83 65
5 16 52
72 58 44
62 81 31
53 87 19
99 13 3
74 56 90
14 75 94
78 36 46
83 44 71
19 52 98
2 3 89
5 71 40
0 11 19
95 64 8
74 99 6
20 2 97
48 21 58
23 84 2
76 77 48
15 8 98
44 24 28
48 83 13
9 64 87
76 16 34
23 0 94
72 23 25
58 70 70
21 56 78
17 41 79
18 73 20
0 23 99
14 54 88
44 2 94
85 71 55
49 98 27
28 34 65
18 66 10
59 4 70
63 78 1
45 36 45
49 1 22
29 46 10
31 17 49
70 76 12
64 1 78
86 8 61
51 1 78
98 53 70
99 30 7
58 76 45
26 71 41
28 19 7
13 24 31
8 28 57
85 89 45
57 4 78
83 19 33
84 85 45
12 40 88
3 26 17
1 6 15
63 88 85
86 91 60
10 14 83
26 45 10
8 72 38
25 44 43
38 51 9
45 76 19
6 57 62
50 21 2
78 50 18
22 10 4
8 59 18
60 78 41
48 58 89
91 43 83
93 77 61
30 62 79
42 65 17
35 47 11
33 29 3
23 95 48
61 1 18
42 35 25
64 56 15
2 97 47
81 61 79
92 77 5
94 47 15
59 19 28
53 99 52
43 80 38
95 65 11
96 5 48
41 6 1
88 94 45
78 77 97
70 98 8
26 90 92
57 15 54
78 15 77
16 36 28
29 8 13
57 48 10
56 95 100
34 38 59
65 5 97
27 81 100
61 42 7
30 78 57
47 71 41
9 23 54
55 52 66
32 90 89
59 79 9
81 77 68
35 12 23
16 18 49
62 94 96
21 98 31
47 31 77
57 72 69
75 38 11
15 84 5
57 44 29
86 71 39
91 74 90
56 17 2
45 53 69
8 64 53
21 70 82
74 20 99
83 11 36
88 75 16
78 89 71
87 15 55
5 9 18
55 90 53
75 72 18
66 63 14
76 91 96
64 21 91
49 80 35
12 87 27
18 81 44
27 15 12
78 68 49
39 71 54
65 7 100
38 17 11
67 77 65
26 17 91
83 19 49
85 90 19
44 88 5
57 63 86
90 26 4
79 98 40
64 86 7
45 13 87
54 74 36
36 99 94
7 50 1
25 37 78
64 45 60
49 2 11
53 42 100
42 7 16
66 8 15
49 86 97
76 41 98
29 21 57
31 23 36
14 84 15
65 12 8
10 81 53
39 89 8
57 90 38
57 68 52
36 71 26
94 0 95
95 71 46
6 95 68
23 58 53
1 18 90
73 61 74
35 44 29
94 57 63
87 79 87
88 5 15
71 72 60
35 17 11
59 60 7
66 15 47
86 15 13
71 93 68
99 0 73
49 91 52
48 41 55
48 82 63
54 93 89
94 92 65
89 87 72
49 25 14
94 52 61
42 57 51
86 57 67
28 71 13
50 94 6
93 2 70
3 55 72
99 4 68
54 36 50
5 13 87
56 25 41
2 68 75
23 66 35
37 42 17
89 17 76
61 50 45
23 52 47
27 36 51
62 90 60
9 58 51
15 73 15
84 90 48
45 42 65
74 95 19
29 44 67
87 23 78
69 81 15
44 94 70
77 31 87
33 58 30
16 10 27
99 27 60
47 39 49
31 46 70
80 84 94
29 66 36
78 42 18
84 74 2
73 53 87
21 41 40
72 43 67
62 94 33
83 39 16
70 93 41
95 84 41
3 30 54
40 32 89
32 10 2
32 71 5
49 87 59
21 60 37
0 93 2
51 87 19
14 39 70
99 6 98
59 18 40
11 22 25
66 1 43
72 96 56
71 95 11
40 16 25
52 59 63
93 76 6
97 64 42
18 51 80
61 5 98
87 36 93
64 40 8
77 73 49
0 84 65
77 18 61
24 77 48
88 11 98
79 26 7
73 89 33
12 24 76
84 68 47
10 17 39
24 47 14
40 3 99
26 23 22
49 38 41
94 83 72
14 13 4
6 70 57
15 8 28
67 54 3
21 36 24
15 68 54
54 34 25
65 22 45
46 57 26
93 67 62
16 91 87
47 69 95
88 61 77
0 71 2
36 20 67
6 90 87
68 29 64
33 23 15
7 22 79
61 19 21
3 33 61
62 79 26
94 21 56
6 39 84
0 25 3
33 39 90
64 8 40
81 2 58
64 80 6
54 61 59
58 42 3
80 58 85
32 75 55
19 95 3
45 87 54
82 31 84
29 49 80
65 51 80
69 50 1
95 13 8
1 30 52
45 96 94
11 76 57
14 73 41
99 82 64
41 19 3
93 42 17
8 2 17
92 76 10
29 61 49
49 27 18
38 53 8
97 33 22
60 76 79
35 29 7
85 36 77
25 72 71
20 68 73
25 90 80
24 97 45
76 23 20
43 15 67
42 63 11
46 50 34
31 20 57
52 30 9
80 97 4
87 30 99
14 73 42
91 95 20
43 29 82
19 15 99
31 10 89
25 13 80
90 86 22
54 7 8
98 18 9
24 11 61
27 5 5
82 5 79
1 89 98
39 72 49
99 61 91
13 32 98
19 25 68
89 56 53
45 53 30
19 46 46
82 67 41
4 11 72
5 24 62
74 52 66
45 66 70
20 80 38
6 80 2
58 31 88
86 52 7
30 33 69
72 87 32
17 96 40
44 13 50
57 26 39
92 22 74
26 88 48
48 37 10
84 73 99
53 15 12
97 38 87
85 64 59
6 4 29
0 50 22
27 70 45
81 68 21
35 74 65
29 61 55
84 43 28
81 68 30
67 8 91
64 18 30
48 22 9
37 53 16
81 48 39
91 94 46
38 54 50
25 18 51
62 16 72
14 28 20
80 40 77
84 49 86
36 61 80
98 59 32
71 79 66
55 65 14
3 90 3
32 9 52
19 97 93
35 67 84
59 53 60
97 61 1
4 41 19
88 9 46
44 5 29
62 40 49
16 66 79
25 2 12
98 62 9
66 25 22
74 88 78
4 68 40
19 9 33
27 4 60
96 26 97
91 45 13
53 92 25
4 30 93
2 32 85
55 91 59
22 21 11
7 37 84
78 86 83
86 98 76
60 85 83
8 51 21
36 88 13
38 61 57
13 55 48
67 72 15
54 65 61
80 73 84
5 94 23
9 36 47
94 92 14
2 48 77
6 31 45
79 13 82
28 36 54
28 67 45
86 58 39
83 77 81
17 53 81
58 3 4
97 92 93
25 15 36
80 10 3
48 32 79
19 18 18
88 70 69
24 69 49
62 35 79
6 54 91
64 36 39
68 67 24
54 96 1
70 32 14
24 60 82
78 23 35
66 28 79
33 79 67
17 18 2
14 33 87
94 53 34
15 76 55
16 12 83
52 47 42
39 59 94
30 73 61
89 22 22
93 35 18
71 61 93
38 40 65
15 51 25
88 69 17
10 62 46
59 58 17
9 3 56
13 95 41
50 92 52
5 31 72
38 93 100
91 47 13
27 56 87
95 32 47
63 3 65
54 28 51
41 25 68
96 13 33
91 89 40
9 14 10
28 82 38
34 17 71
84 86 14
58 4 37
51 70 80
12 88 95
20 67 32
29 32 18
45 3 38
23 28 96
77 53 20
87 90 17
89 0 91
62 87 84
87 6 48
82 26 29
28 9 73
31 32 46
97 9 47
55 0 85
37 2 65
61 65 74
43 95 46
32 6 36
61 94 2
71 94 46
71 38 49
20 97 74
53 77 5
12 89 92
82 13 55
85 44 91
81 1 99
38 74 95
55 53 11
44 7 10
55 75 48
22 58 37
91 88 22
36 31 23
64 50 18
64 98 94
11 48 32
68 47 10
49 81 6
39 13 10
85 42 13
73 69 33
48 11 76
71 2 63
5 12 58
75 2 58
88 65 73
22 74 19
72 89 36
93 18 72
28 19 40
3 24 34
10 30 58
15 38 14
10 61 35
84 75 80
66 75 60
66 26 100
99 6 22
30 59 100
92 28 87
97 55 64
7 76 46
62 82 5
47 54 11
6 78 50
37 36 7
37 83 1
4 54 62
93 28 81
61 1 89
80 22 68
92 52 34
57 94 59
3 82 21
10 35 68
2 85 25
31 90 52
24 42 31
76 17 11
71 55 90
13 35 50
88 16 49
50 61 23
18 59 18
23 85 80
79 41 95
36 84 31
13 74 89
36 48 39
11 52 28
47 51 4
6 14 67
21 50 11
63 88 40
94 56 18
16 8 32
11 24 89
68 37 85
89 71 4
79 88 44
97 89 88
90 57 82
4 67 99
65 23 45
69 45 6
34 38 53
62 48 61
88 37 21
46 93 51
54 81 74
37 10 81
45 46 40
36 72 58
56 0 40
74 31 9
80 91 31
42 21 86
93 30 94
27 15 62
23 81 26
1 27 12
41 24 10
76 64 71
21 30 59
44 8 28
80 31 19
45 68 47
5 71 42
42 43 97
6 44 54
49 0 57
34 83 1
85 79 56
52 72 61
16 46 68
68 31 32
71 35 21
41 93 35
0 92 68
21 23 33
79 60 79
60 54 100
47 20 92
71 56 13
53 66 82
20 3 57
5 20 69
28 73 26
48 86 82
87 58 60
27 35 63
12 14 89
74 81 14
17 66 50
26 66 71
62 42 93
54 17 69
61 5 31
44 85 4
33 57 87
47 26 90
49 93 36
65 97 94
22 31 84
13 21 82
63 13 52
65 79 60
84 26 76
5 24 3
42 48 97
42 36 55
74 27 50
64 25 2
31 2 3
81 24 56
94 45 65
59 48 14
46 72 26
58 33 90
23 62 74
76 87 60
20 50 30
44 93 52
27 10 40
49 5 45
67 27 89
67 36 92
92 58 84
59 25 10
12 52 100
81 96 6
2 78 74
79 5 99
52 71 18
23 10 79
55 40 32
78 32 23
60 77 10
9 59 86
15 30 89
11 15 60
10 66 41
25 53 46
11 35 21
97 52 50
92 84 100
57 80 47
89 54 24
18 50 34
24 63 56
13 57 66
13 32 89
51 57 65
61 94 12
28 96 84
87 70 13
44 39 20
59 76 68
71 14 55
86 0 49
83 38 15
2 35 33
91 52 12
65 73 85
13 77 66
41 3 24
24 51 6
13 49 75
93 23 43
81 60 59
44 46 96
88 6 56
65 47 30
79 44 18
58 60 17
21 65 74
95 19 96
65 83 92
84 7 44
76 78 36
92 55 19
98 29 84
96 22 7
11 30 75
17 45 75
38 3 52
97 86 62
79 65 14
16 43 65
32 47 72
71 25 13
3 5 89
83 85 93
65 30 30
26 32 43
16 26 98
63 74 23
79 31 73
44 80 50
62 37 100
26 11 35
39 65 40
15 52 68
22 79 66
46 99 50
65 55 19
56 86 92
76 74 28
27 1 4
42 48 10
42 43 71
64 74 97
42 43 59
59 87 98
31 73 14
94 50 74
4 44 11
77 92 68
41 85 44
27 83 91
9 54 46
89 9 68
27 25 45
83 63 90
34 10 43
12 14 67
20 73 10
44 93 15
97 77 79
73 85 12
9 96 7
68 91 46
83 73 47
34 99 3
18 23 11
72 60 100
55 1 16
22 69 61
95 12 1
36 11 13
99 83 35
71 85 4
75 12 58
21 10 23
46 35 20
32 72 76
42 73 66
3 45 72
65 92 60
91 33 76
45 47 99
79 61 71
88 99 81
48 62 63
60 2 78
18 55 45
45 1 84
28 67 6
36 91 29
82 36 19
58 72 18
67 5 5
55 53 86
43 28 57
82 69 7
1 7 63
59 45 14
40 3 12
89 77 96
93 91 86
29 68 49
98 21 45
87 32 68
31 52 17
34 72 46
4 1 20
67 44 38
80 49 18
80 5 25
82 13 80
68 18 41
59 58 34
49 29 80
2 49 11
24 26 70
16 96 31
24 35 57
41 88 42
78 17 54
1 19 65
38 44 75
10 61 94
44 61 26
87 34 95
67 54 11
11 58 32
7 59 85
69 44 70
67 64 17
61 36 30
52 1 16
92 90 65
52 7 84
81 10 49
75 15 4
11 24 79
12 2 18
14 79 41
94 43 40
17 2 9
43 39 25
90 80 73
12 57 53
0 81 12
48 18 53
25 2 25
56 79 49
7 15 75
53 90 2
6 33 78
99 43 14
52 43 20
79 15 17
3 18 73
38 69 82
10 1 41
66 68 2
53 69 86
55 9 89
8 50 53
43 73 2
8 13 76
37 94 26
80 27 68
47 86 31
87 27 13
95 41 50
42 30 12
44 42 39
16 24 94
98 75 68
73 67 59
7 53 67
81 2 47
66 69 41
17 67 83
6 92 23
77 84 19
1 31 25
35 83 8
31 71 86
17 57 35
32 61 94
86 43 84
27 30 83
90 33 54
17 57 78
75 31 9
41 6 51
32 70 56
91 93 4
60 55 15
42 0 2
85 17 12
61 4 16
60 18 57
30 12 21
12 92 41
73 18 95
11 49 27
49 80 2
56 97 32
80 37 34
58 6 3
24 66 95
41 98 29
11 0 15
51 92 53
32 76 42
22 8 35
18 62 70
96 74 3
57 20 69
18 14 82
34 83 87
65 16 42
20 17 38
78 2 60
21 96 17
59 10 39
91 66 14
16 63 64
93 85 64
15 92 75
10 1 38
66 67 4
45 28 75
36 51 79
30 34 37
32 28 41
1 9 55
66 50 47
62 2 80
35 58 73
70 85 89
77 12 38
10 80 80
91 63 33
97 16 31
98 75 42
1 32 94
62 3 49
65 94 71
69 23 34
87 92 96
41 24 91
39 17 65
76 36 3
7 63 70
47 41 91
7 19 74
99 59 7
88 32 91
84 44 97
50 76 87
25 59 13
66 91 30
87 93 72
90 24 76
50 16 82
69 43 85
12 14 77
98 13 91
8 77 100
6 90 16
86 59 98
70 90 64
13 47 70
5 29 81
69 10 81
20 64 17
3 66 87
52 24 96
51 0 26
94 31 7
28 15 21
25 55 66
85 70 49
12 20 29
19 77 46
32 99 62
42 19 24
38 57 34
95 82 77
92 24 94
13 48 18
26 13 98
27 70 5
39 28 22
52 9 9
63 41 79
96 2 78
53 92 11
96 87 29
54 60 49
16 35 85
38 54 80
35 75 26
6 48 92
76 81 82
41 36 2
53 30 91
68 10 45
53 95 64
62 68 16
55 13 50
70 21 99
39 98 22
27 38 87
23 52 74
53 50 81
7 6 60
18 98 87
45 50 51
78 15 25
19 22 42
11 51 4
67 19 8
12 10 82
72 68 6
89 14 13
37 90 82
32 82 23
48 25 91
96 3 54
67 23 93
83 26 34
42 10 23
66 47 18
76 60 6
38 17 92
60 95 62
10 18 35
31 88 49
97 81 87
92 62 65
74 24 90
9 97 48
64 27 14
43 32 46
21 52 3
23 28 68
13 9 26
19 72 69
58 77 9
2 59 35
51 77 6
75 80 69
69 92 36
65 15 12
38 75 93
13 24 80
6 39 44
95 22 67
73 99 48
17 77 78
83 26 23
69 76 3
53 18 56
4 53 22
46 70 61
57 40 65
15 44 80
73 69 81
9 52 37
52 24 95
98 54 94
65 60 73
52 92 86
63 19 89
98 36 17
5 45 4
77 90 57
39 99 71
52 84 56
58 24 84
70 95 81
75 15 3
46 77 4
53 40 27
32 25 1
97 87 67
26 48 14
98 56 6
81 10 41
50 28 41
38 98 19
73 9 52
85 95 42
45 72 71
18 69 23
33 16 16
61 62 100
38 14 39
11 21 4
70 77 12
13 74 21
69 39 73
55 56 96
34 48 83
40 54 60
73 86 75
73 43 15
68 48 79
74 0 48
7 74 39
23 99 53
48 98 11
6 35 88
8 38 75
15 23 79
78 87 19
50 90 89
71 12 6
92 79 41
26 46 49
5 93 83
10 19 51
23 31 92
18 61 93
4 46 36
84 52 50
94 55 73
96 88 90
89 0 10
91 0 64
8 7 58
51 18 76
33 20 44
71 73 8
82 56 40
80 75 47
67 5 29
74 91 96
86 13 34
2 66 97
6 3 33
4 46 2
30 39 78
34 23 31
73 31 65
59 10 64
76 91 19
18 92 54
55 1 69
5 34 88
38 47 4
81 62 37
43 55 77
42 18 21
66 81 44
8 55 4
85 31 38
54 95 70
60 77 57
24 77 44
70 34 27
56 89 12
35 61 26
16 98 61
77 34 49
95 38 51
73 90 9
99 55 1
75 10 11
14 34 87
90 26 14
91 23 35
46 68 55
26 44 86
2 9 60
89 82 93
87 76 30
49 99 66
52 55 22
68 60 28
42 74 34
90 93 28
59 34 38
64 48 53
35 21 23
36 77 32
35 89 66
27 79 57
99 56 16
18 79 80
72 93 83
80 6 21
52 26 60
93 30 80
64 32 28
5 19 43
37 13 25
93 90 40
74 78 91
0 13 18
78 64 84
96 48 100
0 95 67
27 39 61
37 73 59
11 20 42
41 43 70
95 64 1
76 14 73
40 6 90
88 56 74
35 73 33
95 37 48
47 76 7
39 54 84
58 51 89
21 55 61
83 12 3
56 46 80
59 95 83
58 63 73
12 90 92
74 45 8
37 32 10
10 8 68
98 90 99
90 20 88
18 8 87
2 32 12
8 36 17
52 48 35
34 12 45
74 53 19
22 5 64
98 56 77
93 66 52
80 81 33
10 93 77
1 15 17
27 61 54
31 45 32
78 26 3
40 33 81
76 68 5
83 15 79
60 97 65
2 14 57
55 12 83
1 73 28
87 12 26
95 37 89
91 72 16
3 87 94
81 21 6
54 39 8
81 54 62
66 62 26
11 50 37
10 16 90
78 25 59
28 83 29
28 66 63
19 20 12
49 74 15
53 19 20
15 23 38
97 24 43
2 81 42
46 92 40
89 57 56
25 36 76
94 20 88
38 97 69
69 44 9
79 27 100
82 4 42
23 77 12
15 73 73
57 68 88
26 63 75
95 81 81
45 5 49
37 75 69
27 82 42
17 45 70
28 44 74
89 76 28
22 21 15
3 15 21
97 17 77
73 60 19
63 39 11
79 44 31
59 4 85
35 98 43
72 51 61
71 62 88
52 85 33
3 38 83
30 80 48
27 16 89
55 70 30
1 78 87
46 35 52
1 78 40
95 16 15
85 47 48
26 22 83
41 44 4
65 85 91
29 88 52
90 46 23
8 36 99
6 12 81
11 46 59
27 15 85
27 58 68
16 9 2
82 44 88
62 68 1
62 52 42
51 70 76
22 46 99
16 25 5
91 46 31
30 92 22
39 10 89
57 90 40
73 27 31
52 88 13
78 54 98
43 58 93
84 30 21
6 52 18
44 58 79
15 61 57
38 13 7
32 45 46
69 22 23
36 99 58
54 1 7
37 43 39
41 55 75
48 4 8
73 51 82
83 88 68
58 51 78
76 2 70
7 29 77
95 92 57
41 91 3
26 83 59
60 77 15
17 2 77
35 65 83
78 81 8
67 19 28
32 84 1
81 75 72
38 55 47
80 91 61
58 0 78
61 28 28
83 48 89
18 26 21
56 11 58
23 82 35
82 68 84
28 78 65
1 71 68
83 64 51
96 0 55
5 70 17
73 76 23
17 70 61
27 0 48
42 93 9
57 89 16
15 76 59
59 52 78
73 19 18
65 89 13
88 87 100
61 42 89
60 79 79
89 51 50
59 78 16
1 18 45
27 10 91
49 44 62
54 87 16
99 49 71
44 85 87
47 35 44
38 3 64
83 44 91
36 33 60
37 2 73
47 86 45
44 1 44
71 12 78
15 37 61
3 36 36
99 30 27
79 38 39
8 93 6
0 93 37
64 68 28
1 82 67
37 77 11
43 33 6
30 87 40
60 69 73
23 60 43
7 90 70
7 26 81
91 40 51
8 63 49
66 25 94
2 73 17
85 10 23
15 97 81
18 53 72
38 16 2
4 53 74
21 53 34
37 10 26
9 59 59
4 11 65
7 38 47
68 43 2
30 18 23
38 85 98
39 23 11
67 95 78
28 33 86
8 88 80
51 44 18
34 39 57
3 76 29
44 5 35
16 14 30
58 29 32
41 75 12
73 15 61
93 94 65
92 72 33
95 18 54
29 18 79
77 87 40
28 27 86
17 61 4
8 17 95
63 44 85
32 83 12
22 34 23
64 18 61
71 86 10
68 54 61
65 77 46
25 64 93
95 9 30
28 84 7
46 2 43
13 60 90
80 69 30
1 86 92
49 39 97
69 99 74
32 76 43
38 91 90
21 88 17
19 40 1
42 55 55
7 23 63
35 8 66
0 70 35
80 58 78
99 31 74
93 23 22
63 17 80
48 71 95
55 78 73
82 27 19
31 35 42
70 35 12
8 83 36
45 68 83
82 86 99
23 67 71
93 27 96
55 31 13
71 97 19
0 72 16
66 10 64
45 99 48
47 79 2
13 38 12
36 42 84
40 39 77
57 83 66
60 36 7
30 62 79
40 8 73
11 31 86
50 62 71
2 30 92
83 86 41
37 96 35
94 21 24
21 95 71
84 39 95
32 68 12
22 15 92
30 28 22
18 16 82
80 68 14
86 71 45
61 22 22
44 89 29
15 80 19
83 59 73
60 83 6
16 88 49
23 72 28
29 45 66
68 27 59
23 61 34
27 48 70
6 93 27
89 33 16
37 13 49
22 36 1
12 4 3
36 13 61
29 92 12
36 71 80
1 43 81
17 34 99
81 26 22
45 39 76
42 51 77
62 59 15
55 22 10
1 94 64
9 8 15
36 2 3
16 98 3
67 23 83
72 77 30
0 13 7
10 43 98
0 32 42
11 55 4
7 30 89
45 41 99
58 84 49
22 7 73
29 14 75
56 12 17
84 98 36
78 38 97
60 23 18
97 81 82
10 90 11
24 85 63
11 31 92
3 59 36
23 13 31
25 62 23
59 63 68
3 35 21
89 39 80
52 51 33
16 53 33
23 35 31
96 6 86
21 67 19
73 61 94
84 90 44
74 72 88
22 21 57
8 77 57
67 47 8
91 69 86
98 22 5
40 90 22
49 50 27
27 73 61
10 15 1
80 32 25
83 41 53
38 22 95
43 10 74
18 39 100
20 27 17
12 70 17
48 63 99
98 96 48
75 10 12
59 11 41
83 75 54
59 36 38
4 16 84
8 55 16
97 29 71
64 42 9
45 4 62
20 63 68
18 40 41
0 19 68
52 12 69
43 19 85
61 9 3
71 94 94
52 5 93
20 27 98
7 40 54
13 64 82
36 59 13
17 65 55
26 78 34
7 62 72
90 30 76
59 9 74
93 75 32
7 12 22
25 67 93
58 81 41
22 36 51
29 11 15
64 94 57
6 17 22
94 44 25
56 45 2
93 84 6
91 26 95
41 36 66
43 40 4
21 93 78
46 23 35
82 86 76
37 53 14
93 87 61
38 40 58
52 44 68
25 0 56
74 23 98
6 51 89
86 37 41
43 67 20
64 99 11
83 71 75
85 16 49
88 36 74
14 6 33
33 2 76
19 79 20
27 21 29
49 52 45
41 92 48
80 41 30
75 77 85
91 77 70
95 84 38
27 53 84
8 82 30
42 87 29
58 72 97
86 32 10
76 97 42
19 29 8
33 53 74
92 14 76
24 48 66
16 60 91
18 72 48
32 42 51
63 70 33
3 73 62
9 81 72
92 13 28
25 89 44
46 3 23
69 61 71
40 98 35
76 90 62
8 22 88
95 38 50
41 49 15
92 22 92
23 82 98
45 84 5
39 85 31
98 84 30
78 67 25
27 80 79
26 14 85
57 68 66
38 53 7
32 73 82
5 43 59
32 77 93
44 96 8
20 60 10
41 81 10
63 32 72
46 94 96
45 8 41
45 95 76
21 9 88
18 78 48
61 99 15
72 8 70
23 26 59
88 85 95
99 24 72
95 3 63
71 96 15
24 7 61
78 8 40
17 32 76
76 22 21
97 32 2
95 65 69
25 98 20
94 66 67
97 1 32
58 34 35
90 37 33
3 79 22
50 63 96
45 41 13
63 88 13
1 88 71
34 99 55
37 64 89
98 57 10
95 43 77
45 95 33
54 39 23
12 24 84
38 30 13
52 37 20
81 60 19
51 58 29
84 99 7
55 82 83
13 88 77
59 54 49
54 39 53
2 50 98
44 5 53
22 6 49
87 56 85
73 11 48
45 5 48
42 89 10
9 93 79
61 68 40
19 1 51
67 61 58
14 36 5
87 61 38
16 28 47
56 13 41
19 55 61
67 89 70
75 97 9
27 69 11
59 67 57
78 35 52
27 36 35
87 17 95
0 64 41
6 34 78
87 8 60
12 71 20
28 67 97
67 16 94
16 37 34
59 72 68
75 95 29
14 62 69
90 28 51
38 7 5
51 45 67
78 67 26
53 69 67
27 62 64
73 23 41
91 27 60
7 2 53
61 18 17
87 18 32
75 51 30
37 95 99
86 71 89
18 84 33
85 18 92
67 62 31
20 92 84
67 55 75
29 50 71
42 34 88
64 21 88
14 77 90
30 49 99
73 12 38
69 75 83
28 74 84
99 96 33
34 87 96
23 65 20
55 12 17
96 60 9
43 6 37
19 5 23
62 64 85
86 84 54
37 41 85
67 41 7
7 77 26
9 42 44
62 36 10
99 36 31
49 93 15
26 56 75
28 68 61
91 49 41
10 31 93
50 31 53
57 43 99
20 56 3
24 64 32
77 64 79
30 95 75
63 9 55
27 7 26
6 43 26
43 36 69
56 10 62
75 92 29
3 50 1
93 14 66
52 76 10
14 54 39
16 87 6
29 50 70
38 90 37
44 45 76
29 30 17
36 37 39
31 65 90
83 46 59
37 42 69
48 28 29
14 16 10
76 65 85
75 82 67
81 68 6
62 92 60
95 2 52
68 19 34
81 33 29
65 24 91
73 28 44
71 41 4
43 78 19
50 97 1
1 59 56
12 88 7
35 3 37
6 37 53
14 70 80
28 42 39
8 78 13
68 94 78
47 52 34
10 67 77
37 93 68
54 36 86
20 84 63
4 9 90
87 70 92
6 19 46
5 64 1
29 46 70
48 86 40
82 52 12
25 27 67
75 19 12
72 83 22
56 12 83
9 63 62
77 55 70
78 84 13
13 73 76
35 21 50
66 93 81
6 19 40
15 72 10
18 33 84
18 47 71
18 46 98
31 22 60
44 31 24
45 84 94
63 47 76
54 90 71
36 63 14
62 41 65
6 7 97
9 93 82
2 17 4
99 17 15
40 86 57
68 63 86
97 73 66
67 42 51
34 45 70
63 6 15
67 82 65
49 60 87
54 29 43
47 88 50
80 27 19
15 86 33
29 31 11
92 89 62
53 86 95
99 19 52
25 53 67
57 23 69
7 45 58
18 72 44
47 56 92
39 79 47
34 59 50
19 16 16
94 66 19
51 93 37
56 91 35
57 28 2
10 3 26
93 36 37
95 73 84
89 53 26
45 22 97
69 0 3
94 10 92
93 11 72
28 41 23
64 17 41
67 66 94
54 42 16
2 82 72
93 17 63
95 70 51
93 4 23
5 83 39
36 38 65
23 56 51
29 89 35
74 62 71
89 93 46
34 18 67
60 75 5
46 1 14
59 61 76
14 1 3
85 26 46
77 38 21
83 1 75
24 21 6
37 84 55
25 18 32
73 50 51
40 9 87
31 67 85
83 31 62
11 63 59
19 69 2
93 21 25
63 85 60
5 43 1
4 38 42
59 89 76
19 33 15
35 8 21
55 77 91
38 0 88
79 75 88
70 24 3
98 40 10
18 46 25
53 95 2
64 14 23
25 52 65
26 38 15
43 21 27
42 76 32
9 86 58
61 72 57
41 31 59
60 50 93
10 36 64
83 96 38
70 75 12
80 3 4
52 83 20
1 64 68
67 86 86
55 45 40
3 95 71
26 71 56
63 31 7
70 77 87
7 63 88
52 78 4
74 66 41
41 33 2
40 76 65
95 85 16
84 15 36
63 57 86
52 13 43
41 7 36
58 98 40
57 28 100
10 85 75
98 34 82
76 85 7
53 11 24
19 65 2
74 57 53
55 47 14
51 77 21
68 89 76
66 77 9
82 76 13
66 27 16
95 54 13
76 35 26
40 76 89
46 72 64
40 22 92
68 61 69
16 73 39
81 12 75
39 75 28
17 40 43
48 58 42
64 45 61
51 34 35
60 81 9
25 8 83
68 51 18
34 45 2
63 68 20
89 51 91
63 98 61
85 84 32
57 49 81
88 78 98
54 34 31
28 50 6
50 99 65
65 52 64
85 66 12
43 82 99
59 47 41
13 20 59
66 18 33
45 28 98
2 10 93
98 19 2
35 8 37
84 14 28
12 92 47
33 6 61
50 88 13
55 98 91
60 18 87
63 4 9
33 11 38
79 28 73
28 91 84
79 40 6
14 21 42
95 78 69
82 60 35
36 43 41
13 20 87
49 22 51
83 68 69
76 71 36
89 12 74
44 38 28
64 28 85
94 46 6
28 13 24
25 42 90
67 45 33
30 73 96
20 86 48
77 44 23
47 19 54
55 92 64
82 60 9
71 66 35
83 82 41
92 65 51
22 15 40
40 6 35
72 58 77
5 52 26
95 82 56
90 59 36
68 69 34
99 51 79
9 12 73
76 0 62
66 73 77
49 57 61
73 80 69
85 30 91
12 27 81
35 54 22
90 37 81
3 58 38
40 5 65
61 44 5
86 67 51
68 45 28
99 0 60
68 95 26
25 53 71
67 64 28
86 69 88
89 82 27
77 31 79
86 89 39
32 80 87
10 51 64
19 31 63
48 19 2
13 65 59
25 21 49
64 1 11
72 6 74
87 4 49
81 44 36
70 95 100
3 11 14
78 90 85
92 29 49
94 96 55
43 28 65
81 66 96
82 41 41
67 8 55
73 43 59
20 62 59
92 94 99
90 49 16
41 26 43
1 25 48
92 73 66
63 80 56
82 71 15
21 14 48
22 83 20
0 43 57
52 73 62
20 87 100
41 94 12
60 52 26
42 63 59
56 40 48
3 71 67
78 52 21
74 76 56
7 0 54
11 50 46
79 30 75
64 25 63
11 49 55
48 34 5
78 10 42
84 73 53
47 81 33
44 55 92
52 66 2
19 6 100
48 37 2
88 30 81
85 39 66
23 9 78
62 1 89
3 58 89
95 75 6
56 27 4
71 6 51
21 93 57
37 38 89
11 45 10
83 80 84
13 38 82
63 67 33
47 72 10
69 11 44
85 17 42
25 2 12
26 95 57
52 40 90
52 60 30
22 50 64
62 55 89
6 42 23
17 50 100
85 43 68
99 26 11
7 46 38
49 86 9
96 22 39
59 53 81
52 99 6
41 47 83
65 0 69
58 20 29
0 35 25
34 29 64
20 10 92
11 67 36
49 24 54
38 8 74
99 74 66
16 14 27
37 99 14
39 47 87
67 80 79
24 26 33
10 44 71
4 96 47
61 63 72
88 40 66
59 74 37
55 86 99
47 42 14
83 98 3
21 77 71
35 47 76
74 33 96
33 52 42
8 33 71
20 17 13
21 30 53
9 5 33
56 7 72
8 94 95
26 50 41
24 93 1
29 96 17
6 46 96
99 9 11
44 84 24
42 35 69
84 32 67
68 63 62
52 70 24
79 62 8
5 64 5
25 89 86
77 58 94
71 99 8
69 67 87
43 44 95
41 1 76
80 4 59
10 87 41
8 89 53
76 27 98
77 88 10
23 6 66
36 80 11
45 65 22
82 5 34
91 45 69
17 3 49
18 6 36
80 12 83
55 50 16
11 56 72
57 49 30
65 79 25
49 55 88
64 12 77
47 76 97
7 91 60
67 31 15
10 96 11
71 19 21
49 9 71
56 58 6
70 61 86
29 36 32
26 72 49
47 56 46
54 23 78
23 15 89
69 38 89
89 87 62
44 18 89
41 46 37
51 43 47
95 23 42
5 95 8
5 62 98
35 23 17
37 62 54
30 75 16
53 4 26
63 55 51
68 23 30
44 92 98
52 65 7
68 39 80
22 0 41
75 33 70
41 13 97
20 18 89
85 73 82
70 10 21
6 67 89
58 36 42
14 67 22
37 35 99
34 4 40
12 8 58
29 23 49
3 86 29
29 83 75
29 47 73
20 12 49
75 44 92
99 9 22
61 18 5
98 71 66
87 62 35
58 51 50
4 79 89
50 78 83
15 76 9
93 98 13
34 63 95
23 14 67
70 4 49
5 90 24
93 43 88
45 44 37
16 15 47
41 12 8
90 62 32
69 9 85
71 92 27
42 43 77
64 47 68
72 43 78
55 86 35
68 63 19
12 8 45
93 34 10
27 2 72
51 63 4
7 28 86
23 78 59
78 39 88
40 18 36
5 67 75
8 64 23
16 64 78
77 38 83
15 28 87
23 80 26
10 62 66
46 67 6
50 20 21
80 25 78
85 95 89
21 35 21
67 49 100
55 4 10
34 4 88
41 23 88
86 11 46
49 78 72
17 98 17
47 64 4
70 38 58
28 59 70
81 44 83
82 1 37
24 61 22
57 12 85
44 9 84
65 11 83
21 72 32
95 6 85
36 96 45
72 31 62
66 47 66
30 46 4
12 90 18
84 15 59
79 17 56
74 22 2
73 75 8
15 85 85
63 83 45
39 49 50
25 6 31
81 66 45
67 18 10
66 19 8
19 35 64
8 90 22
75 85 68
90 84 99
18 92 73
55 49 4
46 63 50
44 42 14
13 84 14
50 21 4
90 94 83
5 94 94
39 91 63
42 0 74
59 76 73
91 79 98
23 6 76
1 22 51
46 31 26
83 63 48
66 13 80
96 43 55
14 69 61
30 44 28
92 97 58
37 22 30
38 65 34
94 92 52
59 73 11
0 15 26
46 53 67
17 33 23
75 62 53
34 0 2
44 5 81
58 11 47
20 12 54
46 3 78
40 53 67
48 39 29
38 54 79
1 99 32
45 44 66
71 20 79
98 65 88
36 4 73
87 17 87
17 90 70
66 77 50
71 21 84
32 55 24
18 79 50
99 13 70
89 94 93
94 20 53
65 47 92
99 67 74
8 49 11
43 6 75
63 73 7
54 71 74
20 57 26
57 23 37
13 63 47
90 69 70
36 53 23
86 55 47
82 35 10
87 50 8
80 18 40
84 41 93
52 79 41
69 90 60
22 92 72
87 79 60
73 26 87
48 90 4
72 0 68
55 42 90
70 75 41
99 17 25
68 43 37
8 82 39
31 98 35
74 22 52
83 20 11
97 91 72
32 31 66
33 81 51
46 27 86
69 18 53
33 75 100
14 17 4
96 17 39
86 43 6
6 1 68
7 98 79
53 41 34
0 55 32
39 92 35
37 51 16
25 86 84
90 74 76
75 69 72
50 1 48
5 95 41
64 31 57
14 93 63
26 0 86
62 59 19
16 80 88
41 88 59
4 51 78
25 65 94
4 78 13
2 97 90
27 28 83
80 70 66
29 98 55
71 89 69
7 60 95
14 10 50
81 63 65
20 48 93
11 15 72
67 18 40
93 72 32
78 97 48
43 75 71
33 94 68
5 56 9
42 6 97
91 29 10
2 84 40
56 52 26
18 83 18
50 78 56
60 57 74
48 36 84
35 81 48
8 22 3
19 42 16
90 38 92
68 87 11
21 69 97
37 5 94
25 31 37
66 50 59
28 29 11
0 46 42
79 47 14
0 91 23
53 95 66
57 35 71
95 14 90
11 76 36
68 13 67
71 21 39
86 34 70
35 68 67
38 0 7
11 28 96
45 28 22
81 11 12
74 20 81
59 98 82
64 86 57
37 58 98
48 52 76
4 99 27
73 66 79
97 64 20
94 65 69
74 2 59
37 93 29
53 43 5
57 38 17
10 60 11
97 8 96
74 18 77
23 58 11
86 94 5
68 29 23
69 47 57
55 71 98
64 78 38
95 10 43
60 93 80
25 42 91
21 45 42
45 34 77
15 79 72
65 49 71
2 12 32
67 89 91
37 13 51
75 64 46
1 9 38
61 5 39
43 85 40
53 33 39
94 26 27
56 24 65
84 6 19
45 0 29
49 78 92
44 77 84
3 89 1
74 86 35
28 64 85
76 47 46
85 4 85
34 18 93
78 40 5
56 37 13
74 73 82
18 55 19
67 23 10
79 20 46
15 79 29
89 10 82
52 63 99
59 20 56
31 0 37
95 58 45
11 26 57
39 69 44
47 7 91
31 51 55
92 61 56
76 26 5
24 93 56
81 77 4
58 53 66
91 40 3
74 35 41
26 87 10
68 82 70
7 52 94
71 91 21
52 15 2
48 31 55
15 12 34
79 85 19
29 85 88
74 33 21
72 13 5
65 92 64
33 69 27
99 48 8
73 25 25
28 98 16
14 52 13
73 12 4
83 40 28
14 17 88
12 75 80
8 37 82
88 29 14
49 17 23
45 62 34
51 43 28
76 11 90
95 28 30
14 24 72
4 70 81
88 70 76
44 80 39
32 87 38
66 90 40
15 52 27
77 51 26
35 5 38
69 66 3
58 23 2
80 67 87
12 98 65
26 32 48
32 74 52
26 44 37
16 32 68
27 46 84
20 33 99
27 99 59
37 83 49
27 71 27
39 91 18
4 29 73
56 12 61
42 82 5
72 54 93
48 6 87
99 52 80
45 6 22
22 82 89
87 28 30
90 69 22
82 79 18
32 27 68
60 75 42
75 6 66
90 47 8
61 78 33
54 79 4
57 79 24
51 64 66
94 43 6
21 53 28
82 22 47
41 67 35
22 21 8
53 93 8
28 73 5
12 7 96
72 63 100
42 12 90
76 14 22
79 97 23
80 56 52
71 30 29
29 58 68
41 92 42
48 52 94
71 86 43
58 77 10
53 70 93
3 35 37
33 66 28
79 37 25
68 13 88
12 98 18
52 0 3
68 13 48
34 24 97
61 52 17
25 86 50
8 55 75
17 57 93
48 1 29
13 82 29
88 59 59
24 3 93
51 39 72
35 41 91
93 67 41
48 66 7
32 83 83
9 91 9
50 81 73
58 31 99
35 42 2
95 21 55
87 62 99
17 75 81
15 10 79
42 15 78
2 37 63
26 64 13
44 91 64
32 81 28
51 40 58
94 47 4
64 24 17
11 7 47
26 83 94
15 37 25
26 0 59
58 77 29
90 71 24
55 64 19
52 42 48
79 66 88
18 34 41
62 7 94
36 57 84
46 42 26
51 78 30
51 74 13
77 51 12
35 79 16
2 15 29
4 96 24
56 97 55
32 96 33
16 30 25
19 6 67
62 96 1
90 76 87
48 52 66
20 73 91
15 4 33
11 26 46
50 29 82
57 60 44
89 86 3
29 22 56
68 70 8
88 24 51
75 72 19
18 74 41
94 9 66
24 50 6
93 8 77
0 12 87
7 69 71
48 11 91
40 66 37
11 2 98
63 13 83
81 91 78
39 93 27
77 92 3
57 30 99
47 28 100
92 64 40
42 97 90
33 77 6
23 90 82
17 38 25
23 13 11
96 30 21
72 7 6
44 79 65
85 40 26
4 32 44
80 77 89
42 23 26
7 53 15
22 23 97
17 92 49
37 46 64
93 35 58
79 57 61
57 47 21
80 93 62
87 27 66
56 12 95
60 95 15
79 4 2
74 54 25
7 0 45
29 14 94
57 43 97
5 50 93
86 56 15
81 74 91
42 44 81
77 53 42
54 40 26
0 82 59
20 1 81
27 87 53
64 35 94
44 0 66
9 79 95
76 73 28
17 42 64
76 65 46
10 82 53
84 62 87
26 38 30
86 49 87
14 50 59
75 88 84
47 6 66
98 90 95
29 8 77
88 58 18
64 69 30
99 43 35
22 63 68
87 54 97
96 88 55
88 15 37
33 7 28
75 62 95
6 35 9
56 60 40
18 80 73
53 19 45
60 66 78
87 95 74
6 59 15
32 1 38
23 11 59
46 6 60
72 62 60
18 71 4
49 31 98
81 41 41
44 9 31
61 99 98
17 99 11
51 52 9
86 50 60
7 86 70
36 47 23
63 24 5
21 7 9
18 74 76
43 79 67
63 97 97
77 6 3
94 84 71
64 32 2
21 14 50
96 88 50
87 15 2
81 15 7
5 78 94
5 51 99
5 3 98
20 0 36
64 77 26
94 24 51
67 37 84
93 99 25
46 27 77
8 66 82
95 38 25
22 10 51
40 48 2
99 1 18
51 48 30
58 35 82
73 71 99
56 4 56
50 26 30
72 98 91
60 11 94
40 20 75
77 84 35
14 28 61
75 24 30
68 53 44
13 96 14
64 46 39
68 2 47
74 19 55
45 76 22
76 48 27
9 12 95
63 62 84
53 24 87
61 14 75
94 64 24
89 16 97
9 35 85
3 26 17
17 19 6
95 52 72
89 71 28
27 69 69
55 44 10
93 32 69
26 2 75
42 88 91
21 23 78
0 95 55
62 84 64
89 30 39
78 57 76
42 1 84
70 38 62
45 63 74
23 33 71
28 20 14
68 64 87
49 17 90
74 8 75
76 47 46
97 53 83
83 56 41
16 77 23
1 78 69
45 0 82
60 61 66
69 32 49
85 86 41
60 83 53
93 17 59
97 20 14
64 49 74
77 0 39
54 67 34
98 51 54
62 31 18
41 19 6
40 96 35
27 48 20
96 39 88
27 7 29
8 45 4
3 76 46
16 54 74
81 43 31
49 53 40
35 25 60
12 82 52
29 47 99
99 54 37
72 58 83
96 34 82
25 63 77
4 64 47
42 83 38
59 45 47
97 61 30
29 83 21
55 14 28
66 49 60
52 48 60
85 32 9
45 80 75
83 2 3
0 8 51
78 43 21
89 17 90
13 67 35
21 49 65
30 44 56
19 21 23
83 29 64
45 16 16
48 79 74
25 3 64
51 7 50
85 35 99
56 39 92
24 91 82
16 22 90
81 8 48
98 80 23
65 96 42
75 39 94
80 14 76
67 71 92
26 89 49
93 30 89
3 96 54
42 7 89
79 10 18
32 14 99
58 49 7
79 85 83
9 56 25
93 33 43
67 57 41
34 5 25
25 79 77
75 56 97
43 56 89
12 35 25
10 98 31
87 52 70
45 19 71
41 55 38
71 9 60
95 21 28
65 90 64
83 0 64
68 34 90
17 70 70
74 2 86
50 82 10
95 88 94
99 13 24
52 71 73
27 99 53
33 66 40
42 34 53
59 48 8
23 98 10
78 13 65
6 63 90
55 88 64
7 56 92
96 28 20
22 59 63
76 80 32
30 80 29
5 35 97
97 96 75
76 4 43
95 49 71
81 8 66
91 50 40
16 17 5
10 41 96
93 6 74
9 94 24
76 93 53
47 43 17
64 28 32
95 47 6
93 82 35
5 89 7
79 81 53
87 48 33
65 33 39
38 93 70
58 17 41
7 26 70
39 93 81
6 33 2
25 16 3
19 66 28
42 89 81
0 19 34
23 13 62
30 99 78
82 76 83
85 38 87
74 88 81
58 38 31
43 0 21
46 90 16
75 62 52
45 95 73
64 18 98
54 26 74
57 74 59
3 92 78
62 29 68
10 33 6
66 63 70
28 26 52
82 23 27
7 36 77
17 36 46
32 24 12
17 71 37
37 19 21
62 44 82
20 51 87
9 54 94
29 46 30
23 60 67
41 69 99
37 52 76
49 56 14
32 30 70
8 60 88
30 42 76
86 3 98
4 28 62
10 71 36
99 14 93
26 24 36
82 60 95
37 6 1
88 55 33
11 60 9
81 80 34
72 66 71
53 0 85
53 79 42
65 39 62
73 35 11
41 49 41
94 66 19
34 9 51
39 45 44
90 73 76
72 34 95
92 33 33
37 99 23
99 98 62
99 69 87
33 30 35
69 64 78
88 76 20
62 81 100
36 8 53
91 94 75
76 54 99
45 42 8
27 18 31
58 45 43
25 50 19
38 43 26
73 65 49
93 65 58
81 55 59
82 60 75
99 69 13
95 87 46
76 52 63
45 3 17
21 81 88
52 3 24
99 36 65
45 85 35
34 1 34
96 74 27
4 45 17
79 81 18
13 79 59
38 55 32
83 24 52
15 89 7
58 43 91
95 20 39
65 70 24
86 73 74
97 0 59
10 11 20
4 65 87
88 32 79
22 63 38
11 93 22
4 2 30
27 85 74
51 96 68
51 25 17
14 46 28
79 83 68
63 97 13
26 22 36
46 20 24
71 21 13
75 94 13
65 55 13
83 70 84
81 78 60
75 83 100
76 75 48
39 24 85
97 41 13
14 68 81
12 15 47
16 51 71
51 17 59
92 44 65
86 40 73
59 3 22
63 72 43
63 33 83
3 10 55
44 52 95
40 62 94
24 29 33
18 15 64
7 40 21
77 42 16
95 87 4
47 68 91
60 80 26
48 83 2
26 64 22
10 55 97
61 40 98
17 76 92
99 6 63
71 97 27
65 88 43
84 3 6
38 72 39
97 26 73
47 29 33
69 27 98
68 9 11
30 85 44
14 88 12
34 92 11
77 37 92
91 66 36
38 56 82
63 81 17
53 60 61
35 60 93
30 28 25
27 4 27
33 71 79
66 78 35
57 15 35
32 52 100
11 76 70
22 65 35
72 74 2
75 9 59
86 49 80
39 86 1
61 36 32
58 13 22
84 80 62
68 38 20
17 97 57
31 20 98
30 90 56
10 19 89
28 25 11
10 69 34
11 74 28
72 4 4
22 28 11
30 43 61
43 9 82
44 57 52
51 60 53
6 54 6
50 45 100
7 52 26
72 31 15
11 7 43
12 67 70
8 64 79
92 39 24
42 33 35
67 30 58
3 7 95
86 95 24
44 35 86
12 34 93
80 76 93
49 39 92
41 98 93
61 6 1
37 40 76
67 96 71
59 28 75
16 31 63
67 22 71
72 44 51
12 42 66
93 29 70
14 41 42
94 50 55
79 31 40
56 47 66
81 13 38
14 9 14
12 31 79
42 67 23
17 27 52
89 30 25
2 34 60
7 92 37
87 66 10
1 60 98
7 26 16
9 62 61
97 59 86
7 80 88
31 20 47
5 40 26
94 69 76
42 78 8
89 40 51
70 88 10
11 66 55
19 15 18
0 61 33
39 51 57
48 2 67
8 29 74
14 59 100
53 60 100
51 6 70
63 37 54
72 16 99
63 44 39
20 18 81
55 96 68
34 53 16
31 16 17
45 27 3
26 78 45
24 10 19
93 19 85
37 8 54
54 76 96
30 61 8
91 42 9
68 20 29
83 33 26
25 88 83
67 71 83
58 9 98
94 16 75
88 91 62
94 90 60
57 64 36
40 0 10
86 41 93
59 28 6
57 84 13
10 0 63
89 3 2
76 13 82
56 63 12
8 98 65
5 94 83
73 80 10
71 40 35
41 6 8
67 16 74
7 8 33
74 21 27
60 34 67
33 66 7
32 24 37
37 44 1
65 54 1
14 95 7
24 74 54
59 95 6
90 40 1
67 32 97
6 30 87
63 26 32
6 13 13
2 23 19
33 77 85
47 91 83
24 70 71
91 22 73
8 3 75
12 1 24
50 69 18
39 48 19
98 54 97
22 66 51
22 7 47
1 78 33
70 10 45
98 74 28
86 83 65
54 17 75
64 24 66
79 33 47
90 12 79
64 80 24
90 85 3
30 52 13
31 45 45
16 69 79
63 55 60
14 18 10
22 41 91
97 41 17
6 86 24
68 38 84
47 18 74
69 98 47
47 49 92
69 18 51
92 55 12
14 60 72
67 25 92
66 63 53
34 50 62
83 44 44
82 80 84
33 42 77
99 61 44
1 54 67
35 4 25
5 28 11
74 1 34
37 22 77
27 95 38
59 5 10
77 68 67
99 90 64
98 82 14
92 4 9
81 64 20
36 14 64
39 21 12
7 8 98
51 56 63
2 4 42
83 17 66
0 2 5
79 27 29
37 87 79
46 18 39
29 59 21
82 53 33
24 64 32
90 73 56
5 80 96
41 70 7
94 73 51
53 38 27
67 61 72
46 95 14
46 79 75
66 75 84
68 11 40
94 76 75
65 30 45
80 51 34
11 0 34
67 41 87
67 30 57
20 82 5
85 10 80
83 9 35
70 20 1
57 64 62
77 94 57
49 24 72
46 61 45
60 59 25
80 91 8
73 78 79
21 1 97
82 60 96
99 34 77
59 28 79
52 33 48
64 19 59
21 98 17
28 37 20
5 88 9
24 16 86
39 59 14
79 0 85
21 89 77
73 13 65
62 36 93
54 89 8
86 28 22
59 73 13
83 38 6
23 26 73
76 19 59
89 53 34
12 26 91
30 44 10
22 27 33
98 41 80
2 72 24
68 34 43
43 39 51
92 40 7
53 98 32
39 7 81
40 18 55
40 82 65
82 20 45
13 5 24
24 28 49
98 99 72
86 96 59
35 30 7
9 58 51
69 10 68
94 47 29
8 50 54
34 19 75
6 26 4
48 34 39
27 95 67
2 65 3
55 47 82
20 90 17
37 32 31
44 93 75
70 21 73
5 58 86
41 31 46
18 40 15
6 36 62
1 7 68
88 80 89
33 72 86
57 43 99
85 22 89
17 14 76
43 82 100
96 75 67
65 81 46
97 41 80
2 92 54
22 67 8
11 47 82
76 2 15
70 0 88
17 98 48
99 57 19
8 32 10
57 35 22
68 85 79
0 29 82
79 95 56
37 48 17
79 6 87
18 61 10
88 32 64
42 24 2
58 18 97
68 10 11
67 19 10
83 31 37
60 18 54
1 55 86
57 42 38
57 95 61
87 26 28
64 93 92
75 34 64
7 4 33
87 74 48
90 51 76
63 48 21
22 77 14
56 83 49
51 33 86
90 60 35
26 8 33
51 28 67
26 28 6
27 37 20
60 40 80
81 91 24
97 0 87
24 78 48
94 91 67
94 47 71
8 16 97
79 71 16
80 65 71
43 18 45
35 51 59
23 73 66
67 58 96
5 10 6
37 46 26
64 75 2
18 85 50
19 76 58
73 38 91
25 2 74
41 36 67
87 15 45
27 71 67
42 66 84
1 93 64
18 46 3
77 6 65
26 5 37
91 66 34
30 78 76
15 27 10
74 60 61
1 63 100
67 62 75
79 91 77
51 80 68
25 19 31
68 90 78
95 39 90
95 52 13
28 6 61
76 69 17
58 23 94
51 20 11
34 56 34
45 81 4
51 81 15
91 85 83
9 46 18
52 65 35
82 13 71
47 6 29
95 85 56
22 75 4
36 1 32
10 75 99
65 28 6
39 31 5
82 62 15
34 75 19
51 28 3
28 85 61
49 39 58
75 28 5
42 8 50
96 91 38
97 71 89
6 42 44
98 99 52
24 16 41
89 38 36
90 12 26
97 65 46
0 33 78
60 22 4
33 36 35
84 62 41
57 17 99
38 3 3
32 87 43
45 41 91
60 37 47
21 49 10
77 54 25
13 54 76
90 89 100
22 85 18
63 24 53
97 72 34
84 15 68
27 10 23
25 20 57
81 97 61
67 77 94
4 7 77
56 10 7
53 21 2
35 42 90
7 22 1
3 62 35
1 81 82
91 34 52
10 22 21
8 1 4
75 9 11
29 35 59
72 46 8
8 30 78
79 53 9
97 29 84
63 60 9
36 21 79
2 16 56
5 89 98
77 33 12
34 13 25
32 42 81
54 99 62
11 88 62
0 20 86
85 94 53
1 13 83
82 7 2
46 75 39
83 90 21
46 47 57
45 33 76
98 80 24
2 12 66
31 45 84
4 45 14
84 38 66
72 35 38
96 50 74
73 65 13
33 71 1
44 46 25
71 79 4
6 7 17
62 31 78
79 3 78
6 70 86
37 82 100
29 0 82
87 22 37
84 75 79
95 17 15
43 99 62
3 92 16
84 89 28
89 5 77
83 97 62
14 34 78
53 44 13
59 7 25
93 73 62
65 77 5
30 61 84
29 35 51
19 5 15
95 80 88
57 59 72
60 25 23
9 90 24
3 65 27
5 17 34
56 74 90
79 66 32
58 97 47
57 89 59
88 4 93
56 93 20
29 63 78
51 20 73
4 18 83
99 40 41
6 67 51
5 7 80
52 35 80
46 74 92
11 25 35
86 30 90
71 94 45
40 61 27
93 52 61
32 20 20
93 79 8
99 10 57
36 34 59
6 17 51
70 1 21
6 65 98
75 37 26
5 84 94
91 59 38
29 84 45
90 19 52
39 56 93
4 62 56
82 34 74
3 21 2
39 25 60
17 21 34
61 0 11
71 50 9
37 43 47
34 21 87
53 84 32
84 60 17
78 32 58
70 92 76
74 58 50
61 11 89
73 25 32
0 44 33
16 1 30
37 1 34
0 97 97
89 97 58
98 38 57
62 6 19
12 63 24
48 17 68
76 54 40
32 65 39
60 57 84
23 42 17
89 70 36
81 77 50
49 20 16
41 27 43
44 60 42
58 31 91
84 33 18
43 67 69
40 78 26
92 32 95
21 52 43
86 71 4
89 76 3
5 49 92
51 24 75
5 84 44
59 52 27
55 61 66
73 3 61
59 35 63
0 78 37
49 12 5
73 86 73
18 98 24
78 28 23
36 8 63
59 4 86
46 56 41
42 39 29
62 91 50
5 61 35
28 69 51
60 31 5
43 51 11
50 96 30
3 76 51
0 90 84
39 83 65
86 77 41
54 14 62
66 96 56
32 31 5
77 12 53
37 64 89
6 72 11
22 94 63
84 18 77
42 29 71
87 39 47
81 92 38
65 87 95
4 34 96
91 17 53
87 46 14
98 39 30
5 46 43
81 8 99
21 44 30
63 98 88
45 6 73
42 81 80
21 22 34
53 90 11
15 18 52
61 15 95
11 7 14
46 63 67
69 95 4
2 68 79
90 54 68
38 94 31
65 86 96
74 95 5
14 31 5
11 12 2
59 46 30
5 27 47
7 94 54
2 30 5
50 22 2
44 46 14
68 83 7
67 25 79
34 96 91
31 1 52
73 54 90
20 16 44
32 58 1
20 12 21
40 58 25
22 58 19
52 59 18
42 40 36
11 66 67
0 7 70
80 10 96
93 49 69
88 44 60
1 59 97
38 48 45
65 14 85
6 2 100
25 97 84
66 68 41
78 39 50
59 34 54
95 30 97
83 1 42
85 5 14
44 17 16
46 42 82
11 59 58
26 45 79
96 89 1
15 9 76
37 30 17
82 23 61
30 97 40
19 44 38
5 16 39
46 56 28
27 30 72
86 91 78
84 11 28
5 31 85
50 60 5
12 45 25
51 4 72
75 41 36
68 93 41
75 99 49
95 78 62
55 63 84
19 39 39
3 41 87
27 6 36
57 16 51
15 37 78
54 36 31
69 16 70
13 45 8
45 60 18
40 35 90
75 24 7
60 1 79
99 57 56
7 28 3
21 0 2
85 11 16
46 14 24
15 71 10
97 66 50
23 42 45
42 88 87
30 36 49
47 45 56
82 96 19
52 95 25
79 63 68
24 11 74
24 15 16
35 8 64
41 82 85
98 12 20
33 13 58
43 58 80
87 13 74
70 32 45
43 14 42
12 10 55
97 26 22
80 47 65
4 6 80
86 15 77
75 83 62
48 6 54
4 54 50
74 68 89
2 15 50
12 1 33
73 22 6
3 14 2
72 23 16
28 4 12
10 83 42
26 83 5
11 57 2
23 53 2
84 19 66
97 63 15
50 49 27
46 39 8
38 79 43
1 26 4
49 96 19
92 70 73
16 65 59
6 34 47
95 79 60
89 27 39
34 11 22
33 92 81
12 8 72
69 62 49
31 24 87
8 17 11
99 63 49
53 37 35
83 71 84
99 66 88
78 66 26
23 97 5
59 16 27
83 45 52
5 87 34
16 33 68
30 1 40
11 86 29
4 5 13
86 83 66
53 77 36
40 9 90
34 66 4
48 86 73
84 40 20
73 90 43
28 20 91
12 87 64
64 38 99
31 87 59
51 5 33
56 88 66
85 6 94
98 55 30
28 66 42
24 11 1
12 9 6
83 19 44
38 57 13
76 97 58
14 64 49
59 6 39
75 91 66
58 74 23
76 36 30
73 11 18
78 94 5
3 93 6
7 88 42
11 99 73
84 75 29
76 45 60
41 29 79
54 10 9
8 76 23
4 63 46
70 93 28
16 58 21
1 65 95
81 60 71
13 72 56
88 94 18
47 84 24
51 67 53
51 33 77
45 1 22
48 28 88
17 75 43
49 42 37
19 94 72
62 15 15
19 54 57
14 85 67
52 65 3
56 40 49
49 17 30
68 99 79
19 49 85
21 8 35
78 45 65
93 29 96
96 77 38
61 43 3
57 45 42
83 49 16
55 1 60
68 44 33
94 99 97
64 63 79
78 42 34
70 11 35
4 16 47
63 83 53
50 62 45
48 97 77
96 98 52
95 72 97
10 89 7
61 26 93
46 69 85
62 18 26
69 13 5
57 25 69
19 79 90
20 16 97
62 29 5
63 24 30
99 58 84
51 84 31
50 86 1
55 22 10
25 4 22
71 16 14
28 56 28
30 3 39
65 5 10
70 67 70
84 99 79
61 31 87
3 20 56
17 86 16
39 45 95
86 56 56
81 52 86
78 86 82
76 55 10
90 74 48
59 12 39
18 98 43
30 77 43
33 5 54
16 46 74
96 9 40
53 57 20
92 15 68
87 36 82
72 82 17
57 68 72
39 3 66
98 97 12
93 7 69
97 91 34
43 66 81
15 74 21
34 81 71
29 63 78
47 73 60
88 54 75
84 27 1
25 44 81
81 56 99
78 28 71
22 78 36
8 65 59
77 78 61
8 13 2
30 65 60
24 14 69
49 65 77
91 78 61
63 49 19
51 56 62
31 33 55
38 82 26
61 44 16
50 97 45
98 49 37
76 18 4
88 98 77
18 4 100
1 63 36
40 17 19
22 73 33
41 35 28
11 78 19
76 48 66
53 80 77
19 32 68
85 81 15
86 80 37
64 88 98
78 71 40
62 95 43
63 2 68
54 75 96
31 69 99
32 78 11
37 76 78
7 80 1
3 99 52
80 77 24
80 22 31
19 75 89
39 26 95
55 37 15
90 17 85
82 22 84
37 42 76
85 84 70
69 84 29
19 70 78
35 43 46
24 94 5
83 95 43
91 74 35
22 83 59
45 1 2
76 97 84
52 13 86
88 66 2
15 33 39
95 70 45
98 6 36
42 72 46
65 4 73
27 19 21
53 56 25
58 97 26
22 79 34
56 40 58
26 41 87
29 17 14
60 78 69
47 63 8
82 98 24
29 99 18
6 59 42
67 34 71
19 40 19
25 71 85
79 26 97
59 30 9
7 21 40
14 35 58
44 28 24
29 87 21
98 28 24
43 86 58
18 39 32
32 17 75
24 68 30
73 97 21
81 91 65
22 98 49
49 98 47
54 89 88
61 63 3
73 2 54
53 51 78
56 73 12
75 62 13
65 47 26
21 1 10
97 28 23
29 72 5
64 41 89
31 12 41
89 3 16
19 8 65
17 86 97
49 5 13
32 5 64
97 25 96
25 80 87
52 70 42
10 22 22
73 87 6
7 81 82
28 50 47
25 49 63
66 4 75
20 76 5
37 61 79
59 5 37
44 11 40
49 22 99
11 83 3
2 19 18
40 85 3
50 15 36
31 15 37
37 85 90
15 7 84
24 55 62
57 46 44
88 58 42
63 43 34
65 32 18
54 90 56
67 53 92
6 51 12
47 29 82
74 93 23
72 36 92
83 92 73
63 19 32
83 7 29
23 10 32
68 97 86
13 5 61
53 13 84
92 43 56
65 85 54
