31 62 99
33 26 87
65 33 39
46 83 13
12 1 18
26 87 36
66 75 2
38 34 34
26 29 37
92 21 83
64 75 53
43 97 50
22 32 98
20 43 80
73 72 73
70 13 75
28 44 7
58 90 85
63 73 72
45 42 3
77 60 23
29 67 43
44 46 22
64 17 52
94 70 44
57 76 90
33 17 39
32 3 89
47 26 6
30 92 43
68 40 17
41 95 23
60 3 14
9 92 58
92 90 30
93 86 52
10 3 37
58 35 10
56 33 95
23 35 54
79 21 13
83 97 23
5 4 85
33 36 66
99 43 20
64 5 90
76 7 85
43 79 44
48 86 22
52 26 40
99 96 29
94 5 62
2 38 94
89 35 39
9 17 3
1 52 63
92 35 54
60 31 26
69 88 19
48 43 51
28 69 67
17 3 65
56 59 49
95 19 57
29 82 93
58 12 50
99 63 69
50 10 49
14 93 24
26 49 23
77 31 44
63 11 99
52 23 36
61 26 16
42 41 23
83 17 29
21 74 31
38 11 92
9 37 44
35 89 65
97 53 28
94 32 80
29 17 32
20 80 83
13 80 45
28 86 65
69 22 31
23 92 10
59 92 93
15 35 88
7 34 43
63 97 41
70 75 100
21 48 23
10 27 29
60 51 27
65 58 56
25 83 6
80 59 47
8 15 12
88 61 65
32 40 80
0 53 19
1 38 63
15 38 87
27 89 49
56 45 92
71 88 89
75 81 80
45 74 25
24 25 63
76 90 75
7 87 64
68 47 19
2 5 73
87 71 12
0 84 96
27 89 28
59 44 100
57 36 6
53 39 10
73 92 43
15 56 97
47 43 47
78 62 28
40 23 34
73 99 95
12 19 16
73 33 37
53 46 27
69 37 18
2 57 15
3 53 61
87 81 8
26 91 88
85 20 78
80 61 13
99 66 13
69 9 57
97 87 88
49 80 1
11 33 41
69 32 71
90 68 54
67 60 31
26 13 56
34 87 80
66 5 95
77 88 50
49 27 85
88 57 84
91 82 98
5 21 29
97 90 35
9 68 92
90 26 1
24 68 2
66 9 42
14 12 92
39 7 9
0 33 57
24 49 71
91 86 93
10 94 76
10 15 42
71 27 40
79 81 18
84 97 27
96 77 47
79 55 88
95 4 93
84 2 44
30 15 16
15 28 23
87 39 52
10 97 83
25 97 88
44 96 55
6 19 22
98 26 78
74 42 17
3 0 35
31 43 20
57 5 7
72 62 96
4 52 96
69 14 72
60 76 15
88 92 76
22 77 34
52 83 32
66 23 69
86 62 50
60 67 68
91 89 41
5 43 84
2 10 9
1 42 20
54 71 55
72 21 34
62 5 64
84 82 22
72 95 85
21 18 83
67 15 32
94 72 28
2 56 45
78 52 38
43 62 92
70 77 85
16 90 26
3 79 62
77 32 72
16 72 35
26 96 100
3 46 36
96 61 82
54 11 82
95 8 62
62 61 9
37 50 41
48 31 39
77 82 78
75 83 33
46 39 31
46 44 36
3 60 11
71 26 48
46 78 49
79 66 44
37 28 12
96 71 83
70 55 95
21 22 55
45 59 48
35 58 57
2 19 7
3 55 81
52 3 77
0 52 44
43 54 81
99 31 58
3 68 77
24 22 15
21 70 86
4 48 6
62 98 6
19 64 32
23 68 56
11 20 80
36 47 57
29 50 6
38 19 74
59 79 54
82 43 85
4 94 86
70 53 28
68 53 57
14 48 91
95 88 2
3 33 26
9 5 81
54 8 69
78 7 94
76 8 26
45 51 32
38 68 41
0 56 46
22 9 48
80 49 67
87 70 12
27 29 21
63 15 19
0 89 31
63 88 83
92 28 4
25 49 41
63 51 90
10 41 81
69 22 65
24 60 52
68 89 70
46 99 43
78 88 95
65 30 21
14 53 30
95 3 69
4 81 6
85 96 38
10 38 52
73 28 18
90 73 28
97 82 64
96 84 47
52 45 48
35 42 39
54 95 98
57 78 18
19 82 90
37 80 42
26 20 56
32 30 95
13 6 12
88 16 15
27 2 48
30 33 98
49 55 25
47 55 15
25 64 93
62 16 2
40 21 95
20 17 41
87 30 59
78 95 98
61 33 40
11 69 86
25 96 10
87 64 53
29 2 68
48 26 65
21 99 2
11 80 7
53 32 68
26 33 31
76 62 67
49 75 32
82 57 69
67 47 82
61 7 7
72 29 35
87 74 34
52 70 71
70 36 86
21 86 37
6 27 25
99 80 7
7 20 90
18 35 77
5 25 25
58 67 29
51 75 19
55 63 63
28 23 22
68 59 14
5 26 77
0 86 16
45 55 88
22 81 85
29 89 43
20 23 77
15 13 29
44 55 92
43 91 86
25 67 90
41 91 40
68 82 38
11 3 63
65 3 72
94 40 96
10 34 74
53 56 30
15 4 100
58 66 3
30 74 71
5 58 71
12 55 51
56 86 80
53 62 95
89 22 29
7 49 53
92 12 90
48 29 6
30 68 37
39 32 63
22 68 42
62 30 78
19 77 96
74 23 28
51 48 64
84 36 42
21 59 25
60 82 40
40 35 78
76 37 100
39 46 59
19 40 27
82 74 27
90 31 4
91 30 2
26 85 29
69 85 98
64 98 54
80 43 54
32 6 95
81 69 54
96 49 84
99 44 64
25 16 41
35 6 27
20 61 14
36 11 57
13 42 66
94 48 56
29 13 51
77 86 37
17 58 43
36 99 84
2 83 29
74 29 64
31 13 24
49 24 60
61 92 9
92 44 29
28 32 21
95 67 38
68 6 81
0 76 72
61 23 80
36 91 3
18 96 23
56 29 67
20 34 6
46 65 19
8 28 75
46 82 33
45 51 29
4 73 90
43 45 88
61 15 57
89 90 7
34 78 8
20 96 44
54 0 10
1 5 42
42 93 82
84 79 3
84 87 17
9 56 44
87 99 8
74 77 51
90 27 53
45 66 36
43 28 30
10 34 94
54 31 95
82 21 51
21 59 67
7 83 64
58 8 29
95 99 69
34 43 73
58 55 87
32 18 52
81 97 40
4 59 39
2 12 73
67 73 69
93 2 46
67 49 30
44 72 74
21 86 88
18 54 95
40 82 59
45 42 11
98 92 69
60 63 13
95 2 20
24 85 40
39 18 51
91 99 78
62 87 55
75 35 32
4 74 6
48 85 80
11 70 48
6 60 39
73 22 93
90 48 71
86 98 79
27 43 25
69 16 50
55 90 89
10 72 37
42 15 14
97 86 94
51 60 14
75 50 80
79 38 85
92 94 96
11 27 23
3 90 65
80 57 31
9 80 65
20 14 48
31 27 18
47 84 73
55 17 98
6 3 74
50 35 65
84 71 95
79 56 26
59 64 31
30 52 8
37 66 24
89 80 42
20 25 49
58 42 21
99 14 31
57 49 80
23 55 46
32 74 93
94 90 59
45 1 56
45 48 55
31 53 71
10 9 42
57 74 95
16 37 68
41 36 12
11 21 70
18 57 41
21 40 79
60 7 75
26 54 77
32 47 41
6 68 29
91 54 86
34 57 31
3 16 13
26 54 53
25 15 82
67 5 66
70 26 35
3 84 49
57 23 5
87 56 24
4 35 100
46 89 7
37 24 14
7 13 58
23 94 99
79 95 85
57 99 95
88 61 58
42 1 51
36 22 69
83 27 31
54 77 4
62 48 62
23 21 100
61 41 46
95 37 74
70 55 46
47 12 39
84 41 98
17 95 16
80 45 11
51 85 27
92 91 88
46 70 86
72 93 70
90 8 62
85 51 60
45 5 53
64 30 57
36 21 2
25 58 74
46 44 39
2 79 15
7 64 39
51 61 19
88 47 57
76 41 11
79 77 50
85 47 68
62 55 74
69 45 29
71 21 24
2 52 90
36 65 35
13 43 94
84 90 54
92 58 42
12 45 77
90 0 62
60 56 86
88 96 71
88 43 6
72 23 98
29 49 84
74 10 37
11 48 78
55 64 70
67 52 6
74 86 30
97 19 7
6 16 58
92 82 70
82 31 22
35 85 4
7 70 70
59 3 63
88 31 96
11 81 24
7 87 55
47 97 2
56 79 92
18 41 8
52 11 29
81 66 16
81 19 83
23 20 94
27 56 89
47 16 18
69 56 89
50 51 8
91 28 31
74 51 52
15 34 63
62 13 27
63 26 41
72 53 3
23 19 8
72 41 35
7 57 4
5 70 80
85 98 49
28 63 77
45 38 100
81 11 82
92 77 62
13 71 60
5 19 19
36 69 56
89 71 36
65 1 9
19 60 14
22 72 80
20 43 4
35 85 15
0 74 15
25 46 28
96 84 70
26 52 95
92 35 76
43 77 20
20 41 67
8 42 98
5 75 53
1 16 44
14 51 41
40 7 24
91 5 30
94 74 64
54 85 41
80 96 39
61 97 4
50 6 5
88 3 31
10 66 29
8 57 46
80 96 59
18 32 41
21 6 31
51 66 69
7 97 38
94 80 31
69 16 33
21 74 80
86 17 98
69 34 64
85 90 80
99 49 70
81 17 55
25 8 98
22 6 90
75 98 49
84 52 93
65 48 39
98 12 52
11 92 99
38 33 25
42 78 47
9 98 97
63 25 65
79 53 12
64 61 41
94 31 13
86 31 66
85 23 43
1 23 100
5 41 67
6 72 78
48 14 27
75 92 38
74 76 67
25 76 64
37 66 93
20 38 89
30 67 82
53 29 79
97 42 47
49 54 75
48 89 79
60 73 18
97 55 68
51 97 97
93 54 55
12 27 1
9 67 75
74 24 14
93 55 39
5 4 92
85 20 99
2 28 80
82 55 100
81 40 92
13 48 39
5 48 28
22 63 75
2 26 75
49 42 40
60 6 93
88 80 56
28 99 73
40 19 95
91 0 11
68 65 87
98 3 41
99 66 7
28 12 25
51 91 1
73 2 13
32 58 11
15 4 28
22 50 18
60 89 31
46 87 60
68 67 39
99 19 61
82 9 37
28 25 54
26 73 73
75 60 6
61 18 53
56 49 40
93 53 66
27 77 40
7 54 2
68 8 72
19 69 3
73 71 94
16 64 15
4 46 97
87 20 24
44 39 64
65 79 30
85 32 45
19 85 92
7 4 79
16 23 20
63 23 74
21 8 76
76 95 46
25 75 56
38 85 20
76 29 16
37 77 29
91 11 81
74 34 17
69 49 11
55 46 77
50 33 61
76 12 54
88 77 68
17 78 53
32 56 43
47 33 47
66 24 47
56 28 5
5 63 13
22 67 24
58 21 80
79 18 13
45 20 66
6 89 29
21 78 48
53 46 91
83 19 45
57 22 84
29 22 21
31 95 96
70 51 32
63 24 22
9 8 12
84 44 74
56 70 68
64 4 10
6 48 73
90 50 84
14 18 84
7 3 97
36 51 74
23 14 38
37 1 27
14 61 83
13 6 25
68 83 79
42 19 77
44 11 61
99 54 2
11 89 25
93 59 57
84 8 13
89 11 12
67 41 100
25 32 10
15 29 86
1 88 100
15 57 51
80 48 73
54 82 53
10 16 16
24 42 24
43 72 18
34 33 78
29 71 30
12 18 80
72 42 95
77 37 82
6 35 1
20 96 52
94 88 1
95 12 88
23 65 90
97 79 75
87 1 99
93 62 26
97 59 96
27 10 68
84 34 74
18 14 14
28 13 34
79 74 51
40 59 19
40 91 71
21 61 94
27 45 36
88 95 51
33 81 25
32 13 79
88 67 100
74 50 76
67 51 74
39 64 32
76 12 54
53 95 69
30 72 34
6 68 79
71 10 45
99 36 93
26 41 70
77 71 33
25 42 68
67 54 74
17 49 21
28 24 4
64 49 47
83 17 77
35 34 56
71 25 64
79 31 5
75 32 26
73 85 48
36 51 47
91 47 35
79 57 57
40 97 63
50 55 71
71 36 39
94 33 79
0 68 12
33 97 2
5 89 75
12 55 63
65 68 32
21 63 97
44 24 64
62 84 82
97 18 81
49 63 48
79 0 80
90 30 74
74 94 57
35 49 30
75 80 24
9 97 64
67 25 65
57 88 76
17 76 59
42 76 65
11 76 76
39 64 75
33 44 72
21 37 90
35 49 65
45 26 90
3 49 31
29 58 96
70 76 96
85 77 23
35 64 4
67 40 90
55 18 64
73 64 78
77 5 20
18 97 14
82 55 90
87 29 41
50 13 4
73 61 96
87 22 89
62 65 35
75 72 55
13 77 50
93 31 80
33 25 47
75 25 77
48 97 66
79 70 20
51 49 38
15 69 27
63 72 18
86 10 79
14 44 17
11 23 27
59 58 77
18 5 91
65 81 97
24 39 37
43 54 43
94 33 43
9 26 13
79 90 70
71 27 34
86 41 9
60 79 38
24 93 58
1 36 45
39 87 78
25 4 16
54 32 74
60 94 62
93 48 5
16 13 61
75 66 68
97 23 16
68 10 79
88 85 68
44 48 34
99 77 45
29 74 89
45 91 56
86 67 85
4 50 60
43 78 5
74 70 78
56 45 32
50 18 98
34 37 82
53 62 30
89 40 82
67 18 82
58 46 79
9 94 94
87 70 88
4 87 59
34 94 61
68 35 46
60 61 16
38 26 21
98 39 41
98 95 13
50 56 78
70 79 72
39 72 83
58 84 73
67 0 3
41 89 46
98 2 30
87 57 81
77 58 14
2 46 17
70 21 41
43 80 76
21 57 36
41 24 68
19 57 38
23 98 75
21 27 7
59 20 44
32 52 5
94 43 89
0 90 92
44 31 31
15 93 72
52 46 12
18 76 71
73 24 61
5 14 50
4 73 44
6 97 12
93 4 51
29 70 15
38 98 36
77 1 92
95 9 80
35 30 95
79 63 40
48 5 49
73 41 91
98 58 27
2 19 89
57 84 91
36 82 3
42 26 9
31 42 68
48 70 12
23 77 63
48 35 15
76 90 7
25 18 75
40 84 42
20 32 69
65 58 32
22 65 89
54 86 43
94 4 32
46 21 31
67 29 80
9 17 10
29 82 86
71 83 46
97 62 46
75 91 97
13 29 19
31 51 31
13 20 47
66 34 70
54 18 85
74 28 53
62 55 73
97 43 51
85 64 50
95 41 11
43 75 84
25 65 42
95 58 46
2 93 7
14 74 1
36 27 86
94 8 58
64 52 5
52 92 1
38 99 47
19 31 65
88 98 76
34 83 41
42 43 24
17 78 39
24 15 32
74 67 47
64 29 22
72 92 64
92 98 63
51 77 18
97 12 26
80 49 75
52 18 64
88 71 51
43 91 63
68 72 42
35 24 30
58 82 42
8 0 51
71 64 22
53 14 89
79 64 72
10 2 79
29 6 23
83 1 9
75 65 87
53 52 88
84 47 66
27 94 24
58 10 60
17 90 18
58 43 98
59 93 72
40 62 41
78 83 37
96 26 74
12 74 21
53 9 11
71 89 88
4 46 36
92 70 53
97 51 63
12 53 78
40 54 55
24 32 82
11 29 53
40 90 26
47 55 99
88 34 97
22 95 31
70 29 18
85 34 23
96 98 74
60 6 79
50 0 100
24 66 97
22 61 7
76 20 63
60 72 10
0 59 37
62 18 70
29 75 7
50 53 36
93 35 27
58 37 98
72 28 41
17 52 36
83 97 43
91 67 65
11 30 65
22 64 50
84 96 55
48 22 57
11 30 29
22 39 35
68 31 85
90 33 22
4 57 48
56 4 49
52 91 12
72 91 21
61 56 54
23 2 72
37 41 32
86 66 63
51 76 83
52 71 23
15 76 55
11 3 52
63 32 38
35 28 24
67 35 52
68 6 88
96 72 82
93 63 56
75 21 91
17 49 95
96 41 81
8 52 25
35 58 7
13 22 65
57 61 100
7 17 71
84 34 48
41 30 11
8 65 74
22 55 81
6 16 68
48 30 68
70 7 81
29 31 88
86 46 56
65 52 29
51 39 84
79 73 46
10 60 95
13 92 43
47 14 54
17 93 52
38 46 53
78 80 13
70 43 22
73 14 5
55 90 13
10 42 99
48 89 98
38 76 19
44 97 7
45 17 54
19 91 45
97 78 99
6 60 66
69 50 70
66 96 61
30 93 57
68 66 67
59 94 94
7 22 61
50 13 5
95 28 81
88 84 45
72 68 36
72 2 85
31 69 45
30 6 39
74 76 47
40 38 38
93 83 56
29 82 91
14 27 38
19 70 1
62 11 71
86 45 2
61 73 59
82 30 36
53 12 47
14 85 9
68 25 60
19 7 89
60 65 56
78 67 34
82 94 95
97 41 11
12 65 85
79 1 65
14 33 98
52 98 45
15 34 9
33 71 30
12 18 60
67 47 54
36 39 28
0 59 84
32 82 31
90 68 68
30 63 20
33 75 57
82 63 30
1 66 64
65 90 45
92 80 27
16 76 97
38 46 92
89 55 9
14 59 9
92 26 31
29 16 28
70 17 15
67 51 4
77 62 13
65 22 82
79 64 88
43 56 88
85 96 92
2 47 62
29 10 28
45 15 13
4 8 22
24 62 86
42 73 18
53 44 64
3 41 26
50 2 60
29 25 65
68 89 7
1 6 44
55 47 1
69 31 75
57 79 7
47 27 47
53 27 41
23 11 95
10 98 90
53 9 98
65 49 86
48 99 67
60 19 78
84 89 79
75 86 32
61 87 26
65 85 73
47 22 93
24 49 19
45 92 96
35 39 99
96 74 93
53 6 72
57 16 69
32 89 27
63 86 80
32 78 55
94 66 15
2 5 28
26 4 97
3 40 89
90 99 38
87 60 84
80 69 47
1 23 48
93 39 38
78 69 52
52 36 83
34 95 89
78 6 53
18 50 15
61 69 8
32 72 49
7 23 66
36 93 48
84 32 39
17 21 9
78 64 30
84 39 3
74 61 14
61 22 35
75 89 38
92 74 60
89 88 80
4 79 100
28 59 86
32 88 23
18 87 92
36 35 11
35 5 25
63 80 84
18 24 12
0 32 40
66 93 69
76 56 59
2 30 17
85 24 39
71 61 2
63 12 84
76 93 25
87 4 90
16 17 3
42 83 44
31 94 49
85 97 73
84 13 30
70 56 29
26 81 13
29 25 85
48 44 22
98 80 73
70 72 73
30 39 95
1 3 38
51 71 77
91 80 17
60 0 51
86 96 49
76 5 89
71 15 17
23 94 54
90 63 32
85 49 24
38 98 32
2 7 85
13 33 97
91 93 22
44 14 28
27 60 61
40 77 66
95 84 98
91 58 44
50 83 46
58 99 82
12 4 22
80 68 5
86 98 48
98 67 53
7 58 51
71 69 1
68 70 97
79 94 61
73 9 93
33 43 34
15 21 57
84 21 30
15 8 4
47 10 16
66 68 33
36 95 54
54 13 58
31 83 51
73 53 78
21 29 58
76 12 56
50 64 88
40 93 71
38 45 94
17 96 15
57 77 82
22 82 62
87 8 16
10 36 4
1 0 49
45 47 88
35 26 64
46 57 33
52 12 63
99 57 8
89 95 3
46 45 3
89 28 84
56 59 76
35 71 67
88 69 81
36 32 88
24 70 24
39 19 96
69 16 99
91 58 23
29 48 73
91 20 89
4 35 92
77 10 90
46 35 86
88 75 17
51 72 87
58 51 48
78 77 91
87 54 16
44 0 54
10 30 64
75 42 86
9 88 17
77 10 24
67 41 2
28 82 30
86 0 63
98 11 7
18 33 29
42 33 87
54 81 66
24 15 69
22 62 93
63 21 15
35 63 88
54 56 89
74 20 1
97 36 12
42 49 48
96 10 99
45 43 53
94 84 91
33 6 54
61 88 41
91 16 53
89 68 78
10 39 41
75 79 70
58 35 33
21 84 84
27 59 19
93 78 37
95 17 3
18 0 69
33 80 60
20 17 51
56 54 78
45 6 64
75 53 10
46 78 98
15 52 97
65 70 35
52 51 4
72 37 97
37 4 77
29 60 42
49 45 49
81 35 20
97 66 16
45 44 79
76 59 46
84 15 4
51 22 49
39 56 96
58 5 97
75 24 59
95 9 88
12 46 20
7 79 52
80 88 7
81 78 37
25 65 2
34 95 49
13 35 12
56 31 29
42 44 22
86 82 49
52 39 37
9 10 64
62 13 72
56 32 9
40 11 66
64 25 57
25 75 80
68 67 36
33 26 61
50 80 72
3 51 76
71 76 26
52 62 68
67 77 84
82 34 96
0 52 25
57 31 98
58 18 31
67 57 17
67 43 26
21 82 33
98 52 36
42 8 35
7 99 43
23 99 52
59 31 34
38 18 74
76 42 30
63 48 71
90 59 4
93 81 71
84 68 97
95 45 49
54 30 54
2 52 89
11 72 40
49 19 31
38 64 94
4 68 35
52 73 69
73 55 31
6 67 81
62 39 3
99 63 7
12 94 39
81 57 6
7 11 82
47 32 56
80 21 40
55 52 42
23 24 24
9 49 94
46 2 17
72 69 55
80 76 21
48 19 35
44 42 98
91 80 68
79 25 52
97 87 87
51 87 12
18 51 36
96 47 15
61 42 25
65 59 92
42 83 82
60 29 56
22 39 55
10 70 36
72 96 89
90 71 12
56 75 2
42 86 74
54 32 46
87 42 29
49 80 15
52 93 11
69 91 42
0 74 33
45 70 16
67 15 19
56 54 3
17 34 90
21 11 21
79 75 4
59 95 19
31 70 93
90 41 33
81 39 89
2 98 48
42 94 20
18 74 60
43 72 18
16 30 99
18 75 16
49 16 55
70 92 34
28 66 7
4 90 52
55 67 31
14 72 57
18 70 30
94 14 12
75 52 61
90 87 83
89 17 3
40 48 22
4 45 43
90 16 53
12 22 47
81 82 15
0 23 88
82 71 31
19 0 31
54 49 98
61 59 97
36 79 24
16 52 31
34 7 6
16 13 27
30 8 68
22 10 80
52 48 77
58 67 6
54 57 36
96 51 89
50 54 54
50 71 100
86 46 87
34 90 8
38 15 72
49 95 63
96 38 64
93 41 69
11 95 32
16 30 9
16 11 63
85 35 75
50 64 78
83 88 14
45 12 49
84 16 77
31 18 92
48 83 9
7 65 85
95 58 24
36 70 12
84 75 64
54 3 73
96 84 75
25 75 100
75 59 97
27 86 83
11 8 99
25 38 68
99 85 65
32 23 5
42 94 30
77 42 60
49 11 87
14 55 16
88 0 41
98 40 64
12 16 36
49 74 61
45 69 5
86 18 24
87 60 99
63 71 21
72 38 78
1 27 49
26 36 68
82 52 51
63 87 72
5 71 51
14 78 86
52 25 76
21 19 17
57 65 73
74 76 45
1 18 63
15 43 67
66 55 87
55 42 97
82 14 44
94 1 74
2 38 17
52 23 73
2 21 20
69 22 39
10 57 61
41 61 74
47 12 68
67 80 1
67 75 34
91 17 5
81 66 43
7 54 70
51 13 46
3 21 82
84 61 74
80 84 79
7 1 67
53 21 2
78 82 87
71 32 37
40 10 49
99 67 73
95 35 21
51 55 95
98 86 1
7 9 74
89 97 66
87 16 82
69 42 94
71 58 3
98 92 51
47 39 66
47 36 90
50 85 25
67 86 64
32 89 80
70 56 70
58 35 4
7 16 37
49 92 65
79 0 36
0 35 48
93 20 21
36 11 39
34 38 3
48 77 84
43 29 14
63 5 43
49 4 89
22 93 92
92 76 94
97 71 94
80 51 61
19 59 41
69 51 69
12 60 13
39 74 91
53 73 45
21 85 23
71 96 36
45 18 22
60 84 5
3 69 90
58 33 75
32 99 12
81 34 59
89 9 97
50 51 68
50 22 77
90 80 73
6 19 28
28 54 29
15 86 2
26 76 9
92 22 44
31 82 9
13 5 33
32 12 8
84 83 34
45 35 59
49 55 39
78 71 90
68 99 37
63 79 27
12 46 21
15 88 35
64 44 89
64 41 33
22 9 36
97 50 91
25 72 20
68 96 61
58 7 92
77 69 80
47 35 39
26 42 13
19 45 100
94 28 32
78 22 65
32 51 58
99 48 65
61 32 47
64 13 68
16 26 96
16 21 24
59 16 99
77 81 73
88 90 13
64 31 70
89 4 60
4 35 12
31 85 37
81 86 40
73 47 100
34 81 52
10 7 61
13 74 3
47 87 59
93 35 57
6 7 55
7 67 99
55 31 8
67 22 32
28 23 14
29 77 75
18 71 83
37 8 35
88 97 7
47 88 41
47 69 95
7 29 47
56 25 58
89 76 84
68 84 99
23 25 1
19 39 14
33 22 10
2 30 47
17 22 7
48 36 87
95 58 90
75 22 87
53 52 69
61 90 50
69 51 53
12 82 66
91 75 59
63 98 55
79 68 2
70 36 52
71 75 24
32 2 32
32 84 16
37 0 46
35 53 33
54 25 95
99 12 36
50 83 28
22 69 53
56 37 90
26 39 75
61 20 21
21 42 32
34 11 80
78 89 80
14 41 28
76 9 38
59 42 62
46 69 92
95 52 42
50 89 28
51 10 25
34 47 87
39 99 31
22 59 66
49 46 4
96 11 59
27 46 56
53 78 93
84 68 62
99 16 36
7 41 28
84 18 4
17 0 1
56 31 59
64 61 98
15 11 90
68 20 61
85 15 20
16 80 62
61 30 86
97 13 92
30 31 47
82 33 66
35 84 51
6 96 35
87 32 95
72 3 57
56 75 47
4 53 95
32 49 78
99 31 68
91 33 91
11 90 82
99 0 41
6 48 66
37 86 78
27 52 81
27 18 65
44 98 15
70 94 55
25 18 88
7 83 43
13 31 92
38 25 14
61 79 53
23 70 16
3 25 90
69 1 54
42 50 25
64 81 96
74 99 48
27 18 9
61 26 55
31 52 9
58 52 15
91 20 72
0 79 75
19 23 57
81 89 57
76 66 37
80 87 21
99 89 1
37 99 6
69 74 36
33 6 63
63 45 58
19 92 96
42 46 62
53 46 50
15 20 89
70 39 20
99 10 90
98 85 80
6 90 15
4 95 43
58 12 19
58 44 39
41 95 27
71 77 43
86 61 39
23 76 78
16 12 8
33 63 83
86 77 29
24 39 60
35 67 75
97 79 86
19 51 21
5 62 15
39 81 98
51 4 39
26 3 38
50 41 100
70 75 99
97 25 74
72 66 5
44 95 90
85 39 56
74 90 70
91 36 93
2 45 43
98 24 31
0 39 26
70 30 13
52 94 18
51 79 77
86 93 72
82 89 24
7 81 31
78 96 17
84 16 27
24 98 64
45 48 77
13 67 57
32 90 50
70 37 71
77 97 62
3 26 42
89 79 5
67 47 63
0 91 6
16 28 29
69 98 5
81 38 81
32 91 69
14 54 23
60 48 93
64 55 37
55 88 15
90 3 25
48 68 76
40 7 17
97 28 18
20 7 77
26 88 94
54 23 59
19 28 28
27 76 54
82 94 46
63 30 81
28 16 75
87 76 19
83 47 78
47 83 32
77 17 21
68 2 16
21 45 29
26 12 4
20 68 89
44 3 73
4 10 11
61 55 91
61 60 31
7 70 44
29 50 34
69 61 91
20 22 93
14 92 18
58 45 62
75 74 9
84 77 92
69 59 50
9 47 55
70 29 48
94 60 73
46 35 61
39 90 92
94 5 36
41 82 15
10 95 33
29 60 30
51 84 43
28 45 28
14 24 42
47 58 30
56 30 41
48 5 14
57 14 85
18 84 50
49 43 69
8 50 8
34 54 82
80 21 48
31 91 76
58 41 17
0 61 95
86 83 18
28 56 3
49 9 82
29 48 23
86 39 65
90 33 29
23 79 58
21 5 57
33 44 57
22 12 24
24 64 28
24 55 89
39 19 42
80 27 89
82 19 14
35 25 46
33 50 14
8 34 63
24 22 75
90 67 45
63 98 77
13 43 81
99 84 49
53 36 39
0 90 20
38 53 62
26 0 71
16 32 26
89 78 92
89 17 7
68 49 49
33 35 4
78 86 14
85 70 1
58 19 22
44 60 95
92 70 16
75 8 36
87 51 51
73 84 66
54 15 10
29 43 68
19 96 69
78 66 43
79 72 7
36 43 46
40 88 46
20 91 23
87 90 68
61 36 60
33 38 26
94 60 38
54 94 10
75 53 74
61 75 89
33 99 29
6 71 29
70 52 49
69 59 15
6 61 69
51 75 2
66 82 50
41 78 17
49 32 50
55 54 69
43 98 4
22 86 27
62 25 96
42 48 82
56 78 75
96 85 48
30 85 50
55 70 18
22 59 71
87 61 68
46 55 24
9 27 57
51 50 28
16 85 87
36 69 32
75 10 14
36 93 50
50 54 95
93 52 56
65 90 69
35 93 57
39 78 65
79 33 90
77 28 41
20 47 41
72 54 1
3 13 57
47 13 5
49 18 10
51 56 52
79 24 9
54 20 65
52 84 94
13 10 60
5 94 88
83 59 86
66 77 61
80 46 24
74 71 31
15 31 54
47 93 71
45 68 58
18 82 44
78 46 93
88 29 77
54 59 94
99 5 40
95 53 66
62 26 5
39 77 79
82 51 89
12 22 78
35 74 40
40 4 49
74 46 27
34 47 5
43 56 23
73 93 62
90 21 60
76 3 70
82 43 43
13 88 54
29 71 55
2 75 62
7 8 37
75 15 86
3 76 11
60 98 30
99 80 41
21 73 51
55 29 37
87 19 75
23 81 44
79 20 32
86 22 72
6 73 18
99 83 57
37 29 100
58 5 55
86 73 18
89 7 76
3 72 67
92 7 94
75 77 60
65 95 48
78 40 55
65 67 23
64 6 40
86 66 44
42 14 25
85 3 73
76 84 43
8 45 42
79 83 15
3 8 74
43 66 42
57 44 69
17 56 39
5 97 77
80 13 19
2 12 47
6 25 35
79 42 32
17 97 89
61 8 6
5 57 22
69 8 59
22 6 96
75 24 85
78 6 82
60 90 46
57 6 39
24 2 79
42 93 2
86 90 9
49 63 94
27 99 77
24 87 64
96 85 63
51 19 70
68 46 58
26 16 70
88 34 92
98 44 35
1 81 58
47 81 69
43 63 9
82 75 9
94 96 3
46 35 53
75 10 54
80 90 28
23 16 33
60 35 61
43 53 79
52 26 21
12 49 76
72 47 50
13 62 17
0 36 31
5 27 32
65 30 2
85 33 76
21 89 31
36 46 42
84 32 96
87 10 62
24 21 36
36 45 39
4 17 11
70 38 30
55 0 67
20 91 1
98 19 42
40 10 75
70 52 18
16 98 6
79 95 42
11 21 41
42 7 16
64 24 97
13 9 7
42 8 65
9 81 78
19 87 49
37 92 60
49 60 41
48 22 41
84 85 96
5 73 48
68 31 48
50 86 77
20 81 93
13 25 60
62 43 44
61 90 68
24 26 6
32 83 3
46 21 75
42 75 28
41 1 17
36 48 63
60 54 59
23 22 16
38 85 30
22 60 30
77 96 85
5 22 50
38 96 86
42 49 75
1 36 73
48 39 11
80 77 55
55 99 35
1 63 75
44 5 99
53 43 27
0 41 58
98 23 36
33 61 15
3 12 40
3 8 9
50 73 31
96 72 21
72 14 50
65 26 15
13 98 67
28 40 44
94 87 93
56 69 99
97 67 87
80 56 37
55 80 38
33 48 39
82 36 25
41 5 90
98 1 88
98 92 49
0 21 29
22 15 90
20 51 60
27 36 36
36 28 74
36 51 86
52 91 61
72 73 7
47 57 9
50 86 80
22 57 89
62 29 69
24 67 16
32 79 20
50 75 77
90 93 8
95 3 35
19 82 67
99 91 10
99 82 84
52 40 74
81 60 44
61 44 39
35 82 9
11 58 21
55 50 21
50 13 66
82 92 71
40 29 42
21 72 95
75 69 91
12 97 40
96 61 27
38 57 48
60 25 99
98 25 20
86 14 36
5 74 93
75 83 59
58 19 46
71 53 9
83 53 15
7 4 79
21 34 70
66 30 13
1 98 94
49 76 69
14 19 22
73 66 38
49 50 90
50 91 50
45 83 58
28 75 80
65 72 83
80 9 12
33 30 6
20 98 93
20 17 83
11 42 44
47 91 94
22 17 74
94 24 29
51 36 28
99 64 65
95 80 32
42 16 64
5 4 34
50 90 17
22 94 93
92 10 30
10 61 36
5 71 87
0 12 80
3 94 11
58 99 83
45 71 76
14 7 50
18 27 72
43 29 77
57 99 37
69 20 66
83 35 86
71 76 53
22 10 63
91 99 88
20 86 94
23 24 73
65 8 38
26 79 3
28 1 20
43 26 37
22 56 14
36 54 9
6 20 98
66 79 59
32 11 14
48 51 78
75 29 87
4 59 73
58 60 19
8 5 73
88 37 46
94 86 32
48 27 13
72 89 43
71 81 44
53 31 31
43 5 48
15 45 81
10 12 81
76 66 56
31 50 1
85 19 57
2 83 91
12 57 74
14 87 57
18 8 24
94 70 26
66 60 89
71 22 19
25 58 37
7 72 25
19 53 47
97 46 71
92 7 7
25 32 89
8 78 79
28 70 87
49 52 100
48 67 72
49 34 2
87 33 61
32 52 89
40 78 5
65 63 93
47 70 92
70 94 89
14 19 67
72 83 49
19 40 67
82 25 89
4 18 81
69 80 9
1 90 72
66 70 72
19 15 5
43 36 77
63 53 37
37 56 16
87 37 61
72 95 34
43 93 83
16 73 44
56 6 49
99 53 54
68 30 36
36 72 85
5 54 10
29 86 44
6 76 30
16 34 77
55 8 60
83 84 85
24 9 44
96 62 68
60 80 73
99 88 23
13 9 12
89 3 88
99 23 94
97 85 57
50 3 70
3 25 77
8 23 67
25 98 44
99 95 51
42 12 46
57 3 14
99 10 89
25 24 38
54 68 100
75 89 84
26 62 7
92 43 52
27 94 5
0 67 67
65 41 96
15 54 27
89 5 37
35 51 89
88 28 93
9 83 5
20 98 13
30 37 91
52 1 64
44 73 79
52 45 88
48 40 59
67 97 86
0 54 89
3 43 27
29 5 27
44 62 61
13 78 57
8 33 60
67 36 78
62 19 75
58 32 91
73 96 28
47 68 37
47 86 21
42 67 37
45 96 7
10 66 11
76 20 68
6 21 64
92 19 81
84 57 59
32 1 94
85 92 60
72 87 34
30 93 75
67 16 53
67 21 49
69 60 10
95 93 9
76 87 4
9 34 17
4 8 72
84 40 22
27 83 87
30 36 55
6 97 34
89 61 19
85 81 26
64 30 42
24 1 19
93 44 77
82 56 6
90 38 76
38 41 100
23 38 86
62 64 100
73 30 89
22 7 64
67 7 65
23 93 95
47 14 11
43 18 70
39 62 39
23 98 57
15 5 69
72 7 57
6 89 79
42 9 90
72 77 60
58 50 1
28 8 60
56 99 30
18 58 67
21 57 33
81 50 35
61 33 40
6 87 19
28 58 33
95 27 15
77 86 88
58 56 98
59 88 93
74 9 37
91 49 21
35 76 80
43 15 7
3 33 53
74 70 15
27 57 52
65 80 3
18 41 51
75 77 94
24 6 46
27 32 38
71 40 64
51 78 4
56 81 79
12 82 46
20 10 13
20 60 78
96 28 82
4 88 96
79 67 90
47 75 73
67 83 81
61 59 78
21 67 61
70 25 87
23 24 31
33 22 88
71 76 77
11 49 30
95 22 97
61 24 2
75 4 25
58 9 44
53 34 77
90 59 21
96 5 82
63 86 82
75 84 80
62 49 69
36 91 61
56 35 19
53 10 96
25 20 95
58 6 79
63 4 62
8 28 64
34 38 28
18 61 68
37 95 64
49 12 28
61 79 62
44 52 98
58 41 46
14 46 51
65 90 71
6 39 55
25 2 48
58 88 84
84 21 13
75 78 97
83 56 17
77 53 39
20 62 96
40 9 40
69 95 97
49 34 100
56 25 67
27 96 78
35 84 67
18 73 34
29 92 32
66 28 43
40 83 7
58 20 26
55 37 90
92 61 8
65 56 58
86 48 23
96 61 32
53 21 27
56 95 54
9 22 51
50 16 90
25 18 80
60 28 57
39 19 28
25 36 81
0 20 30
2 43 70
81 88 33
40 56 37
47 82 36
27 99 26
41 73 35
4 83 16
50 83 47
89 30 53
0 31 52
31 21 50
30 29 90
89 62 92
81 9 76
16 42 98
46 29 26
56 35 73
12 76 43
64 94 68
71 78 25
86 42 87
71 28 71
85 82 73
37 43 25
44 57 95
3 86 63
18 94 26
61 53 69
89 29 52
34 65 93
2 46 67
93 87 60
0 93 1
94 4 29
47 22 74
86 17 41
37 20 18
26 76 15
32 22 2
54 96 88
9 82 22
88 81 59
28 32 97
21 20 76
37 72 32
79 75 83
54 19 27
39 49 14
83 63 22
22 20 22
68 85 55
25 31 6
64 95 89
35 33 37
55 60 48
64 28 8
90 46 87
23 49 8
26 52 52
44 20 66
6 71 84
51 94 78
84 73 20
40 7 93
62 56 91
57 58 25
97 45 21
43 28 85
81 93 78
27 86 97
0 33 16
31 18 18
58 91 85
55 0 91
50 0 63
85 82 47
89 26 47
66 88 99
86 92 65
20 6 33
57 18 61
31 14 67
34 24 89
46 94 79
19 40 79
39 83 9
71 75 32
91 33 3
12 14 23
89 64 98
76 12 75
98 65 11
95 87 99
22 79 96
76 98 67
5 31 83
81 74 85
25 88 42
99 92 60
70 82 5
42 84 19
11 2 93
4 48 35
30 95 1
14 19 9
9 64 63
78 17 74
92 26 33
82 87 9
67 92 11
88 17 79
19 43 9
11 64 6
57 12 65
0 14 60
69 0 50
13 37 76
61 15 35
72 96 98
69 91 33
13 48 8
80 78 9
33 80 96
9 8 43
24 31 100
3 36 8
83 48 19
64 58 95
82 4 10
34 36 76
93 15 97
82 31 10
8 46 82
18 47 77
38 49 56
58 97 33
75 59 26
80 39 20
54 59 89
86 27 37
95 94 27
78 34 38
4 36 93
26 98 84
99 89 42
95 72 43
77 4 3
66 95 64
87 44 33
12 56 88
82 11 80
9 61 65
48 33 36
89 13 88
74 95 28
28 7 13
27 81 90
95 46 53
75 19 27
13 75 36
69 8 41
95 59 90
75 11 13
10 66 66
7 77 75
13 47 93
91 1 78
62 10 20
23 84 32
79 96 14
24 29 53
17 71 10
80 64 53
23 87 80
55 38 80
4 77 30
95 86 22
28 1 38
24 53 86
7 77 91
98 33 52
0 82 94
17 47 29
88 19 74
81 97 26
65 12 26
37 76 16
38 77 71
88 86 51
8 72 71
55 86 1
16 20 17
37 26 89
30 26 61
1 21 46
96 28 75
31 2 68
54 87 73
88 48 38
38 53 42
60 10 53
86 48 67
2 41 23
82 99 32
92 13 11
58 25 97
28 86 68
38 70 71
98 88 93
64 0 93
36 39 9
58 32 71
73 71 83
53 85 79
42 84 39
10 85 97
80 77 42
95 40 67
44 52 11
81 43 76
62 97 25
11 14 78
72 33 17
24 95 52
94 34 94
71 24 20
43 20 98
74 43 19
35 84 7
29 69 25
48 30 12
79 93 77
8 74 31
21 31 16
82 17 38
9 89 11
99 48 17
10 14 45
7 44 76
95 67 22
16 33 72
71 13 81
14 8 17
70 92 30
42 31 12
87 50 38
8 95 48
45 39 74
37 95 25
67 13 32
20 11 89
4 24 17
86 36 65
11 56 62
5 93 16
61 57 87
84 36 21
60 35 64
5 18 52
87 70 69
24 37 78
16 3 30
47 3 31
73 43 23
93 46 22
93 69 8
21 33 54
15 24 28
43 41 43
76 69 8
25 24 93
31 9 40
18 79 50
70 60 2
51 21 100
14 84 50
21 24 100
57 55 70
24 90 16
8 53 45
53 0 2
61 70 1
1 85 54
23 80 77
76 55 36
95 10 39
82 29 78
36 30 11
96 0 85
35 36 88
71 21 57
42 2 58
61 89 10
45 71 62
22 80 12
3 95 37
26 52 37
85 65 52
43 31 67
94 65 74
18 38 28
32 9 46
77 58 51
44 16 41
10 48 43
60 16 43
1 53 80
24 12 90
8 6 15
81 30 69
5 39 37
89 54 81
6 29 58
66 92 57
99 93 50
22 24 64
31 7 64
18 33 57
64 53 91
80 82 56
80 14 71
51 50 13
20 98 51
13 49 89
92 33 11
17 63 26
81 89 2
82 86 79
8 98 96
21 64 71
48 33 21
83 47 1
92 40 58
70 65 19
95 91 13
47 96 57
54 38 64
65 50 65
57 98 28
19 57 7
1 30 29
17 42 50
20 38 85
12 55 39
8 99 46
55 95 35
13 28 54
68 25 77
79 21 18
92 95 31
66 25 7
29 60 87
66 81 89
63 33 71
29 42 68
63 93 79
0 24 93
18 53 47
28 58 46
54 88 34
77 59 55
5 46 5
81 64 64
18 44 56
97 50 90
10 39 93
74 39 56
33 90 10
40 95 27
45 10 96
34 87 52
94 6 65
0 5 62
91 16 45
49 43 87
81 7 77
39 71 87
66 14 95
23 87 61
66 19 56
60 5 89
54 15 42
31 63 15
75 55 78
28 57 52
80 60 92
10 89 81
91 20 55
55 66 71
13 34 96
75 88 22
27 89 72
50 47 8
85 31 40
1 12 85
87 58 14
45 40 12
85 22 57
4 11 91
47 23 11
85 51 71
22 68 4
22 16 25
4 23 8
19 76 40
38 36 66
62 78 12
99 53 57
84 42 75
2 77 32
16 28 68
60 40 17
30 71 68
93 4 97
88 20 32
12 42 90
92 95 100
84 33 90
20 62 93
37 94 91
86 2 63
14 90 9
29 23 22
47 78 41
40 63 65
72 54 10
29 22 85
41 45 52
51 9 3
83 16 75
3 16 93
93 64 73
7 90 22
9 35 10
34 60 83
42 80 37
96 55 18
81 23 17
96 29 19
68 50 62
47 63 31
91 36 40
21 34 11
80 98 97
90 61 78
26 88 34
27 94 96
90 94 99
30 24 41
37 66 70
77 95 91
33 27 37
87 66 40
90 84 79
92 50 86
35 70 7
20 85 62
70 89 52
41 57 6
73 48 93
18 22 11
21 62 2
53 2 94
38 76 10
68 71 59
75 80 7
97 84 9
30 47 19
49 72 71
72 36 37
36 72 50
90 99 1
3 39 81
5 27 51
21 41 16
67 57 83
20 83 61
66 59 96
25 78 23
43 40 4
75 11 25
71 3 92
70 9 58
48 76 22
48 40 59
15 35 99
95 84 74
64 92 59
18 51 58
28 61 74
33 93 15
95 1 57
35 85 69
93 56 55
54 99 74
44 31 79
2 81 49
47 14 78
21 36 8
80 93 91
57 68 72
47 73 65
22 92 39
29 65 28
69 38 31
66 42 48
84 20 56
18 2 66
12 41 60
22 76 81
33 39 88
80 0 58
65 79 5
40 64 23
73 94 71
96 26 40
83 8 62
59 46 63
72 26 99
13 22 63
59 89 37
28 83 45
54 59 98
18 6 78
52 29 77
33 17 49
69 76 60
36 86 21
87 6 56
84 13 49
10 65 71
98 22 13
17 93 67
32 48 19
24 11 8
54 82 74
1 90 17
35 91 76
14 15 40
28 61 42
57 39 96
51 16 16
0 99 5
50 1 74
48 72 72
80 77 89
27 94 51
71 77 60
6 96 92
71 44 38
58 68 15
73 89 97
98 95 14
85 28 5
13 34 62
62 10 15
69 55 95
63 9 22
56 85 30
68 92 71
20 50 50
49 59 24
87 91 31
4 94 84
35 63 56
19 85 6
89 60 33
29 5 38
84 21 12
75 48 47
72 18 31
29 50 58
77 4 100
58 2 2
94 23 36
89 6 32
13 86 58
66 78 44
18 77 90
44 25 20
50 14 57
92 62 53
2 47 88
49 79 16
88 6 30
44 29 62
84 68 39
59 58 2
54 99 40
88 74 57
59 53 65
69 64 57
52 41 41
51 30 27
8 54 31
83 84 24
16 69 89
84 35 75
35 60 14
85 98 82
9 43 44
11 58 88
93 53 1
22 88 75
18 6 44
33 95 65
42 86 94
81 33 1
88 70 25
19 91 5
88 47 90
39 77 96
23 99 82
36 91 43
67 91 95
73 90 95
51 89 25
96 40 15
57 63 86
22 97 83
75 81 70
97 35 78
79 8 9
42 88 47
43 28 34
2 67 49
2 87 59
30 53 38
76 48 7
71 14 13
59 2 19
95 41 93
45 94 65
75 1 69
0 96 35
90 16 36
85 43 56
93 29 32
26 85 71
46 21 95
75 35 39
14 71 68
60 56 74
69 21 15
70 31 77
13 31 63
42 15 36
77 8 8
19 40 10
93 78 53
87 97 46
26 61 95
48 17 95
44 57 46
72 67 22
30 68 52
18 66 20
13 66 32
75 84 12
49 97 85
3 60 19
80 54 48
64 19 35
63 23 11
75 8 54
97 45 28
43 48 17
81 98 22
94 64 76
75 3 39
35 63 59
63 39 64
76 29 97
55 24 21
14 92 55
84 67 18
76 78 4
38 95 92
71 19 43
12 75 98
42 63 66
76 15 92
78 17 11
60 84 6
20 2 2
75 66 36
50 42 60
96 86 2
49 12 60
4 91 6
85 70 22
44 35 94
57 76 63
19 0 12
28 74 16
45 34 71
4 0 56
0 74 98
25 83 41
23 73 52
77 8 48
5 70 75
20 26 66
33 25 10
79 28 62
4 96 99
46 63 63
63 41 36
52 8 5
94 30 35
26 12 24
84 38 9
55 99 69
41 47 48
18 67 2
30 42 11
21 1 67
72 98 16
16 60 27
49 88 32
98 56 22
32 6 91
11 21 79
32 12 97
18 14 77
96 16 18
64 52 76
5 12 95
35 70 74
50 96 82
79 14 29
57 70 95
14 37 49
1 77 95
35 18 20
76 53 82
7 77 43
66 45 24
49 53 54
39 59 46
93 60 82
27 21 90
66 6 91
71 2 17
27 67 26
59 73 89
99 95 38
74 56 46
73 66 42
17 36 23
99 94 63
17 96 46
59 68 17
96 59 41
5 33 61
4 75 45
6 4 4
75 9 5
3 64 81
78 92 54
76 79 37
27 31 74
83 73 77
98 89 6
45 81 9
41 9 31
57 48 68
0 45 9
68 59 20
44 21 38
25 78 54
30 63 71
7 75 87
83 11 44
56 84 28
66 49 41
28 95 74
59 3 78
46 92 88
3 86 52
1 52 55
44 36 20
63 7 12
8 40 44
68 39 26
6 26 43
83 26 56
97 53 83
68 43 36
85 47 41
54 99 93
62 34 32
16 38 61
68 78 20
86 9 64
14 49 14
82 29 58
7 85 23
89 7 16
21 19 46
63 66 80
31 81 81
56 23 53
11 7 54
53 57 5
76 33 24
79 26 13
5 30 79
84 16 1
60 95 62
4 6 46
0 44 46
77 89 84
98 14 64
27 64 78
47 61 93
62 64 76
67 23 2
77 90 62
82 29 99
78 61 41
42 38 26
61 52 48
90 72 3
23 57 58
63 84 34
4 93 55
39 25 93
81 18 3
97 35 17
64 10 15
2 67 60
35 51 35
25 58 74
62 22 15
96 60 70
65 75 90
97 57 9
90 86 92
44 25 72
44 21 4
19 6 47
82 39 2
41 47 98
3 99 37
20 3 49
8 79 42
33 83 88
83 20 30
45 8 24
8 9 59
30 61 27
83 47 98
91 80 49
61 76 2
24 52 39
2 30 98
56 20 12
8 91 70
34 25 89
31 41 15
52 34 28
51 36 4
88 52 6
79 94 90
64 82 8
21 48 58
17 57 75
17 25 80
46 73 66
28 85 35
78 69 29
61 42 89
62 29 15
22 85 70
91 71 38
31 79 46
23 38 41
94 17 59
40 2 5
6 32 71
24 1 88
84 88 95
4 23 45
66 73 55
91 20 79
69 51 94
44 51 82
34 58 25
39 76 80
95 68 72
72 73 75
63 9 99
83 23 4
68 50 12
24 10 7
1 11 10
1 48 76
95 19 88
55 77 39
57 20 12
14 29 32
76 94 85
83 8 7
79 34 4
60 92 9
42 17 82
21 97 54
37 65 41
79 26 87
23 52 29
45 18 80
60 57 10
2 37 34
85 35 77
62 96 15
18 34 80
28 36 85
55 57 75
20 38 97
62 32 5
47 57 65
34 98 9
63 46 61
96 51 58
33 86 84
87 55 52
72 37 41
45 61 29
62 33 34
37 30 30
20 25 52
16 59 46
11 60 61
40 48 52
37 93 30
11 36 24
68 33 33
63 12 70
56 93 65
77 49 35
22 91 24
98 50 74
88 23 16
76 77 25
60 41 23
64 29 22
61 18 30
39 25 58
16 80 17
68 46 71
6 69 16
94 64 4
10 41 22
3 16 79
34 84 91
74 72 68
76 77 40
34 70 98
58 3 97
21 18 59
29 60 47
1 45 25
52 80 37
66 93 74
40 12 59
37 51 36
62 13 79
98 2 70
70 27 70
38 45 66
53 51 46
92 19 15
28 90 19
21 48 31
19 82 100
55 57 88
59 30 77
34 35 82
69 45 35
78 20 27
94 7 63
19 18 89
83 37 78
83 79 67
74 16 50
97 95 11
89 58 75
73 95 68
40 98 45
67 58 21
13 74 24
21 5 11
84 90 85
17 35 17
30 79 86
52 18 20
58 78 20
53 95 80
93 75 69
40 19 35
15 3 55
33 57 74
67 10 66
32 94 99
97 20 68
42 35 46
70 0 84
45 50 69
48 31 80
0 72 42
41 98 67
58 63 88
35 22 53
97 29 11
41 22 38
88 72 82
55 20 42
3 60 56
96 39 77
17 2 35
54 90 46
1 61 58
44 17 13
9 87 90
78 81 34
64 29 28
64 54 67
94 30 42
10 40 7
65 35 32
41 28 78
12 35 37
88 66 86
43 60 54
2 14 9
27 51 68
12 1 21
12 2 20
17 65 18
53 81 54
41 5 48
78 30 59
67 43 96
40 43 11
75 35 68
35 8 76
22 92 77
41 20 62
85 59 87
95 60 30
82 73 40
52 16 75
12 29 69
42 79 24
29 93 21
35 51 19
12 73 56
65 71 100
4 83 47
86 2 93
24 25 60
99 27 39
17 6 46
48 52 25
2 19 93
60 27 9
90 29 39
48 8 89
81 89 5
95 13 33
9 23 74
44 89 49
3 28 62
37 15 89
21 23 59
52 87 69
90 87 74
93 53 51
36 85 52
8 4 73
79 13 86
32 82 28
40 31 27
99 12 32
26 93 37
61 2 51
6 51 4
91 81 70
97 94 53
2 57 71
56 8 39
85 57 16
96 66 69
54 33 54
87 41 32
22 86 48
34 29 3
48 19 85
5 59 36
84 39 62
7 67 73
37 88 57
70 1 79
4 37 36
6 19 2
98 6 88
65 64 99
93 7 73
85 72 13
9 97 33
22 41 69
30 39 41
64 78 35
17 46 34
6 59 83
82 7 83
35 53 19
82 35 31
99 21 87
24 38 61
77 6 84
78 25 77
95 73 79
59 9 96
38 46 70
18 86 85
16 82 66
76 77 20
43 24 25
30 94 44
78 91 94
34 45 46
78 8 39
71 2 88
61 40 75
91 28 25
93 95 22
68 73 24
62 32 57
75 6 64
52 66 63
56 59 85
49 41 55
43 38 37
0 82 90
35 59 8
37 8 64
41 5 91
62 70 50
56 13 76
56 96 79
48 24 62
46 32 35
70 66 97
85 22 50
24 38 69
53 26 91
55 12 13
92 12 63
78 25 22
6 93 95
38 85 92
45 91 15
82 85 73
93 48 41
90 7 86
50 99 97
21 0 18
52 94 96
12 62 100
24 53 84
15 93 49
56 91 55
30 64 63
17 96 93
11 79 89
96 50 50
93 11 45
52 46 65
85 45 21
53 16 37
81 36 47
92 90 46
53 49 19
42 20 71
73 47 29
74 51 100
89 54 94
55 14 25
78 94 33
75 63 86
58 23 22
42 22 5
33 96 49
27 62 35
48 73 37
89 27 34
96 84 24
1 47 92
68 93 89
80 46 29
26 55 1
87 33 13
20 4 77
19 9 29
84 39 56
85 35 53
57 72 8
3 37 15
60 9 38
74 77 62
41 84 21
6 35 94
92 41 87
88 91 85
8 39 63
41 75 8
56 9 75
82 36 98
77 3 16
22 50 58
85 49 65
40 9 32
34 65 84
99 70 74
31 51 17
74 72 81
13 2 79
39 57 58
39 48 21
97 76 26
98 53 57
96 23 72
49 30 35
59 34 26
58 34 95
66 62 1
28 80 86
2 78 77
90 43 28
26 3 79
79 48 43
93 53 75
26 54 38
43 98 84
85 88 32
99 22 43
17 40 37
70 96 89
90 85 59
98 57 75
76 25 34
92 30 68
33 48 17
52 11 30
71 81 53
62 18 94
95 50 14
84 33 37
44 11 61
69 5 97
77 52 94
15 21 69
36 77 93
1 15 26
22 60 97
69 18 46
5 76 52
48 64 15
47 64 44
68 40 66
78 14 68
24 36 100
55 89 92
77 30 26
2 94 60
74 82 36
80 48 67
71 80 26
47 91 47
33 51 95
32 57 11
80 82 79
7 13 88
95 57 30
75 44 14
94 84 50
73 82 59
42 35 15
17 73 93
12 1 84
61 93 39
76 8 51
60 23 45
34 18 70
62 98 7
10 40 11
76 1 85
0 16 15
54 17 60
31 7 64
74 38 27
86 97 40
61 44 100
89 93 55
67 76 24
56 88 40
63 17 32
48 79 24
97 65 63
21 52 69
60 21 12
7 12 93
26 50 21
14 12 15
77 7 84
64 20 80
17 47 59
3 41 37
12 30 1
50 34 9
97 21 73
28 57 53
43 8 39
68 22 6
11 20 77
69 72 52
49 3 90
41 47 82
68 79 32
96 32 52
61 18 94
33 67 68
60 57 63
10 30 27
7 98 50
6 36 43
56 71 76
18 64 91
96 9 10
29 28 48
7 64 16
91 34 65
14 27 57
79 70 29
9 35 42
69 46 40
14 35 40
1 65 5
31 7 6
62 87 9
5 3 36
46 26 67
4 6 16
24 91 68
92 69 76
20 45 92
2 62 8
38 30 81
37 9 96
31 92 21
37 0 42
87 35 85
13 28 73
70 63 43
75 73 76
14 79 31
83 78 57
36 82 50
16 19 29
45 2 15
67 69 49
99 77 52
21 18 30
65 9 46
29 38 12
3 47 54
83 54 49
78 76 32
32 14 69
81 68 22
61 18 36
31 64 42
60 8 2
84 13 77
80 32 31
51 12 36
66 96 96
44 99 52
98 13 100
21 10 16
84 32 28
42 91 52
37 8 69
68 24 28
1 37 84
15 70 26
59 95 27
77 19 99
47 64 37
10 12 24
17 89 17
9 80 53
99 43 85
33 9 41
96 64 76
25 71 55
87 28 36
19 76 43
19 98 67
11 47 44
24 86 16
94 71 43
44 30 81
90 96 95
39 88 90
55 83 5
64 54 94
40 56 99
32 43 15
37 44 74
90 10 45
94 3 95
30 99 56
91 45 7
87 94 59
32 94 86
64 70 99
27 66 35
47 25 17
80 43 74
25 17 83
56 87 20
59 81 39
87 54 2
95 76 83
96 2 58
23 22 48
43 96 10
13 5 67
19 69 14
61 80 26
96 5 17
78 29 22
47 89 39
96 93 47
56 44 94
87 3 49
85 27 80
75 1 79
73 19 90
78 13 98
93 88 62
30 76 10
11 46 70
45 73 22
71 53 59
55 2 74
20 66 72
20 29 56
17 69 48
58 71 77
26 39 45
86 0 62
29 43 80
62 17 49
7 62 11
48 58 34
56 84 19
44 88 17
83 56 68
42 19 62
9 42 99
38 21 24
18 27 60
28 96 26
53 51 54
33 95 69
92 75 50
20 61 31
16 53 100
33 74 10
27 34 47
41 79 60
72 31 87
86 73 38
81 90 1
99 10 85
45 61 93
53 59 54
52 44 43
95 19 33
86 6 35
52 67 73
99 75 27
51 49 62
12 86 88
86 39 99
35 9 59
30 86 62
12 39 48
22 27 98
95 35 10
25 28 52
21 55 12
81 25 91
57 7 67
19 45 68
66 90 41
67 0 22
59 64 32
99 18 63
52 22 12
65 54 59
57 88 1
27 58 16
78 65 9
52 10 96
43 92 43
13 73 60
22 99 73
86 7 16
62 84 16
74 11 78
73 64 44
71 54 52
55 71 39
95 53 49
77 80 85
15 85 68
89 20 86
66 77 17
68 24 22
96 16 34
49 94 84
52 26 88
54 79 50
9 66 52
20 98 57
50 11 67
1 25 82
59 16 32
10 59 88
45 9 73
57 11 92
75 14 30
47 78 14
43 89 42
64 82 78
60 10 62
5 80 18
19 12 20
12 43 7
58 74 55
49 6 86
28 30 15
71 0 78
17 3 95
79 12 50
67 25 92
72 88 7
61 73 77
42 93 29
20 99 10
2 76 95
46 50 33
26 91 95
56 80 12
3 70 27
32 2 16
95 2 30
33 18 22
8 40 32
77 89 64
63 52 69
42 99 55
77 94 91
84 40 30
80 21 66
17 40 60
73 32 45
83 22 12
52 1 53
43 36 63
54 52 91
3 38 86
24 45 13
68 66 80
88 18 76
79 93 84
12 88 98
70 39 83
21 45 8
24 6 24
85 72 56
10 15 11
88 33 5
82 32 71
50 0 1
61 60 35
32 24 52
85 7 20
25 70 34
57 97 65
45 43 47
58 55 38
70 90 80
78 59 19
16 37 100
44 34 14
37 16 40
83 88 11
52 87 68
9 53 57
22 92 56
17 53 18
78 68 67
68 79 37
93 38 11
56 9 78
37 63 51
57 98 84
47 49 5
92 18 77
66 86 99
48 63 30
77 15 60
78 2 28
70 2 34
27 17 5
9 41 79
99 8 94
9 81 65
2 0 54
83 60 59
25 52 25
68 26 14
25 86 47
70 88 94
53 56 92
70 96 95
47 66 60
34 16 50
60 65 3
30 93 62
7 73 16
88 37 33
90 49 78
8 22 16
21 20 92
46 6 9
61 22 92
3 66 15
71 99 99
38 53 43
30 87 100
95 93 81
56 99 100
94 12 60
27 60 83
63 56 17
68 23 21
11 83 87
58 73 79
67 22 7
62 9 76
20 32 69
49 72 8
78 5 1
48 65 44
75 84 7
39 41 10
26 7 16
41 62 6
75 16 17
92 49 79
50 61 81
86 15 46
60 21 93
90 50 3
30 60 12
50 41 58
27 49 40
80 44 30
19 63 72
63 83 17
58 84 22
48 72 65
14 8 81
55 18 13
37 22 25
81 72 70
69 5 59
7 96 11
12 50 14
82 93 26
12 7 48
60 87 64
8 80 52
54 84 33
2 55 17
72 89 75
17 40 18
72 47 30
82 74 79
92 53 52
82 20 68
55 43 92
86 87 44
44 26 36
89 88 71
77 72 61
63 59 9
75 78 3
6 85 22
82 13 37
70 37 66
2 84 59
86 96 53
0 38 51
5 64 54
48 70 29
0 57 48
24 99 47
99 62 61
0 91 96
9 97 27
76 18 100
72 11 34
97 36 21
46 15 78
55 40 93
81 89 65
30 17 36
55 46 8
43 44 23
31 35 33
19 48 15
2 10 90
37 71 68
34 87 60
14 41 27
22 46 63
55 53 84
47 52 90
4 30 81
81 94 34
67 65 9
39 4 49
51 96 95
32 78 1
47 46 33
2 72 56
78 52 99
45 25 11
1 34 81
95 4 56
19 85 85
32 64 58
18 52 20
3 40 40
69 36 41
79 81 83
30 3 89
58 83 46
15 30 60
0 31 94
11 22 86
30 35 32
76 5 45
89 4 46
98 5 26
61 50 1
29 30 24
23 91 86
79 69 30
11 52 43
17 37 6
65 12 27
95 84 61
56 42 81
0 98 98
28 38 54
53 55 85
7 67 51
56 41 9
56 75 90
7 56 14
42 69 62
68 8 14
86 95 78
59 89 11
94 7 31
91 32 2
65 15 96
71 44 100
93 35 41
2 44 14
39 69 94
25 46 15
64 28 14
6 41 42
68 42 31
16 63 66
59 77 31
0 48 27
2 47 30
36 23 29
88 17 19
54 97 41
68 93 91
76 70 9
83 30 82
48 72 79
85 39 59
95 90 46
0 84 47
25 34 52
34 75 30
36 37 72
71 49 84
53 42 23
84 98 97
0 43 37
61 64 95
63 68 38
12 89 62
82 86 9
96 11 74
14 67 45
21 58 15
5 50 75
8 57 4
60 27 22
27 31 58
27 13 87
53 64 10
80 93 13
66 93 3
22 39 62
43 36 46
43 19 26
74 68 53
57 39 19
5 66 78
31 24 30
59 11 60
61 33 40
2 12 29
36 52 36
61 40 92
57 73 49
73 99 76
79 58 76
97 59 18
67 1 31
75 74 47
40 71 87
72 24 60
37 58 54
64 5 45
59 52 59
69 83 90
40 21 25
99 63 65
36 28 69
38 39 1
45 72 47
67 28 87
65 63 25
47 55 4
34 25 28
94 24 63
64 67 9
43 17 18
24 1 65
94 61 55
70 48 79
61 57 68
3 78 37
60 39 65
35 84 25
51 47 95
34 38 54
62 75 55
40 17 91
54 28 51
37 51 48
47 10 60
88 90 16
97 83 94
94 36 85
72 4 5
14 70 17
40 60 19
97 94 1
27 33 46
40 28 11
25 79 79
72 0 61
49 12 20
1 49 12
35 11 91
38 6 67
79 19 86
93 44 43
91 73 68
54 37 60
21 99 75
12 31 53
39 96 52
29 51 80
98 29 90
4 27 15
71 98 75
58 51 71
32 93 2
4 42 94
15 11 82
99 40 1
24 75 26
69 1 69
39 23 48
49 75 35
62 24 28
35 5 35
77 97 6
56 43 20
86 32 34
17 79 9
37 50 56
24 60 76
35 79 38
2 80 78
7 42 26
16 12 8
98 66 80
34 51 86
90 60 37
26 57 33
28 76 39
74 2 41
58 45 77
96 14 98
73 97 49
48 32 31
4 0 76
66 82 36
48 17 39
77 53 33
51 74 28
72 46 93
23 26 19
4 68 22
42 27 31
3 59 12
64 73 97
45 46 20
17 50 74
77 31 41
71 84 50
79 28 37
92 20 93
55 49 49
28 7 70
60 99 7
38 24 50
19 60 34
93 44 85
11 93 92
16 20 9
62 57 50
65 72 44
63 47 46
78 25 81
10 74 5
24 39 93
23 6 47
84 22 35
74 31 48
41 64 67
22 34 66
58 98 93
88 68 96
62 51 2
46 43 3
42 67 54
8 81 49
43 0 24
68 64 13
7 14 97
24 69 93
55 13 62
87 5 93
35 54 37
98 94 84
73 83 86
50 2 82
73 2 6
47 59 58
90 14 60
96 75 68
81 96 26
66 44 12
21 60 73
55 52 42
14 6 96
53 83 16
3 57 58
5 28 5
18 99 99
77 71 97
73 45 11
96 50 79
57 3 28
71 78 31
72 33 73
49 41 73
19 84 89
4 48 76
3 55 14
28 83 81
48 39 41
25 11 11
25 30 56
39 92 80
30 83 24
48 84 82
86 79 27
12 33 64
39 18 88
88 99 11
44 12 82
48 40 58
97 69 22
48 87 87
7 70 37
27 81 66
14 41 72
60 96 36
90 49 77
58 27 88
65 64 88
4 18 66
6 11 81
5 4 84
88 89 82
26 4 77
61 65 20
22 95 18
33 6 48
10 65 57
35 32 81
42 23 21
55 62 18
68 47 98
44 50 16
62 33 90
28 81 44
2 4 92
84 61 100
48 55 27
72 17 96
14 61 93
13 41 90
95 93 89
25 19 39
65 54 18
24 61 51
52 16 16
90 94 56
71 91 27
35 65 31
7 63 96
95 30 23
3 97 70
96 86 10
40 5 39
84 46 84
58 46 75
11 67 22
85 99 21
27 59 72
48 5 54
6 73 47
5 32 26
40 57 35
72 33 96
22 76 22
86 18 54
48 19 37
93 88 8
88 40 59
56 2 47
38 76 47
38 80 98
98 63 26
75 44 16
23 56 94
87 50 70
65 49 18
75 52 50
17 33 67
67 60 43
61 23 50
47 97 64
75 58 66
58 61 43
23 22 48
91 56 73
43 6 49
12 75 15
58 4 7
54 77 42
73 15 51
52 37 64
13 56 35
60 35 22
92 83 55
79 15 52
93 69 89
74 11 5
60 28 76
92 35 88
41 9 35
0 96 77
39 95 68
69 30 60
31 81 83
61 96 61
76 66 41
32 24 53
37 14 88
33 14 96
26 52 27
96 61 15
13 83 63
52 83 22
1 63 7
60 54 58
81 58 40
11 52 26
44 77 9
6 0 58
79 73 25
36 31 7
48 11 90
94 72 7
25 97 70
20 59 97
84 70 49
89 90 23
25 90 25
64 10 88
83 32 56
36 40 68
66 10 3
13 32 12
18 56 34
89 80 43
39 0 75
69 63 93
11 43 65
41 87 15
88 15 97
10 21 35
40 18 70
22 38 99
95 16 64
19 39 66
60 17 53
65 2 70
76 40 26
30 72 70
58 50 44
56 80 16
74 50 30
89 58 81
35 44 98
37 81 55
18 44 21
97 17 47
45 47 13
77 25 73
66 39 29
65 73 4
37 88 58
29 55 52
87 45 23
14 35 25
37 5 61
88 69 68
63 55 23
50 20 4
21 59 86
86 26 4
59 79 82
31 46 82
13 25 54
53 92 52
40 31 11
45 36 100
97 61 86
28 74 84
78 58 95
4 5 95
40 27 42
6 55 2
66 76 81
74 12 60
50 77 70
9 18 23
85 86 50
44 84 47
49 30 24
45 65 32
59 55 3
93 55 11
27 83 33
45 43 32
20 21 24
79 97 8
22 11 61
44 86 94
63 32 79
18 39 55
41 16 15
90 67 51
92 88 94
83 93 34
7 95 74
41 23 25
36 88 90
77 57 96
11 90 79
10 74 68
5 63 55
63 87 31
67 53 71
16 82 47
44 63 89
91 83 69
50 94 28
96 85 36
33 85 9
24 26 29
45 70 68
60 84 78
45 7 5
48 92 63
36 77 87
83 58 71
21 5 69
44 69 92
15 66 11
55 89 57
70 47 87
19 0 32
47 56 73
25 92 5
45 57 62
58 18 50
52 73 14
22 17 51
7 90 15
94 89 18
86 72 48
54 2 98
75 14 33
57 77 26
40 3 64
38 56 68
56 74 40
71 61 78
34 32 49
11 15 59
81 94 33
30 40 78
48 41 43
30 17 62
19 74 92
5 52 38
49 66 5
65 14 26
3 83 74
81 68 46
86 50 93
27 9 69
61 33 99
46 11 20
0 2 76
12 62 6
97 18 77
81 48 83
26 31 90
12 88 52
80 61 71
51 49 90
99 68 84
65 82 57
31 17 33
86 72 93
61 52 35
60 97 79
81 82 52
20 84 56
2 45 64
97 20 25
59 9 62
36 21 30
56 93 92
76 33 40
66 13 24
81 35 10
85 19 30
79 44 1
52 98 40
87 54 45
72 2 61
74 31 83
48 25 90
50 13 28
11 94 27
51 41 70
72 99 19
42 51 4
38 12 14
91 64 86
80 42 10
57 70 28
21 57 32
90 29 19
98 39 100
32 27 11
67 55 46
55 22 14
76 18 70
60 71 44
59 99 27
91 40 41
79 31 5
52 94 28
40 95 46
24 3 93
42 19 9
20 38 21
52 83 32
18 92 64
78 2 19
5 90 21
77 56 2
7 10 18
46 28 70
69 60 78
29 81 39
37 25 4
74 16 25
35 93 26
88 97 67
55 79 68
47 60 16
72 69 72
33 47 83
82 77 22
62 72 9
81 79 5
6 69 28
97 46 40
89 87 6
80 7 32
28 58 35
32 39 41
19 38 9
37 19 85
11 66 16
43 44 27
38 77 19
46 55 81
31 86 24
18 82 10
0 58 89
28 41 95
93 82 48
94 67 42
40 62 30
33 18 64
77 38 47
78 34 34
56 48 38
32 44 17
60 6 40
36 68 35
40 44 29
55 96 26
94 70 74
84 72 31
60 67 16
88 12 78
18 26 89
71 10 74
39 60 96
95 90 94
58 20 47
90 41 55
88 8 94
80 31 64
43 92 27
17 19 1
95 90 94
58 64 72
65 32 33
78 86 41
18 84 97
34 87 19
80 92 75
18 73 88
81 86 65
71 98 8
63 49 21
91 40 62
16 29 83
75 88 60
6 23 20
58 8 22
56 86 61
0 73 50
20 19 49
57 68 5
25 78 62
93 58 15
39 90 77
13 25 94
35 14 56
43 42 16
80 87 1
9 94 77
47 43 97
96 59 10
2 87 8
2 0 4
1 63 70
17 84 40
27 50 45
3 72 23
25 39 8
57 59 64
66 96 47
85 52 99
51 25 12
43 40 92
44 59 11
44 63 97
44 30 55
58 67 15
10 48 69
62 65 89
42 9 88
69 3 8
72 65 67
89 51 34
20 60 2
25 84 88
24 80 88
44 32 22
88 28 14
2 33 20
71 14 50
50 98 55
47 61 5
77 99 30
6 48 32
78 56 18
75 11 31
35 19 32
60 55 33
8 28 32
51 27 8
89 74 27
22 80 49
50 89 67
35 54 16
89 60 30
19 47 69
36 70 94
7 51 19
56 87 27
96 28 79
38 35 24
19 46 5
23 3 72
45 72 98
31 82 28
73 85 89
91 39 4
67 77 27
2 82 78
80 15 42
45 13 92
22 74 29
48 86 52
24 70 68
34 0 2
7 48 14
82 93 7
75 55 65
89 66 21
84 83 43
86 77 54
32 20 45
76 3 87
29 70 86
39 71 9
33 14 85
83 35 18
17 99 57
79 38 74
96 53 67
44 59 61
25 11 68
41 71 44
44 5 22
51 29 73
48 78 32
86 51 13
73 85 36
58 74 35
81 44 21
87 43 69
54 50 17
61 53 38
33 90 33
58 18 10
38 13 92
33 21 65
39 28 97
15 47 15
54 22 17
23 18 25
59 23 1
21 78 33
14 41 41
60 64 25
79 34 3
2 78 25
71 49 74
27 55 14
5 51 52
96 81 55
30 35 36
88 52 98
97 40 94
35 43 91
4 56 58
4 42 25
70 40 79
57 93 18
64 13 62
90 98 88
64 1 84
56 49 36
62 98 39
33 84 18
77 39 59
22 19 54
93 1 97
88 21 28
78 38 30
54 19 11
97 13 55
55 6 16
34 37 88
51 60 36
37 14 29
91 76 95
54 99 50
7 2 13
64 0 5
38 59 1
12 92 19
51 3 83
47 69 52
33 2 54
20 74 62
94 71 20
97 75 46
35 76 30
65 77 53
64 20 82
86 47 75
43 12 25
30 65 90
60 70 100
19 3 98
2 95 54
2 58 26
74 89 62
27 51 3
22 43 79
90 38 22
35 10 56
72 29 60
79 26 59
93 84 55
86 40 11
69 71 25
17 77 23
85 33 39
30 43 41
87 83 46
35 2 25
93 37 37
82 56 34
24 62 71
55 56 83
36 52 90
9 27 72
43 80 11
79 56 45
18 90 41
59 86 15
91 43 46
24 90 11
2 96 97
72 63 6
80 71 60
62 52 63
94 64 59
40 56 52
75 43 42
60 64 82
12 57 62
35 29 23
54 67 59
69 44 59
61 66 17
29 85 63
13 9 94
7 17 31
52 33 10
14 79 42
94 55 31
83 96 89
51 50 31
71 96 58
98 13 69
82 53 20
90 94 5
88 73 89
0 52 13
11 80 24
78 94 58
17 22 96
6 38 83
92 38 82
94 18 76
18 21 98
32 5 4
82 87 88
25 36 70
55 25 81
23 66 95
32 64 80
81 79 30
39 87 32
77 18 37
41 21 84
12 34 84
66 29 85
36 26 61
35 27 44
33 10 76
6 26 54
40 76 24
28 41 90
61 76 36
41 10 55
50 82 43
6 43 87
24 37 25
13 2 87
67 7 87
91 90 67
90 23 9
54 88 43
51 66 18
21 50 76
48 53 26
41 74 68
35 10 36
0 32 17
20 19 86
43 93 21
38 12 68
66 94 82
36 45 67
36 2 53
8 92 18
13 46 16
84 59 21
26 16 56
27 83 14
44 28 26
86 53 74
43 0 9
31 86 84
72 34 14
89 56 78
71 55 16
33 72 26
21 6 74
62 12 38
82 90 26
97 74 42
65 61 55
98 15 64
16 56 65
91 52 57
58 67 5
92 15 68
11 92 43
64 32 89
28 66 22
78 41 89
56 58 19
1 91 69
62 61 21
25 97 98
76 46 90
64 8 79
69 94 91
74 17 20
74 16 36
94 77 47
55 72 60
97 58 70
21 22 7
14 74 77
19 92 60
32 57 53
6 47 46
72 24 23
70 87 41
48 57 90
36 89 23
22 42 19
58 70 65
1 29 90
25 70 14
24 76 2
62 72 24
28 54 77
13 33 70
91 49 10
49 4 24
83 27 39
22 28 31
90 24 77
49 39 54
48 69 39
66 22 70
48 51 10
13 62 34
86 87 21
70 72 45
54 42 14
76 55 88
1 49 72
37 28 50
0 79 9
89 77 64
41 49 1
33 30 79
38 44 42
90 66 23
51 46 67
58 46 97
2 47 76
52 27 16
76 6 92
3 95 46
53 78 58
62 39 19
83 5 18
38 59 50
68 54 32
27 67 42
58 43 99
1 88 68
32 66 74
11 78 85
1 83 79
67 71 46
90 13 1
29 61 72
11 33 60
34 12 51
22 4 83
74 5 52
46 65 3
70 84 7
43 90 98
68 46 75
20 1 96
96 79 53
63 14 37
90 80 90
33 88 5
9 68 46
65 74 82
59 27 100
13 22 28
57 85 53
27 99 42
23 79 90
63 21 71
23 61 8
47 52 15
18 75 41
81 50 29
36 43 57
1 53 64
52 29 49
9 52 63
80 0 30
70 33 78
52 20 35
72 84 2
64 90 99
87 58 75
21 40 13
81 46 5
99 41 22
72 38 42
34 63 1
99 10 28
34 89 62
85 96 23
37 2 9
0 70 83
60 85 47
36 34 96
63 20 58
75 36 54
26 11 54
30 57 21
3 83 15
6 92 94
28 61 32
40 30 67
21 90 18
93 13 49
14 53 6
53 60 43
98 99 98
29 41 84
79 31 57
5 26 98
42 56 12
36 6 45
32 98 12
13 89 92
5 25 60
31 55 36
31 44 84
35 40 37
90 78 47
98 1 43
51 22 90
23 24 85
18 28 16
93 72 94
25 72 48
67 59 21
1 11 40
87 58 61
33 60 1
79 7 52
89 21 96
1 19 77
51 3 87
52 23 52
77 13 97
37 98 94
12 85 41
59 11 92
64 43 94
1 68 27
70 69 30
91 47 38
3 56 50
0 55 48
88 39 57
48 87 31
79 40 29
46 50 37
96 30 14
8 40 23
97 7 66
48 28 89
46 47 94
83 10 12
68 42 35
74 23 37
17 21 99
43 73 67
29 26 74
50 88 63
66 84 11
51 55 90
99 15 83
27 65 23
60 68 60
76 13 50
85 28 11
72 63 40
36 7 77
94 98 75
90 9 88
67 69 69
1 3 3
56 62 86
0 99 94
68 37 75
69 17 87
55 43 75
53 7 34
35 91 51
72 55 24
38 22 88
89 31 26
34 65 81
41 61 9
4 89 43
61 59 23
49 10 96
55 35 61
40 63 39
20 26 65
94 61 42
16 47 45
47 74 96
39 81 51
27 55 12
91 49 25
83 68 39
35 87 97
46 37 66
83 49 31
85 73 57
29 15 86
77 52 94
80 52 57
16 85 65
81 51 54
66 40 43
13 4 92
58 27 74
31 44 63
17 86 53
82 45 36
79 83 14
73 2 12
26 20 13
58 47 92
6 54 24
76 37 66
6 71 97
71 2 3
77 78 57
78 63 72
80 10 75
58 62 13
83 63 68
90 63 38
16 31 72
74 25 53
93 92 24
11 54 98
0 5 37
29 64 81
71 17 99
47 85 51
63 54 79
49 80 39
38 58 52
63 58 56
0 11 36
97 67 84
7 23 73
48 68 37
64 58 100
23 94 62
50 26 16
57 47 9
64 94 26
40 73 99
56 83 72
65 89 43
18 27 21
92 26 81
67 42 65
50 60 75
22 45 79
64 51 88
60 48 13
47 64 65
0 19 9
45 7 20
96 89 29
79 68 53
17 25 44
85 28 31
61 93 13
46 49 55
44 18 61
45 72 5
27 98 3
16 3 62
24 13 61
95 62 44
35 8 7
82 57 16
52 64 75
76 36 98
43 88 16
64 12 77
51 59 90
25 46 33
72 64 99
82 17 16
2 79 23
18 53 72
54 1 54
75 32 32
23 17 21
0 74 57
18 16 91
88 60 72
80 54 1
25 48 12
34 11 47
79 32 25
93 89 13
27 10 76
38 98 18
7 79 81
55 37 79
9 29 17
83 78 45
44 38 45
78 39 30
69 51 7
2 27 17
40 13 16
3 69 75
94 30 67
9 29 82
55 72 40
30 5 84
39 21 47
90 26 7
77 14 28
11 91 72
31 83 47
90 0 6
72 46 14
27 7 12
80 22 10
47 9 88
75 50 16
29 17 30
30 6 26
46 20 60
63 14 33
39 37 4
37 4 16
67 47 19
44 82 94
86 9 53
79 15 99
34 98 21
42 39 51
28 54 74
1 32 76
2 63 24
19 56 43
88 39 64
67 90 48
70 58 53
30 87 41
1 68 30
71 61 11
92 68 20
93 94 97
24 63 81
8 92 48
41 39 46
35 92 31
23 17 43
49 20 21
10 37 82
18 77 39
94 31 63
70 56 41
62 71 57
77 22 55
65 92 6
29 71 65
78 12 55
42 59 46
49 56 56
65 12 45
7 51 55
76 79 25
66 20 22
1 44 32
75 26 44
68 9 84
26 9 8
89 15 15
29 42 2
25 54 51
90 86 55
7 5 8
42 48 96
9 27 95
65 1 92
15 70 94
77 17 95
3 45 21
69 65 20
8 55 81
73 41 67
52 4 85
3 36 69
43 19 4
63 22 38
62 35 16
16 44 62
3 63 30
7 37 34
15 43 76
31 76 59
17 45 78
51 68 85
35 72 45
71 26 60
37 38 79
82 63 49
33 65 10
31 65 71
30 24 12
23 85 3
4 80 39
95 44 87
0 13 71
33 35 70
73 20 87
62 12 83
64 20 21
68 76 27
40 25 30
84 12 98
13 61 88
71 94 41
7 26 8
94 66 100
82 98 30
89 10 10
6 10 81
5 71 11
84 45 52
75 73 35
2 80 72
5 88 91
80 42 20
8 97 6
64 38 61
27 13 19
95 32 67
56 29 13
14 41 30
96 82 28
43 80 61
84 3 92
66 52 66
35 98 57
71 2 58
81 18 47
60 90 45
74 39 45
51 37 6
28 51 65
18 66 11
48 80 54
49 10 26
90 24 85
22 2 4
5 44 66
4 97 22
17 76 96
46 85 98
44 56 28
54 48 91
24 15 68
8 39 50
7 81 4
50 34 17
55 74 1
30 45 86
89 17 21
1 0 77
60 36 93
54 26 36
17 86 9
45 10 18
30 23 18
79 32 56
23 31 99
64 96 50
83 34 92
19 21 18
56 94 45
75 35 85
85 20 99
94 35 90
95 98 12
63 88 91
21 13 77
77 47 31
51 79 73
2 85 6
54 38 76
44 54 16
59 2 94
70 20 32
53 87 8
53 12 35
89 39 91
99 56 41
42 90 53
56 19 58
24 61 58
47 98 21
22 27 63
92 20 74
50 23 66
98 34 89
11 46 32
84 74 52
45 33 52
85 92 95
38 1 84
0 80 68
61 8 28
80 38 62
4 62 33
69 68 83
51 36 12
40 74 44
49 61 91
8 98 17
98 27 91
47 12 23
90 32 68
19 54 26
32 30 65
83 19 91
14 40 41
93 12 77
31 71 86
23 10 50
16 85 15
74 22 95
50 3 80
61 28 82
11 27 37
99 52 79
58 36 39
12 52 31
27 11 63
73 76 95
99 47 13
85 97 77
20 0 69
58 24 19
88 67 27
57 58 57
89 9 23
70 89 94
6 56 35
59 42 76
15 36 64
87 18 78
30 35 70
53 44 6
55 47 33
99 98 89
86 85 78
22 30 93
99 0 73
84 71 46
19 91 82
61 60 74
94 7 83
53 88 87
8 30 23
91 92 33
79 7 12
29 66 76
38 67 4
16 48 17
68 98 82
37 75 9
32 65 69
53 44 70
11 50 15
18 52 33
43 91 28
99 71 90
70 95 79
70 26 80
8 19 81
81 23 18
22 88 7
44 57 10
64 91 35
36 32 94
1 45 75
52 32 26
65 55 54
28 77 12
33 46 95
99 61 12
35 38 67
64 13 80
25 32 6
59 66 52
9 61 79
26 52 12
5 68 62
80 58 7
88 20 67
75 76 14
27 74 13
11 33 1
99 23 1
25 52 53
49 27 47
92 59 44
89 51 31
17 68 95
19 8 73
23 68 96
99 43 81
26 19 25
94 48 58
2 97 90
53 94 52
60 51 53
60 22 34
48 41 92
43 38 39
16 32 74
75 78 71
60 70 41
98 75 7
51 26 40
25 52 35
74 94 29
57 88 90
65 23 19
58 45 15
93 36 73
49 15 40
43 91 48
51 32 1
71 52 75
58 91 44
87 51 93
31 9 64
43 88 51
10 65 70
10 7 17
41 19 29
4 21 10
25 35 30
96 97 88
41 39 98
70 23 84
20 52 15
81 20 31
67 21 15
70 28 77
60 12 75
53 64 93
87 92 15
45 17 52
93 78 32
19 82 65
33 71 14
33 32 49
53 76 98
22 66 90
26 54 72
48 51 54
74 14 47
8 49 25
94 18 68
93 30 33
7 95 23
88 25 3
93 46 87
41 97 69
43 86 45
80 67 13
84 60 95
3 82 46
61 57 93
29 23 46
28 76 52
9 89 27
21 60 21
16 51 51
18 76 53
40 58 28
4 17 7
29 35 93
42 48 89
79 75 4
46 44 32
58 2 63
66 48 1
48 7 21
80 26 82
53 14 66
76 21 11
98 76 58
1 87 16
72 41 36
20 41 85
11 96 75
24 17 55
79 72 5
28 98 7
36 25 1
16 57 33
45 60 83
40 66 58
57 40 13
3 78 52
36 94 16
88 69 19
4 43 62
21 44 24
83 61 75
90 79 29
31 94 62
74 76 95
71 90 5
90 5 31
13 96 75
81 48 42
85 6 57
19 23 52
51 57 13
44 95 49
22 94 97
65 74 74
67 62 19
98 80 58
75 85 51
45 68 41
62 23 25
0 39 13
73 50 13
6 18 47
48 0 43
63 0 81
0 92 27
85 87 10
56 94 53
23 55 78
31 82 12
92 42 6
59 70 83
74 16 35
43 11 13
94 75 26
85 12 88
7 22 63
61 91 50
91 39 90
90 89 50
73 23 84
92 2 45
46 2 33
50 49 53
3 14 21
81 25 92
63 79 2
62 53 76
63 70 25
89 75 18
66 47 85
20 91 38
36 23 67
52 45 74
70 32 91
23 77 52
98 51 93
23 5 38
62 11 23
45 55 63
84 53 18
82 30 64
74 77 68
10 46 16
26 2 89
59 99 87
7 91 11
50 34 12
38 82 26
9 2 39
32 41 20
76 19 37
21 64 5
59 1 96
37 18 62
35 25 67
13 90 31
24 33 39
69 88 59
98 33 28
58 16 56
5 84 84
32 90 91
51 77 77
53 87 68
86 36 45
27 81 94
65 81 25
65 50 66
61 35 50
71 35 40
99 4 32
5 29 71
92 65 18
5 27 65
29 89 93
37 87 65
34 40 25
25 10 77
38 82 16
60 74 40
38 1 69
63 58 9
72 8 63
70 49 70
80 16 100
67 58 37
53 14 69
95 90 30
37 55 80
45 49 98
94 27 9
12 53 18
54 76 74
24 56 1
71 39 9
19 34 49
29 71 84
20 80 15
65 33 68
86 75 17
88 75 26
10 41 56
76 68 85
13 51 99
6 13 64
32 63 69
26 65 74
76 0 66
12 87 35
31 14 10
36 88 64
13 26 31
61 15 17
53 35 65
96 91 81
67 97 74
27 36 59
5 34 33
99 47 25
32 92 36
75 41 19
18 95 19
79 52 77
85 96 41
12 33 76
58 51 50
80 78 55
71 1 64
19 86 58
22 92 29
67 42 38
86 36 87
29 85 99
98 46 20
1 10 34
49 45 24
84 76 83
48 34 89
52 66 62
9 47 13
35 34 67
43 31 20
52 50 61
26 31 83
85 82 26
81 7 22
41 93 41
73 88 57
84 94 64
66 5 59
64 10 79
21 17 39
29 4 73
47 95 71
93 62 73
47 54 35
59 49 38
90 45 93
40 94 78
77 6 79
77 11 39
35 3 64
57 11 60
22 73 41
14 73 2
40 76 21
17 56 57
40 2 64
8 41 41
79 56 49
63 15 72
26 44 41
1 89 2
98 36 4
92 65 19
22 66 23
53 59 28
32 50 69
74 53 13
44 74 11
81 0 94
10 67 98
10 51 62
74 46 87
41 93 5
91 18 99
97 98 8
19 66 98
22 10 2
38 55 34
92 91 42
45 98 30
87 3 81
79 77 65
96 1 95
7 40 26
78 65 54
49 77 9
24 39 8
65 54 12
83 9 74
55 90 4
6 93 74
64 22 86
60 7 23
26 99 14
78 4 71
86 83 100
84 14 8
19 97 56
58 52 86
14 88 58
83 13 43
46 2 50
96 31 59
69 56 89
43 47 21
55 11 19
98 84 13
86 93 25
56 4 77
41 69 39
71 86 10
95 82 73
38 84 15
77 0 45
55 56 76
21 52 83
44 60 76
52 29 39
76 99 58
6 37 30
23 40 53
1 81 36
37 71 2
27 24 15
72 68 4
82 63 61
93 18 54
65 13 44
67 16 11
55 99 56
1 34 31
88 37 80
40 19 13
79 31 61
2 50 89
55 43 75
19 63 67
14 35 82
45 73 86
87 66 9
90 79 64
6 23 87
29 79 39
40 70 40
75 33 53
13 84 92
76 44 72
66 13 76
89 48 36
93 20 72
7 99 60
36 71 64
22 91 85
41 53 14
96 81 67
17 7 38
95 76 66
40 54 26
33 4 76
9 93 50
4 24 88
44 76 5
54 87 24
89 94 43
79 3 18
91 12 82
65 35 97
44 39 71
77 40 63
89 29 98
6 7 50
94 41 58
63 91 20
4 78 15
22 1 100
10 46 92
0 71 60
25 26 34
53 50 29
55 28 28
56 39 29
4 94 87
12 4 57
30 71 81
54 49 79
55 77 74
10 63 41
37 97 87
46 7 9
75 19 55
47 70 80
52 64 2
37 94 35
45 61 14
50 20 61
50 45 96
46 33 95
80 82 10
27 59 51
52 15 100
9 82 44
84 62 37
57 92 17
0 70 92
68 84 24
24 40 90
99 9 46
1 5 83
31 41 79
51 33 86
35 64 37
46 63 4
94 27 84
6 28 88
28 2 34
90 19 13
65 15 73
38 22 4
28 9 68
32 36 8
63 41 40
40 14 59
61 27 79
36 55 84
56 63 45
55 50 89
45 71 30
90 12 30
81 25 75
29 30 96
97 81 67
16 81 29
62 76 20
70 48 50
99 62 61
49 29 55
6 27 27
96 95 31
31 19 37
74 94 57
17 84 35
41 90 13
21 42 86
51 38 15
76 29 61
39 49 29
53 51 18
23 57 69
17 58 44
87 94 69
82 12 4
81 46 7
88 65 56
63 98 1
75 47 30
39 51 7
75 9 7
0 50 87
14 82 3
57 61 95
3 62 86
72 6 56
26 76 27
76 80 36
76 37 57
15 31 85
74 11 72
44 69 65
31 90 70
86 30 91
14 91 60
74 91 76
92 71 1
56 69 30
17 44 44
66 21 78
55 71 88
97 89 60
49 69 15
65 21 41
46 21 82
48 79 71
31 33 68
75 43 30
41 72 50
77 19 17
14 86 93
37 48 13
49 93 63
60 79 1
91 20 21
79 54 95
59 99 64
86 93 79
24 72 86
77 86 59
96 19 9
70 91 44
46 48 69
19 13 33
83 43 56
15 93 56
73 81 11
86 25 47
16 65 17
73 41 24
30 55 39
45 62 33
48 15 10
38 44 64
72 39 90
90 93 77
97 93 92
92 61 18
85 69 80
15 8 29
19 64 63
24 26 89
32 85 27
30 73 69
6 20 94
98 6 22
28 39 73
98 3 37
83 29 22
12 65 90
24 8 17
74 82 39
74 40 20
89 13 33
37 8 47
83 84 5
2 88 30
84 87 58
89 76 54
58 63 95
60 94 67
34 27 43
74 3 84
64 98 96
62 33 12
49 32 28
27 86 29
83 84 44
44 71 87
45 70 65
96 63 88
42 0 30
49 25 22
45 82 77
9 84 74
17 61 64
24 29 41
52 16 71
17 52 93
79 85 56
11 95 65
63 38 55
17 34 62
45 52 52
93 61 58
0 53 20
51 34 64
28 38 95
43 40 13
52 24 26
66 78 4
58 87 15
8 5 82
93 92 28
71 69 86
50 88 43
22 49 68
34 11 93
42 95 6
83 20 31
26 58 58
81 67 40
24 28 36
0 25 6
5 51 79
68 71 29
36 99 50
50 99 88
85 38 79
95 17 30
94 70 77
5 67 46
98 24 9
82 70 15
51 47 75
52 37 7
1 6 58
35 74 2
12 30 15
61 40 73
76 63 91
84 20 96
99 97 50
63 71 59
33 43 55
63 27 97
15 61 50
84 61 22
16 51 51
50 92 11
80 48 2
66 52 49
68 63 2
78 3 55
85 18 45
84 95 78
41 78 22
11 61 68
50 34 25
1 9 28
80 20 5
44 64 45
71 34 19
34 21 41
21 58 11
33 15 17
84 4 36
21 27 35
59 58 60
22 5 58
68 57 88
4 74 4
31 78 14
91 32 48
32 26 96
31 89 80
50 8 29
60 82 4
85 57 15
90 81 57
44 0 14
20 87 97
93 38 72
92 76 14
9 22 82
9 0 42
67 77 30
91 35 72
6 98 59
25 41 51
46 97 49
62 46 85
42 39 87
85 31 34
33 58 97
44 21 38
49 0 45
17 20 98
30 95 11
24 28 13
22 18 21
40 10 16
92 54 40
90 95 4
81 87 20
73 59 1
74 97 78
88 56 78
15 19 68
28 75 60
1 7 45
35 19 96
53 35 59
1 89 80
6 89 74
93 40 47
77 90 11
82 64 90
90 0 35
17 36 73
52 84 82
11 42 73
89 59 75
13 25 97
58 6 32
91 24 99
6 69 58
31 80 33
51 6 37
54 33 26
25 9 74
87 62 68
62 14 57
59 69 48
94 21 85
58 72 33
5 20 35
47 25 92
41 26 63
13 8 32
52 93 6
19 4 5
14 79 4
16 79 26
81 31 4
32 29 84
63 37 18
77 92 43
24 8 41
89 76 57
7 99 72
69 59 45
54 87 15
71 13 31
91 70 15
19 84 44
88 98 20
18 48 3
95 28 3
53 13 66
38 25 65
58 23 25
86 73 3
19 98 68
40 17 75
25 93 46
7 23 65
22 20 59
1 60 5
76 39 16
16 49 76
90 5 14
98 18 100
9 42 19
68 96 62
90 8 59
14 66 22
55 51 16
66 84 42
20 6 96
32 30 27
20 84 13
59 5 69
4 34 3
34 82 46
16 34 9
40 50 23
76 8 43
91 13 63
82 76 59
18 7 98
36 61 48
6 23 41
81 56 14
3 57 66
89 46 89
95 16 80
61 79 81
31 46 17
5 87 44
47 45 25
97 88 31
60 43 59
67 44 18
59 2 21
37 92 27
25 77 45
90 76 12
5 21 89
12 67 29
90 63 89
9 61 54
40 9 17
72 50 60
71 57 11
72 82 92
19 71 22
82 25 44
27 24 100
71 59 59
30 40 89
26 16 26
36 35 14
67 34 89
41 63 34
40 72 93
20 81 22
90 51 79
62 51 25
10 11 89
52 63 81
68 1 23
17 16 78
40 69 2
37 77 71
54 91 42
30 75 83
24 26 78
41 52 85
45 7 27
47 63 31
38 62 76
49 60 21
86 56 44
14 11 73
57 23 67
17 34 98
39 74 51
96 40 56
70 25 37
28 39 74
88 33 86
44 24 19
95 97 100
86 5 73
53 77 77
95 5 60
49 46 80
51 88 94
20 93 73
44 57 90
76 4 68
54 34 34
36 82 1
60 63 67
41 82 95
90 45 67
13 40 26
48 47 36
70 51 30
44 55 79
75 0 96
80 44 57
29 54 27
82 24 50
26 37 44
13 70 94
29 52 69
84 99 53
29 93 12
41 79 29
53 55 80
54 6 26
23 39 13
22 27 63
25 53 69
46 7 21
79 4 17
29 40 41
28 2 63
57 28 4
98 83 13
22 41 53
50 79 17
20 65 79
15 38 36
91 18 83
18 72 87
64 58 79
47 65 59
68 70 34
82 19 56
92 61 21
64 70 100
55 7 76
18 56 63
44 75 87
59 83 86
21 57 8
25 59 55
70 87 96
25 34 81
60 80 80
17 48 80
72 47 69
31 66 3
33 46 63
89 93 21
18 19 25
71 30 45
63 0 66
33 46 72
51 7 83
69 75 66
62 93 27
41 7 81
79 29 65
62 58 86
76 90 93
49 38 87
4 94 11
69 84 39
38 10 36
94 90 39
79 75 47
37 25 77
65 46 78
72 21 95
20 15 58
7 71 77
8 34 82
23 50 71
74 44 95
79 80 22
46 88 65
35 51 94
73 36 77
10 24 11
81 89 44
12 57 44
17 67 66
34 57 72
74 14 68
64 99 7
44 52 36
22 97 79
1 88 26
14 13 53
96 16 29
1 41 16
33 93 95
3 30 13
51 83 99
18 64 58
17 55 100
59 18 86
86 84 94
97 71 37
17 87 43
62 93 21
32 96 48
41 8 81
87 30 37
93 10 82
15 88 43
50 31 100
33 20 40
9 67 27
5 80 67
91 41 12
81 59 10
27 97 53
89 42 40
14 76 68
18 67 24
45 89 84
98 42 31
51 93 45
26 9 5
68 49 97
57 32 12
82 20 97
17 57 30
44 26 35
71 84 94
9 89 32
92 49 30
66 39 92
42 90 92
99 39 19
51 63 96
61 68 71
80 23 6
84 14 19
85 79 10
76 61 75
51 71 64
26 88 15
14 63 22
15 85 34
80 69 51
96 50 78
75 89 23
65 7 95
82 62 57
93 25 32
17 11 85
33 51 21
3 34 75
60 95 27
9 85 2
2 44 23
46 61 38
0 42 69
97 39 53
14 86 9
16 69 14
95 56 73
4 5 66
30 6 10
78 76 99
28 75 64
23 57 92
49 93 67
56 78 99
77 44 36
3 64 63
62 69 47
64 5 38
87 76 51
80 26 70
88 77 10
62 50 22
2 62 45
0 49 53
26 97 39
59 96 97
13 99 68
26 25 87
16 63 16
14 63 12
32 8 34
34 45 70
68 12 91
31 13 57
33 32 65
66 60 83
93 87 55
39 2 24
8 28 18
49 19 21
38 46 80
22 91 15
58 66 52
3 58 10
26 33 37
54 60 60
9 41 39
97 78 3
45 34 7
87 37 86
76 67 98
23 18 64
37 51 17
30 68 99
48 0 74
50 99 68
76 53 53
29 66 53
78 30 28
42 19 4
62 49 2
12 91 2
44 94 22
51 35 67
77 2 90
47 72 64
42 99 65
80 16 23
89 85 43
75 2 12
30 87 77
95 48 36
20 99 91
66 48 57
87 34 23
76 72 30
9 2 70
12 38 18
99 55 85
93 78 83
26 46 95
89 56 73
32 51 42
76 22 87
23 25 98
15 69 78
78 84 4
83 3 81
43 90 94
45 29 34
59 10 85
63 15 33
37 1 5
0 9 84
36 48 28
64 32 58
68 22 8
78 39 95
24 58 66
72 43 73
30 84 16
68 98 82
57 30 3
99 22 97
23 84 36
45 36 33
22 37 74
91 46 85
33 59 9
30 70 4
0 25 10
2 47 44
7 89 39
89 66 94
77 89 33
53 95 14
42 32 83
23 80 76
3 93 46
55 7 94
9 46 86
86 74 16
12 72 64
99 69 60
94 75 46
43 42 85
81 40 46
95 48 94
3 79 56
51 82 17
69 70 28
54 5 80
79 71 73
65 79 43
56 98 59
93 26 18
96 46 90
38 68 35
32 21 37
50 14 54
97 52 19
10 79 79
69 70 59
46 96 2
38 67 48
35 77 68
52 55 72
98 70 72
81 18 91
47 46 3
3 83 51
82 98 25
5 16 58
2 84 2
17 81 13
21 51 51
57 93 60
18 85 34
53 70 3
4 42 19
85 56 28
44 53 54
53 0 90
50 68 48
37 30 62
20 46 75
36 95 57
32 56 6
76 47 94
81 63 36
80 26 91
79 65 82
82 76 20
19 47 61
50 0 10
87 38 28
43 3 10
94 39 32
97 36 96
83 15 47
2 62 17
0 72 34
78 7 77
20 32 93
92 91 45
82 87 84
18 69 64
95 78 36
30 87 29
59 95 32
95 57 24
14 47 68
11 98 65
48 46 66
32 79 88
50 90 85
18 55 3
82 56 97
25 40 54
66 65 28
88 55 47
5 82 15
64 24 30
55 37 83
47 32 23
77 36 84
86 16 33
39 15 9
23 71 95
39 24 71
13 91 42
2 68 95
97 52 39
93 46 17
2 46 27
62 10 66
73 28 16
11 94 69
27 62 96
70 28 62
83 92 99
83 92 63
73 56 91
8 45 17
71 87 36
87 71 48
93 70 52
36 93 42
62 45 88
8 26 59
21 6 68
2 72 41
97 31 94
42 91 51
86 97 12
80 0 52
30 52 87
67 21 49
20 97 67
65 93 9
57 38 36
20 46 78
62 48 39
10 0 30
94 15 81
90 71 21
89 20 88
3 18 18
21 71 77
32 85 59
72 68 40
11 63 67
70 90 1
38 9 96
70 17 75
29 0 30
19 83 10
86 62 50
36 78 33
94 33 99
79 35 91
11 46 25
98 83 19
3 75 60
30 53 68
94 75 26
97 85 7
84 58 48
44 35 61
5 97 85
59 20 77
59 49 92
46 18 37
22 17 87
13 91 97
94 24 14
31 23 8
77 11 96
13 24 96
59 90 83
21 82 34
85 87 72
25 64 16
45 27 42
58 3 3
69 49 27
85 20 72
73 64 47
67 18 26
27 89 67
64 43 54
16 80 38
63 31 86
27 51 14
31 53 35
49 91 41
50 25 58
74 64 70
55 74 12
20 38 82
20 88 47
44 53 98
7 30 40
56 39 56
89 81 69
83 30 21
51 24 80
17 7 71
39 83 94
97 71 12
20 67 11
32 57 14
98 41 30
83 50 56
2 71 22
78 12 42
43 83 95
90 74 87
34 69 52
81 70 28
96 77 93
79 47 80
81 33 65
56 90 45
84 54 84
55 66 54
85 21 33
18 88 2
48 27 35
25 64 54
24 35 33
96 30 60
90 56 54
20 72 58
46 45 83
12 90 61
62 57 19
90 74 94
60 54 70
49 47 61
23 18 46
74 23 62
95 53 96
59 18 28
60 33 34
14 79 22
50 26 24
41 72 4
0 61 40
36 1 81
6 44 88
73 93 68
43 68 71
59 44 25
66 49 81
4 75 12
10 4 73
46 60 90
74 42 26
53 36 1
8 57 60
65 92 59
71 75 90
83 40 30
4 11 57
2 26 54
68 75 6
68 6 41
63 10 47
65 5 22
73 50 26
6 99 17
73 38 83
91 23 43
56 61 7
86 1 94
78 58 14
10 40 70
81 87 63
56 18 57
94 0 81
79 10 57
14 28 69
17 2 19
7 47 59
8 42 30
83 77 22
10 62 66
7 80 66
48 40 3
52 56 56
25 17 63
56 83 92
46 83 50
70 6 74
63 28 39
8 42 28
49 8 58
88 91 26
93 57 76
63 84 12
44 0 10
55 81 96
11 73 86
60 0 13
89 57 81
9 41 70
23 55 72
32 87 30
0 2 56
66 87 50
42 63 66
29 20 71
90 59 13
74 34 3
90 64 41
2 24 18
44 0 92
37 92 46
22 49 39
11 35 59
59 32 9
5 43 91
67 62 45
71 73 25
65 49 52
63 34 19
96 4 74
79 63 53
50 45 28
14 1 86
85 83 97
59 89 28
1 46 71
82 57 99
50 36 27
22 45 52
95 30 95
59 21 39
57 41 32
5 45 66
0 12 96
97 14 82
36 28 68
1 78 53
23 39 73
29 8 85
33 9 31
16 66 6
35 61 13
30 43 21
38 88 67
89 6 63
99 76 41
74 22 47
31 37 67
17 9 56
99 1 5
52 22 85
54 44 8
58 30 21
22 90 72
27 15 65
58 84 5
63 65 58
60 42 92
37 57 5
80 3 29
18 9 76
73 15 10
91 58 55
59 84 8
29 33 93
64 10 69
97 78 92
24 47 50
19 0 31
25 57 61
13 75 73
26 97 13
23 99 35
8 56 67
24 83 3
2 92 19
34 58 75
18 86 80
7 30 34
81 67 31
52 22 97
51 47 77
39 82 54
34 5 63
60 15 32
91 15 12
83 25 44
54 42 86
70 7 43
18 69 87
53 93 34
58 81 8
7 87 84
67 25 65
23 77 17
53 57 55
17 31 3
10 1 57
50 97 5
27 66 74
86 46 53
64 44 85
50 18 36
5 16 72
52 59 15
29 32 88
34 39 63
39 32 34
47 8 95
0 62 52
11 3 74
40 99 42
1 30 14
50 49 29
28 94 55
60 93 52
59 57 97
4 29 26
82 77 55
26 92 46
40 67 60
74 13 56
59 92 79
18 40 30
42 89 76
7 62 89
74 18 24
75 16 23
56 57 57
28 90 90
12 65 11
44 61 44
54 53 87
53 36 76
91 84 69
96 77 92
17 7 24
84 40 33
16 27 15
96 60 17
39 97 21
26 83 90
3 23 50
74 99 85
79 78 10
89 42 89
17 79 56
51 82 82
94 12 55
1 27 56
69 76 20
44 65 26
86 22 56
8 91 46
56 69 80
74 55 18
56 67 76
33 14 39
16 67 38
98 80 83
15 10 57
65 28 68
73 92 45
44 25 39
52 49 52
65 69 20
60 96 71
43 71 27
13 59 5
99 69 93
92 24 4
75 97 63
84 21 87
64 83 39
79 98 29
97 67 51
72 98 70
21 48 62
21 74 98
87 28 85
70 68 93
38 31 97
24 76 14
20 23 95
66 80 72
28 79 99
64 85 18
66 82 9
57 53 82
2 44 82
37 27 49
63 11 41
41 88 37
66 64 95
28 84 95
14 81 88
56 8 7
98 87 80
99 82 96
55 40 77
98 53 23
59 11 49
10 9 77
51 21 98
61 44 6
59 30 38
47 99 26
82 41 83
34 17 76
71 72 67
65 66 19
79 41 14
18 25 8
91 41 31
65 72 69
86 26 81
99 60 36
33 5 22
90 83 48
57 78 71
86 19 80
54 0 17
31 0 64
12 91 94
46 95 55
4 25 24
95 61 61
27 81 66
27 14 72
46 13 47
62 79 96
86 48 47
97 23 48
42 16 55
55 95 14
13 4 16
17 65 17
53 15 15
98 4 59
18 36 98
68 73 9
68 35 61
72 0 89
91 79 11
23 2 2
55 17 10
61 72 95
67 87 68
15 86 74
65 0 27
91 18 61
40 74 62
61 45 39
93 0 97
72 46 87
96 95 91
81 19 48
7 23 6
56 25 28
97 73 93
43 55 94
24 25 95
16 6 87
56 18 46
33 13 90
66 77 22
65 60 61
71 45 28
11 47 94
4 75 31
67 90 23
57 84 89
35 68 72
19 24 71
38 88 35
71 61 72
66 33 60
90 88 20
86 12 82
76 15 25
22 18 56
58 13 27
93 94 31
18 32 49
70 25 29
52 94 65
97 54 82
13 88 49
35 11 15
32 35 13
18 37 90
55 59 56
29 93 73
91 83 40
93 57 93
18 99 90
73 23 69
1 48 16
65 60 85
6 28 69
50 17 51
10 58 58
2 52 60
51 8 94
28 50 35
81 88 64
45 79 74
98 47 31
97 37 82
36 46 99
28 96 6
10 30 81
90 97 24
71 34 91
90 52 18
56 14 51
70 23 82
57 14 77
32 82 11
35 41 13
90 15 31
83 15 58
87 74 45
99 84 79
18 28 13
45 17 45
71 65 76
50 15 89
59 2 46
65 30 46
84 27 41
84 62 44
34 29 17
0 73 43
47 34 4
28 41 11
37 47 12
2 37 40
20 86 70
79 52 80
70 39 7
97 39 31
72 82 55
62 90 95
77 6 43
6 57 10
22 45 6
61 47 33
54 52 72
62 16 45
43 32 49
14 36 23
44 96 41
73 81 32
15 29 37
44 23 89
49 17 59
90 44 86
71 88 54
56 49 45
3 52 5
23 6 61
37 18 8
43 37 32
4 74 99
88 29 41
7 2 18
7 66 5
67 43 92
78 90 80
45 33 12
20 1 74
54 50 75
86 11 95
69 22 97
94 32 20
5 13 63
61 91 80
72 98 74
96 95 51
21 5 80
72 44 44
47 74 35
13 38 26
1 34 91
40 84 32
71 39 8
3 16 14
22 8 80
19 92 41
67 8 83
62 32 70
33 86 3
22 77 76
2 20 41
18 61 63
20 89 16
3 44 81
33 34 39
96 4 17
86 26 92
83 62 7
35 20 76
9 82 90
75 37 30
65 86 28
31 48 37
84 59 60
4 61 90
11 23 87
18 11 24
23 19 90
72 9 66
38 6 47
63 70 82
20 59 83
29 41 3
54 20 65
43 39 79
53 28 26
82 86 95
19 84 31
54 0 4
79 61 79
53 28 89
10 93 43
5 50 54
47 39 32
84 93 49
0 80 18
70 20 98
72 43 65
89 32 59
56 9 81
91 28 38
9 79 18
69 73 71
58 19 82
38 56 66
79 25 46
59 56 35
28 46 33
73 95 23
72 29 96
86 60 33
93 57 94
94 54 49
63 74 90
7 96 8
93 6 24
54 42 27
43 30 70
68 50 46
31 22 24
41 99 49
3 19 81
59 50 44
15 26 3
2 95 86
96 90 67
83 15 9
35 11 26
8 22 68
82 26 89
62 24 73
34 20 43
33 57 89
45 92 27
91 96 27
16 28 89
66 35 97
4 15 34
86 36 82
56 63 61
8 63 58
88 71 94
83 19 82
32 95 97
82 40 48
83 20 54
45 61 2
99 61 51
57 15 34
12 90 92
16 4 73
98 48 39
82 39 69
19 99 19
50 55 43
93 2 70
83 12 72
50 37 4
78 13 42
41 46 35
9 18 24
3 14 72
79 83 6
3 38 53
78 30 14
98 16 50
92 24 9
23 32 25
3 88 31
36 44 14
57 43 100
3 55 13
42 43 1
8 36 98
15 36 60
23 47 64
11 7 70
10 49 87
76 10 98
7 36 76
68 34 9
72 31 74
69 93 1
61 35 44
75 2 34
89 4 9
20 64 81
10 37 29
0 13 59
74 63 70
8 62 58
65 43 91
17 65 83
74 14 22
45 72 65
10 81 17
10 33 100
32 8 77
21 73 75
48 58 6
45 21 82
10 56 90
86 13 2
3 45 81
23 32 65
62 64 67
43 49 57
1 83 87
55 39 9
57 76 89
96 80 32
57 50 22
79 10 53
36 65 41
30 40 21
34 6 92
10 64 45
44 63 34
63 0 90
74 31 90
1 72 5
99 77 88
16 85 85
54 32 78
70 6 32
88 49 23
61 25 90
30 40 99
87 52 46
0 39 86
81 68 20
61 46 58
0 69 27
38 47 31
16 70 38
2 83 7
53 33 100
85 51 75
81 86 32
67 59 32
43 48 39
70 99 31
74 76 28
49 8 63
66 48 95
12 69 38
43 34 74
54 17 16
72 6 74
36 84 3
95 9 60
95 71 60
40 60 1
62 9 58
19 51 64
8 75 95
58 81 14
42 1 47
23 2 99
84 4 13
90 72 68
49 74 63
96 28 20
39 75 1
84 63 63
80 10 86
64 22 45
88 49 61
0 88 26
47 14 23
81 3 62
21 96 42
12 68 60
40 16 11
25 41 24
41 38 3
24 44 92
46 95 81
73 31 72
29 59 35
81 78 77
16 88 39
78 27 7
39 86 92
42 89 37
27 90 90
2 99 82
56 85 64
95 3 9
28 78 21
9 99 83
54 86 9
3 39 66
0 98 72
93 62 7
13 17 5
18 62 19
65 73 63
21 41 22
79 31 66
72 10 88
50 17 74
90 53 85
83 41 96
82 2 63
51 24 79
40 13 90
3 63 37
63 34 70
4 83 47
72 0 87
2 28 43
42 18 94
21 33 60
97 90 58
57 0 10
27 87 67
78 65 3
60 98 97
54 24 44
51 43 92
97 20 82
18 92 42
11 97 48
47 38 20
19 54 1
88 21 57
57 61 87
49 30 99
17 47 90
74 99 77
65 55 59
93 15 80
0 27 28
21 84 82
8 10 32
24 79 25
69 55 24
77 47 74
19 4 57
90 5 63
52 35 39
96 45 39
63 85 79
42 70 80
59 92 88
25 26 53
2 60 41
99 50 33
31 37 70
51 52 83
6 85 39
90 57 44
57 19 10
30 58 57
92 31 89
24 40 54
60 51 74
15 94 30
5 9 76
57 83 34
63 90 78
28 36 63
21 31 83
91 58 44
27 16 89
41 47 21
42 51 9
38 73 14
7 17 74
56 43 23
51 73 64
76 86 86
24 72 65
96 25 20
58 96 39
70 68 27
93 89 51
73 27 76
96 71 49
78 89 37
42 58 93
84 44 62
4 77 97
35 25 44
9 55 69
97 39 27
43 54 77
34 3 17
77 60 36
20 84 30
18 99 26
11 6 29
24 20 85
0 8 96
84 44 43
70 24 99
42 64 86
3 35 6
51 44 11
16 83 25
92 37 96
99 76 29
37 25 86
42 93 23
82 44 30
69 13 38
47 71 95
85 54 89
59 92 99
37 36 7
