62 49 55
39 27 14
91 34 1
0 27 49
59 23 39
94 51 77
60 95 96
43 86 93
90 61 79
31 50 95
99 69 59
69 45 99
86 18 32
25 58 82
82 93 64
37 79 30
35 77 47
7 72 23
46 55 84
57 76 12
63 13 28
98 1 69
99 52 14
89 51 50
98 37 54
74 58 27
60 61 15
77 53 84
77 72 96
21 77 83
89 1 15
64 71 80
86 80 89
68 41 72
98 38 63
48 65 55
93 44 35
47 81 32
37 8 3
33 30 75
15 28 81
92 21 27
4 0 1
87 32 48
92 11 2
64 20 79
56 5 88
16 89 80
35 20 3
14 63 49
38 10 11
88 21 53
18 20 78
56 16 89
47 28 38
79 76 59
33 24 1
88 60 27
72 29 19
37 12 40
17 34 92
80 38 25
68 66 98
34 91 6
38 63 46
87 8 65
82 22 46
16 71 55
49 21 24
93 16 92
63 25 24
59 54 4
22 97 63
4 8 26
53 1 93
38 5 27
78 75 56
52 76 75
36 48 3
11 59 27
40 51 57
77 55 73
22 8 90
52 2 26
21 4 59
22 71 87
73 9 5
8 48 18
75 74 58
91 56 29
11 80 27
60 11 68
57 10 55
11 41 74
9 83 47
55 94 47
53 26 1
60 55 46
30 97 82
6 1 11
32 69 14
77 80 100
94 98 10
42 16 99
78 12 89
11 38 21
50 90 17
16 81 37
70 97 19
16 94 22
97 87 63
63 24 55
55 2 39
53 9 20
57 54 53
93 41 97
7 27 91
53 58 62
24 39 8
81 90 67
91 9 21
96 26 98
2 75 14
34 30 22
51 58 70
38 20 9
3 94 15
5 78 51
38 97 47
88 11 9
59 83 51
32 22 57
51 4 78
36 79 8
47 84 24
51 76 45
97 58 76
73 50 42
90 28 73
53 10 72
33 47 50
62 73 57
8 44 19
3 30 26
90 54 45
20 7 57
82 50 39
17 96 19
13 64 23
0 72 72
45 32 72
1 8 53
3 48 99
79 54 48
18 1 10
5 81 89
65 44 48
29 17 7
55 12 21
94 37 55
31 28 63
12 10 12
91 33 5
40 39 94
12 23 20
42 0 30
3 93 42
65 95 38
42 53 64
3 18 23
73 49 48
81 86 51
89 96 77
69 36 48
51 86 5
52 86 35
63 87 66
62 1 57
25 1 16
67 68 64
4 32 77
19 58 77
43 91 67
97 50 44
84 87 75
23 25 58
87 1 23
69 56 44
79 80 48
7 25 39
51 1 31
14 44 15
15 7 21
77 10 10
28 88 43
31 41 55
60 71 83
25 74 30
23 56 56
65 23 18
93 55 84
28 55 74
47 63 95
92 14 71
84 81 37
80 0 100
16 74 6
17 38 85
97 37 87
85 78 62
19 44 87
11 81 1
56 87 19
14 23 34
67 6 15
92 32 20
29 7 91
20 4 21
1 67 74
23 62 100
20 45 78
19 44 57
84 82 34
92 13 39
82 84 88
11 49 44
49 21 8
63 94 57
96 34 31
5 97 27
77 45 65
58 92 88
44 8 38
42 15 81
32 76 52
45 67 49
34 59 2
84 47 20
91 93 33
56 29 62
65 75 17
80 47 19
41 55 50
86 85 51
13 71 21
23 48 30
93 16 61
74 68 87
19 88 80
25 80 49
15 57 11
44 31 75
81 41 12
56 45 75
34 37 82
98 2 22
89 60 6
73 78 11
66 56 12
59 46 43
97 99 35
74 19 54
58 15 92
47 58 84
54 50 82
69 24 74
54 37 98
5 60 51
99 31 24
72 59 19
9 56 96
15 92 51
42 83 70
34 88 89
29 34 51
44 93 1
2 19 88
99 16 26
25 36 4
85 98 37
15 56 72
93 1 62
93 75 79
57 12 37
26 92 51
27 91 73
46 2 43
46 38 40
69 55 73
7 83 32
41 7 92
34 5 56
4 61 80
40 51 17
20 92 62
86 79 86
95 85 53
41 8 93
83 38 23
23 6 87
11 87 15
77 83 64
73 14 84
3 24 54
56 3 13
15 46 65
93 33 54
15 48 19
1 47 35
38 74 7
65 98 11
7 73 15
72 75 90
8 15 20
26 62 12
18 45 14
49 36 77
21 84 80
5 96 73
77 91 94
5 51 64
63 85 26
4 95 49
23 1 12
3 88 7
27 19 15
1 54 26
27 95 43
82 28 73
61 47 100
41 26 24
74 36 9
43 47 50
50 64 79
71 23 9
44 35 78
24 90 63
21 62 3
75 93 39
14 79 55
75 37 26
13 88 1
42 46 58
82 30 54
16 73 34
37 21 91
16 82 51
31 32 28
13 87 57
65 72 55
64 99 95
31 23 95
59 13 72
17 43 47
25 71 6
39 34 94
71 57 57
36 73 57
41 15 75
75 22 39
36 39 36
95 12 90
19 94 63
27 50 73
75 43 99
4 57 66
70 39 46
2 12 95
69 90 56
82 88 79
85 8 70
22 26 56
0 87 5
71 60 26
8 52 57
69 7 1
97 78 91
86 4 27
16 28 55
67 5 13
36 56 45
95 85 79
67 51 20
61 23 36
37 72 32
1 16 45
82 91 79
38 49 40
28 23 100
30 52 51
35 60 30
36 76 68
99 92 30
82 44 83
32 97 42
86 45 47
51 24 97
66 2 95
43 94 25
30 47 30
55 20 7
84 4 37
73 77 100
43 32 18
20 60 8
65 87 75
56 14 29
13 15 52
17 2 93
83 90 68
43 0 78
17 48 60
11 48 50
47 93 72
78 97 93
39 31 6
20 42 42
54 69 1
59 35 74
56 41 31
49 34 69
35 96 67
70 20 99
8 33 90
71 77 76
23 54 12
60 35 98
30 99 9
31 60 9
57 95 60
6 84 10
46 67 57
69 85 45
61 3 81
18 7 39
52 90 95
52 94 1
89 52 28
96 39 49
87 73 69
45 53 27
12 94 56
24 90 23
16 85 32
87 0 59
9 44 50
80 10 92
52 2 87
14 56 9
42 41 24
95 31 40
70 56 72
98 44 73
39 16 91
50 74 66
66 40 95
52 34 49
73 22 18
81 27 55
61 67 60
86 16 54
92 11 85
47 30 16
89 92 7
48 31 45
59 70 71
59 27 16
75 53 11
39 68 72
89 6 84
17 48 75
51 58 3
94 29 73
38 1 20
57 27 15
99 42 49
20 11 45
35 41 89
65 37 60
81 4 93
14 38 14
99 15 35
59 82 100
23 86 79
89 97 70
32 73 59
65 11 73
53 41 52
97 80 47
86 6 30
2 91 38
66 24 19
88 61 40
47 95 8
43 65 22
83 3 40
45 0 86
91 18 5
36 35 52
73 80 55
13 15 36
87 52 48
62 12 25
22 42 27
37 5 62
5 98 3
28 16 88
77 26 45
66 77 73
86 64 43
65 79 3
55 22 32
46 96 47
66 69 37
40 67 11
53 62 6
33 37 95
21 3 41
64 83 74
40 82 15
20 30 68
99 35 87
96 12 21
83 98 79
14 8 67
93 61 40
62 94 57
97 80 5
48 67 51
2 45 80
44 16 87
23 88 98
26 99 52
94 78 75
12 61 56
8 66 54
0 95 92
50 97 14
58 13 67
68 65 52
11 53 9
19 95 8
61 53 86
91 77 65
79 59 74
72 40 21
47 51 52
45 3 4
90 41 34
26 55 41
25 84 93
23 46 58
38 31 18
55 74 10
53 43 76
96 89 7
17 30 39
38 63 73
71 20 38
14 80 70
76 56 19
19 54 8
68 70 20
3 83 24
91 66 45
75 3 83
8 99 3
41 21 36
8 18 80
68 24 36
15 90 9
34 51 16
11 25 25
16 48 96
94 14 59
16 5 49
31 9 78
23 67 19
59 2 14
73 87 82
41 69 71
78 60 16
77 61 98
4 61 10
23 27 52
50 13 91
72 53 39
85 69 91
12 91 33
99 66 44
94 31 32
43 42 42
7 55 33
35 58 41
68 90 53
59 74 58
79 81 34
86 60 87
56 5 74
48 52 42
4 42 43
68 57 82
2 63 79
78 88 72
48 53 28
46 36 64
15 82 40
68 25 90
70 36 47
70 22 53
12 0 36
31 41 55
89 44 23
87 4 1
41 51 98
65 4 83
58 10 62
81 15 57
55 60 21
55 62 48
95 31 12
46 30 31
56 71 23
63 67 23
83 52 99
45 44 58
42 98 12
90 49 35
22 71 64
72 69 43
57 19 97
74 90 78
50 15 3
77 71 32
56 75 56
84 96 45
16 51 99
25 70 66
67 62 85
44 45 17
14 35 100
50 21 45
7 53 19
38 64 80
30 71 30
4 37 71
87 24 64
46 31 17
0 41 68
43 92 93
66 81 27
32 96 62
70 73 57
15 82 52
15 57 67
31 2 95
13 84 44
54 0 32
81 90 78
68 19 53
46 97 84
30 55 97
38 75 7
9 51 61
38 45 53
43 0 53
76 98 25
71 0 19
45 0 86
12 91 29
9 35 100
90 9 26
82 22 63
61 70 45
49 14 47
30 6 90
89 10 85
48 83 62
56 19 53
25 67 62
46 37 54
65 50 15
72 20 59
43 82 83
2 71 49
88 41 33
29 84 100
84 23 53
37 95 37
42 93 64
36 53 90
88 67 15
23 28 88
54 27 20
41 87 10
69 41 68
93 21 96
92 49 67
96 10 44
22 35 33
42 57 61
96 76 37
34 87 45
40 72 98
74 51 2
32 82 1
62 0 71
78 61 93
5 48 94
62 57 51
54 63 4
66 69 28
23 6 30
45 99 90
49 72 69
36 54 22
79 68 71
0 55 74
31 26 41
95 42 30
58 78 63
16 88 24
41 6 24
75 43 63
7 62 7
20 80 58
63 47 68
18 34 43
64 41 47
18 48 82
16 3 96
51 69 72
27 23 64
84 9 71
20 41 63
77 39 58
83 48 10
68 22 34
3 66 77
0 70 10
11 41 1
8 65 71
46 63 81
11 96 12
61 83 21
22 92 68
75 22 6
19 78 49
21 59 10
52 48 93
75 30 56
11 69 20
16 9 94
72 1 60
51 81 23
94 87 63
55 23 3
57 53 30
44 27 83
9 31 45
16 83 66
2 91 50
40 34 88
22 46 76
84 30 90
47 50 52
49 16 62
91 77 77
49 53 23
83 62 83
78 8 8
92 3 33
81 88 24
19 56 62
87 24 82
65 54 36
31 78 46
21 92 97
69 7 99
23 20 61
92 85 70
79 35 85
60 25 73
30 83 37
24 99 46
54 83 25
92 58 13
31 48 81
38 98 7
36 41 74
22 43 17
72 95 88
68 82 11
38 29 10
19 98 89
94 32 94
85 78 23
54 76 43
61 16 81
88 32 56
22 15 83
57 16 12
54 92 85
96 35 22
50 69 18
37 67 81
37 91 27
72 69 83
68 97 88
99 85 76
86 21 37
96 44 70
89 84 26
88 43 64
93 20 82
18 36 89
22 10 55
37 80 43
29 2 71
19 76 75
50 71 5
82 70 81
14 41 7
27 51 94
40 54 52
21 33 91
5 88 84
73 53 87
69 43 96
40 42 5
8 98 19
8 12 63
67 15 60
68 92 9
30 38 34
1 13 50
54 52 87
1 22 71
37 62 89
1 27 66
37 27 91
71 26 35
43 69 14
62 95 81
90 88 53
23 55 78
31 64 34
78 59 92
76 36 63
59 95 72
97 59 89
9 90 38
9 44 61
15 31 97
22 46 78
85 18 69
27 65 39
9 74 72
34 90 52
75 84 76
43 92 57
12 25 66
36 3 5
36 61 89
89 70 18
5 93 49
24 13 68
14 61 82
96 66 30
55 24 57
68 43 63
34 85 100
86 23 50
54 46 77
96 57 60
51 78 95
13 28 90
87 81 12
32 71 85
25 73 73
16 42 14
78 32 92
20 73 88
96 85 41
62 94 61
64 67 45
17 33 8
26 16 76
68 48 34
9 14 27
95 25 59
71 17 37
76 5 20
12 87 78
53 30 93
59 27 99
75 48 10
54 92 93
70 19 55
48 65 100
30 20 20
85 23 68
20 79 46
67 72 38
60 1 75
71 31 35
97 28 91
64 47 28
58 76 33
75 16 57
43 84 3
63 56 71
25 44 79
20 90 17
96 6 65
62 43 68
31 21 59
62 37 36
99 1 52
37 62 26
11 96 45
89 44 19
98 77 18
46 28 33
87 18 22
61 86 31
73 67 45
66 83 9
15 77 13
24 5 11
44 68 83
17 72 98
85 2 7
27 46 54
14 62 97
6 57 49
27 29 29
7 2 79
98 46 82
30 55 92
2 74 8
51 69 87
35 18 45
95 58 8
49 46 24
79 41 44
95 62 79
33 83 7
25 37 98
40 45 32
0 27 5
30 41 57
93 39 77
76 47 25
76 52 58
56 48 71
93 87 24
2 28 17
31 52 66
22 54 63
90 91 87
79 80 91
84 30 6
21 88 53
25 23 100
32 38 60
93 68 7
8 73 75
52 90 77
3 46 79
35 57 54
79 46 8
50 93 64
36 74 4
98 85 99
46 35 46
9 68 94
37 70 96
74 17 55
57 8 24
13 87 76
72 65 9
1 34 62
98 12 24
61 88 89
61 58 21
41 97 30
81 84 52
31 88 64
23 71 64
17 34 80
39 85 52
87 51 63
43 32 2
77 68 80
63 81 96
54 35 96
64 69 30
27 50 14
92 78 36
86 42 86
28 45 12
45 5 53
41 15 12
52 11 3
2 34 24
77 76 31
71 42 94
28 1 68
58 60 44
71 21 58
11 73 48
47 5 7
29 71 32
53 17 25
22 20 18
83 14 14
66 54 9
83 26 32
96 11 89
97 6 40
74 25 87
74 49 72
80 95 6
87 11 81
56 15 99
63 0 36
3 80 34
8 12 10
97 38 98
35 84 25
68 78 42
10 5 7
47 30 24
60 21 48
50 95 96
18 24 34
70 90 38
47 70 73
30 8 77
19 98 47
57 15 79
63 77 69
98 58 89
90 98 6
43 1 33
7 89 83
32 54 91
55 38 44
10 85 20
94 7 4
65 1 22
2 93 46
59 23 22
12 35 2
76 38 17
2 58 80
40 45 33
82 44 28
79 56 1
51 50 12
31 98 68
31 16 76
99 52 46
32 46 51
53 56 18
53 45 3
12 99 61
42 0 30
63 34 70
71 40 7
18 1 23
82 54 40
26 43 20
71 2 23
86 70 9
33 41 54
3 39 6
36 93 99
9 94 5
59 56 87
38 75 36
53 84 87
2 61 92
34 49 88
15 89 66
50 42 23
13 55 23
78 58 81
99 20 11
45 66 53
36 87 39
62 58 35
84 97 90
65 72 4
62 52 53
16 62 14
61 39 96
83 33 15
67 45 47
77 43 77
38 75 29
13 68 58
82 18 16
28 53 60
11 38 86
65 80 77
79 11 92
27 98 30
96 21 65
18 62 100
52 81 96
46 70 61
96 10 60
38 89 57
19 96 46
3 6 80
4 2 99
48 58 87
15 36 45
38 12 76
47 9 79
65 54 20
20 84 67
69 37 14
88 87 4
62 58 16
57 37 20
84 24 17
96 81 84
57 69 65
41 8 39
0 56 60
6 43 52
70 69 34
65 7 79
45 23 79
46 31 69
37 7 94
24 91 56
51 63 31
25 9 50
33 75 83
44 40 27
86 80 21
94 2 64
72 1 66
70 78 68
19 40 1
43 80 35
38 89 48
43 4 72
73 67 34
15 49 57
88 72 36
44 0 6
57 46 24
40 86 44
8 90 78
21 45 33
79 12 89
34 9 98
50 8 77
64 67 16
0 6 90
61 60 42
10 17 97
36 25 55
1 74 42
76 38 27
23 86 65
45 3 7
47 69 66
66 84 91
61 51 32
39 91 34
2 67 48
87 45 55
78 21 43
12 46 41
69 36 56
21 80 62
18 2 69
34 60 95
59 48 33
8 39 52
91 76 90
2 85 3
43 15 10
72 44 44
21 78 43
74 48 62
74 52 42
29 16 10
80 40 67
82 9 98
6 97 22
89 52 55
81 66 32
48 78 83
25 65 65
55 5 94
99 21 5
46 67 9
72 81 41
8 69 6
2 71 19
58 88 63
65 51 77
0 19 98
47 4 92
57 89 51
55 37 64
67 16 37
94 70 3
11 49 63
19 91 94
97 91 3
97 53 91
26 92 44
29 9 18
87 15 36
42 4 68
94 50 46
27 53 78
15 89 84
7 86 27
34 12 12
63 80 72
44 28 83
54 4 54
41 98 2
48 23 14
92 65 80
84 96 22
52 0 29
34 0 90
7 16 53
97 86 17
61 26 2
86 7 64
26 89 66
62 47 5
97 32 52
21 68 15
93 25 48
87 20 72
31 7 80
78 11 95
89 33 73
28 9 71
73 57 86
47 37 5
73 5 51
77 56 33
3 56 43
41 98 31
40 87 29
2 0 4
54 69 90
7 15 31
0 38 81
2 78 75
0 41 72
24 72 19
31 61 95
1 36 68
87 49 76
90 66 11
76 9 35
33 61 93
67 11 19
79 28 85
72 11 83
88 37 46
69 5 46
33 6 14
11 48 88
72 21 70
46 66 6
94 65 70
85 70 56
37 79 66
2 33 45
0 5 11
95 32 85
60 81 83
30 85 31
71 75 52
59 70 21
34 40 92
21 23 7
5 89 57
63 0 22
39 53 52
31 23 9
0 45 55
67 50 92
21 11 11
54 50 97
75 35 17
1 4 9
46 75 36
90 45 91
27 45 61
28 83 53
26 98 43
44 39 65
92 1 1
9 39 81
5 41 49
88 45 97
72 80 98
49 98 35
79 99 60
14 55 96
85 90 100
19 42 71
18 63 34
35 55 92
99 89 73
69 88 56
7 1 2
24 62 80
21 60 92
56 16 81
31 85 9
39 67 50
48 81 66
41 28 63
81 75 75
73 40 34
86 43 79
92 41 97
64 61 22
25 17 40
54 79 59
11 56 88
77 82 1
39 43 34
21 86 64
99 4 65
79 64 6
97 77 94
85 73 48
20 64 9
80 97 37
39 31 85
41 71 47
63 85 8
52 16 73
10 28 77
40 23 67
62 2 86
49 71 46
9 7 52
72 62 53
99 0 38
69 53 61
55 82 29
32 89 53
37 18 4
77 3 16
13 21 85
23 54 83
96 56 59
40 3 97
23 26 20
68 36 11
24 36 44
8 17 14
17 47 77
1 25 26
66 13 58
49 61 8
37 98 3
83 34 43
59 5 55
78 18 97
12 93 13
49 70 22
14 76 37
41 50 49
23 93 15
2 18 29
73 86 6
36 15 59
15 69 73
98 1 72
0 82 90
14 66 73
85 52 36
12 76 79
82 40 95
81 55 58
93 95 54
65 60 43
73 49 21
1 49 72
89 98 34
44 83 98
81 83 1
10 19 83
87 30 38
59 85 64
36 28 64
55 44 92
12 16 74
36 66 79
62 60 90
42 12 25
23 82 31
16 26 71
12 38 53
73 58 17
90 70 44
57 49 3
31 52 26
27 55 47
31 20 93
42 95 9
75 44 24
73 83 52
84 9 33
96 59 28
29 43 20
4 27 10
49 90 30
65 20 40
55 4 70
27 34 9
88 43 34
4 77 47
47 58 18
34 45 5
20 71 42
72 45 4
11 65 62
11 92 10
59 13 3
38 27 37
90 83 41
65 34 25
85 52 96
50 38 26
69 19 9
79 20 39
55 49 98
32 17 21
48 84 24
45 20 45
84 51 34
25 90 33
8 12 19
34 90 12
20 25 41
81 51 99
55 77 68
35 49 3
44 28 91
88 44 99
66 26 67
10 31 87
2 87 60
53 73 90
21 12 78
14 9 65
10 15 36
57 7 75
8 95 49
92 91 99
54 2 80
20 62 91
46 13 28
72 63 60
50 18 7
72 60 87
60 78 56
18 74 6
27 22 43
68 80 36
44 61 77
35 44 16
70 66 79
27 50 57
44 23 58
29 84 21
2 54 73
98 23 61
67 66 59
59 98 24
63 86 14
86 23 36
69 25 36
83 93 65
39 11 62
0 6 93
27 71 96
81 10 45
14 73 55
31 5 10
45 94 52
52 61 63
36 73 77
45 52 6
75 9 22
83 53 27
6 28 87
18 25 35
88 25 16
91 66 48
60 96 53
23 37 76
22 98 88
90 43 94
65 21 18
40 34 19
24 91 61
58 25 52
53 88 8
46 12 20
68 73 41
44 41 15
98 49 61
86 64 35
42 25 96
42 50 14
5 34 13
14 52 2
4 23 21
12 3 92
12 29 21
86 49 65
53 22 47
70 31 68
43 26 98
87 93 16
29 60 77
67 10 100
14 93 63
66 88 26
42 26 95
2 56 28
62 59 6
70 78 92
53 0 25
38 48 78
44 48 48
8 34 33
24 15 89
59 39 60
79 0 12
96 10 77
9 83 90
64 27 31
29 62 41
10 83 94
32 9 60
49 28 59
78 92 73
13 54 94
51 99 38
6 90 58
41 94 8
76 68 42
42 71 67
41 25 1
33 7 86
70 26 16
9 1 22
25 83 99
74 94 98
14 84 32
62 82 22
16 31 45
27 54 83
57 48 12
24 23 45
59 19 79
52 73 43
88 45 63
17 29 9
51 73 70
73 26 91
81 58 52
14 22 45
94 34 99
54 87 56
19 3 88
81 38 47
9 32 18
29 42 25
46 43 68
33 20 36
12 29 80
14 10 17
20 1 10
74 91 36
49 79 95
77 23 86
99 25 90
48 89 28
78 90 52
47 79 11
11 39 56
66 47 17
42 98 64
96 3 87
39 7 73
96 14 1
51 97 41
64 47 34
60 33 76
25 63 29
79 71 23
5 9 76
98 48 36
84 83 99
41 98 43
19 29 54
40 82 76
43 1 80
3 84 35
99 26 96
59 15 7
98 24 37
77 39 24
23 93 6
88 86 50
54 69 90
84 82 66
24 68 83
27 70 79
0 39 52
53 3 54
51 25 12
67 50 84
13 19 61
91 14 6
66 65 55
79 87 21
72 99 59
57 70 30
33 96 91
86 27 3
36 49 21
0 59 31
49 39 44
41 27 46
38 64 41
92 82 66
37 82 100
39 24 27
14 80 94
69 81 26
36 48 81
10 43 67
61 88 47
54 0 94
81 41 70
40 65 15
50 66 75
86 22 62
93 43 53
23 33 25
6 82 95
19 93 37
38 72 87
62 1 43
0 60 41
61 77 77
41 95 23
50 13 36
74 48 11
12 59 11
22 2 94
39 5 93
49 32 20
58 34 26
89 29 84
13 10 6
43 41 49
4 63 99
33 86 11
62 59 18
95 18 67
34 57 55
97 93 100
1 98 64
36 75 85
94 24 74
51 35 23
4 25 24
23 78 52
95 63 23
72 2 97
10 75 30
22 60 38
72 23 68
65 20 41
5 80 78
49 70 54
65 23 80
77 18 40
56 29 6
48 95 61
32 70 12
1 63 90
65 50 81
88 71 55
8 35 56
30 14 82
91 22 32
73 71 81
56 19 11
78 53 31
39 16 31
53 24 11
52 22 34
84 29 77
12 17 82
69 57 10
30 4 7
9 15 35
16 82 86
92 24 23
26 45 61
60 56 82
82 84 44
88 52 7
47 58 44
8 60 62
51 11 72
6 79 100
74 18 67
30 5 9
73 82 7
7 67 69
82 10 69
10 92 25
50 6 67
14 27 82
36 4 57
10 91 76
82 91 96
62 53 39
48 85 18
45 26 12
48 44 65
4 74 57
5 41 88
34 66 85
33 3 24
13 74 52
69 35 9
9 52 27
60 64 56
57 9 24
33 43 84
75 95 60
97 63 5
64 95 44
84 4 9
46 10 14
3 22 50
34 17 82
78 21 94
4 68 86
72 5 42
31 84 83
49 75 5
26 70 69
49 65 84
50 28 56
97 67 90
86 95 21
20 51 94
55 98 33
57 54 100
65 79 37
79 89 45
36 27 90
18 78 40
79 55 3
26 69 88
4 14 66
19 22 38
24 60 62
45 39 62
35 5 39
79 90 17
8 55 99
67 1 78
77 59 96
16 4 10
96 97 32
43 9 38
10 56 80
84 83 93
52 32 88
6 9 9
16 7 92
42 89 88
85 71 39
10 95 35
68 82 69
54 93 10
83 86 30
71 73 33
56 16 41
31 80 20
43 99 16
91 21 98
14 12 90
43 4 26
56 57 7
84 70 68
22 90 47
65 47 96
56 70 90
42 86 61
84 15 54
15 98 11
99 16 64
69 73 39
80 26 94
70 18 16
29 48 25
35 36 59
21 82 43
99 37 9
52 29 10
46 47 66
34 74 22
76 81 28
58 28 99
50 0 4
53 28 95
25 34 32
91 61 90
7 71 67
92 7 73
44 2 94
11 9 43
49 75 28
64 93 79
80 25 74
43 74 66
26 19 86
66 28 81
42 32 52
33 73 49
58 83 20
18 76 28
2 95 94
96 31 74
39 68 4
97 58 36
18 11 46
86 48 5
77 95 74
11 65 7
65 30 92
21 25 44
70 30 94
76 3 46
75 42 47
1 59 20
20 63 92
22 30 77
58 5 73
23 56 18
65 13 18
25 70 3
12 63 45
54 42 80
86 67 26
77 47 62
19 79 86
50 62 38
4 99 10
2 74 40
56 28 40
75 15 48
73 27 30
59 46 18
84 17 40
88 20 70
57 68 1
73 27 66
62 69 11
82 27 63
26 69 85
41 74 45
28 55 93
62 46 100
38 33 60
97 84 89
17 97 44
42 75 88
11 10 57
74 46 29
40 35 41
49 26 26
88 3 30
31 77 90
34 19 76
98 6 91
88 5 43
13 46 47
95 19 16
15 85 89
84 2 24
35 56 24
4 71 61
82 69 38
93 15 68
86 46 3
34 58 37
93 89 15
93 21 86
66 83 75
39 56 11
32 81 96
13 99 41
60 27 79
13 39 60
48 40 5
85 35 100
80 84 47
4 59 5
98 56 2
13 50 89
54 6 6
97 19 41
86 72 80
76 62 34
54 80 25
65 25 16
34 60 64
60 95 98
1 83 28
65 34 36
84 82 66
23 34 65
3 90 83
11 72 64
3 40 35
41 31 39
90 76 11
9 84 52
57 98 96
43 38 100
26 94 83
59 69 59
3 61 8
4 49 89
12 96 2
82 3 68
86 87 80
41 36 84
60 22 43
69 9 96
27 63 21
14 13 26
23 77 4
69 90 26
6 69 23
24 43 74
1 29 20
4 67 65
76 62 10
33 20 38
56 43 8
84 34 23
10 94 63
30 87 48
38 99 34
85 86 19
2 30 72
50 12 31
30 15 82
37 92 33
97 66 84
4 90 24
67 0 57
40 38 29
23 56 35
32 18 77
73 14 67
59 55 94
24 95 22
94 28 14
29 95 8
63 95 98
52 43 24
86 71 18
16 40 95
40 13 59
50 33 76
16 74 85
36 75 40
16 59 89
49 45 97
97 45 15
51 86 49
53 37 82
67 44 88
65 29 35
92 33 4
70 98 30
3 76 26
60 57 82
0 35 51
29 27 28
2 27 96
79 45 39
81 24 1
24 35 61
18 56 12
27 58 29
72 81 45
67 87 40
6 97 82
83 47 72
37 2 60
68 45 65
58 39 62
67 39 39
26 6 70
19 34 74
41 93 26
7 43 32
90 47 72
49 80 65
81 40 76
60 5 34
43 52 89
78 10 84
8 46 96
8 99 11
59 29 64
32 49 31
74 51 28
3 73 66
87 16 24
43 64 32
12 43 50
91 29 1
0 15 52
50 97 55
87 73 55
87 20 50
23 46 89
36 7 83
78 80 2
93 58 60
14 5 61
33 3 82
2 9 52
69 48 98
60 87 58
84 15 21
28 49 88
94 78 11
98 76 20
51 2 96
41 69 76
40 69 93
74 5 10
81 95 89
46 20 2
96 99 100
21 86 20
55 90 84
40 17 4
93 5 70
35 15 38
2 63 12
19 55 14
84 54 45
23 77 32
62 42 77
10 9 55
55 53 61
70 21 98
61 43 70
74 78 96
37 6 77
4 27 47
42 29 86
4 18 49
22 90 21
69 81 77
24 36 63
50 83 22
47 21 26
87 33 1
27 86 78
35 8 33
50 86 47
36 97 89
26 30 90
3 28 51
0 93 19
19 63 87
80 87 91
53 59 41
68 53 64
77 22 37
34 97 35
75 70 61
84 73 55
25 72 91
9 67 21
12 5 78
82 33 69
66 33 14
90 13 26
59 66 23
5 98 15
1 57 18
54 57 90
48 40 58
77 83 69
58 11 71
75 68 72
87 14 73
42 24 26
0 6 17
97 88 22
37 71 77
29 52 68
53 13 65
70 97 88
38 48 76
2 63 2
49 38 45
27 52 51
70 5 64
23 54 89
0 60 5
27 52 90
32 24 59
64 90 31
78 90 8
38 16 29
1 75 89
56 80 15
95 60 69
67 80 27
55 81 88
83 0 86
51 37 62
18 75 62
30 85 17
27 66 82
43 19 32
1 69 81
56 47 4
54 18 46
43 32 70
71 38 6
44 32 27
94 40 97
92 9 43
15 99 81
60 45 44
44 15 64
11 98 51
95 22 26
23 84 67
58 35 48
73 16 97
58 1 47
59 27 87
44 41 13
98 19 68
35 4 39
41 65 77
50 47 99
51 5 89
44 39 48
96 43 19
29 94 46
20 83 76
30 88 42
77 92 67
15 28 23
55 39 47
43 78 9
12 26 40
69 44 18
63 2 91
99 47 56
15 10 63
8 13 78
66 33 71
75 63 9
79 23 48
68 46 34
50 44 24
81 5 39
84 30 3
89 0 98
23 31 91
73 72 34
51 81 33
56 5 78
93 18 61
69 40 57
0 26 56
3 85 20
29 11 88
17 92 57
54 67 7
33 25 47
94 18 56
85 99 10
38 5 37
29 32 61
62 8 25
32 47 13
55 23 96
93 6 26
56 85 88
33 73 33
12 69 41
83 67 99
18 9 21
85 7 79
57 41 59
4 48 22
84 51 92
93 76 85
33 81 65
94 33 23
82 54 25
66 30 58
60 79 22
48 20 80
27 35 1
55 31 24
57 70 40
48 23 51
31 3 35
54 74 70
47 43 77
72 80 2
51 58 44
20 41 46
69 45 77
54 90 32
41 3 26
0 23 92
45 41 13
95 20 34
98 80 46
10 56 46
49 41 73
72 23 35
85 49 13
29 50 43
33 96 46
29 60 66
30 72 28
6 56 65
21 80 11
26 43 31
52 3 24
80 65 43
91 8 30
44 20 97
0 47 72
26 74 5
9 70 23
88 14 98
18 57 1
20 87 82
40 79 15
37 61 15
60 97 68
29 53 19
14 27 94
74 10 81
42 37 8
68 81 8
52 30 81
61 25 98
40 31 83
61 64 48
19 94 31
35 10 55
33 61 44
59 1 57
59 11 12
71 56 85
77 94 74
4 46 94
63 13 64
69 84 64
11 10 76
70 72 56
9 19 36
42 59 37
13 15 83
88 37 73
68 78 72
31 4 13
70 60 87
60 54 80
53 83 44
74 25 91
19 8 62
48 52 41
18 74 88
77 2 31
90 48 6
21 7 33
34 99 51
83 94 79
35 49 50
63 74 67
61 66 19
61 69 95
64 44 97
32 50 58
39 37 71
18 97 11
5 88 71
81 39 14
42 26 85
7 8 88
34 95 32
94 45 81
90 36 48
34 52 28
26 86 91
51 62 91
89 90 56
52 24 1
43 56 18
0 30 57
58 7 41
7 97 93
96 71 27
8 64 29
79 19 19
95 35 20
69 90 51
56 49 46
74 46 17
70 15 21
80 94 32
11 22 18
40 91 6
36 20 53
25 34 13
65 64 69
90 34 19
91 65 86
69 4 43
13 93 47
71 2 23
20 1 9
8 85 36
6 7 63
51 14 48
43 93 6
27 99 56
25 10 16
81 60 38
90 32 73
61 98 40
52 16 46
5 26 76
70 86 94
10 25 99
15 35 97
20 9 74
24 16 73
49 75 60
73 64 23
89 88 34
27 25 1
78 26 26
15 86 71
20 53 3
63 93 56
92 11 48
83 21 19
11 7 35
11 71 81
22 96 85
44 20 94
10 96 78
34 16 49
10 75 100
1 10 71
65 58 31
33 59 75
3 1 73
49 38 92
72 54 56
65 13 31
67 0 71
23 55 71
74 60 59
91 41 46
36 2 78
23 62 67
87 50 44
6 25 84
92 34 17
29 47 81
96 88 26
28 56 62
82 8 89
37 19 5
47 73 40
18 61 12
84 38 26
47 84 81
40 41 38
46 77 4
26 33 79
18 91 54
81 7 17
55 21 49
41 15 49
5 84 91
81 49 48
24 71 23
12 59 25
2 48 39
52 67 13
33 90 19
69 3 62
83 70 13
33 65 44
24 66 31
33 27 95
14 52 87
42 21 7
92 5 84
65 57 98
97 13 57
96 45 59
13 64 72
81 78 38
75 97 32
19 90 24
84 11 83
50 59 6
30 74 68
28 99 15
85 20 90
73 45 70
26 10 38
62 22 12
94 79 4
0 24 77
35 22 86
20 58 35
14 68 5
26 80 13
9 56 25
39 61 85
48 63 79
65 46 45
42 78 27
92 20 56
32 60 63
83 41 26
31 72 48
55 72 29
81 51 63
7 98 60
95 70 10
97 54 71
98 21 73
5 59 24
68 88 30
97 63 19
31 21 51
98 77 52
67 58 57
91 82 27
10 14 33
98 36 1
65 89 5
1 3 65
27 36 17
90 65 11
41 68 10
43 15 55
88 97 28
42 7 55
96 93 1
71 36 17
2 59 77
68 44 29
6 86 68
19 78 48
89 99 46
75 11 33
57 69 37
31 93 28
48 73 6
68 19 87
51 29 91
35 66 97
32 27 57
28 71 80
27 9 94
73 25 76
82 72 57
35 16 72
85 46 16
51 81 24
28 43 67
12 84 84
32 1 95
37 3 86
73 69 43
33 13 67
86 67 62
82 73 61
46 96 24
58 30 70
3 70 40
26 23 99
45 28 18
35 87 19
54 53 96
36 88 13
28 85 52
20 99 33
12 72 19
75 24 28
83 95 78
52 67 32
6 4 59
10 30 48
26 1 78
0 37 13
56 55 15
84 20 76
36 6 7
93 74 52
53 73 99
95 59 48
59 52 58
29 66 22
46 25 12
52 44 81
99 6 15
32 68 66
27 5 22
76 2 70
86 27 78
6 36 55
31 85 42
97 60 21
6 10 76
19 6 100
16 72 71
17 55 75
91 11 19
88 33 87
34 48 78
45 50 77
32 9 42
67 80 23
28 41 52
7 29 98
97 50 27
93 67 81
41 8 82
88 14 30
16 23 34
81 52 92
51 87 95
61 95 20
34 62 41
12 50 43
65 28 47
89 94 43
43 38 61
56 83 1
44 31 83
37 57 92
49 71 4
68 1 12
39 59 35
64 93 55
61 32 62
15 35 11
80 68 70
36 74 57
94 37 58
39 28 61
86 15 44
71 27 8
83 90 58
5 1 37
35 4 86
89 12 35
83 3 80
78 40 55
93 34 58
54 17 9
4 87 1
14 35 94
22 38 34
36 94 64
58 19 50
46 22 77
54 21 92
87 35 62
94 64 17
33 24 4
7 75 29
71 78 36
4 97 79
39 79 41
36 49 57
88 15 21
78 64 57
70 86 39
65 13 78
4 16 90
81 84 88
5 89 40
49 62 62
80 82 49
92 45 52
83 12 77
4 71 52
80 27 69
17 10 90
63 39 96
21 65 64
51 53 39
55 33 23
41 6 11
8 94 87
84 70 12
85 20 49
23 7 29
14 90 47
51 82 19
32 82 24
18 74 55
16 70 26
40 32 7
97 12 53
60 3 26
36 41 2
77 43 77
29 87 98
56 39 12
79 99 13
62 97 28
16 26 70
4 32 92
85 69 83
6 3 26
65 80 41
46 23 44
66 89 72
5 52 53
36 20 65
22 93 23
65 73 48
74 32 91
49 20 80
61 19 32
20 83 18
18 64 39
44 45 50
40 31 99
19 72 21
90 27 100
81 50 11
59 70 1
36 22 59
79 56 71
66 68 9
80 23 58
67 47 72
8 39 72
58 54 91
0 10 96
17 2 6
2 84 70
30 33 42
46 51 23
59 53 39
81 83 10
62 75 38
76 60 13
77 8 4
89 30 44
9 48 74
78 33 75
63 48 98
12 52 85
26 6 56
5 23 54
40 99 32
87 70 43
63 32 3
61 36 57
29 85 3
68 32 74
57 35 48
0 29 64
1 69 78
4 30 95
54 77 100
92 83 50
46 7 18
33 23 32
91 10 21
63 35 54
21 17 46
68 39 4
49 19 40
49 33 32
83 97 19
64 57 74
23 41 10
34 52 20
80 86 18
14 79 53
27 20 79
64 8 17
61 75 79
15 34 1
30 39 99
77 3 45
70 42 19
96 95 45
31 57 100
50 33 19
63 12 59
25 91 33
15 53 5
68 3 94
39 50 93
32 75 32
22 23 82
74 27 29
84 36 64
56 19 84
29 74 47
80 21 84
97 66 95
38 52 82
40 94 23
75 94 79
74 30 50
13 51 92
61 71 25
23 14 57
30 37 100
0 66 81
15 27 20
43 20 57
49 58 26
77 90 96
73 62 76
31 78 48
19 0 26
28 35 73
59 76 45
16 48 70
73 2 17
69 74 42
39 81 97
40 75 100
0 54 82
26 54 58
17 5 59
64 67 60
61 99 7
97 98 100
32 70 18
56 49 81
26 17 34
3 75 63
93 84 4
39 86 49
67 80 77
55 23 30
78 36 23
93 12 68
60 56 44
6 60 75
16 5 3
38 19 45
71 0 24
95 32 89
67 23 7
61 17 93
51 69 84
7 6 26
52 57 74
57 48 58
8 95 49
23 50 23
45 6 5
11 82 66
62 79 47
11 67 84
36 77 90
77 55 45
9 52 99
4 21 1
88 83 84
55 42 44
24 32 59
8 22 76
44 66 71
73 17 57
26 58 44
49 70 38
40 64 72
29 46 28
74 67 96
44 59 64
35 53 42
36 71 43
97 86 64
77 24 36
81 2 92
55 8 22
86 97 27
6 57 50
1 99 34
11 85 6
82 62 25
9 79 62
68 97 87
42 75 65
11 87 50
10 50 31
74 5 44
41 87 95
33 22 51
88 28 65
46 68 63
89 37 67
6 72 94
7 39 72
66 88 48
70 23 43
59 6 98
17 28 2
77 72 85
79 21 3
27 66 42
75 54 28
80 44 70
42 70 15
77 72 47
44 77 73
33 56 23
7 2 13
39 65 82
44 43 34
51 48 62
77 71 46
89 40 44
13 93 82
30 21 26
41 2 15
65 60 1
27 48 2
24 7 37
77 19 7
40 94 55
15 91 22
76 34 22
65 41 84
29 86 4
28 89 52
59 86 55
92 76 24
3 49 4
21 64 89
42 31 21
62 0 91
24 37 9
34 57 30
2 75 59
33 67 4
18 77 5
93 36 24
32 53 17
91 19 12
35 48 33
38 40 93
85 78 82
75 66 31
1 17 88
4 12 31
18 82 2
24 85 56
36 96 47
63 0 59
37 25 81
39 51 80
74 80 64
87 14 62
63 96 54
84 18 40
17 41 99
62 28 44
18 64 51
25 16 88
77 26 29
46 24 59
48 94 9
91 32 18
10 81 32
26 93 95
2 56 93
90 29 62
17 54 65
39 49 5
91 55 45
75 8 12
26 49 52
87 24 57
72 75 70
53 98 32
36 72 57
98 47 45
80 41 83
66 69 6
94 78 87
25 66 11
14 64 72
65 23 35
92 91 22
37 44 67
60 3 25
33 50 19
78 5 68
73 85 39
28 46 17
32 31 33
69 71 78
84 14 37
57 44 99
41 93 38
23 0 17
98 84 51
63 8 51
35 50 34
69 95 43
77 92 25
28 41 68
61 93 53
0 83 90
59 80 87
51 1 14
19 55 41
16 26 88
95 83 21
8 33 14
88 25 60
5 11 99
74 34 73
94 88 33
25 35 62
81 4 76
10 22 48
13 53 65
53 7 1
44 14 4
93 51 54
48 7 93
56 21 50
12 21 14
35 47 69
55 69 89
41 46 8
35 48 55
34 5 5
65 71 11
62 1 31
74 71 16
63 72 90
12 44 48
71 97 51
52 63 93
75 87 54
75 37 1
22 49 31
13 26 24
75 0 61
86 43 78
65 46 46
74 77 62
1 89 95
14 5 93
81 40 44
61 87 95
28 48 34
32 69 22
76 85 70
6 88 77
83 30 65
78 73 79
20 94 72
13 87 18
87 67 17
25 42 71
99 84 52
24 40 74
43 77 94
78 37 47
46 1 53
72 43 91
24 23 54
92 62 19
41 84 58
36 90 80
78 21 63
23 59 54
0 48 2
54 1 31
77 90 100
34 71 31
79 90 18
49 55 60
62 33 90
19 71 53
80 25 93
43 33 5
98 55 13
65 49 78
5 33 41
71 63 24
90 60 96
61 29 51
88 24 35
84 80 42
71 6 95
50 87 75
57 60 81
4 48 91
61 63 99
98 19 97
76 19 88
40 98 48
67 54 32
51 16 52
97 66 22
90 61 52
17 92 24
74 51 10
83 26 72
21 40 33
93 21 51
33 55 43
59 90 81
11 23 82
24 92 79
57 23 25
86 67 86
85 70 40
72 16 18
14 26 51
24 65 13
89 16 37
8 51 41
98 72 2
79 49 35
23 2 79
56 22 15
96 0 70
92 37 82
66 63 76
82 62 49
66 17 71
52 62 82
23 44 92
76 42 36
80 98 83
70 50 2
71 28 26
2 33 77
34 74 63
19 24 27
77 87 94
93 96 98
28 55 6
36 53 84
29 11 33
63 41 86
84 44 56
81 69 35
9 8 78
57 1 40
0 81 55
54 98 77
2 47 43
94 17 22
74 84 2
61 74 18
93 6 11
37 5 42
27 88 48
36 5 8
16 72 45
55 72 99
77 28 65
38 1 33
20 32 26
9 59 54
89 52 20
6 95 61
20 40 72
24 9 8
78 72 14
76 51 98
77 95 99
79 15 52
36 39 71
4 88 67
30 47 46
69 26 61
48 73 56
22 14 51
63 77 28
36 2 14
6 82 59
80 41 91
70 40 44
18 62 3
37 93 94
39 95 12
68 45 87
19 67 4
83 91 27
67 49 43
46 21 49
58 18 14
94 49 34
18 7 59
50 10 75
96 58 98
18 14 75
73 43 80
49 52 12
82 14 30
61 27 34
94 93 18
71 7 61
43 76 58
72 6 80
66 85 37
5 85 16
99 32 23
48 81 75
47 85 89
75 90 42
7 95 27
90 91 99
58 53 95
27 41 61
14 64 94
3 65 49
79 77 53
25 31 14
49 61 2
57 12 57
71 90 19
33 95 11
1 42 38
43 56 15
31 1 91
19 53 41
91 17 20
32 19 31
90 10 15
6 24 14
6 35 77
20 25 97
94 27 46
77 0 14
14 85 84
19 28 27
80 57 87
53 21 85
54 71 68
6 41 4
37 22 25
39 95 53
25 88 81
63 28 74
54 71 26
84 77 48
33 21 40
96 89 67
47 41 63
23 52 36
74 6 14
72 84 87
67 87 73
37 27 72
66 86 11
65 69 30
91 93 93
66 25 45
37 52 68
40 18 15
60 73 82
24 71 70
51 77 1
69 30 47
29 46 2
95 69 79
45 70 91
6 77 69
86 33 55
76 0 85
57 75 46
22 87 27
7 24 41
55 82 19
75 23 67
92 58 62
9 39 42
24 93 61
30 7 94
91 72 23
18 74 13
74 10 61
19 94 7
82 49 62
8 73 77
8 10 7
92 39 19
96 62 29
85 46 98
56 20 30
8 35 23
4 91 42
46 65 25
42 28 18
91 70 21
83 79 33
58 70 93
62 90 5
50 12 66
92 42 92
89 24 37
89 91 97
54 81 23
51 65 53
51 7 2
43 28 49
62 69 63
63 66 3
76 20 36
22 1 48
90 95 43
44 38 74
58 2 9
36 14 91
11 86 74
47 52 65
13 64 69
34 5 59
17 58 41
65 27 57
78 70 74
73 13 18
57 24 71
8 53 23
39 16 44
14 30 27
20 36 40
91 5 88
59 13 87
94 21 41
24 60 48
9 27 53
59 98 86
96 31 49
31 34 64
71 89 15
61 39 81
23 16 46
44 49 44
53 79 22
72 81 82
65 64 36
1 32 77
90 75 11
57 76 74
86 28 3
88 98 79
9 34 88
64 28 82
38 64 10
81 58 5
79 14 88
40 34 4
76 23 38
71 90 13
88 22 39
91 5 19
62 11 80
13 72 40
11 94 79
93 15 12
29 7 69
37 13 61
0 63 76
99 44 15
0 91 94
18 50 5
10 11 65
59 2 28
17 49 77
63 34 69
39 97 92
6 97 70
20 36 93
80 77 81
81 26 56
4 13 62
82 54 2
87 20 42
97 48 13
93 60 2
51 56 25
62 65 80
13 99 18
51 43 23
97 11 46
51 99 57
69 45 39
50 89 84
13 52 95
64 68 30
69 76 83
31 68 84
39 41 100
95 94 45
28 41 72
10 22 78
82 40 70
73 16 35
95 73 12
65 46 73
63 12 4
62 44 97
92 82 27
95 22 76
75 0 51
12 74 55
24 44 76
87 95 69
68 99 73
16 52 35
46 98 72
50 64 52
33 74 54
50 4 18
10 76 77
11 41 86
98 55 18
73 25 22
55 19 58
27 28 72
83 75 67
24 59 45
25 88 2
90 50 18
6 83 88
64 78 18
78 17 20
78 44 80
52 20 71
90 89 34
59 27 37
74 38 84
33 68 43
73 88 33
84 94 28
18 40 75
92 45 38
73 40 66
73 59 10
17 28 31
62 25 98
42 84 86
84 32 23
92 40 49
95 78 9
89 88 8
71 10 9
29 31 55
82 75 45
75 19 41
88 41 92
41 76 55
60 39 66
58 51 66
11 13 37
41 21 55
27 63 86
93 41 27
72 73 69
88 46 7
72 51 72
49 67 98
91 42 26
21 99 78
33 94 63
86 99 50
23 75 55
20 16 100
37 94 57
72 55 28
6 67 90
76 58 1
2 52 55
33 61 67
90 7 15
84 52 8
7 61 52
92 93 79
55 70 89
10 87 58
20 24 12
36 30 84
29 80 68
50 66 62
27 35 58
23 26 70
29 35 22
25 77 38
81 37 55
26 25 37
72 50 62
19 97 80
30 78 24
38 73 69
81 0 10
43 22 23
66 42 3
78 24 43
17 21 49
29 86 82
49 12 54
0 92 29
21 44 99
62 18 19
66 20 56
26 60 24
72 68 66
32 26 22
13 84 88
69 36 84
94 89 33
29 53 100
47 59 76
25 61 7
24 91 43
83 78 10
84 47 95
85 50 94
58 75 21
22 35 70
55 73 19
74 34 17
79 78 1
20 65 69
21 48 92
55 27 42
65 43 33
86 58 77
19 99 57
28 89 97
5 89 20
56 91 7
54 33 49
70 62 48
41 17 52
96 97 97
90 46 90
83 81 38
42 70 56
69 91 17
79 63 90
48 67 29
89 31 57
70 21 41
65 0 68
54 78 56
59 55 73
14 44 87
42 15 16
99 67 71
65 91 92
67 46 65
63 41 87
56 14 67
40 77 47
23 22 10
84 28 50
79 76 63
70 58 18
40 77 16
93 56 3
58 96 52
78 99 41
60 13 26
30 91 7
76 63 9
30 37 43
68 31 47
46 56 2
1 71 75
24 33 4
17 66 14
99 44 8
26 68 100
87 35 37
69 91 17
10 92 65
18 91 64
45 18 63
89 92 63
75 98 57
55 67 68
74 2 61
13 19 5
13 59 71
85 10 50
31 16 11
49 83 34
80 32 16
48 40 14
80 34 4
7 93 28
3 97 47
75 87 80
56 27 23
9 87 71
91 22 66
55 8 45
53 87 73
56 80 18
15 24 33
26 75 75
42 79 1
71 43 30
19 61 52
99 25 34
48 6 100
19 41 86
54 10 51
13 14 83
63 43 14
4 81 59
38 23 50
8 51 83
80 24 37
27 20 15
1 92 83
26 96 50
84 21 34
36 10 19
99 97 85
5 49 31
80 40 10
56 34 19
16 61 89
31 63 70
1 95 75
15 26 9
4 92 26
90 78 29
81 1 70
22 98 54
27 7 27
95 98 84
26 76 62
54 1 4
80 38 51
56 11 7
52 28 63
41 86 78
32 73 86
30 62 86
87 25 5
14 78 86
83 65 95
46 42 81
40 99 51
68 60 80
0 66 70
57 43 66
57 55 57
59 84 100
79 90 56
55 67 24
46 54 50
54 73 45
22 36 9
84 83 70
50 94 75
34 49 81
68 55 30
46 61 52
63 37 49
24 40 70
40 79 52
87 41 22
39 2 6
32 10 67
58 18 1
39 92 23
64 84 20
74 6 77
83 44 10
55 13 74
95 29 77
80 88 93
45 68 45
80 31 28
50 92 47
46 54 57
63 90 54
66 81 38
20 55 24
74 99 87
6 39 46
77 35 18
62 64 43
53 44 75
49 29 24
2 9 100
68 67 71
55 5 86
82 9 33
77 36 78
89 17 8
95 9 9
43 99 30
55 92 38
44 92 44
3 46 39
73 47 31
39 93 49
88 34 19
18 16 25
23 42 71
18 16 13
7 13 3
8 44 95
47 56 68
10 80 88
55 97 4
19 33 25
81 61 18
24 9 36
98 34 28
56 19 50
1 60 68
54 12 79
36 5 27
77 64 57
84 75 58
9 35 40
8 85 10
31 89 33
2 34 66
89 41 60
56 35 58
33 73 75
44 60 38
11 91 6
49 14 9
91 61 3
17 42 63
8 58 18
95 50 64
57 33 68
7 84 17
55 6 53
74 29 99
7 54 14
64 32 42
12 35 47
83 53 35
33 4 12
23 56 98
6 9 95
55 36 46
16 94 19
45 64 87
91 89 49
86 7 7
21 86 54
40 94 62
11 69 94
9 81 50
40 9 6
65 52 81
5 84 85
24 26 96
89 95 31
41 75 12
50 59 68
17 71 30
75 39 80
0 20 75
6 48 40
19 94 48
16 96 98
53 91 93
82 23 77
83 24 32
22 3 12
26 81 96
80 45 47
58 40 87
75 85 14
63 32 8
26 77 1
46 53 96
42 78 99
85 65 7
36 24 99
59 32 41
69 61 62
85 2 90
48 53 88
49 71 7
20 4 90
36 2 87
67 21 65
27 58 58
48 44 3
91 71 23
50 61 70
88 73 9
44 33 54
79 39 43
90 34 35
30 31 9
41 59 99
98 67 40
86 79 38
89 11 93
40 77 38
89 52 3
41 75 84
25 48 86
83 68 27
62 19 16
76 21 58
15 23 60
37 77 3
90 89 34
94 39 7
68 69 5
34 84 37
80 69 55
22 3 44
7 26 67
43 40 57
34 49 58
86 2 55
38 36 32
48 28 82
9 33 71
37 52 100
86 9 33
20 45 30
91 47 23
22 69 1
11 24 26
57 17 71
55 73 66
35 14 63
92 29 17
79 31 30
16 77 1
29 32 3
6 18 68
4 83 4
75 20 58
95 4 8
98 79 17
91 65 44
40 35 35
95 40 1
14 16 49
72 9 30
10 44 66
19 36 67
40 96 75
75 45 56
29 59 89
74 69 100
44 82 54
67 15 25
60 9 42
95 86 58
16 58 28
30 92 58
22 45 70
29 34 22
28 71 26
20 58 38
30 80 87
3 22 87
91 50 66
54 14 2
25 53 87
8 55 50
21 14 79
47 86 19
60 7 6
54 69 82
95 81 8
95 93 48
33 48 89
71 72 88
33 98 36
29 83 44
47 97 3
63 59 27
0 5 20
28 91 15
95 67 3
40 43 87
88 98 51
12 23 91
19 9 96
78 14 72
92 16 81
24 30 21
29 80 95
4 99 94
62 23 16
19 9 80
29 25 95
55 50 19
29 33 47
61 4 30
40 74 64
58 89 9
18 77 65
56 8 42
49 28 34
26 30 30
50 6 11
96 14 7
21 31 6
29 44 22
19 20 48
47 27 27
75 71 63
59 89 24
19 24 69
90 54 43
14 67 62
69 14 24
75 59 17
62 79 95
42 30 47
46 54 1
93 40 58
47 77 53
62 59 91
7 13 32
79 86 81
72 87 61
50 26 79
73 92 25
35 7 8
39 55 90
36 67 84
96 61 38
90 36 64
41 44 17
82 37 53
52 21 42
17 72 17
19 47 14
72 59 30
64 18 48
59 79 77
88 17 8
65 96 45
8 36 70
63 4 58
88 8 87
76 47 35
27 7 70
67 53 63
28 79 97
42 45 19
74 75 9
59 79 24
47 18 33
97 56 79
97 99 44
60 39 82
19 15 46
89 30 6
39 95 68
78 20 39
35 44 42
30 44 61
71 11 67
20 2 56
24 91 10
15 4 30
65 42 12
88 69 89
8 28 62
91 25 43
31 76 92
50 40 89
27 90 29
85 0 68
24 13 22
58 45 4
61 52 10
42 41 61
4 66 81
54 9 1
45 86 71
46 66 11
23 85 30
10 77 26
39 78 13
47 5 58
91 13 88
32 36 91
57 36 30
40 22 24
49 28 36
95 69 39
64 2 19
78 55 24
71 77 37
32 62 19
86 79 51
61 9 49
28 57 73
9 46 66
89 7 52
71 9 64
14 96 38
69 27 56
34 42 91
3 63 63
93 99 78
0 11 2
59 43 1
11 31 48
4 26 90
41 60 63
80 92 32
76 47 36
58 75 52
41 24 45
2 96 74
81 63 92
66 85 91
63 56 79
10 88 63
73 76 66
55 7 28
53 73 35
21 38 74
6 33 57
15 38 86
80 85 3
72 67 69
62 14 91
39 63 62
95 8 95
77 61 2
31 62 95
64 71 58
94 56 22
1 80 21
91 5 30
9 72 45
37 72 65
24 98 99
28 71 98
50 21 73
44 49 81
31 22 61
46 37 34
9 78 80
69 55 73
48 66 35
23 30 6
12 51 3
49 71 4
1 49 64
97 93 18
56 28 97
42 68 34
48 32 40
56 94 67
25 61 77
29 39 98
15 1 44
70 74 71
22 36 20
52 21 100
48 30 85
78 66 62
82 5 84
35 88 84
36 20 10
32 61 14
84 2 69
61 82 44
20 66 42
60 66 23
7 58 67
40 67 45
27 57 75
31 82 84
72 74 39
20 62 37
78 23 48
85 60 58
11 38 58
75 4 18
54 12 26
29 97 87
78 83 27
40 57 32
45 79 80
74 77 64
2 68 37
34 35 90
37 20 54
57 64 19
16 6 25
53 5 28
67 10 100
15 67 65
63 30 65
22 25 49
80 96 87
64 14 69
90 41 61
23 19 6
16 6 30
74 29 83
66 47 28
56 6 64
85 66 48
53 64 13
58 36 61
71 74 82
42 72 91
55 45 37
83 79 48
32 30 74
75 13 26
67 65 9
60 17 29
82 58 12
38 35 62
52 51 34
61 55 32
43 52 76
8 55 79
96 66 45
10 3 37
18 5 95
17 91 38
54 19 1
43 42 92
35 52 34
82 96 51
81 15 12
99 87 52
27 50 20
43 97 10
3 9 82
91 92 99
42 48 11
67 1 12
50 95 16
72 74 7
51 43 61
52 84 70
0 93 30
47 28 57
16 24 11
2 61 5
9 79 67
95 25 9
8 43 82
3 25 31
68 92 55
16 12 14
77 86 31
46 8 74
38 75 40
42 64 40
87 83 98
77 37 75
36 18 92
17 80 60
43 2 92
76 53 91
61 82 51
34 83 79
79 88 4
12 9 86
84 23 100
79 36 67
22 75 68
56 36 35
28 25 65
20 34 3
83 71 12
44 36 49
92 16 96
93 38 27
19 23 68
28 53 3
78 18 78
51 53 53
76 3 96
84 37 40
33 22 14
96 6 91
74 16 93
98 19 20
59 69 11
24 48 9
53 56 9
15 43 42
30 45 27
99 87 46
37 56 10
48 63 43
55 4 93
84 24 39
53 50 43
70 11 74
76 65 19
27 64 33
83 67 52
30 28 27
42 78 77
14 54 85
69 16 17
19 63 47
27 18 40
22 23 73
70 46 24
5 17 65
59 6 94
70 76 57
48 68 39
2 26 8
79 78 44
54 90 44
5 95 20
76 66 44
2 80 2
79 1 31
56 37 44
1 90 85
52 35 62
98 58 61
72 17 62
48 24 58
10 44 23
12 21 79
17 64 14
98 55 8
29 77 11
30 59 73
74 59 45
29 50 34
77 48 85
75 91 90
91 53 16
84 4 16
61 51 42
63 95 41
95 65 74
93 18 8
1 21 88
7 33 82
9 17 37
65 29 50
82 22 34
15 95 40
17 23 25
0 13 21
27 31 91
1 53 52
72 74 74
76 28 78
55 33 13
33 58 45
80 93 12
3 80 70
60 7 13
33 34 95
7 87 85
16 65 61
17 88 37
12 63 91
74 84 19
87 6 37
55 15 21
24 87 36
99 96 86
23 70 70
95 93 15
76 94 7
20 58 9
73 46 23
53 73 26
73 13 9
83 24 13
33 94 70
96 35 35
41 23 13
99 10 100
57 86 97
94 33 99
82 4 42
71 2 53
47 61 100
50 55 8
40 0 19
74 73 44
19 37 31
45 73 67
36 37 23
28 17 65
89 52 93
11 10 67
78 82 97
65 72 25
94 2 97
64 19 45
7 20 32
52 13 1
22 52 42
83 91 7
24 95 60
62 9 48
65 62 29
94 23 7
92 2 96
25 39 56
15 95 90
47 50 72
36 55 56
88 90 88
49 66 75
31 50 65
1 82 75
25 6 62
47 87 1
37 99 56
67 5 95
15 91 20
66 43 54
94 65 49
5 23 1
86 73 45
78 85 52
53 17 84
50 14 40
97 47 67
42 31 64
91 32 59
30 54 90
27 62 7
46 42 55
73 60 21
6 88 97
77 92 49
66 70 51
9 4 37
98 67 28
43 95 93
42 58 35
7 16 96
81 82 90
98 92 99
88 71 51
68 63 75
43 55 1
11 48 96
36 39 46
61 8 28
19 97 64
8 38 74
58 39 17
47 7 18
84 42 15
28 27 23
71 18 38
38 48 100
94 84 7
27 67 81
79 49 28
29 31 56
62 81 82
35 29 49
30 3 26
37 4 62
51 89 5
41 93 34
50 21 47
46 10 53
80 56 22
66 3 45
47 96 68
60 15 28
87 89 10
48 68 36
90 92 53
94 75 62
28 4 38
29 6 5
85 73 54
1 57 76
79 43 2
83 45 25
13 16 94
67 24 32
77 32 11
15 60 37
59 4 59
30 67 16
17 95 99
31 94 48
5 55 88
98 20 48
79 82 44
41 1 94
92 49 80
88 70 5
2 15 29
22 97 54
86 19 84
37 25 87
74 21 48
34 24 92
61 29 47
26 21 46
66 28 96
53 30 19
96 14 18
0 99 30
56 99 72
94 67 66
95 25 59
49 96 41
52 40 23
57 45 53
18 38 65
47 23 90
47 96 58
53 83 43
30 27 54
30 46 63
3 60 23
21 73 22
84 21 29
13 62 7
93 64 28
60 71 80
84 26 46
64 72 83
51 66 88
52 16 89
14 73 71
9 16 19
36 55 88
41 48 26
21 57 70
9 56 70
94 62 26
11 89 24
72 63 9
35 82 67
22 38 38
90 56 14
13 7 23
61 20 70
32 4 20
1 34 54
45 74 16
75 74 23
59 70 77
30 0 99
14 11 32
12 9 10
29 7 92
33 96 5
32 20 18
67 45 29
67 22 58
88 37 96
99 32 63
3 61 26
2 74 23
59 14 39
35 78 78
87 64 65
57 80 16
54 5 10
62 72 46
46 9 27
48 17 29
76 31 92
19 2 83
91 73 84
68 16 11
5 80 67
51 95 39
65 9 72
9 18 84
33 3 12
94 36 81
62 90 92
5 66 66
32 4 95
40 19 85
90 4 84
90 7 26
59 95 8
21 15 95
55 82 61
62 19 30
54 37 49
60 93 53
8 25 45
4 82 42
43 46 73
27 19 88
51 41 53
91 74 50
78 34 92
93 13 54
8 9 1
31 82 40
14 22 17
45 8 39
27 71 95
28 41 21
72 15 34
39 57 47
90 59 98
11 27 48
72 5 28
92 66 11
85 33 78
80 24 11
14 78 75
78 21 80
63 27 73
62 65 36
59 13 95
24 26 16
6 25 45
74 12 49
17 22 25
56 86 54
43 84 25
44 62 88
11 18 33
79 87 49
32 73 35
72 76 16
39 56 30
82 10 96
31 95 45
52 88 52
47 22 13
82 88 77
36 69 47
30 17 67
95 41 46
30 85 7
86 2 92
8 39 55
57 73 80
65 47 7
15 54 35
60 86 22
34 67 73
91 14 8
30 93 38
49 13 66
99 69 8
38 81 21
61 74 44
30 72 95
65 8 4
60 83 37
58 52 19
84 69 22
64 96 81
66 25 64
31 25 1
86 15 13
73 33 81
69 13 96
90 17 78
69 91 17
85 46 48
31 36 7
34 18 41
57 79 74
39 99 52
14 17 88
98 74 83
73 9 39
49 97 53
56 42 95
59 91 86
19 84 60
48 13 2
95 43 23
77 22 33
14 65 65
89 97 32
10 75 46
83 80 65
94 14 61
9 67 81
49 46 64
35 29 23
50 62 24
12 47 89
49 64 16
13 95 18
36 83 87
43 16 28
56 64 53
12 47 21
53 93 30
89 50 75
20 2 9
83 11 49
83 65 79
16 31 100
78 88 53
99 97 85
18 3 30
13 0 14
31 88 73
70 72 51
68 82 37
41 28 51
91 87 81
96 97 15
73 80 75
55 52 41
79 1 25
50 64 19
14 98 44
6 42 16
90 88 21
59 21 98
45 62 56
0 89 66
11 92 43
27 18 2
30 45 57
93 45 21
13 12 83
31 28 66
25 98 21
56 48 88
55 47 37
58 68 62
55 59 57
8 81 24
23 1 30
73 14 91
58 83 100
4 20 92
56 49 64
85 97 100
51 95 40
79 46 74
58 98 8
56 31 79
12 89 94
32 47 85
3 86 52
20 2 17
65 92 85
93 87 72
52 30 68
66 16 59
95 78 27
21 12 75
9 90 45
37 33 73
39 56 30
71 17 58
70 89 73
98 57 53
55 31 5
62 13 35
19 72 54
54 94 78
63 56 89
46 11 43
82 8 90
57 36 7
25 29 58
21 29 89
90 55 47
93 68 91
4 65 60
6 87 100
86 66 72
72 20 98
82 34 69
34 70 55
34 65 51
17 59 42
34 64 56
98 19 69
54 52 33
13 92 23
20 88 55
34 13 65
27 70 64
85 75 93
62 95 33
75 96 67
82 89 92
88 89 6
28 21 84
18 69 33
47 11 38
58 78 48
74 10 9
77 52 81
23 72 34
8 53 57
65 48 81
44 76 99
79 49 27
99 3 18
60 20 44
6 26 69
34 85 14
52 4 7
26 35 5
31 4 34
93 45 16
30 95 8
50 9 70
89 52 80
18 13 52
67 41 18
66 87 91
78 62 22
82 38 49
97 22 41
85 10 26
80 6 58
40 98 20
56 88 74
84 17 29
57 24 72
76 46 35
86 17 78
29 56 32
56 7 64
37 97 15
75 96 57
56 88 28
17 73 66
92 50 24
0 88 68
42 62 61
1 50 56
29 97 95
19 46 17
59 88 1
12 86 37
19 62 48
83 40 25
59 99 36
63 45 37
88 53 74
7 22 5
37 38 73
91 54 58
7 58 48
89 57 67
97 73 98
12 83 5
35 14 82
50 27 89
85 26 15
92 69 58
78 65 41
88 20 99
99 58 88
43 8 2
34 67 36
83 51 66
46 60 29
80 3 62
80 9 41
21 24 97
58 30 15
75 3 74
35 60 68
98 41 11
74 33 82
18 77 21
79 1 15
62 67 11
53 22 66
91 1 63
84 12 14
37 80 75
25 24 11
71 9 97
45 76 37
24 85 26
93 8 81
11 39 24
28 8 17
66 29 2
69 11 94
68 41 25
91 71 30
81 48 30
54 52 48
39 87 9
86 73 19
99 31 27
46 82 18
6 19 68
11 48 2
97 75 22
16 89 50
32 17 89
75 95 92
46 29 16
17 97 59
92 16 80
69 31 86
46 79 94
27 14 51
73 63 23
34 79 86
63 4 91
20 39 33
71 31 78
41 39 36
71 73 47
65 23 51
80 49 89
72 16 93
72 14 95
58 10 91
0 35 50
51 61 59
82 26 39
36 84 53
92 74 59
43 54 100
7 50 61
17 29 100
82 83 80
56 39 10
50 66 70
0 42 64
45 89 60
3 72 49
12 85 58
66 79 96
40 48 76
8 84 40
21 58 70
38 27 67
13 87 68
8 14 55
71 23 32
93 69 34
31 51 49
18 31 75
91 1 18
58 36 46
11 82 75
73 30 63
90 0 37
69 86 46
26 86 80
32 90 57
34 5 10
89 39 71
16 91 86
7 41 38
25 99 2
26 49 47
82 77 39
35 8 15
4 80 72
31 87 41
94 38 93
36 92 55
17 99 1
99 64 70
3 24 70
25 62 58
4 51 64
78 25 43
4 55 90
54 90 31
1 70 62
11 47 32
54 66 5
34 87 9
94 52 41
48 3 20
5 37 1
55 87 19
93 27 17
69 40 28
95 77 18
45 6 55
96 71 19
63 7 64
66 44 80
2 20 67
31 70 58
49 96 10
60 45 44
95 17 57
53 68 89
7 64 24
57 52 21
58 85 98
73 64 100
40 5 21
44 78 23
24 92 2
65 99 26
54 66 52
3 29 65
63 87 86
73 17 15
32 67 17
37 47 16
66 78 35
51 33 55
96 62 61
11 14 16
5 50 79
19 37 99
94 41 24
91 55 14
7 24 19
22 84 9
46 28 58
93 32 29
1 63 72
21 10 11
11 19 33
17 26 6
97 0 58
48 97 1
81 33 55
3 46 15
65 93 94
30 96 47
1 22 5
32 64 46
63 82 15
74 73 3
49 33 75
40 11 39
57 38 56
76 31 84
25 10 46
50 10 33
32 5 28
2 78 82
87 88 21
26 20 31
67 64 67
26 13 98
99 19 65
72 27 89
75 70 56
82 17 1
89 23 62
48 47 75
24 37 62
57 23 66
2 89 11
90 32 73
30 31 45
67 66 63
28 83 46
55 43 5
56 10 16
18 83 47
86 28 16
42 79 75
2 93 10
46 39 64
95 91 22
58 54 80
31 47 89
96 82 36
45 98 68
70 95 32
93 95 94
87 70 50
49 47 72
2 20 75
85 18 35
51 6 52
54 56 2
78 7 42
74 33 22
38 15 80
27 16 32
76 90 10
79 76 65
39 31 54
12 45 39
13 94 82
39 10 13
70 36 52
34 86 50
88 55 77
5 87 78
45 72 32
7 24 69
50 7 65
35 98 55
6 43 69
3 69 50
81 88 92
56 55 22
33 90 65
20 98 38
26 35 10
76 83 5
9 45 57
30 58 88
38 4 23
5 64 28
78 85 69
15 48 24
48 71 56
74 69 82
1 53 33
77 92 65
86 77 12
70 82 92
72 3 97
53 14 28
89 56 34
78 22 89
53 71 60
67 66 93
58 10 26
67 49 100
59 63 50
63 48 48
0 52 76
72 14 87
68 14 64
24 72 25
96 88 43
5 29 28
73 0 54
34 26 66
93 5 94
41 51 11
86 63 39
35 66 85
82 94 98
46 54 70
18 75 23
30 79 38
93 21 62
94 31 35
48 56 10
7 54 88
50 17 87
19 32 4
1 65 61
42 44 8
55 37 85
60 75 24
32 75 72
19 65 20
39 73 88
3 83 98
3 55 47
60 53 100
11 75 58
94 65 58
67 5 70
46 16 59
64 54 9
6 47 53
82 29 52
7 71 30
65 19 92
64 25 98
41 71 62
97 10 73
29 17 62
95 80 83
2 77 54
28 89 100
49 44 19
31 51 58
28 1 27
89 71 4
93 53 76
31 96 97
30 62 41
54 26 31
16 96 62
22 65 98
41 82 67
22 12 91
25 59 62
16 86 64
14 18 71
74 15 83
75 80 24
92 53 86
69 66 82
59 29 56
69 67 35
39 28 37
49 72 52
44 28 91
89 73 5
28 66 45
40 57 87
12 61 87
25 14 100
7 27 10
95 19 46
29 58 95
65 5 29
64 29 82
11 98 17
87 46 22
94 26 85
20 98 15
15 89 76
92 1 57
50 77 95
87 72 98
74 10 73
89 66 75
93 1 96
94 81 55
88 57 46
1 78 60
49 69 94
80 24 4
1 87 36
3 10 34
59 64 15
20 65 17
54 7 62
97 0 1
46 72 5
21 89 18
53 21 70
37 64 32
96 88 85
26 1 55
68 23 59
85 78 73
92 46 37
18 17 34
7 45 67
26 16 45
71 84 48
28 89 15
87 51 56
99 82 83
12 16 52
80 36 13
78 70 86
43 21 48
47 43 86
13 65 70
56 35 16
41 18 35
29 28 87
31 16 48
7 6 53
80 96 74
58 18 63
65 45 36
88 78 37
2 29 48
79 59 4
16 96 99
19 68 70
11 74 64
23 85 24
56 29 27
74 12 77
15 53 95
55 62 79
36 27 57
38 68 54
89 49 18
87 75 35
69 13 100
70 67 11
72 14 51
68 78 43
56 65 55
17 25 55
88 58 93
46 93 93
72 17 93
71 93 20
1 52 4
77 84 72
0 75 82
19 9 96
24 75 86
30 36 90
94 84 94
36 74 83
78 99 28
53 6 13
77 98 57
71 72 71
26 68 58
95 87 89
61 68 45
41 48 95
0 76 50
68 13 6
31 39 16
18 89 80
49 96 21
18 83 44
5 39 66
62 54 50
39 83 18
34 58 78
40 70 12
75 45 44
32 60 95
84 79 3
93 53 28
48 14 16
98 46 47
80 62 21
31 78 81
74 58 42
38 78 46
74 32 24
31 27 71
34 47 83
22 84 90
31 14 81
47 58 3
31 22 2
59 94 6
58 87 60
56 33 29
32 52 39
8 42 96
6 48 75
50 12 23
54 11 16
69 51 61
87 51 58
50 42 2
17 99 57
11 83 44
34 92 65
35 89 16
81 5 40
76 96 69
24 8 22
99 22 12
45 99 50
80 22 83
63 64 25
90 13 42
2 71 22
58 34 81
88 16 61
52 22 72
37 88 28
70 25 56
89 98 43
3 70 39
92 46 78
73 91 53
33 25 5
23 41 40
33 99 3
75 95 50
11 65 81
18 32 41
2 17 36
5 3 30
75 16 10
6 54 63
47 55 24
90 21 62
21 13 90
94 12 26
25 12 19
75 26 56
5 81 9
74 27 48
8 47 48
39 79 26
28 64 21
34 40 41
17 67 60
29 86 84
54 66 41
65 15 52
34 38 76
82 71 11
8 66 76
48 32 63
39 69 71
24 76 55
60 68 29
81 58 100
13 49 24
81 39 25
43 38 78
83 85 79
83 29 56
65 99 49
87 14 78
80 48 49
78 81 87
46 29 98
59 92 39
53 32 11
93 48 45
69 90 83
49 6 92
18 65 41
25 20 76
58 97 51
34 58 72
25 19 26
54 13 49
54 28 86
33 54 4
82 64 55
49 96 89
22 53 76
71 63 100
19 89 96
55 41 78
88 21 79
55 49 82
74 19 83
71 75 35
81 2 47
34 75 99
16 17 42
19 86 32
81 57 70
89 33 96
71 67 52
59 2 10
24 32 73
63 21 68
83 22 15
92 80 16
18 43 7
90 11 39
71 99 97
9 78 67
47 52 2
38 72 15
3 66 4
93 11 64
61 45 44
5 26 91
52 65 50
93 78 21
53 10 85
66 59 27
35 9 66
92 11 6
98 49 37
50 25 30
6 10 21
17 73 94
64 12 26
77 47 35
89 50 32
28 43 45
70 85 36
10 32 30
61 64 61
41 18 17
83 92 32
25 64 3
48 92 26
98 84 53
67 41 19
93 76 79
65 10 14
8 10 13
56 97 31
7 0 10
67 77 25
6 0 62
83 40 90
6 56 97
5 61 16
71 70 74
20 49 63
86 12 36
65 56 89
14 68 100
89 50 46
48 89 4
62 59 16
80 10 46
86 13 68
68 94 36
19 93 17
76 22 99
27 41 27
14 68 22
1 46 31
6 24 15
45 31 21
65 66 86
89 23 96
51 88 42
31 30 64
58 4 2
29 60 51
46 56 70
25 66 10
2 37 45
18 75 43
30 12 78
18 51 99
44 29 42
74 12 17
71 65 53
95 23 55
30 66 68
12 90 28
5 10 91
9 21 78
63 64 8
8 46 10
99 27 7
67 66 19
30 8 39
34 86 79
49 90 60
49 7 29
89 33 3
10 38 67
7 96 34
64 32 46
92 34 13
18 39 60
95 88 62
67 0 54
65 0 66
5 52 73
42 3 94
24 89 19
18 91 7
52 38 83
59 6 93
4 95 19
35 85 38
79 87 13
8 70 98
70 25 87
59 19 50
45 31 96
86 10 43
46 9 36
61 5 34
85 24 18
47 7 41
70 14 66
55 37 3
53 29 88
26 59 7
34 15 27
95 51 77
82 75 67
72 67 88
57 95 13
86 48 49
62 92 39
3 28 58
53 79 16
94 0 54
98 39 91
5 55 65
67 85 35
91 87 65
24 40 36
15 4 18
53 87 15
79 0 13
25 60 64
27 60 65
0 96 50
54 91 44
32 19 42
16 17 33
72 52 64
66 85 2
83 0 56
46 53 46
67 63 71
37 61 3
12 24 65
72 28 20
39 36 79
72 32 42
32 4 82
50 4 1
11 70 73
53 50 94
0 22 89
16 19 50
5 37 64
13 80 44
16 51 38
62 24 15
67 82 5
97 50 16
47 41 82
76 71 6
29 12 78
42 66 16
35 15 9
49 70 95
62 34 40
30 15 23
26 66 46
71 61 19
27 78 20
80 12 88
68 89 52
42 22 32
42 23 43
80 61 14
97 53 60
43 83 78
4 95 26
56 20 78
91 8 90
80 9 8
80 32 8
27 33 65
68 51 57
30 68 53
88 42 56
41 95 69
66 11 66
87 52 9
14 6 15
98 43 6
8 25 26
30 80 79
57 21 15
36 3 96
85 30 91
79 68 2
46 92 7
4 13 28
0 10 25
8 2 54
17 96 90
61 38 62
23 11 2
71 41 89
73 23 67
14 94 79
77 79 44
7 57 22
68 42 26
22 58 79
68 8 17
86 83 17
13 81 41
9 92 17
24 60 57
4 9 5
48 5 91
89 11 58
25 98 3
94 78 100
7 92 91
67 82 20
71 87 57
26 27 46
67 76 86
81 33 37
91 73 29
48 26 89
34 70 53
25 48 41
24 23 21
18 33 44
85 62 89
52 76 89
76 54 29
24 80 86
39 58 85
89 95 9
22 0 9
50 48 57
80 51 31
92 94 26
93 39 70
96 87 21
92 76 77
12 2 65
46 25 45
10 84 16
8 17 82
21 17 67
20 71 86
12 97 1
18 7 60
83 8 70
68 47 11
48 89 21
81 91 67
36 14 61
40 47 76
43 68 8
52 5 4
73 52 84
0 61 12
58 93 21
8 20 7
53 12 19
44 29 91
71 57 57
58 52 15
30 89 54
46 90 3
59 7 83
31 28 89
96 67 78
8 82 29
10 5 15
67 17 82
48 52 62
71 52 77
90 48 28
28 88 37
2 75 33
91 63 34
62 24 62
24 43 54
19 65 80
58 21 28
61 24 25
15 12 8
43 59 68
20 2 100
87 93 100
15 92 16
59 54 19
53 16 1
51 18 31
14 9 41
55 74 7
93 55 39
50 79 42
89 47 5
91 47 63
92 29 24
70 43 4
31 58 54
15 90 33
80 23 29
45 38 18
61 65 89
97 80 32
82 96 3
90 24 31
68 2 72
14 34 79
94 83 99
68 88 68
13 80 28
4 69 80
34 51 14
14 92 21
49 86 75
41 65 44
7 90 34
42 26 7
72 34 81
50 83 39
53 78 78
64 95 99
36 6 54
94 77 99
98 56 91
9 5 85
59 28 69
50 87 3
90 65 29
2 58 9
73 21 45
89 69 3
78 75 99
18 44 90
79 91 74
6 91 90
76 28 51
23 80 64
30 37 57
31 64 63
51 90 74
41 88 85
33 93 76
94 11 34
61 98 67
51 29 26
55 1 56
66 7 7
62 71 71
19 62 32
16 18 81
19 39 90
99 19 50
72 31 17
30 20 66
3 75 29
99 29 76
78 30 96
43 20 39
33 50 22
25 98 75
34 20 52
66 1 68
57 33 18
20 99 25
66 36 98
0 52 55
34 63 92
25 96 78
4 93 38
18 99 26
80 3 55
64 75 4
14 65 29
85 98 91
54 96 62
90 80 35
21 95 50
34 97 88
12 25 53
2 44 29
20 30 34
20 46 15
5 34 57
65 98 55
61 75 62
83 41 68
88 78 70
33 57 10
7 98 22
95 39 62
61 30 89
87 92 13
14 41 61
22 2 57
44 50 90
98 13 82
3 38 29
51 78 81
62 48 32
45 17 84
16 83 77
5 81 15
19 35 3
34 25 25
37 20 98
35 98 25
60 50 59
17 37 38
78 37 14
66 57 20
86 2 78
56 94 21
64 73 45
77 66 60
94 84 17
65 54 1
75 63 78
33 75 83
59 72 41
55 80 81
46 85 77
62 49 43
89 88 28
66 76 11
67 0 55
73 88 30
36 17 83
15 57 56
54 79 3
72 92 20
38 86 51
60 93 14
96 79 88
53 98 20
50 66 4
24 97 29
60 11 78
43 62 16
2 47 95
58 85 3
9 68 89
71 32 79
3 2 55
43 72 67
73 30 9
86 63 32
79 65 90
87 61 29
7 83 44
95 35 65
45 81 98
99 24 41
68 8 84
9 67 58
30 0 75
1 8 58
55 94 38
59 98 77
34 50 82
60 64 5
58 1 20
80 7 32
48 53 12
2 37 7
23 41 16
46 36 82
63 10 61
84 26 60
36 4 71
88 8 54
13 57 92
33 84 10
7 20 96
5 69 13
77 29 35
84 42 51
9 10 21
71 20 2
11 81 51
85 2 11
60 14 4
20 21 97
91 51 18
43 86 74
57 70 47
75 48 66
20 38 34
68 57 65
96 90 63
72 1 57
66 80 2
88 41 55
45 62 27
19 68 60
35 16 17
47 61 28
81 49 41
26 49 4
72 47 58
39 69 42
1 21 59
10 51 31
84 66 91
35 39 72
14 0 66
75 85 74
26 36 70
23 66 17
68 98 51
93 41 31
59 99 86
44 57 29
2 5 83
69 85 40
96 57 55
51 92 91
69 86 74
44 40 68
42 81 76
51 63 80
94 37 30
35 13 18
0 59 35
52 21 40
17 37 94
3 44 93
53 91 89
30 54 55
66 28 89
50 28 52
60 94 93
78 93 47
12 87 95
95 16 57
15 59 12
44 95 37
81 67 44
88 85 61
95 71 88
17 47 17
11 25 69
39 26 11
81 12 14
26 4 6
24 20 11
50 87 88
92 70 69
66 49 64
86 88 38
27 19 29
19 10 51
22 47 68
63 49 31
38 80 69
23 85 57
96 8 12
6 3 83
46 29 56
98 49 80
78 2 51
77 78 89
27 58 75
1 60 1
40 49 26
56 27 24
21 17 13
24 29 78
72 94 34
83 68 97
1 73 67
21 9 79
81 39 69
57 83 14
28 89 14
0 39 34
18 22 3
44 99 6
62 66 59
85 90 48
72 12 54
39 69 79
68 76 84
36 78 44
55 85 49
51 7 40
43 87 67
0 63 86
9 63 19
0 20 68
27 32 34
10 22 64
49 30 87
48 61 40
13 3 28
82 79 64
3 32 58
88 73 93
81 82 66
54 57 20
23 51 94
17 9 75
99 72 43
42 73 43
12 95 21
22 70 52
45 63 30
20 54 59
21 96 61
39 12 55
10 19 48
81 41 13
69 76 37
86 85 41
67 91 69
77 37 69
64 23 32
2 48 63
8 95 2
70 6 93
82 92 24
44 80 35
46 32 93
13 64 56
39 41 93
54 5 41
27 13 70
16 0 17
8 40 93
80 89 33
22 86 87
4 87 31
30 16 85
94 83 98
5 29 75
6 31 89
26 61 10
72 18 70
21 62 52
30 42 50
9 71 18
24 77 46
9 36 35
56 76 61
54 59 46
54 4 38
60 91 49
35 49 91
1 54 30
11 51 22
66 29 19
76 13 43
91 12 92
43 38 88
65 28 53
88 46 77
64 0 45
89 58 25
81 31 69
63 88 60
69 92 36
33 46 46
38 29 36
28 55 64
4 99 9
70 10 64
50 11 67
97 30 86
69 96 4
83 2 77
79 30 13
44 51 71
99 32 31
88 6 46
2 24 52
13 32 57
32 21 39
45 47 75
22 44 2
72 5 23
39 57 50
53 41 34
53 21 53
40 39 21
85 33 22
99 18 74
4 97 42
22 32 2
9 49 2
13 8 17
15 47 11
27 99 57
62 92 22
81 16 6
98 68 74
6 84 5
52 40 34
15 24 35
69 18 85
46 12 63
47 80 48
94 83 65
64 84 32
13 61 79
70 23 39
55 60 3
71 59 90
12 60 36
29 70 89
69 22 55
61 52 38
57 50 89
92 24 30
74 33 94
40 44 81
62 26 53
16 74 71
87 14 8
24 85 66
77 78 63
24 13 63
43 47 85
98 65 17
16 42 13
22 99 66
24 16 19
33 17 31
55 47 9
65 32 29
99 73 72
9 74 34
43 85 10
53 72 100
18 63 13
19 67 82
54 83 66
40 95 76
88 39 25
89 91 75
35 3 73
84 31 71
29 4 28
69 2 2
8 91 60
18 46 39
79 18 41
41 87 24
72 1 41
7 22 69
3 40 75
10 79 41
37 1 4
97 89 26
47 98 99
14 20 69
28 51 72
93 27 12
45 87 22
17 86 18
49 48 95
47 79 42
21 99 50
67 39 54
54 58 100
67 26 65
57 74 10
65 40 31
97 65 78
48 14 9
62 98 18
93 67 36
57 76 99
83 70 84
3 7 34
32 31 98
22 58 36
19 21 94
29 8 20
15 14 6
28 37 8
59 18 13
69 54 45
74 33 31
6 17 67
92 47 31
10 37 29
14 88 36
16 19 72
97 68 63
4 14 67
18 57 91
71 47 91
81 65 97
39 45 68
85 16 27
70 1 70
93 30 19
5 71 32
98 21 49
18 36 96
8 92 77
97 72 86
16 77 43
15 46 76
76 82 64
29 4 1
89 35 71
90 5 47
6 29 48
60 0 28
79 19 71
43 22 36
61 76 63
14 40 79
63 97 64
10 71 14
32 64 98
9 36 93
83 76 61
95 85 80
90 76 99
52 81 3
14 13 28
73 69 69
47 28 7
97 22 37
94 47 43
31 55 95
80 33 31
47 14 52
15 65 58
2 91 57
81 11 5
52 29 47
65 84 2
70 16 86
2 98 23
99 4 52
47 18 5
75 35 100
83 80 54
26 12 38
70 76 79
33 86 22
95 13 81
40 57 17
3 27 18
55 21 79
94 56 84
73 56 45
48 38 76
65 53 3
56 41 91
95 14 78
70 83 38
86 32 1
25 37 10
87 58 80
15 56 82
84 53 20
2 69 5
61 92 23
19 86 32
14 18 36
89 98 27
26 61 77
37 6 33
64 8 13
89 26 84
67 81 40
92 96 21
87 28 68
75 8 52
14 43 37
55 40 19
93 24 74
54 14 73
44 19 63
46 40 64
40 85 38
5 63 68
87 49 42
79 60 93
51 52 95
35 31 89
84 26 46
78 50 41
69 20 62
82 86 97
5 98 51
21 65 83
93 3 30
33 6 98
72 34 79
88 65 64
8 41 14
25 83 55
55 23 47
77 42 94
13 38 1
88 82 74
72 27 32
17 38 17
4 47 29
86 5 55
1 3 82
35 22 4
82 93 65
60 97 69
77 71 76
8 49 65
33 30 93
81 5 100
18 55 18
88 86 20
42 45 5
39 31 26
35 51 56
51 59 86
90 61 30
13 87 15
47 53 32
10 19 9
70 42 58
13 7 2
73 90 23
91 23 77
38 59 22
5 86 41
91 64 46
26 42 7
57 76 48
42 1 53
61 12 84
86 2 78
49 97 95
71 72 47
29 61 12
18 91 28
74 4 64
96 82 83
13 35 51
90 1 9
53 40 49
43 91 71
65 34 77
91 89 54
83 8 58
92 10 58
31 99 76
84 57 47
42 85 65
90 84 34
36 60 89
2 25 16
36 29 81
16 63 64
42 44 43
10 26 43
57 7 22
94 45 31
71 32 67
84 92 50
47 3 76
17 26 87
70 47 72
86 18 6
2 15 95
3 16 37
66 90 47
70 23 30
44 34 87
44 16 70
68 75 43
59 96 30
96 28 98
43 59 25
32 43 30
43 50 39
22 97 67
34 49 3
25 27 75
67 48 13
84 87 61
71 38 86
55 5 16
51 11 15
76 78 89
51 16 83
47 63 35
28 39 90
69 21 100
36 52 60
71 25 5
53 93 15
59 64 97
40 71 58
20 76 93
56 24 61
63 74 39
41 60 99
17 20 79
78 29 1
43 60 7
83 75 22
63 75 31
31 7 42
7 59 40
53 63 58
68 12 12
51 58 71
46 78 15
88 30 86
13 18 32
80 11 96
1 48 17
5 8 45
41 97 48
16 90 90
5 27 16
60 93 25
1 15 69
66 53 89
37 49 81
57 60 46
14 48 21
41 61 19
23 33 54
59 89 49
46 31 79
25 74 24
45 90 58
31 50 33
39 17 7
79 94 85
10 33 71
30 90 98
66 48 2
69 15 36
31 88 16
12 34 40
36 9 11
89 68 25
20 59 55
9 10 11
31 16 86
62 35 30
88 91 47
64 21 68
92 21 15
64 41 81
34 53 18
55 9 93
56 4 83
38 14 11
24 71 60
25 14 55
77 90 54
44 19 90
27 57 84
54 85 8
96 39 5
7 42 100
34 88 91
76 29 40
45 16 95
9 90 79
64 47 6
8 98 44
8 9 40
58 12 86
1 78 37
40 10 83
70 64 17
28 18 81
31 45 51
9 6 98
96 89 31
91 83 40
59 53 45
38 45 6
84 50 19
64 36 97
63 52 75
35 92 14
68 95 27
64 14 88
76 26 85
40 82 94
30 28 72
66 77 34
61 68 60
1 71 70
54 79 8
26 37 11
58 62 81
59 73 24
87 77 14
29 88 69
16 80 39
65 35 46
41 62 17
58 67 76
85 99 17
97 22 57
71 4 86
43 70 47
52 36 30
99 45 59
18 36 99
34 72 66
46 14 66
64 57 36
62 91 85
43 32 99
21 22 46
17 50 19
94 9 93
70 67 15
44 12 32
42 41 75
55 5 75
38 90 73
64 67 9
13 63 69
84 73 3
13 39 6
88 20 100
40 91 86
17 89 52
64 40 79
23 27 8
57 37 47
63 65 79
44 70 84
87 37 68
7 47 4
17 13 65
27 86 4
61 72 61
5 48 20
31 16 84
85 70 40
62 26 43
32 35 95
17 68 12
47 40 84
61 91 89
47 84 73
84 31 47
15 32 68
59 29 24
95 1 94
46 29 39
98 48 42
4 63 59
61 54 55
52 86 48
11 91 91
96 84 47
83 16 63
24 32 60
30 16 20
41 63 96
76 13 69
17 12 59
17 59 37
46 71 45
22 86 57
83 13 66
76 79 76
18 20 49
93 90 34
40 39 12
94 33 1
69 5 19
3 0 24
85 46 68
84 33 81
92 33 59
50 20 31
75 87 63
60 90 13
4 67 88
27 95 83
82 52 94
52 98 99
80 83 46
76 21 21
34 31 3
85 87 57
73 59 40
92 51 58
7 61 23
78 6 82
12 43 48
37 4 50
20 71 31
65 29 34
79 11 11
77 91 70
25 23 37
40 96 51
0 86 60
39 3 91
83 33 35
94 76 75
32 51 5
19 7 47
41 33 48
84 24 69
92 48 94
38 33 2
13 77 43
95 25 52
66 27 66
31 34 99
40 80 72
51 99 27
74 37 75
5 19 90
74 94 65
94 2 47
36 70 14
5 84 17
75 44 93
84 4 32
87 83 85
94 42 91
15 64 21
94 12 70
44 0 64
73 83 64
82 54 54
79 42 84
22 14 27
31 34 71
20 45 43
78 11 7
21 77 83
9 56 50
79 8 84
54 36 60
54 72 87
74 31 92
32 53 10
72 73 100
46 53 18
9 42 38
34 56 61
59 91 31
91 23 63
78 82 20
59 82 69
87 53 72
56 75 38
64 84 24
94 9 86
97 28 8
31 14 94
57 91 88
25 37 20
23 90 86
22 94 7
5 17 36
53 13 71
11 82 73
59 25 66
25 3 42
55 63 51
73 99 73
38 32 64
75 63 54
82 38 4
93 51 72
18 93 88
35 38 39
48 62 40
72 80 23
28 82 61
49 50 21
74 30 74
51 90 61
20 18 45
28 97 51
56 70 16
71 66 59
29 42 47
16 48 92
9 60 37
80 70 11
87 53 100
31 4 69
91 53 85
97 85 25
19 22 69
77 99 37
47 97 94
13 68 4
5 91 9
56 10 36
1 92 51
83 17 91
66 74 20
0 15 3
52 97 100
56 60 81
70 96 51
45 11 73
74 64 35
98 47 71
40 35 55
96 11 32
6 92 66
15 16 40
24 57 68
25 52 59
82 66 61
56 75 51
39 11 25
65 43 79
0 9 98
11 47 96
21 47 68
68 55 38
36 84 24
15 23 49
37 14 17
9 74 60
13 90 17
69 71 97
37 3 72
90 24 33
66 51 5
93 75 23
5 85 99
77 69 32
63 83 1
29 28 65
88 73 49
28 20 73
57 47 25
55 49 5
34 38 14
73 65 22
35 52 37
43 6 53
93 9 37
21 19 68
20 43 30
46 2 87
6 26 41
20 86 33
22 8 77
33 34 59
7 81 28
15 66 27
97 39 68
66 2 40
59 79 48
18 5 60
69 16 10
24 95 66
86 81 79
61 4 1
60 72 23
55 82 22
84 35 2
16 96 33
20 49 69
87 21 62
24 55 54
79 3 78
6 16 66
79 76 37
79 84 57
33 35 59
41 46 99
86 80 54
3 41 21
98 70 6
26 44 1
62 40 80
74 43 46
44 13 98
93 32 66
93 92 8
1 15 41
2 35 76
85 49 58
61 63 23
33 86 96
75 54 38
16 51 89
84 29 97
14 18 38
58 50 20
22 28 46
56 26 80
37 98 85
27 17 7
44 94 6
18 63 59
60 2 27
96 75 10
8 82 44
93 51 14
78 30 89
14 86 32
56 72 96
22 61 66
28 34 70
18 82 73
97 89 26
28 81 50
64 74 45
69 20 72
28 42 37
77 36 32
16 78 88
84 65 41
10 97 41
82 29 92
21 27 61
18 20 59
58 91 88
76 81 54
42 51 97
74 21 38
70 96 2
91 56 91
48 77 27
48 73 30
40 26 38
8 60 39
76 80 10
36 91 9
17 87 10
17 52 19
82 79 95
41 8 33
84 83 35
69 36 31
0 40 27
25 36 14
35 65 96
65 79 96
95 36 24
94 49 75
2 6 57
91 57 69
12 97 48
40 90 48
10 34 54
19 24 51
86 0 91
76 49 40
11 39 72
64 58 54
76 94 38
40 94 48
10 92 58
97 24 47
55 27 8
73 64 21
25 23 55
19 57 71
22 14 75
6 23 46
38 8 33
52 65 94
10 21 62
34 72 86
23 7 27
37 39 23
74 89 55
61 93 69
45 16 84
0 63 59
10 13 80
84 81 54
68 89 55
80 57 30
28 25 58
52 15 70
70 17 63
70 8 96
17 68 66
7 58 48
93 29 43
97 32 26
20 35 89
99 55 73
29 1 77
2 77 79
51 64 24
68 29 95
76 80 70
43 86 20
3 45 74
68 99 69
4 90 3
52 42 9
85 65 88
24 79 6
85 86 37
21 43 81
67 94 30
76 28 20
98 69 46
83 99 24
16 48 94
23 95 60
11 51 49
54 44 98
27 78 45
6 73 59
59 39 22
71 70 28
34 45 64
29 17 1
14 9 46
42 48 79
47 79 95
46 25 75
57 19 88
79 76 80
60 11 29
75 99 87
95 92 54
28 0 56
64 66 37
79 3 89
6 44 26
22 34 60
88 96 80
5 46 12
26 86 11
70 19 77
89 77 100
89 17 87
69 10 81
66 98 37
50 18 41
69 0 96
70 61 82
71 63 4
27 16 59
23 63 81
9 14 40
62 85 82
84 71 6
27 96 40
92 70 87
53 62 26
5 56 69
19 76 25
63 8 80
72 99 84
95 92 18
44 92 8
55 76 97
72 12 98
60 23 75
48 3 57
33 7 32
99 86 24
69 58 51
41 49 45
94 80 72
39 63 40
28 82 12
98 59 14
82 21 90
65 96 51
93 7 92
79 55 6
77 17 81
86 17 18
70 56 4
40 69 89
7 14 85
37 54 96
67 64 89
47 7 10
5 32 78
15 26 76
5 47 94
3 29 92
42 30 62
64 90 67
26 87 23
87 32 66
4 3 96
20 28 72
65 78 71
26 77 20
98 33 56
15 70 76
64 17 85
89 67 73
38 13 99
33 39 36
91 90 9
15 10 47
81 56 41
69 99 30
70 67 18
61 32 59
75 83 22
93 43 22
32 8 90
52 46 46
22 77 63
60 84 3
30 44 17
67 63 8
32 72 22
60 65 18
66 24 83
49 25 27
0 56 20
12 93 37
36 96 29
91 40 4
74 76 39
22 75 80
23 98 45
62 52 11
9 3 70
84 97 73
18 25 15
87 32 9
6 58 30
13 27 83
90 71 12
33 86 47
5 45 64
99 56 34
48 96 39
71 22 9
76 60 14
73 21 38
16 35 3
59 10 81
34 77 100
39 46 62
21 55 99
93 92 91
72 1 31
10 19 12
57 51 2
73 87 91
61 67 60
7 51 26
9 2 75
10 12 66
53 88 90
30 47 83
81 51 61
24 84 69
60 81 78
8 14 89
2 73 28
1 72 23
47 42 97
38 17 35
85 75 83
47 13 50
11 33 48
58 12 92
4 91 6
77 19 90
40 63 52
21 34 51
88 81 76
33 81 78
18 44 97
83 38 77
5 44 35
18 6 60
7 43 29
63 27 46
74 44 16
40 95 20
66 3 79
28 2 59
90 42 38
58 20 36
77 97 94
73 24 86
61 1 91
71 54 15
96 94 92
58 43 39
24 30 41
4 23 1
87 94 74
46 2 54
23 68 7
13 41 84
10 73 21
66 65 11
40 71 16
27 65 16
7 29 48
38 87 62
18 15 58
23 12 61
30 88 82
58 99 41
73 99 20
86 44 53
96 15 37
79 57 83
5 64 70
17 73 5
19 77 33
62 53 60
69 88 37
4 91 42
46 67 2
23 59 91
73 89 27
7 97 13
48 20 3
7 19 52
17 99 57
28 0 77
79 73 39
63 32 70
65 5 97
36 57 60
27 63 31
23 8 20
34 86 24
69 21 93
57 17 75
84 83 5
11 19 4
21 34 29
31 50 51
14 60 66
17 42 90
37 63 52
98 72 50
48 98 9
89 93 94
54 50 16
43 84 47
12 59 37
71 92 93
67 52 17
25 85 57
80 90 62
21 0 29
85 6 55
58 51 2
1 26 72
46 12 86
48 64 8
3 70 22
51 63 80
47 30 20
77 30 90
68 96 30
98 37 46
60 89 11
90 11 64
0 19 39
31 24 3
3 72 6
83 38 62
42 75 23
75 26 62
51 78 56
3 79 76
46 51 72
42 29 12
37 69 8
41 89 79
18 71 58
99 94 24
4 80 51
38 19 8
15 33 40
42 49 84
55 64 36
74 91 15
19 18 90
39 16 81
64 95 8
47 67 90
10 22 27
15 73 1
2 7 19
47 45 57
99 37 98
85 70 28
35 76 71
5 11 94
30 97 55
92 29 46
78 94 1
21 55 69
71 22 100
47 2 67
55 52 29
88 82 67
15 63 65
63 52 48
7 91 75
8 54 10
61 84 71
5 48 40
37 82 2
45 43 10
78 1 34
70 69 95
18 44 62
32 29 94
31 0 5
67 48 9
15 10 58
18 8 39
12 39 91
49 42 58
42 87 44
75 2 99
59 1 12
30 92 26
22 73 56
48 42 61
47 61 62
90 14 72
3 29 60
18 5 89
95 30 25
92 87 30
55 44 87
31 11 96
40 98 13
76 93 56
77 86 30
96 84 47
98 93 2
15 13 44
43 0 56
48 12 58
95 5 79
75 73 75
94 6 10
0 18 79
89 13 81
18 37 57
73 90 78
35 48 19
94 27 64
93 71 24
84 52 43
45 76 93
27 86 89
7 62 22
90 26 3
84 78 48
9 95 42
34 9 82
16 62 38
73 58 16
67 14 55
80 30 56
63 8 99
13 82 35
69 47 91
73 65 14
0 63 57
74 52 3
38 0 29
53 97 26
88 82 8
3 44 54
41 35 10
55 1 46
82 96 27
47 97 93
11 50 50
93 67 51
88 71 53
26 52 61
16 58 25
17 26 66
97 71 31
25 58 3
8 47 44
84 49 13
39 77 26
78 53 71
81 40 54
17 3 8
73 29 37
18 82 84
21 1 3
9 14 29
75 83 43
6 17 13
61 91 11
78 17 56
59 86 97
98 24 35
79 97 82
9 31 7
20 87 11
56 66 47
93 53 14
77 69 94
92 20 2
20 75 46
21 13 48
86 29 89
6 27 34
78 56 44
9 18 58
19 42 87
79 87 61
28 36 27
63 45 18
85 21 6
26 63 11
69 21 21
98 9 76
16 84 69
58 36 2
35 98 17
81 8 4
3 1 86
11 80 34
84 38 31
17 88 91
60 83 26
6 4 86
90 30 14
98 1 33
6 79 66
14 78 63
36 20 56
67 99 94
47 83 9
0 26 83
71 64 27
43 36 65
86 34 72
98 57 57
12 40 84
4 18 10
90 44 70
42 83 84
47 87 90
31 76 14
31 38 87
51 77 63
44 90 68
78 31 76
6 58 72
59 33 96
89 33 67
63 78 9
87 4 1
59 10 44
52 88 97
37 26 26
29 6 79
70 26 55
42 79 22
13 10 46
10 63 9
34 83 38
30 26 67
15 45 14
7 47 86
39 57 99
57 38 87
39 14 40
22 50 100
48 94 60
59 74 86
55 62 32
28 34 32
27 64 85
39 74 49
23 84 47
83 15 65
5 3 86
5 45 93
93 18 45
16 82 49
65 59 41
88 66 41
6 36 77
78 10 2
43 25 92
51 97 2
70 73 97
82 37 66
1 22 8
28 17 57
12 47 43
30 74 82
30 70 55
21 36 92
78 16 76
62 32 89
57 79 76
64 29 38
85 55 95
6 78 14
33 42 33
90 98 13
80 14 55
7 45 55
19 91 29
76 37 91
36 33 51
98 72 13
86 93 68
44 13 69
8 40 14
50 66 44
20 97 80
10 35 100
78 35 35
62 19 44
61 74 94
84 31 14
75 78 90
37 82 75
5 6 43
90 49 76
91 80 33
71 3 59
85 37 8
63 84 90
72 60 23
22 58 56
52 96 77
21 39 52
50 39 16
66 91 23
93 19 94
35 43 65
92 82 10
95 20 77
34 99 68
61 90 87
3 64 46
87 80 11
72 41 32
93 53 72
12 29 2
24 98 19
5 87 26
41 23 56
73 43 1
36 50 28
41 64 7
27 23 20
12 20 29
98 2 39
50 49 39
21 51 62
67 32 57
10 60 91
6 89 15
68 85 31
17 62 69
50 0 19
11 21 69
43 8 38
28 27 58
17 66 78
71 26 93
82 40 30
82 75 16
63 92 32
36 5 80
4 99 12
92 13 40
81 9 82
64 62 14
10 86 18
36 77 87
29 80 48
30 40 76
22 76 21
77 3 9
35 58 12
38 61 14
76 44 81
60 42 91
84 87 8
97 69 26
64 22 95
23 50 51
16 0 99
39 92 59
53 94 71
26 32 26
15 34 16
37 5 18
97 28 56
88 17 69
88 73 5
4 69 65
59 84 61
57 54 62
87 83 72
28 86 91
99 79 86
57 84 63
18 27 41
71 27 92
64 17 92
3 59 48
71 73 12
89 65 6
80 86 82
0 41 26
44 63 20
41 83 82
32 7 13
90 5 8
20 55 74
47 69 68
86 41 72
77 37 33
59 1 35
30 62 58
58 45 65
92 34 96
73 10 62
33 46 64
13 99 8
98 11 11
68 6 2
72 21 77
58 85 13
5 96 36
43 74 61
66 42 28
85 56 29
74 75 91
78 57 17
18 99 67
55 66 85
44 21 86
70 37 34
32 19 43
57 51 89
10 83 46
96 1 51
86 79 77
97 65 19
27 2 56
14 71 74
11 20 56
40 63 12
42 75 68
10 63 34
86 73 70
53 42 84
98 40 66
15 14 37
82 67 33
97 29 8
9 52 22
15 70 90
59 75 71
39 4 32
5 44 73
15 95 92
93 39 89
53 88 77
76 74 27
50 36 50
92 86 18
9 21 21
33 23 7
6 20 27
9 45 17
45 21 37
69 35 58
6 4 91
47 62 88
69 57 56
19 57 17
30 94 88
18 47 93
68 10 69
9 6 91
54 59 47
21 13 92
43 91 4
54 14 47
37 35 18
35 97 37
35 58 86
9 38 87
18 90 19
33 45 53
37 81 75
16 5 14
35 15 31
58 68 59
75 22 6
18 49 68
17 5 89
52 26 26
10 54 7
5 9 83
25 89 8
95 50 91
63 35 9
67 81 57
49 76 60
33 30 79
36 85 11
93 19 25
81 6 25
18 42 76
71 9 41
61 42 92
74 4 100
13 26 60
27 90 12
72 71 42
88 39 22
47 49 28
87 53 27
5 6 66
11 42 91
79 2 92
20 51 2
60 87 15
79 42 73
7 34 47
66 65 48
72 93 52
41 20 44
63 37 30
11 16 9
52 15 87
71 28 77
68 59 97
49 74 66
52 32 46
21 6 67
89 87 42
58 42 68
93 48 27
54 34 45
58 31 91
34 72 33
55 27 43
78 37 27
69 6 99
32 1 14
79 53 78
89 23 44
31 11 85
82 26 23
1 79 97
40 76 60
87 19 9
31 0 24
7 66 53
20 43 67
26 13 48
64 49 28
81 0 40
24 50 54
44 31 31
75 38 17
34 18 98
69 0 67
63 40 35
28 21 95
16 65 71
94 56 76
70 30 85
94 22 23
51 92 48
30 84 97
20 94 37
90 41 39
54 60 43
33 18 50
62 91 37
78 22 48
32 50 40
74 86 85
63 26 32
0 58 4
43 63 2
47 46 89
28 59 8
59 74 94
27 17 23
93 7 52
37 49 46
4 35 73
90 42 44
36 26 90
83 62 44
11 41 16
11 56 41
78 14 18
91 89 22
80 61 8
18 31 6
59 0 47
92 82 7
16 38 36
63 55 47
40 49 1
26 21 6
37 15 22
15 33 38
88 8 3
27 5 25
66 27 55
61 52 62
50 74 92
27 83 17
66 49 72
57 18 79
38 37 48
10 19 88
55 95 60
26 61 100
86 33 19
85 48 75
83 54 31
70 3 6
20 17 98
68 58 71
14 33 57
38 66 27
86 32 31
70 24 91
37 20 28
47 7 74
33 8 33
48 47 71
21 53 47
57 35 73
56 31 66
66 37 50
27 74 23
91 53 57
97 12 58
98 3 5
46 69 52
25 18 75
65 37 4
58 59 39
46 5 8
37 40 35
22 45 27
69 9 61
29 5 80
13 56 5
3 80 79
18 20 3
24 82 76
77 99 74
8 68 67
8 68 30
59 45 8
96 88 99
47 4 23
6 47 61
54 22 51
80 92 77
95 39 86
42 41 98
29 49 64
58 79 71
11 30 26
42 16 17
27 63 56
14 35 48
71 14 56
56 73 48
80 22 64
16 7 93
31 18 99
91 33 66
45 37 24
40 27 23
29 90 26
62 49 23
81 87 93
84 63 95
55 45 66
56 70 25
94 14 91
98 82 63
34 65 33
83 80 12
61 33 91
78 33 86
54 8 33
86 78 69
43 72 33
87 12 60
74 61 37
98 14 80
49 15 31
94 77 31
15 28 55
89 83 37
95 35 6
17 15 62
5 42 74
6 25 28
81 95 29
85 19 84
54 45 43
9 73 53
38 60 36
82 99 2
24 23 84
7 70 25
39 52 29
68 71 85
21 64 72
43 8 77
21 77 59
38 21 27
34 1 21
0 41 29
67 76 25
81 19 39
21 64 95
49 72 9
18 93 48
71 52 63
28 80 36
67 12 97
39 33 46
85 7 79
64 47 90
55 97 7
9 20 98
80 98 80
28 41 57
58 37 86
90 79 32
31 36 71
62 82 83
89 35 26
23 27 61
34 93 41
96 60 86
6 35 18
57 9 72
99 79 33
68 79 69
22 18 53
41 52 2
22 57 95
77 79 26
51 60 13
25 59 54
17 5 51
94 86 25
65 54 66
69 1 86
5 95 30
10 42 96
67 12 33
62 76 29
90 40 56
43 68 34
83 72 25
94 4 66
66 61 98
39 83 63
49 88 89
21 20 82
53 93 91
69 28 15
34 37 37
96 89 7
30 73 18
5 75 71
41 73 71
6 47 25
30 7 62
60 71 62
15 93 70
28 85 18
81 61 78
83 24 27
8 9 16
49 97 85
25 69 97
54 21 9
84 20 61
19 0 79
47 94 42
92 62 32
97 63 36
71 81 51
42 14 69
75 99 70
15 97 55
57 5 40
96 3 61
87 26 7
79 98 36
41 91 1
28 86 86
84 3 69
69 90 55
14 29 2
1 61 23
17 78 46
64 57 39
3 54 78
37 13 61
43 72 72
69 53 24
14 57 13
41 48 16
79 68 62
4 2 95
13 67 11
9 14 27
36 44 69
43 18 64
67 41 31
42 78 82
59 31 42
79 72 56
97 65 57
88 92 9
69 48 43
66 3 51
58 39 39
49 60 16
9 13 14
2 88 88
24 81 53
23 86 17
85 9 53
97 9 46
77 96 76
88 11 89
56 37 49
35 51 13
22 38 21
94 89 33
94 6 42
70 86 17
75 40 84
13 16 59
81 83 65
13 75 68
14 80 50
65 21 1
31 79 61
77 58 64
16 96 58
63 70 55
77 86 57
2 43 18
52 24 72
27 8 22
74 47 7
67 36 50
52 25 84
12 35 14
51 18 59
37 9 8
71 57 69
37 79 1
35 49 76
52 64 54
61 99 7
44 27 79
2 81 44
23 53 97
96 80 15
91 29 22
30 11 65
2 22 44
3 23 49
76 83 75
83 56 85
19 5 89
66 19 23
96 41 67
55 34 66
26 29 61
2 98 34
15 90 82
37 1 74
16 53 11
56 22 8
11 68 62
16 86 27
15 45 51
28 69 27
90 84 70
75 39 33
83 73 32
75 40 97
76 78 79
24 54 56
56 24 51
10 63 70
9 51 95
90 72 24
67 46 44
51 17 60
60 92 89
19 28 37
60 82 95
69 6 31
70 92 36
83 17 15
58 46 83
5 1 41
29 1 17
52 44 19
70 97 91
87 96 68
66 33 41
57 68 39
47 40 64
66 43 27
95 8 22
45 86 67
90 93 11
34 33 78
69 49 11
27 82 98
50 98 1
36 32 57
17 73 63
50 25 52
33 99 2
72 55 7
87 83 63
88 7 49
13 41 81
18 16 80
33 90 19
18 71 30
0 5 94
5 88 53
93 72 74
94 83 67
25 83 71
93 65 39
43 56 37
53 54 42
40 86 22
64 45 53
76 46 100
83 66 100
76 81 10
12 1 88
45 60 54
88 8 95
0 61 40
52 33 92
37 8 9
74 17 57
87 18 46
79 3 29
89 39 41
42 63 11
66 60 90
19 75 89
82 29 59
5 98 43
22 56 21
66 87 1
58 50 54
48 41 89
80 18 52
54 81 73
49 44 85
84 81 24
62 70 56
98 6 62
72 85 50
43 99 98
52 79 67
32 27 24
48 80 23
60 69 80
92 18 75
47 49 78
99 9 39
34 51 21
91 36 93
6 93 99
32 66 50
33 20 15
42 76 8
1 71 45
70 94 58
43 20 68
36 81 26
69 5 38
21 37 85
34 44 72
32 65 89
83 76 65
59 24 62
37 54 7
58 81 83
26 75 30
55 77 25
51 47 11
49 82 15
71 95 36
13 66 99
52 24 72
69 31 34
58 84 17
25 56 70
44 94 67
75 22 17
12 63 61
61 80 28
34 32 39
32 83 37
71 99 72
22 31 47
64 67 84
87 5 7
65 20 93
39 15 41
58 13 38
59 7 7
93 98 32
32 42 38
78 49 5
70 61 74
15 14 30
53 3 53
34 88 78
94 36 58
49 37 59
10 68 38
25 40 41
57 35 50
58 69 83
17 75 46
39 66 74
71 84 87
58 46 100
98 83 34
44 27 36
23 7 2
22 13 79
5 93 52
22 21 84
20 66 25
82 40 25
8 12 33
9 18 59
69 48 1
88 50 32
87 39 65
81 86 76
36 4 100
0 72 60
3 93 81
24 65 45
39 65 25
45 98 97
79 70 97
18 99 61
37 60 16
24 34 98
35 93 14
21 51 90
3 42 17
31 98 100
21 49 59
25 0 33
8 9 68
2 85 49
26 54 22
85 92 35
39 79 71
50 33 80
93 73 15
24 75 87
16 10 81
9 50 73
63 4 12
44 20 51
55 2 43
95 70 61
97 62 51
77 26 67
92 32 100
96 60 25
90 66 51
65 25 14
51 77 59
70 45 80
34 46 82
53 58 6
11 68 11
99 53 76
50 93 82
66 79 46
59 39 63
8 96 15
83 96 3
2 58 51
28 87 24
82 84 50
44 94 77
23 52 98
91 34 91
60 62 14
5 57 57
9 55 73
14 81 74
67 19 56
59 30 13
79 31 21
58 61 77
4 71 3
62 98 31
98 79 8
22 53 29
23 1 50
89 33 72
58 67 1
43 62 48
66 50 9
89 68 91
96 83 68
64 74 14
22 59 30
31 80 65
51 54 78
95 31 42
37 56 31
30 41 40
62 72 100
77 21 17
36 3 52
93 41 95
79 58 17
86 84 31
93 81 77
23 1 52
18 80 95
79 41 54
65 81 94
14 13 13
94 68 6
68 55 4
94 40 55
49 11 3
79 88 27
79 2 96
68 66 50
75 8 74
64 57 5
75 9 10
17 74 4
61 91 6
7 71 91
43 97 79
75 23 66
36 18 80
11 98 50
31 94 34
38 30 30
56 7 65
14 71 96
73 57 24
40 51 34
69 60 52
78 9 22
33 71 80
35 17 11
92 46 60
47 18 95
42 92 10
37 97 56
83 27 39
58 78 58
78 20 79
80 99 67
9 81 65
44 99 41
55 53 63
52 24 54
59 77 67
39 23 26
74 11 98
9 60 27
9 47 66
45 66 39
86 81 98
17 13 73
88 2 52
37 34 81
26 80 71
52 47 33
92 69 53
29 83 31
75 96 7
27 24 87
80 34 67
32 44 71
6 12 62
60 52 54
46 9 52
18 31 88
6 24 27
97 81 40
92 12 78
19 0 25
95 24 80
24 89 44
23 79 16
0 38 65
3 6 71
41 51 55
2 56 31
76 64 80
10 14 67
85 3 12
23 61 78
3 94 27
32 92 72
11 20 5
49 68 94
61 41 3
74 99 9
86 47 5
6 49 65
11 76 30
63 39 10
92 89 80
97 13 99
62 99 14
44 33 18
32 23 99
2 22 48
64 28 30
61 89 96
75 79 28
7 42 29
54 18 65
76 17 51
22 62 66
30 53 69
3 15 48
59 25 64
72 45 8
99 81 96
96 42 47
60 8 7
24 85 47
93 42 95
99 60 6
11 18 46
20 12 96
28 62 83
35 94 56
64 9 82
73 21 36
7 30 33
77 60 81
50 59 68
66 79 47
15 39 39
40 44 51
31 89 67
27 51 75
88 96 4
98 82 77
82 9 58
59 69 22
83 0 57
99 24 80
55 54 92
42 78 28
51 98 60
17 39 56
2 33 89
2 32 7
90 0 87
82 40 36
56 49 39
14 18 81
71 77 42
30 12 12
19 59 94
28 42 15
41 75 73
49 32 87
74 96 46
20 97 64
62 97 78
5 82 41
20 97 6
61 39 33
99 63 39
69 54 66
46 65 71
29 53 65
61 75 25
5 88 85
68 35 94
71 44 49
61 7 76
2 30 8
19 86 3
92 30 45
72 13 62
6 93 28
59 33 47
79 91 74
17 0 20
6 90 10
0 43 74
12 55 25
21 86 88
65 35 44
96 32 2
91 4 26
70 23 1
32 60 91
12 84 11
80 89 17
80 44 16
59 36 63
95 54 4
19 41 93
33 9 20
98 70 49
71 17 67
59 0 26
35 69 38
82 38 97
14 58 77
87 3 46
12 48 76
16 43 14
62 13 69
20 83 70
62 27 11
24 51 51
6 89 3
72 11 15
21 24 55
99 42 100
