16 67 20
31 86 87
10 3 74
12 20 38
98 87 21
84 10 86
9 22 5
81 39 51
65 77 24
73 14 85
39 17 78
90 49 74
26 99 7
29 64 60
54 26 46
57 38 86
66 71 34
85 0 84
89 32 86
28 72 97
98 79 99
72 45 18
23 59 42
92 55 35
8 49 96
2 73 80
80 55 57
63 14 57
2 79 33
99 63 7
8 69 1
95 63 48
60 58 100
6 11 64
37 65 94
72 40 62
42 72 61
93 70 28
76 52 50
77 21 69
8 51 16
8 98 65
90 1 48
65 47 16
78 53 76
0 84 53
61 75 46
59 44 93
15 64 12
83 61 44
24 6 66
38 24 20
23 70 9
51 62 69
47 89 39
8 64 81
92 0 24
44 5 58
49 92 2
46 43 82
49 89 78
55 45 37
99 7 76
37 33 40
37 23 70
9 26 58
26 35 5
97 17 93
51 22 100
86 30 67
41 96 15
11 63 95
59 20 46
59 84 50
65 71 49
5 59 40
39 97 44
94 30 10
71 10 27
21 69 18
49 43 69
30 35 38
20 59 2
55 97 1
83 34 89
18 39 51
8 30 97
22 99 51
33 75 35
79 19 45
89 48 18
33 0 32
26 98 23
46 66 81
31 98 87
91 33 9
6 71 10
23 85 90
56 78 94
4 9 3
89 46 30
89 92 42
58 41 52
28 38 21
86 3 64
24 5 75
45 37 75
83 44 31
80 94 61
18 69 79
40 37 82
22 42 93
60 30 22
89 67 10
16 15 93
73 74 12
59 69 49
9 21 55
11 30 87
64 93 19
11 85 56
77 15 7
31 47 24
57 9 71
74 58 92
77 34 34
7 19 14
74 25 13
68 69 86
88 30 94
65 26 47
12 47 22
66 92 83
27 92 74
90 34 48
83 21 70
79 59 96
67 14 44
62 11 16
7 76 6
92 76 8
6 83 100
67 90 78
17 13 52
34 53 75
14 36 41
99 27 49
28 36 88
9 73 70
23 33 65
33 78 53
44 0 80
43 87 73
25 13 70
44 87 2
1 94 81
17 5 16
10 16 25
6 15 25
15 5 99
70 52 85
95 7 92
48 53 48
48 47 29
8 74 5
34 6 35
41 85 79
39 30 37
10 96 88
44 28 22
89 27 24
72 88 48
42 37 89
83 56 74
5 70 29
33 75 16
32 44 61
47 28 63
29 82 52
23 19 70
55 57 30
86 18 68
2 61 42
78 64 57
78 30 73
83 18 96
62 98 77
55 26 29
78 49 74
16 81 15
50 31 50
79 16 75
80 34 57
9 23 69
29 65 80
18 8 28
73 83 8
59 81 42
34 28 99
26 88 70
94 39 17
26 10 41
75 93 10
36 27 28
6 89 64
31 57 97
82 25 26
43 70 6
3 51 46
77 60 90
62 77 35
92 38 14
6 69 48
3 49 32
27 71 37
99 38 58
82 37 82
99 54 34
87 40 28
64 6 54
35 70 72
11 79 6
0 54 6
37 30 5
49 56 96
25 10 29
50 68 70
68 14 93
36 20 35
85 64 10
18 98 62
25 7 12
3 7 18
47 30 57
46 49 81
75 79 70
44 50 40
59 35 83
56 43 15
4 75 40
26 34 45
66 64 71
83 53 66
98 29 34
51 46 75
50 11 88
97 47 18
48 50 31
62 23 77
45 9 18
18 55 79
83 9 43
33 10 98
58 70 39
65 77 39
39 69 78
96 13 19
50 19 39
57 86 38
38 6 95
5 15 88
0 54 80
48 30 48
4 90 87
68 98 74
21 27 53
13 60 26
44 88 53
68 25 98
6 96 77
37 74 58
59 46 3
48 11 91
54 96 93
94 52 70
23 84 31
44 47 17
7 65 14
75 55 38
23 6 51
92 81 66
85 19 88
16 14 77
74 39 39
6 18 35
0 9 53
51 36 68
10 84 90
45 32 99
85 97 91
69 19 73
32 7 48
77 25 20
15 20 78
38 98 59
30 12 44
54 10 98
83 17 17
76 2 12
40 34 9
14 65 77
13 76 55
66 64 81
44 72 87
22 88 48
5 76 49
1 48 91
97 51 83
94 5 65
75 77 84
6 85 63
20 36 23
97 91 25
0 44 12
70 25 99
83 29 37
77 82 4
80 53 57
11 70 10
99 75 8
2 7 61
10 59 99
45 69 19
78 23 5
90 17 52
18 93 35
36 1 85
9 25 1
29 93 62
44 89 84
39 23 1
80 21 63
94 28 24
94 20 55
8 58 33
16 78 17
62 79 61
44 77 5
37 59 19
86 39 39
7 79 63
67 55 23
60 45 63
56 50 69
45 68 54
20 76 82
2 95 41
95 59 74
28 53 57
48 55 23
27 26 74
79 68 79
28 21 93
48 61 5
53 89 37
7 16 100
21 17 5
75 77 18
10 4 26
46 41 12
65 9 24
40 70 36
34 13 27
96 31 37
45 66 2
79 34 17
50 35 11
30 91 93
37 62 66
40 52 66
49 93 97
48 60 11
54 75 36
50 26 24
80 90 70
92 33 98
54 6 76
35 66 7
87 83 95
85 84 48
34 8 51
33 31 19
6 34 94
79 56 36
88 79 59
21 5 81
46 8 91
2 87 49
6 47 82
95 62 36
67 79 98
81 11 8
55 12 18
29 11 8
20 44 12
12 66 33
5 89 96
34 43 84
2 86 4
83 80 62
82 51 51
48 67 55
26 83 85
26 97 64
88 75 81
91 24 58
33 90 34
34 57 42
68 98 49
93 98 81
17 63 6
50 9 69
75 38 20
74 50 16
62 76 66
39 38 87
47 66 78
88 2 74
82 77 56
26 85 98
81 44 56
95 76 48
48 14 38
97 10 88
24 52 41
71 33 24
65 92 8
29 79 75
15 69 14
88 21 25
73 13 83
97 58 82
51 43 51
1 61 7
72 42 3
84 42 91
4 3 47
50 25 20
63 91 64
34 59 1
46 48 20
98 36 10
55 63 26
78 97 75
16 7 65
79 18 69
14 79 59
47 51 67
41 70 22
45 56 12
82 0 14
73 21 85
3 59 22
75 67 91
59 72 29
59 27 32
98 87 7
75 63 44
0 2 75
78 69 55
26 46 67
60 35 100
93 63 65
38 37 85
8 70 62
13 47 27
80 85 87
90 88 78
80 4 13
33 81 99
26 95 68
70 30 98
51 83 38
70 17 53
38 42 43
0 11 16
88 36 81
65 48 89
50 7 32
84 71 49
9 95 99
35 20 40
10 22 55
69 43 96
4 32 90
22 71 82
97 79 36
44 94 1
50 6 90
83 66 97
46 38 41
53 56 53
74 41 20
91 76 45
40 16 49
30 77 28
59 72 16
69 72 89
30 61 33
19 5 95
44 41 41
59 80 47
95 84 17
92 8 90
24 84 73
89 45 67
50 61 8
49 97 86
40 95 34
88 35 53
34 95 86
9 49 44
29 45 77
32 54 69
85 51 13
94 23 25
35 79 70
81 7 22
35 90 50
69 78 82
79 64 9
36 21 74
90 83 29
96 44 85
88 17 80
77 37 19
73 64 83
71 9 71
23 32 98
50 85 99
94 37 13
96 75 80
4 94 44
50 1 48
37 88 43
43 85 48
78 47 50
36 18 82
10 76 19
57 86 48
15 86 25
47 77 9
23 25 48
66 14 9
28 91 73
7 5 47
32 14 6
14 65 90
0 53 42
75 45 94
4 69 80
90 20 32
23 7 100
6 4 80
13 5 49
84 65 23
83 78 32
41 79 19
92 70 92
99 62 21
24 83 38
42 45 45
79 10 47
97 33 27
13 7 97
94 58 54
76 53 63
83 79 85
15 84 14
49 50 84
39 86 55
52 27 45
93 89 53
83 29 56
55 56 70
32 22 51
41 38 5
32 65 30
59 63 31
23 50 85
32 21 23
9 56 56
80 0 60
1 4 55
9 65 84
97 32 93
35 62 16
48 95 67
92 12 88
15 52 53
73 88 63
45 15 38
29 53 82
6 64 45
38 79 34
50 79 34
58 49 9
12 41 64
44 33 96
53 56 12
16 35 60
33 21 28
9 63 71
50 54 59
51 90 87
39 99 60
96 56 9
33 0 47
66 50 67
3 78 23
33 84 32
19 84 100
46 12 65
58 91 42
47 35 1
32 97 94
40 83 39
90 29 83
84 63 61
78 79 74
54 44 91
68 13 49
96 65 96
42 53 3
91 50 97
75 19 21
98 13 48
47 1 67
72 83 92
60 88 95
25 70 94
0 12 30
1 83 100
53 78 55
43 76 37
2 41 13
96 79 11
96 10 27
93 21 88
8 13 92
5 91 66
0 9 33
15 18 1
72 97 54
50 84 56
63 99 46
37 99 80
90 16 98
18 25 19
31 81 17
99 78 97
52 27 22
29 25 86
88 42 95
50 49 80
44 52 56
99 62 55
47 25 36
9 52 91
99 55 17
26 89 25
93 9 75
59 82 86
28 73 87
18 61 50
99 9 56
6 40 95
29 26 55
21 84 85
69 31 34
98 3 24
42 13 27
96 72 38
71 10 88
8 88 46
82 52 34
69 51 43
47 49 56
47 26 28
67 93 6
41 2 30
77 62 4
65 7 61
63 89 16
46 48 85
86 55 34
77 20 58
93 67 88
23 84 56
28 91 11
17 67 53
3 6 11
41 88 45
31 49 28
15 64 60
53 89 1
95 93 83
64 31 7
74 36 54
55 15 100
73 55 44
91 55 9
99 38 88
33 95 92
89 7 24
12 55 53
17 39 23
35 65 58
30 4 19
75 59 54
99 93 22
20 47 3
7 95 78
85 72 63
5 89 3
23 72 13
24 15 8
6 11 47
79 6 35
29 43 16
32 5 8
4 28 72
6 54 40
7 40 63
40 78 16
31 89 89
68 23 26
72 96 39
32 75 17
29 75 36
10 76 54
48 31 10
44 22 40
41 40 67
64 10 36
43 68 50
69 78 10
91 31 83
50 82 16
81 88 25
22 16 75
62 42 78
19 88 40
44 47 44
78 85 82
97 78 18
32 77 20
4 12 27
96 32 66
34 28 62
95 43 70
70 84 91
90 45 28
17 0 65
69 42 9
35 31 36
99 30 9
93 87 3
21 9 70
92 95 87
92 10 78
4 10 96
11 47 19
39 26 48
35 8 99
84 79 45
90 31 25
39 15 53
8 9 45
52 23 66
3 42 100
73 69 54
0 94 57
61 70 17
98 35 13
91 9 2
59 69 23
83 4 53
46 3 76
61 73 15
33 50 23
63 85 31
69 68 8
86 89 18
29 72 18
29 20 5
86 15 60
46 14 82
63 33 81
96 79 26
32 49 76
33 66 53
89 68 72
98 11 6
13 70 33
54 41 6
33 45 87
80 44 95
80 5 90
82 14 14
66 18 30
99 29 50
31 74 33
91 25 67
80 82 62
40 91 71
44 95 66
45 68 88
74 42 18
19 95 28
97 66 96
4 53 40
86 92 92
73 16 26
91 3 61
16 79 66
29 31 27
87 40 41
16 88 38
89 7 48
49 75 2
39 73 46
26 34 77
65 9 82
47 56 77
99 29 76
16 51 40
22 99 20
90 15 5
75 32 66
41 67 3
47 80 36
83 55 1
5 7 100
80 48 100
19 26 64
4 68 7
9 87 2
78 41 96
61 82 72
55 22 26
30 99 3
18 28 99
83 17 44
79 17 91
58 48 85
17 29 90
86 81 23
14 80 72
74 47 86
70 63 93
16 23 93
25 40 40
62 2 11
42 88 68
57 42 68
8 0 37
92 54 86
79 7 70
32 86 16
68 64 27
3 81 26
46 86 1
26 73 27
95 41 91
66 28 53
4 14 18
9 0 16
67 91 79
58 73 6
8 87 98
22 23 52
1 25 84
91 68 33
74 0 33
5 29 64
70 98 81
90 22 44
22 70 1
89 80 92
0 97 59
8 88 92
80 32 82
57 92 84
20 71 69
48 28 6
17 31 15
18 41 13
57 96 75
10 91 66
39 11 58
81 64 26
47 3 22
10 76 3
56 13 90
0 54 45
88 70 14
55 13 48
64 95 37
99 7 17
63 81 34
45 96 5
96 57 91
15 16 60
65 76 25
27 72 59
90 52 64
96 62 96
58 62 84
82 69 57
2 95 19
50 88 61
69 14 39
3 95 31
27 38 47
73 31 21
64 97 45
16 3 28
51 84 67
26 28 96
71 39 83
19 77 12
18 17 97
43 58 72
11 60 89
68 70 88
25 61 27
96 48 57
71 67 85
36 41 89
9 76 75
0 71 90
83 74 45
56 18 29
73 37 58
51 61 90
82 81 96
80 54 21
53 71 68
81 62 63
82 16 65
22 87 13
58 7 91
43 10 82
74 23 100
70 39 73
95 85 33
2 60 36
20 36 14
30 8 80
8 7 43
93 66 77
84 5 52
99 63 12
32 47 37
77 95 2
70 5 91
68 18 5
17 29 20
89 2 42
0 22 83
56 41 88
55 84 48
92 12 18
85 93 55
47 40 28
37 50 11
26 94 14
14 33 40
56 30 78
75 93 36
69 54 63
79 15 41
79 29 73
3 66 71
39 49 67
63 70 55
10 34 24
57 2 16
72 39 31
48 91 19
30 72 22
29 26 86
42 65 81
20 56 4
15 10 66
85 2 31
21 52 75
90 21 97
65 57 12
71 98 11
78 52 52
90 96 4
29 12 88
51 90 7
74 64 60
36 99 36
65 17 59
20 88 87
19 38 69
99 9 84
52 97 40
46 72 91
9 6 15
64 12 26
93 45 3
43 75 46
40 62 19
98 70 11
38 88 56
22 65 26
55 49 68
64 30 9
61 2 50
53 18 59
51 77 99
38 10 44
67 44 87
11 80 32
60 43 70
3 28 38
78 82 65
47 69 33
15 1 19
44 38 45
29 6 95
73 11 83
37 72 67
17 51 83
82 70 46
54 88 54
73 47 6
60 68 45
59 0 18
27 84 67
84 28 43
55 83 3
54 71 1
82 69 99
32 79 22
17 8 88
36 58 24
68 20 75
88 33 77
5 98 9
82 34 38
76 58 87
15 43 67
34 81 10
88 56 22
42 6 23
70 62 18
3 78 25
22 4 60
0 62 96
56 97 89
42 52 93
41 82 20
2 99 13
60 2 20
70 50 91
65 75 75
12 39 65
71 66 40
26 38 80
45 41 82
45 2 49
74 48 23
48 77 50
1 23 88
72 33 38
43 56 28
94 76 57
77 20 37
55 91 5
8 26 8
75 11 79
84 15 54
37 46 52
42 57 50
73 93 61
18 92 61
28 11 66
37 55 84
83 86 92
99 38 30
3 38 63
8 34 83
10 73 47
28 60 35
74 49 90
7 24 93
44 85 38
69 71 97
27 71 63
72 50 43
44 14 21
6 50 31
82 45 4
12 23 98
10 68 52
51 18 84
6 25 33
53 97 58
55 81 23
99 69 21
39 31 7
10 88 42
94 2 75
16 97 26
49 9 15
46 2 99
90 25 67
37 46 83
90 71 72
97 39 36
99 89 93
24 21 23
84 81 20
80 85 59
31 89 79
28 52 8
9 46 36
68 86 35
62 38 66
16 18 17
55 61 38
54 31 41
95 77 59
6 56 77
1 33 80
90 41 98
99 86 38
3 31 13
56 50 18
63 70 27
76 80 2
7 70 38
28 96 98
7 32 75
70 26 29
69 72 5
19 65 40
57 22 86
53 58 64
9 55 72
40 87 98
67 45 82
91 60 90
14 7 26
29 19 93
37 51 73
6 86 83
51 77 59
63 81 45
13 80 25
99 67 2
34 28 54
83 81 76
0 64 21
17 79 79
93 67 28
86 63 42
0 37 81
53 62 10
29 42 26
45 15 82
43 39 32
39 61 20
49 23 3
3 4 45
3 66 54
94 78 93
95 65 52
48 40 39
85 36 32
82 39 45
22 46 64
63 10 38
95 66 98
70 8 24
72 22 72
69 19 27
88 14 24
62 6 80
67 28 28
68 94 53
55 36 93
26 71 77
79 34 49
36 51 50
39 35 68
32 23 16
15 42 96
16 27 49
25 79 5
49 8 54
22 24 32
22 98 13
63 32 72
58 11 92
37 35 80
66 69 92
98 89 57
27 40 91
51 47 30
63 28 31
40 58 8
38 5 34
80 21 72
13 81 14
9 93 48
53 3 52
71 29 45
66 31 22
60 88 52
91 25 37
62 25 40
40 30 7
61 21 86
12 30 89
65 67 26
65 18 28
61 75 44
40 46 31
72 11 62
29 95 25
26 40 8
70 68 32
93 32 95
2 70 27
14 33 23
68 99 96
50 32 13
66 55 11
59 29 15
29 68 23
28 6 8
77 95 17
85 43 99
92 44 50
94 86 78
91 31 22
40 52 24
92 11 5
46 77 69
68 70 13
33 47 42
93 85 79
17 56 58
40 8 83
20 13 91
85 80 53
73 84 36
94 80 77
88 84 13
99 56 71
67 60 32
52 58 50
15 52 83
42 35 82
55 74 46
14 70 7
32 2 62
98 29 1
22 40 98
83 61 83
51 52 7
48 36 10
67 90 66
2 98 77
0 87 84
0 80 73
50 98 96
14 16 20
13 27 22
31 87 30
25 92 75
52 35 50
91 29 77
29 12 41
60 57 9
66 93 85
76 20 22
36 70 92
25 43 16
1 24 23
10 94 17
91 72 65
46 58 88
13 60 8
46 1 84
63 14 52
90 17 42
36 33 94
51 64 72
72 33 5
4 42 14
83 2 94
47 86 24
5 25 100
40 66 14
25 22 2
34 19 55
76 75 95
81 56 33
57 77 29
55 28 83
91 0 30
44 58 75
36 30 3
17 64 91
42 80 96
47 26 28
3 4 61
99 36 36
42 79 81
26 29 12
37 7 22
77 78 12
67 59 20
80 76 45
86 68 52
63 24 27
26 93 54
61 29 77
86 63 94
36 17 20
9 42 92
72 64 50
94 98 4
28 52 9
60 99 81
63 83 79
64 66 38
56 45 100
52 74 17
58 80 91
9 6 33
71 10 85
96 47 50
89 30 66
95 56 7
58 6 81
49 90 39
39 83 17
57 15 78
81 45 57
2 19 48
73 57 64
57 68 41
21 99 92
12 92 92
92 90 98
17 29 63
74 35 51
23 56 35
77 3 47
61 48 10
81 70 95
56 12 49
31 66 46
13 22 11
99 53 70
60 51 88
0 88 47
87 71 64
25 53 19
54 84 91
83 35 14
48 18 47
0 57 59
28 16 98
45 88 90
89 82 65
10 82 64
31 55 10
45 29 92
53 8 7
87 26 9
61 63 22
98 30 44
98 37 16
74 77 13
21 23 19
40 49 13
52 96 18
48 90 34
54 62 83
85 81 57
10 12 36
6 75 26
96 15 57
39 8 72
36 99 50
83 98 92
9 2 20
13 89 86
62 98 91
21 72 100
12 98 14
46 21 16
23 6 78
46 50 45
61 50 47
66 28 44
6 94 7
12 38 13
16 50 1
25 13 86
99 76 18
25 44 52
71 79 83
27 76 96
29 77 20
20 60 30
51 99 22
13 74 34
53 3 53
36 93 62
55 90 96
38 15 30
39 70 58
71 31 27
98 62 58
14 9 5
80 82 2
37 45 100
30 69 85
45 38 89
27 52 77
45 95 44
75 61 5
75 74 43
49 38 25
85 30 14
45 20 68
20 15 19
22 6 88
84 86 62
76 11 75
40 59 65
41 4 79
79 60 25
98 31 16
41 40 75
49 26 24
59 10 10
16 70 100
91 96 85
57 23 68
3 11 84
6 83 39
78 34 66
95 54 50
70 60 55
50 20 38
12 48 89
89 46 18
15 13 63
77 24 29
68 78 4
94 4 7
8 77 79
96 30 93
23 57 1
43 61 40
54 95 75
24 90 13
58 40 54
91 11 42
0 61 23
81 77 63
29 67 88
81 27 96
91 96 94
34 15 83
63 89 6
6 34 44
58 64 2
11 29 63
50 49 5
87 21 37
94 7 49
33 86 25
70 59 16
75 74 11
29 0 16
2 17 32
70 49 14
7 80 46
75 21 4
73 8 63
60 80 62
94 43 68
98 93 99
84 52 85
55 43 58
57 94 59
29 85 37
41 68 59
10 11 16
5 57 10
85 22 80
44 96 32
64 55 5
31 36 44
76 12 1
50 11 30
3 43 15
97 70 93
21 85 41
40 21 19
96 9 12
55 16 61
69 44 84
99 44 11
55 43 87
5 67 32
88 94 64
4 30 54
18 38 26
81 64 56
78 32 61
2 97 72
93 32 53
99 20 88
7 51 29
95 50 35
38 73 67
68 85 31
26 17 64
58 96 27
83 92 64
89 59 96
20 15 30
90 34 66
85 40 61
77 34 22
9 27 63
90 31 57
98 77 38
18 83 23
19 6 75
34 53 76
45 40 17
40 71 76
0 34 73
26 87 37
46 72 80
15 0 50
91 34 21
57 68 84
77 32 84
85 84 19
44 91 53
94 89 62
24 86 53
9 7 38
40 8 44
38 75 25
12 57 59
35 13 78
94 90 7
45 14 17
1 3 16
57 14 52
99 11 83
36 62 77
51 58 8
62 54 77
50 25 55
84 48 80
41 90 61
70 82 83
98 58 74
51 74 50
37 89 99
33 28 42
77 26 53
72 96 58
9 38 60
25 90 71
77 5 95
36 42 83
32 14 2
15 45 80
78 75 44
62 90 29
30 80 39
10 33 8
47 58 67
27 91 14
23 37 66
77 6 71
91 28 71
49 5 41
44 90 44
23 12 85
71 51 37
34 57 91
87 71 41
48 64 21
57 94 3
98 64 85
88 21 97
66 70 12
20 57 44
42 72 97
66 70 70
94 55 92
20 12 51
28 83 53
96 40 67
10 23 11
7 17 50
96 24 90
41 76 25
40 0 33
21 32 68
96 89 35
66 38 31
97 74 75
0 5 97
4 98 71
74 20 21
84 79 69
27 37 28
21 88 89
61 95 97
49 32 64
73 18 94
12 25 34
7 78 96
83 14 33
8 70 79
64 16 67
84 1 88
19 79 5
11 14 10
69 14 78
21 53 67
46 5 90
53 36 89
42 80 40
2 76 37
98 9 59
11 2 29
55 65 85
35 71 56
16 25 92
26 62 93
36 51 98
88 7 83
75 32 53
32 70 84
51 53 22
86 90 58
21 41 89
3 45 42
75 54 76
92 25 30
10 3 57
85 93 7
79 43 71
7 5 24
24 29 42
89 62 85
15 38 18
0 5 32
58 22 11
34 33 79
38 67 15
30 40 100
6 75 9
87 85 80
40 59 20
12 89 18
22 25 97
81 7 88
71 88 74
42 30 44
83 66 43
34 98 34
50 53 59
86 6 46
22 33 6
88 32 79
55 92 76
88 83 32
80 11 89
81 84 30
10 46 60
95 4 28
86 12 81
19 43 9
43 99 100
63 29 48
18 32 37
3 35 89
73 51 67
48 96 93
93 96 91
17 31 3
26 69 79
67 44 75
65 5 29
59 89 16
86 27 74
29 76 60
8 43 52
82 7 15
68 39 66
18 58 21
50 31 29
26 93 8
28 86 79
96 75 88
28 7 22
77 33 91
10 58 39
93 83 16
10 36 36
16 60 31
2 57 58
69 67 34
24 59 79
29 24 83
8 97 85
57 35 25
86 63 24
57 11 5
47 23 65
14 82 74
89 10 59
99 46 62
70 69 100
3 84 51
86 3 43
58 17 29
38 88 62
43 66 97
5 93 71
49 8 59
25 39 31
30 54 12
47 31 11
68 62 100
24 18 18
10 14 83
26 89 17
14 81 44
0 51 90
61 3 70
58 70 100
62 81 85
22 19 5
78 11 97
68 87 17
63 75 73
87 81 1
86 55 86
55 31 53
46 75 64
96 44 71
15 80 39
83 13 43
15 27 84
76 74 39
39 90 6
34 44 55
47 3 82
53 14 18
62 39 94
79 43 9
53 85 17
85 43 9
22 98 3
42 94 47
79 72 17
85 35 95
32 63 37
10 16 57
20 21 26
20 43 53
89 78 69
46 58 27
72 75 71
94 96 9
22 52 18
78 41 46
1 21 54
92 19 88
25 2 84
67 80 89
30 55 58
84 10 38
5 58 24
57 37 3
93 42 9
26 57 73
73 49 28
65 94 49
98 56 16
94 68 86
74 63 93
44 76 42
43 74 25
38 27 67
19 26 60
46 4 63
7 73 7
99 50 98
85 13 84
18 78 12
91 65 93
76 63 32
16 9 90
50 24 66
51 66 9
66 31 15
77 33 59
34 52 75
30 22 92
19 32 5
95 19 99
38 26 92
89 31 76
83 15 69
61 92 17
69 76 84
79 69 85
22 36 60
1 94 31
62 43 8
3 92 73
57 51 46
91 73 96
26 0 38
54 0 51
6 59 67
28 55 59
36 5 91
4 8 43
71 30 32
35 37 34
88 35 22
62 96 9
98 5 99
11 58 13
83 36 93
2 90 28
59 97 55
55 20 30
92 76 58
55 56 85
64 59 78
82 38 67
65 25 98
43 52 17
30 20 29
39 53 63
97 9 32
71 23 52
2 53 54
98 8 69
34 45 10
11 55 72
74 91 76
65 11 90
59 79 62
99 23 95
34 79 56
18 88 94
27 65 21
62 37 49
32 9 89
12 75 87
66 54 85
82 27 62
75 27 62
77 3 93
49 18 84
21 31 11
48 5 52
80 11 38
45 94 90
83 2 27
34 51 58
25 56 19
0 64 86
80 24 58
32 48 93
78 15 65
87 61 18
62 26 22
6 82 29
4 47 34
8 90 13
92 69 2
30 3 19
84 39 7
97 86 93
18 66 37
78 59 94
68 97 2
64 51 3
30 28 7
42 84 8
65 46 61
78 7 27
46 85 63
78 24 57
62 75 67
23 30 66
4 82 58
29 57 22
91 59 51
35 65 63
15 30 84
51 78 13
13 40 96
2 33 66
37 68 46
13 93 94
40 32 62
21 46 15
23 2 2
80 57 99
12 67 36
49 95 93
76 38 22
56 36 53
91 61 11
91 5 36
6 50 68
38 44 33
10 98 42
98 81 27
42 80 100
33 11 65
82 72 69
74 22 63
44 99 70
37 83 32
11 7 59
1 99 80
71 21 94
7 50 51
42 52 38
79 38 49
87 0 9
85 20 3
13 42 65
79 82 84
29 89 69
34 8 67
68 20 60
73 27 77
55 8 54
78 61 54
21 12 21
69 63 7
71 84 29
98 41 97
59 6 30
87 84 18
66 49 74
93 88 14
40 15 75
33 37 17
27 28 35
45 9 97
67 91 5
20 12 78
68 40 43
19 74 73
34 79 21
31 33 52
29 25 78
95 75 88
5 20 94
76 34 66
69 44 72
83 22 84
10 28 46
51 95 14
91 34 50
32 49 94
82 38 58
38 26 13
95 13 36
87 27 64
76 66 99
39 90 43
17 7 73
42 49 36
48 6 45
41 80 96
20 84 43
85 84 47
0 19 78
34 19 17
15 32 72
99 41 93
44 94 86
57 96 62
69 34 86
45 27 89
78 92 53
39 18 56
62 87 23
30 64 4
1 65 72
29 46 94
98 46 85
67 86 14
85 45 5
51 53 3
1 93 16
43 57 82
12 3 40
8 19 46
5 17 58
46 11 17
97 95 11
89 44 5
16 20 100
26 63 96
6 44 90
69 42 73
82 75 68
7 64 66
80 26 76
8 7 28
39 31 9
73 61 76
66 3 25
20 87 34
98 41 79
28 42 42
87 68 41
68 62 34
59 66 9
83 19 15
43 4 45
11 96 36
23 33 21
94 84 35
24 97 29
5 35 75
34 31 36
94 26 46
34 54 75
74 91 80
41 6 42
72 77 10
17 9 8
21 88 19
6 31 56
22 87 94
43 50 66
17 81 55
65 58 73
86 64 24
78 99 37
10 68 9
57 40 54
40 10 4
71 50 30
77 35 42
60 6 16
99 89 66
57 73 98
82 94 1
53 48 37
17 69 11
38 16 23
67 79 4
12 18 99
60 61 95
89 17 95
26 63 92
75 29 37
65 9 42
97 86 74
9 18 76
40 71 50
96 7 61
92 31 69
91 55 23
10 76 8
54 95 58
79 68 29
76 86 13
42 12 78
22 20 47
47 41 53
1 51 4
0 93 7
19 11 18
35 13 6
85 8 37
99 39 84
67 31 62
97 94 41
51 38 58
3 83 64
37 58 36
82 50 47
20 45 20
93 97 83
65 92 96
97 92 77
34 50 72
60 14 100
29 83 86
16 38 5
44 99 74
22 58 28
93 23 1
84 83 30
47 15 3
97 64 41
17 72 22
34 22 28
50 20 4
18 47 32
3 89 66
7 52 44
49 50 53
57 28 28
99 40 42
8 19 56
54 81 80
67 14 91
14 88 29
63 68 54
4 66 79
69 11 10
7 10 9
15 67 68
70 98 49
53 18 41
17 46 88
55 3 84
41 85 77
16 34 93
30 22 97
27 28 9
36 23 89
11 21 3
13 49 30
70 25 86
76 94 29
58 94 39
8 98 52
20 4 62
15 84 56
3 17 69
17 98 58
89 69 74
89 67 72
91 81 92
91 40 8
44 64 96
86 63 83
16 76 21
93 65 92
26 58 45
88 7 78
76 26 71
93 57 4
42 13 22
6 20 17
2 20 77
44 82 2
17 25 3
23 43 29
15 98 84
27 23 45
98 75 93
99 22 58
35 28 3
7 88 53
41 62 19
91 51 43
45 50 77
10 0 21
22 6 48
40 86 60
82 47 51
92 40 6
78 72 71
51 81 22
82 79 52
9 1 8
5 80 55
73 53 69
86 92 2
36 45 14
7 81 70
29 7 65
79 82 98
70 31 18
1 58 86
74 13 68
10 97 87
26 72 34
95 3 48
95 24 6
37 1 16
21 49 56
13 71 62
43 79 36
65 85 52
35 96 28
39 42 91
88 86 75
83 56 96
63 48 25
59 84 33
96 81 64
10 96 93
28 78 14
57 72 35
25 92 41
11 17 7
25 17 17
53 78 77
25 32 50
13 84 70
88 65 87
98 28 57
53 24 2
22 10 88
12 32 86
82 88 19
77 6 81
30 55 96
76 93 25
55 36 62
74 40 91
23 7 58
91 82 79
17 12 99
16 63 100
63 2 63
9 82 26
25 84 67
34 75 47
7 61 80
25 53 12
82 26 89
23 94 13
93 90 87
2 92 30
19 69 89
16 88 22
65 82 46
80 61 17
91 32 92
68 64 47
76 82 42
59 48 87
26 24 6
93 14 27
83 7 48
39 6 29
93 33 17
10 56 20
14 49 97
20 73 44
73 11 57
55 86 82
84 80 51
33 88 5
66 51 49
26 0 5
0 70 2
37 87 68
81 7 100
15 8 31
76 91 62
30 80 94
60 68 50
97 10 67
51 92 45
39 58 53
5 74 84
69 64 86
43 84 7
89 97 12
45 49 90
60 55 14
11 52 79
18 13 73
0 83 78
54 89 40
11 38 17
74 15 32
23 49 97
94 47 12
4 66 36
86 52 72
73 19 13
38 71 67
85 37 90
6 7 1
49 25 62
83 59 88
83 18 51
54 75 49
56 31 70
16 74 40
98 96 54
9 60 57
94 92 52
77 64 29
28 35 36
3 59 9
13 26 49
52 57 91
62 11 39
9 23 34
61 66 90
10 47 79
75 25 47
72 4 76
93 40 93
95 88 68
0 12 20
39 1 28
84 83 23
57 55 36
35 69 62
18 70 30
41 47 69
59 80 31
81 96 62
96 13 77
37 11 79
87 70 68
28 22 73
60 13 79
11 21 1
26 99 38
77 5 45
51 69 21
30 72 64
43 57 85
81 87 43
76 50 80
6 69 24
85 89 99
49 12 86
8 94 45
25 58 84
10 61 82
86 13 82
14 4 4
74 20 97
41 89 75
44 27 16
96 28 8
10 62 14
91 31 30
87 39 13
70 91 14
49 38 57
53 6 89
52 21 65
27 92 47
82 99 51
77 91 80
63 88 8
74 81 31
79 7 83
70 73 36
80 73 89
53 97 87
52 88 16
46 15 34
48 77 55
89 23 100
64 63 45
70 60 100
22 49 98
10 97 71
70 18 83
78 0 96
87 73 6
80 91 34
27 63 55
55 90 88
91 84 88
44 55 100
22 62 49
69 66 76
34 27 6
68 53 61
55 7 1
58 29 7
58 50 56
68 96 37
73 9 24
73 91 50
36 88 61
98 30 46
66 70 19
9 49 16
54 63 19
94 53 77
78 24 17
21 68 38
3 39 84
55 54 29
49 46 31
97 86 95
88 9 42
50 41 84
66 41 78
0 16 36
70 20 34
13 48 96
61 38 88
6 20 14
93 31 66
16 99 79
4 60 7
93 46 93
63 87 65
8 85 15
82 59 60
6 59 5
78 87 96
6 36 92
84 83 32
22 82 76
65 18 19
78 17 35
2 59 45
27 51 47
46 90 49
97 84 79
71 19 48
66 78 54
62 31 65
85 28 12
57 74 90
19 48 87
65 39 94
76 28 44
24 65 90
47 89 79
24 84 90
52 6 87
25 1 98
45 30 32
65 0 51
9 99 76
55 77 25
22 63 96
41 98 80
37 96 39
85 29 28
9 93 60
97 81 72
89 23 61
97 45 1
84 89 21
54 18 81
33 50 59
63 65 92
73 34 15
92 31 72
74 44 40
97 63 27
34 77 98
35 97 36
49 80 29
62 2 23
24 31 78
4 88 73
85 14 98
16 57 65
87 55 51
63 4 13
58 86 16
15 99 39
41 5 9
94 42 80
89 37 84
95 39 19
57 31 18
2 70 9
21 70 72
26 18 13
94 22 83
32 1 1
85 40 89
96 87 65
37 93 56
57 19 9
32 20 38
23 87 44
76 74 40
77 79 17
35 43 56
26 22 9
20 97 10
73 47 3
60 21 19
31 79 52
94 14 19
95 96 46
9 89 17
53 50 55
6 92 28
99 70 31
95 22 40
13 41 21
24 48 63
90 29 43
97 90 90
93 68 15
25 21 10
67 80 64
10 47 54
22 87 18
99 49 76
51 87 22
22 6 94
26 94 75
69 89 49
89 33 9
63 25 10
46 24 27
6 71 33
66 59 41
23 5 7
43 46 58
20 56 69
83 1 78
23 49 88
53 90 48
53 93 91
68 43 30
58 42 26
81 4 55
58 51 88
55 95 29
46 63 18
75 71 28
72 11 7
11 86 91
49 41 18
63 5 97
12 53 52
6 65 38
80 24 72
85 27 55
67 36 94
26 67 55
11 53 27
9 81 54
44 35 67
91 5 15
69 64 53
91 67 61
62 30 19
59 89 31
94 7 50
15 47 61
94 56 57
59 44 5
79 18 55
72 53 61
81 6 3
93 74 91
89 78 98
34 78 56
70 69 47
2 56 50
7 24 62
9 78 56
36 10 78
50 47 11
46 58 62
32 18 90
79 6 88
85 96 45
51 64 24
63 29 20
62 26 46
94 77 87
52 37 65
85 70 22
5 97 90
67 58 51
79 30 84
65 32 86
37 32 38
23 80 56
77 10 92
62 30 20
61 71 81
63 6 96
95 96 14
56 98 65
31 89 74
28 78 66
91 57 32
74 73 100
32 46 45
2 85 15
18 89 44
79 32 37
48 34 76
30 31 20
1 33 37
93 3 38
99 14 35
75 66 79
66 60 73
39 27 25
49 32 60
51 84 43
78 55 3
0 46 53
14 23 75
97 41 27
29 51 95
1 39 50
66 44 90
66 35 32
90 72 1
17 55 39
55 61 89
61 30 8
77 84 28
92 48 74
2 0 45
49 93 10
75 68 56
65 57 79
50 66 86
74 57 78
86 80 95
36 99 90
1 22 76
36 49 50
5 18 40
40 55 16
62 55 51
43 10 64
94 47 98
95 12 6
84 60 87
56 86 23
83 37 5
76 93 8
77 63 48
53 37 77
15 78 26
78 8 85
98 35 70
69 72 71
75 19 26
3 46 99
63 56 57
31 94 12
66 90 20
65 11 58
34 25 52
45 32 52
57 25 7
1 61 70
50 88 83
50 80 69
7 54 1
9 54 1
86 38 55
87 22 1
2 1 37
56 79 33
13 38 38
91 16 82
3 42 9
17 49 39
93 64 36
5 37 11
93 12 4
88 62 53
64 15 19
60 30 80
40 43 49
30 40 71
16 80 15
88 13 81
79 49 26
44 34 27
56 50 37
99 58 32
61 57 15
15 4 88
16 75 2
55 79 33
45 57 45
84 50 52
94 13 63
93 11 51
35 10 20
94 73 73
16 70 52
8 63 4
40 49 87
61 98 100
12 59 11
17 29 27
88 36 48
81 92 89
50 12 99
39 23 35
30 57 43
65 57 40
13 60 55
72 69 24
76 19 92
47 97 24
36 15 40
54 63 77
50 83 97
84 56 68
59 9 2
52 50 45
23 37 1
34 77 95
83 63 76
88 6 87
28 41 17
77 92 26
99 17 78
33 89 73
36 94 45
95 12 98
66 11 49
11 74 84
27 52 51
83 18 94
46 81 46
23 85 66
26 18 20
21 23 6
39 78 35
50 58 26
48 2 86
26 60 32
41 78 24
54 5 6
45 38 63
70 93 80
59 20 78
60 70 12
29 58 48
60 55 42
37 74 78
97 75 10
44 71 55
45 28 33
40 24 1
59 28 66
52 47 63
72 98 4
93 4 64
61 42 14
3 26 93
31 79 53
57 72 32
71 20 93
83 9 76
83 0 62
49 74 51
0 38 72
84 35 53
51 77 11
83 28 45
73 31 33
66 76 6
83 21 86
36 53 74
7 23 5
29 59 14
23 75 75
40 19 97
93 6 30
98 5 95
63 64 100
92 16 67
4 77 95
59 71 39
65 8 97
70 26 91
97 7 56
59 48 79
82 89 65
56 45 73
57 7 90
67 41 25
43 67 32
69 80 17
61 94 18
41 18 97
7 32 65
20 65 61
30 43 48
48 30 25
81 27 91
53 84 2
82 43 90
68 49 5
29 33 35
60 40 58
30 76 74
19 75 87
11 80 72
1 67 47
79 50 100
31 84 18
95 86 30
50 87 93
66 15 82
52 69 11
29 90 83
61 31 35
45 26 20
5 69 51
56 69 85
74 80 22
23 60 34
24 88 9
15 83 4
58 96 52
49 73 69
98 38 32
33 93 43
79 27 39
41 53 20
25 65 57
58 48 14
10 41 58
99 54 56
8 34 79
79 13 56
40 24 55
14 98 25
57 58 64
61 57 30
1 15 71
33 9 32
94 93 88
68 81 57
43 92 66
41 69 7
11 30 69
99 9 24
78 23 74
52 71 67
72 87 25
9 85 30
57 40 82
3 71 46
6 1 89
90 52 83
92 27 49
0 24 77
13 43 95
67 69 70
41 19 57
86 13 25
73 37 28
57 54 52
98 44 51
82 44 38
78 99 80
28 60 72
53 42 57
0 24 44
30 76 82
26 29 83
68 60 35
64 43 87
44 17 52
38 44 30
96 65 64
91 51 6
23 35 79
14 67 46
7 59 64
74 10 21
67 99 58
14 0 36
51 50 6
54 64 67
33 64 100
6 94 75
94 61 75
21 84 6
26 50 12
96 12 96
65 32 90
33 72 82
60 77 45
35 11 42
1 69 89
59 54 65
0 17 55
76 88 58
67 69 94
7 72 11
61 7 94
12 48 9
81 1 90
76 21 61
55 29 33
30 61 84
97 19 79
98 85 32
69 75 83
43 39 42
58 71 16
53 99 80
52 65 21
75 60 18
7 8 6
88 78 30
16 76 72
98 1 8
97 1 46
66 5 100
5 78 27
81 97 66
54 20 50
91 53 48
23 15 90
97 84 91
75 47 78
6 20 40
88 47 49
27 29 56
41 93 16
76 6 5
7 5 16
25 35 99
0 39 61
4 64 90
42 97 44
51 17 85
57 64 14
86 56 80
84 1 99
92 45 7
83 63 2
59 53 45
21 78 38
57 62 30
23 5 78
94 50 67
23 87 91
87 86 85
31 24 100
58 39 43
70 48 34
34 28 44
49 62 85
55 92 66
70 62 33
73 14 71
80 23 29
55 54 91
25 85 4
64 80 60
33 90 13
54 76 35
43 51 99
92 76 34
21 42 47
34 87 86
72 28 31
10 42 28
34 38 51
2 10 40
89 19 64
31 57 2
85 2 35
41 61 1
53 21 89
40 77 82
97 81 42
28 66 97
91 64 78
11 83 10
62 1 54
52 82 52
26 67 35
51 2 87
14 99 27
5 73 37
64 77 14
93 59 87
69 40 96
69 36 10
74 40 99
39 33 52
33 64 75
66 48 25
78 77 5
45 32 68
72 41 81
36 52 30
83 42 29
35 76 24
14 92 41
38 1 58
91 3 22
95 87 78
12 5 35
55 27 51
71 78 35
20 14 24
10 89 14
24 25 5
84 30 57
36 97 96
53 61 82
61 33 21
47 4 21
15 31 16
12 61 12
42 49 57
61 57 59
60 69 54
73 99 67
30 97 33
5 19 58
82 87 30
66 59 12
75 65 74
59 95 12
52 64 89
54 33 63
27 61 57
14 87 90
77 95 67
46 82 24
70 49 98
79 23 80
92 7 59
4 35 25
17 59 82
77 74 54
48 84 26
94 3 30
28 27 63
49 26 31
57 9 46
13 28 28
6 57 8
22 93 56
50 66 86
40 98 60
14 7 9
19 55 50
30 98 16
41 44 99
28 82 97
89 55 62
99 74 75
83 32 90
69 92 51
63 73 17
41 98 23
66 54 100
80 43 79
61 65 98
21 81 31
30 56 76
67 40 18
13 29 19
2 1 18
41 34 62
67 60 64
70 60 57
13 28 9
48 93 14
52 45 6
63 57 21
33 49 52
68 22 35
53 66 56
51 61 5
82 35 4
75 61 59
67 83 78
59 33 88
68 72 6
19 43 56
16 27 45
77 59 53
90 23 63
78 5 3
81 16 19
58 66 75
29 39 77
41 63 68
37 53 76
96 29 90
87 33 61
1 3 73
33 64 71
76 78 19
62 85 30
80 63 45
16 92 57
53 37 9
10 13 97
94 53 75
31 58 51
25 73 88
18 22 91
76 14 8
11 91 69
39 53 11
13 51 42
30 70 61
59 74 36
8 40 5
24 41 48
5 27 21
94 24 60
3 39 29
9 50 63
1 24 58
94 57 16
55 80 88
50 60 12
61 45 32
71 50 20
63 53 29
34 69 1
40 5 80
19 77 88
76 2 44
98 75 19
72 9 23
26 85 3
88 52 40
1 45 90
98 85 7
89 74 53
52 43 29
68 25 63
61 81 7
60 34 71
60 27 74
0 42 51
56 1 10
42 79 83
35 64 73
4 71 65
63 77 86
50 68 92
98 0 54
78 62 32
49 44 23
72 95 28
50 2 66
38 67 74
76 20 80
22 73 87
65 68 27
44 41 43
51 28 59
25 33 3
94 5 70
8 71 70
26 98 16
27 48 44
14 9 1
7 92 40
13 80 83
71 69 86
67 7 11
89 56 50
89 58 50
16 73 71
60 39 99
2 31 25
60 58 38
35 98 50
27 29 16
55 32 77
79 88 8
36 76 16
38 25 99
41 60 97
2 77 21
80 10 87
92 55 50
88 34 83
5 79 67
5 95 94
60 15 9
74 82 31
26 43 15
64 26 17
98 19 56
67 21 91
52 59 18
57 60 50
27 5 48
63 19 23
98 23 39
96 56 68
67 9 69
71 93 2
66 58 72
94 17 51
85 44 88
76 99 50
41 97 74
50 67 81
5 54 97
97 30 32
91 97 75
80 36 77
71 74 39
16 47 85
63 20 26
34 87 78
69 84 16
52 75 93
5 83 46
2 72 63
31 33 38
91 92 85
41 29 56
99 87 42
27 91 39
11 81 81
48 23 72
74 7 51
67 96 62
83 94 23
59 28 40
93 26 99
67 81 50
20 42 43
27 25 27
68 38 21
37 66 75
30 61 72
0 59 68
84 51 22
20 1 41
30 32 3
26 0 14
22 76 29
92 60 53
73 76 84
34 23 25
80 17 93
64 50 16
42 8 71
47 68 32
44 88 28
6 90 90
5 38 13
23 33 66
26 76 13
21 67 67
68 79 24
26 31 60
87 3 2
21 12 6
88 4 19
98 13 52
28 15 32
8 47 67
54 17 72
1 6 91
61 43 100
58 50 96
95 50 97
97 30 9
24 1 67
2 45 8
10 21 14
96 73 46
6 84 58
87 63 14
96 66 65
17 68 22
60 41 56
54 3 69
75 3 66
71 17 50
46 58 8
77 63 70
48 36 19
97 92 78
10 50 95
14 57 16
74 31 61
64 67 94
21 57 11
95 16 28
65 33 69
16 40 60
92 48 43
34 66 100
56 32 1
50 62 85
32 74 92
10 47 85
0 13 38
51 36 81
19 89 36
39 29 9
85 67 8
74 75 86
83 79 34
43 90 24
39 58 66
61 18 9
62 26 94
66 88 84
81 6 20
65 15 39
98 71 19
45 12 36
58 35 82
67 7 38
62 64 95
7 67 93
10 34 95
64 83 47
30 89 18
68 37 68
67 62 59
45 47 57
7 52 48
99 24 48
54 37 75
8 49 21
7 57 21
11 77 80
57 63 75
72 44 57
48 20 55
96 6 30
68 65 29
47 58 91
23 86 11
32 9 10
11 83 97
29 76 30
85 72 32
16 9 33
38 68 25
2 41 84
66 27 74
72 47 22
89 91 84
17 7 79
35 6 22
14 35 24
35 14 34
25 86 35
23 14 56
0 49 43
98 27 99
40 13 41
53 7 66
34 83 53
1 99 13
87 26 26
48 56 32
67 93 96
49 88 88
94 55 15
91 80 6
28 33 33
86 31 29
43 28 40
88 61 60
90 57 16
11 62 67
63 41 13
17 31 33
18 70 4
85 92 100
93 48 88
91 70 35
23 46 12
45 91 3
95 35 37
0 60 8
99 90 71
8 48 63
83 96 21
19 98 40
7 43 40
54 87 71
23 34 66
30 57 86
41 1 97
11 77 12
13 46 44
12 9 7
29 94 98
89 6 25
42 55 60
61 51 41
80 28 31
27 88 34
75 31 86
24 72 81
85 61 19
61 91 21
29 78 46
63 27 63
29 3 56
2 84 69
78 40 28
94 88 92
46 5 4
35 24 68
20 79 5
94 3 73
13 45 39
79 25 41
55 47 66
60 19 21
85 76 91
30 71 92
8 71 50
59 11 55
52 0 29
78 73 55
12 69 72
63 39 20
32 53 61
72 68 21
43 61 69
97 53 62
20 28 32
91 42 33
33 16 73
89 43 19
93 65 82
82 33 85
88 20 65
34 57 35
48 35 51
77 67 85
65 33 71
77 76 67
41 91 96
39 85 32
89 3 61
48 30 48
41 66 27
27 59 93
48 5 1
21 6 73
18 19 61
90 26 18
84 62 63
84 96 59
16 5 84
32 38 66
47 55 10
57 5 82
62 61 53
4 56 58
79 26 72
32 68 14
75 41 7
42 52 48
16 66 71
76 73 100
10 98 29
58 64 52
76 84 86
91 28 56
8 76 99
27 52 19
51 10 50
49 27 58
84 44 95
17 95 81
74 83 19
38 9 97
99 54 85
45 23 78
42 43 86
14 34 55
63 37 45
16 33 61
94 1 79
64 24 87
5 36 4
79 20 66
71 39 41
82 48 69
50 51 82
75 6 95
20 61 31
61 6 100
42 31 73
80 38 58
81 86 3
13 51 62
41 55 17
48 21 62
33 92 9
93 41 36
44 77 65
70 41 59
59 20 5
82 53 8
84 69 98
60 5 80
79 15 1
13 33 98
17 61 35
11 78 80
18 28 7
46 41 84
38 13 55
90 39 5
8 7 48
23 40 10
74 13 19
87 75 78
74 21 42
38 52 69
0 66 56
93 83 55
71 58 36
40 47 94
92 66 66
10 84 52
21 4 51
0 33 76
88 57 25
13 40 2
98 42 62
60 50 44
10 9 44
48 53 46
81 98 95
35 62 94
31 13 67
97 32 65
11 40 29
52 25 65
10 86 66
11 46 8
62 9 45
66 9 98
24 7 59
89 97 30
96 3 77
73 26 94
24 28 70
38 58 39
58 98 76
61 8 98
99 94 48
91 7 68
32 13 61
22 85 41
77 6 66
54 94 53
69 31 75
81 94 90
52 43 25
28 64 42
68 1 57
45 25 95
54 29 54
36 4 75
26 53 16
82 65 30
42 13 96
84 23 3
95 52 53
87 57 87
48 31 58
4 13 45
24 74 86
27 7 90
29 48 42
88 38 87
95 16 33
99 72 8
2 61 49
57 83 64
90 14 100
19 97 21
5 52 81
13 53 44
19 82 80
82 42 9
55 70 53
2 72 1
29 4 32
8 84 80
65 33 49
19 41 5
15 14 98
95 33 70
5 42 41
74 10 71
85 73 85
90 15 53
50 3 41
4 87 52
87 65 91
15 73 51
87 39 94
65 69 48
48 2 70
15 59 61
61 79 43
88 79 82
81 95 74
37 14 91
45 23 83
69 53 89
31 93 45
83 68 56
57 35 72
99 34 60
19 70 43
45 69 5
63 32 82
25 50 69
63 7 14
80 77 26
83 16 26
27 29 34
47 91 50
43 79 17
63 18 54
70 83 17
62 82 42
94 48 92
25 46 32
2 27 91
47 38 97
32 62 94
44 69 63
52 4 84
44 94 53
63 64 46
17 77 54
49 71 53
22 41 23
82 58 52
36 52 26
56 32 55
24 94 56
11 99 45
23 16 96
88 29 84
33 23 68
70 98 14
40 42 47
39 72 37
97 87 12
23 82 17
75 72 90
51 89 59
55 45 51
40 6 40
51 2 33
36 63 6
42 35 14
48 12 10
56 0 19
73 84 51
71 63 1
28 43 24
83 79 41
29 60 86
66 42 21
87 0 77
19 13 92
98 51 18
45 83 87
14 74 71
20 66 96
0 12 53
17 50 56
89 86 83
35 5 96
65 71 4
65 23 89
18 6 43
19 26 26
88 54 99
90 25 51
55 14 100
99 47 22
11 29 53
25 89 55
66 21 22
22 64 38
26 96 4
92 54 12
90 0 70
68 51 59
25 62 74
81 89 65
27 91 28
7 14 52
44 45 18
32 75 74
57 36 12
79 92 100
62 43 9
71 45 67
46 68 32
85 0 34
99 66 78
93 2 32
17 85 22
82 86 96
59 99 78
68 59 33
45 79 75
54 5 89
24 98 2
93 38 8
85 4 56
52 34 100
83 71 75
82 70 4
26 78 47
95 15 53
81 71 64
28 69 69
42 3 70
62 17 73
61 21 95
38 43 95
54 4 87
91 45 69
40 38 73
38 31 5
17 41 89
69 55 31
32 24 8
24 36 65
96 77 50
91 45 56
90 36 71
65 66 45
85 13 11
61 90 99
43 66 6
18 8 89
92 65 92
71 57 56
2 98 95
60 58 33
20 99 29
18 49 5
48 29 9
14 0 87
44 46 90
27 8 46
89 22 99
30 93 81
38 87 26
6 2 63
95 24 33
25 53 21
72 67 93
71 16 43
94 43 83
90 15 9
86 44 72
53 26 85
95 72 15
93 79 7
36 22 30
92 1 11
73 46 67
58 74 95
87 31 25
10 46 44
46 56 92
36 78 64
15 20 54
10 83 50
47 85 2
33 0 69
11 94 22
20 67 12
93 5 20
63 50 75
57 4 14
65 59 22
15 70 55
1 30 64
88 94 54
18 32 22
60 15 51
21 23 75
96 40 22
29 25 36
69 78 74
77 66 16
58 38 34
72 66 84
87 34 74
2 97 16
78 52 49
81 61 35
61 44 94
84 60 50
49 59 72
40 73 88
58 63 56
45 23 16
75 34 57
64 41 36
27 67 31
61 8 33
38 23 87
18 28 29
76 61 24
59 98 24
98 25 78
36 84 65
99 9 91
6 96 42
42 18 68
33 16 74
94 97 25
94 46 33
23 10 86
67 47 3
77 19 36
99 50 76
99 44 30
73 46 57
24 76 23
95 34 40
49 35 57
95 14 20
53 70 47
20 84 81
53 9 1
80 68 10
38 80 15
53 31 83
84 99 81
17 50 6
63 0 97
51 62 36
5 32 65
69 8 74
65 95 14
20 25 39
80 88 71
83 22 3
50 47 33
75 5 15
34 50 5
93 13 27
84 46 80
1 7 54
70 40 94
66 31 96
88 0 76
81 69 20
76 3 93
32 77 15
12 27 41
39 35 90
38 90 16
47 82 47
85 30 51
80 25 27
81 11 77
83 46 26
82 51 16
89 88 39
0 57 90
10 16 47
41 76 73
74 27 22
99 6 9
14 69 35
77 87 12
83 49 75
89 48 50
61 91 89
33 69 53
43 40 55
57 43 55
8 74 92
86 8 3
65 58 70
63 62 2
43 33 52
95 46 78
5 41 35
16 72 66
50 74 34
59 34 18
75 42 9
65 40 57
61 59 97
96 5 72
62 4 12
7 58 74
41 60 96
13 25 2
55 32 90
30 23 51
90 76 74
89 39 81
18 5 67
28 35 83
86 98 68
83 5 40
98 66 39
91 26 77
40 32 12
23 49 33
26 89 66
52 15 2
11 47 28
70 86 54
89 80 31
38 65 77
82 39 32
70 10 25
39 18 3
35 41 45
74 77 65
13 50 67
80 16 82
55 56 22
49 1 53
93 13 46
44 63 29
68 45 1
43 84 58
98 82 93
97 22 42
41 81 57
76 18 17
88 46 5
29 76 16
31 54 87
84 4 44
4 40 74
17 93 98
82 9 19
51 42 52
50 9 54
59 88 38
37 3 25
52 61 90
77 23 86
41 2 3
30 2 4
61 69 90
75 50 16
82 80 21
97 79 96
62 9 94
67 79 94
73 45 43
43 57 83
74 46 84
5 88 14
91 67 51
78 50 26
68 47 30
93 62 34
65 66 85
41 9 39
43 24 56
49 45 34
20 4 89
51 14 89
16 54 12
86 80 93
24 62 54
93 62 30
82 5 67
80 36 88
77 60 58
87 80 80
89 74 49
49 34 37
46 96 49
88 58 23
13 35 16
4 18 84
69 65 50
52 39 2
79 0 77
92 15 43
9 7 33
21 96 34
1 59 57
83 17 87
33 10 99
64 59 72
14 35 48
65 84 37
18 71 86
31 71 26
89 93 85
89 85 47
61 59 92
74 49 19
62 8 2
78 8 26
31 78 97
92 24 67
29 46 31
39 43 42
74 8 85
22 78 7
82 24 11
84 83 38
13 19 91
19 51 34
2 7 28
57 89 47
32 56 80
78 60 57
5 26 45
9 25 79
54 52 73
92 77 17
79 39 6
40 59 3
19 64 13
75 4 25
25 46 79
95 50 37
51 30 11
69 55 93
61 82 89
73 66 46
89 15 64
54 32 70
78 98 22
27 58 60
25 0 36
0 84 16
67 77 40
33 23 71
45 24 59
20 61 22
5 69 23
24 33 10
43 16 3
18 13 55
92 57 12
92 28 16
72 71 25
19 9 11
64 3 41
58 90 43
88 90 86
16 39 93
75 88 10
39 56 52
27 29 24
31 69 1
32 64 93
44 43 80
28 76 26
21 38 91
80 86 95
82 2 100
93 55 36
51 26 82
24 73 12
23 97 84
39 41 79
54 34 75
67 58 74
71 93 39
12 40 81
86 10 2
43 13 74
25 63 39
99 75 10
63 69 42
80 71 31
74 91 15
23 85 96
98 15 5
88 38 99
3 11 81
13 17 58
71 49 87
42 4 64
3 52 90
20 31 52
93 97 64
58 31 25
32 17 14
54 38 53
76 80 98
79 50 54
28 71 78
74 41 13
67 7 20
41 76 7
5 58 20
85 84 34
70 47 45
65 5 16
97 83 78
70 48 7
30 61 26
94 2 37
83 86 3
78 23 52
44 5 31
29 51 50
14 6 71
37 21 30
32 37 38
49 76 81
96 51 87
86 12 91
14 55 45
14 33 37
5 47 89
14 71 2
12 33 25
37 92 15
11 7 9
33 43 81
94 38 84
66 65 92
26 10 51
91 28 43
41 98 40
65 84 19
8 80 18
2 50 44
43 25 87
73 47 35
2 38 24
56 99 28
58 49 59
7 38 93
30 8 57
11 48 45
30 91 54
4 96 60
21 80 89
64 17 78
31 5 87
75 74 90
34 22 56
10 92 18
17 53 76
38 67 49
17 93 44
86 38 25
64 69 97
64 94 11
45 90 47
96 28 66
3 35 15
67 43 26
33 55 57
20 59 96
18 52 13
64 29 91
18 68 66
79 91 63
74 70 27
76 19 79
87 22 4
28 55 60
38 27 36
86 78 44
46 44 74
64 43 57
40 81 83
0 63 82
94 67 5
90 48 29
38 92 84
38 49 90
7 21 49
79 0 75
68 40 61
95 16 63
77 66 84
2 18 53
49 36 19
30 23 73
71 8 23
36 48 80
31 10 49
89 28 71
16 30 2
97 64 23
16 17 72
90 59 82
66 49 98
71 54 81
35 77 67
70 57 43
3 63 87
83 31 68
88 43 46
51 42 84
63 23 32
98 20 52
28 13 54
53 30 12
42 17 90
9 10 90
50 5 8
26 64 77
88 95 100
10 89 78
22 62 30
84 78 37
48 42 41
56 21 19
56 15 76
73 85 33
51 45 50
21 72 74
97 61 16
5 77 89
71 51 39
46 30 45
98 60 76
43 34 17
32 43 96
48 96 48
34 58 49
42 70 36
26 36 45
70 79 75
42 52 9
14 74 68
74 63 18
76 26 42
68 62 75
88 75 33
21 35 42
75 19 77
96 22 95
95 2 68
10 68 35
87 59 79
49 33 33
6 16 48
28 89 23
82 57 10
32 94 83
47 33 56
18 31 34
2 19 2
82 87 3
61 17 97
40 42 88
43 57 48
52 10 78
66 45 53
67 87 67
15 76 90
63 77 31
72 40 33
98 55 2
8 7 93
39 43 88
59 57 8
25 20 36
80 1 66
17 60 7
76 65 39
86 30 63
55 71 75
57 68 22
92 2 73
43 45 26
81 32 49
99 60 57
80 87 59
13 94 58
42 20 99
22 48 25
33 19 80
88 52 69
68 22 19
22 49 21
97 25 2
68 55 1
21 73 40
34 63 33
97 89 19
53 20 68
83 18 28
97 79 35
61 65 80
16 62 1
97 15 79
96 88 71
33 76 28
29 13 71
23 95 42
66 44 72
6 17 59
49 24 38
41 10 55
72 30 73
71 85 62
56 78 3
45 39 22
96 87 97
90 98 100
68 83 93
63 68 65
20 66 13
47 58 47
77 76 3
75 5 72
68 29 72
96 79 61
13 5 53
59 86 39
93 90 66
82 6 66
77 66 5
62 83 2
21 22 91
44 5 63
55 83 87
21 87 28
28 62 23
18 43 21
10 34 58
12 33 4
17 64 11
17 6 96
79 90 47
97 48 9
50 65 59
26 27 30
86 66 16
58 14 85
26 42 19
17 32 31
33 22 45
62 75 89
28 96 32
41 16 84
50 38 10
26 70 14
26 97 99
38 61 98
47 18 13
5 60 80
48 8 96
15 64 94
55 46 92
49 91 72
7 56 10
93 14 42
40 68 64
56 52 37
91 86 48
68 14 81
1 24 9
81 85 46
60 10 48
69 96 32
92 60 61
20 24 98
62 1 24
59 27 33
23 1 48
78 85 37
27 53 77
60 24 98
7 33 74
29 67 38
41 33 17
15 43 68
97 90 64
46 4 94
54 31 42
47 91 56
2 28 33
95 43 64
64 20 96
98 74 39
63 60 73
32 5 42
31 0 35
25 18 66
38 19 84
35 80 93
53 88 41
9 28 94
88 78 40
91 1 65
13 95 92
39 63 60
6 5 94
97 8 45
5 33 69
27 22 18
63 78 83
25 78 77
29 76 36
99 78 59
70 7 74
78 75 21
98 12 62
52 76 4
25 79 28
41 25 2
1 71 33
71 76 9
52 80 54
99 56 88
64 17 93
94 32 30
71 53 47
30 55 26
22 59 60
92 74 15
74 93 29
24 8 72
39 94 4
23 26 21
76 23 34
74 64 82
53 40 24
24 38 65
48 27 28
52 38 69
91 53 91
29 75 51
61 41 98
50 15 58
80 85 4
63 94 4
70 21 12
7 51 28
23 27 88
47 9 51
81 40 58
94 54 91
78 65 48
61 88 60
35 23 89
50 51 47
16 77 55
31 17 8
52 56 10
25 72 23
43 64 22
44 59 51
63 1 93
63 71 9
76 15 34
99 38 44
71 29 72
98 47 55
7 31 43
9 84 78
31 88 91
18 46 97
78 33 99
60 32 100
91 89 84
17 90 93
43 60 48
36 22 66
0 30 78
16 12 80
80 92 76
73 93 27
86 14 51
92 15 51
41 73 83
73 40 8
83 98 39
4 11 91
32 33 95
64 79 1
0 65 84
58 1 94
86 99 65
70 11 32
27 17 29
73 36 92
47 49 60
60 76 28
47 84 55
43 9 69
45 1 78
80 99 60
96 19 4
25 87 84
85 73 38
55 5 24
8 87 93
9 98 17
77 25 17
53 50 64
24 70 55
6 43 40
7 34 78
5 57 77
53 69 14
59 38 31
52 0 73
82 60 90
58 76 82
62 8 90
54 24 1
82 99 60
73 78 57
40 60 22
87 68 58
49 66 74
14 64 18
75 15 8
62 33 29
62 4 67
64 49 58
63 96 16
12 81 82
30 96 9
92 21 76
42 74 91
89 58 77
94 11 81
73 26 43
43 63 53
57 22 29
97 36 45
97 83 62
14 82 35
21 59 78
3 79 10
62 28 5
87 8 41
71 39 79
96 29 94
49 67 18
49 37 56
54 74 55
9 57 69
20 67 71
9 36 89
36 56 13
32 37 4
31 6 6
76 26 66
86 27 75
15 12 19
61 73 16
22 12 53
70 30 52
36 4 31
5 76 91
37 24 6
75 56 86
96 1 84
21 92 26
55 91 81
94 31 54
67 39 24
67 37 63
19 31 23
38 1 64
43 25 40
42 84 40
84 21 95
78 85 80
17 15 12
99 70 44
88 54 17
71 27 99
29 82 27
16 55 49
79 11 70
36 7 15
40 76 76
32 20 90
36 68 61
94 75 88
53 6 72
66 32 83
32 33 91
21 80 27
6 46 92
60 21 97
3 96 23
30 70 18
57 78 83
52 14 45
16 15 66
60 73 96
0 4 39
5 17 38
6 97 13
53 2 44
57 73 2
91 41 38
65 53 40
77 54 68
51 57 79
66 45 18
39 11 80
89 58 54
58 72 62
65 12 65
12 23 33
23 71 46
5 26 33
43 20 71
16 61 87
11 45 65
91 44 85
83 65 71
52 10 14
71 4 39
63 3 17
73 29 51
19 94 64
64 90 69
54 88 10
58 71 49
56 78 2
35 0 21
83 38 81
56 69 18
54 97 76
19 59 61
94 93 41
0 6 56
84 31 52
72 27 95
18 11 49
36 77 93
35 89 90
22 21 7
76 16 34
28 31 63
85 45 42
65 34 81
54 71 14
33 44 71
76 18 61
65 37 22
73 68 98
13 30 81
68 41 22
70 77 41
56 82 46
44 23 35
58 62 33
57 18 3
41 50 28
20 53 53
82 42 51
3 39 99
90 58 25
44 35 33
8 17 82
75 48 92
52 47 3
98 12 97
35 61 27
99 7 18
52 18 53
26 20 73
15 30 86
47 86 89
40 10 12
4 15 52
14 81 53
98 28 49
85 56 37
86 51 31
27 37 38
18 2 26
59 1 76
7 36 97
34 44 95
84 23 68
13 36 75
52 11 38
31 16 72
14 80 15
76 87 89
81 61 58
25 21 8
68 34 93
47 67 49
21 78 98
23 95 24
57 21 97
1 41 56
23 50 30
40 80 5
6 7 4
91 98 94
67 20 35
52 41 17
95 71 31
96 51 96
37 62 76
63 22 63
94 32 60
31 21 56
10 61 16
73 17 80
57 78 95
33 58 70
13 46 66
79 92 17
56 35 60
13 9 68
78 49 48
74 41 31
42 6 98
13 89 13
61 30 23
35 4 61
90 97 11
30 46 35
6 58 69
71 55 86
91 18 44
4 98 55
1 62 34
53 27 95
61 34 9
35 54 81
17 55 45
5 83 11
91 66 22
78 9 5
63 13 34
60 78 54
81 70 13
67 5 100
44 58 32
42 51 12
12 59 67
76 61 5
20 82 84
80 60 25
25 36 94
61 60 89
78 26 86
8 0 66
34 5 48
46 15 21
16 9 65
90 85 94
50 61 93
51 79 5
95 89 82
63 22 51
67 44 34
29 35 60
41 85 60
53 26 57
85 97 27
7 2 79
19 27 92
46 87 43
44 77 10
77 58 48
63 10 54
71 95 76
91 99 56
53 48 30
10 32 24
97 25 96
70 54 43
85 55 76
68 55 100
34 16 54
19 63 70
89 57 37
12 37 17
18 82 27
49 80 71
13 72 52
74 23 16
69 22 58
66 12 50
37 79 60
34 16 65
97 91 42
84 2 9
80 67 87
86 84 51
69 46 65
11 25 91
92 57 40
79 68 37
97 82 74
77 17 90
60 90 61
73 69 82
86 39 21
34 13 77
44 14 54
66 60 37
18 88 61
3 86 62
17 82 7
98 13 6
64 98 4
11 15 61
21 26 80
9 61 76
89 67 50
54 71 26
43 31 94
52 17 15
11 4 67
75 15 18
24 18 40
33 65 82
64 11 62
76 42 98
78 21 37
59 19 11
12 5 72
44 96 16
90 18 45
4 37 8
64 28 92
21 55 23
76 39 87
59 46 15
50 13 49
36 85 10
35 85 61
40 89 56
6 32 21
54 57 81
15 6 78
26 32 79
99 21 75
37 63 88
34 0 48
75 8 48
60 20 85
26 76 82
37 51 37
77 7 62
46 52 57
27 67 30
40 16 23
48 59 53
15 49 90
88 1 44
81 28 18
78 11 83
79 22 66
50 42 53
81 29 29
96 53 5
12 5 17
37 5 59
21 73 49
51 26 78
65 39 85
71 99 70
69 41 79
6 27 22
63 61 44
24 39 95
46 93 97
17 18 68
57 44 49
7 77 41
87 63 25
1 91 48
14 86 24
59 13 36
71 19 39
57 34 80
47 39 43
94 52 17
69 17 81
34 42 23
55 75 90
56 67 16
20 86 68
84 5 4
28 37 14
20 23 88
90 65 53
99 49 97
79 50 55
60 28 24
93 18 10
37 75 62
64 5 91
39 50 88
86 45 96
82 69 61
35 55 59
23 50 99
47 9 95
99 36 68
39 56 93
43 0 45
91 48 57
77 89 35
1 27 52
11 50 78
12 67 6
53 7 86
73 83 69
38 72 93
65 23 72
85 71 86
91 35 83
89 10 86
65 83 64
85 80 59
13 37 93
25 14 15
69 90 98
64 92 21
93 64 19
80 5 22
86 44 67
71 79 8
84 71 72
94 85 73
76 8 60
91 6 50
97 7 63
86 79 21
93 66 92
98 73 58
78 70 97
90 58 88
95 61 10
89 71 2
77 72 18
74 47 85
30 66 63
46 22 8
61 22 4
2 17 72
38 71 39
33 25 15
70 22 21
28 43 6
54 46 79
7 84 21
44 75 78
70 50 63
62 66 22
80 64 78
7 34 41
67 74 86
63 90 55
39 19 12
75 58 44
21 89 99
54 82 21
77 44 37
20 78 98
81 9 78
66 32 93
43 93 99
5 31 76
39 87 36
64 15 5
22 85 22
85 23 18
69 12 46
81 84 92
99 18 68
97 3 24
97 21 7
29 49 74
43 84 77
22 81 81
80 39 48
27 15 53
65 43 53
46 17 33
50 80 46
23 20 81
73 56 53
81 58 11
76 21 21
42 17 8
41 20 83
44 66 55
54 94 80
25 12 90
0 33 20
58 87 98
16 63 60
17 31 3
50 54 93
21 58 33
46 39 59
86 49 90
87 86 31
92 47 64
35 11 96
89 70 14
56 92 43
96 84 47
93 49 7
27 82 7
54 95 37
86 16 88
60 56 7
96 11 42
13 9 56
87 24 24
31 73 78
80 84 46
58 38 96
86 16 51
97 75 39
26 13 12
44 31 57
23 15 12
53 98 35
42 73 59
80 12 64
73 69 6
92 49 21
13 79 77
1 88 24
35 79 10
52 71 22
82 17 77
23 12 94
11 86 29
65 70 97
51 81 55
65 55 64
36 37 45
28 36 81
95 6 77
18 69 99
34 53 64
95 11 69
42 30 20
52 90 99
25 10 66
13 91 1
5 60 91
15 10 64
22 71 89
96 73 42
53 73 64
45 44 39
26 75 70
97 15 65
47 42 58
91 97 60
21 27 14
21 64 46
12 9 19
38 7 86
31 94 23
68 99 60
83 69 15
9 50 86
95 28 34
23 88 97
83 60 45
62 46 77
52 63 50
87 63 51
39 55 57
51 79 72
94 55 75
37 32 45
44 18 80
97 22 55
93 23 69
75 76 92
27 78 13
97 81 69
21 66 55
72 66 11
8 7 32
68 79 87
15 1 45
16 74 30
79 31 89
26 95 97
28 65 30
35 43 92
77 49 43
83 91 98
32 21 99
83 11 24
43 96 80
53 5 65
12 48 37
53 46 4
44 35 69
46 60 91
5 57 69
37 24 18
53 86 6
90 76 72
78 87 64
34 76 83
59 68 76
37 81 42
29 40 1
45 46 11
65 85 63
83 23 24
64 3 71
55 32 96
83 47 54
69 94 11
62 27 79
25 37 67
91 99 61
98 13 13
90 62 43
6 61 38
46 45 2
44 55 83
38 90 81
27 64 27
82 37 52
84 26 63
15 35 44
31 94 20
40 63 15
39 90 91
35 95 88
28 48 34
32 40 75
77 29 58
25 46 31
50 51 16
39 16 5
32 97 26
76 14 89
6 13 63
60 72 86
83 48 34
76 67 5
67 46 58
50 71 44
52 92 17
24 59 38
97 12 13
24 61 10
56 19 59
88 50 83
10 39 1
24 55 69
83 3 82
20 77 5
78 11 91
