53 96 19
75 98 34
60 54 6
13 21 7
81 23 45
67 3 52
4 92 30
38 66 3
26 12 51
85 41 30
4 18 33
50 51 38
89 72 28
76 72 36
57 70 75
26 36 48
55 30 33
9 47 30
96 61 35
59 37 17
10 66 35
33 90 57
4 12 75
25 18 64
90 3 35
98 9 5
15 92 54
39 4 63
20 24 32
56 33 27
64 71 42
42 1 16
98 54 12
44 7 58
31 96 51
59 55 80
75 30 60
20 92 28
24 50 43
34 75 8
75 76 52
72 11 36
46 68 27
65 55 17
59 47 20
57 3 86
69 38 93
95 98 18
34 38 26
7 9 85
88 96 10
43 13 10
22 85 10
38 98 46
52 44 99
82 86 25
94 21 1
98 29 35
54 16 63
24 57 96
48 98 67
68 25 50
11 78 87
19 66 68
35 2 41
65 35 92
3 51 74
75 65 9
82 20 6
13 8 18
8 74 41
75 44 80
81 47 61
1 0 66
53 1 40
40 13 15
90 13 81
70 6 36
63 90 96
68 69 36
40 97 33
94 76 64
12 1 21
10 17 53
32 36 35
90 96 100
23 87 14
41 3 84
64 33 44
62 43 60
92 56 39
56 44 42
54 83 61
89 42 69
73 46 7
16 97 55
77 8 50
57 2 11
90 20 44
89 56 44
83 40 16
14 26 7
13 74 61
99 66 37
47 19 69
27 65 49
82 31 7
41 99 7
61 29 100
42 51 52
19 94 87
12 67 83
85 84 94
74 34 83
80 14 52
18 75 85
86 29 45
3 31 40
82 92 85
78 19 86
57 71 36
86 97 27
54 31 83
96 24 96
41 37 64
91 78 17
1 4 41
10 41 20
4 34 46
51 45 61
50 41 88
17 60 32
88 63 50
3 21 24
77 71 42
63 79 28
93 39 36
7 88 52
59 30 84
45 33 86
87 64 46
83 38 92
93 67 52
31 20 15
1 92 15
38 21 85
57 43 7
4 21 27
34 84 72
99 0 34
64 11 37
29 98 65
48 75 66
49 85 99
63 85 16
38 35 43
22 14 45
64 96 32
22 12 15
14 69 27
21 47 73
63 81 41
58 8 14
17 83 34
49 84 27
71 18 10
49 7 54
50 80 24
44 76 44
8 58 22
59 70 67
51 60 40
32 99 10
66 84 77
76 36 40
71 86 87
52 74 36
31 24 42
99 78 88
76 29 52
72 68 90
74 71 52
82 72 70
19 81 48
48 67 78
46 62 28
36 1 2
25 90 48
29 14 54
9 90 29
14 40 61
7 16 49
73 51 12
83 38 44
38 69 35
84 74 71
24 77 37
2 28 20
34 54 91
62 63 49
36 71 21
57 78 67
14 90 91
51 10 37
69 20 46
25 93 23
30 85 28
1 98 36
34 67 95
73 25 94
11 42 74
41 80 59
89 8 42
90 53 57
33 34 93
82 13 77
54 97 47
70 33 40
2 62 39
53 64 9
60 99 8
17 50 7
61 76 8
54 91 55
4 16 91
42 29 90
34 48 81
78 14 7
79 70 97
69 96 27
5 90 25
20 34 45
38 99 25
11 95 21
66 88 12
26 49 32
41 96 17
15 83 40
73 36 98
76 49 16
41 77 37
43 53 28
76 59 55
11 85 35
24 54 58
86 18 44
7 34 9
81 31 76
40 39 89
65 47 16
47 75 26
94 3 33
80 5 23
82 17 99
59 1 53
67 29 23
67 13 89
18 90 3
91 58 11
23 40 90
44 48 40
82 89 95
5 98 39
30 93 52
89 63 62
77 32 69
63 27 40
4 87 64
29 78 67
45 61 39
62 30 12
90 91 12
83 1 55
6 10 49
21 71 86
74 44 94
31 20 69
13 10 12
71 10 45
25 19 57
7 34 77
83 40 40
5 83 73
92 59 93
73 68 79
8 84 88
9 46 24
35 37 85
67 0 38
33 19 94
1 24 14
77 94 14
67 4 39
17 50 85
33 38 84
95 27 1
41 61 9
11 51 88
79 14 87
43 7 54
0 96 10
29 82 87
15 61 34
84 17 10
68 6 76
6 60 99
47 20 49
99 89 48
71 56 58
30 1 92
0 54 88
89 83 9
23 58 89
66 56 28
35 12 72
12 55 13
72 81 100
35 92 91
92 3 24
37 11 66
1 4 72
68 42 40
65 56 61
61 42 91
74 40 76
89 39 63
31 42 16
76 25 26
30 1 49
51 75 29
90 33 6
3 53 44
62 0 42
10 36 71
27 31 87
5 90 37
99 19 97
90 94 32
48 63 15
69 23 60
36 52 94
9 3 73
75 2 29
47 99 93
96 33 97
54 92 86
35 2 41
88 58 55
60 35 94
59 43 58
32 62 26
9 5 34
64 70 88
22 91 81
30 0 53
67 37 8
36 64 79
10 98 10
22 80 57
66 79 8
38 62 47
2 85 80
25 21 36
65 94 20
59 42 47
81 23 45
78 94 79
10 4 85
40 25 27
12 52 78
67 95 23
23 66 22
82 78 55
54 49 24
12 52 69
47 48 25
62 59 28
2 39 48
84 35 45
38 12 45
33 83 78
29 45 58
36 35 27
22 19 15
5 84 24
86 35 69
61 29 4
13 58 12
63 31 51
99 84 71
42 16 63
47 72 12
29 2 78
71 12 26
30 29 13
2 78 20
43 49 32
25 24 90
27 22 49
4 47 98
39 31 36
8 45 86
46 18 28
61 58 30
37 78 73
95 91 59
82 14 58
3 29 61
76 82 50
16 55 20
7 39 68
67 80 40
3 45 22
2 91 88
20 68 69
84 56 15
68 91 5
79 61 52
42 17 86
74 19 18
85 89 46
57 67 79
16 99 74
73 38 27
57 97 18
16 46 7
76 55 78
40 31 67
57 44 80
53 81 32
6 58 78
97 19 35
61 71 60
66 14 69
93 23 73
86 67 63
1 37 55
6 44 4
99 35 21
46 64 72
57 38 48
93 12 20
6 47 36
15 29 31
74 10 2
92 18 65
29 68 81
48 91 78
11 34 37
90 31 82
85 20 26
71 11 12
37 15 87
71 90 99
42 29 39
96 87 50
98 45 24
7 44 92
62 95 29
98 62 72
88 98 14
80 10 71
81 40 85
42 54 23
78 36 100
69 13 38
26 31 52
30 83 93
78 64 31
84 14 19
63 98 61
97 58 50
59 25 54
26 3 20
66 55 42
74 21 20
13 23 7
79 27 77
25 17 71
61 2 96
44 34 69
86 67 1
66 25 30
11 0 3
78 32 5
29 52 18
84 9 41
38 93 65
84 51 80
66 78 77
44 1 19
52 55 12
36 7 38
53 1 72
22 57 77
74 26 97
6 43 97
39 87 55
81 3 1
62 26 88
42 94 17
30 65 12
40 82 7
22 91 58
15 9 73
74 60 54
0 56 40
88 96 21
73 32 2
56 40 66
83 1 11
47 97 34
33 3 80
14 69 33
95 36 87
10 4 51
22 61 67
49 71 13
36 24 99
28 14 84
56 88 85
27 51 63
75 12 94
49 25 72
78 23 6
44 0 38
3 39 59
97 22 67
5 91 4
71 55 75
36 56 37
87 98 7
64 56 12
38 10 72
92 74 60
0 10 36
19 85 15
52 1 99
79 41 43
2 83 63
39 25 35
67 4 27
86 29 70
72 41 59
85 7 98
50 18 19
70 87 25
20 95 67
98 87 24
64 94 53
75 5 71
53 24 9
31 2 79
48 7 29
20 33 97
59 1 57
3 59 81
42 78 83
56 0 54
33 34 25
45 13 80
31 24 5
63 27 75
50 36 57
5 54 54
84 3 42
30 71 97
27 97 2
7 1 48
95 11 65
93 26 40
73 95 93
30 80 15
35 9 31
63 32 60
78 47 90
16 48 99
92 23 41
0 76 74
2 34 58
10 95 37
84 51 17
23 81 12
50 94 83
88 2 27
81 33 72
73 21 2
91 85 40
28 90 60
5 22 89
61 68 36
70 39 43
82 19 50
59 5 48
62 58 31
31 18 17
23 36 81
67 34 92
29 84 92
82 18 24
40 36 61
41 28 28
59 88 52
87 4 92
6 8 61
36 70 10
51 67 33
15 70 11
13 76 26
67 59 50
8 11 53
56 17 72
73 16 4
97 52 52
75 86 30
86 36 56
51 11 70
94 47 8
46 89 21
16 63 56
62 2 60
96 34 68
77 92 8
29 25 5
60 95 38
24 49 81
14 64 73
11 63 79
61 25 67
22 45 71
79 0 49
54 65 32
62 52 24
47 94 46
40 50 8
35 7 38
67 22 91
58 48 61
62 90 95
73 37 44
95 93 73
95 15 42
16 12 74
9 71 94
22 29 32
43 37 68
52 14 88
70 88 88
93 14 50
42 41 75
14 61 19
71 86 20
93 34 39
11 13 98
98 73 75
80 20 44
18 44 21
18 72 38
32 76 16
44 96 91
55 56 28
80 99 8
74 92 87
21 49 53
60 32 100
83 50 32
13 90 3
24 84 18
11 6 15
1 68 93
76 63 28
56 50 36
0 72 96
82 16 72
43 38 6
42 90 96
60 53 44
3 46 49
51 76 68
22 78 87
73 45 33
56 30 87
44 11 8
88 77 35
21 4 46
34 60 28
92 86 66
83 59 68
25 48 95
37 74 9
59 11 88
87 53 22
0 37 74
8 31 3
81 27 66
15 71 41
93 71 98
19 4 37
3 2 4
33 92 51
66 70 79
71 33 67
30 15 9
41 17 7
39 82 75
53 5 57
25 64 29
42 24 19
99 89 85
56 60 30
38 67 16
76 96 24
91 54 17
60 68 97
4 65 51
88 37 61
97 41 59
65 70 89
9 15 60
73 34 38
20 38 76
30 58 72
67 15 54
67 49 71
37 75 63
76 21 92
57 85 34
87 96 69
38 37 77
83 64 66
36 20 16
34 31 50
59 54 17
6 67 10
52 53 83
52 27 1
41 73 52
31 8 37
42 49 96
25 58 34
29 96 99
38 58 92
56 14 23
11 18 74
44 82 13
29 27 20
57 99 70
46 43 16
72 35 69
75 48 28
5 83 93
1 47 4
31 58 50
18 43 89
45 60 13
2 26 68
7 25 4
46 3 75
91 77 12
53 37 55
70 90 77
90 94 7
83 4 48
12 14 53
60 95 17
63 25 18
46 63 22
7 58 94
3 20 86
4 19 59
7 2 20
43 1 54
68 53 54
28 96 11
90 23 34
40 35 47
35 29 98
54 73 60
69 70 66
95 48 35
35 39 4
68 95 83
88 21 19
92 42 24
0 24 14
1 44 92
17 99 42
97 16 66
42 25 90
9 71 26
47 73 89
37 25 91
88 85 50
55 8 43
69 49 17
0 39 99
35 59 73
71 38 66
44 36 17
66 28 57
57 7 29
77 41 10
76 57 94
13 46 33
1 9 92
34 21 55
4 45 55
49 79 25
43 53 84
8 58 73
97 12 78
78 33 5
98 18 70
54 44 20
48 64 8
42 43 39
56 23 75
45 94 8
95 14 6
90 57 34
66 78 87
18 34 66
73 91 6
72 6 2
55 91 9
82 75 24
83 23 80
10 77 93
25 66 75
83 91 90
72 52 2
33 2 61
32 58 86
0 82 94
62 49 95
14 99 27
42 62 5
14 39 84
38 33 31
58 70 38
44 28 22
34 89 30
32 39 91
5 40 10
5 52 13
83 6 51
62 15 97
48 17 92
14 94 56
75 56 23
84 16 46
82 43 92
74 10 98
84 35 58
5 17 15
26 61 88
98 54 41
85 40 70
89 77 49
83 81 20
25 98 35
83 15 87
30 39 9
16 19 28
4 20 69
74 8 35
38 34 36
71 26 12
48 30 63
17 98 75
87 65 98
7 17 48
65 21 12
17 58 81
67 59 32
99 79 39
32 59 90
47 79 82
63 91 67
69 23 6
23 38 3
81 78 48
90 47 1
3 22 36
65 76 83
96 39 70
99 2 7
83 48 12
37 92 89
79 95 77
84 73 96
63 74 75
42 24 88
71 10 44
94 87 54
50 78 43
72 83 23
83 50 55
13 1 42
23 81 26
55 46 10
51 62 56
66 34 67
16 70 89
13 22 53
22 10 94
80 70 92
89 60 92
32 2 11
78 3 3
89 3 26
27 90 59
61 0 23
12 30 54
98 57 73
19 11 1
87 57 42
80 86 63
48 15 32
12 5 29
16 83 97
2 35 16
83 15 68
42 87 24
74 66 7
59 64 77
4 21 82
6 95 96
24 31 12
75 36 30
20 78 48
60 31 19
51 6 89
88 16 40
69 4 74
31 88 62
47 66 63
13 56 10
20 31 59
20 12 91
67 16 23
66 4 67
78 87 39
9 33 38
25 77 20
72 25 34
86 75 44
76 42 53
24 76 64
45 58 81
48 34 64
57 38 61
40 16 97
25 12 31
10 73 86
0 61 90
92 22 99
34 44 61
44 2 98
29 27 73
23 56 36
90 18 13
38 64 15
11 26 72
56 15 72
64 4 35
33 48 71
56 79 38
72 71 59
35 54 20
82 20 10
24 32 86
6 57 34
11 66 68
43 87 100
75 52 64
62 81 17
45 61 19
1 73 74
73 3 35
96 74 83
18 76 56
19 45 17
81 7 69
73 47 24
80 29 35
33 41 21
85 40 85
99 80 48
13 6 58
45 97 36
50 93 26
17 38 62
16 48 71
43 68 86
8 92 70
42 16 67
58 61 81
25 61 71
82 75 82
71 68 61
66 43 8
98 34 44
89 53 56
25 98 68
34 92 99
35 63 27
42 32 84
53 64 95
27 99 69
16 90 74
57 29 52
79 90 53
88 59 88
32 43 2
4 98 28
62 44 96
19 4 23
25 35 10
97 80 1
49 35 19
7 35 14
60 94 74
33 65 88
51 53 55
18 24 33
90 61 68
25 23 98
14 18 48
79 17 36
30 39 26
9 37 98
64 16 48
78 84 25
93 35 87
25 21 7
97 19 56
83 0 61
81 65 44
82 73 18
9 35 5
60 1 84
56 50 7
65 26 5
53 91 37
4 29 89
65 94 70
83 55 43
42 52 76
17 85 28
0 69 22
5 35 75
30 51 87
41 77 14
19 32 71
9 86 99
68 33 69
5 66 65
43 21 95
96 70 88
31 88 82
89 10 75
96 88 83
72 89 65
78 80 74
63 47 70
14 29 85
86 14 63
39 86 45
29 70 97
24 80 32
70 37 77
18 2 20
84 25 67
52 90 64
57 32 27
38 97 45
16 2 41
19 77 59
80 92 90
1 24 30
61 71 95
58 56 28
53 19 100
81 30 52
94 21 49
61 62 3
9 57 47
10 73 80
50 51 96
72 19 8
14 95 38
57 43 25
62 35 21
52 56 86
61 77 99
11 51 1
63 80 46
80 97 8
89 10 67
79 30 61
69 7 69
80 52 28
82 2 24
28 18 93
25 86 36
92 71 69
57 66 44
48 18 8
15 30 81
44 80 71
55 1 32
57 78 32
80 58 41
35 91 45
81 53 78
82 76 27
87 26 21
46 39 4
18 1 29
57 90 78
52 11 27
17 73 14
3 34 21
80 95 12
58 84 99
66 26 34
22 78 73
77 65 81
52 65 90
7 47 56
86 32 56
73 92 43
58 89 38
79 44 69
71 57 31
76 99 65
63 42 2
69 22 23
4 59 32
64 10 10
59 63 90
73 36 56
17 61 27
87 22 49
63 54 60
80 29 90
37 14 98
34 6 100
25 35 18
95 39 98
22 19 87
1 7 46
95 62 92
84 8 54
96 21 10
77 24 71
71 13 45
85 86 26
4 52 9
22 68 54
88 43 26
9 6 62
89 87 73
89 63 17
10 89 59
73 22 27
97 17 35
10 81 77
72 14 17
56 29 19
89 64 36
60 62 72
52 75 82
60 67 23
28 0 63
53 91 1
83 4 100
34 13 8
14 27 99
10 38 8
22 23 10
9 91 22
41 49 49
39 80 76
77 46 52
90 17 41
89 39 56
72 33 26
51 16 37
35 25 70
53 17 20
41 6 96
32 73 8
30 38 35
79 85 82
72 55 10
6 23 88
29 50 99
24 82 26
93 8 24
87 66 30
5 90 41
45 46 100
17 52 65
33 35 9
45 28 11
98 64 56
44 29 68
89 73 20
69 58 27
40 48 27
90 44 30
41 73 83
91 38 2
67 49 91
29 17 20
28 73 45
9 50 13
11 48 24
18 39 83
28 71 3
57 38 6
3 99 54
6 86 10
59 48 94
46 61 63
64 56 8
88 94 67
68 56 54
60 80 26
40 37 98
37 76 3
37 46 97
93 18 86
35 25 67
11 49 89
66 10 92
75 45 57
7 29 54
55 42 57
96 42 66
9 6 56
76 40 86
86 91 90
4 45 100
66 61 71
71 41 49
51 96 61
80 89 85
92 16 70
8 75 85
64 22 37
27 37 21
90 33 29
91 8 91
90 72 61
66 40 86
18 97 95
57 12 23
55 73 17
67 18 71
6 79 52
4 48 25
91 14 26
38 62 70
86 22 45
36 56 73
79 64 56
47 96 86
70 58 26
1 45 81
62 68 37
29 5 64
63 45 62
41 84 32
62 0 76
18 15 18
33 3 17
47 75 11
12 47 32
56 3 37
75 88 43
6 50 68
20 38 76
1 15 57
55 68 97
53 55 32
68 33 21
64 66 77
12 72 27
17 94 50
47 63 83
10 8 1
66 8 49
5 49 30
42 1 84
33 73 57
58 36 19
70 16 99
11 3 50
71 34 23
88 80 60
42 86 17
26 67 64
0 91 6
37 57 62
63 43 63
41 3 8
22 37 19
73 21 40
61 45 54
72 45 9
1 91 81
78 8 52
17 46 36
39 2 40
80 31 99
8 84 33
49 16 35
33 72 21
38 35 98
50 88 42
64 54 29
61 34 49
95 87 16
69 18 65
71 23 13
38 9 10
26 77 41
60 86 27
35 4 5
19 52 83
36 71 91
79 78 32
87 54 2
27 61 21
4 92 70
9 83 19
38 86 86
37 68 95
94 60 70
74 95 60
98 26 68
44 99 59
2 85 97
50 42 14
11 82 82
65 83 54
62 57 65
72 11 12
34 55 93
68 69 30
67 74 67
99 11 4
63 11 22
97 12 11
45 78 71
11 78 28
10 86 85
84 99 67
22 32 79
68 90 49
74 14 10
45 80 100
45 12 23
83 61 78
28 15 52
59 44 13
61 55 62
26 99 97
7 73 59
56 99 52
17 22 47
68 4 41
53 43 86
63 51 39
52 9 96
73 32 52
54 64 69
33 5 24
73 56 77
20 21 24
22 21 42
41 48 84
28 82 62
19 75 77
84 67 66
75 22 5
16 74 94
75 79 74
86 91 8
40 42 93
29 36 91
14 42 14
92 64 99
84 75 55
30 40 17
50 69 66
81 20 63
76 79 91
52 18 64
8 29 65
25 96 34
16 91 66
3 46 71
42 16 91
68 18 81
74 11 32
26 75 56
49 4 11
77 81 26
65 52 20
19 80 30
84 37 99
87 72 94
61 54 90
24 3 84
18 51 50
54 55 59
46 0 35
28 94 61
30 74 91
22 4 89
32 38 82
18 63 48
86 40 57
68 98 79
96 77 42
15 35 48
62 93 83
85 5 92
38 18 16
73 8 41
91 77 70
80 82 64
47 62 3
40 49 73
49 44 9
17 5 35
36 7 92
81 99 99
17 56 10
33 72 33
96 35 37
58 66 48
39 72 66
53 90 33
35 54 45
32 4 69
24 94 59
46 2 17
92 34 82
21 22 44
4 70 26
99 3 16
55 15 6
86 26 92
0 90 95
94 45 78
40 17 4
4 94 65
99 1 47
97 62 73
0 66 88
71 24 8
11 60 86
55 11 55
38 74 37
78 80 57
12 88 94
94 80 98
65 15 66
17 96 10
70 20 73
66 32 58
84 26 5
57 75 35
37 84 91
82 15 16
64 68 5
51 88 86
98 90 47
18 46 89
35 40 24
83 7 33
32 16 34
23 32 63
66 29 89
61 96 2
6 62 95
5 69 3
96 88 30
37 57 56
14 56 50
92 74 23
18 6 52
76 63 86
4 68 15
49 18 22
59 43 32
42 54 29
39 20 85
63 39 51
19 82 66
16 59 58
53 60 77
3 65 38
21 49 68
1 68 54
1 31 29
96 92 79
77 36 40
86 58 63
18 1 93
44 85 78
44 67 15
33 71 44
75 21 89
99 75 72
86 25 14
32 39 33
34 60 98
78 91 25
62 81 44
18 69 97
60 19 42
49 57 54
74 59 73
78 63 37
14 41 78
90 32 69
15 38 74
16 19 10
34 9 47
39 53 91
88 26 10
25 61 29
36 85 79
36 37 72
82 65 4
46 47 29
86 77 85
72 92 28
69 79 84
34 10 13
27 47 29
21 97 87
94 70 61
65 76 94
67 14 97
21 71 70
80 63 25
89 81 66
86 91 27
47 83 1
24 23 49
26 90 29
65 31 19
44 50 96
95 84 96
98 4 83
35 44 92
68 16 47
12 86 39
12 24 39
6 16 6
29 8 55
21 75 75
45 76 38
24 93 24
13 7 14
82 65 30
21 73 79
62 76 85
20 75 8
96 71 53
97 54 13
60 4 71
98 57 84
48 32 50
10 96 8
49 31 50
86 72 82
46 38 85
2 9 6
5 20 52
23 55 74
68 67 76
81 52 1
37 7 32
3 5 44
59 14 37
5 96 24
3 79 23
71 64 27
11 79 57
13 83 82
93 30 29
76 80 73
82 77 39
55 33 31
9 55 69
97 66 15
75 54 68
60 24 67
11 18 79
72 73 18
62 50 19
93 63 58
3 93 46
82 52 90
79 1 1
22 51 33
29 68 3
50 39 3
61 66 54
59 66 15
15 97 6
61 0 3
80 21 14
92 45 96
31 58 60
48 54 54
95 76 95
29 94 35
3 0 17
80 66 18
96 39 56
51 15 40
78 77 68
87 9 39
65 51 4
69 67 8
16 3 37
77 74 99
73 96 89
50 78 89
45 31 43
77 28 31
57 91 85
45 20 46
75 34 43
55 12 17
49 14 98
24 88 63
27 71 34
7 73 14
75 21 13
79 54 27
99 30 60
2 45 4
91 2 85
48 70 86
13 7 58
78 32 17
48 94 88
69 99 76
63 51 44
54 43 76
33 66 4
44 20 44
51 97 31
36 52 39
68 28 86
45 85 59
92 47 87
15 64 90
55 5 64
45 3 67
72 49 90
36 46 10
72 52 46
72 16 78
95 61 60
35 16 74
0 78 100
83 45 18
76 77 54
99 18 75
40 70 83
13 88 35
2 1 47
89 37 15
46 57 5
73 4 53
46 68 88
57 69 2
4 62 17
25 16 71
94 17 52
72 52 38
57 39 49
58 95 47
30 78 40
72 15 22
34 73 91
35 50 52
11 1 1
93 91 3
24 29 11
31 32 70
19 3 81
0 86 63
35 80 66
68 83 38
81 94 60
55 97 9
46 21 24
90 80 86
11 10 34
89 18 41
98 81 12
62 20 84
74 73 98
25 26 69
6 8 58
72 39 39
31 29 26
66 39 66
5 24 67
19 3 34
98 60 15
80 76 51
23 47 29
8 13 74
33 34 97
18 7 91
35 34 37
53 64 43
39 38 23
12 37 45
78 10 8
18 83 3
2 27 53
93 14 80
49 94 90
67 25 75
19 81 83
15 35 77
68 18 70
56 16 63
0 93 35
95 60 88
41 7 41
69 31 97
26 78 15
87 79 91
1 61 99
49 81 6
18 99 4
69 71 57
99 18 56
62 75 41
62 30 12
64 44 13
21 59 37
98 84 20
66 36 59
87 89 29
8 35 13
54 36 18
25 18 18
61 56 2
74 11 29
99 22 16
21 87 16
73 66 10
64 97 74
94 69 27
98 59 12
61 2 87
17 93 2
65 51 42
8 0 78
37 71 64
68 87 41
66 33 89
78 80 30
11 39 60
84 91 16
12 45 90
97 60 62
77 37 75
69 99 81
90 27 89
47 72 59
38 87 68
38 73 7
17 2 19
31 47 13
58 0 82
91 8 86
73 4 61
74 98 80
33 61 82
86 90 3
99 24 15
52 85 81
34 97 10
77 71 68
22 82 2
73 84 24
38 29 30
74 72 48
80 20 88
0 64 98
43 66 90
95 83 40
16 7 83
77 30 52
17 3 11
4 1 88
66 47 45
21 84 59
5 63 91
37 99 25
8 6 80
62 3 50
88 29 21
82 77 54
61 73 95
70 93 57
57 43 89
36 28 21
93 89 96
89 87 65
67 76 20
16 66 20
4 65 76
28 94 19
27 97 34
53 54 13
30 89 53
4 40 84
35 59 98
27 89 81
52 10 93
1 3 22
94 38 54
73 45 40
53 5 76
57 31 32
90 13 34
71 99 47
7 90 72
61 16 58
85 62 89
33 55 79
27 80 77
15 43 52
36 49 3
21 26 34
99 23 69
19 47 78
93 41 14
28 23 47
39 50 41
89 97 73
66 15 56
2 56 49
14 30 98
95 40 76
88 20 2
49 37 57
7 0 68
81 38 90
47 7 46
84 37 47
53 11 3
29 11 8
25 40 99
66 48 56
71 10 85
20 69 19
30 12 34
47 76 50
34 85 11
31 2 29
22 89 70
78 52 68
4 90 37
59 7 1
58 49 37
76 2 68
42 45 26
30 37 76
89 55 49
8 26 72
19 17 80
54 57 22
22 86 22
48 36 77
56 42 90
87 53 91
92 31 82
89 44 99
16 56 86
1 62 36
58 6 64
56 89 66
4 16 7
21 90 46
65 57 7
26 66 41
44 79 80
34 14 65
93 29 26
45 85 22
74 89 3
76 22 98
99 58 73
68 38 61
8 68 2
64 69 23
38 25 82
48 13 86
77 54 7
66 76 61
36 45 46
45 86 47
52 19 3
56 91 89
44 0 27
14 73 27
77 64 76
0 86 30
70 48 34
77 33 70
62 30 64
46 58 62
26 11 51
95 6 2
34 60 11
80 8 36
99 79 46
95 15 10
85 69 22
63 56 99
68 67 70
2 30 1
62 77 19
96 23 6
34 47 85
84 86 30
58 14 4
55 62 33
80 63 10
37 27 99
92 30 74
95 3 99
40 91 55
3 90 53
83 40 99
60 99 61
39 34 58
80 37 99
48 81 9
22 26 22
95 57 55
80 62 71
12 10 10
27 28 25
58 27 36
65 55 23
85 52 9
95 64 17
15 84 40
35 5 23
41 96 55
32 81 57
54 59 63
32 51 81
72 93 79
54 34 33
5 38 96
37 79 46
43 76 5
9 15 28
37 4 82
39 96 52
35 58 49
67 75 67
99 14 97
45 10 49
0 52 84
72 33 34
11 31 96
97 38 90
39 44 23
72 30 55
84 5 3
10 78 70
10 37 44
36 66 85
18 38 46
94 86 53
14 78 16
42 11 63
25 31 69
22 54 10
13 40 35
48 43 58
15 33 1
20 43 69
55 18 35
39 98 71
25 78 61
63 9 90
39 61 91
53 78 90
16 99 18
94 55 11
6 93 20
24 44 33
70 36 4
39 22 16
10 51 46
42 21 81
0 68 24
99 48 74
13 30 84
19 30 77
14 84 63
92 38 30
54 33 10
66 57 64
39 91 94
70 53 49
6 30 65
48 44 12
68 77 2
67 69 45
52 85 65
86 24 74
44 97 55
86 51 69
67 27 52
47 48 76
46 95 80
79 97 21
45 19 27
71 37 63
5 2 73
74 37 69
93 40 21
31 77 81
1 31 24
18 3 10
21 25 88
65 3 98
99 29 7
40 85 73
38 61 8
6 33 96
16 34 3
81 96 100
74 27 51
7 18 33
84 83 99
77 57 21
31 67 51
78 92 2
70 56 17
90 98 1
51 23 15
80 42 97
23 46 70
50 43 61
56 17 57
77 87 20
35 53 64
97 10 5
65 40 25
55 66 25
48 94 68
59 10 51
40 50 46
75 78 3
52 58 13
25 12 15
23 30 3
5 7 52
59 22 73
62 8 90
90 8 73
42 63 27
89 76 28
82 74 83
10 34 25
17 71 65
69 42 26
27 46 63
31 69 10
0 22 55
17 50 55
16 42 13
69 22 55
13 44 52
94 56 49
32 63 46
86 55 78
26 20 38
14 61 79
31 64 96
65 85 16
97 59 99
78 27 6
76 42 20
87 3 83
85 64 7
38 37 39
84 10 98
17 85 31
90 53 83
52 34 4
67 72 73
41 16 85
59 45 24
28 88 16
46 52 73
95 64 34
35 54 82
38 24 55
19 63 2
24 9 46
85 47 100
54 73 72
76 56 58
3 21 78
62 54 3
13 25 25
67 5 81
61 63 95
86 63 94
94 63 49
59 37 59
38 61 3
98 93 19
60 30 24
32 51 59
44 65 30
7 23 53
53 18 53
47 19 2
28 47 25
34 71 39
17 38 89
22 1 92
44 86 38
59 20 95
44 52 34
84 63 57
20 98 70
94 66 5
52 32 76
73 57 61
62 75 67
50 8 97
87 55 28
96 47 38
66 10 62
47 92 71
47 88 42
14 82 81
64 28 25
94 43 38
99 86 70
8 7 47
71 60 21
73 39 50
42 12 87
69 54 90
89 68 23
54 31 71
52 18 77
93 43 4
49 48 61
24 53 7
53 19 10
78 0 65
65 51 92
68 15 88
3 20 53
52 71 91
69 98 92
94 44 83
14 43 62
85 90 79
52 34 32
52 13 94
27 99 33
3 37 99
59 87 5
77 53 100
67 65 73
81 47 86
79 87 78
7 75 10
70 79 45
6 89 10
44 37 62
59 76 66
24 40 4
61 48 5
8 58 74
77 40 29
76 43 62
95 51 71
78 7 9
32 96 64
8 70 23
47 74 80
89 25 70
93 82 47
9 52 51
63 49 18
25 94 86
64 58 45
8 15 29
44 73 25
42 3 1
82 35 74
53 59 37
0 82 98
62 61 96
82 44 37
18 6 5
4 67 24
61 12 91
37 15 59
42 72 74
87 6 74
24 84 60
43 16 25
93 48 29
46 71 84
83 73 71
84 26 28
34 74 67
56 63 2
66 90 19
37 58 20
57 3 55
61 59 40
18 81 22
14 77 91
5 7 63
49 88 79
31 36 16
49 71 97
15 55 18
24 19 58
43 7 8
43 30 3
93 7 25
86 96 69
6 5 39
19 55 73
89 31 98
58 31 33
75 34 23
69 52 52
74 6 57
50 18 41
41 19 49
53 76 50
58 77 3
22 70 29
96 86 82
71 87 42
64 4 78
29 31 78
33 95 68
93 17 78
8 80 28
69 84 91
65 60 33
98 22 58
60 43 20
27 57 67
90 70 85
1 98 68
30 38 82
34 44 39
23 13 45
60 88 4
93 92 1
62 21 69
90 22 10
82 84 59
70 98 76
6 35 99
79 12 3
92 74 59
45 92 46
8 99 4
80 70 1
57 4 89
9 2 99
89 40 57
80 84 81
96 43 38
18 96 53
73 64 15
5 9 92
18 71 45
44 66 20
58 19 56
98 24 39
54 86 59
81 36 11
91 22 75
13 71 92
73 12 26
28 77 27
28 68 55
2 25 30
72 5 35
4 0 6
77 18 29
70 56 45
36 18 30
98 24 17
64 40 11
55 68 30
60 90 20
82 91 86
49 36 92
41 80 87
26 25 92
17 93 2
5 37 64
57 9 66
37 32 28
32 51 19
22 68 17
63 10 69
76 41 87
17 99 50
70 5 32
7 66 42
12 49 16
93 40 84
92 54 43
36 25 84
16 8 97
89 32 50
64 6 4
5 95 46
25 60 94
25 34 83
59 20 47
0 62 67
5 42 93
39 90 91
86 25 26
81 13 52
20 50 3
56 23 6
60 96 82
97 64 91
99 95 2
66 75 16
80 66 18
89 72 5
74 96 62
75 14 87
41 83 83
57 84 35
60 34 51
46 90 54
93 33 22
37 45 61
22 26 80
40 52 38
53 67 70
27 12 100
12 98 42
61 55 75
70 69 31
80 44 63
32 53 79
0 34 94
17 74 68
85 4 45
42 56 17
1 48 88
21 55 54
34 67 37
98 80 20
95 25 46
58 92 45
99 60 98
9 82 20
68 19 1
87 82 68
89 74 34
66 1 94
50 18 70
78 97 34
17 80 75
1 23 66
54 90 21
59 91 3
60 79 22
46 71 69
50 95 70
23 57 25
19 84 33
52 40 64
43 44 4
14 9 35
10 92 75
81 84 16
78 37 73
71 2 76
14 90 90
46 11 66
30 57 6
9 65 42
90 20 77
44 55 55
32 56 26
79 29 23
26 63 35
65 57 38
47 83 90
74 58 81
0 34 77
86 61 38
21 2 12
51 66 17
1 15 40
91 76 11
30 0 1
60 52 93
15 48 100
21 63 73
80 61 44
17 54 60
98 60 62
4 64 12
69 41 22
71 35 52
72 94 63
56 65 47
10 57 20
4 43 27
78 24 14
29 36 27
85 95 17
10 71 66
64 17 91
11 79 93
98 44 29
38 77 94
24 65 11
92 36 55
10 97 5
26 88 49
0 90 38
78 82 28
73 75 28
19 33 50
19 47 39
86 32 99
62 68 92
13 23 78
99 81 78
87 43 82
70 82 39
27 85 54
14 38 43
44 34 37
46 0 22
15 78 62
93 46 100
32 0 34
93 76 88
21 72 56
73 22 82
79 15 97
66 0 7
9 26 87
25 28 13
55 5 68
26 65 100
51 81 87
97 22 73
33 9 99
43 58 48
65 75 33
34 22 12
90 63 19
86 12 83
72 84 87
6 46 31
27 64 13
55 37 85
56 9 22
36 73 70
80 17 71
35 15 25
7 81 9
81 17 49
73 68 88
5 6 39
81 23 22
86 90 56
42 82 75
54 18 93
29 51 52
27 4 94
77 47 11
12 97 85
36 62 4
84 89 29
95 87 45
23 44 86
15 33 34
55 58 82
49 54 75
24 22 78
57 25 19
58 63 85
34 4 46
54 69 93
82 37 77
34 75 21
5 56 46
99 17 100
90 33 27
45 9 10
67 11 48
63 31 31
66 32 31
21 17 95
66 12 76
83 54 25
81 41 15
7 19 92
90 38 28
58 21 87
69 46 43
56 86 28
14 77 53
49 82 44
68 49 21
22 59 5
88 91 84
81 36 100
78 65 58
51 5 93
95 56 7
47 68 11
40 86 6
63 36 63
85 2 71
55 38 46
26 45 12
92 77 16
0 91 61
83 14 37
83 79 83
3 9 44
77 23 44
30 34 84
99 60 85
37 54 86
8 70 74
65 99 60
23 32 13
72 60 71
92 64 48
23 7 57
80 2 33
65 73 52
1 79 52
70 82 50
9 65 84
39 42 43
88 81 62
90 93 44
73 59 27
39 5 60
46 9 39
54 2 9
18 14 59
18 3 93
59 88 82
83 20 33
13 43 3
6 35 89
54 90 67
41 7 97
96 60 31
32 81 31
51 88 51
61 20 32
46 73 49
4 1 76
76 25 93
63 31 26
88 84 3
46 39 73
77 16 92
15 7 61
25 56 92
51 42 79
31 15 80
45 44 11
67 95 69
51 61 47
84 23 57
18 10 50
36 95 81
77 33 42
20 74 71
13 31 31
31 42 78
57 35 14
70 95 14
13 87 80
3 10 30
45 46 70
75 34 70
41 55 64
60 73 95
40 14 51
25 28 47
68 37 16
95 74 48
47 59 28
69 20 59
48 29 84
9 8 29
10 17 75
19 18 31
30 50 83
96 91 94
44 49 30
39 50 84
76 43 32
41 29 44
87 45 14
53 73 77
79 41 10
49 46 53
95 37 82
98 75 30
16 83 87
67 36 53
73 42 71
74 77 64
98 64 21
45 35 70
16 37 32
66 14 29
52 46 70
35 49 9
60 56 21
30 38 24
94 19 14
40 54 36
75 85 71
80 66 50
11 17 15
23 63 20
34 84 35
92 27 32
6 35 46
78 21 28
96 59 55
20 54 56
23 72 65
24 74 76
50 93 90
33 57 14
16 65 77
81 19 20
67 72 86
80 73 32
97 78 86
94 76 8
59 56 9
75 28 47
21 66 17
23 25 9
76 37 14
79 25 37
46 19 2
24 38 23
49 54 31
71 35 97
17 21 34
53 47 54
43 24 80
48 51 37
23 67 48
30 82 7
61 37 90
68 87 35
39 61 9
11 46 42
96 41 9
89 88 75
14 49 83
26 49 70
16 63 55
18 23 73
12 64 89
79 98 46
74 89 79
53 8 32
42 90 100
4 58 49
7 54 87
77 63 41
66 6 44
5 28 2
86 47 64
31 97 31
6 92 60
67 3 92
11 70 11
40 12 24
14 88 96
10 88 100
4 3 8
41 55 90
12 63 11
47 57 80
97 23 54
11 5 4
73 38 74
79 14 65
59 81 73
43 72 87
50 24 93
29 39 66
13 56 22
38 78 5
0 42 84
38 55 19
84 29 17
50 64 11
46 85 97
58 69 49
33 69 62
43 27 4
47 19 57
85 4 37
10 54 21
38 56 31
24 91 25
81 37 5
97 21 95
13 44 55
8 64 76
31 81 55
49 2 14
73 94 79
90 1 3
41 12 59
40 80 97
84 33 52
83 10 60
5 90 87
46 33 71
53 78 46
85 99 47
96 48 34
80 3 50
91 18 46
44 78 59
87 35 88
80 23 3
50 68 85
57 13 82
87 66 26
9 22 84
51 31 80
25 34 34
45 94 45
46 98 42
27 95 49
45 18 36
61 35 65
49 26 70
14 47 69
16 48 26
75 74 75
99 5 16
73 19 89
65 86 60
32 86 81
19 78 90
13 48 74
22 86 63
78 16 61
43 49 22
48 93 53
5 64 14
44 47 77
35 47 39
79 44 8
99 57 99
98 85 83
6 75 90
90 34 58
56 73 87
40 60 8
82 0 83
24 75 63
75 34 33
98 24 92
16 79 34
55 63 40
51 11 98
31 39 60
50 71 32
7 10 99
42 88 97
96 87 68
57 77 79
3 52 75
53 96 35
0 4 17
30 98 81
57 1 2
81 18 50
98 99 66
31 62 1
39 99 82
9 25 100
97 8 69
55 72 45
63 87 75
47 21 59
52 4 23
5 25 11
24 45 94
52 6 40
84 85 31
41 80 31
84 34 88
48 11 21
48 88 21
46 37 78
58 84 1
92 29 52
35 19 76
54 92 97
33 75 14
33 82 76
8 30 4
33 73 88
59 98 40
44 10 11
37 43 6
52 90 45
93 79 66
33 26 42
19 5 79
17 44 37
2 1 70
4 61 96
82 25 86
36 7 37
63 27 58
90 12 58
14 5 26
65 37 30
44 59 99
16 89 75
66 88 41
18 63 62
33 26 47
3 36 52
45 27 70
62 85 91
85 35 7
95 47 51
71 5 6
52 0 50
6 51 71
15 49 4
6 17 42
33 18 33
73 62 18
46 63 50
38 17 1
91 97 83
94 8 79
84 83 100
83 24 83
86 32 33
76 60 91
64 93 48
37 40 89
54 43 42
81 14 84
93 19 30
67 38 76
68 98 24
72 24 26
80 11 65
41 67 96
83 14 34
35 74 97
16 69 15
51 80 20
91 5 14
40 12 32
86 4 11
0 12 42
61 12 43
91 98 98
33 7 64
44 37 2
57 38 56
7 55 34
87 46 15
19 5 68
65 15 48
91 3 80
46 69 44
54 46 38
78 10 10
11 2 47
76 21 45
51 93 55
73 5 58
92 93 90
42 21 48
5 81 52
41 12 94
53 16 65
0 46 47
26 11 73
56 45 59
69 47 57
18 16 68
38 75 72
74 40 92
98 42 71
64 79 7
66 22 14
52 14 8
88 33 98
92 66 7
14 11 85
14 20 64
91 9 19
57 90 88
7 92 75
0 82 72
86 80 63
67 56 7
52 41 33
22 14 8
25 44 84
14 70 46
96 95 97
84 47 44
89 62 4
1 72 83
9 44 54
45 90 100
39 59 3
56 23 92
61 28 97
85 25 37
20 60 8
30 50 53
79 56 13
49 23 52
65 95 72
53 1 12
29 79 11
2 64 14
44 2 20
67 23 14
28 65 69
79 70 82
86 12 69
81 72 3
87 65 34
1 52 63
23 4 25
29 64 37
6 99 88
89 79 38
80 85 29
57 80 39
19 51 69
72 71 51
43 8 5
55 71 21
84 21 82
18 69 21
98 69 4
96 64 92
77 93 58
73 76 44
2 17 10
96 35 66
76 31 28
99 13 23
0 77 44
28 25 36
28 52 1
51 73 55
19 28 79
91 38 13
30 89 57
20 21 37
8 87 60
56 31 79
27 36 64
3 60 50
66 54 85
25 81 30
54 6 29
23 74 92
9 43 78
1 99 98
44 27 70
16 80 92
67 85 57
93 23 82
21 20 83
77 68 51
93 20 53
56 26 96
26 40 10
68 55 67
39 37 16
35 72 100
76 63 42
35 99 7
25 16 72
24 9 97
56 7 24
57 11 47
24 76 4
91 99 1
29 37 43
8 37 6
23 16 37
35 80 35
99 62 65
75 38 97
14 32 19
59 72 19
12 26 54
34 30 65
84 98 78
36 57 27
19 8 28
62 72 13
92 30 96
64 12 41
37 90 17
29 68 96
96 87 52
32 1 72
32 61 6
52 29 62
16 8 84
30 95 4
3 52 66
41 31 66
78 84 82
37 69 49
4 7 75
76 24 65
8 55 77
82 69 48
35 26 81
21 16 78
76 13 92
81 63 6
67 68 39
63 70 22
36 68 71
26 71 66
87 50 71
40 94 10
77 55 68
46 67 78
75 17 99
66 30 83
86 94 21
82 15 18
99 58 62
66 56 50
90 58 92
43 15 45
70 12 65
20 87 94
2 69 67
43 4 5
25 83 91
59 53 64
38 86 95
52 28 70
16 95 25
3 42 26
11 67 18
7 31 43
5 84 11
37 59 36
58 28 52
64 11 41
43 74 51
90 53 48
5 50 94
94 92 84
38 58 35
88 22 4
82 76 11
81 49 96
41 1 30
86 62 15
1 58 57
85 32 17
21 72 81
84 87 88
70 88 24
65 48 24
25 76 45
12 42 3
81 85 2
0 73 87
68 99 69
72 46 18
83 90 67
70 41 48
35 49 77
28 79 31
33 25 76
30 9 73
37 14 41
27 1 58
17 32 19
97 72 67
20 89 17
74 47 69
40 44 65
42 24 61
88 34 6
70 11 1
2 50 63
97 60 9
76 63 2
64 15 72
93 1 100
79 18 23
26 93 42
6 62 92
38 41 9
75 24 77
81 47 24
56 22 4
59 24 31
40 26 10
65 33 84
45 78 8
10 60 22
18 72 74
77 7 56
25 44 60
15 9 34
27 3 8
57 20 52
44 60 26
52 29 67
83 3 25
73 91 32
1 57 9
5 58 43
24 22 74
83 69 61
81 72 52
91 80 64
80 99 84
53 17 55
87 35 31
43 48 5
89 22 26
61 4 25
89 8 84
24 45 97
32 12 11
77 96 23
45 0 85
18 6 46
98 85 11
24 60 73
61 72 98
83 56 100
88 41 18
64 27 74
77 38 48
87 55 61
29 49 28
79 19 99
88 84 18
44 79 26
19 30 51
32 93 78
22 49 47
97 82 17
98 68 77
54 83 7
89 30 36
91 89 34
29 46 86
7 97 41
43 53 54
38 55 45
87 56 60
96 29 95
76 50 98
21 96 61
53 79 55
70 26 78
97 62 43
61 42 22
11 20 81
26 4 99
17 32 4
97 99 29
81 85 61
9 35 2
4 15 63
99 10 5
93 46 3
74 46 50
42 98 72
1 23 91
20 40 36
69 87 45
1 64 83
38 90 47
9 44 100
5 8 12
0 76 31
19 59 89
73 29 99
27 32 11
40 53 68
74 58 11
41 16 20
58 65 39
89 99 72
85 83 57
33 89 37
35 14 64
62 33 77
13 33 84
32 60 15
1 58 3
85 63 66
66 51 97
77 39 90
30 44 93
98 13 73
59 19 61
60 11 10
29 65 18
55 38 21
11 55 49
82 94 69
57 5 78
39 51 86
6 58 4
30 99 54
72 37 64
4 99 11
7 2 89
50 81 30
56 43 54
30 79 3
8 40 88
38 77 54
6 15 77
45 12 67
15 92 1
5 15 44
17 73 35
51 2 31
53 22 27
7 33 87
34 50 91
64 69 68
68 50 4
38 35 67
59 3 92
63 6 7
18 13 25
40 16 30
22 77 54
67 15 89
93 17 66
38 50 74
67 58 61
2 60 87
69 12 72
75 64 27
82 98 52
82 38 89
26 28 50
92 5 40
31 52 94
73 99 83
86 2 27
32 13 26
42 68 49
43 69 79
65 57 13
0 36 61
75 73 41
24 79 46
65 46 40
85 87 61
70 74 77
67 37 50
60 83 38
74 0 88
18 44 5
64 4 61
89 53 7
1 77 57
38 93 6
98 47 85
12 68 20
63 17 89
0 60 45
96 62 90
62 79 82
57 70 2
54 78 58
2 84 58
42 31 87
53 99 93
60 90 47
77 79 68
35 80 3
98 11 54
99 47 62
40 7 90
21 76 3
44 11 75
67 86 86
25 49 30
41 37 79
85 10 12
84 35 43
96 66 58
62 10 70
55 2 48
74 63 92
89 80 38
47 42 70
41 55 16
65 18 83
61 8 93
84 81 18
53 48 7
42 96 85
52 64 81
79 64 1
50 84 98
37 86 12
38 17 26
6 28 62
35 82 48
16 88 54
70 84 65
88 51 74
4 87 17
4 16 5
77 20 85
13 48 100
39 17 44
99 47 22
96 49 44
25 98 13
77 78 77
72 64 30
8 33 4
58 62 95
29 90 59
82 54 16
13 65 8
61 0 3
29 38 5
42 70 73
14 69 54
43 85 62
13 38 72
34 22 39
57 6 28
42 3 67
76 51 57
26 57 9
54 67 17
43 83 27
25 45 69
70 6 21
3 91 42
39 73 86
59 75 57
3 43 96
72 5 51
29 61 35
1 29 66
41 0 18
84 98 12
95 52 41
78 88 50
50 42 42
53 78 4
97 13 40
29 53 41
51 52 26
32 97 93
16 32 15
73 51 46
71 28 8
94 47 60
68 31 62
56 14 13
88 70 9
43 17 48
37 72 36
86 22 71
79 21 94
76 14 68
12 78 16
53 87 2
81 98 9
13 43 99
65 22 69
99 39 100
61 36 94
4 70 72
33 1 53
29 33 46
94 50 16
33 7 78
85 10 94
76 3 56
89 64 32
23 29 9
91 63 76
1 55 52
3 85 83
15 72 40
67 62 26
13 53 88
36 25 53
57 61 72
95 97 21
83 34 95
12 24 21
25 75 81
95 14 96
87 29 36
23 75 72
8 80 39
82 81 53
28 33 26
37 96 31
16 76 67
68 95 77
14 18 88
77 8 60
60 9 53
6 33 94
22 74 51
67 16 23
98 25 72
90 95 39
90 29 28
13 25 37
88 58 49
81 63 74
82 45 71
30 81 93
58 3 64
51 38 74
18 88 3
45 41 67
86 92 60
16 9 40
5 7 68
21 92 41
84 79 86
60 40 82
83 40 81
19 3 39
58 91 86
65 37 39
74 81 84
46 78 23
32 10 43
39 45 43
16 4 23
95 58 94
38 79 17
62 21 83
97 35 7
44 82 62
63 23 80
60 18 66
62 80 37
30 50 72
21 84 3
37 66 90
88 79 76
43 57 11
0 8 74
31 23 37
43 20 6
63 15 51
39 0 74
11 79 77
24 75 65
4 27 40
30 29 84
98 60 75
90 99 33
10 40 54
25 13 30
57 97 5
51 67 66
52 49 45
90 6 74
36 94 43
67 1 65
47 68 99
88 4 16
46 32 31
81 49 25
44 80 39
97 65 27
27 57 1
88 22 87
1 67 74
98 9 79
40 43 53
18 92 17
60 67 93
5 9 86
8 75 9
72 53 21
13 44 76
50 17 85
3 30 87
13 10 66
49 0 29
51 62 67
6 44 47
76 90 45
20 3 30
31 2 61
35 14 91
66 26 54
10 30 42
74 91 1
80 59 40
56 69 49
6 43 80
12 47 14
83 10 54
3 64 56
33 6 40
3 75 84
56 34 9
18 58 91
94 71 70
43 87 85
71 94 42
41 64 44
39 45 34
13 58 90
0 23 62
11 12 57
99 82 53
98 92 51
70 37 20
59 98 45
15 53 99
13 61 64
57 81 30
9 55 50
56 97 3
44 92 94
15 61 93
55 68 18
88 95 32
89 47 55
7 27 25
60 54 64
94 71 13
62 98 12
91 11 64
35 16 82
81 6 75
25 59 64
18 72 87
75 23 88
7 44 77
3 96 61
88 76 66
60 82 22
38 55 10
53 13 48
56 45 95
6 84 75
26 50 19
72 9 8
72 46 17
27 95 38
48 41 68
94 21 20
76 83 23
9 46 70
78 73 40
5 28 42
57 55 33
81 15 10
55 47 38
29 89 51
72 48 23
90 23 64
2 74 2
67 82 65
56 81 38
42 4 38
91 18 98
8 62 32
81 58 99
95 70 35
39 58 5
77 87 1
52 17 18
76 62 7
70 33 18
28 18 34
81 48 96
66 72 10
59 20 55
63 96 75
7 3 70
13 87 12
3 19 60
46 25 67
35 79 27
64 40 34
30 27 27
34 44 78
94 6 52
77 60 54
39 10 82
94 63 94
53 83 55
43 86 29
87 14 64
31 26 93
25 46 33
66 29 97
70 71 57
39 95 34
95 20 37
81 30 55
70 30 18
16 91 65
47 53 87
11 33 46
59 8 91
36 16 9
94 77 4
53 48 35
8 37 16
83 32 45
46 49 79
72 83 41
45 81 48
42 65 8
30 41 100
57 0 48
88 96 16
84 46 90
6 77 83
56 79 41
46 74 57
93 7 34
43 72 8
8 28 49
92 62 99
48 77 65
62 77 48
12 68 70
60 92 100
79 92 21
39 87 85
96 19 18
92 74 62
82 90 77
91 36 38
85 68 17
17 42 92
65 48 74
96 54 82
78 36 69
73 91 21
4 31 51
55 30 39
80 65 97
34 93 8
16 79 49
76 35 87
46 59 64
51 27 37
61 5 85
41 57 22
6 81 44
53 64 5
78 43 31
90 72 67
52 94 67
87 14 12
62 34 17
66 75 57
97 11 5
99 12 91
42 65 77
39 31 35
11 22 49
73 90 65
35 32 36
19 70 12
76 9 42
19 0 13
62 35 49
90 80 37
88 20 10
43 77 91
4 49 46
61 43 6
24 1 15
36 18 8
49 37 82
16 98 79
5 96 22
36 88 26
72 59 22
60 82 17
68 66 90
52 0 80
74 42 11
94 1 39
22 17 82
7 39 92
62 86 74
43 38 57
58 59 4
41 98 56
7 19 96
17 30 64
25 34 14
18 65 51
48 53 50
33 57 48
72 26 66
25 16 95
4 21 49
34 45 95
20 73 93
55 35 42
55 38 52
81 60 10
2 49 34
45 74 59
99 40 41
44 9 30
58 54 74
30 41 91
49 58 70
78 79 50
40 43 64
73 38 81
83 59 69
3 46 100
29 12 31
28 42 28
43 28 92
1 32 18
53 99 9
90 11 28
47 48 26
27 84 18
27 44 76
95 48 73
92 65 15
8 62 49
51 38 76
93 19 52
57 44 74
76 34 1
96 11 62
42 14 14
32 12 85
60 87 50
37 67 28
13 25 67
24 44 55
64 76 49
38 74 74
27 13 28
10 2 71
43 47 58
44 61 41
28 22 85
75 51 17
98 74 59
42 40 88
47 84 51
12 62 25
93 98 56
84 50 51
3 87 90
72 13 60
91 92 61
69 65 76
3 8 56
70 40 34
40 51 7
37 52 74
41 5 70
79 84 7
59 4 44
81 92 85
47 74 75
83 96 94
79 16 87
70 83 60
35 26 27
48 84 88
71 16 84
41 12 82
30 28 13
81 62 75
78 4 16
90 24 72
72 42 49
81 19 66
38 25 61
89 81 36
94 53 2
48 43 34
90 86 89
26 42 22
89 44 8
47 1 7
91 70 5
81 75 60
63 38 38
88 69 72
65 39 57
77 95 12
32 95 19
85 3 32
57 79 99
50 31 26
44 2 74
73 77 5
53 24 95
57 46 52
36 78 40
33 94 36
60 27 46
60 32 79
10 68 98
61 23 4
71 38 97
60 80 68
26 88 1
34 39 98
5 4 77
31 90 92
59 64 7
25 79 38
92 93 79
84 50 66
63 33 4
3 83 46
1 42 99
18 15 85
55 74 45
53 68 27
63 47 88
84 28 82
63 4 97
19 88 9
84 86 72
17 51 44
4 84 21
7 48 4
83 22 94
82 50 100
15 77 53
80 74 58
59 22 15
33 91 18
19 82 62
64 25 93
38 81 47
73 46 66
7 79 43
51 50 24
33 66 96
80 23 73
74 67 91
38 80 26
34 3 39
18 14 75
50 37 62
36 98 45
88 38 73
40 85 96
8 74 29
58 76 78
86 80 98
72 75 78
64 59 99
6 36 7
33 74 93
54 71 30
6 17 10
55 81 18
72 50 69
81 76 29
35 75 40
79 23 27
54 74 13
36 65 66
86 0 76
22 62 100
76 64 39
48 94 50
80 34 76
3 17 19
81 63 82
39 78 7
27 3 8
1 26 84
35 85 93
30 40 62
68 87 77
60 55 6
36 99 4
64 7 4
24 46 68
83 64 33
89 9 79
92 37 64
88 20 91
34 29 26
11 83 55
94 64 91
69 87 41
8 36 35
59 93 13
37 69 41
86 34 47
51 43 10
62 46 41
96 40 24
5 73 99
72 88 25
95 54 72
96 49 76
54 73 69
31 18 96
81 50 90
94 84 30
67 38 49
52 80 20
92 25 38
50 91 77
54 14 14
43 57 79
18 61 53
60 37 27
45 28 82
17 79 96
36 39 66
83 3 1
91 15 55
80 21 33
19 4 81
28 23 7
8 22 51
99 16 72
86 5 43
84 6 7
58 30 57
92 94 44
17 50 81
86 7 80
92 71 63
98 89 41
7 32 98
58 78 50
79 3 99
24 43 36
80 72 63
50 61 71
60 93 87
41 36 67
8 95 16
27 44 77
17 44 66
92 21 35
4 62 36
16 54 37
45 94 19
71 68 2
46 71 26
94 0 94
92 15 97
5 83 76
41 66 34
35 49 78
19 21 24
77 24 95
77 33 2
65 26 30
3 74 31
12 21 82
60 32 59
19 34 31
85 46 22
60 88 7
67 26 100
13 38 74
33 40 83
16 49 50
36 93 44
0 22 56
73 1 32
5 63 65
0 84 4
16 28 80
50 76 87
4 28 9
45 62 56
19 42 50
91 49 99
26 76 76
6 76 71
80 44 7
70 84 95
84 63 30
83 81 61
29 55 3
24 75 78
92 60 94
88 99 78
75 53 91
44 31 98
76 62 61
99 46 57
99 98 30
63 60 69
7 9 67
74 13 43
85 4 48
91 24 50
86 69 66
66 60 37
93 12 20
18 38 45
81 40 48
30 33 53
66 9 2
78 5 91
40 33 61
96 66 70
96 61 49
52 72 69
80 98 25
83 20 15
66 55 32
30 38 71
8 6 16
5 48 87
65 60 41
91 70 37
7 0 48
51 46 27
92 79 27
73 40 34
84 30 29
8 92 28
91 3 100
61 47 65
98 26 80
36 32 35
60 7 34
76 63 38
78 87 66
71 78 87
46 63 79
78 39 21
0 38 88
57 97 46
9 94 13
49 97 2
53 59 79
72 84 65
11 24 33
59 98 29
7 28 97
24 38 90
41 85 40
4 68 73
95 54 44
91 63 70
56 35 43
68 16 89
60 55 4
83 46 73
86 31 49
72 26 95
77 80 30
37 80 49
67 77 97
19 36 70
73 18 85
60 51 82
8 6 82
60 28 21
27 75 75
81 65 87
18 3 69
12 83 67
86 67 76
30 58 95
36 0 55
89 19 52
66 94 14
88 54 6
32 10 9
63 35 38
91 60 60
56 39 80
82 63 4
44 86 11
59 78 59
70 92 11
38 55 40
58 51 60
66 50 3
35 79 86
71 67 61
59 67 44
14 21 83
90 33 71
22 60 73
69 86 27
68 58 7
0 18 100
13 56 28
7 66 2
88 55 49
37 11 57
2 97 43
24 84 40
47 2 73
3 17 68
66 83 12
70 75 25
3 8 5
41 91 35
15 51 29
41 82 89
47 8 55
37 33 66
52 7 6
25 10 42
42 34 21
48 4 39
73 37 58
70 82 65
61 31 56
22 65 99
18 48 19
6 77 20
97 37 67
20 49 21
69 98 78
9 95 13
94 40 35
29 10 47
26 86 83
0 42 38
96 64 89
57 32 64
40 51 49
12 19 9
24 78 86
53 8 76
84 51 80
53 12 50
7 66 38
96 58 65
80 10 24
16 62 76
83 31 99
48 13 56
66 83 82
7 58 49
41 30 18
61 32 96
21 16 66
55 1 48
96 93 86
35 16 47
11 7 98
73 85 12
93 48 21
27 74 54
72 65 71
21 5 96
56 50 92
40 67 7
29 75 54
99 25 42
6 66 5
8 31 58
12 84 59
80 78 21
58 7 62
46 67 94
20 45 78
19 55 6
1 62 71
53 91 5
76 9 66
27 50 73
80 50 39
6 64 88
23 90 23
18 55 47
6 64 29
76 45 2
62 75 74
55 42 48
33 37 88
70 25 1
29 57 27
89 19 4
70 27 48
93 66 96
17 48 18
59 12 53
50 37 98
37 31 86
66 84 73
62 4 16
23 49 71
82 38 88
37 31 89
59 76 30
37 36 78
9 12 18
39 90 64
27 43 93
33 23 75
56 73 86
45 66 29
29 24 20
8 22 22
13 44 85
88 46 17
23 24 91
27 31 54
90 4 99
26 46 46
41 35 75
67 16 92
25 14 54
75 51 87
96 46 18
0 4 3
31 22 39
82 94 7
67 66 60
50 64 1
9 65 89
36 15 8
53 97 79
2 27 85
98 97 59
2 24 79
51 7 82
72 90 63
93 45 61
23 78 69
8 70 81
99 75 82
50 40 42
81 52 46
39 74 67
92 56 8
52 36 61
10 19 79
91 14 64
40 11 68
3 35 14
51 3 59
59 58 26
35 76 30
40 45 49
85 73 49
54 82 96
37 43 8
86 47 30
32 88 28
14 30 22
31 64 74
34 41 76
80 98 28
46 30 9
76 82 98
63 48 61
79 80 21
17 98 39
43 96 18
81 78 42
9 81 16
34 6 11
10 7 23
25 65 64
16 42 73
85 27 59
34 45 79
87 7 42
16 58 21
12 52 46
57 51 24
47 80 50
87 69 29
72 92 32
32 31 80
20 27 27
2 12 99
59 38 61
61 32 93
27 31 10
35 7 17
60 12 63
93 50 89
9 54 38
7 56 70
53 2 17
68 1 39
37 29 30
40 19 90
12 46 6
18 51 49
81 95 77
20 31 51
65 56 66
50 43 99
20 52 24
18 33 83
49 71 72
46 74 77
64 45 53
6 83 66
81 8 55
82 13 9
30 89 35
9 81 88
73 5 71
3 16 76
87 67 19
78 52 79
95 62 25
64 30 58
38 75 86
15 3 14
48 47 67
39 53 46
61 73 77
76 95 38
55 33 36
30 37 39
56 69 22
62 58 63
98 66 7
85 33 50
42 37 76
13 80 4
45 21 10
64 14 41
62 88 30
15 71 75
85 68 90
54 94 56
94 59 73
85 54 83
10 85 98
64 97 52
48 70 49
93 94 76
54 84 97
41 35 99
49 85 75
14 72 50
99 18 77
23 5 88
91 15 5
4 42 40
7 71 54
99 77 57
6 0 94
12 57 12
15 99 1
26 85 35
0 7 45
79 40 34
9 23 10
11 84 23
95 46 69
0 84 97
27 67 100
30 97 97
9 62 43
43 83 10
98 36 48
48 81 11
66 59 87
21 3 36
44 15 56
30 72 40
1 97 20
62 52 50
42 85 64
15 28 62
97 30 32
98 22 96
66 82 32
28 87 38
58 55 33
2 94 54
12 30 56
79 98 50
37 65 72
14 35 71
72 27 44
57 46 67
93 37 31
52 5 77
1 68 87
38 50 94
69 25 17
47 81 99
56 42 75
92 8 88
42 20 92
74 50 92
99 7 58
75 16 67
72 34 18
22 72 30
38 94 61
2 69 37
24 4 99
16 4 95
77 41 69
71 19 48
20 53 22
21 28 76
10 17 11
38 49 56
14 33 71
75 63 54
85 31 9
44 96 98
48 68 88
14 99 17
7 41 34
16 61 79
69 28 3
46 59 80
14 92 49
33 84 36
91 98 6
40 84 99
78 35 69
31 49 26
88 33 58
35 1 74
46 16 86
40 91 51
63 12 75
3 33 23
90 98 84
71 72 92
52 61 13
37 53 46
16 91 55
88 79 68
54 43 89
88 99 5
10 23 23
66 72 74
13 85 47
20 86 36
38 19 55
23 38 48
39 77 8
28 90 24
6 97 22
39 15 38
32 92 72
27 40 76
60 57 62
12 81 34
90 7 61
81 83 36
83 69 15
76 82 88
0 64 35
23 74 41
60 85 24
21 62 29
94 55 88
17 37 73
43 29 98
26 77 73
25 60 13
11 31 18
49 21 28
0 79 47
37 18 31
13 85 17
50 4 63
85 24 99
68 37 80
53 65 14
41 29 89
4 65 83
12 29 22
58 67 24
48 15 15
34 46 61
66 84 29
74 53 70
15 35 68
3 98 5
81 15 57
28 91 82
33 89 79
90 9 10
17 65 35
53 17 100
98 15 42
16 68 44
68 36 58
58 61 51
21 22 5
4 27 86
71 56 35
11 86 40
49 63 14
30 29 97
31 37 33
34 98 41
62 37 58
65 5 65
95 42 42
47 52 2
17 31 72
25 50 23
46 73 38
80 90 54
61 8 23
17 7 34
26 19 31
86 45 61
11 8 17
23 97 72
44 61 23
46 0 25
34 17 44
11 90 24
56 12 35
85 71 56
60 23 86
43 67 41
17 98 84
44 25 13
52 34 77
25 47 37
97 77 71
53 74 75
99 73 73
10 7 1
18 62 22
16 18 67
90 9 84
30 86 82
6 79 18
45 88 45
35 39 92
8 5 57
21 53 33
54 94 11
25 95 25
14 20 15
18 85 100
16 5 82
55 14 67
62 97 31
35 66 31
88 22 14
97 24 67
32 70 82
21 57 89
56 35 93
41 79 69
21 14 78
9 86 3
92 29 3
32 55 4
80 20 11
65 87 1
48 75 5
84 95 67
84 60 83
37 67 75
40 45 37
31 53 54
13 80 24
16 28 54
79 39 2
18 30 65
8 55 76
74 40 11
23 80 50
84 37 41
3 69 69
40 99 78
66 67 64
55 23 31
26 34 87
67 94 72
40 16 28
41 19 63
45 52 88
88 33 82
49 62 94
25 92 11
98 5 47
81 16 30
39 40 34
61 97 32
30 11 52
53 11 49
76 94 27
43 73 86
8 44 56
37 76 92
92 18 98
51 44 43
46 62 72
58 9 52
90 47 14
91 52 95
13 54 45
60 47 27
49 48 91
26 65 88
73 53 72
73 79 83
12 81 49
48 29 28
29 31 36
63 56 91
39 43 18
60 29 36
41 97 69
52 2 31
41 6 20
25 10 15
98 96 15
40 15 2
19 92 16
19 11 17
43 88 60
94 27 59
65 74 9
73 94 7
54 34 47
52 10 27
57 26 13
79 10 15
93 89 18
84 70 66
97 32 41
77 85 85
23 87 95
87 18 62
51 46 74
11 44 24
87 21 88
57 27 53
84 63 78
18 97 41
61 50 1
52 85 51
45 15 70
25 3 34
73 9 43
27 62 46
95 17 38
49 5 74
9 75 42
62 76 83
73 83 71
38 33 77
98 46 23
19 81 63
68 41 54
8 5 68
92 67 42
1 38 16
17 28 4
72 53 98
52 85 39
15 84 22
44 86 2
81 79 48
35 14 13
5 62 41
97 2 81
21 47 67
96 36 32
54 86 42
67 65 21
87 16 58
2 77 90
41 60 3
12 66 69
71 60 66
99 35 84
96 8 52
70 41 69
85 20 41
66 0 85
39 63 98
18 25 35
43 9 37
45 92 55
76 24 58
10 73 65
13 86 2
93 47 49
9 57 98
39 22 93
53 96 100
88 3 24
65 85 58
89 98 52
52 39 64
28 54 42
27 78 11
94 5 48
20 36 99
35 82 57
16 63 81
99 30 88
3 88 35
3 70 18
39 63 34
54 97 5
44 57 1
51 57 33
24 57 91
94 57 68
90 24 70
89 42 2
35 64 16
76 44 72
27 62 65
35 89 30
60 56 20
38 86 71
67 32 91
17 50 91
29 51 90
15 59 85
37 6 84
32 99 69
94 11 95
90 37 70
2 44 98
36 29 97
28 24 8
85 75 82
66 72 83
89 48 41
65 37 100
70 45 47
4 28 39
81 88 52
64 16 41
84 4 60
99 83 100
83 98 93
47 38 93
40 93 34
7 64 63
96 11 10
17 10 47
55 59 90
66 47 4
81 20 58
1 86 15
28 30 67
72 77 57
38 90 38
81 42 11
44 40 34
59 80 66
33 65 29
65 99 25
26 78 91
2 28 70
92 53 95
81 20 7
23 86 63
82 31 88
80 59 42
71 58 73
25 10 21
79 3 81
75 36 5
66 82 24
77 8 88
23 17 37
59 49 8
10 83 5
78 86 35
90 34 24
88 65 50
85 56 94
70 73 75
93 61 66
27 57 73
23 30 35
70 68 30
2 82 15
89 12 24
51 31 9
75 69 30
64 59 55
69 34 55
49 80 46
98 72 59
12 44 86
50 30 16
68 97 54
84 82 34
34 97 78
4 33 29
24 67 83
63 46 75
11 15 12
62 58 67
38 50 56
39 63 34
0 4 5
13 78 17
25 82 93
56 33 1
81 50 93
15 66 97
44 23 98
69 30 16
30 3 13
47 51 34
64 66 98
77 30 31
86 51 12
36 13 77
42 81 79
61 27 57
27 36 35
63 36 38
78 43 82
43 60 96
97 99 49
45 95 71
82 49 53
70 30 81
43 38 11
85 71 31
93 79 72
99 81 63
12 56 58
24 67 80
97 56 19
20 68 55
38 39 10
6 66 19
38 27 80
81 78 53
96 41 29
5 17 17
1 49 10
54 55 18
9 38 86
89 4 74
36 39 97
93 87 97
35 39 44
19 88 70
69 89 53
53 46 16
62 19 59
91 7 76
28 22 51
80 33 20
80 94 1
85 19 71
31 43 96
32 5 38
6 46 9
4 77 53
45 11 41
4 87 98
61 66 97
62 59 35
84 53 35
11 28 34
99 92 39
0 57 31
53 86 7
13 99 75
65 96 72
23 62 41
92 10 42
5 20 48
63 39 77
52 14 25
81 33 60
31 36 88
95 94 10
20 95 90
61 11 78
98 51 58
97 34 44
99 49 55
51 64 35
51 66 9
75 4 2
91 23 38
84 51 28
73 95 61
2 70 20
14 2 3
57 99 93
98 82 13
22 57 25
81 9 51
77 20 100
52 14 86
48 88 72
93 14 91
34 59 75
49 41 33
54 15 47
95 16 21
66 8 10
56 53 7
99 77 11
36 40 29
39 25 30
7 57 93
32 0 83
87 27 6
46 88 75
2 88 4
3 41 35
47 64 86
26 91 6
95 33 90
20 0 42
91 87 78
53 37 91
15 22 7
18 59 76
18 44 70
13 72 81
71 42 69
66 61 85
50 4 10
55 85 64
97 47 90
34 28 12
77 49 94
18 82 17
72 76 98
94 12 88
80 66 62
81 97 17
11 53 83
25 51 30
61 34 4
10 31 35
21 95 25
97 65 82
72 12 89
5 47 10
24 70 74
63 23 28
46 21 27
46 21 16
59 86 38
40 74 91
79 73 53
62 33 23
61 3 46
12 83 50
77 48 84
43 59 99
76 9 36
30 79 58
60 44 39
69 72 47
90 66 4
52 87 4
71 40 97
84 27 93
99 60 71
29 54 27
59 42 43
81 90 43
32 12 7
7 22 95
59 20 13
85 0 67
64 98 6
43 49 30
74 99 8
20 56 41
8 67 71
30 86 39
92 33 71
2 96 69
6 85 26
2 43 30
41 14 59
85 4 44
67 93 52
82 81 64
39 10 62
75 59 44
26 95 14
23 67 49
53 14 48
34 47 97
43 10 68
69 85 63
99 28 57
85 49 10
89 38 46
78 25 78
58 21 7
17 16 93
0 44 30
70 36 29
21 58 92
3 44 27
78 31 69
31 71 84
33 47 13
2 36 97
52 85 76
71 81 34
99 5 78
45 55 99
85 83 90
65 16 87
38 33 39
77 98 53
55 53 86
58 13 62
80 29 29
47 66 41
9 0 86
6 20 92
79 16 100
52 91 21
17 44 18
57 92 76
83 10 13
31 43 75
76 28 67
18 34 49
70 79 71
4 36 17
80 98 93
87 0 19
78 20 61
3 59 95
37 46 58
91 50 68
84 45 72
1 42 87
78 61 59
28 24 20
78 49 31
47 18 68
98 19 50
49 86 7
39 46 46
34 76 75
66 15 98
34 33 68
57 85 97
39 71 31
39 84 80
71 8 13
38 75 11
51 20 4
61 93 59
54 24 79
68 79 56
53 73 18
76 91 90
31 96 33
57 95 20
64 83 69
81 99 13
99 89 29
7 14 29
40 71 9
18 39 39
46 25 37
38 16 60
37 52 17
95 7 100
91 75 76
59 17 71
43 92 25
85 4 32
14 72 93
23 56 11
5 76 8
17 52 3
60 49 14
53 37 58
76 78 96
9 33 26
79 22 70
37 29 56
69 18 64
80 98 62
46 16 97
2 15 91
93 60 33
39 36 41
81 32 34
23 87 95
55 80 23
19 68 37
91 41 75
46 1 25
43 52 5
56 85 32
77 37 81
41 6 63
98 42 28
73 94 35
23 73 65
98 97 25
48 10 37
36 98 58
2 56 64
5 14 69
3 42 19
25 55 19
40 59 6
27 31 55
51 57 60
40 60 56
63 96 100
25 84 97
22 57 16
89 94 99
82 29 23
75 23 79
70 57 55
2 71 44
34 12 89
95 96 6
43 13 62
80 54 74
2 23 3
38 49 15
51 38 2
3 10 11
10 69 45
82 12 72
98 20 26
58 40 76
72 58 52
86 51 57
29 1 35
66 88 36
72 7 20
55 62 93
51 41 95
30 2 62
60 49 29
48 93 34
10 47 92
80 10 54
11 86 23
25 79 21
17 61 23
77 44 14
19 6 17
15 55 25
56 46 85
26 98 74
5 74 79
44 96 27
90 54 17
63 18 53
4 56 13
3 31 82
72 69 59
36 87 6
88 33 35
40 67 87
67 28 66
26 94 61
84 32 75
47 42 18
59 10 85
21 84 90
75 91 100
14 87 24
48 25 98
25 20 13
63 58 71
86 94 31
16 95 48
58 97 92
54 47 23
4 25 1
99 56 31
34 61 1
74 48 43
94 49 4
97 93 83
92 67 23
91 98 56
93 21 88
67 22 41
70 67 95
46 31 17
75 95 87
89 7 42
87 37 38
57 48 100
48 26 3
15 37 70
24 90 18
7 69 45
61 0 42
38 40 25
44 8 19
11 64 58
34 33 66
38 80 62
47 52 75
33 46 58
65 48 36
43 5 80
35 57 4
17 77 8
82 9 70
9 65 55
76 87 39
63 76 9
1 25 57
25 46 23
30 0 8
93 72 68
75 53 23
28 39 46
86 51 4
76 94 9
3 49 22
19 94 75
40 28 13
25 71 22
53 24 54
70 24 39
11 87 3
31 42 29
32 98 27
80 28 20
60 44 28
92 89 42
34 25 34
55 18 44
4 60 4
46 79 10
24 99 19
55 84 34
45 80 99
16 69 34
22 32 47
96 58 93
28 55 40
10 76 69
49 41 30
84 34 19
38 47 11
24 58 10
73 91 41
87 14 51
41 50 85
33 69 58
19 14 23
70 37 75
79 38 52
80 18 91
40 98 62
83 36 41
63 94 98
65 18 22
35 80 69
50 27 45
48 26 4
57 35 95
20 91 70
34 64 88
26 46 77
57 58 34
51 39 58
18 37 20
47 91 71
71 92 51
49 20 61
95 1 27
91 59 86
51 79 83
70 75 52
52 30 15
37 18 51
74 72 58
71 21 69
52 79 32
2 38 57
60 31 13
23 68 79
49 62 62
47 52 40
19 44 60
70 7 79
49 98 94
27 51 6
31 4 81
73 79 59
22 86 27
40 93 23
12 63 100
41 40 22
19 43 2
8 28 1
11 66 91
51 95 97
95 26 62
52 71 6
24 36 35
61 84 40
81 78 13
22 21 19
4 96 85
25 1 52
64 65 69
42 96 98
38 18 91
3 19 75
6 73 81
93 32 18
97 1 67
81 88 51
70 46 81
86 44 13
13 8 76
75 9 16
10 90 9
76 29 46
53 4 59
87 90 45
87 54 60
92 22 82
98 39 58
79 18 62
27 74 26
87 80 81
64 67 62
15 56 93
40 16 12
53 19 46
2 95 24
67 97 39
80 47 64
52 40 24
93 53 92
58 14 52
23 0 99
82 0 48
28 76 94
38 69 71
33 48 48
26 14 15
7 21 39
71 3 56
77 29 2
39 78 9
98 93 49
83 30 19
84 35 18
10 46 81
21 89 99
63 27 1
58 62 43
53 21 73
71 26 96
81 55 63
64 33 47
21 19 10
4 89 86
26 27 44
38 79 82
29 92 72
48 7 10
63 25 49
20 26 74
54 34 67
90 18 67
65 93 51
52 70 62
22 90 50
10 34 58
69 65 44
95 71 69
97 41 30
92 48 98
83 74 35
38 86 72
76 32 52
61 90 85
62 36 95
44 95 95
17 7 76
16 33 57
52 81 96
49 76 53
60 65 29
1 40 88
64 13 43
14 0 46
91 89 66
54 99 15
89 67 43
64 50 27
22 83 91
88 12 79
8 16 13
47 75 25
22 69 33
41 42 76
71 29 31
5 11 91
84 2 28
4 14 58
0 96 39
52 84 94
86 94 82
1 33 5
40 78 14
33 58 71
72 80 86
16 63 36
24 92 83
42 36 68
1 24 96
37 5 99
26 84 16
83 99 71
82 52 59
82 56 47
22 20 19
96 9 29
97 59 69
9 46 79
12 15 76
3 45 66
44 42 82
53 32 36
3 24 64
22 38 87
17 32 73
60 66 58
0 83 59
86 75 89
97 99 33
63 83 90
52 85 31
71 21 85
4 12 72
78 33 40
96 12 83
3 68 82
60 24 30
22 56 7
45 70 63
77 80 53
14 30 3
73 75 67
65 92 86
49 80 61
55 75 23
74 12 24
30 43 43
4 53 42
0 41 56
2 18 77
63 55 25
43 69 85
88 55 27
19 45 92
74 39 30
77 59 11
39 28 47
59 70 36
27 40 27
29 51 61
55 75 83
38 57 63
51 74 37
78 11 44
89 12 38
50 79 76
21 25 96
23 12 50
7 2 61
7 49 77
54 93 16
43 96 35
53 9 87
43 79 75
72 42 78
17 78 30
26 46 1
35 47 67
17 32 66
44 60 59
42 73 45
96 62 84
90 3 64
98 97 85
33 44 20
6 97 84
23 41 41
81 17 53
77 11 44
96 49 23
30 49 54
1 46 79
30 40 88
49 32 64
95 69 92
19 77 73
76 21 62
42 8 54
36 8 44
69 3 38
46 96 39
15 22 91
14 22 2
62 64 84
24 11 91
12 48 53
73 5 32
43 61 71
59 69 45
54 97 17
13 40 9
54 65 71
45 2 7
57 10 30
0 55 64
63 1 61
85 83 86
43 42 90
21 48 16
91 89 69
93 9 51
37 87 88
95 29 98
3 8 47
22 48 61
12 76 6
52 30 77
7 93 87
85 55 12
65 7 93
80 76 30
58 52 76
20 96 92
3 7 32
54 29 52
0 27 70
96 38 56
80 83 35
50 16 33
98 37 28
43 76 98
0 6 22
64 50 95
20 42 14
63 97 83
27 95 57
30 88 68
87 2 35
85 89 76
0 10 77
45 38 21
74 63 43
4 68 20
82 81 9
63 23 94
65 58 16
57 1 86
43 61 48
96 82 92
11 49 67
68 19 58
96 61 68
79 60 24
45 99 49
54 8 68
90 80 41
60 33 39
27 11 48
98 2 12
47 31 87
56 69 27
90 35 65
62 43 69
88 50 20
2 72 9
39 17 81
82 32 3
38 13 22
72 28 14
84 58 7
7 82 48
51 8 74
37 15 72
49 23 32
43 27 31
13 71 11
74 73 50
95 54 94
34 96 38
2 55 86
13 45 39
77 86 3
57 0 2
3 57 55
39 21 89
99 89 64
71 41 78
15 50 85
58 75 14
44 78 98
20 22 85
20 25 18
26 83 63
8 58 97
67 61 74
74 1 89
1 99 98
47 91 2
88 83 50
39 27 85
66 89 41
61 80 39
31 38 20
23 48 32
27 96 82
56 0 86
48 71 33
36 96 22
59 79 74
52 38 55
63 6 70
18 46 37
3 51 9
62 36 85
56 31 23
26 8 66
45 12 72
11 84 79
40 23 43
12 87 8
99 83 22
27 57 84
72 26 3
24 48 52
58 31 30
3 86 28
15 16 65
38 96 89
3 94 63
36 55 31
63 0 84
86 29 71
27 54 17
75 77 5
20 41 41
12 65 16
15 53 51
90 92 91
53 34 49
19 20 62
83 79 54
96 42 29
96 41 23
21 79 28
40 87 4
86 67 91
17 99 22
72 65 80
1 86 63
58 26 43
24 26 71
60 92 47
40 44 26
68 51 15
16 59 60
58 85 17
34 95 38
99 67 92
61 35 29
60 9 3
43 58 99
50 99 26
85 2 65
26 84 82
93 91 98
61 87 89
67 31 51
62 93 77
99 54 42
25 41 98
52 92 15
23 48 71
27 39 66
40 32 60
74 98 26
73 84 24
2 66 29
44 34 47
33 24 89
74 53 86
43 45 85
86 95 59
16 57 2
31 65 17
39 15 7
35 78 81
30 32 90
31 52 4
31 33 85
1 30 67
53 25 64
60 97 51
18 19 99
1 77 97
4 74 6
25 20 30
2 60 87
0 41 29
15 24 65
65 47 59
17 30 43
79 36 3
63 27 59
48 88 49
64 73 42
47 22 94
29 56 18
37 62 76
36 72 23
2 10 12
62 79 86
35 11 49
62 11 38
2 45 61
96 94 35
46 59 70
82 79 32
88 36 92
40 26 40
7 72 31
65 67 33
48 62 81
53 67 8
75 96 58
50 56 78
76 2 11
35 10 14
88 24 77
10 50 2
95 51 79
9 44 21
34 11 87
32 90 95
89 80 83
8 58 38
58 95 39
61 55 14
69 67 29
72 37 97
29 5 5
94 36 6
27 3 78
57 87 92
20 40 47
20 15 62
31 70 86
7 76 63
35 24 75
77 62 58
63 94 79
24 3 15
45 85 45
3 35 92
97 39 40
35 89 85
40 82 47
97 90 9
65 70 81
61 54 90
42 81 26
23 59 86
34 41 63
28 34 17
27 81 36
41 42 34
92 59 20
1 74 95
12 10 27
36 4 62
31 72 85
59 12 53
5 77 90
25 35 59
22 45 34
78 5 40
17 4 97
27 69 97
32 61 1
93 46 90
12 6 96
30 69 25
55 68 58
44 62 53
62 68 13
94 20 60
95 82 10
75 64 37
22 4 31
99 33 23
70 85 49
24 7 38
90 88 8
5 10 31
92 25 78
68 81 75
60 85 3
85 70 63
51 39 57
53 94 56
32 86 40
40 45 13
88 7 100
0 23 43
35 62 65
28 73 6
87 53 34
28 56 38
42 22 48
58 74 91
15 51 1
10 63 85
79 30 48
51 2 75
65 8 3
89 35 67
92 8 96
83 2 71
22 50 27
26 25 92
92 76 75
36 76 50
26 28 44
95 37 79
8 0 89
83 88 27
91 51 84
48 30 67
54 1 10
48 14 5
77 84 40
15 63 92
90 40 29
3 89 70
79 27 17
95 29 48
9 52 40
8 93 51
59 95 16
96 66 2
46 80 27
4 51 8
35 63 90
30 92 96
12 30 52
30 86 47
75 63 14
28 35 33
63 90 60
34 15 24
11 28 60
16 68 16
39 40 13
56 74 69
82 50 3
12 58 17
10 46 73
1 27 40
83 28 84
39 61 84
42 59 47
42 4 46
85 96 54
7 59 48
91 2 28
62 41 58
9 0 2
63 44 64
68 18 23
91 55 67
75 82 87
66 13 54
37 30 99
9 63 67
69 23 15
35 63 46
2 60 91
7 70 94
12 63 57
83 26 34
6 11 54
46 9 27
30 5 64
89 61 17
26 99 53
61 19 73
1 68 54
13 31 29
13 15 44
3 35 77
42 99 34
61 76 70
72 77 40
76 9 56
38 90 62
49 9 77
20 1 59
27 5 90
7 72 8
14 74 57
45 56 3
72 38 27
20 82 80
21 86 66
99 96 13
71 38 53
57 56 36
41 53 99
15 70 6
90 42 54
13 50 10
31 54 74
31 95 49
20 30 82
21 25 6
67 40 72
51 8 63
70 15 42
67 13 88
90 23 43
32 81 48
85 24 19
34 53 40
51 44 94
36 70 39
66 72 50
33 38 46
2 6 10
13 37 40
52 21 1
63 49 6
14 0 38
54 79 99
25 23 9
21 23 52
62 56 69
75 86 81
76 24 45
47 2 40
8 98 8
65 43 32
78 3 32
93 70 32
32 54 32
22 66 52
75 61 44
66 25 35
73 5 78
11 68 12
64 39 4
51 10 23
82 70 10
52 77 91
92 66 40
86 26 73
39 89 6
42 91 83
28 70 96
62 89 57
69 89 80
88 6 100
36 90 47
44 59 13
20 54 71
65 30 95
7 25 30
8 13 33
88 47 79
26 59 15
59 21 60
88 52 60
12 98 32
30 8 25
96 89 44
98 86 99
44 83 93
38 12 92
51 45 82
5 29 67
42 95 78
87 2 83
35 27 19
31 93 54
89 4 91
61 15 82
54 81 55
35 85 15
41 26 92
87 50 24
1 86 13
69 53 27
46 26 11
8 16 87
87 38 57
31 19 88
68 16 85
8 62 68
21 5 61
47 45 40
44 83 98
83 77 14
93 81 33
83 15 71
21 20 34
64 24 62
63 39 78
6 38 90
42 55 41
20 1 97
52 44 14
68 85 49
8 47 40
41 6 80
78 26 43
29 43 37
12 26 94
22 67 45
13 6 25
96 99 11
31 77 67
29 67 59
6 73 35
86 76 11
70 45 63
19 75 73
1 70 22
94 85 8
26 57 38
5 98 25
69 27 92
71 45 46
64 93 92
23 66 44
8 67 66
95 69 76
6 99 11
80 13 29
62 21 3
50 66 64
36 6 44
25 1 11
85 46 94
20 69 90
61 35 88
1 83 35
57 63 83
53 15 39
19 65 48
97 51 73
71 15 70
71 23 1
60 6 42
0 70 43
3 87 77
57 70 21
35 6 58
11 52 68
34 81 73
9 39 59
83 63 67
23 9 69
10 85 40
15 44 44
76 20 94
27 90 71
95 13 42
15 19 15
22 0 88
23 48 20
89 91 31
3 52 54
37 15 73
47 51 31
12 65 28
51 84 95
80 61 56
6 48 51
43 81 30
26 42 76
23 79 58
29 53 8
65 63 39
19 49 17
84 43 88
32 59 55
35 64 14
32 73 58
22 7 12
15 40 20
43 61 6
90 76 92
88 9 22
84 50 66
34 70 78
26 86 39
84 94 47
41 74 50
32 85 59
92 49 22
48 21 94
46 6 80
85 23 19
63 52 24
79 22 38
79 39 54
85 7 55
85 36 99
66 31 75
45 56 58
55 16 11
85 36 67
11 56 51
75 91 21
11 28 57
65 22 2
65 27 45
34 6 42
89 27 98
15 0 18
16 57 26
66 7 76
49 18 66
41 11 5
95 64 46
64 5 53
81 63 91
38 55 23
95 85 59
1 55 65
64 87 35
83 10 87
84 19 60
0 9 90
24 1 89
35 34 78
53 66 94
22 60 85
63 51 89
53 37 62
16 98 89
35 53 15
31 25 58
44 60 18
68 63 39
93 66 10
43 61 30
95 76 27
57 5 75
30 5 91
38 28 81
38 13 35
50 23 75
46 44 56
85 2 8
84 65 94
29 87 87
52 99 84
38 35 44
66 89 24
63 67 38
99 35 50
65 48 57
11 42 92
41 9 42
41 74 49
84 77 53
14 59 95
3 9 20
59 93 15
9 46 37
98 58 86
99 73 13
72 67 4
85 11 36
24 27 8
43 87 32
50 82 33
92 56 71
84 8 94
18 58 28
4 26 4
88 58 37
90 40 46
87 30 55
8 20 51
85 96 11
84 9 96
31 57 25
9 65 50
2 73 48
58 65 29
39 72 100
73 10 81
78 63 81
89 66 13
74 93 42
31 15 46
39 94 15
25 45 11
10 91 54
95 63 27
29 31 22
39 17 57
92 71 15
47 19 53
36 81 88
67 88 13
27 11 57
85 72 58
18 51 68
15 55 17
95 85 40
80 4 88
97 79 89
37 48 24
67 28 82
92 51 56
96 89 86
49 22 42
28 3 98
39 61 96
57 92 16
27 64 3
12 15 23
35 26 42
71 40 34
32 77 49
77 88 63
53 24 67
43 21 30
92 20 20
44 55 62
0 56 78
80 73 68
57 13 45
33 52 92
87 6 34
97 74 87
13 54 84
40 86 66
68 2 78
50 77 34
27 58 73
5 53 43
16 57 85
51 89 74
44 28 24
44 42 74
25 0 98
85 4 54
33 64 30
43 42 77
95 24 29
34 72 87
57 59 45
81 41 65
95 70 60
83 36 14
84 85 35
33 51 43
99 74 93
24 37 3
39 77 25
32 82 60
64 95 92
61 83 13
79 52 55
64 51 13
58 97 23
41 33 97
57 2 78
91 23 58
12 92 29
97 53 27
88 62 4
64 14 61
55 70 52
55 94 89
22 17 51
82 33 78
46 48 83
16 64 15
65 19 79
38 1 90
1 2 68
39 38 27
33 70 89
90 57 62
87 89 7
92 7 99
4 56 17
4 53 2
38 29 56
74 14 44
42 69 61
43 26 40
9 40 71
10 16 46
52 49 77
94 29 14
29 77 10
60 40 74
84 36 79
36 80 7
89 91 48
99 2 35
69 36 40
30 68 74
85 10 85
25 10 70
73 39 42
25 72 92
50 8 11
25 89 66
36 50 80
78 72 26
92 67 79
86 2 29
23 21 83
34 14 89
49 6 17
66 97 17
94 99 7
38 23 70
78 82 42
48 64 5
30 91 14
33 18 60
88 70 7
2 20 2
21 93 54
55 73 39
83 78 48
58 59 55
98 47 26
43 24 23
52 73 36
0 1 14
92 2 55
72 71 88
45 55 7
49 22 58
56 5 36
61 78 50
15 47 18
8 18 19
96 49 43
30 40 29
37 11 2
51 55 83
85 88 56
55 9 61
11 97 61
88 71 80
95 28 89
80 27 24
30 13 36
81 19 19
53 16 53
26 8 2
33 25 45
94 1 55
89 91 18
70 43 58
13 36 8
79 7 59
68 44 60
20 1 16
19 32 24
3 38 84
59 82 7
76 80 69
16 47 68
92 40 9
36 43 62
33 42 91
87 62 73
88 20 74
75 21 87
14 92 14
19 26 3
40 91 24
97 94 16
55 70 45
91 35 12
83 97 51
15 41 27
1 19 59
74 62 13
55 60 69
61 71 93
90 78 33
80 58 36
73 46 23
54 98 1
67 60 33
27 23 96
8 74 82
37 42 44
63 37 12
44 68 88
20 0 41
90 30 22
97 14 49
21 87 22
68 13 54
47 71 11
79 49 11
36 68 51
69 98 82
34 12 96
67 84 22
7 15 60
14 21 54
86 60 66
92 4 78
31 99 17
31 94 28
90 93 93
85 66 24
63 96 99
74 17 15
54 53 34
16 53 93
17 20 84
68 5 47
66 32 3
43 75 97
52 62 18
55 89 69
61 11 24
88 73 49
10 76 24
93 47 28
91 76 90
56 81 90
13 40 5
11 49 13
20 99 4
54 39 91
81 70 73
9 32 53
40 87 18
97 17 57
80 44 50
98 61 45
69 30 83
0 21 97
45 14 56
79 43 69
3 88 7
89 5 95
77 97 16
44 99 30
26 10 77
82 24 51
96 32 78
11 38 99
99 41 76
45 4 85
12 75 99
26 77 32
77 69 92
91 25 78
48 0 21
36 32 87
84 79 65
76 66 98
3 76 51
96 56 94
91 83 24
17 27 57
17 74 25
54 80 78
59 15 5
3 61 34
11 31 45
35 63 85
16 23 46
80 7 39
39 35 41
36 11 36
43 74 53
20 19 43
31 88 41
54 94 61
83 22 62
18 89 21
14 33 93
61 14 91
93 71 11
70 91 2
65 56 95
72 84 13
76 4 5
95 68 79
76 69 6
70 38 8
58 63 65
33 28 49
72 68 94
95 31 90
16 25 76
70 7 75
90 67 61
17 52 4
97 67 13
29 3 26
99 46 13
33 99 55
25 40 75
68 39 75
36 50 69
57 99 27
18 31 3
91 40 97
5 52 26
1 91 33
96 88 92
2 86 69
21 63 9
47 17 87
58 31 50
72 73 40
8 79 37
61 0 59
74 29 10
46 8 33
68 50 67
74 15 65
77 61 88
64 67 33
52 80 76
4 24 37
64 87 52
51 57 71
43 10 12
97 64 93
7 39 98
84 80 13
89 71 93
60 69 19
47 80 28
12 37 60
55 12 3
79 34 24
60 80 65
33 28 68
8 82 50
4 24 1
34 45 20
96 48 2
10 75 2
49 66 7
88 18 44
42 29 11
91 74 63
49 99 3
47 36 32
66 19 10
42 40 73
13 44 4
33 31 17
81 47 96
57 60 66
7 4 2
70 73 55
77 2 83
36 97 91
95 53 7
68 23 48
51 82 38
21 83 19
16 29 71
35 0 54
40 92 69
22 0 75
30 53 45
73 91 91
87 23 98
96 71 50
55 2 10
20 28 33
37 19 12
2 44 17
7 42 87
4 67 86
34 87 2
58 42 39
52 55 39
48 89 23
24 78 28
13 66 59
59 99 50
81 91 95
26 33 90
34 19 11
41 40 13
67 41 5
52 10 46
81 4 5
43 62 31
66 92 91
6 12 66
57 58 45
81 19 58
56 76 64
87 34 91
60 39 97
86 72 87
40 50 70
11 82 25
8 17 26
6 50 2
94 38 88
65 75 15
71 27 85
28 8 23
58 86 86
20 68 41
28 7 86
39 62 94
32 83 42
16 53 1
45 92 97
59 56 95
14 64 48
77 44 49
9 31 90
4 34 78
29 89 87
68 88 52
30 57 93
0 40 76
48 10 83
42 31 73
80 55 13
95 60 15
8 94 60
13 58 78
36 93 75
38 41 71
24 7 65
20 49 50
85 45 71
19 24 52
95 28 52
62 58 96
89 56 17
81 90 100
84 60 68
29 70 10
2 60 39
32 27 24
57 50 92
26 45 60
10 62 7
22 60 11
10 58 66
89 2 52
29 82 89
85 34 66
32 13 34
53 15 36
17 99 75
96 84 46
63 42 89
65 40 30
58 24 18
53 77 52
89 98 58
5 80 73
68 55 44
1 87 38
61 96 99
7 66 100
1 0 93
73 22 55
73 98 37
79 48 65
47 53 97
89 19 79
98 19 41
82 15 41
83 49 86
82 22 77
1 98 26
60 7 87
97 64 31
37 35 6
62 48 79
19 38 3
59 54 57
4 58 35
1 83 70
77 55 68
61 52 82
70 5 95
85 39 84
36 30 18
50 33 50
52 82 55
38 94 1
81 87 75
9 56 1
74 27 10
55 19 76
86 52 96
4 96 39
39 85 49
21 67 71
6 87 28
43 77 66
36 99 44
3 13 28
52 12 89
30 17 10
20 80 40
73 52 60
71 66 83
8 64 48
74 51 46
61 63 90
48 33 10
95 4 69
13 59 57
90 6 45
45 88 1
52 94 42
18 86 12
57 36 7
95 41 21
96 19 44
63 92 37
69 53 42
16 5 27
5 78 77
99 21 38
42 97 92
88 27 66
20 79 7
89 64 90
74 47 62
26 89 9
0 40 42
12 64 92
55 60 30
94 56 21
20 12 90
29 69 41
87 48 86
93 22 91
35 71 7
3 87 32
94 84 98
9 14 70
80 45 23
20 71 92
90 9 7
88 65 96
78 50 22
80 34 61
61 85 30
12 9 42
54 58 64
73 11 63
3 48 76
33 66 70
79 69 57
30 90 84
12 51 67
7 85 33
95 3 43
84 16 6
92 85 94
95 92 6
82 48 65
7 35 38
91 58 58
9 32 3
17 82 17
89 37 99
8 90 24
60 55 47
54 25 35
79 32 2
17 2 92
54 78 73
4 11 25
26 77 55
26 42 47
42 54 19
75 92 58
20 94 62
82 39 2
24 35 83
24 66 18
51 88 29
20 84 40
4 38 43
95 5 5
49 66 86
38 81 33
80 13 7
49 19 17
0 96 88
16 11 14
1 34 21
94 75 35
90 39 41
77 47 56
9 24 77
65 36 1
73 37 60
94 45 41
22 93 84
74 1 85
73 6 94
14 54 42
18 76 84
17 44 5
22 25 7
41 59 75
23 88 57
36 3 87
93 14 63
84 30 6
46 7 30
48 72 95
43 93 98
19 91 58
22 25 62
85 99 59
33 98 18
25 42 76
77 42 65
91 87 32
8 55 6
31 74 29
17 97 100
81 37 62
1 62 27
70 36 30
27 96 60
68 96 10
56 29 96
9 1 21
88 90 85
27 63 30
82 49 84
29 2 82
58 92 79
72 64 84
68 58 1
67 41 19
12 36 45
61 34 73
40 88 70
96 76 13
72 90 17
9 45 68
52 94 73
97 43 28
38 10 79
3 91 19
95 13 100
11 25 100
30 60 43
19 72 72
45 2 73
8 95 80
57 92 5
72 46 80
22 27 47
66 45 61
36 96 49
79 86 41
97 94 27
52 96 55
47 81 17
99 64 65
86 53 3
49 52 62
61 23 12
93 73 65
38 57 5
87 6 36
27 75 35
30 18 51
52 63 74
75 71 30
61 46 69
68 73 64
8 0 86
31 56 97
65 51 57
77 47 82
54 57 57
29 86 27
57 28 44
4 84 38
97 21 60
78 99 11
60 86 10
67 12 82
66 39 85
40 83 58
76 27 40
29 3 74
56 92 80
67 9 49
11 54 76
14 56 84
49 5 46
96 6 77
11 6 9
64 48 43
84 93 17
61 23 9
42 35 34
85 33 73
97 63 27
58 51 30
95 19 72
4 11 29
3 99 58
66 72 99
26 1 43
4 18 100
64 12 4
16 92 45
58 49 18
5 41 30
51 70 11
0 72 4
1 3 85
65 47 98
8 45 100
42 57 4
43 13 32
91 52 4
61 63 16
75 43 59
40 25 11
32 90 5
46 38 98
59 98 79
8 43 18
82 73 61
25 70 23
7 80 96
52 13 41
51 52 39
84 11 88
7 61 81
94 57 72
21 89 85
40 14 30
4 39 48
90 28 36
85 60 78
59 42 75
17 26 92
36 42 52
26 74 6
87 50 59
8 24 10
79 85 39
36 49 93
74 94 10
37 78 52
36 90 52
84 8 17
82 52 25
14 34 14
65 82 73
69 91 22
1 49 3
62 69 46
10 39 58
98 33 72
2 8 48
80 73 52
65 81 73
90 35 9
43 91 6
83 28 79
25 68 62
68 6 84
56 44 61
0 25 40
40 59 73
5 85 50
17 76 74
96 40 29
14 50 36
36 72 24
20 53 16
85 62 97
42 5 88
79 88 30
22 97 82
44 94 31
17 27 52
36 68 31
47 75 61
10 26 41
83 78 48
9 22 29
86 57 57
84 34 60
90 52 5
52 79 52
38 87 56
4 55 99
45 82 9
91 82 47
36 60 51
9 89 52
61 53 51
13 87 44
2 51 34
35 38 70
72 67 9
43 12 66
32 13 79
41 31 72
75 24 97
30 93 72
27 75 82
71 10 38
83 38 87
41 89 77
90 79 32
61 42 16
8 86 44
19 14 99
73 36 77
18 23 29
97 37 37
48 93 53
45 62 25
14 98 71
75 96 63
33 80 81
46 27 63
91 64 57
85 65 26
42 32 22
37 24 83
32 47 3
94 28 68
34 66 7
61 63 64
70 77 95
20 80 15
87 40 20
14 91 76
71 96 13
65 90 58
91 39 92
27 92 40
99 52 86
42 87 100
28 65 21
34 55 31
26 81 11
33 43 12
8 59 97
87 11 23
1 36 16
23 54 51
65 57 55
93 21 8
12 48 92
98 18 42
22 49 83
24 99 79
65 61 61
74 86 75
66 24 53
78 98 59
20 73 1
77 45 35
22 80 19
36 43 27
42 36 64
9 75 55
36 42 70
54 15 96
51 47 62
22 85 85
90 49 26
35 39 40
91 56 57
50 75 27
97 92 31
61 58 40
37 68 55
7 31 66
1 14 80
80 79 15
53 61 62
35 45 23
50 79 58
25 99 5
49 38 97
58 98 79
55 66 22
41 12 4
71 78 95
16 60 22
12 90 36
16 29 45
1 27 47
9 47 8
7 47 45
26 85 95
20 17 63
35 70 71
63 11 5
89 66 29
12 23 18
68 5 84
80 77 29
78 91 6
41 17 53
22 90 5
35 34 15
49 19 22
24 55 11
40 35 20
30 27 47
98 6 51
49 5 93
98 50 15
72 6 76
39 7 22
33 61 48
52 85 83
74 93 41
64 59 57
56 7 17
12 55 79
58 1 57
27 5 25
56 78 75
56 17 55
5 44 41
88 45 34
13 83 51
28 32 15
8 99 21
9 23 38
46 66 11
50 31 100
53 13 68
36 44 18
31 30 10
39 54 24
89 34 85
70 36 87
80 68 45
83 96 26
93 34 64
29 15 27
35 7 100
77 16 84
99 94 55
51 13 76
11 76 85
47 49 97
80 22 28
68 28 66
82 77 42
77 24 9
77 70 26
78 17 5
67 74 1
70 44 31
38 99 35
26 98 70
79 47 82
70 22 8
39 81 80
99 80 12
70 62 96
40 67 95
79 63 80
10 15 80
27 53 13
79 28 50
95 40 71
96 68 18
13 39 64
13 56 38
59 49 49
95 1 5
34 87 58
90 54 58
7 54 83
58 75 54
30 43 37
86 51 85
27 99 30
3 67 38
5 88 58
69 57 89
76 45 63
8 3 90
27 88 48
93 39 65
16 36 82
25 1 84
13 57 89
46 92 75
88 36 41
98 13 74
18 5 96
88 65 80
3 7 69
21 11 14
61 18 46
98 73 76
38 46 41
80 37 8
41 93 8
17 55 16
8 66 19
24 96 20
57 70 80
6 79 3
40 25 18
22 63 79
63 80 26
81 80 13
65 80 34
92 20 25
89 5 76
10 43 45
20 53 82
78 7 25
72 22 13
1 45 9
30 70 60
59 74 86
54 13 39
31 24 44
89 13 47
64 33 39
16 55 94
41 34 30
33 35 68
5 95 52
33 2 89
94 97 28
52 50 38
46 50 68
75 48 26
36 62 3
76 21 74
60 57 58
8 98 62
15 71 53
63 46 90
52 28 38
62 55 44
62 13 82
99 58 91
78 58 64
56 65 92
99 63 6
80 1 9
79 95 80
34 46 80
73 93 71
68 16 39
89 47 76
55 93 24
96 25 55
94 85 1
52 47 58
22 72 51
77 80 72
66 35 31
5 92 87
74 33 54
30 65 48
69 31 31
59 39 58
52 24 12
37 83 81
60 3 71
94 88 10
80 27 92
64 28 76
36 63 5
76 30 9
11 5 96
8 99 46
82 79 44
87 19 18
72 23 46
12 35 39
29 81 56
54 98 27
97 13 45
82 74 72
9 97 17
37 59 37
85 45 90
49 81 30
46 0 60
35 68 89
84 30 97
57 49 33
34 16 72
95 65 39
24 11 72
19 87 34
4 9 34
75 52 18
44 32 79
45 49 100
58 57 76
8 95 34
71 41 73
71 91 86
46 35 27
55 88 39
18 83 27
29 33 38
70 19 31
77 96 7
66 92 87
76 27 58
25 1 89
86 0 79
29 62 72
28 54 60
75 47 9
28 61 60
84 13 57
28 53 97
61 22 69
4 54 76
63 21 36
2 16 47
69 54 29
15 96 72
1 3 10
42 64 36
13 86 32
34 5 13
47 16 41
21 74 7
98 70 57
0 43 7
48 25 25
10 4 74
83 73 37
85 82 48
87 27 57
88 8 64
6 49 76
80 3 46
70 52 37
7 37 48
10 39 69
76 39 75
13 95 5
77 1 29
3 45 36
33 8 28
36 52 75
59 15 88
88 87 62
70 30 91
65 45 23
6 74 28
88 63 50
33 26 19
58 2 39
51 96 14
46 63 82
52 13 90
41 81 33
52 90 61
8 50 9
7 19 1
87 35 7
35 25 59
29 87 93
66 47 12
30 66 55
56 79 45
35 31 69
24 74 3
21 43 45
31 2 49
67 34 32
4 32 41
74 88 66
96 58 35
21 78 69
60 39 44
7 88 16
37 82 71
92 99 47
55 97 38
46 96 4
50 19 56
47 51 2
82 10 71
80 31 78
95 44 76
75 55 88
44 14 23
85 25 82
31 82 25
25 60 91
40 4 24
46 52 24
21 45 54
28 73 31
56 90 17
4 84 82
13 93 52
3 96 63
51 14 58
52 53 97
39 52 79
12 55 81
95 83 61
88 75 72
43 1 76
5 16 70
29 33 44
53 10 76
2 65 16
1 77 97
63 59 97
69 44 66
26 73 96
11 61 49
22 63 23
20 45 94
46 43 81
79 80 98
33 1 80
89 33 44
96 59 63
46 90 21
49 21 13
14 97 81
3 14 93
32 82 52
97 39 73
9 92 84
50 59 76
26 96 13
13 40 47
52 1 33
60 99 58
50 18 19
92 6 33
13 55 39
42 98 17
66 88 26
89 57 30
19 5 66
62 56 93
28 81 56
25 50 84
92 44 7
36 41 87
96 75 73
2 82 7
78 18 40
56 53 68
37 77 36
42 79 84
34 20 28
83 76 94
91 64 21
26 71 53
36 28 64
91 54 58
6 71 67
26 29 87
50 91 1
63 45 88
59 20 18
43 22 9
16 59 20
93 79 68
84 52 47
33 22 55
8 97 4
96 90 58
25 91 84
75 16 56
44 80 35
45 31 29
51 14 35
68 7 44
84 16 37
48 79 48
85 6 75
28 45 79
63 87 68
67 62 82
38 47 21
32 92 23
66 35 80
96 66 60
63 86 93
20 9 68
12 39 51
69 0 73
5 3 17
91 50 11
29 12 39
18 74 50
16 6 80
92 31 68
57 30 63
74 96 64
10 25 36
72 54 50
33 20 50
66 97 51
6 76 94
91 20 62
13 24 51
23 46 53
93 69 15
18 9 19
53 45 79
31 82 68
40 67 63
72 26 30
95 0 45
20 6 46
97 98 6
24 71 57
83 13 47
74 69 47
76 32 63
10 23 61
49 68 3
35 79 69
81 76 73
84 56 45
71 51 20
72 62 44
27 0 82
25 67 70
30 11 10
39 38 95
20 29 19
43 64 46
48 44 49
71 14 96
17 58 31
62 75 69
53 42 98
4 81 40
30 74 91
65 75 31
56 50 62
5 75 76
99 5 38
72 93 16
45 37 77
0 37 28
22 66 74
28 74 14
71 11 18
50 4 81
44 34 50
48 58 21
39 16 3
47 29 2
18 84 60
57 16 77
93 89 47
12 42 99
1 41 96
57 10 89
40 91 97
64 53 71
47 11 44
4 74 83
65 98 62
45 78 53
81 16 18
4 72 89
81 24 96
61 56 83
35 32 15
95 56 79
63 99 33
61 45 50
55 20 26
11 84 87
45 17 54
78 55 5
9 94 54
17 7 10
32 84 43
51 59 16
32 57 9
23 53 28
67 91 69
79 17 85
77 23 74
90 89 88
37 1 84
8 78 23
90 25 78
25 1 70
50 72 16
97 13 44
90 16 42
36 13 82
64 81 8
41 80 38
92 71 33
35 72 50
20 87 48
37 27 32
71 60 93
26 49 91
24 61 72
45 26 24
32 27 71
1 28 5
18 4 15
52 95 51
82 96 76
19 45 17
8 27 63
47 8 40
80 1 52
80 96 86
70 6 62
22 16 58
15 73 11
5 35 21
56 63 90
65 91 82
44 22 20
83 31 82
55 69 32
2 64 30
20 44 20
21 28 54
82 86 19
9 69 29
52 34 34
46 90 68
63 62 45
87 57 51
70 97 12
90 42 30
83 66 63
34 54 38
85 72 36
96 14 27
11 28 1
64 48 31
60 63 19
73 91 18
64 56 68
84 23 8
19 31 52
95 0 69
10 97 81
74 77 3
78 11 56
78 14 100
53 93 20
75 85 12
22 92 43
88 39 62
72 55 45
68 73 45
22 17 66
2 41 93
4 70 11
61 78 47
32 95 83
34 12 58
28 80 19
82 17 69
45 80 55
27 35 72
98 82 72
21 25 92
4 62 11
91 15 87
39 23 1
95 64 5
90 37 59
15 9 98
87 71 39
37 72 15
34 66 32
95 19 6
6 17 45
40 20 54
24 44 84
73 95 29
96 69 54
85 32 5
64 46 36
41 13 66
43 61 11
7 62 57
99 56 31
47 83 58
55 64 71
58 30 74
73 10 86
68 54 44
70 37 84
57 74 15
22 62 68
15 47 52
45 53 55
62 6 99
75 43 31
56 60 86
4 3 7
29 3 90
36 87 28
11 78 71
86 14 95
95 55 34
9 14 72
71 4 60
33 93 83
64 89 22
90 32 37
90 62 94
62 16 97
51 12 25
1 64 25
73 24 14
76 10 17
7 61 9
38 40 74
65 70 33
80 15 22
35 94 80
21 41 51
41 29 94
16 4 72
57 97 60
61 86 59
51 72 92
33 66 97
16 71 59
8 57 96
34 25 19
76 5 24
34 27 32
60 56 5
46 86 64
44 0 69
61 0 45
93 51 61
83 4 52
31 51 77
73 14 67
68 6 45
69 20 13
98 68 37
64 4 68
44 62 30
92 21 47
55 68 79
44 95 13
48 33 65
24 18 91
70 91 57
6 11 51
51 7 39
47 69 7
52 86 40
4 12 16
13 2 23
75 45 90
17 62 77
91 51 79
30 26 55
49 5 59
80 97 15
3 51 89
88 57 96
60 25 72
17 97 56
56 39 91
4 88 27
83 67 25
35 21 65
81 50 53
82 95 81
5 23 76
13 28 89
53 2 1
51 40 10
47 52 57
55 41 97
67 94 58
57 84 10
44 35 26
10 73 72
27 47 48
7 44 65
93 46 76
72 43 15
39 2 76
83 54 98
7 14 69
5 87 100
48 1 64
97 8 47
70 73 41
60 6 43
58 96 33
12 93 16
45 32 65
82 18 89
55 71 98
44 47 25
92 72 40
95 20 57
95 90 41
47 98 77
31 29 18
6 65 58
21 60 98
42 38 53
92 80 63
42 38 96
82 29 3
17 33 7
60 62 3
43 63 67
27 67 59
50 64 69
84 55 36
2 99 8
23 44 67
42 23 66
11 35 40
42 4 86
7 87 62
81 49 96
28 65 58
96 62 70
84 28 54
38 73 32
64 1 30
70 46 64
43 46 84
72 79 23
89 52 92
37 75 67
23 60 26
68 31 5
23 36 38
93 60 51
69 24 25
15 81 20
53 14 85
26 31 99
98 37 4
11 97 43
85 61 50
47 52 83
35 38 91
95 11 67
56 66 97
10 24 27
41 44 40
36 86 69
48 71 54
57 51 40
12 50 88
74 11 61
65 80 64
43 58 40
77 92 14
0 6 35
2 54 18
63 71 55
45 48 85
0 51 16
1 62 25
69 13 53
55 60 29
40 49 27
41 3 19
37 24 41
17 35 96
17 94 55
12 69 20
92 0 10
29 16 60
51 64 87
59 9 78
69 19 28
1 41 66
53 50 40
9 79 96
49 54 11
53 94 11
68 81 95
34 61 87
48 40 19
20 1 77
59 15 88
39 68 39
30 86 44
99 22 33
74 91 63
50 25 9
73 16 37
23 24 79
76 12 25
41 99 54
66 1 81
43 21 79
8 28 55
80 71 68
31 35 82
74 59 54
30 81 20
51 57 45
71 42 10
82 11 77
21 50 77
86 50 8
23 59 23
25 49 3
36 92 51
44 8 72
8 73 99
18 63 2
75 56 36
16 79 33
82 67 49
64 81 48
56 49 14
43 52 55
23 61 12
24 90 31
38 63 70
43 64 62
53 85 42
76 72 10
51 58 81
30 19 36
7 30 61
52 16 25
46 88 70
82 73 84
70 27 58
82 27 48
0 82 56
91 68 39
25 22 49
97 43 82
66 79 28
37 59 57
69 34 36
40 2 96
13 26 91
5 74 11
29 9 39
65 32 12
39 45 5
61 90 83
16 17 51
49 75 76
20 28 15
19 57 68
36 32 55
22 72 79
57 59 61
9 26 95
99 43 26
37 70 100
96 98 9
76 62 27
67 34 23
20 12 84
37 1 99
35 34 40
56 38 88
72 9 9
30 46 1
71 40 14
30 68 20
58 71 33
30 60 36
9 29 94
41 74 47
5 93 56
3 62 69
83 76 33
96 12 2
41 44 58
1 7 38
96 73 22
90 53 33
31 30 25
64 90 88
51 13 58
37 68 64
6 82 79
23 44 50
23 87 79
49 91 32
97 59 68
71 60 97
65 33 46
13 75 58
87 30 16
6 55 19
3 21 73
45 50 45
85 56 84
92 17 62
61 31 6
39 5 42
90 77 31
20 45 93
6 27 58
57 29 21
41 31 27
45 27 18
97 4 22
92 50 25
34 60 74
24 97 40
91 99 24
54 48 39
31 34 55
79 44 91
27 17 67
7 70 73
55 4 36
37 26 44
50 74 69
41 79 39
5 8 47
76 62 37
46 42 70
29 74 87
47 2 29
52 29 90
70 13 87
59 4 62
94 71 41
21 31 38
55 96 35
56 32 61
1 54 11
32 52 18
15 17 15
93 91 87
33 23 41
49 94 26
15 77 5
0 53 78
72 99 19
47 98 8
2 19 28
14 10 60
66 77 62
76 10 91
67 51 38
28 0 2
88 87 19
81 15 40
25 57 33
61 80 32
12 81 74
6 37 56
55 88 13
97 0 73
6 38 46
3 87 2
54 60 71
61 82 89
92 1 57
26 30 28
70 52 94
90 75 49
14 38 93
47 13 11
12 65 36
68 0 71
93 47 27
15 62 51
84 83 66
70 74 11
34 15 99
73 83 43
18 82 52
86 32 100
58 25 14
71 65 70
71 0 96
48 12 21
31 95 64
72 3 61
33 64 99
60 44 25
42 44 28
85 93 82
31 52 92
71 62 13
93 59 33
64 88 13
54 26 60
60 23 12
71 32 46
24 87 98
60 94 22
91 16 97
61 92 49
65 99 15
88 89 48
63 79 49
73 54 51
30 71 39
42 71 70
39 77 4
60 29 73
82 15 66
52 74 31
35 95 6
92 58 27
83 40 33
38 49 45
30 27 85
63 16 14
25 46 74
46 84 7
57 82 43
48 76 48
79 69 73
16 10 86
55 64 10
56 7 56
23 49 65
50 59 29
13 53 97
82 6 73
53 24 69
24 36 55
78 16 11
44 6 19
46 78 72
23 66 76
63 54 7
24 30 7
42 74 17
67 89 59
53 46 89
6 55 89
92 45 1
12 45 90
99 38 13
33 82 94
51 17 95
62 52 83
47 35 82
87 15 75
84 42 67
53 32 74
79 8 95
24 94 72
37 27 90
66 37 10
70 72 64
85 16 15
88 26 35
77 27 7
21 47 86
60 45 33
88 90 57
50 88 83
59 34 12
33 50 19
39 59 79
2 29 23
61 28 54
4 46 66
41 96 73
42 52 58
22 4 46
4 42 88
65 45 4
39 78 97
12 25 10
53 90 39
86 68 58
98 51 50
4 22 16
49 67 16
10 86 68
59 95 85
5 39 22
20 19 65
35 39 93
45 79 81
59 65 75
0 28 9
54 11 72
36 96 37
21 94 30
77 17 49
6 53 41
2 88 12
98 97 71
95 90 37
97 25 65
53 56 55
89 48 11
67 55 52
30 58 45
42 95 13
6 76 62
81 97 8
95 17 38
96 38 85
38 59 31
97 21 82
89 46 41
80 18 54
96 42 11
18 84 84
97 17 10
24 48 39
4 56 13
55 91 13
40 52 18
57 89 12
57 45 39
49 13 71
34 96 7
43 32 30
16 9 23
83 65 90
59 25 84
93 39 65
1 44 19
95 31 29
68 42 27
99 36 77
19 50 85
61 53 72
9 35 87
49 73 48
79 10 94
24 76 22
90 77 60
53 20 10
1 19 78
69 15 9
4 17 27
19 53 20
18 7 2
77 54 40
80 1 5
92 3 97
45 72 10
13 95 69
2 21 92
98 54 77
72 64 86
77 93 50
99 10 1
34 71 48
59 32 78
62 31 39
81 13 85
2 28 82
35 5 74
50 61 46
93 51 42
94 60 45
42 84 57
51 91 58
12 29 7
47 42 71
48 13 47
31 26 4
19 80 12
0 57 38
30 28 6
51 19 68
56 58 16
17 62 62
35 28 65
63 67 56
86 47 64
13 2 75
67 76 31
50 57 13
57 47 41
7 57 53
85 50 79
75 97 7
47 33 90
22 1 25
13 82 93
19 17 58
42 6 20
87 1 77
99 1 18
70 53 32
55 89 32
72 1 96
51 97 90
66 20 81
10 74 75
91 6 83
81 22 83
7 61 59
96 53 37
73 3 52
37 67 39
22 30 70
10 9 80
13 70 97
28 42 2
32 76 16
47 99 52
24 17 62
47 72 20
30 76 79
72 94 95
46 33 73
89 1 21
59 55 51
73 32 27
55 66 62
44 84 95
98 15 63
64 79 72
13 10 67
92 52 11
95 66 79
22 10 5
51 96 1
8 12 66
6 0 13
34 90 35
60 1 29
14 29 3
35 94 90
10 45 88
0 77 35
86 63 53
16 51 29
82 51 6
79 16 1
52 72 6
76 49 6
11 80 44
29 16 92
67 17 54
24 61 23
28 58 23
3 19 4
7 31 2
77 24 65
65 68 43
69 2 70
19 49 65
59 34 10
93 44 17
51 96 76
43 90 37
41 34 60
51 62 88
42 9 67
59 17 17
26 21 82
25 18 59
3 4 93
16 10 3
94 83 30
63 68 85
47 73 35
58 24 5
46 39 31
11 39 100
76 32 10
76 60 100
75 98 77
31 55 89
12 38 43
29 6 20
49 4 79
29 28 42
25 62 3
20 62 40
50 12 29
15 89 7
60 12 41
9 82 50
53 54 59
54 65 82
98 70 11
3 99 24
32 84 39
49 6 13
44 40 37
58 5 69
39 8 19
35 44 67
38 94 78
47 81 55
66 1 74
5 86 87
9 65 4
15 7 42
95 33 30
31 28 69
72 67 51
96 61 14
53 24 74
98 48 14
1 65 5
39 51 38
17 76 18
83 19 58
8 50 78
95 64 100
40 95 44
36 10 42
87 61 75
96 14 90
93 50 70
35 31 73
9 88 37
25 78 95
37 76 54
96 30 37
42 41 52
83 68 12
28 67 86
88 54 67
45 51 65
98 42 50
91 72 70
8 2 94
58 94 90
18 15 16
4 6 56
76 16 41
69 92 73
51 79 26
31 21 79
72 86 28
52 67 4
55 21 100
20 13 7
34 35 85
49 43 60
41 82 62
41 61 53
19 92 61
56 45 60
19 49 85
90 95 3
