31 7 36
53 73 60
39 22 88
1 66 65
83 5 45
22 67 59
31 3 85
15 76 97
17 52 80
18 2 45
61 26 34
27 50 43
36 61 57
63 5 35
0 81 9
77 15 67
91 20 41
95 12 59
49 14 84
79 39 13
58 45 28
63 28 65
51 19 11
64 47 88
77 0 71
89 45 60
65 18 86
72 94 96
37 67 38
56 1 54
68 75 70
77 34 23
55 84 12
83 79 90
74 20 27
47 80 40
73 99 81
69 78 79
25 95 44
43 24 31
87 15 40
54 49 91
32 10 31
9 86 53
27 77 48
44 5 89
69 84 23
85 90 83
49 11 41
14 94 6
27 36 44
56 96 47
99 54 75
70 42 12
3 78 27
67 72 27
77 62 55
75 67 81
86 55 12
18 8 53
6 99 42
18 0 5
14 86 80
21 25 37
46 40 28
74 60 14
63 85 91
25 51 94
91 69 14
11 31 96
53 7 71
91 74 1
67 7 87
42 53 18
20 59 100
74 89 80
36 84 4
71 53 59
23 22 21
96 77 46
33 58 31
36 24 43
2 42 19
86 4 73
25 20 56
43 0 61
58 52 25
88 99 83
84 71 26
28 1 81
7 38 85
52 25 31
52 5 33
17 76 92
21 15 28
54 24 82
91 70 60
14 97 32
48 75 36
95 98 57
64 28 89
93 72 20
42 50 53
39 47 88
57 20 45
47 66 26
69 27 94
41 57 88
79 74 45
18 59 43
42 17 41
47 44 80
6 78 51
22 16 62
93 24 18
31 10 85
33 53 41
77 36 99
52 85 28
26 75 86
77 33 38
54 88 28
2 67 79
62 91 15
10 27 98
49 27 83
44 24 18
92 84 36
46 89 16
16 9 55
41 68 96
34 65 95
36 97 38
46 7 55
33 83 95
45 97 29
89 42 94
58 48 50
7 3 45
8 53 13
67 63 97
48 10 62
1 92 14
98 34 28
12 61 93
43 17 57
12 35 61
14 69 81
72 39 76
39 65 57
98 80 97
95 25 46
60 72 85
75 69 55
73 46 59
39 52 90
87 82 20
44 34 60
6 2 33
70 67 52
33 50 59
50 93 74
63 8 74
68 28 49
30 37 51
32 89 14
25 59 29
81 86 26
33 60 6
43 97 83
83 35 20
61 76 85
99 77 31
56 38 60
32 95 47
63 58 73
44 82 84
95 1 92
3 53 86
70 30 46
97 95 9
24 41 51
34 67 40
91 95 71
11 65 64
8 64 89
85 67 41
67 93 26
28 22 62
9 35 10
49 74 11
73 29 2
44 80 84
11 96 100
54 24 13
61 63 96
16 4 11
39 80 9
1 31 12
48 21 29
59 24 35
27 66 90
6 30 56
72 78 76
73 21 6
32 44 5
6 99 7
27 33 59
98 56 62
0 13 48
21 70 62
95 21 53
87 53 25
99 20 26
32 69 53
85 99 66
96 74 2
69 75 82
47 3 37
88 34 4
26 53 85
19 72 4
77 80 17
98 62 86
43 16 83
47 89 36
1 92 76
81 96 26
25 71 72
30 66 28
69 57 67
96 55 45
85 96 73
72 29 69
49 27 83
32 66 58
50 43 10
43 70 45
63 19 95
15 49 9
1 40 18
98 58 94
4 43 18
9 77 80
75 60 71
35 90 66
33 29 38
34 44 42
25 42 71
13 10 15
44 85 81
40 57 73
73 39 80
55 79 64
52 20 5
36 24 84
46 11 7
28 42 10
79 4 97
61 56 19
0 97 11
18 65 70
67 14 25
44 53 30
61 75 45
78 25 25
91 25 80
4 55 50
40 41 7
74 80 12
61 38 12
35 31 27
79 96 72
54 72 4
13 80 7
91 36 28
24 50 71
37 52 6
47 36 72
75 64 44
95 67 60
34 91 43
81 99 62
72 47 74
56 60 15
51 38 28
22 95 54
70 73 86
50 56 63
54 30 90
85 42 18
46 94 71
85 87 56
56 45 52
54 56 40
12 92 76
8 58 17
47 18 23
76 67 17
23 50 20
18 61 15
27 24 7
64 40 27
10 78 4
38 96 10
67 6 37
53 99 61
88 54 42
72 78 38
82 85 56
92 89 69
10 55 29
74 32 17
93 41 81
98 59 28
97 86 7
16 19 24
76 93 28
52 23 55
6 72 24
68 17 55
69 71 33
3 2 1
84 42 75
87 0 75
86 22 9
23 41 70
57 91 75
93 41 28
3 76 47
43 21 95
34 78 21
8 27 88
83 55 87
10 62 40
54 72 73
49 81 24
99 10 55
64 92 28
87 90 12
55 87 85
0 24 70
79 88 35
19 35 16
5 26 1
84 94 80
81 14 58
74 14 7
86 83 40
98 94 78
81 93 55
80 91 11
72 9 6
59 61 78
26 73 12
95 73 67
79 17 37
88 10 30
68 37 39
51 8 90
0 51 33
91 58 43
61 36 16
25 16 16
6 68 26
50 57 91
0 26 71
38 7 82
96 4 2
56 85 87
58 37 48
68 75 96
14 44 15
9 17 47
89 2 82
45 36 58
30 99 85
62 40 47
98 61 68
24 6 12
95 21 11
73 37 47
66 40 47
66 82 96
78 56 51
82 96 71
6 39 29
5 19 50
24 67 56
61 3 57
5 90 14
95 16 78
32 75 63
25 87 49
92 70 91
62 29 74
17 13 41
68 86 75
12 58 47
63 88 94
56 39 93
18 59 9
67 35 58
96 58 37
4 82 46
83 0 75
25 21 13
66 58 36
23 60 29
99 23 19
6 16 14
12 30 54
35 92 97
80 36 29
37 12 67
57 44 6
6 22 89
28 71 28
84 1 41
13 23 40
10 16 72
92 60 4
8 19 89
59 6 50
76 33 98
68 56 84
13 82 56
0 37 46
54 84 41
70 18 82
70 20 10
27 29 8
59 31 84
47 83 28
85 95 94
82 26 91
56 19 64
66 88 32
43 56 79
21 18 64
65 14 49
96 58 72
75 72 25
11 42 83
53 9 25
60 41 7
77 21 52
51 94 5
51 8 29
36 76 70
51 29 76
62 80 44
65 39 17
5 33 86
18 92 27
69 48 36
96 94 38
64 31 6
18 9 95
81 87 70
50 53 76
18 50 81
24 0 52
16 45 96
76 99 62
54 91 51
16 3 37
95 66 1
88 58 65
5 26 17
48 88 95
81 55 56
13 7 92
47 49 6
6 90 77
72 51 76
65 13 31
11 8 25
52 68 58
20 36 28
4 35 53
47 8 59
11 61 76
89 73 42
52 1 43
79 16 5
23 79 14
35 10 59
57 11 30
73 15 58
98 37 10
51 2 51
95 65 77
46 91 83
65 97 44
65 7 11
83 27 40
73 56 78
68 53 95
51 90 43
20 52 80
3 4 27
33 90 78
55 57 89
58 70 69
52 86 100
69 44 66
58 82 48
67 27 74
96 39 1
43 75 21
20 63 59
91 71 71
67 84 48
94 64 76
53 21 30
39 54 29
97 11 71
13 80 54
82 99 39
52 2 98
5 86 67
46 70 81
6 48 22
26 73 3
50 10 12
88 52 76
20 19 78
88 69 76
57 80 91
63 0 43
53 51 96
58 41 20
83 81 100
83 41 16
87 27 18
7 1 87
74 9 38
44 16 84
13 97 2
81 14 1
14 4 82
5 97 95
66 68 22
64 62 33
42 72 44
23 79 15
45 90 83
79 99 30
69 22 45
38 72 33
2 4 21
90 79 37
92 64 53
19 88 80
50 64 6
1 39 95
16 28 86
40 58 100
44 6 9
12 14 15
28 63 23
85 32 34
8 54 10
56 25 51
29 22 22
99 78 83
59 3 56
30 90 5
10 43 72
73 10 48
30 16 6
77 69 84
66 92 88
46 16 26
39 62 97
16 26 81
98 1 60
97 29 8
30 63 67
35 83 99
98 3 90
37 5 96
75 24 21
4 59 6
46 12 20
79 87 28
69 50 3
23 39 51
25 64 84
12 63 31
96 71 43
31 4 82
74 10 67
61 15 51
84 17 100
1 86 29
96 0 13
1 49 21
79 72 28
83 24 60
44 93 15
2 52 59
50 92 26
53 36 14
65 44 98
40 82 100
8 38 31
95 66 31
20 7 96
60 43 38
82 97 11
15 81 25
26 90 100
47 65 42
75 30 1
39 38 10
84 70 77
45 5 85
64 28 24
0 2 51
90 55 20
65 5 42
73 57 56
82 60 78
43 29 21
90 79 49
20 93 46
11 68 78
1 24 77
31 1 29
50 14 35
23 7 84
41 86 6
73 16 91
96 70 24
54 95 51
82 93 19
70 72 11
63 57 31
33 50 92
55 19 23
7 57 51
9 67 46
91 79 32
35 50 97
63 57 8
68 66 95
16 81 80
54 30 61
19 65 37
0 93 54
56 17 71
38 9 98
74 3 82
49 45 34
31 23 49
45 15 62
53 91 65
28 38 53
85 49 97
30 93 1
71 96 37
83 13 83
0 15 80
23 45 50
43 33 2
46 64 61
88 80 18
40 91 63
38 27 93
88 49 94
74 20 17
58 59 15
2 55 34
62 37 84
45 99 49
13 27 65
35 50 87
84 76 14
27 12 9
44 30 69
51 94 14
54 76 83
55 66 14
99 24 72
4 42 7
73 76 6
88 14 100
62 55 15
28 39 3
44 98 32
44 38 23
2 45 98
46 14 30
11 5 15
95 3 61
64 93 4
61 85 8
37 54 10
33 16 16
68 20 24
34 4 74
6 67 89
73 1 56
40 89 56
11 2 54
15 86 56
8 33 50
17 71 61
59 98 57
64 77 8
89 43 44
35 96 52
43 54 29
16 75 63
68 23 14
14 36 45
3 6 28
65 84 48
29 12 93
6 93 95
18 62 43
66 56 95
70 12 8
29 12 84
34 74 73
79 70 65
37 1 93
99 24 78
31 86 73
9 16 93
69 16 49
13 81 27
5 10 27
24 14 46
27 28 54
76 90 75
30 45 4
6 10 96
63 97 2
68 44 8
6 22 35
60 58 50
35 92 46
90 19 63
77 50 86
32 31 28
27 52 73
92 14 19
33 5 83
25 51 86
38 34 39
7 71 10
9 37 56
83 99 40
33 97 95
69 40 75
66 32 66
32 60 63
6 69 57
74 28 71
40 6 71
53 68 66
8 3 49
65 51 77
29 89 49
95 92 38
42 15 77
42 38 85
51 34 23
9 93 43
62 98 34
34 75 30
68 38 54
21 35 54
25 3 34
4 92 80
68 66 12
71 30 20
20 47 81
52 6 60
46 52 35
66 68 54
46 53 79
67 2 58
75 82 2
95 97 80
26 16 10
28 97 30
12 25 42
1 32 69
75 98 69
70 81 71
48 99 99
78 9 52
52 22 65
71 28 57
63 48 93
12 91 77
62 9 92
81 64 23
98 51 38
71 31 95
16 79 79
65 97 92
67 80 30
36 28 53
38 19 5
13 64 63
55 53 63
16 9 72
98 42 31
39 24 26
35 53 27
31 9 51
21 9 55
28 63 96
21 58 5
88 39 34
30 13 8
82 78 63
91 21 50
57 95 56
6 40 23
19 31 47
39 58 69
16 29 72
55 3 71
30 15 26
43 88 24
62 82 87
24 60 27
95 6 69
83 42 15
35 79 1
27 10 18
74 15 17
51 56 90
21 51 11
1 37 47
16 19 20
90 77 3
16 94 73
54 64 25
98 29 63
11 16 68
89 14 59
80 52 59
26 59 53
12 31 63
17 67 62
97 61 10
98 15 74
84 72 61
62 41 98
49 76 2
32 63 72
9 78 100
27 92 46
18 82 24
14 9 43
4 81 29
61 84 23
77 23 41
95 32 75
91 80 34
61 31 62
38 5 74
82 80 51
98 1 50
29 33 31
16 43 60
79 24 74
54 4 79
48 30 62
43 89 83
63 35 86
80 89 58
22 35 36
63 29 98
74 60 97
77 24 98
38 23 60
58 39 90
33 48 11
42 58 17
85 45 2
89 63 41
30 71 47
18 81 97
84 40 38
44 64 25
95 34 34
88 18 30
26 50 69
77 22 78
34 48 26
17 43 26
96 87 96
8 93 21
75 54 15
91 92 62
28 86 61
41 53 7
2 46 24
40 66 71
40 69 91
26 74 30
92 57 57
93 23 54
40 98 15
87 33 63
32 1 81
18 46 32
86 45 93
96 16 22
71 11 29
80 20 31
50 70 13
90 31 3
32 73 55
27 77 54
59 62 54
14 68 22
26 36 41
10 40 96
91 82 70
4 2 18
45 53 17
4 73 25
65 51 97
76 31 26
61 74 34
33 24 9
65 47 37
12 22 93
74 12 5
18 11 22
93 16 34
78 64 44
68 47 30
99 41 80
35 93 86
36 30 42
15 30 3
95 31 40
2 14 23
18 9 48
95 90 7
97 33 83
74 98 49
55 24 99
34 63 79
90 64 49
69 87 69
83 18 28
37 66 63
80 26 49
66 85 79
17 41 36
16 11 27
38 92 55
88 79 45
54 53 92
86 5 14
81 15 89
72 77 15
10 16 90
55 56 75
82 27 82
2 40 93
78 50 74
65 99 18
11 65 17
70 41 15
94 9 32
74 70 61
89 45 53
90 11 18
98 81 11
15 96 55
21 35 77
83 3 1
98 33 45
9 58 9
7 80 64
97 63 67
52 91 15
56 50 70
87 93 74
56 36 85
0 64 73
24 15 22
36 96 89
25 69 30
39 85 71
36 87 54
27 78 87
21 49 18
1 26 59
26 37 87
37 96 31
24 67 33
81 92 82
40 1 64
6 45 72
26 77 91
80 82 14
22 45 54
45 66 6
68 78 14
10 88 1
96 81 63
4 86 47
71 97 14
9 89 12
28 26 71
97 82 93
11 87 28
12 84 24
73 42 48
29 1 93
94 82 13
67 74 42
67 0 55
77 51 89
70 16 3
69 75 83
31 40 49
47 88 4
5 10 40
87 95 14
30 60 48
42 52 15
81 49 47
17 95 94
11 81 35
53 4 32
45 83 76
39 57 8
14 86 99
35 48 63
4 84 2
73 64 34
40 31 43
23 15 89
56 40 28
65 42 3
33 56 55
68 36 8
14 65 65
34 16 74
24 41 35
76 69 29
53 66 17
66 56 38
79 97 71
58 79 85
68 51 38
1 24 55
15 62 12
20 38 35
58 73 28
52 90 68
71 47 14
94 0 8
85 42 10
17 60 89
13 78 83
8 41 50
51 77 38
61 37 96
77 62 35
70 81 58
50 31 75
80 25 65
36 41 21
53 17 32
75 42 41
22 83 70
68 28 86
44 96 29
27 72 81
27 77 38
94 42 77
30 66 44
21 43 74
66 12 69
87 39 96
24 82 31
22 59 91
12 4 66
2 80 79
4 76 28
21 13 94
71 42 17
54 28 58
99 19 50
94 30 35
55 64 85
52 98 28
21 4 85
60 20 2
26 97 37
25 79 16
32 20 60
41 59 20
91 47 87
23 35 12
57 26 33
88 70 30
44 24 75
53 47 54
48 47 2
4 28 47
74 15 10
63 93 47
72 69 43
75 9 18
90 26 57
69 62 9
80 68 82
58 95 98
95 86 100
53 79 62
69 72 92
60 5 21
3 77 79
85 28 75
28 36 38
44 79 21
99 35 64
98 99 92
84 88 13
96 71 82
59 19 67
83 82 90
33 35 38
14 69 91
16 71 30
52 27 40
86 11 43
96 12 78
68 75 88
43 22 3
48 64 27
72 64 79
43 39 48
76 4 44
83 7 45
6 16 72
48 84 97
99 52 38
24 88 11
74 33 85
93 63 22
43 42 83
31 3 13
80 42 31
81 49 55
33 54 38
1 35 13
52 56 32
50 75 87
98 23 42
59 27 81
17 30 59
59 85 67
96 43 65
78 69 9
89 51 51
4 76 80
73 59 55
27 28 89
34 32 68
32 39 12
11 28 14
39 57 38
60 53 67
8 35 67
89 65 51
97 18 76
67 87 51
45 7 92
46 17 82
80 24 35
44 63 70
29 83 81
36 68 44
52 8 91
32 99 47
44 64 33
98 81 58
17 97 3
62 42 33
13 50 60
63 59 66
2 49 35
67 48 32
48 47 25
72 10 82
61 81 86
68 12 3
58 56 70
90 6 92
52 59 90
64 61 75
73 61 94
70 23 66
28 83 50
63 0 12
79 29 1
49 80 83
86 78 98
42 67 26
41 99 60
18 17 67
30 40 51
16 99 78
81 21 49
47 59 76
96 60 43
63 67 15
29 24 30
25 35 70
70 50 61
65 45 59
36 58 78
77 76 84
64 81 25
79 40 68
83 64 13
76 66 17
80 16 37
96 1 93
60 55 32
26 21 31
81 15 31
14 31 94
17 82 41
63 87 88
80 15 36
58 25 72
4 69 10
39 81 63
42 2 99
33 6 44
57 17 61
21 80 80
20 72 84
92 8 88
3 28 56
23 60 40
74 0 93
76 15 12
0 81 74
8 44 80
71 35 1
75 96 8
30 41 33
39 52 70
11 41 12
80 90 44
2 89 28
88 92 3
81 61 86
57 73 35
36 5 30
89 34 87
75 90 44
68 11 53
78 81 46
44 87 54
41 52 71
88 61 24
75 19 38
27 40 24
30 88 71
15 21 94
68 17 50
41 20 41
24 81 81
9 66 22
17 29 84
20 38 12
95 28 20
71 77 68
69 46 26
65 15 46
43 47 25
1 40 63
44 89 81
41 42 58
47 95 35
6 89 28
22 13 5
68 54 79
32 97 32
57 82 56
14 51 49
60 12 59
54 0 80
55 76 16
39 3 44
1 0 3
66 6 77
3 7 48
48 10 91
65 30 71
41 48 82
42 66 99
36 15 51
77 10 22
82 22 86
60 10 39
63 41 71
22 12 41
28 82 91
13 0 29
94 17 14
4 63 56
66 65 39
82 53 54
23 95 84
5 68 72
77 96 73
21 75 18
36 38 77
6 66 28
45 36 43
13 43 94
18 72 25
33 29 90
38 80 25
5 48 64
97 79 71
41 50 32
12 29 76
86 66 15
96 62 4
61 5 99
52 36 60
55 77 29
96 86 52
86 8 52
93 40 49
51 52 44
3 77 50
68 4 60
55 51 35
3 31 8
92 58 54
49 82 67
80 85 45
28 13 36
46 73 53
12 93 17
93 36 58
5 99 37
52 42 93
96 18 100
28 83 8
45 70 33
35 59 90
93 97 78
25 51 65
66 20 37
95 98 41
45 91 31
9 4 31
70 79 68
27 12 7
60 77 75
79 96 48
72 33 12
14 89 6
81 58 45
90 75 71
72 40 34
41 59 73
85 56 29
81 2 7
8 34 47
99 14 17
14 37 77
56 67 34
77 82 23
90 42 81
53 24 11
94 2 100
46 15 50
88 7 91
6 49 46
75 25 22
72 65 95
88 50 69
29 95 86
44 62 22
97 6 12
39 97 72
10 34 26
6 82 43
80 14 60
6 37 27
26 99 18
2 87 55
64 63 11
63 96 31
57 48 8
91 76 56
33 41 55
8 82 43
76 27 39
36 12 48
62 22 9
52 49 67
51 62 66
21 1 80
63 34 91
90 1 16
84 94 2
53 54 20
0 98 62
67 70 63
71 46 15
32 71 17
54 99 21
65 76 22
82 99 58
95 19 92
11 15 68
74 46 76
22 86 56
51 99 15
35 63 43
78 40 19
88 20 64
99 67 50
43 95 6
25 99 49
78 51 2
22 58 68
39 95 14
45 70 93
85 95 63
50 46 28
11 99 7
92 90 13
16 64 22
20 15 16
0 35 8
90 27 29
32 7 74
69 72 17
31 89 13
63 95 94
51 26 2
4 33 53
71 16 59
80 94 48
95 89 97
38 16 37
33 74 86
79 39 85
15 19 58
39 70 86
57 26 37
81 51 18
87 99 1
23 15 27
45 33 62
89 47 12
90 60 40
1 18 71
86 90 96
24 82 94
54 76 35
98 50 16
16 91 39
38 96 82
24 69 78
38 25 14
48 90 20
86 60 86
70 85 39
96 98 21
48 28 75
26 97 6
43 98 59
38 1 88
36 73 73
39 95 50
49 84 95
19 60 17
16 96 98
71 14 83
13 19 21
61 8 96
49 78 85
49 30 68
91 84 15
21 72 97
14 47 76
97 90 83
79 72 92
16 5 63
48 62 32
67 64 83
24 28 87
74 28 15
47 89 94
84 22 45
4 83 59
41 85 38
77 0 26
47 40 34
74 92 35
18 58 16
64 13 91
8 63 73
66 64 95
87 10 17
67 2 56
41 15 56
79 21 39
37 55 42
5 32 81
39 12 71
6 19 81
24 61 48
13 62 83
40 30 9
85 95 59
98 93 30
55 58 14
95 90 99
86 91 66
36 46 49
53 7 96
24 5 74
30 77 65
46 0 61
72 13 51
71 91 5
78 59 75
74 50 91
25 89 41
24 81 36
8 51 7
19 41 98
6 49 29
17 20 31
56 79 63
45 55 11
25 52 59
80 70 52
38 93 4
60 31 53
48 27 100
40 59 5
88 22 72
67 80 74
9 20 47
27 78 18
66 30 3
6 49 60
45 96 91
58 71 59
57 60 3
0 35 99
48 65 77
32 88 61
93 75 95
99 34 81
39 49 28
29 4 44
79 41 95
22 42 8
74 75 61
72 47 40
55 51 10
26 86 100
74 72 81
8 80 53
32 22 55
65 7 9
28 69 57
57 50 49
77 57 89
19 55 35
80 56 8
2 49 12
12 9 81
38 17 26
95 73 85
14 81 41
77 87 54
50 5 4
39 76 1
72 37 52
89 12 81
31 13 47
81 17 44
9 15 92
83 52 32
63 74 61
15 54 71
53 5 73
12 83 17
94 89 50
17 48 59
11 23 11
81 17 11
39 64 62
91 58 43
31 79 87
82 41 50
14 1 71
38 10 56
53 28 93
21 35 44
91 31 82
8 20 26
81 24 74
0 52 14
19 35 5
56 49 64
72 95 61
60 29 82
72 49 87
29 37 32
44 72 78
59 7 21
3 95 77
70 35 69
59 38 66
54 6 35
61 64 90
17 32 19
10 7 77
1 45 12
98 54 73
56 4 44
44 21 40
43 19 49
83 29 40
2 42 94
93 9 32
71 74 52
25 60 67
7 82 14
30 2 72
7 27 91
72 36 39
97 94 83
67 58 80
56 71 28
33 97 20
40 39 53
17 39 22
4 66 73
69 34 51
20 98 11
13 0 9
35 53 46
40 92 73
55 85 23
35 49 68
6 29 29
56 37 71
87 76 56
8 15 49
9 44 5
51 96 40
7 62 9
91 72 99
15 42 64
17 47 96
34 21 67
21 62 54
63 44 36
10 80 34
43 37 25
30 87 9
15 44 26
10 29 84
42 25 11
12 15 80
21 60 18
17 53 86
33 97 75
37 70 64
5 17 47
54 70 22
28 2 6
6 87 52
12 4 49
95 51 45
64 69 39
39 78 22
47 33 49
12 32 29
64 2 29
90 12 9
22 62 44
9 1 12
2 57 57
90 75 18
70 89 37
10 2 31
48 55 8
43 4 60
54 85 38
67 45 21
86 6 64
97 77 29
53 99 56
16 18 93
26 19 75
27 38 62
46 22 28
4 43 75
43 99 37
41 28 41
88 33 58
99 61 92
10 11 69
38 25 45
65 41 10
67 26 38
55 5 28
87 56 47
90 75 3
11 2 46
12 20 87
97 65 17
52 56 40
42 3 66
29 4 35
70 84 80
86 67 15
23 0 6
81 79 34
81 72 10
28 4 44
94 22 31
93 56 77
60 50 6
92 67 92
93 37 56
96 5 72
33 52 75
0 44 77
94 38 32
42 65 42
84 36 85
76 98 59
91 40 79
37 72 3
0 34 47
22 4 12
36 4 20
9 55 28
79 84 15
81 72 85
92 51 48
12 13 98
21 32 15
62 99 36
20 34 97
95 79 50
89 19 41
6 94 98
2 16 68
9 5 90
97 61 82
28 99 62
33 65 22
46 77 94
91 84 64
10 56 95
14 58 94
31 88 89
57 91 19
1 36 60
46 78 9
66 65 71
36 33 96
90 96 42
91 4 27
20 82 71
23 38 69
69 55 71
7 33 53
55 0 19
94 60 50
4 98 57
79 56 59
13 91 22
97 65 57
52 48 62
77 33 89
96 66 30
12 73 86
92 11 63
67 60 16
69 97 71
55 85 65
21 58 71
61 76 6
42 6 85
82 68 64
74 76 88
40 9 25
57 65 41
37 35 5
4 40 53
94 20 72
80 5 89
68 30 75
54 22 52
64 47 33
48 9 52
77 68 70
40 49 67
36 9 39
33 32 85
63 29 22
36 30 79
2 37 50
81 22 47
64 84 52
13 85 44
14 3 57
9 51 45
86 64 73
81 6 65
83 89 80
91 61 90
61 99 68
24 39 36
27 60 35
79 71 19
61 58 75
51 29 91
60 71 36
55 57 15
72 65 2
6 4 77
23 88 5
94 20 73
63 20 25
8 97 76
8 62 45
30 34 30
95 60 43
29 12 48
26 95 14
12 10 18
86 67 63
88 75 97
73 35 31
72 74 84
73 70 7
80 90 34
42 3 24
62 74 45
25 24 76
48 96 17
42 28 63
44 3 78
45 4 10
67 35 8
71 0 34
24 8 70
68 21 81
16 88 70
48 54 15
34 1 71
78 14 81
52 42 24
65 43 8
23 14 57
42 57 88
35 86 79
60 13 69
68 14 86
92 45 77
69 40 86
19 16 12
85 62 38
0 76 53
95 81 85
30 84 84
94 80 70
23 40 85
72 4 29
8 1 21
53 90 16
90 81 30
18 34 59
2 74 32
3 77 73
22 60 91
61 38 95
29 33 43
61 78 74
67 75 94
8 7 82
14 28 89
46 92 10
28 12 79
72 83 25
67 14 8
82 67 93
72 10 100
11 65 14
12 57 94
15 21 23
43 99 37
42 22 82
40 68 58
44 72 97
36 91 96
65 91 32
23 1 4
72 60 92
80 10 68
44 19 79
25 72 54
48 83 24
8 32 40
19 16 43
81 83 68
52 87 87
11 38 16
60 89 54
12 26 45
41 36 35
51 82 5
89 4 11
61 8 99
84 64 19
86 37 46
80 6 40
22 0 4
72 95 53
89 13 19
35 89 33
9 30 76
38 55 22
22 9 49
13 9 98
88 38 20
85 28 26
83 13 87
55 58 18
27 11 88
53 74 27
51 83 32
66 89 58
49 36 21
28 45 35
43 0 10
65 86 48
30 36 22
32 39 61
22 36 43
31 95 48
40 60 98
17 97 33
67 69 99
63 21 85
89 46 39
95 42 91
28 51 32
87 0 26
77 38 41
49 2 54
30 40 42
20 84 20
49 21 33
69 11 62
63 96 55
66 9 80
80 22 46
76 43 15
92 32 50
13 79 78
82 76 47
81 69 31
11 40 27
60 88 1
51 66 100
73 97 35
8 13 47
63 36 47
25 51 98
70 87 6
81 0 74
45 61 37
95 46 44
73 68 80
52 56 12
3 8 100
14 54 84
91 33 13
50 98 16
16 7 86
74 7 100
33 61 26
86 39 4
65 92 55
58 96 83
8 62 92
67 60 94
42 19 52
60 9 24
32 75 23
35 54 83
82 64 30
68 14 82
88 70 31
17 42 94
4 16 69
16 14 5
63 53 54
50 91 68
31 70 48
35 73 93
22 59 31
69 39 68
28 42 78
71 97 25
69 70 20
1 60 3
8 6 11
48 70 54
99 9 81
36 81 98
6 71 67
20 14 89
14 85 86
92 22 95
90 4 52
76 49 1
11 6 99
73 72 92
74 59 4
59 53 27
22 34 34
47 19 72
94 27 54
7 91 36
16 98 95
14 61 50
64 12 61
75 60 90
79 54 19
51 20 38
40 46 51
11 45 45
89 11 3
1 36 76
66 57 34
92 58 74
8 44 47
12 68 96
19 38 4
80 94 53
13 44 35
47 93 10
74 20 57
60 34 74
19 29 41
21 43 58
50 6 25
46 40 85
47 63 17
95 46 67
99 65 3
59 10 43
87 40 38
61 83 98
84 74 66
72 89 41
35 12 16
85 23 29
4 26 83
35 28 99
8 75 61
4 38 59
42 20 40
5 65 72
59 88 62
68 98 83
8 20 77
66 16 20
30 88 85
12 52 40
55 12 95
60 80 55
70 75 69
32 58 43
90 44 48
61 19 46
99 93 79
7 81 49
9 28 56
44 50 62
9 37 73
36 29 94
37 62 9
16 14 18
88 78 76
71 53 17
9 2 42
70 58 38
4 72 70
53 13 5
71 2 6
20 30 94
18 70 9
18 23 86
68 71 20
56 69 56
51 5 45
21 10 31
77 40 76
93 49 75
21 80 87
86 76 59
62 39 6
80 14 62
71 8 22
15 51 66
52 93 89
86 52 70
38 7 14
62 27 97
75 25 93
69 17 49
75 39 65
1 71 16
57 15 56
33 16 46
94 78 71
16 40 54
87 82 64
18 56 26
57 58 62
55 95 71
9 83 89
10 6 49
60 89 62
70 73 68
25 9 51
11 59 59
16 40 17
64 90 69
94 76 18
25 29 63
37 20 20
96 60 92
76 28 82
98 32 8
86 3 88
20 3 57
14 68 67
69 11 77
90 46 72
12 0 20
38 56 7
32 88 97
57 17 68
49 62 84
20 3 45
96 75 99
97 48 4
6 29 18
70 59 55
42 32 26
66 92 87
89 67 91
91 29 22
71 63 80
92 78 71
86 59 23
40 56 81
60 15 65
27 66 13
24 35 83
12 95 88
28 22 47
66 21 47
16 9 74
44 29 51
88 46 93
78 45 81
65 69 32
18 82 79
38 41 49
3 74 33
98 14 85
39 42 14
70 93 79
28 19 23
59 89 65
91 64 27
2 18 99
51 38 52
3 79 17
66 70 34
28 80 83
64 2 24
82 75 45
21 41 81
66 25 43
71 95 15
32 39 28
10 49 96
93 63 42
42 24 54
90 45 62
3 86 98
60 12 86
33 84 59
46 7 89
49 5 59
81 66 48
97 10 21
93 39 69
49 18 67
46 39 6
16 96 90
68 96 49
36 2 99
67 61 79
87 66 89
90 9 13
32 95 55
48 47 50
6 14 76
65 94 73
66 20 100
11 22 16
52 33 87
86 6 89
45 64 7
84 0 6
48 23 53
19 30 7
4 8 99
49 57 66
72 94 97
39 97 54
24 20 86
35 85 76
50 96 80
53 68 54
61 10 9
36 95 98
2 3 94
9 75 67
31 9 52
96 49 5
74 6 93
66 2 29
68 38 62
57 97 1
28 13 70
90 51 19
56 44 73
1 94 76
12 15 92
28 26 65
69 41 88
43 83 4
75 4 39
74 92 92
63 12 94
55 49 90
99 95 82
37 69 25
26 31 4
32 24 86
27 55 44
83 39 58
64 68 44
88 31 9
76 55 34
59 23 77
18 95 21
47 8 36
83 89 7
80 16 58
35 88 96
60 79 74
11 24 90
88 72 76
55 80 41
78 75 24
3 70 96
51 35 63
91 5 56
59 92 9
13 84 6
90 8 26
68 94 61
68 18 6
37 51 31
25 54 61
79 55 85
36 46 21
40 63 82
41 83 67
28 51 51
7 37 78
54 46 21
61 12 87
69 97 64
98 1 27
84 57 59
60 19 82
20 22 41
40 58 75
40 54 40
92 11 49
66 58 58
69 87 39
34 38 79
84 60 66
72 44 95
51 43 7
55 8 94
20 1 82
16 62 9
18 15 16
46 78 4
29 55 99
81 89 79
2 19 2
38 64 71
78 27 48
94 49 4
10 7 97
80 40 71
51 41 30
20 66 57
46 99 47
88 94 89
12 6 25
45 51 65
1 26 29
39 27 19
3 85 50
44 7 26
23 11 88
83 58 93
24 44 94
14 52 7
55 21 94
88 33 85
3 38 74
0 76 49
20 78 79
37 61 77
99 3 40
50 88 34
77 52 25
26 50 41
41 37 73
14 97 55
70 71 31
5 17 68
80 33 36
23 61 81
83 96 60
89 93 63
78 59 88
44 89 95
7 33 24
33 60 81
71 43 60
33 45 51
69 37 85
30 26 9
72 78 27
58 97 23
46 95 67
93 79 13
97 9 39
44 60 82
3 43 14
99 64 48
95 53 15
60 20 52
31 70 48
26 7 68
67 91 65
2 67 47
90 8 51
65 21 78
7 70 71
39 17 56
61 16 77
33 20 31
87 64 86
48 31 58
25 99 51
41 77 79
82 62 60
68 73 49
87 65 77
32 21 93
76 1 39
80 13 80
6 53 40
25 27 47
95 22 98
86 30 58
63 40 23
55 23 57
37 33 64
83 92 43
31 14 46
35 63 29
49 23 33
10 74 80
99 45 100
7 62 52
43 21 81
27 18 100
46 15 49
92 83 9
6 69 33
93 50 20
40 35 29
48 23 86
48 36 97
64 4 98
45 24 5
3 75 40
5 42 99
27 24 39
58 62 58
94 80 14
99 85 3
18 15 68
46 63 71
90 76 62
47 78 53
50 90 52
41 60 67
34 30 79
61 28 9
21 54 11
93 79 11
78 96 61
52 11 94
29 0 1
48 54 8
84 42 38
90 6 66
33 92 53
26 62 28
84 4 74
7 18 95
4 97 48
53 6 53
98 35 47
28 17 68
26 27 9
85 68 20
65 99 64
44 93 36
58 0 3
20 50 6
32 90 25
14 81 79
53 17 50
93 45 22
73 28 17
24 57 15
21 87 56
61 3 21
14 8 52
58 14 31
29 84 15
63 78 12
16 64 100
93 99 56
87 71 16
76 23 8
43 10 71
75 79 48
5 75 41
56 33 34
65 77 33
32 43 71
27 70 8
23 5 89
1 66 75
28 81 39
11 49 30
83 85 53
29 93 54
10 30 59
78 95 8
9 35 46
27 65 81
49 5 97
96 0 19
1 54 71
32 96 29
26 63 2
62 82 85
26 40 38
47 43 11
6 15 74
57 47 91
91 98 25
83 74 29
55 75 89
47 61 88
72 56 3
23 0 78
14 89 84
69 60 99
5 97 46
62 46 19
10 67 97
83 42 60
51 60 36
24 3 54
20 42 80
76 17 60
20 34 96
43 12 69
90 2 35
11 9 52
56 79 83
16 33 49
3 51 66
48 97 37
90 64 36
41 40 35
71 53 6
0 29 95
28 99 82
92 65 9
60 78 27
35 63 56
88 22 9
66 48 34
57 13 30
88 23 26
4 42 89
99 68 82
45 6 41
75 20 45
34 84 47
79 77 16
36 65 76
3 0 22
61 30 24
77 25 18
47 25 100
3 23 6
32 28 64
12 59 36
2 5 90
51 69 35
89 19 40
29 73 70
4 3 69
81 99 78
89 35 60
49 52 39
62 57 6
97 25 20
94 89 69
92 26 74
32 28 30
62 50 46
26 50 60
4 57 52
73 49 97
38 28 70
96 87 44
57 23 89
10 3 66
13 71 71
90 43 65
20 50 62
63 79 87
88 89 65
3 54 45
88 40 12
74 70 28
4 91 79
94 74 88
68 56 5
89 85 16
3 95 20
23 28 41
17 94 60
12 83 99
74 3 46
72 31 24
69 36 72
40 18 78
74 75 55
37 43 10
59 70 86
43 53 85
18 0 92
31 36 80
68 62 74
98 49 51
42 24 34
29 37 4
24 66 11
95 0 18
49 72 90
40 41 35
28 46 86
78 5 78
32 65 68
67 23 6
38 57 57
94 67 44
70 22 99
25 16 89
45 16 20
44 57 55
19 40 73
6 69 84
66 39 89
66 76 61
22 44 31
34 75 5
77 23 55
46 74 67
23 3 63
5 8 83
83 50 49
7 12 39
58 40 31
92 60 64
38 23 83
39 75 3
94 73 86
92 51 84
33 52 92
15 44 55
62 68 18
23 53 82
34 52 63
41 42 80
67 35 45
51 73 81
97 14 90
27 8 55
65 13 48
42 52 28
82 8 8
70 36 97
89 42 23
18 92 12
56 73 27
88 51 41
27 85 42
26 3 41
52 71 57
56 22 38
46 12 84
69 47 64
21 92 25
76 0 19
73 20 95
66 89 85
74 26 33
86 41 8
82 32 67
10 95 90
7 26 91
59 18 11
32 2 19
94 36 24
15 2 17
17 32 24
83 65 7
3 62 9
43 76 39
7 70 6
75 51 32
36 95 72
67 88 84
75 65 56
39 87 38
0 74 2
49 36 53
76 34 23
11 97 2
77 73 53
3 42 5
49 48 33
69 62 9
65 32 67
44 94 25
11 78 63
31 83 68
56 92 61
3 24 48
57 19 2
0 14 27
26 33 41
69 57 5
90 66 51
91 37 28
56 11 32
41 30 46
73 7 65
34 33 66
9 97 46
89 97 16
78 49 1
62 33 48
66 43 69
31 98 60
6 87 87
9 68 62
33 26 64
57 3 71
83 6 3
59 47 93
58 16 33
24 56 69
13 71 65
1 3 13
4 52 98
70 62 48
32 26 59
99 85 8
41 55 38
24 98 50
14 19 23
12 39 77
8 38 74
51 99 87
17 8 73
12 38 85
6 91 1
50 66 28
1 95 63
85 24 40
80 25 67
23 15 53
68 0 89
30 15 97
80 75 95
2 70 3
74 81 74
22 79 37
85 53 3
4 51 5
19 71 55
90 58 42
80 18 16
62 70 4
27 98 46
90 18 62
30 7 65
97 5 52
58 23 12
22 80 14
4 23 59
77 12 19
18 16 39
73 88 66
99 81 78
74 4 68
51 49 59
43 65 83
7 84 83
32 14 99
27 21 78
85 74 17
66 19 69
78 8 42
87 13 41
12 78 31
64 39 90
53 45 10
4 55 38
89 53 65
0 93 3
99 94 46
29 35 27
16 62 72
51 33 92
66 32 17
96 2 16
76 66 81
27 2 19
97 10 5
75 3 75
3 60 67
60 22 38
70 95 43
69 91 76
51 92 45
14 30 88
53 57 65
57 28 65
53 94 21
7 11 5
77 16 10
73 47 83
2 27 78
21 24 20
86 33 22
50 0 27
81 27 82
49 48 38
39 4 56
8 83 32
71 11 4
26 46 2
89 77 21
78 77 77
34 82 84
5 13 61
57 83 30
25 32 64
84 99 41
10 87 14
91 27 97
37 48 42
99 89 19
0 75 14
76 44 57
65 7 15
0 91 95
95 23 21
22 68 73
15 7 41
17 76 33
22 82 11
79 23 12
92 16 82
51 28 74
16 65 66
48 42 12
29 97 3
88 57 9
8 57 70
49 54 30
49 45 42
66 90 42
95 99 84
32 29 9
11 55 2
38 1 84
91 25 2
7 93 67
82 64 53
92 53 58
69 51 73
21 84 50
8 90 73
32 81 26
35 60 91
11 49 39
42 63 86
95 63 98
28 88 8
15 21 43
96 19 55
70 29 51
66 18 11
0 97 12
15 44 1
32 74 80
57 92 58
38 11 54
55 13 61
61 30 72
16 14 31
91 18 78
51 68 31
26 61 35
37 60 50
93 6 90
59 84 59
37 30 16
70 1 70
98 70 75
72 82 62
68 88 94
69 21 21
98 61 43
23 83 2
90 7 41
3 17 34
97 67 22
40 60 83
93 9 33
44 15 29
70 52 69
48 54 58
81 24 51
14 81 23
35 76 55
42 69 49
2 40 56
80 84 45
47 62 64
79 56 49
31 99 18
36 6 52
41 96 59
1 90 80
59 12 92
46 35 23
44 93 8
72 8 7
61 82 55
20 22 52
5 69 100
24 84 19
79 9 76
21 12 29
88 90 93
51 59 8
11 70 14
45 60 82
99 27 65
20 35 15
58 81 100
88 34 97
56 42 66
2 27 14
83 23 47
64 96 30
5 12 24
67 95 95
5 96 7
85 31 54
35 37 69
57 35 13
77 74 72
40 34 91
13 34 87
42 1 18
12 76 37
36 26 81
52 82 63
99 5 73
8 3 7
68 86 100
37 81 21
99 78 64
17 46 99
46 70 57
97 60 51
55 25 4
94 98 27
9 84 4
20 78 48
90 84 34
98 23 97
11 43 76
48 49 19
52 69 93
34 6 95
94 16 78
30 69 9
12 39 94
86 57 81
29 38 20
89 46 48
25 88 87
57 21 24
32 65 38
59 93 9
79 92 100
69 44 56
11 51 100
93 85 32
27 65 69
55 62 74
20 29 35
25 47 59
1 66 69
19 58 40
76 37 13
87 7 94
63 2 89
72 78 30
4 69 23
49 24 31
70 56 92
76 56 73
77 24 97
88 55 71
17 70 66
44 56 7
50 68 99
14 48 32
46 91 88
40 47 55
64 65 28
45 2 93
16 61 30
25 78 12
39 88 9
50 92 40
84 63 88
47 84 57
52 40 47
55 50 75
84 32 49
34 83 47
83 2 40
58 22 47
6 13 55
8 1 7
22 47 60
89 84 29
87 98 52
94 11 58
48 76 12
66 24 6
83 65 73
24 51 7
44 50 46
92 18 71
42 95 31
99 22 40
87 85 23
76 37 2
44 76 31
91 10 5
53 99 74
40 70 1
97 78 52
58 94 99
71 14 78
28 36 33
69 90 62
97 53 9
82 55 67
46 69 47
3 43 86
40 97 26
56 49 31
36 15 83
90 32 32
92 86 30
98 35 35
49 88 37
93 11 43
65 86 75
89 56 67
23 84 71
97 92 72
44 0 70
61 64 75
24 17 30
15 63 97
16 80 9
54 7 49
11 55 49
79 28 97
51 26 77
98 69 69
4 90 54
1 92 61
41 68 44
15 10 71
93 4 58
6 27 64
78 3 67
85 47 28
6 83 52
22 54 56
5 66 90
83 87 20
97 63 29
42 84 65
58 16 73
23 10 57
84 39 94
70 93 22
39 36 32
34 27 31
8 55 44
