84 51 24
72 55 61
57 33 8
40 93 38
52 56 18
83 67 43
13 43 39
24 31 53
74 88 81
17 30 67
68 85 97
95 71 74
88 64 43
80 81 4
22 43 25
70 73 29
48 20 50
14 47 15
13 42 85
23 76 28
66 69 67
79 66 77
88 11 43
21 15 79
40 35 8
57 62 71
12 67 51
15 19 44
31 2 73
89 7 20
81 54 24
23 55 17
40 20 53
76 94 29
43 8 61
24 72 26
87 96 46
80 68 84
10 46 18
89 12 11
16 12 95
23 13 81
16 18 10
8 26 61
11 94 71
35 43 56
82 87 3
95 68 26
58 72 1
0 63 72
91 99 47
73 86 20
30 79 81
9 28 41
24 57 70
68 55 35
21 30 50
63 90 61
28 83 5
40 27 90
38 3 53
42 1 65
30 35 19
14 12 81
42 4 8
0 48 48
40 72 98
27 18 30
92 50 20
69 29 46
1 61 41
89 53 87
89 14 65
80 82 1
83 40 58
15 25 40
10 81 28
22 65 37
47 69 84
37 38 29
67 91 6
76 49 34
51 37 66
67 90 69
25 54 20
81 94 31
40 79 70
40 81 36
56 33 15
47 23 11
65 59 49
48 95 15
51 76 67
35 39 60
95 33 72
35 93 87
49 69 11
0 65 16
81 0 70
16 34 92
93 12 20
43 61 35
36 21 13
49 6 62
37 55 30
5 43 82
63 69 97
37 2 98
75 84 1
17 7 84
81 40 52
93 55 28
90 38 13
44 40 26
67 32 43
10 42 20
70 78 23
80 54 57
97 37 88
18 0 70
35 93 86
28 20 91
29 52 73
3 79 91
21 65 93
41 90 77
95 27 82
85 88 22
53 15 22
58 3 47
3 71 65
25 3 7
53 3 42
37 64 90
65 51 94
67 13 35
25 70 20
68 27 70
19 35 48
75 39 48
75 9 32
84 22 26
39 94 49
64 80 79
77 2 87
78 43 53
21 48 60
26 52 84
40 91 72
23 61 3
25 68 88
96 8 21
83 81 67
61 93 2
7 57 6
11 51 12
67 73 80
39 90 26
6 28 40
15 2 3
46 80 8
53 39 52
15 11 75
94 9 19
97 81 80
42 51 91
74 37 55
92 23 95
73 53 82
28 48 21
14 48 43
81 13 99
18 36 42
99 90 77
40 13 97
16 17 87
77 29 11
66 67 96
76 3 35
26 27 28
77 4 90
10 14 89
7 60 7
93 36 20
84 45 58
76 53 26
65 24 39
33 25 35
53 25 14
96 35 96
29 60 52
96 90 23
89 91 34
40 85 86
74 45 71
48 75 64
29 73 37
43 18 61
87 92 16
16 56 5
0 68 52
11 98 79
63 22 37
70 43 68
79 0 45
20 87 92
46 58 28
14 36 2
94 29 27
57 28 8
10 88 46
92 52 20
88 50 52
59 96 3
73 41 6
13 47 90
93 89 43
12 7 39
2 77 69
41 16 53
17 32 88
27 53 65
0 96 89
16 28 20
26 51 73
37 9 86
71 39 91
51 71 27
58 42 38
75 82 84
81 99 7
69 43 49
38 98 32
0 24 8
48 40 45
12 91 17
35 57 25
54 72 40
1 32 41
18 95 65
42 95 28
55 54 72
6 33 88
45 22 14
40 29 33
1 24 10
98 62 59
67 81 51
68 21 6
57 80 15
6 70 67
90 8 44
49 6 68
10 76 47
64 16 74
96 47 99
93 90 58
90 75 33
60 59 84
60 14 19
15 18 16
59 61 41
15 8 97
86 23 6
73 23 26
44 59 11
55 19 91
29 81 26
9 32 12
41 19 85
25 43 49
42 14 27
58 19 45
22 3 76
38 55 51
28 82 43
69 41 67
25 41 44
77 62 78
23 66 46
86 53 93
35 92 11
15 63 88
62 44 61
73 5 37
57 91 17
90 74 84
26 81 91
17 6 42
54 11 50
83 10 16
12 17 96
59 81 2
46 83 23
42 87 84
40 84 75
8 15 2
95 91 70
52 60 38
65 38 6
97 29 25
48 85 70
52 99 25
69 89 44
69 53 91
95 68 92
44 54 7
97 51 11
54 47 42
63 19 87
49 39 76
22 19 76
38 19 5
31 98 8
98 16 76
56 92 75
93 47 29
89 31 35
49 37 41
18 45 69
83 80 24
25 35 2
74 36 2
77 0 36
28 56 75
13 80 6
65 86 52
20 13 35
57 63 95
95 6 15
17 5 71
71 65 62
0 69 96
26 80 50
7 57 45
72 40 37
6 60 33
14 68 14
38 78 94
72 21 10
56 95 51
19 23 73
73 2 75
96 25 26
10 93 7
76 53 12
5 74 93
64 51 37
41 34 95
65 98 83
89 2 96
49 71 86
51 47 85
39 86 50
88 10 41
74 13 90
66 17 65
85 19 55
19 50 42
32 10 57
94 33 97
40 37 64
1 39 67
31 30 46
3 32 82
40 82 39
4 36 37
6 29 84
91 57 17
14 3 22
1 78 56
43 56 66
20 79 44
78 72 38
67 16 70
0 16 20
43 45 12
93 16 15
81 75 48
55 62 81
93 70 84
12 93 48
79 78 28
24 85 85
8 28 16
63 48 68
35 76 89
26 94 44
43 9 76
50 68 57
45 54 96
64 13 57
45 51 80
43 6 71
80 60 36
20 18 29
80 96 13
14 24 11
16 83 24
31 64 39
78 77 58
34 43 98
83 40 40
99 93 97
81 9 49
75 72 16
44 21 27
35 15 34
41 4 12
81 78 49
67 45 5
46 54 90
67 99 92
3 63 33
21 80 78
2 99 36
88 66 34
79 28 49
19 33 93
13 46 42
11 88 25
67 7 39
47 63 18
72 76 27
28 6 60
68 40 80
88 66 36
56 80 83
4 19 33
27 0 1
76 63 95
83 36 31
74 81 79
4 71 79
7 76 16
68 95 85
0 65 77
11 84 67
51 49 30
12 63 82
7 90 55
94 36 94
22 76 24
76 93 44
68 23 15
17 75 83
9 44 93
32 77 92
64 31 89
54 63 4
55 86 31
22 17 8
51 42 100
96 0 64
82 33 17
49 64 18
18 21 41
3 44 41
30 44 48
33 64 100
10 76 66
75 29 82
35 94 30
78 10 20
77 51 91
31 22 11
77 45 94
94 87 13
13 28 6
76 28 65
21 30 80
44 46 72
90 41 92
40 14 56
11 23 71
61 42 47
80 11 13
23 97 23
38 40 5
86 38 9
65 6 4
24 40 41
38 12 19
71 81 3
8 11 27
58 12 13
89 11 79
8 94 51
10 7 86
13 11 30
48 43 28
55 67 76
16 86 20
26 65 82
57 26 10
77 48 19
8 24 59
12 71 89
7 27 100
42 79 22
79 40 27
4 27 80
31 22 30
93 82 36
6 22 36
77 82 7
95 22 50
69 78 13
37 79 57
1 73 84
66 2 86
47 16 77
73 29 25
15 92 15
66 60 98
52 23 54
33 41 16
20 71 10
35 55 59
88 73 52
51 56 8
83 31 35
35 36 72
46 89 34
88 39 17
75 50 18
56 83 72
9 52 13
25 63 58
65 24 28
83 26 93
26 12 31
91 5 21
76 4 69
85 93 16
29 12 33
63 76 53
25 10 48
74 63 54
99 3 23
90 18 100
89 87 57
58 35 53
32 3 60
24 53 23
8 93 65
51 16 38
31 97 42
88 13 18
81 18 84
4 91 61
88 57 48
65 27 97
81 52 48
62 50 53
15 17 71
42 60 30
50 16 73
89 9 80
84 31 84
64 47 63
51 41 95
58 70 76
1 83 87
39 0 16
47 73 87
95 66 1
27 81 56
77 31 36
25 48 25
8 25 30
38 84 96
37 51 60
99 56 43
18 36 100
72 50 100
22 77 99
47 36 62
3 68 5
65 25 39
88 9 18
52 17 33
6 78 54
85 20 6
33 96 44
90 91 4
42 46 18
39 60 82
53 12 18
85 92 49
85 54 75
7 66 41
19 9 73
29 56 69
86 58 50
18 61 26
68 36 29
61 24 46
83 49 68
6 65 95
90 94 82
88 70 22
18 29 85
45 94 36
78 14 38
12 94 98
3 60 69
80 87 39
8 72 82
18 54 64
31 95 87
66 96 10
92 71 18
75 60 38
80 48 65
61 48 53
2 55 68
75 93 47
48 13 98
9 36 50
7 69 81
48 95 92
5 52 74
63 0 51
75 55 91
9 53 2
51 47 51
38 76 88
39 16 84
32 22 15
70 85 30
54 15 1
7 12 67
38 32 88
71 26 89
69 12 95
93 60 48
95 82 81
89 55 33
71 90 47
5 57 86
10 88 87
45 17 61
90 78 15
93 8 2
35 44 47
26 57 41
52 84 6
25 11 33
8 14 71
56 50 97
61 59 50
61 43 74
45 95 11
1 80 69
1 7 69
28 50 89
24 39 98
29 53 6
46 64 50
56 15 72
18 4 71
7 81 24
87 60 47
36 13 27
9 82 56
4 15 82
37 95 12
41 25 4
74 28 98
33 18 67
31 3 61
61 69 69
7 30 87
46 34 43
2 23 93
6 34 78
78 82 53
13 53 15
66 61 39
67 45 56
8 45 38
85 86 47
32 92 11
70 98 39
2 27 17
51 81 89
5 73 67
9 89 64
54 70 41
40 8 31
4 85 11
64 19 26
86 40 78
2 35 81
16 76 59
25 82 7
49 53 22
29 47 41
90 89 4
98 41 52
67 12 25
61 73 12
50 98 30
31 91 59
57 83 52
5 34 9
69 8 13
32 29 57
9 84 63
48 3 6
10 83 58
98 19 99
60 55 10
37 19 64
14 0 73
67 41 70
6 94 43
57 52 74
75 8 37
25 42 23
24 58 53
12 84 32
88 55 63
49 8 25
46 43 78
56 51 76
50 22 15
49 12 69
77 34 77
27 35 49
57 77 20
73 13 51
83 63 36
23 66 71
44 89 64
45 51 76
41 68 58
63 79 77
45 86 64
44 29 33
0 67 17
46 10 59
36 20 61
19 36 16
52 70 8
39 93 86
14 31 23
31 17 43
19 90 74
94 71 54
27 0 46
45 61 3
35 12 71
53 20 89
64 16 38
58 32 95
81 99 12
68 39 46
25 91 70
27 56 49
98 26 26
59 80 33
82 54 10
78 80 79
57 27 43
61 45 78
25 78 79
51 17 36
91 69 9
85 21 28
28 81 32
55 97 62
79 10 24
45 61 47
41 59 74
2 15 63
67 20 53
75 40 86
41 39 25
0 23 95
40 98 37
32 76 48
25 9 58
49 23 16
94 65 13
8 2 59
41 11 93
2 95 93
11 81 43
8 11 70
74 52 97
25 85 58
2 82 40
12 90 88
98 72 26
45 89 82
15 59 84
25 12 10
16 54 32
39 33 92
3 89 35
84 79 67
17 12 2
41 1 19
55 46 54
69 78 55
43 1 93
69 86 92
42 65 37
49 8 5
53 58 79
0 21 14
79 10 65
18 0 21
40 83 11
17 43 98
5 7 33
93 62 74
9 46 32
79 27 62
67 82 87
51 97 86
52 85 87
25 93 95
48 98 9
26 77 68
81 36 82
29 54 34
83 5 2
44 87 79
65 57 83
94 97 75
67 8 3
26 15 37
44 36 61
48 45 6
90 42 23
54 95 12
35 49 6
98 33 76
77 15 59
62 67 81
93 37 62
22 65 78
95 73 91
13 61 10
99 30 28
73 54 41
42 78 34
96 15 34
65 6 3
86 66 21
41 68 80
98 31 28
28 46 97
45 90 41
67 42 43
62 55 72
26 69 48
5 93 92
61 36 83
38 6 11
61 19 41
7 22 41
9 10 39
88 52 78
72 33 99
94 85 33
30 6 62
97 90 86
27 62 24
8 91 86
84 60 75
35 20 72
18 16 11
11 21 66
33 15 66
48 77 55
62 54 50
93 16 6
22 25 12
1 5 39
65 94 2
75 79 44
38 21 69
17 58 32
67 23 18
17 96 35
33 70 29
54 34 77
42 8 25
14 5 92
28 40 36
18 97 56
18 60 2
38 39 12
55 30 59
3 91 98
86 30 62
44 50 6
11 23 12
14 8 68
97 86 19
92 21 71
3 49 22
26 64 53
16 2 92
31 32 70
71 97 31
76 50 100
65 15 48
2 72 16
10 17 39
20 37 77
84 27 97
77 94 2
13 64 11
66 59 92
2 20 11
79 61 14
68 25 74
64 70 42
56 37 25
66 46 89
98 91 57
60 78 15
24 51 8
69 16 59
49 20 10
86 93 42
11 14 39
87 23 21
8 36 86
59 87 88
3 89 68
2 50 18
65 0 44
87 50 8
17 82 19
76 69 7
61 64 82
31 77 90
77 63 40
19 80 31
71 93 23
80 3 57
87 97 92
53 47 27
32 60 17
81 20 50
54 1 91
80 77 17
88 26 67
98 33 39
80 86 1
14 97 38
55 22 31
43 64 96
40 34 1
69 70 44
77 80 1
64 99 30
9 32 72
62 81 54
79 76 98
39 23 92
93 91 53
52 29 40
20 14 72
25 17 53
12 35 64
4 86 15
37 45 39
92 60 85
4 40 73
41 49 81
28 44 2
85 37 15
73 16 40
85 15 75
60 65 91
22 49 20
17 30 19
28 75 51
9 34 24
73 69 55
18 47 50
61 85 20
49 57 87
20 1 17
8 3 87
3 12 39
47 74 31
17 4 23
70 76 86
7 98 86
21 68 5
4 45 46
34 13 69
79 94 46
62 18 46
69 37 13
20 31 69
38 81 40
79 77 25
8 32 88
17 57 45
85 71 84
85 45 21
83 48 53
63 60 53
85 56 64
1 46 58
32 8 72
71 60 10
34 8 99
79 89 88
42 91 31
32 77 78
63 82 52
3 30 87
6 10 33
79 86 82
31 14 78
63 12 31
19 93 32
37 10 34
36 70 64
50 58 59
49 77 39
45 67 79
59 64 39
20 47 2
57 21 12
99 60 50
52 39 62
90 76 33
61 19 8
71 32 64
62 35 73
34 83 18
52 90 54
92 90 19
72 64 18
12 5 93
25 70 71
34 49 77
48 79 56
72 46 58
56 74 28
17 55 100
41 37 49
86 37 64
39 58 28
56 94 61
21 61 25
0 80 25
31 26 25
19 12 77
46 13 37
15 32 18
83 80 69
26 69 29
86 61 97
27 92 51
25 63 66
46 92 94
61 8 24
89 71 21
32 71 30
49 74 10
70 24 38
81 60 11
46 65 94
86 99 95
63 9 74
9 78 7
10 83 58
11 42 78
78 25 59
41 97 53
20 45 10
0 72 3
21 48 88
12 61 74
98 69 100
21 14 24
42 83 47
72 49 21
35 17 86
84 99 16
20 79 98
19 32 15
50 4 48
61 13 75
38 96 31
46 18 16
0 69 98
95 8 36
91 95 31
26 15 49
63 68 96
37 2 91
7 50 94
73 27 49
91 75 99
14 7 80
7 63 33
59 74 45
28 96 77
73 24 29
64 12 94
35 27 12
70 11 36
12 99 52
75 14 62
14 83 47
8 58 3
40 17 73
62 28 86
75 20 90
28 98 62
98 59 7
98 76 30
29 28 89
12 25 57
29 52 21
57 53 23
18 28 39
43 21 14
12 76 66
59 72 23
61 62 13
55 40 51
12 91 42
65 21 23
63 90 57
22 37 34
88 77 92
59 1 79
81 94 78
85 61 22
21 6 57
14 23 59
30 6 1
77 31 44
97 3 82
33 56 79
85 86 98
9 50 33
22 87 22
89 61 21
26 27 73
61 12 39
71 36 19
61 63 19
23 73 19
92 51 3
52 89 40
61 53 87
37 87 2
73 45 24
13 20 35
43 6 47
33 89 57
72 6 6
50 10 93
56 6 54
18 71 42
28 47 2
40 15 39
68 92 93
73 55 73
43 8 31
26 29 96
48 86 37
33 17 60
29 6 36
99 74 85
13 54 89
51 79 51
62 44 24
30 41 9
86 16 36
57 84 42
43 65 71
25 66 95
84 9 5
39 22 19
70 55 10
99 37 6
7 47 30
51 48 85
3 75 33
12 0 72
70 54 7
60 20 94
7 19 9
86 6 22
75 19 47
78 65 86
65 1 29
54 72 56
68 24 95
93 20 20
88 31 63
34 49 96
77 62 3
44 80 11
83 57 73
26 1 27
51 90 73
3 29 74
80 93 62
54 35 55
83 1 71
22 12 42
67 62 68
1 43 37
57 76 15
53 55 95
97 13 35
19 82 24
87 34 60
44 4 77
97 36 59
89 3 65
24 68 81
94 46 59
14 32 57
64 17 60
62 42 77
4 1 89
71 28 96
84 78 39
4 43 35
59 62 7
38 42 87
17 42 59
45 2 16
51 7 8
30 69 20
45 76 38
56 14 91
76 30 80
51 69 87
7 87 34
25 44 64
94 52 13
72 65 34
5 44 100
45 13 77
12 34 85
59 58 77
0 52 93
5 83 94
99 93 22
72 54 89
21 75 75
3 57 19
60 91 7
88 99 51
87 72 17
98 43 52
89 48 87
17 14 35
55 60 63
70 8 25
57 43 84
72 40 38
25 94 92
25 95 12
39 3 77
26 12 10
50 11 42
69 84 29
2 50 78
76 20 76
84 0 80
18 95 37
18 29 8
66 1 81
10 50 32
11 88 3
8 89 13
96 93 71
43 10 21
97 19 39
3 67 82
36 39 10
65 49 48
28 12 56
51 32 21
59 55 7
56 67 6
71 30 41
35 55 83
3 6 28
10 64 98
27 56 100
46 47 74
17 66 58
18 64 13
13 36 25
79 53 72
33 23 76
48 32 3
89 85 99
35 56 42
0 68 54
56 66 13
82 38 53
17 65 36
46 80 55
68 43 93
31 17 95
69 74 7
81 15 62
80 53 48
30 41 11
89 81 38
32 33 58
16 7 48
6 53 17
13 90 7
40 77 79
51 40 71
60 46 23
46 72 65
68 46 48
55 57 35
92 71 43
55 26 51
56 35 77
28 60 73
59 80 65
42 39 88
95 79 58
15 4 74
81 79 10
83 29 47
19 64 57
13 39 90
17 75 68
22 60 81
71 13 52
38 80 79
7 32 12
27 38 17
7 56 98
5 28 97
39 10 12
64 5 92
14 16 2
42 94 28
6 5 27
62 34 11
72 26 39
67 23 90
27 57 60
36 14 11
92 47 24
76 17 62
31 52 61
42 44 35
56 90 27
26 76 82
67 10 85
30 80 37
32 61 73
7 56 96
81 53 86
7 78 57
99 87 78
41 44 57
25 5 61
12 40 31
4 99 37
61 56 11
22 13 51
0 97 42
73 32 16
64 78 25
50 66 36
72 70 33
46 98 52
29 65 86
83 4 81
66 41 55
99 58 80
26 85 75
28 34 10
91 21 7
78 15 3
28 66 35
22 52 90
14 8 57
57 50 69
69 56 56
57 48 73
84 45 16
41 72 97
24 55 19
47 81 94
1 4 48
37 86 99
14 99 17
2 9 75
42 29 28
24 83 27
29 87 92
56 66 41
82 53 91
33 4 8
95 8 33
60 3 99
77 73 52
66 31 12
92 14 47
77 61 69
67 54 42
70 24 17
19 4 34
11 88 69
48 24 89
28 61 67
25 60 74
2 9 32
97 99 35
76 12 25
65 2 50
91 93 9
98 12 23
92 35 91
3 30 60
59 16 54
34 14 5
95 92 63
18 70 82
86 59 69
10 87 75
99 83 76
92 54 60
64 71 56
34 50 87
33 5 44
86 59 70
72 12 69
90 32 97
14 99 77
74 19 73
26 3 87
12 40 76
95 12 10
46 14 65
64 65 13
22 37 69
25 41 65
26 54 17
69 89 42
87 85 32
71 91 33
10 81 65
28 67 29
99 55 85
23 66 2
40 61 93
96 1 43
18 41 66
54 24 67
89 14 11
42 51 68
5 21 11
39 41 67
94 69 62
90 83 91
33 21 93
2 69 4
9 48 79
46 2 89
46 51 56
87 97 45
60 84 92
57 10 54
49 15 82
16 43 91
17 21 14
22 44 52
23 18 71
8 32 60
35 57 39
9 59 58
95 45 53
89 3 19
9 90 15
83 15 89
87 53 76
37 10 68
20 98 56
3 31 89
52 63 99
90 97 58
80 82 33
8 46 84
63 93 39
39 30 73
3 86 14
1 24 90
69 29 4
61 91 75
94 98 33
11 6 96
54 43 58
97 69 91
37 23 52
23 55 40
65 48 39
15 27 88
56 8 84
74 80 53
62 45 2
90 38 13
22 63 48
40 75 5
41 96 90
86 23 11
58 64 9
80 72 4
60 88 9
64 93 40
55 84 76
93 41 42
41 39 67
9 36 64
2 26 100
5 40 50
20 24 93
53 9 44
83 17 83
41 32 79
48 72 57
2 48 39
26 97 35
99 81 31
80 88 32
48 63 21
37 99 71
8 33 27
95 97 77
42 26 3
8 52 44
54 41 31
68 95 65
63 9 82
68 66 98
2 55 33
46 42 83
13 56 41
97 82 88
47 22 34
92 39 77
32 47 21
0 95 75
38 55 69
57 44 96
44 45 95
45 16 12
53 32 64
40 82 62
95 63 17
70 56 73
40 5 21
35 50 58
41 64 2
40 62 83
52 46 26
77 72 34
82 39 8
94 88 53
19 76 64
16 68 84
21 44 46
14 63 74
69 22 9
37 86 67
72 17 93
28 10 5
83 28 58
76 1 13
22 15 66
1 89 44
63 1 17
18 24 93
48 68 40
63 61 2
45 68 84
5 65 55
1 52 37
74 86 18
68 72 66
50 2 41
22 60 69
3 4 80
36 5 44
14 59 30
35 57 90
38 51 96
90 94 46
62 40 38
31 97 56
95 67 15
35 93 13
11 69 59
40 76 45
87 98 35
11 35 58
86 64 54
60 28 77
94 22 12
66 78 63
63 3 100
35 14 17
34 33 60
50 87 20
33 30 34
38 29 95
23 84 29
16 29 16
24 58 67
5 29 17
50 51 89
89 40 31
96 65 4
30 5 93
67 34 79
57 15 11
7 93 62
56 64 60
59 50 90
74 69 90
78 85 41
7 51 100
74 95 39
26 67 67
97 91 89
77 92 65
2 94 84
95 51 54
37 3 55
59 73 57
25 72 59
76 20 70
78 33 33
92 67 24
6 13 35
6 99 93
46 89 58
7 74 91
24 18 19
18 86 55
16 9 45
36 99 92
95 93 42
18 72 100
63 32 58
67 41 95
24 55 80
11 17 97
43 54 76
96 57 52
0 77 17
76 32 83
58 1 14
56 70 64
21 13 91
41 39 54
50 2 12
61 53 55
73 29 32
32 78 92
34 1 4
18 87 11
11 22 53
42 84 45
55 67 67
62 88 28
76 54 21
22 24 72
92 90 2
26 74 33
51 27 79
28 16 34
71 15 92
96 86 71
11 60 24
0 70 18
12 69 43
56 96 11
77 6 99
46 68 61
25 8 52
5 61 51
67 72 79
94 10 86
61 15 26
83 66 21
68 10 2
85 25 11
22 51 72
96 8 80
62 52 28
31 80 30
18 46 21
74 51 10
92 73 27
6 32 91
33 16 50
62 46 14
0 41 21
34 36 52
55 97 93
7 19 70
3 62 53
66 82 44
43 20 47
92 79 84
18 13 12
81 21 89
24 0 11
90 55 83
50 22 44
15 55 33
93 26 34
4 57 66
61 64 11
63 3 77
67 15 71
2 81 52
76 30 62
35 76 50
58 88 40
73 16 11
53 52 45
86 49 92
32 16 59
1 39 46
53 79 87
73 89 88
22 6 70
12 23 10
20 1 7
57 60 89
42 69 50
79 45 90
29 51 14
10 8 3
43 44 31
35 88 43
25 16 100
70 34 45
24 90 61
35 54 96
40 35 6
16 96 65
7 63 28
89 80 33
63 6 82
51 44 67
73 5 89
42 76 71
37 39 86
19 63 75
83 27 22
34 85 17
32 20 32
47 85 64
53 4 84
22 38 10
20 91 35
22 86 22
80 76 56
34 95 8
2 19 34
9 73 47
30 92 33
79 36 96
95 59 85
29 65 34
69 44 82
26 29 47
89 37 28
66 27 45
68 30 77
70 7 42
33 6 62
76 32 2
31 65 16
4 33 93
12 37 80
94 36 32
83 16 92
65 34 27
71 89 11
97 45 4
22 46 26
30 40 26
72 41 72
63 47 95
36 64 21
19 91 77
18 59 53
93 19 79
29 2 78
21 75 29
13 77 30
10 76 67
48 10 50
3 49 56
52 65 58
6 45 11
62 10 9
37 48 25
46 27 24
11 38 85
97 65 30
53 56 73
23 66 82
36 82 58
20 30 19
41 84 30
24 4 97
20 41 13
59 5 67
70 65 7
22 11 40
75 0 31
48 15 47
58 31 19
11 37 26
52 13 32
25 17 85
30 75 7
24 34 19
61 65 34
6 61 53
84 76 96
98 97 74
41 53 84
47 9 90
59 32 46
32 9 65
35 69 48
26 20 81
74 47 73
43 60 52
9 45 38
66 71 100
26 62 13
28 35 40
12 3 26
24 13 93
97 34 67
88 64 84
90 21 80
32 50 49
31 30 51
69 64 35
64 37 37
89 58 21
4 3 58
33 25 17
77 70 66
75 80 94
70 88 71
25 3 56
12 69 92
31 8 1
58 73 41
29 46 49
5 9 48
95 28 76
8 58 8
64 38 54
13 38 78
21 67 48
49 85 73
78 62 39
54 50 88
99 7 52
65 25 40
62 66 4
22 57 86
94 74 77
45 92 92
14 9 68
95 96 52
33 26 14
1 78 28
87 77 42
58 54 90
96 52 53
91 56 18
41 95 47
9 84 28
33 51 35
48 44 61
63 7 64
67 23 8
34 42 73
63 98 13
95 80 98
74 57 93
1 97 12
19 28 46
42 22 8
56 49 99
77 19 9
91 36 31
99 53 60
24 48 34
70 53 91
89 4 88
55 83 19
24 65 77
98 18 73
72 35 91
40 66 68
4 75 54
79 43 64
55 98 74
55 47 99
77 90 3
24 88 77
38 24 21
28 74 59
32 92 56
24 2 80
97 92 63
45 63 45
79 80 5
53 76 22
33 18 98
76 19 96
73 22 64
70 0 60
31 37 43
89 12 83
83 69 3
21 94 17
19 48 58
29 80 50
79 22 28
80 96 77
73 31 19
80 36 98
93 40 29
55 5 69
20 74 62
27 14 51
48 18 68
58 57 76
24 6 9
90 97 55
18 37 53
46 98 60
39 32 14
88 72 45
98 19 38
35 24 38
52 54 5
29 6 40
83 22 13
56 64 70
51 28 85
84 91 51
35 77 12
39 58 52
73 88 11
40 9 95
57 26 70
19 62 28
47 22 77
53 63 24
50 36 70
24 45 86
47 8 56
67 99 56
8 64 4
71 4 78
95 86 56
51 40 77
29 63 65
72 79 62
13 79 29
58 3 6
77 27 48
88 42 75
37 95 54
48 75 38
38 92 91
99 6 77
58 28 19
38 36 69
68 14 81
83 60 20
17 20 53
31 39 23
94 77 97
28 39 3
64 69 18
72 48 31
7 68 48
21 29 31
50 98 76
11 69 50
83 75 44
83 95 26
37 94 82
16 84 26
65 15 100
37 57 22
72 91 78
44 94 58
90 65 25
59 61 62
98 19 6
98 73 11
29 20 23
52 84 68
21 90 13
55 24 84
18 24 10
84 80 69
51 17 54
29 49 27
9 72 96
91 1 37
16 76 59
33 69 61
39 98 47
48 66 67
42 12 9
39 89 4
72 59 100
46 21 81
17 16 100
3 15 96
65 46 47
97 66 57
99 25 83
10 65 19
41 71 62
97 6 61
27 76 71
62 82 79
55 69 93
75 52 76
47 24 20
75 12 3
78 0 8
13 37 51
65 5 33
19 14 53
5 90 100
22 57 13
63 6 4
29 82 83
27 48 20
14 84 96
94 62 82
62 87 99
23 29 31
64 12 74
65 6 18
64 32 50
21 59 87
94 93 35
55 35 57
49 6 14
96 82 58
41 52 2
55 86 22
53 80 85
64 66 10
59 5 82
92 22 19
97 17 98
28 98 92
26 51 36
32 29 43
12 15 9
41 91 5
71 59 10
47 60 21
38 51 40
39 86 11
20 65 3
49 1 22
67 54 20
9 42 71
94 44 50
94 75 23
86 17 87
8 58 76
56 76 85
22 17 98
84 2 60
25 27 17
85 92 12
76 31 58
5 99 65
48 38 41
76 6 55
39 75 35
38 68 90
49 94 36
7 16 17
20 12 60
44 90 1
9 61 70
26 68 6
0 86 23
49 95 15
50 84 11
94 19 84
10 26 39
53 77 1
84 85 49
31 1 50
30 76 73
85 5 24
20 1 10
54 24 33
97 6 34
56 77 60
44 35 71
15 99 77
73 95 29
26 90 83
5 21 14
39 16 28
68 62 20
47 1 71
41 58 25
14 47 79
0 6 38
40 90 38
0 5 71
61 94 6
82 84 67
41 63 99
46 80 71
32 60 62
5 99 77
31 34 34
92 97 25
58 29 70
59 23 75
48 9 92
68 70 17
34 53 1
70 13 79
54 0 9
51 47 33
2 62 40
69 40 78
78 41 2
69 30 70
6 0 28
85 35 51
31 36 63
36 91 14
24 44 44
28 94 42
6 30 22
54 71 4
78 89 37
70 54 23
16 52 82
43 0 44
98 58 43
78 19 2
30 46 88
15 50 44
43 93 75
17 21 99
9 38 37
64 20 37
20 89 30
49 53 18
72 7 41
47 61 52
86 80 90
65 14 14
35 57 55
75 3 23
34 96 20
13 74 23
46 20 2
95 14 98
4 18 53
41 44 59
9 22 64
55 35 98
88 30 76
24 40 29
79 48 38
44 51 78
64 34 46
51 56 58
56 97 100
35 2 50
50 12 58
24 8 10
32 24 25
88 91 69
15 70 17
46 21 33
82 77 18
71 92 96
28 7 5
58 67 19
30 7 34
91 95 44
58 98 8
54 27 36
51 34 45
84 81 59
4 59 78
68 49 94
76 33 48
97 8 80
55 53 21
33 96 84
68 47 47
31 12 18
15 17 42
95 31 72
80 47 34
2 76 68
53 26 5
69 17 92
86 69 44
54 95 71
68 65 23
49 99 5
9 83 70
89 42 87
49 11 25
8 66 8
39 61 9
16 73 67
92 37 81
23 87 98
96 97 67
47 90 25
45 12 68
49 25 52
3 76 74
47 43 72
1 36 27
82 38 77
79 26 99
44 16 66
51 56 39
7 51 28
85 93 53
40 56 45
67 95 40
56 55 42
21 34 71
24 32 28
51 45 26
44 88 68
84 32 25
89 13 46
58 80 46
7 36 25
96 6 20
17 5 44
24 82 36
78 35 88
39 60 13
19 51 11
98 14 16
89 72 64
57 74 23
72 30 51
11 14 37
40 66 72
96 42 14
25 3 35
41 58 16
88 13 27
89 12 30
68 83 28
34 53 5
94 85 49
91 69 91
39 58 84
45 91 80
35 16 19
89 93 7
13 34 16
87 70 5
41 8 29
67 57 36
22 50 16
22 51 15
34 97 99
55 64 54
75 49 96
11 10 41
89 31 5
36 6 16
14 2 44
11 65 88
83 59 25
99 13 48
55 33 36
11 84 82
82 32 99
97 64 73
86 36 26
50 43 87
60 9 51
97 8 72
34 80 58
29 55 100
67 30 71
38 33 98
79 47 42
51 4 38
46 93 5
25 67 93
25 84 9
30 13 68
65 69 60
10 72 62
95 18 23
37 27 80
88 32 38
65 56 85
27 59 18
66 61 48
74 36 6
45 97 42
97 74 22
39 94 70
74 3 48
51 73 62
4 20 42
30 89 63
4 48 76
81 88 98
9 36 98
44 49 37
71 90 62
22 50 50
1 24 7
79 92 70
26 42 96
57 47 96
70 99 94
58 16 63
80 32 93
92 48 33
12 86 57
34 47 72
11 41 57
16 55 42
56 24 22
91 46 4
52 94 56
57 81 44
52 84 14
37 12 8
71 98 35
21 61 95
31 34 95
20 56 24
73 72 34
41 85 86
94 48 35
84 51 78
68 42 45
53 10 23
38 35 42
75 62 50
40 5 80
18 41 25
82 47 39
47 74 1
82 67 55
40 43 48
57 89 90
64 93 39
56 29 25
78 3 85
99 13 81
21 8 68
77 21 12
57 26 72
85 93 70
7 22 23
4 64 67
60 16 57
22 38 72
31 53 66
16 22 63
3 40 50
49 25 18
46 61 42
48 97 89
81 96 94
11 52 47
52 26 59
58 77 43
23 96 50
5 0 17
50 84 64
91 54 9
54 2 9
34 43 71
22 12 40
59 76 75
89 3 45
59 46 63
64 2 81
35 48 13
60 26 22
98 5 63
71 92 36
87 49 86
88 24 34
51 86 52
14 8 51
65 15 32
49 13 88
68 38 42
22 71 28
96 92 5
74 5 13
9 48 73
37 93 89
11 96 5
39 16 98
52 95 2
84 62 79
30 60 72
21 34 9
11 54 94
10 35 77
47 41 88
74 22 80
11 27 48
37 59 86
22 51 95
83 7 100
84 25 10
8 13 5
18 17 23
96 66 86
7 68 22
23 46 1
68 91 15
80 8 91
84 52 23
60 20 45
2 44 87
43 59 11
78 85 42
88 26 95
42 2 84
25 99 70
58 10 7
27 35 82
30 1 24
61 67 78
4 32 85
55 54 52
55 72 33
82 14 56
13 23 14
93 99 94
45 7 45
29 93 54
73 8 41
65 20 88
21 98 3
0 23 22
69 30 26
95 76 26
87 81 62
23 35 70
68 79 83
41 2 70
11 10 58
22 87 51
43 94 33
75 63 93
8 40 36
55 25 20
48 8 75
7 8 84
41 86 23
6 16 92
25 60 16
97 34 41
23 13 42
47 65 68
62 48 55
66 68 60
24 67 25
16 99 28
0 38 67
14 84 77
25 77 86
92 58 92
93 92 61
8 36 91
79 11 57
92 91 11
13 40 78
68 7 94
80 95 57
53 18 80
3 39 63
16 63 54
30 64 35
75 93 34
61 29 63
34 37 33
69 76 69
93 36 66
42 23 36
9 63 96
81 86 3
21 22 23
13 2 74
99 52 90
51 67 45
79 43 78
28 72 58
56 62 32
18 67 33
86 37 12
55 44 53
34 66 53
67 37 53
59 86 74
47 17 51
98 57 86
69 28 30
11 39 52
52 96 67
78 14 3
78 92 56
73 58 29
46 61 68
84 41 82
82 62 73
33 82 87
89 81 17
54 33 4
19 23 45
56 36 31
79 82 83
37 15 62
71 36 16
72 99 12
34 31 68
73 51 65
10 71 19
83 64 45
16 31 69
50 35 71
12 26 21
84 92 89
99 25 93
26 80 62
27 31 86
66 40 100
23 21 97
26 65 38
46 58 42
6 19 68
82 14 52
3 72 59
90 94 39
12 32 22
86 68 59
70 56 94
93 95 18
46 26 38
99 42 14
76 25 46
32 74 68
29 40 49
56 2 99
28 66 63
59 17 58
61 53 75
45 4 48
91 72 10
85 30 59
83 85 2
79 96 80
7 20 47
15 86 53
66 60 42
70 92 66
24 43 68
69 77 7
80 33 62
37 87 18
44 95 31
63 37 12
12 99 3
32 65 77
21 47 4
6 41 31
25 71 21
27 12 32
81 93 21
59 33 56
48 33 84
19 71 67
46 59 64
58 48 43
11 44 33
13 37 99
44 34 23
12 34 96
2 10 86
52 89 74
12 99 90
14 15 73
69 38 75
60 1 39
96 76 64
50 60 96
0 61 59
18 94 13
25 24 76
61 33 22
46 16 43
16 48 57
9 52 9
31 41 86
8 43 10
48 42 96
25 89 57
83 48 23
5 44 15
33 57 84
66 3 88
11 63 44
89 15 12
13 48 63
65 40 56
55 61 45
15 81 19
66 53 9
17 46 33
75 93 31
25 37 75
61 65 47
78 15 31
27 67 74
3 78 17
73 90 26
27 35 48
54 60 68
87 12 29
6 42 30
85 68 32
15 83 26
35 50 29
57 38 52
20 79 23
15 50 26
76 88 29
77 25 74
67 11 3
2 39 47
84 66 64
51 19 1
68 50 67
58 28 77
60 32 67
10 91 63
29 67 36
53 10 70
81 11 68
34 17 48
33 43 58
19 23 47
69 2 6
28 81 63
60 57 87
22 41 21
81 50 64
32 61 64
87 9 49
39 3 67
22 51 8
71 78 76
92 58 90
95 98 75
12 14 55
32 94 30
41 0 46
71 36 41
59 48 58
84 85 70
27 88 64
45 7 20
89 90 56
98 3 85
7 50 97
59 18 57
62 84 52
69 78 58
78 66 6
70 38 59
65 20 24
77 15 71
99 57 49
31 19 71
0 45 68
21 12 94
45 24 30
37 57 25
1 27 91
12 34 90
67 23 81
2 40 93
63 65 73
55 74 47
88 40 66
54 73 6
81 59 21
61 10 14
27 44 67
23 69 83
36 67 96
55 16 42
90 60 51
47 12 59
79 86 39
27 53 93
72 54 23
43 21 46
68 62 88
22 8 100
59 15 21
54 2 47
88 76 8
5 71 89
76 3 45
63 97 42
69 74 33
88 96 36
19 40 59
72 85 9
31 7 12
53 77 8
48 87 26
56 87 12
52 0 82
12 19 15
51 60 58
8 17 83
2 36 64
86 82 100
49 24 57
83 2 76
5 75 14
67 45 86
43 70 40
20 25 97
38 87 84
89 85 20
7 88 66
21 52 24
50 84 75
10 62 43
3 28 55
89 9 70
15 30 31
82 17 75
13 4 89
26 39 49
36 53 3
35 3 89
7 98 92
33 78 94
46 45 40
14 40 26
92 81 76
52 97 91
62 36 91
11 30 7
91 81 28
15 58 43
2 26 72
73 12 29
68 41 79
55 5 12
41 87 63
64 18 76
8 88 59
37 62 47
51 0 53
76 62 91
3 5 58
58 1 7
95 84 33
47 88 71
50 97 56
59 19 78
58 94 87
62 76 78
39 76 4
95 46 30
81 49 91
9 77 50
84 83 91
81 71 75
15 39 82
14 59 87
7 73 75
22 92 51
1 44 57
57 14 50
44 23 40
84 77 71
17 15 58
78 98 12
83 15 1
5 87 80
1 62 56
39 79 75
61 70 70
78 16 55
57 91 88
20 82 92
57 30 6
71 3 65
7 90 70
41 17 83
72 92 22
57 65 64
27 25 52
12 3 26
70 75 25
26 46 1
67 94 56
61 82 76
49 17 80
41 56 17
11 62 30
43 2 95
58 33 34
6 13 59
36 29 58
20 94 71
51 78 55
13 25 11
72 77 14
55 25 60
25 49 48
28 90 39
49 82 32
41 12 74
28 82 73
58 80 93
94 26 2
19 18 69
11 67 21
56 16 36
23 71 24
50 80 29
87 79 7
30 35 48
75 93 25
25 63 64
51 60 20
99 61 38
50 40 86
48 63 9
74 27 28
77 23 22
75 54 32
42 38 9
61 76 44
31 89 16
45 12 34
59 90 61
99 86 63
18 76 82
45 42 88
87 97 47
8 37 64
79 60 19
39 33 62
63 59 99
30 32 23
36 50 82
67 42 32
35 10 13
35 95 22
6 34 30
83 52 11
83 42 72
4 17 40
74 4 34
12 96 30
99 10 30
86 99 98
24 45 85
14 64 84
21 48 76
45 83 63
80 90 15
17 77 18
69 5 2
29 36 27
73 45 22
18 94 31
64 14 84
5 44 31
60 63 100
46 10 3
3 47 76
22 31 35
25 91 42
44 69 43
21 54 82
74 36 36
38 64 24
90 91 98
55 18 56
74 78 55
83 22 70
63 2 40
53 69 98
34 43 90
63 87 61
98 94 7
94 84 22
27 91 75
15 41 65
60 52 82
69 84 67
95 72 47
14 65 76
15 37 49
35 70 21
49 43 79
0 57 44
25 55 59
68 71 29
21 65 65
81 68 35
11 40 93
8 66 56
53 8 32
41 31 67
54 91 79
32 30 93
54 7 27
85 52 7
56 8 13
78 12 80
67 91 89
77 67 42
29 82 27
93 54 74
96 31 21
48 69 50
85 96 51
99 79 19
9 75 42
69 24 100
6 45 100
85 50 2
58 15 50
70 17 15
15 69 68
25 54 93
94 95 64
92 89 2
20 74 15
61 31 17
99 40 70
27 59 35
72 81 68
68 24 73
10 15 6
0 54 8
94 42 18
9 30 96
43 37 99
14 72 27
26 98 15
36 62 32
27 51 71
26 19 53
39 45 55
77 81 75
69 18 15
44 0 24
33 59 97
82 1 30
74 21 10
29 92 34
61 64 83
70 19 36
77 35 40
88 78 7
36 22 36
85 28 1
96 85 44
43 87 5
87 33 46
6 47 66
59 93 94
32 78 91
82 96 8
81 79 58
38 20 17
46 23 36
55 20 42
73 69 92
32 62 18
85 57 70
22 7 51
13 34 41
24 49 90
68 26 49
28 4 17
43 92 45
16 94 72
13 33 84
42 89 58
43 38 17
86 17 53
54 73 54
43 27 9
90 52 59
79 21 91
15 84 43
98 75 76
1 58 84
21 45 58
90 47 81
26 12 56
36 10 45
50 82 18
56 45 15
49 68 87
27 6 14
3 73 62
45 34 6
84 13 77
76 80 88
84 92 82
85 17 98
40 6 77
0 15 73
19 86 83
24 86 24
22 15 18
56 90 30
88 68 16
28 51 86
65 18 86
12 8 61
95 59 66
25 55 42
1 99 89
32 88 50
13 44 21
88 13 16
93 60 86
77 25 69
13 50 98
17 75 40
98 29 31
28 70 41
79 19 45
68 93 90
23 35 67
98 79 79
67 14 27
80 61 18
13 8 76
0 35 68
60 58 81
24 69 55
87 27 93
22 87 22
36 73 56
6 9 31
56 67 98
81 60 87
68 51 65
13 5 28
5 60 10
20 24 61
37 54 41
70 26 94
82 91 22
48 27 11
30 63 39
67 76 85
92 59 99
20 76 28
54 22 6
53 35 46
16 6 79
36 17 14
81 40 42
89 51 30
56 63 58
29 57 52
38 46 99
2 3 92
83 49 27
47 72 29
72 38 24
50 83 73
85 96 86
0 9 98
91 78 23
74 50 18
57 99 28
13 2 76
11 24 34
60 46 14
38 19 75
18 86 4
0 2 94
16 30 49
81 0 77
82 5 19
97 55 44
31 14 4
28 58 91
0 16 12
78 7 20
13 79 30
64 62 71
10 57 45
0 56 18
73 15 69
64 91 35
77 26 79
56 18 64
95 5 99
2 71 90
27 78 35
17 44 82
98 85 93
89 96 81
97 73 64
77 17 66
25 57 95
25 89 81
80 43 63
3 78 1
67 55 77
50 86 56
9 52 97
56 13 21
96 7 55
64 89 47
54 68 95
35 39 84
63 82 28
48 66 95
37 14 78
96 61 14
4 25 18
64 80 94
52 84 86
20 15 58
37 45 93
76 1 59
14 9 90
16 4 9
9 80 26
28 83 7
65 28 38
94 76 95
0 53 100
76 11 83
20 49 50
3 50 19
94 66 19
27 41 15
74 78 16
59 84 4
96 25 57
85 63 27
34 97 93
22 58 74
43 97 99
44 64 81
30 48 18
40 83 10
91 12 67
18 61 23
62 66 98
17 65 39
53 2 92
86 26 63
36 45 36
64 52 46
4 44 23
36 90 52
70 18 61
30 44 9
73 30 54
67 81 95
37 50 80
78 84 29
7 59 76
42 80 28
78 89 42
87 35 58
38 8 87
91 20 76
20 33 42
93 23 24
77 20 25
65 52 37
32 4 51
74 17 76
3 63 86
68 16 29
89 79 60
22 27 44
82 73 7
35 91 72
3 25 37
31 2 16
42 15 100
90 25 8
99 68 71
23 83 66
25 1 24
75 82 10
49 19 95
94 89 45
8 63 67
23 55 31
14 44 65
92 6 50
8 2 58
45 10 69
54 89 60
93 35 32
8 10 90
7 10 81
86 71 90
37 34 71
58 35 74
25 94 2
4 2 41
95 90 68
40 49 99
0 55 44
79 53 44
60 42 91
63 65 66
84 4 91
13 41 64
52 99 86
72 46 62
9 60 18
88 24 43
94 1 38
24 76 85
47 80 9
76 85 80
78 94 96
7 93 99
33 77 31
40 27 11
5 13 67
5 14 30
42 62 41
13 53 64
21 93 64
52 97 45
56 30 28
65 24 17
26 74 71
90 2 77
61 59 22
53 84 88
65 70 1
55 58 90
83 3 65
32 48 42
43 1 47
87 68 58
32 77 95
72 19 71
18 90 32
61 43 13
67 1 54
82 94 93
73 6 38
57 6 16
67 65 76
11 76 56
33 47 79
89 33 21
30 22 4
7 99 72
5 66 78
71 23 64
28 27 53
82 5 25
87 59 43
62 20 51
78 53 3
71 85 96
89 78 13
66 41 64
82 74 88
36 52 11
96 39 48
22 59 28
7 69 20
40 11 59
47 19 89
54 3 45
7 13 57
27 56 38
27 50 42
92 36 14
96 86 51
63 37 28
91 41 53
99 89 78
36 23 20
81 21 83
83 72 76
14 70 55
80 19 16
67 14 69
25 3 71
94 43 33
65 27 47
20 11 72
40 35 28
89 16 62
83 4 14
6 33 19
67 32 79
20 12 25
16 4 33
15 39 17
3 87 85
64 72 88
92 4 16
39 25 60
69 89 33
36 96 3
48 52 35
6 4 94
55 48 31
67 71 41
68 32 99
38 63 10
66 44 92
79 47 45
24 96 36
97 63 54
37 89 39
21 40 9
49 56 93
99 68 54
9 0 39
74 53 58
72 6 6
76 44 47
0 47 67
77 42 22
68 17 96
17 39 1
40 18 62
31 21 50
2 3 55
24 60 26
92 20 51
36 95 35
54 31 34
78 70 37
58 72 25
57 0 41
47 54 83
62 82 97
72 47 46
12 46 100
19 15 60
36 73 80
62 3 54
15 7 24
36 9 49
71 59 54
6 57 79
78 55 51
74 89 44
16 71 38
70 31 63
19 73 28
49 57 34
31 59 27
82 76 20
79 23 99
72 93 67
81 92 29
70 30 58
19 36 73
5 77 18
93 18 65
19 27 19
4 9 39
41 56 27
51 13 95
55 88 89
49 91 83
53 1 20
92 88 7
55 19 5
81 76 26
82 99 86
35 44 53
73 51 10
21 99 60
5 15 9
94 6 30
23 41 6
16 63 99
38 2 27
81 38 57
57 58 92
17 79 68
35 84 54
14 3 50
36 49 32
41 59 37
87 89 93
91 52 23
92 16 73
86 27 51
40 42 7
9 29 77
33 43 60
28 57 66
2 32 87
23 15 14
7 25 99
20 95 8
90 50 25
15 70 33
91 71 32
28 90 42
7 1 99
52 20 6
18 42 40
34 81 44
1 42 72
60 44 94
75 44 72
23 59 60
46 94 62
97 38 89
81 12 88
96 2 67
7 66 74
66 53 92
21 16 44
98 44 12
6 65 92
33 43 5
83 98 77
69 60 22
97 4 89
93 76 86
49 31 69
48 89 27
90 53 56
52 99 91
47 95 100
31 14 33
74 33 76
99 28 52
30 5 84
77 20 84
29 42 78
77 57 14
86 0 4
96 27 14
12 70 25
6 21 21
20 82 28
47 79 93
79 48 34
1 64 13
80 8 79
23 79 33
3 61 94
25 17 98
97 7 96
10 68 10
65 42 42
70 35 46
66 2 26
32 0 80
77 89 65
39 74 33
93 86 50
35 38 75
16 46 30
79 86 78
18 92 83
23 14 49
4 73 6
17 34 97
14 97 34
16 18 40
38 6 81
50 20 37
40 45 85
52 15 74
4 72 76
27 58 51
69 21 17
25 79 91
66 62 82
99 48 85
35 30 91
59 4 10
54 40 36
63 24 29
27 59 27
62 91 39
19 3 84
80 86 18
53 18 81
0 20 45
70 9 74
62 74 26
74 17 14
6 4 57
53 77 63
72 93 69
73 93 67
94 57 71
23 22 31
52 77 42
18 16 85
69 68 45
9 75 97
57 84 100
18 83 4
11 18 82
46 26 94
99 23 85
97 90 47
44 75 16
65 45 90
28 93 31
44 16 1
25 80 27
24 43 84
34 42 59
84 40 9
27 40 7
25 67 97
72 43 91
11 23 57
28 88 56
13 21 48
58 55 68
52 47 41
37 12 37
30 66 37
73 20 94
62 24 75
33 3 70
54 70 100
3 57 76
55 34 10
1 72 27
26 1 30
37 72 71
91 80 71
96 43 19
17 69 47
27 60 98
96 49 85
85 74 14
21 28 94
24 12 68
45 60 94
83 8 24
52 78 29
4 55 99
7 42 64
74 48 2
36 95 38
94 88 59
21 15 61
57 72 42
26 7 11
52 91 71
91 65 13
4 82 47
97 82 55
22 66 51
70 87 31
15 40 23
42 95 68
99 50 50
99 98 8
88 28 62
21 41 49
52 41 66
38 3 77
87 30 77
58 61 54
33 69 34
23 13 40
29 97 52
7 80 79
30 56 56
22 97 40
4 58 20
6 1 16
71 47 70
32 12 5
77 0 8
46 78 5
42 65 72
47 32 11
66 37 63
0 60 82
47 49 36
36 7 1
91 6 68
35 0 46
48 75 21
12 53 47
25 1 26
94 70 61
6 92 36
40 13 60
30 17 27
74 62 49
15 98 9
54 96 73
1 75 36
8 3 29
35 50 94
25 31 87
38 37 58
21 44 72
60 2 91
29 23 72
9 84 48
76 79 77
17 78 55
40 30 15
1 14 38
81 32 12
43 75 79
33 29 98
91 42 10
24 76 75
2 16 58
14 76 7
41 7 70
49 25 68
23 32 48
70 94 50
17 53 94
27 95 9
41 59 43
33 59 30
35 83 80
9 96 62
77 12 47
92 20 17
53 7 31
93 13 70
32 88 78
34 46 39
93 71 80
44 56 62
99 25 29
0 26 35
64 25 88
35 70 4
73 20 99
82 62 11
66 90 46
16 22 47
94 99 75
70 48 6
64 43 70
11 51 20
22 16 78
89 74 65
55 42 62
24 59 88
81 11 95
59 17 79
8 71 86
54 8 58
99 13 24
31 88 80
41 50 7
12 95 13
38 9 1
25 15 64
77 6 30
59 93 9
5 51 39
24 62 47
42 49 90
81 58 35
42 33 46
43 10 30
78 62 10
28 59 21
17 84 11
22 3 89
6 97 99
51 99 87
53 74 68
87 5 24
53 92 16
65 4 90
58 57 43
74 41 31
40 69 66
37 69 28
5 8 74
50 33 62
71 67 44
19 80 34
68 53 98
6 96 3
25 58 58
22 55 78
94 15 43
49 41 53
82 18 42
91 31 72
50 86 35
11 91 18
81 12 91
78 64 4
36 29 95
12 33 8
45 49 55
31 41 49
2 60 41
58 86 55
80 32 58
20 80 97
1 55 49
92 19 83
15 7 1
74 79 34
72 88 9
34 23 22
30 26 100
81 49 93
33 93 32
69 49 49
45 13 66
86 80 22
51 29 80
51 98 69
61 39 95
25 20 76
4 74 66
79 42 64
4 63 2
72 53 19
36 55 50
43 88 23
31 19 2
51 2 76
52 12 40
31 77 23
25 40 78
29 25 16
13 55 70
92 78 27
73 38 65
52 84 53
29 38 38
61 26 66
38 61 94
21 70 86
39 71 56
6 19 76
39 97 70
83 32 3
80 16 49
99 85 88
30 92 85
95 55 26
46 45 50
83 6 42
42 97 47
89 86 65
49 44 67
55 42 94
9 5 73
30 45 88
41 28 92
5 42 49
33 77 46
61 53 66
34 57 19
95 20 84
70 10 100
19 43 52
83 12 37
82 89 12
53 83 67
99 11 63
70 15 95
15 50 13
24 6 50
68 14 56
69 45 60
93 74 26
89 63 94
68 93 29
39 16 48
8 33 14
83 80 69
90 18 66
90 46 89
34 35 21
68 69 80
39 66 2
61 78 22
81 17 38
28 96 71
96 92 41
58 44 18
77 72 46
7 68 98
20 91 67
9 14 14
28 4 18
29 56 29
89 31 15
96 40 62
96 79 33
27 52 42
62 94 18
67 25 15
33 67 65
39 81 35
93 7 11
45 19 58
97 99 100
30 78 58
15 32 96
57 20 62
12 21 47
10 83 81
2 17 79
31 0 16
24 6 64
30 65 19
62 65 96
84 90 14
14 0 39
79 44 8
50 68 25
48 38 88
67 16 45
24 35 11
34 14 42
29 5 27
99 48 62
86 42 92
72 47 34
34 57 61
81 11 66
35 8 69
4 25 10
38 82 7
5 64 59
71 28 59
65 18 20
23 24 8
87 1 77
56 64 22
18 90 52
45 6 68
18 3 86
54 93 42
8 6 59
37 50 17
30 88 34
63 91 19
44 61 44
46 41 93
11 61 42
86 66 61
14 31 38
7 42 11
83 88 98
63 21 90
49 28 16
36 50 63
27 53 11
63 36 82
31 22 1
90 55 1
18 34 14
78 74 43
89 8 100
72 94 70
60 53 26
76 72 38
12 71 36
8 84 63
21 51 56
88 21 41
50 95 9
12 2 51
82 27 37
40 38 38
79 75 10
51 13 64
60 44 50
94 15 49
88 81 79
56 13 69
43 72 28
75 27 70
90 37 92
82 37 96
71 26 24
90 53 2
57 37 92
9 44 63
90 99 49
72 56 24
92 12 59
53 91 81
95 58 69
32 25 24
74 60 19
41 58 88
40 82 14
19 57 4
55 61 70
51 58 53
86 69 94
34 14 20
8 15 82
39 37 72
38 57 28
99 59 86
56 13 95
41 52 28
91 42 14
44 51 77
48 68 15
43 75 48
94 40 1
76 23 1
34 72 41
88 69 64
67 31 15
82 33 58
57 40 46
14 64 48
15 12 30
22 49 48
19 16 71
37 18 73
75 86 14
8 71 51
50 97 48
62 5 82
55 37 18
24 48 100
36 65 96
89 46 46
7 16 35
66 11 86
9 25 76
26 60 23
57 70 33
74 87 80
13 43 6
61 12 9
45 8 36
67 16 87
67 44 8
51 16 50
18 82 91
80 14 10
55 18 54
54 9 97
1 40 71
20 33 90
95 11 37
17 59 54
92 37 10
79 47 36
5 76 7
22 52 13
77 90 18
59 83 78
77 17 100
45 12 84
89 37 6
21 4 41
21 95 50
25 63 36
80 41 58
29 99 36
35 17 61
86 88 91
44 62 48
92 82 54
94 41 29
17 71 7
58 14 26
25 98 43
30 31 18
97 87 43
41 67 89
88 42 22
18 63 67
23 75 91
93 73 3
6 70 22
20 63 39
93 51 95
23 63 86
31 52 71
21 60 25
37 98 45
80 42 42
66 27 24
6 66 34
72 58 31
63 10 10
91 95 86
99 35 89
18 65 40
98 48 58
62 72 41
62 13 95
69 59 4
5 54 20
76 38 68
96 85 93
46 5 67
86 53 81
52 25 79
72 84 79
52 4 43
49 6 20
91 55 40
89 21 71
56 91 57
15 25 15
2 95 39
20 80 40
74 36 98
63 39 14
5 10 35
19 30 81
6 38 36
0 76 4
85 45 70
69 39 42
55 97 23
86 90 64
90 33 37
33 49 89
85 97 7
79 57 13
63 84 45
1 4 78
39 61 8
34 48 94
47 79 61
85 53 69
31 5 72
49 9 62
62 90 85
14 83 93
81 72 38
77 60 56
42 13 21
83 74 71
63 8 68
99 17 83
67 13 72
78 80 92
20 78 63
84 12 41
61 91 56
47 72 32
81 49 82
81 24 30
84 95 94
89 32 64
85 32 37
33 51 4
87 14 12
73 26 31
21 50 92
93 79 42
99 62 62
94 6 73
55 7 60
51 30 26
24 23 78
87 13 37
87 58 44
74 43 6
68 31 77
30 77 57
73 11 72
7 59 1
79 28 93
40 93 56
31 10 42
69 75 46
87 12 40
52 77 91
50 33 60
50 63 69
56 95 10
96 4 96
90 12 79
96 34 56
29 34 84
34 38 13
19 10 26
5 82 67
49 55 16
60 89 99
74 35 15
23 88 15
27 41 23
88 13 35
43 3 28
36 18 78
1 94 26
9 69 70
13 15 72
84 6 4
20 91 38
15 30 14
29 72 24
25 88 87
59 19 9
82 43 74
79 49 65
4 31 33
17 2 100
87 71 50
30 45 68
17 1 27
69 24 50
48 84 48
51 53 54
35 70 75
74 61 80
61 72 35
50 53 22
54 68 43
80 39 94
64 18 54
38 78 100
41 37 45
94 31 77
38 22 37
63 64 23
40 37 11
45 91 88
25 71 32
93 51 63
2 14 78
49 14 79
23 44 88
97 9 18
62 99 81
49 44 29
57 83 50
70 14 93
20 68 53
12 53 20
87 57 37
8 97 59
20 14 7
16 72 79
10 34 66
23 4 61
73 13 55
8 44 89
60 36 71
21 89 13
17 64 2
21 28 55
96 48 78
51 60 46
44 85 13
64 6 76
65 9 67
64 49 77
33 16 75
88 41 99
89 93 77
72 69 14
91 40 13
84 99 97
4 88 80
28 54 65
48 4 94
5 82 58
38 51 78
22 17 96
33 1 60
42 10 53
27 50 56
57 72 9
69 63 6
61 16 87
90 96 56
77 8 12
80 62 79
63 79 10
78 89 84
6 70 21
87 18 24
17 58 76
1 76 3
17 51 2
81 87 8
1 43 49
29 92 62
91 83 44
38 6 85
15 39 88
59 5 70
74 45 2
99 84 65
47 0 50
14 5 43
38 89 12
29 31 53
0 3 16
56 30 13
63 26 67
71 91 9
42 63 2
35 59 89
64 51 32
10 56 96
8 77 58
53 79 85
46 10 54
63 69 32
52 7 50
95 77 86
83 77 43
32 85 19
95 33 45
64 19 13
74 70 74
72 14 1
80 0 69
91 33 86
13 14 24
25 11 85
2 86 78
2 9 5
23 78 90
29 57 80
39 54 31
57 76 49
60 27 14
90 62 82
29 47 4
21 94 35
53 43 27
11 23 45
23 22 55
84 33 31
48 76 31
37 16 38
48 98 27
35 99 93
44 73 11
35 52 27
68 66 98
89 64 61
20 66 43
3 70 71
69 35 28
41 85 20
43 47 99
63 79 9
39 70 33
33 70 23
91 21 82
2 8 5
86 16 90
64 72 91
79 85 82
12 44 48
56 75 5
80 8 13
81 59 61
11 99 10
15 34 31
94 44 44
3 12 7
60 26 50
61 58 50
71 56 98
86 21 85
34 54 65
23 14 99
43 55 92
52 33 55
5 12 67
5 93 15
41 21 95
59 85 19
0 35 83
72 14 25
7 16 40
50 27 68
90 16 58
7 4 73
69 70 59
12 16 6
47 68 56
70 72 41
81 46 13
5 3 32
84 4 95
72 32 56
4 66 90
60 99 21
51 76 66
69 88 26
95 58 42
54 95 33
81 44 34
1 80 35
77 57 70
5 49 55
42 85 54
56 40 41
50 35 24
96 29 16
59 15 52
6 15 58
62 92 87
63 23 1
28 63 25
91 11 78
22 80 32
93 39 4
24 50 6
87 83 96
87 2 58
85 42 36
31 6 97
71 7 98
65 73 97
14 34 6
5 97 24
28 57 8
86 75 80
22 14 6
49 47 76
20 89 2
50 40 64
43 9 3
28 34 95
55 25 92
76 67 90
26 24 28
28 29 63
5 52 59
72 52 70
22 76 24
81 99 6
85 99 27
89 59 62
67 14 44
42 86 75
26 50 91
58 37 86
69 62 52
74 16 93
82 72 46
55 53 93
71 59 16
58 5 56
16 95 45
45 85 37
38 48 9
24 84 65
9 4 93
88 79 36
8 40 37
50 32 90
77 34 19
10 42 42
33 4 36
92 7 21
96 54 14
90 67 60
17 10 60
88 42 71
0 18 22
98 22 3
91 3 8
31 8 13
34 28 7
76 86 90
90 2 34
85 9 20
58 63 16
61 25 10
99 28 23
7 55 98
59 97 91
60 72 84
55 36 75
26 16 64
28 7 50
56 7 26
16 88 42
0 54 29
33 1 48
48 81 59
87 70 85
54 53 40
30 18 55
83 27 72
95 96 86
88 19 81
36 13 41
21 80 95
61 27 65
25 94 17
17 27 61
28 97 90
11 19 40
96 62 73
13 24 72
57 94 70
96 92 95
9 10 38
19 37 49
54 65 48
68 82 39
73 66 16
77 36 99
73 6 94
17 39 8
60 72 77
77 79 26
43 53 47
74 14 91
77 56 83
61 19 26
40 73 67
46 79 98
64 85 42
3 5 100
92 82 21
17 74 97
48 57 67
66 55 81
90 6 23
32 6 17
76 12 79
65 61 25
5 96 97
7 78 11
80 42 68
34 0 37
58 78 27
29 48 50
78 72 99
90 4 17
34 45 44
7 46 55
90 6 49
59 6 6
77 67 43
41 89 51
31 7 23
75 87 53
13 50 17
42 2 94
99 25 59
29 4 53
86 8 22
99 4 43
22 32 72
19 32 78
29 3 95
28 20 52
97 70 66
8 91 94
1 81 5
75 68 82
32 99 32
19 40 78
73 17 79
98 56 21
36 72 45
76 13 74
42 83 33
73 68 60
3 88 67
73 12 45
46 73 25
57 67 79
91 16 36
26 80 59
96 75 71
40 30 86
51 5 45
44 41 49
29 23 51
83 26 68
87 33 39
14 54 9
49 75 76
8 29 95
26 85 27
85 74 16
29 71 67
59 86 79
1 94 37
12 40 19
39 98 78
67 16 25
79 27 83
61 9 11
69 8 94
70 63 21
57 69 60
82 0 16
52 5 96
17 9 56
41 79 44
52 93 63
44 19 16
95 79 85
48 75 75
13 55 81
47 17 89
81 39 72
49 31 70
13 52 16
35 84 32
20 60 4
71 70 19
61 20 13
10 25 81
56 53 72
47 45 59
44 82 63
43 25 88
26 51 21
24 64 78
96 30 86
22 43 71
56 37 76
90 94 77
35 53 9
23 33 29
63 41 98
86 47 72
11 61 73
17 70 44
93 48 78
72 34 43
35 80 66
97 44 34
69 55 31
47 81 45
98 88 61
58 97 74
89 81 96
46 65 48
15 70 2
19 53 76
18 96 8
69 67 44
96 2 41
79 56 16
51 73 44
75 83 74
8 4 92
69 66 34
48 76 51
27 80 32
13 40 6
51 36 24
66 72 33
80 41 1
36 28 14
32 16 95
16 32 49
78 45 80
58 42 50
29 65 44
27 12 91
82 18 35
17 84 28
65 22 94
73 30 88
1 70 2
79 33 88
45 96 16
79 88 29
68 65 82
69 60 61
41 40 91
64 22 14
63 55 32
26 93 75
62 93 60
27 43 73
94 28 78
16 36 31
99 50 99
64 85 20
42 26 11
58 38 7
26 72 88
74 81 28
26 48 32
20 5 57
35 36 44
8 99 39
77 54 11
55 16 75
40 83 13
63 11 65
20 85 52
93 13 86
25 26 65
65 58 41
49 57 38
54 55 16
68 73 52
67 20 87
8 82 49
10 61 80
38 39 25
39 77 17
65 89 6
35 10 57
12 19 67
85 73 98
23 61 100
16 33 12
51 40 79
8 47 55
29 84 18
54 71 45
84 41 74
57 61 36
76 41 10
96 3 72
43 67 44
82 2 40
0 9 71
70 19 70
52 37 33
20 75 32
47 6 74
51 84 40
99 36 69
79 94 24
51 86 36
3 0 90
50 6 5
59 12 85
31 21 75
61 4 44
58 21 36
7 61 52
18 33 71
4 42 71
95 81 1
20 10 76
60 94 92
56 29 36
9 87 80
44 14 99
54 91 18
19 20 82
15 21 99
84 74 66
73 27 80
9 72 51
14 30 67
77 40 95
58 2 46
37 26 4
80 67 55
70 68 4
81 51 69
48 62 41
71 17 6
41 95 25
33 51 2
28 87 20
82 15 14
72 88 44
64 37 80
21 3 75
43 64 72
18 92 89
44 49 50
63 27 45
74 30 62
26 61 26
86 31 34
12 8 46
14 17 83
90 80 80
23 92 11
14 5 29
67 70 15
95 33 92
22 28 91
22 37 43
12 53 41
93 64 37
0 64 89
79 27 23
34 66 98
99 6 78
43 47 65
30 34 38
74 56 71
86 17 37
17 32 82
91 72 43
4 48 50
18 85 59
4 10 24
61 72 87
57 13 10
58 4 36
29 40 40
72 40 82
55 89 2
24 92 42
94 17 10
35 7 72
88 96 77
69 97 19
76 93 83
85 14 47
41 19 93
82 22 48
97 6 58
1 42 27
86 23 95
6 10 95
27 59 71
40 84 17
25 93 95
77 76 21
26 83 47
12 24 19
90 20 27
43 95 50
85 65 99
78 54 97
69 30 58
90 85 72
41 81 3
66 96 38
99 64 91
39 51 21
22 64 41
2 33 66
64 96 31
91 9 69
63 47 87
15 43 28
99 69 35
20 36 42
5 21 72
80 54 66
6 23 29
94 80 87
77 66 32
76 21 24
43 16 100
34 28 18
11 87 31
39 62 10
34 58 88
46 68 22
35 78 92
64 39 23
22 15 72
3 21 32
50 5 34
74 42 67
37 99 87
83 72 33
58 55 37
21 52 7
2 94 65
6 17 46
55 82 71
81 57 41
17 67 66
81 93 56
2 26 46
11 95 35
63 44 2
63 47 59
97 51 14
68 33 34
93 40 56
32 60 38
93 4 85
18 45 92
72 66 74
91 10 20
80 8 62
96 11 29
67 33 99
16 69 94
23 90 52
27 41 72
72 42 43
4 9 50
7 84 83
80 10 94
69 97 60
85 48 73
48 36 32
2 66 58
38 12 81
41 81 69
47 23 59
40 85 4
13 49 92
86 27 73
46 4 29
63 65 6
74 18 58
4 16 49
75 2 90
7 82 37
26 72 23
41 34 69
13 34 68
28 5 84
27 66 68
27 55 15
10 33 10
77 41 8
65 97 36
7 76 23
41 37 93
15 77 56
72 82 35
49 48 4
8 26 92
95 47 56
73 74 82
59 88 67
76 59 72
23 46 78
68 1 100
64 15 58
62 67 77
29 8 89
40 29 75
87 25 19
77 35 4
79 87 30
26 43 59
73 65 29
2 27 51
49 66 40
96 50 40
84 14 82
3 78 63
28 9 31
54 0 47
5 96 70
52 94 58
20 84 33
44 50 67
76 4 27
53 16 36
90 49 75
59 62 13
87 62 56
69 52 24
44 37 23
77 80 29
42 56 8
13 37 76
74 97 43
39 46 78
75 91 90
92 53 2
1 14 26
41 21 37
35 46 56
62 29 26
91 47 10
31 19 22
4 43 97
56 85 37
75 37 7
84 6 8
1 81 3
34 98 64
96 20 98
9 31 70
8 17 69
56 12 50
93 37 62
95 48 12
63 41 70
49 43 93
59 44 44
12 11 44
83 71 75
47 81 15
99 23 69
4 2 34
17 32 84
52 19 69
78 9 14
24 67 2
10 56 63
49 89 97
51 13 40
86 65 12
87 59 81
27 28 92
20 26 84
9 86 67
81 37 8
24 39 30
74 44 7
81 7 90
86 39 69
95 51 96
60 75 87
1 65 66
26 71 63
98 46 86
15 80 72
31 30 16
12 24 71
45 2 91
21 70 72
29 28 24
71 37 1
69 45 16
14 87 25
75 10 98
21 6 57
83 58 64
19 34 50
11 28 42
59 6 46
0 17 50
50 82 90
63 29 15
30 0 57
93 45 82
61 63 85
49 8 17
21 4 14
73 92 76
17 87 75
77 93 24
30 34 74
5 58 6
92 20 100
43 50 30
70 59 25
64 11 53
11 70 41
0 31 61
8 55 96
44 22 28
70 96 81
32 54 9
53 39 14
13 35 54
33 12 84
1 29 33
90 99 63
42 28 6
16 47 97
19 89 65
56 40 13
49 93 4
52 86 88
96 8 21
61 29 68
13 83 34
8 56 66
73 28 69
77 56 58
31 98 45
67 10 73
28 6 65
91 13 4
32 39 39
64 5 52
36 90 71
67 10 12
31 32 31
45 95 51
17 50 47
73 42 18
55 28 36
22 0 81
51 15 47
22 52 43
17 72 98
65 15 47
24 44 58
99 87 42
20 44 73
46 10 17
19 44 3
99 80 63
65 63 96
76 11 93
61 78 47
91 76 94
38 64 51
64 38 35
79 17 83
34 29 92
30 61 10
79 16 44
53 43 68
95 64 40
72 87 19
16 26 71
14 68 78
27 74 24
94 74 75
72 47 6
80 91 71
11 36 8
53 88 69
21 14 91
55 35 66
98 4 16
35 0 71
45 44 97
26 12 55
33 73 11
33 96 22
39 71 47
19 63 46
39 98 68
47 95 56
41 61 64
5 93 32
85 24 57
69 34 52
41 32 61
99 91 77
44 19 47
87 82 3
90 67 9
52 86 65
30 72 48
5 91 3
68 1 30
93 78 75
42 70 37
78 51 82
52 14 93
8 50 29
99 49 64
76 6 77
66 99 91
27 67 74
89 95 18
41 4 62
6 39 44
33 70 44
11 90 77
9 41 67
21 53 50
18 79 36
2 27 48
11 13 81
40 24 14
24 55 45
26 55 37
74 27 86
91 99 23
83 28 78
66 70 37
34 60 99
20 37 80
85 53 93
58 21 48
63 40 86
56 24 76
47 88 90
22 25 63
10 49 91
2 63 29
93 71 76
68 83 70
82 13 7
51 46 2
24 99 58
94 85 23
47 13 48
88 5 76
44 0 30
42 72 40
7 17 3
88 17 9
95 57 59
69 18 31
50 93 5
60 10 63
58 44 71
90 88 33
95 90 55
82 16 74
13 69 7
7 16 26
75 14 21
55 99 57
42 98 14
3 94 42
89 18 1
91 8 15
83 41 26
66 5 27
20 99 59
96 61 80
30 27 95
76 78 53
51 10 76
28 38 31
34 67 7
75 23 13
53 0 78
75 87 23
40 2 76
0 2 46
53 37 1
21 34 72
4 32 36
6 65 4
69 39 56
48 86 12
37 47 26
40 49 30
88 8 30
53 15 78
73 43 71
13 50 91
55 1 88
6 37 8
63 54 70
41 73 57
91 84 6
12 62 4
80 5 67
54 35 99
21 99 8
79 58 48
84 49 6
86 42 99
56 66 17
37 41 17
73 13 53
89 64 52
55 27 96
29 65 86
44 42 50
65 53 5
58 29 12
89 77 10
30 23 94
98 19 47
30 81 71
89 24 4
82 12 88
46 68 21
61 74 74
42 12 79
25 11 36
42 9 42
65 76 57
90 13 28
70 53 5
31 45 72
48 64 31
76 49 36
45 56 15
87 88 22
63 58 79
29 71 36
11 22 6
16 76 75
28 0 24
2 52 91
97 51 36
30 88 100
53 78 79
70 76 67
35 49 46
17 1 14
84 91 39
81 6 60
28 12 23
50 53 43
57 31 85
74 35 91
88 46 97
44 36 10
91 76 78
85 38 21
45 16 60
44 17 73
20 32 63
40 87 90
56 79 61
45 83 73
79 64 92
27 21 97
75 62 92
25 2 61
95 86 64
9 92 65
8 96 82
68 50 58
78 57 45
54 28 13
41 48 31
92 27 41
64 70 27
20 60 30
22 24 12
3 39 22
35 24 32
2 75 86
14 43 30
62 69 56
29 12 56
2 26 50
10 39 71
2 91 54
57 87 83
84 39 25
8 15 1
56 58 81
74 78 85
48 35 4
11 27 9
34 29 96
17 28 76
61 22 10
91 1 53
21 8 41
58 84 77
89 75 80
14 40 42
83 72 66
35 9 68
76 68 90
66 7 42
9 82 60
81 66 58
25 47 54
82 40 53
59 20 100
44 99 86
16 5 37
60 34 97
80 44 11
13 83 34
60 92 100
44 14 54
39 24 4
55 39 69
22 73 52
42 7 51
89 10 73
99 97 14
13 96 55
41 13 24
76 34 24
60 2 16
34 70 44
33 61 96
0 55 64
47 30 68
21 41 65
92 37 7
3 6 93
57 56 94
58 33 66
82 27 41
58 79 59
5 86 64
53 2 45
56 0 97
18 82 80
53 72 70
75 57 100
14 1 30
70 35 35
9 11 10
31 83 100
32 52 6
12 82 1
36 0 57
84 6 43
66 61 65
78 98 100
96 53 40
10 29 59
87 64 48
92 49 34
48 66 30
50 13 11
6 54 65
76 32 54
79 44 49
94 86 81
69 60 88
79 30 22
7 58 97
10 94 41
13 4 29
67 95 47
94 7 23
72 18 88
31 1 45
34 22 50
29 4 44
24 31 87
81 43 38
82 79 1
93 94 12
22 23 57
17 55 85
91 2 21
69 29 93
75 35 61
35 25 33
56 61 2
75 30 14
32 92 36
65 71 69
45 28 77
5 67 81
7 75 94
73 16 67
6 2 51
59 25 65
65 42 65
25 53 75
19 91 53
13 94 41
82 86 59
6 53 86
93 63 64
86 94 68
92 35 8
73 33 65
51 77 56
17 80 77
94 59 18
31 21 28
38 22 72
84 49 16
65 92 50
55 54 56
22 56 61
96 63 4
64 76 49
66 62 18
92 82 53
28 88 64
13 51 56
87 34 92
21 77 41
97 7 97
1 20 61
41 45 73
98 50 38
62 49 64
38 93 86
11 28 96
71 56 88
92 33 89
36 93 24
98 57 62
51 45 48
23 66 37
69 43 93
18 74 2
93 43 38
46 74 43
13 60 68
79 71 18
25 29 96
11 37 95
15 74 12
61 78 91
71 53 31
50 76 48
71 18 55
73 30 52
0 73 47
53 47 22
71 82 79
44 37 86
18 98 76
86 82 75
86 57 82
61 24 88
64 65 40
2 96 33
19 13 85
78 82 84
16 48 13
96 2 43
87 57 3
25 58 71
73 35 60
3 2 35
21 68 7
7 16 31
10 32 9
38 55 57
17 1 11
2 83 80
58 42 41
46 95 52
59 47 46
88 77 64
30 54 27
51 53 55
23 38 29
89 54 69
21 79 52
53 29 23
43 72 75
12 22 83
99 48 88
31 22 73
19 70 18
27 63 67
78 85 21
34 38 80
84 55 91
89 8 38
58 16 33
26 37 35
4 15 26
44 65 18
75 51 76
68 84 4
74 61 66
33 91 22
85 54 44
93 57 96
44 66 8
92 31 19
16 9 2
65 85 40
85 25 74
14 24 6
22 59 58
2 77 51
60 20 60
18 6 77
86 48 99
84 54 95
16 94 15
28 47 27
35 54 81
52 87 46
49 21 7
72 48 48
39 75 48
23 30 48
18 56 88
1 84 3
70 22 38
72 4 9
4 72 80
31 1 30
63 27 73
55 58 10
46 55 47
53 52 47
33 97 11
31 94 66
68 45 88
96 84 28
94 92 38
13 90 84
5 16 52
48 7 46
69 1 72
86 23 16
15 48 21
80 30 48
51 94 76
93 57 1
65 40 13
22 78 95
10 86 12
81 3 70
67 37 5
38 32 78
30 13 24
75 83 86
55 28 93
54 58 1
30 83 31
97 74 16
58 21 9
47 89 33
66 4 8
89 94 9
7 95 1
82 41 55
78 16 96
67 52 16
56 41 11
74 45 99
21 12 97
78 58 87
91 70 91
22 41 71
27 56 97
65 80 87
95 6 89
5 96 38
13 7 83
38 21 40
37 10 43
85 51 22
90 15 72
57 78 74
5 53 65
23 96 78
48 60 89
14 23 4
29 81 73
42 66 2
97 49 51
42 26 7
80 14 58
83 50 29
33 61 93
72 40 34
96 82 50
33 14 78
64 78 95
76 29 56
86 1 84
25 89 71
73 23 4
38 48 46
70 20 53
54 62 23
49 47 40
25 78 56
99 5 54
4 3 70
51 44 63
14 11 55
93 62 15
99 15 76
29 82 74
84 46 33
43 52 35
64 97 35
44 79 13
34 56 13
9 98 52
56 60 14
30 24 64
89 14 37
90 95 38
65 87 70
64 2 35
36 35 26
55 92 40
45 41 7
15 51 4
17 80 63
14 48 15
60 74 12
24 80 79
33 45 47
46 3 19
50 32 29
40 97 5
72 54 78
17 94 29
83 33 15
14 72 30
9 72 10
86 10 57
52 32 18
3 93 13
53 38 51
85 86 38
4 0 35
13 30 79
95 57 96
88 95 23
76 41 35
85 32 64
80 88 42
43 35 2
48 77 30
63 28 34
36 61 56
67 45 98
2 62 25
88 92 40
46 36 96
42 17 44
48 81 63
13 9 66
63 90 37
51 68 36
22 72 2
2 97 35
27 81 93
94 72 52
41 62 64
79 45 96
85 56 86
77 59 79
97 8 23
37 47 21
17 82 42
69 9 68
31 4 2
30 31 58
30 36 24
9 63 61
15 50 32
78 44 11
36 72 54
57 90 5
8 91 35
21 33 82
92 72 53
53 70 93
56 57 56
45 13 10
70 30 59
77 33 92
36 53 82
50 33 17
13 69 41
60 43 29
94 84 96
21 92 31
12 42 53
68 4 17
40 25 21
90 49 30
65 61 23
49 17 2
12 33 59
62 2 1
70 38 37
54 21 51
92 22 32
49 85 64
34 88 3
81 88 33
99 77 38
46 49 47
93 60 89
91 53 23
67 54 62
24 50 3
1 4 40
65 53 29
20 50 92
93 74 59
55 7 93
38 43 33
50 44 94
65 23 80
55 77 35
70 93 86
30 90 58
93 10 88
8 11 14
72 37 39
73 51 33
39 27 66
34 77 44
31 80 97
83 41 67
86 79 98
73 22 28
4 52 11
92 85 53
12 88 16
99 69 2
40 13 26
26 56 91
64 83 73
91 18 27
45 47 20
43 85 67
22 36 46
75 3 75
86 54 5
9 81 14
61 78 38
15 68 64
23 76 25
27 34 23
11 78 80
79 35 34
84 72 42
50 68 45
96 83 95
42 6 100
83 4 95
51 83 70
93 40 65
90 31 82
70 84 95
13 70 22
46 5 3
74 77 91
75 45 3
11 26 25
99 96 90
26 24 93
77 5 1
99 45 59
92 85 99
66 35 17
87 57 1
24 53 90
96 74 77
36 55 100
68 31 43
31 78 78
63 6 12
12 20 70
19 3 20
14 20 40
15 3 7
51 77 15
31 48 15
87 88 96
36 82 35
16 41 40
31 52 68
56 74 98
70 58 99
24 8 73
91 85 79
70 11 41
65 2 68
9 16 10
70 33 94
60 44 40
16 13 57
18 36 83
69 9 94
30 54 49
26 52 97
5 67 13
17 26 45
20 50 15
81 44 25
86 79 83
96 91 53
78 93 51
66 73 53
96 33 74
42 32 80
85 2 19
67 55 66
63 14 89
39 87 99
76 44 44
72 43 29
33 48 5
22 9 18
20 75 15
96 99 76
97 30 9
33 82 78
10 43 43
3 27 55
98 43 25
83 38 71
4 88 97
45 96 47
96 29 41
67 58 44
83 33 69
31 79 70
94 82 1
91 19 52
13 39 41
95 98 22
37 63 73
78 98 88
78 16 7
76 99 97
85 59 41
32 30 46
3 30 66
7 61 47
54 13 99
84 2 33
78 83 78
4 92 2
49 38 43
75 96 18
99 10 93
25 3 1
31 16 3
57 59 82
80 91 81
59 32 5
49 24 62
84 62 24
25 97 8
31 78 76
95 86 48
30 44 60
24 10 35
96 98 77
47 31 66
7 21 56
24 13 69
4 35 25
24 45 42
55 86 40
86 31 44
19 80 14
98 11 86
14 7 10
87 6 3
25 24 1
42 70 80
79 6 18
28 43 78
91 37 4
38 89 98
72 45 94
13 94 34
42 39 3
70 92 79
36 15 12
77 40 14
68 72 62
88 20 25
9 23 41
32 48 87
72 40 37
71 35 19
50 90 97
85 32 97
33 82 11
19 17 8
70 15 73
86 64 70
43 19 60
13 69 11
52 27 35
95 84 11
25 88 98
8 65 6
78 59 63
47 52 11
7 35 3
12 62 85
99 54 40
36 12 75
5 23 85
84 5 83
69 30 33
42 66 69
29 17 39
28 6 47
61 51 74
22 32 38
59 83 100
42 67 93
32 28 37
52 87 59
2 88 59
40 60 29
90 58 65
2 71 40
86 14 90
74 27 30
77 16 51
41 16 3
25 31 84
74 47 33
71 52 26
82 67 27
91 51 86
45 98 53
21 17 29
15 10 81
28 91 24
34 83 98
54 5 41
41 49 5
17 71 46
27 74 21
64 78 21
57 26 51
94 26 93
72 68 38
98 61 31
70 60 9
75 0 93
96 4 54
2 45 88
62 72 87
13 34 66
86 96 97
78 48 95
86 61 58
24 97 63
44 83 68
75 0 70
12 95 87
16 36 20
23 40 13
25 90 47
7 51 85
53 96 89
23 20 51
66 93 12
26 85 3
24 94 25
16 58 44
98 56 74
94 10 14
8 65 73
3 45 50
80 22 48
43 46 34
98 7 6
94 14 29
68 66 19
75 71 67
81 64 59
57 4 24
33 59 77
69 84 17
49 42 31
66 76 40
78 79 83
60 65 82
19 52 96
89 91 71
56 8 96
44 99 7
75 79 88
17 23 54
98 1 1
83 76 35
71 27 17
7 13 88
86 43 39
97 61 39
60 78 21
1 59 71
88 87 68
97 24 36
18 16 59
3 0 12
94 72 10
20 29 98
63 54 81
54 1 24
67 82 2
60 17 77
69 94 19
87 88 19
1 5 41
78 63 91
75 36 17
98 52 5
1 77 73
30 16 85
39 14 14
28 21 53
37 47 63
8 89 56
98 18 49
39 49 33
10 13 92
28 91 47
52 53 53
37 24 36
76 95 38
75 90 50
22 17 4
17 29 46
24 78 74
57 19 26
50 21 16
20 73 13
13 83 32
19 21 33
3 85 27
13 21 78
43 44 56
77 39 66
30 64 81
84 93 19
73 55 95
53 33 66
5 12 5
52 96 25
85 96 2
39 85 22
19 16 25
54 63 15
17 73 35
5 73 79
41 11 74
45 74 49
93 85 48
0 51 24
4 30 37
73 49 23
89 50 59
1 64 63
52 89 7
80 53 85
27 80 4
82 34 5
57 79 84
82 3 12
58 47 70
12 9 69
61 14 91
6 82 48
40 85 1
62 68 3
1 6 62
65 69 32
9 14 72
29 70 41
57 38 58
64 91 68
97 84 76
63 92 29
16 58 5
67 76 93
97 42 1
10 71 91
33 84 52
48 13 3
35 22 98
5 24 83
85 57 80
95 32 61
40 55 76
78 15 48
41 25 13
90 18 37
42 90 46
19 65 63
67 59 75
61 82 41
4 1 68
60 44 67
53 90 25
17 47 5
78 98 94
35 37 74
26 45 43
6 14 3
5 60 56
34 14 50
66 86 48
53 94 96
12 43 81
94 10 10
69 31 90
23 33 8
28 95 25
72 15 14
16 27 46
35 31 54
52 96 76
84 7 98
13 95 95
42 38 54
21 35 45
67 35 23
25 44 59
88 69 62
52 8 88
66 76 50
19 60 17
29 59 64
35 23 21
15 84 71
7 2 42
95 45 21
49 92 57
40 81 85
4 81 59
35 47 26
35 72 83
1 77 59
32 0 48
62 4 48
7 72 48
43 87 62
39 7 67
9 0 90
11 7 27
2 89 6
92 98 5
10 4 91
56 35 28
94 47 8
40 7 7
39 9 91
33 48 40
83 0 73
4 52 28
45 78 39
44 86 54
94 40 5
38 87 21
37 64 40
96 84 94
20 95 73
91 33 66
62 92 42
8 70 92
29 89 75
88 61 85
23 68 50
92 67 20
42 27 21
63 25 65
2 90 2
91 58 57
60 41 51
42 43 26
6 95 24
49 18 30
5 97 5
80 19 80
73 0 54
2 23 21
93 13 82
32 14 74
62 35 22
75 28 75
15 41 58
90 4 52
26 32 1
30 40 93
3 53 5
87 67 73
86 47 7
62 61 15
40 2 68
65 78 63
16 31 9
41 26 30
30 84 17
70 65 85
87 1 47
94 46 76
8 31 99
7 83 48
14 20 70
38 54 16
4 62 32
70 3 9
34 8 15
26 41 35
61 78 8
40 36 83
85 58 54
8 39 19
87 44 53
99 39 53
50 3 84
0 7 39
59 16 70
83 87 44
81 40 31
53 45 48
9 30 57
40 73 23
80 99 52
53 12 55
74 45 29
54 39 67
25 87 65
90 2 91
23 70 41
33 14 22
87 83 6
20 98 90
32 82 39
41 23 40
36 9 93
13 48 93
27 66 54
54 26 66
21 41 1
3 39 10
1 42 38
4 3 55
1 82 47
76 36 30
79 77 62
49 83 8
57 21 93
39 95 87
13 59 88
84 23 79
0 26 86
31 14 11
76 23 65
39 52 17
15 11 91
14 72 35
46 4 4
41 10 90
79 2 42
0 47 41
56 77 79
92 37 88
76 92 20
51 38 86
61 58 33
5 40 52
22 42 9
27 15 82
36 74 67
1 14 44
29 63 84
84 53 82
51 59 73
87 26 98
10 65 89
6 34 61
54 60 97
34 26 90
65 45 77
6 51 41
47 24 85
79 25 19
74 80 67
3 73 69
64 72 21
45 16 47
50 15 6
41 25 91
67 68 99
33 18 57
17 53 69
16 54 30
33 80 6
94 62 4
34 56 99
43 34 17
54 39 60
2 87 72
83 78 64
76 45 15
56 57 17
47 8 80
44 73 96
80 83 99
87 18 70
59 39 75
12 30 19
13 99 37
34 83 63
3 73 40
7 76 9
11 28 83
57 80 39
59 63 9
55 4 13
84 8 66
42 61 86
15 7 100
93 30 90
76 80 8
98 6 78
15 61 25
78 47 61
4 21 87
45 26 94
5 89 79
36 30 86
36 37 69
6 89 69
44 19 10
48 69 86
72 57 59
27 54 27
12 0 63
31 40 15
32 34 100
40 3 10
93 8 40
24 0 16
36 98 71
98 32 16
66 44 59
4 38 87
10 59 64
95 83 18
47 52 42
25 53 72
13 31 68
41 90 28
83 69 9
89 99 35
83 91 17
92 51 87
3 67 94
93 48 38
6 90 52
5 88 32
16 91 86
78 24 66
5 58 75
57 56 87
92 29 97
80 14 81
8 91 86
16 66 14
98 68 61
12 86 61
11 99 95
7 49 87
96 41 81
52 32 44
28 70 18
25 62 93
4 78 69
22 32 8
72 38 30
14 84 39
90 93 82
46 77 17
9 11 67
12 55 50
53 50 2
35 98 69
44 94 16
55 81 78
79 47 98
64 41 76
3 39 82
0 29 80
64 10 5
80 43 99
54 74 18
31 95 43
27 88 73
43 37 12
35 67 72
64 95 45
78 85 74
53 77 75
77 62 1
52 99 4
16 59 2
50 29 43
17 15 84
20 1 46
56 53 20
31 4 87
40 89 74
94 45 79
66 33 97
16 7 64
29 14 31
83 64 6
96 30 97
13 27 49
91 40 17
86 9 32
2 21 92
4 33 91
47 15 75
99 30 37
76 59 36
51 64 59
24 88 87
16 67 31
43 13 79
43 72 22
64 29 90
58 48 93
99 14 77
9 47 56
95 27 4
11 68 41
64 69 72
34 68 61
35 93 60
1 10 79
36 35 29
82 56 20
14 6 66
22 24 75
6 69 100
35 97 17
61 26 89
23 34 29
40 21 8
69 62 83
90 22 21
12 2 83
68 66 24
56 81 19
50 31 36
1 78 12
5 26 34
17 49 97
22 53 1
24 72 77
46 14 33
82 60 53
18 73 26
6 86 78
78 25 40
59 46 69
52 5 96
88 65 58
22 24 14
30 84 98
38 12 50
95 15 27
41 78 28
35 2 40
39 86 98
88 10 41
98 84 62
45 35 56
40 26 55
43 88 59
98 71 20
78 83 98
7 67 47
70 50 61
93 45 19
10 69 48
63 85 78
79 57 76
70 95 76
68 80 42
44 81 45
63 2 20
46 14 85
32 68 95
94 28 53
9 47 3
90 1 21
74 61 29
32 63 28
6 39 50
7 59 65
10 12 62
57 12 80
67 2 46
68 20 100
64 41 83
76 40 4
50 74 47
55 54 13
86 4 13
86 53 32
75 90 63
39 56 6
91 89 15
12 47 38
71 16 82
27 23 40
56 72 61
62 74 17
79 70 17
21 5 8
8 59 59
71 62 77
12 18 82
62 22 48
45 60 85
89 70 35
50 72 90
62 39 44
47 43 84
2 76 76
50 16 58
50 82 85
21 59 58
6 50 49
27 38 77
18 22 5
0 34 56
26 75 71
38 99 55
65 14 74
86 94 48
63 57 93
57 5 92
43 22 13
80 58 78
41 3 44
62 98 77
43 2 15
42 31 60
55 51 45
20 62 71
26 51 59
48 53 2
32 45 46
44 83 10
77 4 2
2 38 12
43 51 82
99 11 68
31 6 68
74 94 35
13 65 31
7 82 3
6 76 61
14 72 15
17 2 72
57 8 3
40 60 34
30 5 74
63 68 76
18 6 91
59 70 52
10 67 3
89 68 23
10 65 98
0 27 18
86 57 34
61 35 92
70 86 56
9 44 55
48 83 18
64 13 32
73 84 34
9 62 33
72 8 26
16 44 59
92 72 93
70 44 49
1 9 49
35 22 11
61 73 40
99 53 5
68 6 56
67 47 1
8 22 24
93 16 86
12 65 53
75 44 29
65 74 45
29 95 35
0 5 4
88 29 3
3 35 90
39 75 18
41 92 18
35 99 31
34 67 37
14 72 87
72 93 74
67 49 86
63 91 4
45 34 20
13 78 87
75 73 35
77 53 87
84 8 60
35 6 72
86 21 82
52 1 6
0 58 95
36 4 16
96 24 79
46 57 41
30 68 75
45 0 30
61 3 35
59 75 40
38 60 57
14 62 81
8 48 63
79 92 73
53 88 47
76 69 49
38 57 86
59 51 96
28 48 75
27 0 85
89 15 46
40 3 49
57 12 25
63 9 5
65 25 19
91 62 2
81 43 69
36 60 61
38 45 28
81 23 72
4 28 20
79 84 80
64 94 67
15 11 25
93 14 21
57 77 94
23 96 12
11 5 56
59 26 32
61 76 1
89 87 77
63 84 80
53 58 50
40 74 44
9 72 69
66 97 96
29 81 51
34 37 55
11 15 48
10 13 73
33 32 31
65 33 93
70 11 44
2 57 90
49 31 29
5 78 3
64 40 19
28 93 39
36 50 36
86 21 93
87 62 14
7 60 44
21 75 39
71 28 81
45 99 69
3 76 38
20 54 4
44 91 77
71 32 77
22 40 89
33 47 34
2 71 69
58 62 5
53 78 36
56 47 14
56 2 8
24 94 92
64 29 100
73 61 15
91 37 87
77 31 80
81 18 14
88 68 77
6 34 68
70 43 5
20 38 79
36 4 99
0 82 37
96 49 33
56 40 69
44 13 4
82 95 54
5 66 51
82 97 12
3 31 64
74 19 92
52 46 23
36 21 30
37 15 53
54 3 52
67 42 13
96 29 46
28 51 61
53 99 73
33 17 39
39 51 33
93 83 19
60 72 94
72 20 6
85 90 15
80 48 22
5 69 72
85 67 76
99 74 96
50 94 39
80 88 71
11 89 31
57 73 81
38 46 94
10 73 95
69 64 14
74 45 3
4 97 84
62 92 27
43 80 1
90 93 80
17 92 44
99 35 18
8 46 32
19 3 10
1 34 23
59 45 27
33 28 36
28 40 92
14 98 47
92 2 73
44 57 82
43 63 4
30 64 35
72 60 75
77 89 56
21 54 2
74 42 1
21 45 65
34 0 66
25 40 43
6 79 98
28 74 56
91 74 34
36 88 90
77 26 38
2 35 90
58 93 8
12 13 32
78 18 69
54 38 24
19 58 93
49 87 38
89 8 3
93 86 70
99 2 16
55 1 52
82 98 5
13 58 8
64 19 28
82 14 15
5 28 34
65 70 44
42 17 97
56 53 39
12 70 46
82 56 37
86 56 37
21 41 51
86 9 13
52 31 94
60 52 35
8 89 86
28 45 47
96 82 25
35 39 97
72 28 64
86 91 72
74 13 39
21 48 44
29 33 91
92 99 99
20 46 76
64 81 57
50 95 35
79 5 85
92 49 51
94 87 53
43 72 24
48 68 77
71 49 96
68 29 41
71 44 90
71 29 90
74 36 7
25 15 88
53 5 76
97 1 74
83 82 41
46 49 66
88 18 43
12 11 65
26 59 59
98 24 64
98 73 99
84 10 77
98 58 90
22 94 86
9 62 35
80 50 45
84 74 98
3 42 33
9 93 37
62 27 12
57 53 87
15 88 18
89 68 69
17 2 30
77 4 90
41 94 56
86 31 95
89 36 99
43 54 46
52 84 34
63 49 25
85 49 4
28 15 93
60 53 99
94 33 71
76 69 11
21 81 63
74 17 64
44 29 94
93 27 86
48 60 42
22 89 80
27 90 96
14 27 95
76 95 92
27 11 15
42 69 17
52 95 55
45 71 43
18 28 86
47 34 71
38 98 61
27 59 29
63 72 94
37 92 8
23 51 18
95 6 1
82 42 52
77 14 37
38 57 60
51 26 26
34 33 65
57 69 52
54 81 44
47 37 48
56 60 87
64 42 63
47 42 57
81 70 81
6 36 65
90 43 61
69 70 79
1 75 3
93 66 77
25 72 58
84 68 61
53 76 72
93 70 34
25 31 14
12 31 81
8 52 89
64 47 64
68 56 91
55 59 38
69 2 99
36 15 61
41 63 59
85 59 100
10 72 52
85 68 75
96 72 60
8 73 50
32 47 20
3 15 75
28 90 67
27 52 19
73 61 80
72 55 19
75 48 21
91 64 64
84 37 90
25 34 22
20 41 30
36 35 85
84 1 74
33 84 75
62 43 57
58 85 15
82 98 77
28 0 75
1 56 64
27 82 42
37 4 100
76 46 67
60 52 77
38 46 71
27 73 10
10 43 67
12 73 52
20 24 26
92 86 23
23 56 43
15 68 78
30 55 9
8 22 24
60 58 19
89 86 78
51 53 59
14 67 35
47 12 39
23 77 43
24 0 28
45 17 53
46 19 8
80 81 85
51 60 84
15 86 84
7 92 97
2 25 93
46 89 2
75 49 38
84 0 38
63 83 9
66 34 72
2 49 97
26 61 90
66 63 64
52 51 28
3 62 13
74 23 75
45 74 13
83 40 3
66 29 21
83 95 73
77 56 2
44 95 40
21 8 38
97 32 17
85 23 81
34 1 29
70 72 25
22 96 69
68 33 43
62 40 48
83 54 36
27 78 100
20 21 75
28 7 83
88 58 22
21 24 56
76 77 8
9 63 60
47 60 19
68 80 31
81 89 9
37 95 12
87 63 38
17 5 62
93 29 53
78 99 20
10 68 4
17 56 34
93 88 7
43 49 45
56 86 46
75 32 1
10 96 15
44 64 97
9 12 80
75 0 93
91 43 43
50 31 58
82 11 63
89 24 99
2 77 10
78 2 56
90 19 61
48 84 86
32 24 23
43 0 100
60 3 59
79 85 76
83 89 63
13 10 51
90 88 26
58 85 59
87 84 36
18 20 9
53 15 87
19 49 25
17 78 9
48 14 55
82 66 49
52 42 14
97 87 4
45 73 40
42 65 2
5 81 43
91 55 82
14 36 56
38 35 7
39 44 8
89 15 31
91 54 43
10 88 81
48 39 39
31 49 18
1 14 97
52 42 17
7 8 43
31 50 32
51 54 60
40 59 19
64 92 84
68 28 5
78 89 34
55 6 44
76 86 37
40 12 44
78 44 57
2 43 45
47 46 57
50 85 45
6 9 9
9 49 16
10 83 95
26 98 84
61 20 8
54 14 2
0 42 32
7 11 63
64 22 22
79 14 47
38 75 51
22 42 81
37 39 72
31 5 87
23 17 88
15 63 20
33 79 15
37 48 34
75 90 7
53 46 98
77 65 6
63 36 83
0 37 53
39 48 48
51 57 30
51 61 13
99 81 24
97 85 62
29 69 86
73 17 98
32 48 55
60 27 83
32 39 18
13 32 73
72 93 85
55 50 42
22 26 49
34 57 72
57 62 99
88 53 39
85 83 26
17 0 48
40 37 10
87 73 24
75 50 37
27 56 74
91 74 3
46 85 70
51 86 31
95 84 22
22 50 26
69 8 84
44 65 24
80 33 18
52 0 70
68 91 15
74 73 69
22 86 68
75 82 46
92 47 29
70 57 89
2 51 18
85 94 69
79 0 84
38 61 23
7 68 28
50 11 88
93 18 87
92 59 98
8 91 12
66 86 97
72 32 85
57 41 72
31 30 50
13 98 26
7 82 93
38 39 89
72 19 45
27 85 3
44 16 34
52 1 11
48 51 83
50 5 24
3 96 86
81 82 44
29 80 91
72 38 16
38 90 15
58 60 40
76 54 40
87 57 17
47 42 55
18 9 94
91 46 20
85 34 84
44 64 73
42 5 47
17 4 48
4 23 12
94 33 37
90 75 32
94 55 66
41 73 30
70 32 53
15 68 27
84 7 37
91 32 28
35 15 63
2 64 97
28 20 84
35 56 65
84 9 79
83 68 41
48 54 45
89 5 29
31 65 64
72 18 34
38 26 46
14 89 53
37 41 80
55 8 100
16 44 50
1 71 95
64 60 85
82 40 99
95 23 73
53 3 17
59 36 51
63 81 36
6 47 6
63 85 63
54 63 7
89 94 92
75 54 27
64 4 14
53 93 6
58 7 35
37 83 31
54 51 83
72 7 14
46 0 86
65 75 96
79 56 29
0 23 80
29 96 10
28 14 85
20 81 44
36 45 13
94 44 26
23 55 3
21 11 44
28 89 54
84 81 55
5 76 4
53 31 50
63 14 9
42 36 18
1 57 12
65 24 78
20 35 45
19 91 83
71 68 55
65 59 66
83 8 2
11 98 6
50 49 40
47 89 46
66 78 7
77 40 75
37 8 4
1 11 25
67 13 91
69 56 75
36 88 77
50 41 59
9 38 90
1 92 42
66 18 66
69 4 66
31 21 1
10 61 68
39 60 84
70 71 100
50 0 9
18 94 16
36 16 59
82 5 35
95 35 40
78 58 32
75 26 85
74 12 49
97 65 95
50 85 75
30 18 28
11 42 29
55 28 19
31 30 96
55 14 75
25 53 54
69 8 75
89 52 5
45 85 28
19 22 27
66 40 48
90 88 72
52 81 90
76 35 1
15 30 51
43 22 9
67 2 54
28 23 26
13 51 93
98 24 86
44 0 79
29 66 83
76 92 77
76 47 100
24 30 74
56 64 61
16 80 94
74 62 64
52 18 25
55 84 44
96 42 93
45 22 53
56 67 17
58 39 33
85 46 13
86 40 80
67 49 91
60 96 50
13 40 26
68 57 38
37 23 87
36 93 56
4 45 69
52 75 26
0 14 95
0 23 89
58 40 62
62 73 57
2 66 83
73 72 84
81 33 16
23 58 94
9 64 23
41 3 15
62 92 22
51 72 31
94 76 83
47 86 48
34 72 90
10 24 94
3 16 35
33 15 96
81 7 23
7 50 13
31 37 41
65 36 57
54 75 49
65 22 29
36 33 24
73 77 26
4 75 28
89 77 33
20 39 40
52 29 73
30 60 51
76 62 19
26 43 1
43 33 44
62 38 42
74 38 88
44 70 94
84 56 9
7 71 95
10 3 50
70 63 89
39 83 26
88 64 4
14 74 88
61 4 64
75 94 13
89 56 57
70 8 78
6 16 23
44 66 9
78 74 73
40 66 70
79 49 66
68 50 69
80 18 70
34 88 99
27 82 71
7 64 14
40 28 93
37 72 48
71 99 16
7 36 77
34 13 66
79 85 69
9 57 55
77 28 34
66 6 5
40 92 82
57 18 63
14 24 16
3 99 86
9 79 37
31 81 15
67 65 66
81 45 95
90 44 24
14 39 30
80 72 91
26 44 94
18 77 8
80 87 38
48 0 11
61 49 71
65 81 73
3 39 14
91 42 46
62 0 97
82 84 70
89 25 3
84 42 81
10 43 41
39 40 48
65 32 19
14 12 4
70 7 73
7 68 82
80 36 69
49 33 48
4 39 82
27 55 1
0 90 17
89 58 30
30 67 44
97 77 71
43 27 88
76 7 76
99 45 99
65 18 58
57 17 73
91 61 79
56 44 42
65 92 88
24 64 82
32 50 6
11 51 26
93 87 37
52 64 58
94 22 15
56 9 57
65 24 66
16 13 20
68 39 41
73 4 21
44 59 100
15 74 73
55 20 75
82 83 36
17 50 36
1 90 75
64 35 39
2 17 88
64 95 10
41 85 5
95 31 38
43 91 50
34 3 61
92 4 72
55 57 32
8 62 52
14 97 96
45 86 12
47 31 28
96 19 69
33 5 35
36 87 93
33 8 34
60 40 100
21 28 12
57 42 29
61 96 37
39 44 27
31 30 87
90 14 55
5 22 44
27 7 3
83 16 5
60 45 9
16 23 9
24 80 21
29 57 14
27 30 10
54 63 34
72 40 25
54 16 60
21 93 35
15 16 36
94 28 83
27 23 61
65 13 56
60 92 74
36 43 54
50 71 91
30 94 69
40 43 50
64 90 94
20 31 99
15 25 87
26 69 99
76 88 38
4 61 11
43 34 9
25 82 39
86 19 78
7 80 2
33 45 34
93 16 28
66 60 12
76 80 23
41 56 69
96 3 71
94 55 49
87 23 45
30 93 33
66 92 12
36 51 14
83 32 33
72 82 22
4 16 28
54 38 59
6 56 67
9 18 39
48 73 98
88 56 68
10 61 2
56 25 31
81 77 47
12 44 65
40 77 98
33 25 89
9 16 59
80 15 44
33 16 42
99 11 21
50 1 62
47 62 56
70 73 11
21 62 46
60 54 48
64 95 77
25 36 74
29 30 8
10 83 56
28 45 28
8 74 71
25 19 98
71 92 85
86 92 35
87 73 42
87 4 63
6 31 48
69 87 35
99 19 32
89 84 3
56 38 54
25 45 46
90 58 79
90 75 30
69 26 55
86 58 92
46 22 91
56 63 60
1 54 21
46 58 86
80 99 5
99 74 85
78 0 5
59 65 83
38 94 55
51 77 81
27 13 67
6 82 91
93 51 34
75 46 39
78 51 12
47 31 5
54 77 8
58 3 28
35 95 22
64 71 89
53 70 54
22 83 37
84 57 66
44 6 31
80 1 17
39 82 45
48 50 95
38 74 72
41 34 53
10 50 38
15 25 23
12 38 43
82 9 83
69 39 84
17 2 69
68 80 59
67 20 61
25 41 93
52 83 25
49 43 31
88 28 63
80 43 17
48 6 34
73 7 100
3 77 22
82 63 7
19 31 68
1 36 36
95 17 83
23 11 42
78 87 53
72 19 13
98 39 6
24 57 65
41 6 73
70 68 16
66 49 75
54 55 98
84 58 76
96 21 54
68 52 95
81 75 89
97 8 15
81 5 33
43 93 58
58 99 29
46 38 74
27 15 38
95 12 17
15 24 7
23 8 38
98 32 60
35 39 55
33 73 29
59 5 13
14 2 85
23 52 89
28 36 7
82 30 73
72 9 78
30 4 1
27 70 77
55 78 66
47 92 48
10 7 85
19 7 57
36 32 46
68 90 62
26 62 12
18 80 68
67 17 38
91 76 86
46 73 9
9 53 67
46 39 60
39 40 72
62 51 68
30 68 92
72 24 58
53 51 47
31 80 19
2 73 83
99 76 30
25 55 82
63 33 81
67 88 24
70 73 85
66 75 64
80 86 42
2 91 78
85 40 93
43 77 19
53 20 78
43 35 46
31 90 48
76 59 6
9 15 88
96 48 88
76 57 19
19 53 67
94 12 46
30 83 30
29 9 20
0 95 19
81 40 18
50 93 39
5 51 4
27 55 94
20 28 36
93 97 10
34 40 89
56 35 59
89 5 18
12 93 12
44 57 76
22 25 21
53 12 81
95 18 17
81 51 27
2 99 9
82 32 7
90 98 78
75 42 6
39 90 31
21 65 56
36 0 92
59 2 39
35 22 36
49 92 95
99 35 81
48 92 85
13 74 10
84 57 78
80 87 65
20 72 18
97 42 88
52 8 91
88 78 1
89 13 81
46 82 25
19 84 59
23 83 15
9 51 87
82 22 95
68 75 67
14 26 14
21 46 41
8 50 24
71 82 13
51 59 96
32 59 71
92 29 88
36 42 93
44 92 42
36 38 17
12 29 48
8 7 11
93 59 36
93 91 12
20 12 96
31 77 98
63 20 22
25 42 55
62 19 17
22 18 14
22 37 16
33 83 52
64 18 5
33 70 30
3 8 62
7 80 13
47 48 38
89 67 92
62 74 5
97 89 41
45 20 70
97 9 94
43 67 40
94 99 68
48 18 1
63 38 64
77 89 96
76 97 74
66 89 40
79 67 87
69 81 78
78 88 65
42 71 4
82 9 43
68 93 91
81 68 20
18 76 15
0 64 2
68 13 30
58 77 20
5 69 4
79 44 20
85 87 5
10 85 24
79 41 34
9 27 27
99 63 79
60 11 31
91 81 42
3 56 50
88 62 71
0 67 99
87 20 96
99 13 33
59 92 9
5 93 74
45 12 13
38 93 75
53 93 36
2 70 18
97 22 28
75 22 43
45 17 95
18 10 99
27 59 59
80 7 49
72 94 84
11 4 31
59 32 34
98 37 6
4 44 61
41 99 13
73 19 37
35 8 91
83 93 46
31 3 16
70 79 11
24 2 17
40 59 78
15 29 31
32 36 7
0 24 98
73 0 51
64 86 92
89 37 55
30 78 34
60 78 51
74 52 28
46 30 36
27 97 63
93 80 29
5 69 63
47 63 84
88 5 94
97 5 17
62 28 3
23 11 36
60 85 44
44 64 68
83 7 37
30 78 58
40 30 38
69 85 85
18 87 76
71 78 87
33 67 54
44 4 68
50 13 37
12 64 17
91 55 58
94 72 17
2 61 77
66 84 35
9 87 91
76 87 89
63 28 33
89 11 11
2 3 23
66 28 29
93 4 21
37 2 78
29 71 99
74 10 76
2 68 7
96 4 36
18 95 37
57 48 11
99 62 66
99 59 6
24 11 26
46 2 56
64 20 19
11 31 4
35 54 96
66 16 35
55 83 69
41 3 96
14 98 86
45 34 6
64 46 35
40 52 23
65 76 72
52 20 94
89 6 31
11 33 25
15 83 37
98 9 22
51 68 30
75 58 2
84 43 50
39 38 60
46 68 5
98 73 66
2 26 59
4 72 22
29 72 15
9 42 29
64 38 82
67 52 55
73 42 55
47 96 85
1 5 51
11 72 15
39 79 98
56 48 66
27 95 27
78 67 98
86 98 14
98 72 5
81 60 20
20 0 60
83 28 18
54 70 65
64 52 98
84 54 96
82 52 65
95 44 66
58 17 68
31 41 55
98 27 18
68 27 11
17 49 42
75 12 76
29 50 73
28 83 75
19 78 34
26 86 36
42 65 48
59 45 13
43 87 22
60 52 52
21 69 58
35 85 18
32 64 24
94 69 95
64 88 22
61 80 28
90 1 46
82 47 8
24 96 9
75 46 21
10 60 82
92 13 55
40 66 13
16 85 73
71 45 7
22 72 10
99 87 49
90 73 65
72 4 86
68 83 36
25 10 68
39 80 41
37 79 86
7 59 96
2 0 86
23 19 90
80 77 63
49 42 7
6 64 40
34 59 53
81 75 38
14 88 34
65 77 69
44 86 71
95 45 47
13 24 43
8 83 51
2 94 58
23 21 96
29 52 63
58 76 99
67 59 41
87 17 57
19 43 11
57 97 72
31 21 37
67 11 37
30 20 36
14 1 14
3 73 91
83 7 52
7 93 3
51 12 58
24 22 38
37 92 8
23 18 38
48 68 96
75 9 50
87 16 75
7 84 5
4 45 29
38 73 15
86 61 47
79 49 39
48 7 41
12 36 87
97 38 15
39 92 54
80 40 59
26 91 90
12 24 14
20 70 1
24 90 55
73 91 76
92 32 76
32 93 25
72 18 19
3 70 45
39 81 68
69 68 100
91 60 67
33 7 14
59 20 43
33 89 59
98 15 91
84 67 62
30 54 81
6 45 93
43 73 73
45 90 9
78 92 21
56 44 23
61 24 11
26 16 67
85 77 48
21 75 80
40 94 78
8 62 78
76 16 15
23 26 29
78 55 14
29 1 43
88 8 38
50 74 90
25 34 49
74 18 56
29 20 7
77 96 65
60 41 56
11 3 47
95 28 6
40 57 100
20 1 33
95 90 78
20 61 99
64 55 82
55 11 63
87 0 86
13 70 94
85 60 30
61 73 55
7 17 6
29 81 47
98 54 92
87 35 40
23 19 26
50 73 27
7 42 5
30 60 91
60 81 70
42 75 22
92 90 71
49 88 94
63 99 49
23 15 72
82 19 39
3 40 22
8 36 62
32 56 79
94 64 93
24 81 99
56 83 93
53 80 22
23 17 6
10 64 32
8 47 44
21 94 68
86 56 93
79 63 53
58 18 13
79 24 3
33 30 97
99 41 94
11 65 89
50 92 45
41 70 63
28 67 49
3 15 47
55 62 42
12 91 36
3 54 60
81 68 22
14 8 93
30 24 98
49 18 65
23 57 33
96 73 8
85 29 39
14 41 67
9 93 16
68 49 93
55 56 87
56 25 38
63 26 88
80 3 71
72 66 95
8 48 18
21 26 21
59 74 54
62 96 68
95 74 36
26 22 69
66 90 73
17 95 98
67 13 43
49 31 69
8 78 27
58 92 46
91 6 36
67 76 87
43 10 24
68 57 50
57 56 89
60 67 71
69 86 38
4 58 7
72 49 88
74 70 22
7 66 2
73 43 91
38 56 74
67 14 29
74 39 25
52 40 86
73 18 11
87 56 12
40 4 54
51 90 87
45 38 82
8 4 8
22 66 21
69 64 71
42 32 14
99 4 44
60 69 91
18 86 72
89 3 37
45 2 31
1 98 56
25 81 48
17 11 46
35 42 42
14 46 62
43 62 62
77 37 83
47 67 71
62 30 25
99 97 39
71 41 90
27 20 30
12 74 39
33 43 34
75 35 21
40 6 14
9 29 39
48 40 50
2 18 22
93 1 97
77 39 5
42 61 37
79 74 40
35 65 69
53 13 85
63 38 98
89 54 88
88 24 95
99 69 30
87 84 39
31 45 91
59 98 73
42 65 62
2 16 77
37 62 90
10 85 92
84 78 3
34 84 54
51 39 52
52 67 32
66 39 56
99 42 84
44 83 80
87 73 35
88 82 67
34 2 1
9 28 3
62 38 98
46 28 7
96 48 71
16 71 65
40 5 99
3 99 67
39 64 57
36 92 44
48 80 17
17 27 78
68 40 93
43 87 25
21 18 5
14 22 57
64 17 16
4 21 39
47 20 49
82 2 19
32 85 9
23 8 90
44 56 68
62 87 36
20 47 54
71 80 70
77 7 17
61 30 50
88 8 72
50 42 38
9 54 82
73 0 28
34 3 31
8 64 24
92 93 93
25 83 49
48 36 80
78 77 86
9 7 25
63 38 54
69 83 40
93 92 22
77 53 83
93 38 8
88 1 32
69 95 7
71 22 88
89 60 80
1 8 7
88 9 53
77 59 30
6 2 16
12 99 12
80 48 91
46 49 31
26 67 24
17 44 15
12 1 44
60 84 91
22 15 14
58 86 21
14 7 3
50 28 59
25 45 29
32 64 53
31 71 4
97 75 47
34 11 64
27 5 43
36 66 61
39 41 84
59 3 74
53 94 30
75 97 42
88 37 35
63 23 14
38 69 67
81 66 38
6 15 94
76 84 72
59 6 31
62 85 79
2 96 81
66 17 85
6 29 37
63 14 76
76 67 81
14 15 31
46 51 16
12 70 2
4 38 40
10 77 58
68 99 97
71 28 76
93 29 22
11 81 39
16 77 79
8 49 76
43 13 25
48 19 94
39 14 19
59 4 32
59 45 92
9 34 71
69 68 66
28 61 97
3 95 77
93 73 86
4 96 2
10 53 60
1 71 80
96 76 17
25 74 9
60 51 50
24 86 81
58 70 42
6 60 18
4 94 6
17 37 94
65 60 2
65 0 46
13 39 84
72 67 70
25 24 40
87 48 22
17 23 77
75 34 54
11 69 92
94 36 8
45 81 54
9 54 50
15 80 74
66 7 64
34 14 72
24 97 73
4 47 62
79 90 77
65 1 58
45 43 70
47 5 94
20 6 17
69 23 78
84 4 82
59 81 25
23 17 4
88 85 43
44 73 98
17 65 43
32 85 78
4 5 81
66 84 62
63 72 60
49 42 41
69 3 2
10 69 5
86 65 70
7 58 38
77 95 69
63 79 72
21 83 71
83 35 4
63 56 88
19 95 86
37 41 75
21 60 74
14 40 28
7 3 46
92 98 35
71 19 82
82 96 73
5 58 61
50 10 51
14 79 32
69 53 75
97 0 15
95 12 98
13 39 61
7 52 81
30 82 24
55 67 56
59 17 97
87 98 89
74 61 28
44 89 90
75 6 64
10 67 9
89 56 83
10 48 38
7 2 32
19 73 73
6 47 20
85 40 69
34 82 32
11 66 45
33 31 42
80 43 14
51 41 37
54 47 98
39 72 92
89 75 52
55 77 58
54 97 66
25 75 42
86 38 1
88 52 63
31 25 37
69 85 76
55 15 92
48 20 43
45 24 88
15 4 64
86 24 5
68 59 60
63 13 9
13 70 77
52 5 23
97 3 27
57 63 27
24 43 78
85 8 5
53 86 99
37 87 16
76 16 50
16 25 61
8 86 56
55 23 29
62 74 40
13 21 24
6 70 33
70 82 23
97 84 11
92 70 68
89 81 100
91 51 29
84 79 69
31 25 48
52 0 26
25 33 57
26 28 46
51 39 70
79 31 75
50 49 68
37 0 61
24 11 2
99 27 25
22 91 45
9 64 1
4 30 59
30 82 59
27 7 46
73 74 57
94 6 59
55 24 89
81 47 72
80 93 5
60 96 96
23 35 55
68 10 24
60 29 26
19 12 79
36 60 27
27 49 79
5 39 11
75 31 92
92 46 13
80 7 18
98 29 55
92 60 52
99 68 87
68 46 9
29 37 48
45 79 47
60 87 39
54 44 95
49 10 27
81 77 69
29 56 69
7 98 20
67 95 11
70 38 79
27 83 95
46 76 44
10 55 19
81 39 51
31 76 100
1 54 31
61 33 24
91 32 42
77 56 19
37 18 59
15 91 60
43 74 98
8 92 82
4 14 34
23 84 95
21 52 87
75 40 6
1 90 86
82 10 95
4 85 82
16 87 80
85 6 29
70 16 12
14 86 42
74 93 25
31 92 72
53 3 58
66 18 22
15 24 10
84 58 32
68 48 68
9 73 99
16 83 66
63 34 99
63 97 87
75 30 12
62 86 68
48 11 11
93 96 97
20 41 72
26 53 31
11 92 30
31 81 88
14 92 8
47 30 69
17 24 15
68 30 96
25 66 39
9 13 78
58 2 53
28 88 29
94 46 87
87 43 9
34 37 90
58 48 52
25 82 77
70 27 28
6 64 36
66 96 9
22 70 92
53 70 2
83 91 76
24 97 17
28 48 83
25 54 29
66 49 24
99 86 93
46 38 26
1 86 32
62 71 79
1 7 30
57 92 99
32 16 91
8 78 95
11 76 93
31 86 66
75 8 53
96 60 99
98 65 63
77 65 18
58 57 11
62 37 27
69 71 99
41 81 99
18 19 50
13 17 17
11 89 64
96 90 75
16 76 64
67 75 50
40 37 14
6 44 17
90 11 81
98 49 42
20 21 81
78 26 21
96 54 52
6 90 29
15 86 41
59 24 60
75 64 9
68 49 32
80 65 73
46 69 3
53 37 77
24 72 80
82 85 22
5 39 72
72 47 66
31 38 25
17 57 92
24 33 73
61 85 34
84 51 30
44 99 52
56 48 55
26 38 47
17 64 2
7 74 50
56 98 79
52 91 56
45 47 32
79 1 94
3 96 40
74 42 82
26 50 1
45 12 58
55 44 48
6 25 7
57 8 2
84 45 38
28 98 96
23 15 4
38 33 92
76 48 40
84 8 67
34 94 51
95 78 75
49 0 75
94 16 99
74 21 38
31 5 35
45 6 40
63 11 12
66 5 11
28 60 80
45 28 56
5 49 86
5 16 82
83 85 28
15 87 4
53 19 58
25 70 70
96 30 12
16 41 44
43 70 28
78 40 17
91 78 8
22 47 75
68 96 69
42 30 37
73 35 24
17 42 21
43 9 48
69 52 59
39 17 68
39 54 25
45 69 88
22 17 7
49 96 11
83 48 26
97 81 33
38 65 51
79 6 67
18 13 61
80 90 59
54 57 10
31 60 97
64 49 100
10 72 40
29 10 37
46 2 25
26 12 84
17 60 96
43 27 24
44 83 30
90 89 85
19 21 7
28 64 67
8 54 68
77 24 80
80 52 92
21 32 83
5 7 90
66 98 53
86 25 82
69 30 88
92 58 88
79 81 90
89 73 45
38 16 18
22 14 69
36 94 32
97 98 56
94 68 100
37 28 79
63 72 20
11 82 57
73 45 23
99 51 96
30 50 44
25 71 37
88 3 87
4 79 51
17 73 97
43 81 24
83 56 87
66 53 33
29 24 12
59 98 53
41 22 90
86 33 58
36 89 84
36 3 40
38 89 41
93 80 61
95 69 79
23 25 89
51 97 87
80 2 60
72 35 42
27 99 44
57 85 8
98 41 80
60 30 59
91 55 98
23 49 70
2 72 9
65 69 34
63 3 94
34 69 69
54 29 89
42 17 83
0 96 1
15 76 48
10 9 12
9 67 10
4 67 83
93 43 38
20 74 1
50 91 6
35 41 84
58 91 12
80 49 36
44 93 37
95 38 34
34 55 99
17 90 92
5 2 94
15 94 26
63 42 58
37 65 55
52 7 36
63 67 11
0 38 32
78 79 93
28 43 87
52 71 93
94 93 8
77 45 90
68 83 33
56 62 72
1 57 9
14 94 89
40 12 78
60 68 28
67 44 33
91 12 70
15 12 5
26 17 49
8 97 47
20 1 7
27 77 51
74 54 5
53 70 29
20 47 35
44 12 98
97 76 46
32 91 65
57 29 36
19 34 51
34 96 91
77 88 95
56 22 75
45 65 34
26 69 74
38 28 52
25 93 54
82 22 23
58 83 72
41 66 2
79 88 98
7 54 30
22 14 49
59 89 59
1 46 87
73 16 64
33 63 30
31 63 41
17 19 82
22 6 13
69 67 45
65 14 8
93 61 50
18 56 14
78 28 93
8 68 16
40 5 79
55 30 91
39 1 12
50 93 38
18 57 19
61 69 18
12 79 2
5 80 29
56 2 71
44 2 63
91 42 46
24 35 10
15 27 58
25 6 92
94 55 20
2 31 40
12 28 45
80 19 34
34 79 74
24 76 99
58 77 48
16 36 94
79 17 60
38 6 20
73 58 72
93 64 70
87 89 92
3 34 26
87 60 90
43 26 83
18 53 35
69 44 80
40 47 76
32 11 24
80 45 47
72 73 7
23 15 100
7 62 46
41 59 41
95 81 32
63 89 98
25 16 67
42 81 67
18 91 43
80 97 74
14 37 5
52 15 7
87 41 27
28 98 55
97 28 67
88 25 98
19 80 16
10 91 99
25 73 71
34 62 21
14 64 11
18 95 56
51 86 16
27 88 14
99 25 21
30 37 40
44 75 99
1 63 23
6 14 20
98 88 46
44 48 25
5 21 43
63 3 28
95 29 92
82 6 83
97 11 34
19 96 79
38 1 53
57 25 73
54 75 48
35 57 21
44 92 100
97 82 97
78 21 23
67 16 63
53 99 68
59 10 40
61 81 50
39 90 84
56 7 37
19 43 91
25 48 18
54 88 50
87 17 90
72 77 83
59 29 65
38 43 15
28 15 4
36 69 69
82 32 2
75 88 13
28 24 40
48 89 18
64 73 64
67 71 85
88 84 22
84 49 85
24 27 30
55 22 93
45 0 29
56 26 61
10 90 12
41 40 12
14 75 20
6 8 39
93 13 58
94 48 47
86 55 83
66 19 100
38 21 54
83 59 14
7 14 38
47 54 60
87 77 60
33 58 77
13 7 64
73 90 43
40 79 32
0 35 37
84 3 22
14 4 65
72 8 31
8 30 82
51 41 91
58 93 99
85 7 86
68 77 81
10 28 98
50 33 47
58 2 45
1 62 80
27 82 66
15 11 65
96 27 81
61 74 49
5 86 10
55 65 17
61 6 46
75 98 2
17 5 44
71 93 73
64 92 99
86 48 33
37 82 5
75 32 85
85 21 32
61 77 99
71 40 82
50 95 98
62 55 40
17 26 56
46 37 95
2 67 100
63 29 93
22 41 85
76 77 17
43 19 88
94 11 26
4 43 26
64 0 22
44 90 6
7 56 20
90 44 8
50 42 53
27 8 65
16 55 60
41 52 96
18 89 3
27 51 16
81 15 33
31 36 34
95 34 50
56 12 73
19 53 50
51 40 11
50 64 25
15 50 8
19 40 76
89 37 85
54 42 49
16 43 22
62 57 34
51 30 93
85 95 15
0 66 2
23 46 93
38 77 25
9 20 11
44 82 65
78 76 99
24 60 13
34 96 1
24 81 93
12 0 8
28 94 3
14 68 26
78 76 48
24 14 37
52 80 30
43 78 22
15 91 3
73 34 37
63 81 23
3 51 58
76 40 38
26 73 89
21 70 96
33 9 33
90 94 71
11 12 31
28 3 36
96 67 44
95 53 38
13 88 92
25 55 4
66 31 39
28 25 89
10 57 56
25 70 55
84 50 95
61 39 61
99 66 51
32 98 60
61 28 54
85 96 50
7 70 89
27 11 37
61 96 78
48 58 100
97 57 74
69 32 61
31 15 58
87 84 41
5 42 57
11 72 42
98 12 22
89 18 8
84 0 60
41 30 93
34 8 54
68 30 52
19 92 94
86 78 15
71 24 43
99 2 75
19 97 72
49 53 85
53 1 27
88 48 5
3 96 36
42 7 14
63 47 22
94 61 48
57 4 72
59 63 24
28 49 70
60 93 51
71 83 24
59 7 41
59 53 63
5 10 11
6 51 64
22 4 31
75 4 48
0 51 39
78 62 37
99 70 71
49 23 11
81 90 96
54 81 15
71 81 80
22 53 84
90 71 12
2 68 52
23 71 51
9 53 66
72 60 63
27 74 30
56 59 17
87 13 18
51 31 35
34 67 78
57 23 16
95 32 88
29 66 94
47 58 68
1 45 20
41 23 85
45 76 5
29 71 82
68 79 75
96 42 66
57 52 57
80 34 38
58 5 79
4 14 59
29 12 39
32 77 93
91 24 59
75 13 16
74 47 36
40 68 76
45 74 85
64 25 9
97 50 33
48 36 1
58 79 89
37 73 27
23 35 75
79 4 55
81 80 23
67 28 99
1 87 28
15 80 4
3 20 77
17 58 66
25 68 88
10 43 15
23 55 64
78 24 43
92 66 11
41 89 49
96 76 42
41 8 81
58 35 48
66 74 84
27 7 69
95 16 21
56 82 64
23 11 42
98 36 7
55 97 7
28 65 2
86 51 21
48 27 2
70 52 82
68 27 14
88 45 77
86 84 58
45 92 18
46 33 36
49 1 33
62 23 49
64 82 62
4 85 79
90 32 67
54 45 87
26 91 15
68 97 12
94 35 26
22 19 97
76 40 82
70 6 62
96 60 57
84 43 88
40 68 71
45 73 95
82 19 12
32 46 63
5 70 11
37 95 49
55 57 92
48 41 18
8 14 45
40 33 79
7 6 93
37 7 93
70 76 2
68 75 14
27 41 25
16 81 13
85 44 38
81 70 29
60 97 88
93 8 41
86 16 27
38 45 45
73 91 25
2 53 2
58 95 4
35 73 53
46 56 64
80 87 97
13 46 15
95 98 66
40 12 38
67 26 91
96 38 37
63 73 35
15 69 92
72 36 56
74 47 10
60 32 18
55 7 13
93 8 44
50 44 65
45 65 7
34 48 30
20 23 54
60 80 74
25 14 90
91 5 15
40 55 90
17 83 88
13 96 79
52 80 63
89 47 47
14 46 67
85 91 65
91 44 26
71 29 50
8 42 45
1 81 80
79 11 7
15 45 62
95 52 89
71 63 28
7 54 77
30 2 5
18 7 21
80 91 8
6 80 46
15 7 28
23 93 6
29 30 36
85 10 25
24 39 9
75 82 88
71 99 64
54 24 58
69 33 85
81 57 56
4 80 8
80 36 2
25 52 6
55 53 50
82 64 63
74 98 67
21 24 100
31 8 16
98 49 65
71 79 49
65 94 11
80 2 88
4 0 25
51 16 46
3 91 94
67 84 58
96 30 44
58 76 22
98 15 71
85 31 12
56 48 91
56 82 62
54 84 72
57 77 41
90 88 85
28 13 83
34 47 56
48 34 12
6 94 80
61 32 73
83 51 44
86 24 43
57 41 4
18 37 5
24 60 89
56 96 58
44 48 63
46 3 97
92 53 90
89 73 10
67 17 37
65 76 63
72 95 23
38 95 93
14 86 3
34 20 100
57 68 75
42 71 76
2 42 71
5 71 40
49 0 27
33 8 72
58 9 81
22 26 41
39 11 7
34 40 80
18 40 1
99 55 34
10 8 14
15 20 32
6 50 8
55 49 57
96 36 82
95 93 33
54 7 57
34 93 17
35 48 73
20 6 36
19 51 71
85 71 42
6 1 74
37 40 7
12 19 42
3 4 83
94 45 91
28 40 57
18 40 56
52 11 24
59 62 48
21 80 35
83 34 49
40 81 93
91 32 54
39 3 69
17 35 31
77 79 84
2 73 58
95 35 72
87 5 77
54 94 51
19 44 65
79 39 81
29 55 26
83 9 8
23 8 28
61 86 96
74 72 99
54 35 53
84 67 1
98 55 43
36 6 9
7 84 41
65 14 19
35 86 88
92 45 32
45 75 81
17 55 39
86 88 82
3 83 62
65 10 34
78 57 87
17 75 3
13 17 41
36 55 36
29 69 3
71 29 49
80 69 57
14 74 35
0 51 23
21 7 16
29 35 53
9 20 5
79 10 81
29 43 48
60 3 32
65 83 39
72 21 72
51 59 1
38 16 95
9 99 42
98 21 22
96 49 34
21 6 66
34 41 50
18 24 27
95 68 7
2 38 25
80 43 39
77 16 34
51 67 34
55 19 51
95 98 29
85 65 42
87 73 36
52 17 82
89 8 1
71 16 42
34 86 79
88 31 61
38 9 50
98 12 33
23 42 88
31 62 93
0 84 29
31 65 46
93 80 32
31 33 14
24 51 52
60 53 72
88 37 4
88 84 7
23 81 87
99 40 43
99 55 17
51 96 51
