59 10 74
83 6 32
66 0 42
68 35 5
14 26 38
4 14 53
74 42 86
95 53 26
82 60 4
46 95 43
71 1 2
55 35 95
68 82 80
46 34 84
36 67 44
78 97 72
57 51 26
77 25 93
31 16 7
98 67 22
49 24 19
53 79 54
72 61 85
5 38 49
80 8 37
82 91 73
29 50 66
21 34 53
33 71 81
50 53 83
73 33 9
15 33 48
55 25 64
69 81 68
34 57 90
21 25 59
32 59 47
79 72 13
89 49 13
25 17 43
74 62 73
31 41 25
43 19 38
6 28 48
97 30 76
95 64 71
76 51 50
81 95 91
78 56 53
68 73 72
77 41 37
9 2 69
10 35 60
86 27 75
36 16 19
34 44 45
51 80 21
19 48 82
1 82 14
21 79 11
11 84 21
27 78 68
49 28 16
58 59 93
5 61 5
50 40 74
1 18 1
46 28 71
84 96 8
43 30 97
96 61 26
21 28 19
42 18 84
38 20 11
77 25 68
24 75 59
30 25 71
96 93 42
25 7 35
14 62 30
86 95 63
95 92 11
42 80 7
1 47 85
68 27 43
85 89 15
13 71 37
20 66 72
72 28 59
99 65 4
18 56 72
49 94 33
51 6 15
52 5 23
93 91 16
85 54 38
99 47 68
30 83 57
42 17 1
48 3 18
46 87 44
5 95 44
98 78 84
63 92 99
74 1 35
82 30 21
85 31 86
72 32 68
51 18 31
16 0 72
4 99 93
14 13 79
25 19 45
35 75 85
11 66 64
14 25 3
29 7 60
5 19 9
76 77 24
26 38 95
84 17 27
96 95 4
97 48 78
91 51 82
24 80 37
19 2 15
83 23 69
67 22 30
12 87 38
68 8 7
81 93 89
79 5 43
8 70 38
58 76 49
8 17 46
23 28 42
84 50 41
49 18 23
70 23 92
50 10 18
56 77 77
65 17 38
38 65 65
82 46 75
0 54 65
68 93 69
39 3 90
27 78 11
16 28 54
5 97 77
2 91 31
76 87 83
3 92 95
85 22 92
21 15 23
73 3 15
97 39 89
12 96 100
97 63 13
92 0 21
39 93 4
85 66 100
91 59 34
62 80 92
11 96 97
55 69 82
7 18 91
91 3 49
70 90 73
3 56 73
61 54 98
94 81 21
95 18 39
70 47 18
74 91 100
55 61 10
93 91 3
88 94 10
52 79 39
94 88 88
97 34 19
44 69 2
14 23 28
88 6 43
58 61 30
68 47 87
67 25 8
90 40 50
26 41 28
1 92 70
97 34 88
71 38 92
21 25 61
95 20 92
25 99 90
52 16 11
9 22 35
6 54 63
14 49 34
90 76 19
29 34 15
37 38 83
41 45 74
59 27 48
84 13 50
65 84 17
25 39 59
42 34 23
95 68 1
51 81 11
8 94 89
6 12 100
74 89 8
47 68 98
88 36 70
23 1 73
48 56 94
52 21 21
27 12 6
54 82 81
25 39 82
25 94 16
34 17 44
38 40 63
54 2 84
2 24 73
2 40 97
40 75 80
72 86 74
20 57 87
51 59 98
98 9 8
78 4 15
47 68 71
97 68 37
42 16 13
9 86 51
41 53 86
8 52 51
21 57 83
22 52 45
25 56 80
23 32 89
94 10 37
15 97 45
47 25 82
46 22 65
59 7 96
34 42 89
74 26 9
70 94 73
30 12 62
28 85 80
76 81 31
98 40 48
27 99 26
41 32 79
13 37 61
91 7 89
7 74 67
2 1 65
68 80 47
65 92 32
78 18 92
52 73 44
8 83 4
33 20 46
62 23 74
64 48 41
23 38 78
67 60 5
78 79 33
89 80 93
49 14 61
6 89 99
90 45 37
64 50 23
82 13 20
42 85 61
69 21 33
16 51 72
62 2 93
59 18 64
18 80 62
17 84 94
15 66 3
96 95 20
16 63 54
56 8 92
30 75 82
7 98 92
77 57 32
86 11 17
34 15 63
91 43 5
22 97 80
92 83 56
58 18 90
66 95 31
32 86 32
35 33 97
17 2 16
83 49 10
11 35 89
73 11 95
24 59 30
48 18 22
23 67 93
46 97 86
62 39 96
98 0 27
69 25 67
37 78 7
20 95 52
2 85 9
69 0 25
54 74 70
28 4 23
15 6 64
31 6 94
32 53 53
19 86 78
47 35 66
28 49 34
60 1 48
75 60 82
2 14 50
93 69 3
54 68 32
29 76 96
15 77 88
11 77 61
68 53 82
98 40 6
68 36 12
9 35 78
26 88 31
79 14 3
54 97 59
60 59 41
39 54 1
84 4 14
65 3 84
33 22 84
65 24 79
73 96 50
0 44 23
13 62 78
66 62 42
70 89 45
55 83 84
41 96 18
47 25 40
50 1 14
68 23 16
17 68 34
41 54 62
83 75 16
17 97 48
76 26 83
48 8 17
28 41 21
86 0 68
57 38 78
87 99 74
79 12 73
36 77 31
8 63 17
24 15 8
91 63 47
5 87 45
51 61 93
46 67 81
87 2 79
48 96 75
69 3 4
32 85 5
50 5 73
2 70 41
18 61 44
57 26 4
75 24 23
56 67 100
90 58 46
1 23 89
74 44 30
58 28 39
43 78 69
56 43 7
61 48 56
39 17 70
46 95 90
5 49 28
61 71 57
62 23 36
37 86 5
11 21 45
21 39 64
72 75 14
67 48 51
72 55 55
36 80 5
25 18 4
15 91 35
30 55 68
47 18 73
5 42 15
19 24 67
47 84 21
98 67 63
64 24 12
93 76 3
80 22 59
81 37 5
80 65 81
18 2 4
94 91 36
56 65 2
27 7 42
15 83 88
39 42 58
51 54 99
37 5 4
94 53 71
44 49 11
43 93 82
9 54 70
78 74 78
24 65 8
45 70 68
93 64 32
81 79 52
97 77 88
54 28 75
43 37 49
34 65 1
66 68 97
41 69 51
35 90 57
10 40 76
9 61 71
93 28 66
55 1 32
55 77 41
71 9 88
51 92 3
21 16 94
8 74 20
58 71 52
4 23 76
24 13 77
88 13 73
83 76 9
92 81 48
51 17 69
82 6 36
98 81 27
54 84 64
47 80 87
84 32 5
67 34 91
64 25 42
32 91 40
32 90 33
83 26 81
59 63 80
67 37 12
9 27 97
46 54 81
4 43 31
51 73 8
46 31 80
12 88 67
12 52 96
30 50 1
71 46 36
36 67 35
69 30 52
50 80 4
41 32 57
93 32 57
49 43 24
57 2 99
32 42 10
34 88 60
40 9 40
99 89 33
14 20 33
89 62 90
43 75 5
43 99 67
43 18 78
35 97 85
21 99 62
82 90 23
34 74 9
66 82 93
0 78 1
20 73 97
67 74 85
71 27 7
17 24 71
15 49 4
43 75 82
95 76 25
85 34 8
70 62 23
51 81 62
54 24 27
96 57 14
19 13 6
79 92 48
91 38 39
73 36 24
26 77 86
61 53 37
28 34 8
52 38 24
83 45 69
76 75 99
70 41 98
32 47 51
98 12 13
34 94 38
8 72 3
93 81 36
25 84 87
91 10 61
13 57 32
77 0 64
43 74 80
98 80 87
60 45 60
36 11 68
73 12 6
6 26 30
73 43 97
57 2 23
87 26 70
73 72 17
22 73 18
12 97 99
72 14 89
21 80 88
32 76 18
87 54 78
98 74 20
36 30 20
51 18 85
80 76 1
1 61 100
58 1 10
32 77 98
22 55 73
28 58 51
2 3 95
71 41 88
63 4 79
19 17 47
77 20 77
10 22 55
87 89 31
7 11 81
68 91 77
58 79 96
92 34 10
27 24 65
38 0 78
87 51 8
16 93 83
0 5 37
70 74 12
42 33 45
48 72 83
82 1 68
55 34 18
48 4 95
23 34 73
14 34 50
80 30 77
38 65 95
27 74 6
63 17 86
83 76 81
53 44 90
97 32 43
48 1 56
27 73 90
3 51 37
80 50 21
79 25 88
54 77 36
4 90 72
28 74 30
66 29 44
70 66 29
83 2 54
61 48 36
3 87 46
43 91 100
21 44 73
34 86 18
58 68 74
58 84 78
66 33 71
85 93 44
79 9 39
25 10 13
42 40 12
73 7 78
22 37 17
3 23 18
34 42 73
30 82 77
68 41 64
80 8 8
68 0 14
73 17 34
71 22 95
61 25 39
73 11 74
4 48 96
53 48 77
93 80 38
98 89 85
94 79 91
65 68 28
40 61 53
42 72 87
24 80 67
16 51 56
62 93 68
64 84 95
4 54 92
57 46 43
17 76 53
24 19 30
70 32 20
69 10 23
84 41 26
48 89 27
36 65 23
1 42 55
3 67 5
77 34 8
84 30 92
76 37 69
24 79 52
52 7 83
51 50 49
92 9 90
79 17 90
32 68 42
22 30 92
58 14 63
7 11 69
58 39 85
51 10 88
83 46 95
61 40 95
85 99 39
96 64 80
15 74 83
94 54 31
2 61 32
56 24 43
40 88 58
46 0 4
47 81 11
8 32 61
31 60 23
39 91 80
76 86 75
18 81 74
64 54 81
25 40 52
95 91 80
18 0 25
59 29 70
95 99 29
7 5 36
57 68 40
84 97 27
79 95 36
84 22 98
22 12 19
0 75 52
75 27 42
2 68 48
72 30 68
34 54 39
43 19 22
12 23 65
31 66 4
38 51 36
19 72 60
92 56 32
31 12 33
92 2 1
54 70 59
92 70 1
70 90 93
5 19 68
11 36 12
51 1 64
90 91 87
58 12 78
85 16 6
95 91 4
35 14 76
66 61 78
81 12 30
63 40 52
60 94 3
51 75 23
51 62 35
42 81 18
73 62 43
17 15 91
13 51 55
27 87 14
94 8 51
99 34 34
72 71 57
87 42 74
50 51 22
50 37 47
86 97 40
93 52 3
55 20 66
79 20 14
24 69 58
71 56 70
3 23 24
87 20 91
51 17 2
8 77 1
21 59 77
77 79 75
98 29 62
85 16 13
13 38 52
81 69 88
96 55 39
94 80 90
28 46 21
22 62 1
74 19 50
62 9 4
16 28 92
6 20 34
92 63 50
93 22 88
10 49 23
70 29 58
26 21 48
22 57 12
99 80 81
82 77 10
53 81 40
80 7 20
64 2 19
75 9 80
25 71 39
71 46 69
1 67 62
76 74 71
61 55 24
96 61 41
98 62 71
92 5 6
86 1 55
34 85 90
53 47 93
81 36 72
93 69 7
64 17 55
47 62 54
7 80 78
91 39 67
8 40 8
90 12 45
48 80 8
74 7 93
46 19 54
75 19 35
7 91 34
10 79 13
70 75 95
94 11 36
57 43 47
65 82 14
85 73 24
4 63 61
11 3 96
38 82 43
26 53 49
33 54 53
50 59 47
86 44 8
65 57 59
83 10 37
82 39 99
73 16 46
53 23 77
42 59 81
6 46 73
15 92 33
58 62 22
50 6 88
97 5 33
57 72 1
59 10 39
51 74 44
33 99 9
24 59 41
66 43 75
40 48 34
43 18 75
46 96 68
48 6 85
59 91 6
69 1 42
6 58 20
29 43 3
10 71 76
70 59 30
93 21 45
70 45 68
17 58 86
2 79 26
58 81 51
31 51 95
71 1 23
52 61 46
58 86 35
42 84 1
94 55 79
36 43 64
23 12 77
24 68 51
75 61 2
16 3 98
83 8 68
1 75 74
41 97 62
64 55 36
94 73 93
93 0 77
61 15 84
33 66 43
1 86 48
96 32 98
28 80 89
85 84 62
96 16 96
31 85 19
67 78 7
78 65 12
56 40 95
93 66 84
96 57 55
24 4 36
42 23 94
86 25 64
70 22 18
94 54 37
74 22 70
86 7 40
92 45 51
53 26 30
39 26 62
1 65 31
52 13 28
63 95 26
45 80 82
19 43 91
95 68 37
99 5 44
57 87 91
39 70 81
73 16 59
61 30 71
2 31 49
30 47 34
73 74 74
6 1 89
89 21 30
83 67 30
91 10 26
23 26 14
11 90 84
49 75 6
91 36 92
51 97 4
7 88 37
78 1 5
10 78 84
95 60 78
74 44 76
62 77 100
20 75 19
53 84 50
55 46 44
59 66 36
49 92 43
17 39 76
44 23 73
56 37 64
98 58 96
53 41 60
55 34 95
88 47 8
68 19 42
47 26 28
72 29 54
63 60 20
63 58 61
77 19 24
36 82 93
13 55 19
56 94 52
17 49 75
58 95 76
3 85 70
73 55 82
23 58 32
93 0 9
27 35 65
7 2 28
60 73 45
25 69 47
15 83 80
16 15 40
65 77 3
8 59 85
29 53 21
66 29 23
18 33 3
26 54 13
6 54 82
42 73 25
57 78 81
69 53 9
5 29 15
6 47 94
91 58 60
19 88 100
91 86 78
51 99 18
25 3 27
25 28 47
6 43 43
1 48 2
23 52 27
65 24 15
7 0 71
39 71 1
47 36 65
25 62 86
53 87 81
2 38 70
73 47 62
67 80 70
32 93 78
34 47 92
89 2 14
21 59 41
67 60 62
96 57 69
57 27 55
10 35 83
87 97 55
1 3 17
48 7 55
15 70 11
0 3 16
72 89 50
8 25 13
79 86 90
53 94 70
46 0 69
63 87 93
85 37 62
64 6 97
15 5 43
3 41 2
72 24 46
56 83 43
85 10 70
67 77 86
23 44 55
77 49 51
94 81 23
18 26 93
80 22 58
50 10 36
86 74 33
95 5 87
11 72 70
25 21 96
42 72 16
11 82 44
83 50 98
79 11 80
17 47 64
85 93 17
28 75 71
11 93 22
1 57 27
60 12 70
80 98 60
90 27 50
59 11 2
66 45 99
12 22 99
93 31 18
60 32 20
55 13 84
47 84 44
43 47 44
7 26 91
64 4 97
18 8 85
57 14 71
87 16 79
47 20 3
84 74 61
37 27 87
34 48 81
10 37 49
62 32 30
83 51 82
84 9 94
13 22 14
87 94 66
72 7 25
75 33 79
68 38 36
12 41 15
36 10 86
25 43 52
9 7 75
22 17 54
94 14 80
93 31 44
34 45 80
37 11 54
12 76 52
46 95 84
72 84 14
67 51 17
84 23 96
48 93 85
73 90 11
15 87 16
59 76 96
65 67 17
40 63 38
15 80 42
76 51 56
24 93 73
15 7 33
61 21 54
46 13 49
23 77 44
1 11 6
12 63 80
52 70 81
27 86 52
74 81 84
4 65 89
97 80 86
56 14 10
72 86 24
1 65 5
20 79 25
55 29 49
28 77 9
25 19 22
41 56 14
8 95 52
90 81 6
98 82 6
34 71 37
42 93 45
42 45 55
1 97 100
30 60 62
97 98 97
69 24 88
53 85 13
36 39 13
22 1 22
56 85 58
12 13 62
40 77 56
94 72 84
44 76 47
0 62 98
79 36 10
53 8 64
46 51 8
0 29 9
21 22 50
31 66 12
46 96 45
77 78 20
5 16 61
70 99 73
55 3 90
11 88 24
4 14 65
91 72 55
1 66 26
25 0 30
98 57 44
19 77 57
56 44 2
29 42 5
70 75 49
86 40 36
6 51 72
74 96 7
33 54 43
89 53 99
96 22 57
76 98 86
43 22 39
33 65 82
62 7 60
46 6 70
98 76 75
1 49 12
21 38 37
83 10 29
16 84 98
61 82 26
47 62 51
11 78 70
56 83 59
19 69 65
42 90 9
97 0 70
4 94 38
13 37 18
73 56 25
45 84 93
46 48 9
70 49 84
43 75 67
18 21 29
51 26 9
57 69 75
56 41 91
57 93 76
77 45 17
75 94 13
34 57 14
81 80 7
87 78 1
85 16 88
46 42 63
48 83 18
86 34 99
68 77 31
56 22 98
96 70 76
22 90 56
61 34 15
97 12 81
28 30 44
81 9 15
87 32 51
54 70 13
41 69 6
13 95 2
98 79 79
75 86 56
6 38 40
25 31 1
70 80 10
7 8 86
41 44 63
58 20 40
91 33 64
38 69 35
17 60 10
43 69 95
89 87 72
29 36 67
30 20 54
26 2 9
8 5 20
1 7 36
90 69 45
91 9 61
91 61 41
80 3 60
99 96 73
80 43 32
22 97 52
21 43 23
49 36 57
70 64 18
45 57 61
22 25 51
57 55 22
50 19 30
69 32 16
43 79 67
84 80 32
52 65 20
7 92 96
35 26 44
95 78 51
80 8 41
60 71 68
52 12 45
40 47 34
65 86 71
67 86 53
0 96 58
11 25 7
34 60 34
27 62 11
88 55 24
29 38 48
51 34 85
67 43 44
19 17 71
95 9 23
81 87 99
22 30 61
47 68 33
53 7 97
42 62 61
92 2 32
17 30 59
30 58 57
95 32 9
67 7 72
44 86 82
89 66 72
75 49 80
84 51 5
20 24 23
14 1 18
54 76 62
11 21 89
17 25 40
43 82 84
1 94 5
80 94 90
54 73 83
4 59 76
36 37 100
27 75 87
81 57 11
56 53 85
4 5 92
67 76 8
2 35 63
57 96 34
26 47 36
36 18 83
81 82 71
37 97 29
53 40 6
44 47 69
25 10 63
16 18 40
63 44 41
38 21 88
1 52 30
7 43 69
65 24 43
96 95 90
23 43 96
36 49 65
9 89 42
60 4 52
9 92 13
35 55 87
99 30 14
18 52 42
16 44 73
35 77 42
9 8 49
40 41 11
73 76 50
70 34 85
49 96 78
18 47 76
87 76 60
28 10 58
69 38 90
5 19 69
39 49 11
62 56 19
4 10 85
12 13 44
18 90 100
61 51 86
0 12 65
3 10 63
45 3 62
45 83 92
1 89 57
76 40 41
36 46 65
35 40 1
78 21 60
40 26 45
36 13 16
71 87 42
15 36 86
14 32 95
40 25 72
23 64 92
21 93 44
79 56 36
83 80 93
43 13 65
31 30 28
55 84 13
87 59 96
2 92 69
19 74 44
20 16 27
78 96 8
94 61 47
29 72 23
5 80 34
22 18 54
23 46 91
59 1 90
60 66 53
12 36 1
12 92 76
4 34 45
65 77 63
90 35 87
19 96 66
96 32 41
92 41 28
51 37 29
33 27 63
67 66 11
15 60 90
80 19 6
75 20 78
31 1 76
22 8 58
79 54 6
52 10 17
95 10 13
82 60 14
47 94 55
95 14 88
80 20 30
76 29 90
31 0 49
64 59 51
42 20 18
23 0 4
69 66 55
47 93 73
97 35 65
39 96 14
88 54 87
1 21 27
52 76 77
38 74 19
79 92 2
61 55 1
31 52 65
32 63 81
44 64 89
19 15 96
57 26 36
90 91 62
52 0 48
23 45 69
48 93 60
8 72 58
26 63 85
27 96 82
27 95 9
10 95 47
75 32 13
28 5 89
23 96 75
61 8 33
84 26 50
3 4 97
1 58 80
17 78 19
20 14 40
74 69 63
83 82 7
81 95 55
15 88 88
22 91 26
62 52 21
61 84 72
69 95 53
29 71 4
41 20 34
71 84 18
6 17 99
17 78 91
60 93 59
47 85 87
4 87 32
55 82 62
33 79 11
72 73 47
43 32 14
96 8 41
50 72 87
22 65 25
61 7 35
23 51 10
0 15 70
15 34 94
36 60 25
5 59 92
62 52 1
47 70 15
96 43 22
66 71 6
38 98 35
60 51 87
60 21 91
96 18 76
73 46 19
91 71 14
17 79 23
54 1 78
66 27 71
69 32 85
35 17 97
92 22 30
97 12 41
63 22 75
78 80 95
26 60 38
49 66 97
17 59 70
80 52 24
7 22 23
48 7 73
54 64 3
44 2 22
7 98 49
28 57 78
38 62 86
42 79 50
75 38 4
67 4 89
12 14 51
26 49 25
48 72 45
67 73 52
50 37 49
83 85 53
25 32 62
40 16 44
68 10 63
20 95 14
12 88 14
35 25 61
94 81 70
57 90 21
68 19 99
54 13 45
68 0 68
88 74 23
26 47 17
16 15 49
71 92 3
32 94 96
49 90 46
32 17 55
42 57 15
96 39 81
16 48 34
89 61 6
10 59 29
51 75 45
55 78 67
99 81 17
48 41 99
71 60 73
15 53 67
45 98 41
6 80 84
11 89 7
31 22 86
83 58 3
62 14 5
62 46 39
13 45 47
11 97 15
16 9 11
65 60 98
33 45 36
35 17 80
78 80 85
97 15 67
16 53 57
13 2 17
65 93 98
11 13 11
37 13 93
36 44 68
83 93 12
49 89 45
90 67 55
51 69 77
12 37 35
6 73 75
56 71 85
72 71 30
8 33 80
86 66 80
52 46 88
28 67 94
17 6 23
4 29 91
41 88 36
58 13 45
78 33 28
61 54 17
6 79 39
86 35 91
96 6 91
61 31 66
69 79 68
1 44 46
98 9 3
57 19 88
64 34 86
22 21 54
96 78 19
18 6 41
73 3 7
13 52 53
26 99 66
95 27 52
86 36 36
4 64 79
51 77 45
73 91 47
94 51 44
83 21 54
36 71 28
91 77 20
88 96 17
62 9 38
44 52 48
53 8 80
83 42 31
4 56 36
62 19 6
73 75 70
44 53 94
79 12 65
25 87 81
86 58 33
45 12 33
48 14 86
18 14 56
25 4 91
59 45 13
64 27 84
23 72 65
33 93 34
88 37 35
85 98 9
55 29 26
10 97 8
76 43 22
60 95 15
37 80 10
6 11 98
10 77 45
8 32 2
4 28 20
39 88 42
14 36 85
28 68 42
45 13 53
71 48 10
77 54 55
47 79 79
83 79 24
38 4 74
1 14 42
92 25 67
20 59 28
74 65 7
44 33 48
22 50 14
92 78 5
97 33 66
96 69 10
6 94 16
65 15 43
79 4 32
13 18 22
7 33 37
42 75 17
39 2 60
65 48 60
11 50 13
72 57 81
45 21 64
44 81 35
8 88 32
43 17 92
22 49 70
44 58 50
2 68 94
21 70 97
82 75 85
47 74 87
89 82 8
20 41 2
2 31 91
66 76 89
47 52 39
25 30 47
62 98 83
58 42 80
8 65 41
66 5 59
71 37 49
11 86 25
74 5 100
20 36 29
8 91 5
14 66 60
69 96 30
46 89 35
61 40 13
89 82 90
95 64 13
76 19 33
79 85 74
90 64 39
7 58 51
67 12 62
27 59 42
96 40 94
56 24 70
5 35 83
33 64 91
97 83 7
45 92 66
82 81 95
70 81 27
4 27 90
4 48 79
9 34 42
11 42 60
64 12 33
3 18 78
50 38 65
2 61 59
51 41 77
28 90 36
81 41 80
91 61 39
73 93 54
93 63 79
41 58 10
9 98 84
25 38 9
95 7 40
24 47 18
31 14 61
65 1 4
69 97 70
93 2 11
58 8 2
35 92 80
8 12 66
72 60 62
43 21 54
32 24 71
16 83 100
57 50 26
7 29 51
1 54 89
18 16 69
76 11 41
70 68 100
25 74 5
24 60 78
42 48 89
20 33 85
36 60 33
58 36 42
93 91 81
38 8 62
11 67 43
86 74 96
55 6 36
21 47 80
21 83 27
88 62 48
4 35 70
66 72 93
67 39 62
60 84 97
22 95 19
19 10 35
65 24 13
8 20 72
86 84 10
22 66 13
60 54 48
93 48 12
32 58 86
46 37 13
85 41 28
31 29 82
24 22 66
76 95 79
19 43 44
90 54 27
78 80 88
9 11 48
1 81 71
28 48 50
43 68 13
49 59 37
44 65 4
36 81 12
9 86 74
64 73 51
78 73 9
39 84 85
25 45 94
39 86 76
86 80 91
85 91 61
69 82 48
40 83 82
48 51 32
41 47 50
36 32 56
43 69 45
75 74 64
50 20 52
61 57 86
4 98 61
55 98 29
4 40 99
16 97 73
13 63 9
30 3 82
1 93 37
61 15 67
46 87 26
75 31 32
92 63 29
7 19 74
58 4 75
50 25 11
68 2 12
36 24 12
88 44 53
86 97 62
81 85 74
83 50 11
88 28 12
21 31 33
77 31 34
0 37 68
98 5 44
19 73 4
15 20 96
45 7 12
7 39 99
32 17 79
96 78 61
42 82 10
59 14 67
16 79 10
46 61 17
89 74 63
51 64 60
36 89 29
3 84 59
88 91 88
87 45 9
2 21 88
41 81 1
92 38 38
92 11 24
42 52 88
21 8 2
7 54 95
53 26 52
88 6 16
46 58 74
7 50 39
24 84 78
55 65 83
36 49 41
46 94 82
5 38 68
96 90 60
76 52 33
98 0 45
82 50 2
73 38 41
25 7 38
21 13 83
54 49 90
10 59 42
18 49 60
26 76 44
52 73 36
85 9 45
82 87 41
39 55 46
79 48 55
5 32 42
4 26 96
12 76 81
4 21 100
40 47 57
81 5 50
33 96 38
64 52 1
78 62 36
12 16 68
84 41 8
53 50 9
54 93 96
23 64 86
22 97 70
64 26 43
65 59 48
8 60 23
23 39 81
22 42 41
67 78 88
29 38 9
14 29 25
60 62 20
26 80 93
16 27 92
98 47 52
76 39 19
65 86 61
87 70 79
20 24 79
77 29 52
77 53 47
57 95 20
10 7 98
11 38 58
16 63 65
35 40 90
0 9 43
97 67 20
55 4 45
30 33 28
83 41 56
90 93 80
30 26 50
65 72 67
71 23 10
54 55 21
26 31 44
2 98 34
32 92 71
19 60 86
97 12 17
5 36 66
94 20 43
58 18 16
44 18 94
36 24 67
11 74 16
48 88 94
57 97 15
44 29 58
77 12 19
24 7 91
98 36 72
62 2 67
13 31 96
2 45 99
60 48 11
31 20 20
66 31 8
31 44 41
61 98 62
43 27 36
91 96 84
35 52 90
14 71 48
56 17 65
26 7 67
22 41 83
41 67 20
8 35 13
47 95 95
5 84 64
39 78 7
41 69 99
93 61 44
80 64 76
58 50 6
86 37 83
76 15 95
13 89 65
46 14 55
10 12 1
82 90 87
92 41 69
85 13 11
74 12 75
20 95 87
30 44 68
57 39 3
72 94 82
98 83 76
39 83 38
74 13 81
38 73 2
7 35 76
47 16 13
14 63 3
97 48 83
17 50 8
21 48 7
79 35 98
5 14 68
40 71 71
37 17 46
95 77 71
78 79 2
57 15 89
53 62 37
10 62 15
95 70 18
65 40 32
43 46 75
52 28 50
24 54 48
76 41 29
77 3 75
9 67 76
7 43 37
82 25 91
36 89 79
91 66 27
43 87 53
73 30 17
28 91 62
92 53 20
28 29 81
62 51 50
21 61 77
26 38 5
51 30 63
45 51 50
92 63 83
4 63 24
98 39 23
6 70 91
33 69 57
66 98 15
64 86 40
31 59 78
93 27 57
85 66 83
69 48 21
31 56 57
67 24 73
43 6 39
65 68 48
95 41 77
56 18 39
68 57 3
17 12 73
40 69 98
77 43 51
32 60 11
92 55 1
61 59 78
98 26 63
70 67 28
57 25 84
52 92 30
43 62 82
3 30 20
93 62 5
18 88 87
84 24 17
71 36 90
37 10 28
49 71 79
67 19 80
41 36 24
35 54 43
15 53 64
59 52 89
31 69 89
20 54 40
88 40 98
50 37 26
61 12 85
53 14 22
10 33 53
15 98 33
10 44 95
6 79 3
86 22 94
79 55 94
10 50 12
51 17 72
7 92 68
70 54 16
80 67 3
91 19 100
46 51 76
99 1 21
59 48 62
11 28 55
52 20 41
45 85 12
95 5 25
65 43 86
32 35 82
76 86 64
37 62 47
13 27 87
10 74 56
33 30 80
0 90 12
12 87 48
21 3 84
81 13 29
13 33 78
72 32 38
42 68 64
17 31 81
99 1 60
8 88 13
17 61 50
67 93 86
88 54 21
18 16 65
36 94 78
45 30 18
51 76 74
43 35 72
60 17 40
45 5 63
89 34 14
91 62 99
24 56 18
99 37 2
15 41 52
67 4 99
98 96 69
59 9 67
23 18 27
51 98 21
37 85 59
3 50 96
68 17 66
56 89 93
81 40 77
0 1 54
47 94 16
88 44 34
85 10 56
76 96 15
88 93 70
0 94 75
99 39 99
37 86 94
22 71 89
27 89 10
74 20 58
30 76 68
57 93 79
17 85 92
71 61 100
99 45 3
76 38 34
15 36 99
81 26 3
15 35 61
17 60 11
14 40 46
17 80 54
45 28 51
61 11 40
84 3 91
25 4 17
53 42 60
87 54 34
13 51 59
30 50 15
43 40 74
59 87 36
61 24 54
88 43 68
19 50 55
91 69 90
58 60 97
10 57 84
19 15 22
35 8 34
54 10 62
36 15 62
74 32 87
89 64 40
10 35 83
81 40 11
22 33 34
34 29 20
5 55 95
67 55 10
64 68 68
13 39 57
48 43 55
18 88 90
12 27 88
56 8 4
12 3 53
52 10 61
71 9 68
56 39 10
18 7 4
23 13 69
55 57 21
7 74 46
5 31 59
54 14 98
13 68 91
66 31 78
37 32 46
83 64 78
33 93 66
37 1 35
56 19 76
32 60 5
70 8 66
69 0 87
12 91 84
85 34 65
47 7 20
57 72 42
1 43 49
41 44 77
58 13 50
87 78 10
55 84 8
33 39 78
32 3 32
61 90 8
14 59 17
42 30 24
10 5 58
81 10 92
26 17 13
54 90 13
46 36 32
41 25 14
60 82 61
94 41 75
43 76 51
7 79 8
16 28 10
35 48 74
72 0 50
96 29 35
48 76 71
39 11 74
35 66 53
34 49 19
20 47 29
63 17 64
41 58 41
75 53 83
23 38 6
4 3 81
60 45 99
98 10 51
20 28 84
74 60 82
72 46 43
32 77 100
21 68 26
26 63 44
15 8 45
76 35 55
77 3 25
55 53 87
80 56 12
81 47 3
95 4 69
91 10 54
11 92 74
53 36 8
77 71 54
16 43 77
12 78 24
91 59 49
71 93 11
34 62 62
5 22 75
46 71 17
67 61 78
2 82 23
14 2 80
16 25 31
31 93 93
89 9 94
13 0 9
74 88 5
22 32 52
27 0 44
59 82 80
5 26 70
43 48 95
87 67 31
62 98 77
55 36 16
75 64 77
58 82 38
63 4 88
18 80 52
94 7 21
96 44 59
52 17 69
78 22 70
98 84 57
39 67 32
32 47 30
82 78 73
55 58 100
61 13 11
0 43 47
39 51 8
43 21 95
34 38 29
99 29 68
52 19 48
39 79 17
10 90 90
5 49 16
98 0 98
48 2 73
48 87 31
96 47 30
69 93 1
69 58 5
58 84 73
0 5 14
17 59 96
20 6 48
30 81 21
49 48 32
48 82 73
23 36 84
59 16 29
51 31 56
1 31 18
24 5 18
53 19 62
38 55 67
33 51 38
5 4 96
75 40 78
32 69 87
1 47 92
49 56 23
71 86 77
61 45 95
95 72 60
48 85 94
29 19 2
57 43 89
87 26 79
86 8 18
13 52 55
17 32 64
30 76 9
38 39 10
87 8 18
96 99 31
63 7 79
52 32 54
8 74 73
69 96 61
27 77 91
34 98 9
14 52 18
19 22 39
82 84 87
72 69 46
49 37 64
77 33 79
32 4 37
65 75 46
30 43 13
68 70 25
81 54 9
51 88 15
78 90 67
82 23 41
1 87 66
89 83 99
19 3 63
88 11 48
0 97 88
44 20 83
51 64 1
36 43 72
46 17 35
91 2 3
81 34 67
67 88 56
57 55 96
44 81 80
34 80 33
51 91 6
91 63 85
40 86 94
54 38 81
29 99 61
14 93 70
15 67 32
4 59 69
12 54 26
55 24 12
74 78 85
87 3 33
36 80 21
87 3 62
50 70 89
9 90 4
7 91 36
6 13 31
43 40 9
48 62 15
11 71 81
62 11 48
10 88 29
33 31 21
59 34 78
56 44 6
23 88 96
54 42 70
0 54 47
22 29 29
14 7 93
3 11 66
10 38 93
99 70 94
19 4 23
81 25 65
17 10 62
18 10 97
49 39 49
57 96 55
15 2 5
61 42 47
97 94 94
81 42 72
6 39 37
87 58 29
10 13 4
92 32 5
94 37 38
6 53 53
19 92 52
21 42 11
9 18 97
48 30 95
75 40 18
32 34 12
83 52 94
68 60 85
80 72 96
51 39 37
18 71 32
0 89 18
35 93 19
51 21 28
10 50 61
21 78 84
56 93 9
0 68 48
66 71 42
10 86 7
59 88 58
90 93 89
49 75 83
86 54 30
99 74 49
82 5 34
63 3 92
49 45 77
17 47 82
29 80 65
9 35 19
42 57 49
6 57 8
79 33 3
60 48 73
22 17 89
90 16 32
68 50 64
61 5 55
4 43 86
48 92 62
57 70 1
78 66 38
69 95 74
82 88 97
75 80 85
93 78 12
3 7 49
98 50 42
30 89 34
62 68 54
72 97 57
0 96 82
48 59 6
64 90 72
88 18 32
16 26 16
63 92 86
89 77 92
68 5 80
44 30 74
97 93 23
55 44 42
34 73 30
99 53 29
4 18 76
99 19 9
77 48 12
41 19 92
31 20 96
53 76 26
11 29 87
41 67 6
57 79 45
10 34 67
5 33 10
57 25 7
40 3 94
61 99 47
20 33 37
49 53 49
9 67 66
88 37 17
39 8 68
8 49 49
91 83 94
3 7 64
68 84 79
21 62 41
57 55 2
37 66 76
0 39 27
61 80 29
30 76 75
64 87 71
66 0 88
7 69 17
80 27 43
87 44 76
36 85 40
16 56 98
58 74 70
86 72 22
95 73 75
61 43 93
28 23 30
57 59 78
32 86 24
27 7 70
7 69 28
94 72 62
80 88 92
21 76 34
86 74 27
77 53 29
72 74 26
22 14 56
11 90 97
51 57 91
18 25 84
66 42 10
67 50 27
10 22 98
21 72 64
96 6 3
59 44 93
24 32 59
48 95 51
69 59 6
0 60 72
84 51 40
91 23 100
3 76 21
18 13 61
38 33 15
10 71 96
46 50 72
77 81 56
87 29 32
10 20 83
92 83 58
68 39 53
36 97 13
70 29 82
38 21 5
72 10 43
77 58 71
28 63 75
50 80 30
96 92 87
54 57 21
13 36 11
75 55 16
38 66 4
65 97 24
44 98 51
91 11 67
91 71 81
31 28 89
30 89 35
7 17 10
3 87 23
5 56 51
38 82 60
11 99 50
62 89 57
20 72 10
0 36 16
77 35 49
68 21 10
77 84 25
28 86 32
1 5 46
51 29 79
27 74 41
47 52 23
15 35 86
35 44 47
2 78 38
5 18 26
56 70 24
42 53 72
1 30 15
70 86 28
71 59 56
17 57 95
58 18 39
35 67 35
36 60 14
84 39 11
73 3 46
12 99 40
3 10 91
14 18 47
39 19 2
97 14 8
11 60 40
77 45 23
24 41 98
90 64 89
82 26 6
38 40 33
75 64 41
1 16 9
57 84 98
28 30 21
59 93 13
38 84 86
33 66 57
32 99 98
87 90 24
81 1 99
97 81 54
84 60 16
89 53 68
33 14 7
27 32 44
73 86 73
40 19 15
40 13 76
98 13 91
16 13 76
58 71 100
36 12 97
66 58 68
68 40 61
81 32 97
53 91 45
79 40 64
59 31 77
25 82 7
52 94 53
69 56 57
42 92 97
24 4 100
24 66 94
88 49 51
87 84 35
0 91 13
80 33 97
80 70 87
10 11 25
42 95 87
19 23 15
39 77 63
72 38 16
32 64 60
89 18 99
3 97 30
17 62 49
67 39 79
22 58 83
25 49 67
72 77 19
27 63 29
64 93 76
60 37 36
85 93 48
52 83 99
4 72 7
91 71 9
7 49 37
33 6 21
98 91 93
57 15 40
1 4 53
97 10 89
91 40 2
19 32 97
63 13 1
47 2 50
41 96 74
0 83 18
14 89 56
67 59 96
68 44 18
70 39 57
27 78 20
2 59 76
38 53 92
34 32 22
3 63 1
41 11 70
56 50 3
25 20 57
34 90 51
8 24 25
89 47 46
20 60 3
66 72 76
27 57 41
27 4 89
20 83 28
40 52 52
18 24 24
58 96 100
97 33 23
65 37 42
44 53 55
22 32 73
84 50 39
54 35 3
61 54 6
61 70 49
34 62 52
3 74 92
83 2 7
44 88 1
35 71 71
67 99 12
4 62 51
3 61 28
35 59 39
96 21 52
55 81 90
97 15 89
65 97 61
86 85 65
80 53 55
53 91 61
33 77 59
58 63 28
30 11 5
3 74 26
52 27 6
51 18 88
52 37 73
55 96 44
84 37 82
84 94 62
64 84 48
33 7 98
46 28 71
47 38 71
13 55 40
55 41 19
45 5 54
11 28 39
15 90 47
31 67 11
16 30 81
34 72 71
85 0 96
36 40 83
92 4 20
53 81 56
67 48 83
71 58 40
76 97 81
99 87 35
27 13 17
1 72 63
14 18 35
81 39 12
90 29 89
48 96 100
59 13 3
92 45 82
60 75 93
64 80 34
90 1 64
78 25 77
20 37 72
47 41 79
2 68 42
63 32 37
57 41 5
15 67 5
78 3 66
37 41 32
95 61 62
97 53 83
91 5 72
75 13 3
66 37 67
50 8 78
22 2 94
46 8 17
98 88 86
24 15 76
27 39 89
74 94 19
79 67 95
48 50 96
82 94 82
32 73 97
4 23 81
22 52 17
88 5 8
21 70 22
64 27 14
70 28 53
6 28 16
3 31 32
1 82 64
33 78 6
55 23 90
68 99 51
17 42 16
88 5 55
32 90 23
59 3 36
18 65 34
74 92 41
86 24 57
27 80 70
10 66 52
49 39 93
31 68 88
76 62 24
28 4 74
35 0 26
69 39 81
54 87 6
11 96 79
42 22 28
97 27 41
25 5 42
81 24 37
73 51 83
76 22 11
67 3 72
62 32 73
4 16 15
84 73 35
45 91 47
91 53 7
59 15 85
66 87 80
96 74 10
38 60 6
51 41 55
11 99 98
15 88 70
2 47 25
46 35 30
26 54 18
46 70 14
25 14 54
4 99 80
57 60 98
18 50 61
13 74 94
27 87 69
72 78 52
5 43 93
76 70 87
44 34 10
55 40 10
30 62 60
59 25 38
86 79 29
74 0 45
90 78 64
94 30 73
36 51 26
33 78 24
74 95 89
62 91 1
17 52 67
18 44 72
16 61 91
52 11 47
11 84 43
20 31 94
33 13 66
70 46 6
97 11 60
90 60 80
24 44 9
92 89 2
0 25 82
19 65 69
1 25 75
81 24 56
18 88 13
30 39 100
13 41 58
40 39 87
74 78 68
48 29 12
59 58 94
91 11 42
15 91 20
92 56 42
17 37 30
51 69 60
26 67 11
47 90 20
85 92 14
10 4 90
60 71 49
5 33 20
53 75 74
13 14 38
50 72 66
12 6 36
77 57 18
96 61 24
42 37 28
81 5 65
33 16 15
28 70 61
37 0 26
99 71 68
3 30 41
50 95 24
46 6 12
48 22 8
93 46 56
38 44 24
24 47 26
6 39 35
50 68 94
83 74 26
48 42 33
6 4 79
66 89 22
82 50 96
14 16 13
53 81 35
1 10 88
84 41 59
79 48 86
67 53 48
72 38 81
8 64 10
30 86 33
96 85 60
37 90 50
99 66 94
51 84 54
66 33 96
21 20 29
49 77 73
35 70 96
54 23 23
47 39 59
70 11 75
41 85 77
82 79 84
21 8 21
25 40 72
94 13 44
75 37 46
60 45 33
87 24 18
69 34 78
7 55 17
64 13 17
32 86 39
5 27 24
29 18 57
22 1 19
36 80 10
76 10 47
71 26 61
9 10 96
60 50 15
4 79 78
6 96 18
79 24 25
78 45 100
62 91 84
14 26 77
71 93 11
62 10 27
43 50 82
23 98 47
74 47 95
0 87 43
69 93 20
53 81 60
28 71 1
32 4 32
55 35 93
71 92 86
88 2 49
36 4 19
64 59 82
29 89 72
64 47 32
10 0 70
55 48 17
20 44 31
74 15 13
59 31 28
96 29 53
51 45 45
62 29 72
44 36 42
16 48 42
95 14 45
93 95 52
23 64 70
42 98 75
75 62 35
55 93 92
9 3 53
57 0 47
79 13 21
86 82 12
95 77 17
86 34 16
72 88 19
57 92 67
71 52 36
0 53 26
94 85 99
68 30 46
10 6 17
20 51 88
53 48 13
54 61 16
72 77 9
23 95 14
56 62 59
43 80 98
13 52 91
54 92 86
72 52 77
88 30 23
80 58 85
94 46 71
90 83 24
10 55 36
50 78 97
86 58 15
66 92 72
17 66 74
42 84 79
11 60 85
65 32 85
73 31 55
12 33 99
13 31 34
82 86 5
74 27 80
93 7 36
94 72 19
38 9 29
97 71 25
62 8 23
43 37 4
17 14 66
49 50 89
51 25 37
6 20 43
22 53 12
10 93 100
5 36 6
20 48 15
4 70 97
66 43 91
51 61 35
34 31 56
82 86 30
38 85 73
93 64 79
1 57 1
52 82 1
85 54 41
61 36 19
15 5 86
59 3 59
4 60 34
25 85 31
98 78 81
9 66 4
41 68 39
47 41 68
91 58 31
63 47 84
4 33 20
61 84 60
0 31 72
16 65 8
48 51 50
14 92 81
16 50 88
59 40 13
16 57 91
33 17 70
32 14 50
96 70 77
83 42 62
34 7 59
24 5 94
32 53 33
26 25 1
14 43 16
95 22 91
80 86 88
96 62 93
17 61 14
35 7 50
9 84 55
52 18 91
91 78 62
65 9 6
46 32 33
78 33 21
82 30 79
44 71 38
25 33 29
88 50 61
96 68 28
39 40 5
68 21 38
9 95 70
17 30 50
81 86 27
48 42 80
84 37 5
81 46 96
13 25 100
17 23 42
3 16 38
24 34 72
19 60 25
78 18 84
52 16 88
78 24 90
73 31 10
67 98 70
73 71 60
86 33 41
48 89 7
89 99 2
56 25 42
31 93 90
39 4 57
89 66 84
21 31 87
99 25 66
30 51 17
45 64 49
67 28 86
0 93 22
47 80 47
9 43 99
70 64 25
0 1 26
9 1 40
66 20 91
67 23 32
60 73 87
63 90 54
57 72 55
56 73 52
5 77 95
77 69 70
47 53 27
32 16 35
56 28 20
7 41 89
81 94 40
38 42 29
53 78 92
78 75 88
96 79 37
41 25 51
40 13 48
67 27 97
58 23 66
46 5 32
80 96 80
35 91 39
35 11 66
62 98 96
88 98 87
5 64 54
19 48 100
37 40 82
50 10 56
1 18 36
25 41 59
29 48 10
18 72 92
97 69 63
2 23 96
93 24 52
29 73 75
69 75 60
21 35 1
65 15 20
37 30 45
0 94 51
46 11 51
66 89 27
10 83 30
86 52 18
52 61 36
83 77 60
38 46 87
45 62 78
75 25 3
8 80 71
61 60 57
79 7 72
83 76 18
81 63 81
47 14 9
90 60 3
10 14 14
92 37 70
32 91 28
54 81 73
54 91 91
45 4 37
38 90 4
46 16 8
7 85 31
26 84 29
2 87 55
26 34 35
20 83 5
12 52 61
1 6 93
88 26 35
42 68 66
72 30 58
50 91 63
89 62 90
71 60 34
14 82 24
12 56 4
80 42 64
53 95 5
48 88 49
37 88 10
17 43 13
3 93 25
47 19 34
41 16 62
18 76 39
50 39 60
71 55 32
29 13 49
4 89 5
90 81 7
61 79 38
80 71 91
77 85 25
96 55 89
31 75 95
68 33 63
59 19 75
79 98 42
2 75 18
80 90 94
97 53 7
2 71 37
76 12 83
70 26 28
21 43 57
0 15 98
2 94 53
16 22 20
30 47 56
11 96 1
97 68 21
67 75 7
8 75 60
12 60 91
6 13 11
39 93 53
42 69 45
81 46 67
16 18 96
78 16 61
71 49 63
88 52 73
97 34 14
25 82 39
14 45 22
66 46 83
19 71 20
68 16 43
49 34 97
0 96 13
38 13 65
75 60 63
95 84 95
50 10 22
47 73 11
2 1 90
17 66 99
77 25 36
19 63 18
63 69 6
83 40 5
4 63 67
16 49 58
77 40 10
58 68 90
17 73 85
95 27 82
89 52 98
75 53 45
78 21 36
60 11 33
3 75 17
14 41 76
17 14 93
70 53 50
54 45 16
51 24 82
80 32 22
14 6 50
24 77 21
82 20 87
89 67 20
52 67 81
3 57 1
42 22 42
91 68 67
46 85 48
48 53 25
58 9 75
78 93 19
63 91 57
22 99 57
4 33 37
88 67 48
53 3 10
14 80 55
91 76 64
43 23 14
35 80 42
54 58 68
80 37 92
51 13 11
33 53 94
56 31 89
88 60 18
7 99 54
64 86 76
70 20 85
76 32 52
25 28 74
14 86 75
55 44 95
23 72 20
92 20 61
96 31 99
37 75 32
86 79 84
85 93 22
64 75 69
70 22 50
6 85 20
28 87 46
94 1 35
25 19 88
67 33 72
30 94 74
68 83 84
90 42 43
62 16 57
30 39 65
74 85 61
83 85 21
72 7 95
85 77 1
64 80 24
64 8 80
10 53 28
43 97 93
3 81 81
84 32 63
33 60 99
76 73 35
35 77 23
73 30 26
24 2 56
76 67 64
3 1 65
33 13 12
50 20 52
79 9 66
79 87 51
72 25 75
81 8 3
41 74 37
63 18 61
79 12 80
65 44 5
5 56 38
54 91 57
50 87 20
17 75 63
13 81 55
77 0 98
58 9 31
35 26 83
43 0 91
78 37 44
74 12 91
72 60 54
31 96 19
9 2 11
45 80 41
43 72 26
70 67 80
21 9 100
53 97 13
56 20 58
10 70 38
65 29 31
62 10 40
38 73 19
71 94 21
54 64 61
29 57 92
29 77 38
38 88 1
65 34 29
17 86 46
70 69 85
61 65 94
26 22 66
37 91 80
0 19 76
17 4 43
88 27 32
65 58 58
12 87 60
44 49 33
29 72 91
46 17 39
74 91 6
34 3 61
54 92 65
3 84 31
6 77 81
26 3 19
83 66 76
78 41 27
66 18 94
5 56 46
21 93 48
77 34 54
38 9 74
85 3 61
28 77 60
71 8 14
59 9 42
53 15 67
9 49 16
71 35 7
22 16 91
21 10 55
30 28 4
76 58 56
0 1 85
76 27 82
24 0 31
94 40 99
30 98 86
61 77 19
46 25 70
33 50 68
95 71 57
36 90 54
39 36 40
68 4 49
22 10 45
22 85 81
15 68 50
21 79 82
91 12 40
88 31 32
10 20 81
93 75 83
36 70 1
49 46 96
73 28 3
52 23 79
12 82 86
84 33 86
97 37 74
97 9 22
42 90 15
67 60 1
6 36 95
93 70 45
54 61 41
76 33 37
23 51 67
2 31 20
45 21 94
39 24 38
13 82 67
52 80 4
44 14 38
0 10 31
54 71 35
75 7 4
11 16 48
92 25 44
76 41 42
34 50 23
34 86 65
28 83 60
80 45 89
98 56 87
47 39 86
7 3 74
55 77 22
64 15 52
58 44 63
60 18 56
12 93 59
57 70 76
10 57 85
79 29 99
10 31 4
10 70 69
70 7 11
73 40 59
82 77 2
86 58 59
38 34 45
70 53 51
7 82 62
54 23 51
26 77 56
13 21 59
14 66 8
77 65 6
76 40 21
69 35 1
88 39 3
0 52 56
63 50 28
47 18 23
33 53 71
91 59 35
35 4 51
93 3 33
76 44 1
10 37 72
34 8 98
24 54 64
64 44 43
85 60 82
6 95 16
91 24 35
80 36 73
56 51 5
14 59 6
10 36 60
50 43 86
26 2 82
0 58 41
3 79 43
82 0 29
41 75 46
41 48 39
77 8 88
27 48 23
72 40 77
76 47 87
88 25 55
40 6 20
77 4 66
38 3 14
68 87 54
24 27 50
26 31 76
91 84 34
65 36 30
63 80 82
99 61 100
29 96 58
99 7 54
33 73 11
14 96 35
49 90 71
4 15 50
17 60 9
67 57 47
51 99 1
47 9 71
24 28 83
39 49 54
52 13 83
1 35 85
60 68 66
4 74 74
11 27 38
31 5 10
84 76 22
67 65 51
25 9 87
62 67 50
78 2 55
54 47 3
55 93 3
32 99 41
27 50 52
85 55 86
25 10 30
47 74 16
68 88 78
71 51 71
41 56 19
32 65 4
45 87 12
57 27 90
26 61 54
38 0 36
23 8 29
44 28 79
95 24 14
45 6 14
11 84 1
70 66 43
17 84 84
2 41 65
74 67 9
16 93 51
0 48 17
69 78 11
13 2 20
10 38 38
82 34 88
19 51 26
58 16 91
26 33 73
25 78 46
86 96 25
25 73 8
30 11 50
95 45 58
22 19 77
13 73 16
6 50 49
38 62 50
62 96 74
87 20 15
31 14 8
94 42 21
57 52 69
64 59 40
99 71 61
47 44 36
43 94 77
98 86 94
65 97 16
83 50 60
49 71 44
88 6 66
43 91 21
49 39 28
98 64 44
82 74 22
8 97 57
81 49 71
70 90 49
55 94 34
17 9 30
36 63 49
97 43 3
30 11 89
57 14 95
84 72 27
44 42 69
7 74 77
28 65 88
38 88 67
32 69 56
87 43 32
44 63 26
44 19 77
78 13 95
28 75 84
46 57 47
65 13 90
90 28 42
30 50 42
86 95 13
46 23 35
60 70 35
65 58 43
5 30 57
30 75 83
83 76 73
79 37 66
91 77 74
99 33 69
72 73 63
95 2 16
10 18 11
6 50 70
23 96 31
84 32 10
13 7 81
89 8 76
95 30 12
24 76 99
33 11 100
74 71 64
26 94 93
39 69 81
60 55 18
57 23 41
3 7 15
55 57 99
61 2 53
34 12 43
24 9 65
89 79 84
52 95 83
17 46 30
50 48 89
38 97 33
84 33 17
41 57 10
71 26 64
40 81 56
23 31 7
93 56 4
74 25 95
88 55 28
46 3 9
99 88 63
14 37 58
69 43 10
38 53 54
85 14 61
81 20 7
40 54 70
18 28 55
56 28 46
48 38 1
98 18 28
79 88 47
33 90 99
76 64 39
44 36 54
46 63 17
88 1 4
0 2 40
34 26 70
66 14 100
18 90 51
30 65 39
51 34 89
95 0 21
83 92 86
76 96 28
25 30 62
50 86 16
67 65 44
58 18 30
32 12 33
91 19 21
81 7 4
77 89 56
17 33 25
84 52 46
98 17 95
55 54 61
25 96 6
69 76 67
53 36 70
36 23 70
66 92 51
72 20 9
20 27 98
97 35 94
82 76 24
57 71 76
40 90 43
99 7 94
66 40 81
75 83 90
9 15 46
84 49 36
23 34 49
88 63 61
68 41 9
57 67 36
71 36 89
59 74 83
38 5 31
21 56 55
1 36 64
46 86 67
83 75 98
71 48 3
71 82 25
75 58 47
23 76 74
89 40 44
8 77 45
49 43 59
92 76 2
32 3 63
36 59 26
56 95 71
9 13 66
76 38 100
57 38 5
12 99 54
14 75 52
65 72 63
40 93 22
7 76 47
78 83 4
29 89 68
5 52 74
35 21 2
79 41 86
94 3 52
32 90 2
53 12 87
65 45 70
20 46 87
30 61 61
76 55 59
31 91 52
20 69 75
64 92 46
10 29 55
14 12 57
35 46 8
87 59 18
61 6 58
20 34 87
94 93 51
80 0 91
92 0 76
13 75 66
55 83 38
10 93 95
80 20 33
19 9 56
52 22 14
79 78 55
81 69 77
13 18 79
93 22 35
68 64 89
42 59 29
42 95 21
95 75 96
18 73 85
97 1 16
90 24 53
69 40 38
22 44 29
33 46 28
31 10 58
24 32 84
4 29 22
42 19 11
81 21 37
18 88 26
49 45 16
99 22 10
63 14 76
89 10 99
94 96 72
3 45 15
56 29 16
1 93 1
42 63 92
1 12 9
79 40 15
36 98 23
8 90 55
18 14 69
51 15 77
94 75 10
52 59 72
81 25 93
64 60 30
12 11 94
96 77 78
50 77 13
35 36 26
27 62 12
95 33 87
53 19 84
21 93 97
95 99 36
16 61 86
59 2 6
87 83 68
18 68 89
30 72 59
27 47 95
94 36 24
54 25 41
91 38 81
57 99 6
86 15 19
42 21 49
7 41 22
75 50 12
61 29 77
45 27 82
82 86 39
46 10 83
6 44 66
74 21 92
73 17 6
12 37 31
31 67 33
21 7 92
35 28 11
81 8 39
41 83 9
31 51 32
44 43 96
21 7 82
79 87 36
48 57 65
91 93 9
28 71 97
79 49 93
22 29 11
8 2 5
30 69 73
17 0 7
22 86 84
34 10 73
45 50 61
89 35 8
91 0 51
79 47 36
59 75 43
80 17 7
24 82 14
72 2 21
19 70 57
88 12 90
27 25 92
90 99 77
34 48 69
37 81 86
68 2 7
12 53 35
90 69 74
71 20 53
68 38 57
99 77 76
14 30 63
69 36 25
94 60 87
24 4 31
57 43 71
41 76 39
96 55 29
32 95 57
7 85 12
33 60 27
65 58 90
56 1 54
13 22 97
19 84 56
18 80 31
29 21 4
5 43 94
0 73 57
3 33 27
39 21 49
75 15 49
59 97 42
10 55 35
13 95 44
41 45 92
17 28 71
13 31 67
72 71 13
59 73 91
86 97 63
85 79 13
77 86 69
66 48 34
62 94 56
46 85 81
10 98 85
54 42 30
42 49 67
47 67 47
10 14 47
24 30 21
23 0 74
26 1 34
65 98 51
68 28 82
9 82 48
41 37 7
35 68 13
79 40 46
71 99 29
6 80 60
13 75 16
90 74 70
73 72 19
24 77 25
7 54 5
81 83 34
93 58 86
65 6 42
47 91 63
65 91 43
44 45 94
63 76 66
24 48 59
1 95 9
77 30 26
67 37 32
5 9 86
52 87 15
34 92 60
80 9 55
52 60 79
76 17 86
2 73 5
72 89 48
11 38 20
87 97 45
14 59 19
39 85 43
99 12 97
28 37 84
45 65 61
16 91 29
31 39 35
2 59 22
15 65 31
29 85 87
58 5 54
53 75 74
42 91 39
17 26 13
9 23 36
41 52 51
89 73 54
87 9 32
7 96 47
55 28 3
39 63 91
28 90 39
42 23 34
87 41 92
63 51 75
51 74 13
72 43 100
97 76 20
86 29 63
34 11 39
34 77 2
12 14 87
85 24 73
0 21 99
5 96 14
61 28 28
19 57 76
54 64 28
46 60 71
23 5 49
69 71 61
19 37 93
23 12 7
8 13 25
87 7 51
92 55 27
53 47 6
25 27 82
38 65 59
44 14 92
62 87 84
76 21 18
31 46 53
53 22 57
69 24 12
91 24 32
7 13 8
80 96 91
61 44 17
41 24 72
63 44 62
20 67 54
81 27 68
39 59 57
43 17 90
30 58 95
94 22 32
97 29 60
10 59 28
12 79 48
11 29 10
10 23 55
64 86 92
8 77 14
86 6 16
46 68 30
43 16 81
72 63 83
16 88 61
60 55 45
58 13 36
85 59 83
26 29 36
58 15 99
40 6 80
45 2 1
31 44 93
65 26 83
29 82 72
75 62 62
15 17 14
37 49 66
18 90 52
6 62 50
71 83 62
53 39 77
27 63 11
93 55 43
43 35 100
51 40 32
23 97 79
28 59 54
75 91 97
15 60 4
17 80 25
16 46 96
92 69 76
60 2 42
42 33 24
36 90 76
15 33 29
99 51 89
52 50 50
91 38 37
76 70 45
56 69 34
93 41 5
67 31 2
73 94 53
71 7 42
90 92 68
54 2 56
1 35 37
33 53 2
98 15 58
77 95 32
51 39 15
47 49 71
36 74 49
90 14 42
46 8 61
94 62 24
8 99 20
40 27 66
64 60 40
65 75 79
61 36 9
88 34 45
73 88 26
74 36 21
68 83 86
19 48 37
50 67 39
13 94 37
84 87 43
51 46 25
39 48 36
60 17 59
28 71 72
8 35 19
77 9 13
17 7 43
13 66 46
48 28 48
97 17 21
18 39 92
45 66 97
12 77 59
93 86 16
50 96 51
66 58 56
57 19 52
37 71 89
61 69 45
15 35 81
66 3 92
3 8 22
89 15 33
78 55 27
55 81 33
3 43 58
5 82 17
98 53 66
20 37 58
3 68 14
40 76 68
44 9 11
53 71 60
47 74 4
35 67 92
25 52 38
78 85 93
13 53 49
67 90 13
95 89 4
72 48 75
88 37 65
77 43 29
54 71 13
34 68 26
91 96 73
76 5 100
62 94 23
89 45 42
73 11 68
98 49 36
95 20 30
50 34 68
56 83 67
72 23 3
36 25 89
83 4 44
23 63 52
84 20 17
97 40 13
22 5 72
29 7 31
60 54 9
75 66 21
79 75 61
75 40 9
28 56 29
83 93 65
28 93 50
38 6 25
30 39 89
44 9 12
6 93 18
59 51 60
78 26 80
30 70 34
35 80 74
40 2 12
65 79 33
48 54 50
47 82 97
61 21 66
71 39 50
44 47 54
2 6 89
55 41 66
61 76 64
43 17 61
14 46 22
8 35 44
42 50 95
96 30 99
6 68 15
12 67 9
94 99 14
27 36 4
99 2 36
37 49 63
64 85 46
11 12 77
95 83 3
75 92 78
1 23 59
64 37 57
14 87 7
82 40 76
93 35 3
27 39 72
68 76 10
57 0 48
54 27 23
36 25 98
33 72 96
55 93 43
33 53 65
79 3 94
75 45 76
21 22 71
25 90 49
91 77 49
90 68 48
88 19 50
96 36 22
40 37 95
55 49 98
41 30 56
9 47 11
35 90 36
18 25 96
74 92 40
36 25 8
23 71 84
71 18 9
24 42 97
65 5 40
30 2 5
99 76 5
87 70 98
81 72 21
87 17 73
98 80 37
55 9 19
64 5 43
0 41 38
83 98 9
66 33 17
73 90 96
0 33 13
4 16 21
26 38 35
52 69 92
59 24 15
21 60 49
77 29 63
22 37 53
32 13 39
18 26 7
19 92 50
85 68 46
89 2 6
74 80 26
66 16 58
7 35 26
59 47 2
35 69 77
71 35 63
1 92 13
85 16 9
95 15 54
49 47 51
69 98 61
72 89 86
25 82 6
59 21 85
43 85 64
77 41 51
85 75 61
80 19 11
33 9 67
52 38 61
19 22 15
16 74 8
12 93 65
6 89 10
89 35 75
11 95 42
10 20 41
39 62 43
87 17 95
34 54 17
77 60 33
15 75 55
24 50 66
57 29 41
30 19 13
7 96 36
58 25 6
95 50 56
5 75 90
3 35 44
32 14 73
31 58 34
4 37 76
24 96 94
64 19 9
48 60 88
63 78 2
63 17 10
61 36 19
19 32 60
80 53 100
16 3 1
26 0 6
97 15 1
63 19 64
37 57 69
51 65 43
17 64 17
21 36 68
20 25 49
7 2 94
74 10 41
6 41 68
71 7 41
1 14 5
14 21 69
64 44 74
74 71 53
83 39 95
29 59 73
74 87 60
19 13 95
49 7 10
63 24 68
7 11 84
1 88 66
74 77 55
11 78 38
73 10 74
37 94 35
74 81 24
70 65 11
54 64 75
94 4 82
12 25 28
51 71 11
4 57 17
79 57 28
32 62 76
87 62 53
54 87 74
11 25 59
59 45 71
19 43 46
28 83 99
85 13 17
20 58 87
90 74 41
61 10 10
7 93 20
6 23 51
36 78 52
54 29 57
76 63 7
38 53 83
38 9 13
12 18 51
29 41 93
93 7 32
79 40 52
41 17 90
21 13 30
41 26 81
80 55 58
64 22 94
82 28 98
9 52 17
21 63 56
36 77 12
13 52 36
15 55 7
87 48 93
52 20 11
35 63 12
85 18 3
10 82 94
36 30 48
74 30 83
48 3 87
43 59 60
71 96 76
78 39 96
45 39 23
99 8 89
81 41 52
44 92 99
61 26 1
3 65 12
49 36 33
94 44 72
45 79 14
68 43 14
17 54 19
62 55 34
63 25 66
48 46 29
30 43 8
48 66 34
57 25 87
59 72 24
62 69 98
55 29 87
24 20 26
60 30 46
8 19 82
91 95 59
89 93 26
88 44 17
16 56 83
58 60 13
28 22 13
60 27 18
44 27 23
2 57 41
29 52 69
43 48 7
54 20 17
18 88 38
84 89 21
11 60 5
27 78 56
17 87 90
80 91 21
70 61 40
22 4 24
23 0 48
45 37 93
13 95 94
56 6 7
20 3 60
27 33 81
57 46 66
64 56 91
4 84 72
20 56 93
50 24 63
23 67 52
40 87 44
30 48 29
16 43 81
29 52 97
11 34 54
37 57 99
65 63 12
46 18 92
5 99 80
81 37 90
61 75 45
72 84 30
21 92 35
67 26 83
82 97 97
38 59 48
31 68 25
78 2 47
64 32 86
91 71 89
80 55 68
57 49 17
45 97 60
1 44 62
61 85 94
72 74 20
86 5 68
58 80 68
8 72 93
85 68 41
53 15 40
36 4 81
62 13 39
56 97 95
67 62 3
60 16 93
47 46 95
63 82 56
78 11 5
97 54 23
67 33 51
21 26 62
44 9 17
76 18 65
81 72 23
33 25 67
28 29 46
41 20 57
59 61 47
0 12 25
50 29 7
96 2 47
29 61 93
40 62 98
31 0 63
58 69 100
5 94 66
11 42 44
90 45 28
26 96 33
87 62 10
24 40 32
33 70 57
53 15 25
44 99 28
44 84 77
8 72 35
26 67 67
93 81 56
46 70 60
16 13 18
14 78 72
70 88 88
22 4 73
45 10 61
12 79 50
35 59 5
40 77 57
85 11 31
49 44 11
51 44 26
53 46 94
74 68 16
65 51 33
59 26 84
93 36 36
83 13 16
62 56 27
66 41 66
28 80 32
87 34 7
45 8 48
10 78 64
29 12 24
62 50 67
75 64 52
0 35 39
38 52 23
68 39 81
77 37 80
37 90 19
98 40 11
77 75 66
41 27 3
1 94 37
55 38 58
32 78 74
26 81 64
25 22 46
82 59 89
94 7 69
94 96 74
69 7 1
70 3 92
45 85 57
34 41 80
69 45 28
54 42 67
92 32 53
87 41 97
56 34 12
0 93 21
90 40 45
84 16 11
24 51 19
48 32 56
40 70 1
33 78 73
20 60 48
61 32 4
94 21 28
15 70 55
84 43 55
2 30 34
22 37 93
90 16 80
91 65 76
12 48 1
56 40 23
84 10 67
98 53 1
28 99 16
57 18 30
80 11 10
62 85 23
78 3 12
45 39 30
48 72 15
51 83 90
34 37 31
96 95 69
79 25 48
37 30 34
50 48 54
49 30 14
30 28 14
25 54 58
28 75 24
40 66 76
37 85 58
17 2 59
73 71 22
31 83 33
87 21 81
33 41 82
0 86 39
4 42 59
64 74 7
97 68 39
38 2 32
13 66 54
92 60 8
67 71 99
3 93 5
3 56 39
10 49 59
23 17 50
22 0 55
40 54 66
40 1 87
44 96 13
26 64 91
92 32 59
32 93 9
83 9 64
29 28 45
54 16 52
36 95 2
39 76 48
98 51 61
63 1 45
62 21 48
62 20 44
42 49 44
93 95 94
40 88 89
95 4 88
29 43 26
38 75 45
57 15 36
11 27 14
97 16 13
50 12 54
77 61 34
77 54 18
57 50 53
99 89 9
80 71 26
31 52 69
1 43 88
23 50 4
85 49 9
23 29 67
6 99 51
31 50 86
25 67 41
63 65 19
16 31 43
2 90 92
76 16 94
21 24 29
33 92 22
85 56 27
65 91 66
22 19 67
59 10 6
63 16 55
86 71 10
74 26 55
91 43 56
30 40 10
20 65 9
54 81 84
12 16 38
10 84 25
40 8 30
67 65 12
62 75 6
17 40 21
50 13 3
15 91 83
75 12 14
59 78 62
59 57 1
73 63 51
4 35 57
3 9 73
41 17 63
4 48 77
34 14 93
0 55 95
32 37 37
61 85 47
32 4 77
74 19 39
33 36 73
32 56 59
9 82 6
61 11 45
79 52 18
58 47 63
68 82 21
89 32 6
43 2 23
9 39 51
55 38 24
96 29 64
56 93 63
60 34 70
93 87 81
85 58 17
56 12 15
21 93 41
32 91 88
98 14 80
22 14 96
57 71 59
39 28 37
68 13 12
63 75 54
52 81 44
66 2 98
74 99 98
81 25 31
83 54 59
71 49 96
8 39 93
23 89 94
7 48 37
92 90 37
35 47 18
47 75 36
59 16 80
55 56 62
76 84 3
27 24 4
85 11 51
87 47 19
29 31 20
27 51 34
81 38 12
42 80 35
20 34 45
9 41 50
95 4 90
48 15 7
86 34 98
62 51 88
29 9 25
22 62 31
39 50 66
32 61 24
82 18 35
88 11 95
49 78 75
29 40 25
6 12 90
9 34 16
71 82 35
18 76 34
27 9 20
77 85 71
81 33 40
90 93 24
24 49 7
97 29 52
94 82 29
60 20 65
48 80 43
62 11 68
37 25 14
88 91 10
98 65 49
1 35 17
49 1 78
69 86 4
44 35 54
40 92 35
92 66 40
75 96 67
35 72 82
90 6 7
79 57 8
75 54 87
86 26 55
28 77 44
33 99 96
93 15 38
51 2 22
39 27 90
70 78 15
15 82 36
92 72 85
15 52 71
3 97 13
60 97 67
21 13 30
66 54 42
15 48 53
9 6 49
0 69 47
43 81 79
80 97 73
78 92 63
26 89 83
53 77 1
65 33 32
1 0 60
85 94 26
7 36 94
48 77 83
45 26 68
99 36 50
83 78 89
45 61 29
85 80 20
37 48 6
35 99 96
58 7 28
77 38 50
70 85 56
57 80 28
9 75 26
89 39 46
54 70 27
74 11 22
80 99 56
42 71 40
72 33 10
2 94 67
8 82 15
30 74 90
68 48 76
27 46 51
74 77 37
55 39 21
42 93 1
84 77 29
11 40 59
81 95 36
28 1 82
26 25 99
82 72 25
68 24 28
86 26 61
40 48 13
56 15 42
17 73 75
81 18 40
72 18 15
88 14 51
29 75 17
38 60 80
75 14 84
61 35 31
81 39 98
98 21 78
35 81 67
82 98 22
94 60 87
31 28 34
36 8 69
52 82 2
52 12 58
92 44 85
84 94 1
39 69 38
14 91 37
37 99 6
56 99 3
75 42 2
72 90 46
50 44 100
51 75 16
42 43 80
24 83 1
40 98 87
43 19 39
44 73 67
32 31 8
52 47 28
27 21 58
59 80 77
62 80 64
80 60 86
36 15 4
85 68 99
15 61 94
26 75 83
88 59 51
11 43 41
73 40 76
34 75 20
25 46 94
68 62 20
63 60 42
44 97 99
5 40 48
63 75 40
11 32 49
17 44 83
46 55 5
46 49 70
11 23 91
24 91 34
8 56 93
48 25 11
5 62 78
93 11 7
86 35 51
98 97 100
70 4 78
1 51 58
45 5 96
43 92 23
86 25 6
3 12 70
93 1 58
9 37 46
86 7 58
12 98 85
55 45 73
33 66 23
39 14 16
11 66 75
25 27 48
59 9 14
2 62 38
97 15 13
86 53 93
82 13 56
5 95 48
64 51 65
17 49 21
87 18 18
1 77 54
26 63 41
94 30 33
8 57 37
94 58 17
77 58 39
36 77 22
7 55 91
1 65 21
70 26 70
22 54 8
79 90 71
37 82 74
33 15 79
87 39 95
51 71 43
12 91 28
40 64 29
94 97 3
19 53 93
18 45 69
31 46 13
0 77 86
47 30 83
90 92 10
30 26 4
8 98 24
76 20 27
43 42 99
8 33 28
34 64 72
67 47 60
23 88 18
89 0 5
29 77 15
86 89 88
97 36 39
21 36 31
10 69 35
61 10 21
31 47 70
12 61 20
4 23 26
41 10 12
12 83 80
22 66 84
17 83 21
29 47 73
15 37 32
15 37 98
7 20 96
34 55 10
92 41 30
53 54 3
91 58 52
5 84 19
11 8 19
98 97 58
91 74 29
84 93 82
41 11 25
1 98 83
4 30 70
29 33 29
87 5 65
8 40 71
67 52 6
84 52 52
30 90 47
39 94 41
86 59 61
37 22 70
36 83 45
93 39 72
98 28 100
14 17 20
7 83 53
44 32 45
19 71 7
67 73 37
10 12 37
41 8 73
48 98 33
46 15 1
53 44 53
2 99 67
66 68 61
74 56 96
43 23 56
99 20 4
8 19 24
37 24 91
7 49 47
15 79 76
53 4 78
14 35 2
67 17 79
71 0 21
30 32 20
18 4 65
10 24 58
70 2 99
2 7 36
34 25 34
53 97 11
61 82 19
80 53 84
78 67 33
37 66 87
23 71 21
1 88 14
71 1 92
80 26 77
40 4 75
49 92 58
70 1 49
91 22 95
49 99 3
93 22 62
80 32 39
4 45 81
62 75 55
69 42 89
37 8 29
32 40 74
4 65 77
97 67 38
92 88 73
82 11 35
46 64 39
63 79 8
12 18 76
91 93 82
64 26 57
24 72 76
25 32 58
96 65 36
8 5 56
76 24 37
3 16 39
62 32 93
32 76 3
35 75 40
87 13 15
14 9 59
72 85 71
56 18 1
67 80 95
66 29 72
92 36 2
18 32 95
28 49 94
16 0 21
2 19 28
53 38 31
10 88 2
4 65 99
29 32 90
42 34 58
19 17 65
85 93 3
45 44 88
41 3 35
97 1 25
5 64 2
87 70 60
44 54 4
62 53 48
18 78 39
64 69 53
69 24 10
28 86 37
73 0 89
6 28 58
70 49 68
46 34 52
42 4 38
84 47 27
6 56 73
99 65 60
46 73 45
0 74 29
81 33 9
93 27 79
72 33 100
30 53 32
52 68 58
45 58 63
6 81 81
76 91 58
21 27 85
62 37 89
93 99 11
93 18 84
78 75 84
11 92 48
45 37 71
79 92 79
57 52 59
55 8 56
7 5 33
45 36 51
45 96 26
80 91 88
97 53 53
61 12 26
5 35 30
44 40 57
75 84 54
59 67 72
9 45 24
85 41 93
45 42 73
15 44 48
3 35 56
88 69 17
33 9 59
18 48 43
48 19 47
85 81 7
75 94 21
77 49 32
59 56 96
98 85 88
44 13 50
70 7 73
55 8 33
61 39 6
98 1 36
84 33 44
23 30 13
75 45 70
27 30 49
30 43 62
68 70 91
0 75 73
22 40 16
4 70 13
85 59 9
13 15 80
43 93 19
50 69 45
23 68 55
10 74 10
55 56 47
58 85 63
64 23 64
61 20 55
35 87 43
88 45 9
52 72 2
59 6 63
91 42 87
37 2 81
99 58 43
35 78 22
79 37 53
9 46 8
27 36 16
72 39 86
69 16 38
99 23 99
3 47 25
36 3 34
22 90 95
64 33 70
25 12 23
51 59 39
87 5 24
3 61 98
52 49 58
25 27 5
81 40 69
16 54 33
70 12 48
18 7 69
10 67 12
67 27 32
97 61 68
96 85 88
74 0 47
21 76 93
81 74 3
47 91 19
73 87 55
83 97 100
70 60 24
32 87 31
26 93 99
70 41 97
20 80 35
7 23 89
70 69 61
55 4 19
27 24 52
36 75 97
64 89 79
35 19 31
82 1 84
46 5 95
45 28 75
2 45 14
80 87 12
56 64 50
69 21 93
31 42 37
67 68 45
32 97 91
51 71 92
0 57 25
44 79 74
67 33 35
14 10 2
60 20 5
37 62 13
22 42 82
59 79 55
80 0 95
84 97 76
11 7 3
85 59 6
12 54 13
81 55 88
51 6 21
78 44 56
78 35 38
73 68 22
66 96 70
93 41 47
76 75 22
13 36 37
68 44 68
29 80 19
46 34 14
35 75 55
33 15 32
14 57 70
8 73 46
17 43 57
22 50 49
47 98 45
91 21 41
61 40 41
72 92 96
69 10 64
69 95 8
1 31 59
35 61 21
43 27 1
22 4 10
23 78 56
81 62 94
88 3 82
96 31 89
78 80 8
0 58 4
26 73 14
95 30 94
77 52 18
41 67 71
32 10 83
33 62 80
25 48 74
5 79 83
23 39 34
28 60 18
97 36 35
31 67 99
69 68 95
33 25 35
76 98 16
57 98 38
33 59 20
73 13 55
28 86 49
10 2 63
40 19 53
12 72 71
55 18 78
64 3 66
76 16 22
51 42 43
36 15 52
46 65 45
10 82 100
60 66 33
23 43 100
72 77 13
36 42 69
57 10 18
41 58 98
31 72 54
98 85 48
89 33 44
47 65 47
78 92 30
0 85 82
74 45 43
47 11 35
62 12 57
70 56 8
52 9 37
94 80 85
98 91 18
15 67 98
76 96 77
48 28 40
11 32 50
31 52 20
1 9 60
93 3 75
91 6 82
72 86 60
43 30 75
1 35 18
6 15 17
68 97 44
9 50 24
36 14 21
57 95 12
61 72 5
14 75 40
89 31 2
86 47 96
82 31 21
37 42 32
45 30 23
74 27 94
2 16 98
98 52 20
86 51 85
18 78 17
76 73 49
85 17 89
42 60 8
46 5 70
15 50 83
94 51 74
98 26 44
19 51 26
91 85 90
3 76 93
77 14 74
19 64 61
64 87 92
22 61 60
83 38 80
96 48 60
85 79 1
95 5 100
93 3 54
94 91 36
78 51 19
88 10 71
32 91 98
75 96 42
12 35 71
65 3 74
77 31 27
41 24 34
63 18 30
63 22 93
89 5 58
70 25 87
59 51 14
38 65 11
47 88 2
60 27 33
35 64 80
20 33 54
14 2 3
84 54 96
59 26 63
99 34 31
22 60 58
92 2 10
80 49 75
88 90 24
81 77 71
78 20 12
58 53 60
97 49 55
99 65 43
96 30 9
9 51 97
65 54 64
31 53 10
82 79 50
53 45 98
92 73 91
33 75 26
71 10 79
21 27 22
1 77 87
66 25 66
20 1 35
64 70 78
52 93 98
52 43 54
28 14 4
52 16 75
82 42 90
79 49 35
0 92 34
79 96 31
44 87 50
96 99 39
95 3 6
83 21 80
73 62 27
12 72 91
42 71 59
46 29 8
39 59 10
1 39 13
78 60 92
55 51 1
88 20 14
86 1 62
19 1 89
24 21 13
62 32 30
88 16 44
85 5 80
69 25 87
37 5 37
6 22 89
66 54 77
98 99 78
30 16 11
30 44 53
63 5 39
34 88 94
48 99 29
54 97 21
0 36 13
52 2 89
27 84 46
95 52 22
7 40 96
83 79 87
49 68 35
52 74 52
9 22 7
73 9 78
58 8 64
38 11 44
40 17 9
48 80 18
57 23 49
60 0 53
14 56 20
30 60 25
56 52 73
86 5 46
62 87 54
36 54 75
85 53 35
93 92 63
8 17 57
58 33 9
38 4 2
98 61 62
59 65 25
25 18 24
98 4 59
99 54 45
12 67 90
42 88 57
31 6 94
79 72 34
16 21 20
79 19 9
49 81 41
64 45 35
43 29 9
29 45 7
42 78 81
0 42 19
12 94 69
90 23 76
68 4 95
46 60 51
18 52 99
29 49 63
89 69 73
58 71 75
46 87 69
15 67 27
65 13 67
12 87 93
53 86 96
65 63 5
32 66 94
57 76 27
30 25 78
3 32 70
7 31 58
67 2 57
74 78 40
23 96 10
60 2 81
5 90 4
41 83 67
8 42 87
40 82 2
33 88 84
80 37 15
63 62 91
80 42 7
81 21 6
22 79 82
30 24 31
89 99 51
43 92 23
53 97 25
10 63 16
45 28 48
23 70 88
2 26 1
12 20 31
3 34 27
51 92 78
39 45 94
46 41 12
21 61 25
30 32 69
70 94 83
12 3 51
28 9 54
62 99 71
93 25 7
90 89 42
4 23 94
5 86 50
28 73 21
91 24 42
74 83 15
64 90 17
1 8 78
46 74 64
94 13 58
56 92 2
71 77 94
86 55 22
36 25 41
47 52 57
76 89 54
48 88 71
76 16 89
43 13 90
10 81 38
97 55 80
90 80 42
18 57 53
93 9 24
41 52 39
29 0 83
71 23 67
79 71 46
52 33 38
68 6 53
40 71 50
52 24 30
3 42 6
27 79 79
65 67 10
45 65 6
63 4 46
15 5 48
65 84 12
44 45 75
2 24 88
24 75 2
36 71 5
82 13 94
4 76 35
84 82 78
62 97 1
43 37 34
94 36 47
90 35 30
31 7 42
22 43 26
62 19 17
70 54 18
36 71 76
89 54 100
91 26 67
8 45 100
93 9 70
83 2 87
46 68 52
87 18 95
84 74 46
21 71 37
74 64 76
46 12 15
55 62 37
91 72 24
57 39 24
75 80 31
34 81 42
76 85 95
17 37 66
74 18 94
21 59 95
46 69 95
98 63 13
22 30 62
57 1 68
44 74 48
54 88 3
30 13 75
62 89 44
34 23 98
87 53 87
77 65 28
8 26 72
39 53 24
72 7 90
92 0 72
2 77 1
22 66 19
24 6 73
46 3 55
73 96 98
83 70 53
40 88 98
87 26 48
46 25 88
25 51 1
52 81 93
65 88 71
41 57 28
0 57 75
61 8 90
39 32 96
38 39 75
60 19 5
2 87 68
81 58 64
48 30 24
41 42 93
61 79 53
61 74 48
44 1 91
92 24 62
36 99 53
61 80 84
84 86 26
83 1 74
2 50 81
65 38 42
18 0 69
5 46 78
25 56 90
60 45 55
13 87 86
53 70 53
21 58 66
88 45 16
83 94 47
97 46 87
54 35 28
66 84 58
8 87 96
35 4 38
83 98 15
40 87 55
67 63 2
67 89 24
91 62 65
57 98 9
71 77 99
41 62 55
26 90 76
10 0 87
93 11 6
88 13 71
18 7 14
29 56 19
38 83 19
70 48 32
19 7 66
17 71 5
93 77 81
31 74 38
47 41 50
81 94 67
69 30 62
10 60 1
61 73 23
45 53 42
44 40 88
49 90 28
31 40 46
97 95 53
12 27 68
59 51 51
42 49 62
18 46 74
43 99 69
89 54 34
63 95 87
66 11 47
30 47 68
34 51 52
80 41 33
94 25 76
93 49 60
1 32 53
91 10 11
1 11 40
27 55 3
41 4 61
99 18 35
31 72 69
68 18 67
94 95 37
65 37 78
71 23 71
27 42 15
59 25 67
45 75 85
27 48 25
68 50 77
8 20 70
62 44 23
23 61 31
68 14 44
13 29 40
45 55 51
5 59 88
28 79 12
24 18 1
78 83 81
45 85 50
84 98 18
41 10 50
42 85 69
8 35 52
43 42 71
9 60 3
60 2 60
11 31 40
21 80 53
21 74 5
62 12 18
86 53 64
73 92 9
37 86 31
12 24 50
11 97 20
33 47 68
12 26 56
55 8 81
21 54 94
41 36 88
87 44 14
45 90 82
93 3 13
55 28 64
86 29 19
82 38 63
45 81 42
21 22 8
54 91 62
11 28 41
4 33 65
96 83 95
51 36 41
75 22 27
86 60 68
97 88 30
90 51 65
46 93 97
48 97 31
71 70 66
39 85 33
95 59 91
40 76 97
28 51 94
85 64 65
26 2 97
60 83 71
71 60 91
73 83 39
63 0 29
13 54 72
27 61 74
65 14 97
58 7 20
8 36 64
0 89 64
87 14 71
83 7 9
81 8 27
44 28 76
81 14 19
14 57 31
84 62 80
75 86 56
36 39 69
56 67 92
21 99 87
79 65 6
46 82 87
74 1 97
68 76 88
17 55 31
1 92 32
66 29 81
70 80 15
39 74 3
45 72 14
28 38 92
73 51 33
84 82 16
52 20 45
15 77 27
91 82 87
94 86 41
65 1 36
82 43 41
64 15 74
38 39 65
37 36 13
22 59 25
89 83 16
40 31 80
40 81 85
22 8 81
45 78 13
80 37 75
79 17 16
31 63 59
1 23 14
69 30 97
56 82 63
58 39 70
65 71 15
47 95 67
67 1 1
41 59 20
14 90 16
70 24 37
96 68 74
0 3 74
18 6 63
91 5 59
41 71 42
63 76 40
87 86 52
21 26 15
84 74 64
5 24 14
47 8 78
55 11 12
20 18 28
59 24 83
19 93 4
88 62 12
25 15 57
79 26 98
63 16 37
62 26 51
15 65 40
2 26 89
55 74 100
42 25 36
27 60 13
28 32 25
29 68 60
78 45 74
26 22 4
0 75 80
50 65 80
18 94 63
55 30 67
84 21 49
95 7 88
69 20 5
16 91 87
57 12 30
21 48 8
2 9 90
61 5 20
46 17 65
77 38 45
15 18 6
21 33 51
26 36 9
71 79 13
82 12 48
66 72 68
28 20 76
57 83 27
43 13 30
56 68 17
63 85 10
69 5 29
75 46 54
62 94 14
26 19 93
8 6 55
42 84 82
41 13 46
12 58 11
61 13 70
45 2 64
61 49 35
92 53 21
98 96 49
39 27 19
50 65 82
45 32 54
1 27 56
46 79 14
32 66 26
16 59 84
44 30 71
55 1 92
88 20 44
78 64 20
75 85 81
89 4 93
0 83 96
6 61 73
36 65 27
83 91 38
90 59 26
95 42 7
98 64 27
29 72 92
60 26 52
57 58 6
97 28 99
53 65 56
55 7 52
81 90 61
86 80 24
8 71 4
10 12 50
36 74 98
7 0 99
3 46 69
39 16 21
29 74 40
26 32 99
61 33 17
22 51 91
1 78 16
62 67 92
39 55 46
23 65 86
56 39 1
4 75 27
84 14 4
76 52 23
78 36 91
80 72 51
39 9 57
50 84 99
11 88 55
9 98 57
61 9 68
34 17 57
35 68 47
96 75 99
75 17 22
83 93 66
49 6 67
90 45 39
16 10 12
98 96 67
38 54 46
45 19 57
34 79 75
5 93 87
21 55 2
41 17 75
67 48 50
54 77 86
64 44 69
88 35 52
12 99 84
91 70 1
41 53 30
55 33 30
74 52 69
99 39 48
14 42 33
20 80 17
90 54 45
60 39 9
95 69 7
10 40 76
67 86 60
44 56 84
3 37 82
40 77 61
70 9 36
90 59 15
30 70 21
21 17 65
34 91 31
5 6 89
90 60 27
37 34 99
62 56 40
54 91 17
61 97 85
28 54 6
74 67 82
10 87 19
9 77 79
7 65 39
27 72 93
31 89 16
11 90 82
61 52 21
14 21 37
65 26 55
10 31 72
73 99 91
91 9 89
73 10 3
77 22 24
74 36 9
62 99 84
30 53 76
51 37 38
45 27 19
40 87 94
58 77 86
68 71 26
34 70 8
33 16 77
82 33 3
64 33 96
29 87 83
61 55 50
46 18 9
94 45 20
48 95 19
31 83 7
82 19 92
15 13 61
95 81 13
29 37 2
13 22 31
37 42 5
99 92 25
52 12 35
36 34 67
68 87 100
61 78 57
80 18 14
24 20 41
92 86 37
94 98 14
25 70 48
81 46 87
25 70 30
95 77 10
33 51 16
82 59 85
67 71 6
7 10 83
95 23 38
70 77 54
24 4 87
41 52 10
52 25 4
57 88 67
9 10 30
21 93 92
37 27 78
69 0 45
11 27 35
23 48 83
24 59 100
99 35 76
8 1 34
78 19 34
80 97 90
33 41 72
34 41 79
12 4 33
97 35 64
82 29 42
54 96 31
51 63 87
21 79 28
73 50 32
17 85 40
76 37 33
34 78 58
89 98 30
20 21 68
67 63 81
56 86 10
50 94 78
23 0 9
30 85 6
50 92 93
45 39 20
85 53 52
64 87 63
93 7 78
37 70 90
11 92 12
87 63 92
57 69 64
29 32 65
3 25 54
7 45 23
89 5 71
23 4 28
15 33 68
90 12 88
10 63 67
27 74 92
43 10 43
28 53 68
17 85 12
29 76 59
76 64 19
67 46 86
2 87 63
18 56 27
40 10 94
43 69 50
84 20 62
97 74 98
83 63 27
16 43 30
46 36 13
98 64 50
11 57 25
38 40 77
99 38 33
96 77 69
57 55 9
89 11 93
0 49 32
33 71 99
22 56 46
94 53 85
66 80 91
63 94 22
39 86 12
46 31 78
59 38 4
29 25 69
15 80 34
13 99 22
24 44 79
17 14 95
60 62 97
21 36 35
62 88 77
95 33 31
77 11 92
20 40 93
7 56 100
7 97 58
6 1 89
29 34 47
62 79 37
65 9 59
19 61 15
58 46 73
32 78 70
55 32 67
27 6 29
99 54 81
7 13 2
30 94 51
30 97 26
26 40 40
38 67 83
37 7 75
38 55 56
27 67 33
46 71 22
12 82 17
84 0 24
11 91 22
44 5 43
41 44 68
73 15 35
53 63 3
72 93 93
17 40 83
22 70 95
88 10 71
14 3 70
38 18 62
89 56 45
76 91 68
66 33 39
68 7 7
5 2 74
15 11 76
73 46 21
38 83 73
37 36 41
72 73 59
67 83 51
8 71 95
15 10 44
97 52 49
11 4 61
63 31 17
56 59 67
23 68 33
93 57 24
90 80 97
48 77 23
67 27 6
24 59 88
75 51 99
14 45 8
22 60 98
5 31 35
38 97 34
66 38 86
57 27 13
85 74 91
55 19 97
99 97 72
48 44 76
22 33 89
35 20 30
11 55 46
10 87 13
40 74 19
58 52 47
45 69 78
15 10 44
47 8 35
44 2 61
56 22 16
97 69 32
66 79 22
1 9 68
24 73 53
68 28 53
15 19 8
34 63 96
20 17 85
27 21 23
37 13 21
44 93 62
69 38 26
94 52 73
88 93 53
30 78 81
63 11 47
6 53 49
3 46 69
97 54 15
58 63 44
69 39 18
93 89 83
9 71 75
51 91 83
66 34 16
49 74 36
68 9 82
14 81 62
28 7 61
53 9 49
27 71 23
14 70 84
90 60 73
86 0 27
54 4 5
14 21 31
81 5 88
90 55 76
61 5 97
73 44 28
74 41 36
6 88 55
83 16 14
63 33 87
58 61 18
79 72 26
66 44 93
41 69 78
61 35 53
21 72 65
68 28 78
66 98 52
41 25 9
70 0 30
28 13 92
61 11 45
60 29 1
84 33 22
30 91 19
45 20 18
62 25 14
9 30 3
33 87 71
36 43 57
4 76 84
53 79 18
27 6 91
94 67 23
75 55 20
35 99 62
91 35 35
29 46 35
7 9 51
68 6 91
67 48 40
50 94 55
84 94 35
86 87 73
44 22 79
10 52 55
88 34 41
88 77 40
48 2 26
75 3 78
37 99 54
51 27 9
50 93 59
90 68 64
51 46 94
48 83 83
69 84 42
42 71 50
18 87 79
38 60 56
98 41 57
68 89 28
42 77 87
76 88 64
92 54 39
17 12 29
53 32 18
8 17 20
88 12 83
94 89 14
24 10 34
58 19 100
62 72 79
59 13 53
30 4 36
75 0 30
12 47 66
7 49 99
18 90 61
30 68 40
53 24 61
96 67 48
65 66 63
46 68 93
93 30 54
74 9 2
56 58 38
27 62 24
0 63 56
98 77 57
88 2 55
54 58 10
65 92 71
33 6 56
24 49 78
56 71 90
53 48 69
88 13 69
16 87 12
39 41 74
72 15 84
35 16 98
8 25 41
2 38 82
54 50 83
6 56 9
57 36 19
42 78 64
30 76 40
78 37 36
89 7 89
41 51 25
2 72 67
28 49 95
43 97 34
70 66 11
76 40 71
16 29 13
84 85 48
72 25 85
35 43 43
36 73 4
19 80 44
19 94 47
31 19 77
36 98 84
30 48 87
90 45 81
69 13 9
44 28 43
21 96 15
73 96 39
13 94 48
58 63 58
55 17 28
10 56 84
7 44 69
57 97 2
10 47 15
52 95 93
51 84 59
28 40 74
84 35 81
14 63 65
98 54 45
79 9 48
8 49 20
76 88 7
40 39 98
30 71 73
15 21 32
57 27 53
83 88 41
14 68 87
50 15 4
90 89 30
7 50 94
36 6 27
12 88 57
79 78 32
90 50 27
8 20 55
81 16 9
72 46 24
23 15 70
83 15 42
6 74 78
78 11 11
18 35 79
46 32 19
53 23 22
16 74 5
74 47 40
72 55 16
44 35 38
69 8 21
58 60 4
90 17 61
81 57 62
60 69 45
80 47 69
26 4 53
33 62 27
19 31 64
68 80 70
85 8 80
10 62 45
58 44 23
69 64 77
62 52 91
24 35 1
56 50 44
17 8 34
85 59 28
77 39 35
63 68 6
14 2 73
57 44 31
5 93 1
13 99 86
23 71 98
10 88 19
33 24 47
26 72 74
17 43 27
43 62 89
71 28 23
90 61 17
60 14 3
80 62 57
86 82 54
41 59 67
73 96 10
88 36 78
77 15 22
70 21 55
16 96 86
46 1 75
58 53 95
1 47 51
64 5 40
61 52 76
38 62 67
72 99 47
35 69 52
50 81 54
63 25 9
33 18 82
58 11 83
30 46 53
21 79 86
91 79 71
54 81 43
18 76 52
55 16 84
75 4 76
0 8 13
9 62 98
22 20 54
89 82 2
46 21 87
72 65 56
61 57 85
24 6 76
37 92 57
68 56 10
79 49 28
38 95 37
17 99 93
52 86 44
93 52 1
73 23 6
45 73 19
77 37 83
80 89 16
13 94 56
81 16 18
16 76 37
27 54 12
54 31 27
98 40 61
2 69 41
84 24 37
89 24 12
37 99 79
54 59 91
53 71 18
2 82 67
14 0 19
81 25 72
69 48 55
34 81 83
68 58 24
22 21 29
92 52 56
31 80 21
17 88 11
34 87 20
68 21 100
7 57 10
86 47 33
68 90 29
3 84 91
79 34 44
47 35 71
21 86 65
31 39 90
55 58 86
51 14 13
13 36 9
64 8 93
34 54 99
83 9 43
86 19 29
84 24 40
91 31 31
70 74 67
2 36 97
45 6 72
87 85 52
88 36 83
16 25 93
99 79 90
42 98 23
60 14 74
4 17 24
77 7 46
25 57 54
13 74 28
83 88 79
87 6 94
22 61 95
0 17 43
34 31 76
51 33 52
87 78 48
93 68 46
19 80 58
1 17 14
6 19 6
15 91 88
46 21 72
51 98 22
97 59 76
6 71 17
39 86 98
50 89 55
46 83 24
96 90 2
69 48 44
71 8 92
58 9 21
4 18 39
28 84 86
79 59 47
62 55 13
20 54 58
15 41 21
47 99 68
89 53 50
37 86 47
87 99 36
43 31 8
48 60 96
25 91 91
37 90 26
62 55 98
92 60 81
69 46 50
79 59 89
78 54 90
54 59 37
17 58 40
15 22 65
38 28 66
8 14 82
87 88 87
37 21 86
79 56 45
86 32 63
99 8 49
46 48 65
3 9 2
59 69 14
93 11 94
47 50 81
29 87 81
6 84 99
28 59 66
84 59 14
14 70 29
53 61 20
61 67 3
83 13 47
88 35 20
24 99 1
86 75 76
8 82 53
22 74 19
61 94 20
69 41 86
21 92 100
23 89 82
8 16 62
50 55 97
83 53 85
97 2 77
46 38 12
37 53 90
37 80 35
70 13 1
38 19 33
12 51 59
86 32 28
21 85 94
58 10 66
6 7 39
22 48 92
33 68 22
22 5 23
77 84 11
31 73 60
82 58 94
95 45 41
9 43 94
5 13 93
89 43 16
68 92 73
26 59 50
72 25 43
82 74 30
50 70 96
55 29 56
17 58 73
64 3 46
88 64 99
6 91 59
11 48 100
70 36 60
51 12 82
82 50 36
5 52 88
64 27 96
79 62 12
75 59 89
97 4 96
82 68 81
0 92 29
88 85 72
66 89 14
98 71 62
46 91 3
41 39 12
41 94 8
17 64 39
72 36 54
16 95 51
55 87 4
39 8 39
57 65 7
79 14 9
13 0 75
91 11 68
8 49 46
54 10 96
33 59 86
59 5 87
34 58 57
81 24 7
4 45 83
26 73 60
36 25 13
78 70 67
84 25 14
95 66 86
67 0 20
20 50 71
28 45 34
62 73 9
66 72 33
71 52 18
22 66 10
88 67 73
96 4 96
3 54 89
72 30 99
14 16 92
71 6 50
99 30 40
36 17 47
86 15 32
1 74 14
57 56 6
84 42 87
5 98 54
65 93 22
99 67 28
54 22 22
61 65 46
70 24 69
93 11 6
77 42 35
36 82 92
93 64 17
59 69 18
64 23 42
8 99 37
97 60 93
67 59 47
32 10 78
63 73 51
29 30 21
27 99 34
90 55 22
78 50 28
33 31 94
1 39 80
91 98 63
8 2 21
22 77 52
87 42 32
42 9 33
66 43 17
27 55 32
48 6 17
3 46 89
78 3 94
74 0 82
52 45 49
7 73 60
49 15 53
30 67 68
6 44 92
29 33 100
59 1 61
56 51 64
76 32 58
5 55 4
15 96 85
89 23 80
4 52 68
63 92 96
59 67 50
80 89 15
5 88 14
55 67 6
34 22 12
31 76 96
24 84 9
11 98 30
45 15 77
89 25 95
79 88 62
5 66 11
57 38 33
5 44 82
16 70 49
31 84 15
69 36 73
82 40 60
33 80 54
64 31 41
50 13 52
80 96 20
10 34 28
47 53 16
68 97 66
99 34 84
72 86 16
20 87 71
44 77 77
87 44 98
40 51 12
93 70 17
14 29 75
27 84 44
52 96 31
35 61 5
52 9 72
27 25 72
74 12 74
76 40 7
40 86 96
20 22 10
46 45 46
62 84 72
51 95 98
38 16 93
26 98 22
11 5 11
35 49 41
35 39 27
59 89 33
76 53 77
3 43 72
23 83 68
55 30 21
92 11 48
77 55 88
5 66 36
34 16 35
71 41 77
5 30 51
48 2 22
44 70 58
93 84 48
51 18 88
46 16 93
63 90 14
77 93 61
26 43 66
74 4 49
38 86 25
12 33 41
17 16 76
16 52 42
98 47 82
47 89 14
27 80 63
15 44 54
73 76 67
44 11 31
42 65 43
55 88 76
31 51 46
22 42 40
1 12 86
25 64 58
68 91 13
12 89 7
78 23 17
65 34 79
4 38 57
93 53 42
19 5 74
91 30 6
17 26 9
70 93 29
6 72 41
81 67 5
51 36 28
20 69 31
52 33 17
45 27 14
71 28 53
36 15 40
64 53 6
63 76 52
14 8 11
49 82 8
61 60 8
51 19 88
97 56 48
41 3 72
65 52 46
13 5 78
21 75 32
93 97 88
30 27 96
90 52 92
17 97 95
63 68 86
6 57 64
74 77 47
12 61 29
42 14 21
30 36 8
19 95 78
70 25 94
33 97 53
4 67 66
86 57 96
43 33 61
21 7 87
46 96 9
25 78 45
18 45 65
61 96 97
0 90 15
94 26 100
84 20 35
75 34 100
87 50 13
51 73 100
89 38 56
74 47 26
56 85 66
51 11 85
97 88 43
63 38 37
0 28 93
94 38 2
67 3 55
94 23 2
24 62 83
92 34 38
92 35 18
8 91 71
69 22 62
25 4 21
76 84 24
81 50 25
6 52 29
50 21 63
61 48 24
24 23 85
86 57 55
58 85 23
8 73 77
47 2 99
42 94 38
13 90 19
73 48 68
14 95 25
4 61 11
54 33 59
41 95 33
20 59 37
25 15 25
69 73 57
43 27 46
24 57 81
51 4 70
58 69 73
75 35 100
25 84 73
45 77 73
15 2 43
23 47 8
20 32 31
63 72 25
1 27 95
24 56 88
15 27 59
69 64 95
86 31 39
29 44 100
75 55 10
1 35 88
85 25 69
87 31 57
88 41 73
59 88 2
34 78 100
73 52 28
85 29 64
41 22 89
67 44 44
35 3 38
30 29 53
23 51 64
29 70 57
15 25 59
87 36 95
32 35 10
25 57 68
99 38 77
27 9 14
51 1 32
77 74 86
83 79 53
26 37 56
62 7 66
26 10 3
43 91 34
28 46 68
38 95 51
64 51 23
56 43 2
33 64 3
64 26 97
57 48 32
88 34 46
11 94 17
98 57 85
33 41 7
16 27 60
64 7 50
90 99 11
99 9 89
50 35 92
2 8 25
20 13 2
25 18 29
36 11 57
63 53 77
9 95 62
46 50 38
36 72 2
69 31 88
5 40 71
8 11 40
51 41 69
37 47 6
18 60 89
88 17 4
89 21 44
22 23 62
42 17 56
34 47 66
48 69 5
91 39 99
33 66 75
88 8 26
91 84 50
54 10 89
98 90 23
41 57 85
84 42 88
97 81 93
11 74 29
2 64 40
0 54 12
73 60 16
75 14 26
14 11 85
84 12 7
11 61 63
31 4 17
80 15 45
64 69 96
9 30 33
58 75 38
64 59 26
81 66 29
24 61 75
16 94 90
32 93 17
20 3 92
32 3 32
77 2 75
13 78 22
69 33 65
42 7 84
98 50 8
72 82 35
15 20 53
81 22 86
64 57 24
40 27 7
72 23 70
56 29 40
57 32 2
35 54 99
27 66 30
22 27 68
12 6 78
47 62 21
67 85 59
21 30 19
26 50 83
62 51 35
2 36 32
21 20 74
24 39 20
93 56 87
63 35 52
75 10 67
8 20 37
39 4 69
14 77 31
22 93 90
12 24 46
94 75 85
65 36 58
33 9 27
31 17 8
62 15 11
40 66 57
32 34 81
69 22 40
89 49 58
73 64 40
22 18 44
23 34 73
16 37 5
6 46 67
64 1 71
79 52 50
81 21 97
52 43 100
3 5 100
89 76 40
74 37 40
93 54 63
78 10 18
81 40 67
50 69 98
51 71 36
83 34 78
86 5 91
6 46 44
64 58 5
37 66 97
74 73 50
59 99 29
94 26 62
97 68 42
5 39 65
83 88 29
31 32 18
34 29 64
91 45 4
2 20 45
98 6 69
18 12 55
64 13 21
55 68 12
1 39 37
43 40 9
46 91 9
44 93 61
36 10 22
27 47 72
63 56 93
55 26 9
4 64 53
5 52 75
87 81 54
68 39 4
28 42 93
12 0 29
50 26 12
24 85 56
80 13 57
57 66 1
22 73 46
79 23 40
99 85 70
57 64 77
54 27 76
95 91 76
40 36 60
69 82 90
51 19 91
24 74 77
3 85 5
31 41 70
40 27 53
76 39 66
14 27 46
22 69 26
6 83 17
77 2 76
90 33 19
93 68 98
75 12 21
25 13 69
82 65 54
97 88 66
20 94 51
74 53 97
99 52 23
74 68 6
58 47 95
47 10 27
4 34 83
5 43 10
89 25 90
55 25 71
53 38 94
32 45 57
16 38 61
85 22 12
83 10 92
62 50 73
4 51 13
25 43 37
55 48 56
74 66 68
64 74 18
55 9 92
15 77 24
47 40 9
23 57 63
58 65 87
63 71 93
34 69 46
90 92 57
28 16 92
41 10 95
35 23 22
53 11 61
65 42 92
99 49 10
97 41 68
32 19 68
53 93 9
86 58 79
78 30 24
79 63 14
38 67 73
96 64 57
80 88 93
18 31 19
3 75 17
32 60 81
16 81 11
76 72 70
44 73 42
82 61 89
64 51 94
31 54 95
72 47 35
62 50 10
47 44 92
17 24 72
50 73 18
66 29 45
80 36 41
18 42 96
55 77 46
99 10 83
19 83 5
22 85 8
20 93 62
61 17 1
22 33 72
23 19 1
27 42 72
68 84 54
36 77 74
79 89 6
49 24 44
35 49 33
76 43 53
96 36 62
60 44 27
60 29 43
57 89 73
53 44 9
98 54 52
53 75 90
14 41 51
9 32 65
59 57 6
69 0 17
85 29 66
52 93 91
78 63 61
3 74 10
10 17 86
80 50 1
29 98 35
49 42 78
84 77 99
34 71 44
95 6 77
83 16 4
83 12 45
94 98 15
96 80 17
77 70 15
0 73 16
78 77 80
9 47 43
8 35 70
95 25 48
70 6 40
41 17 98
2 58 43
85 10 49
19 43 99
65 46 57
89 56 67
18 78 28
20 43 60
67 60 75
50 42 43
64 9 80
77 94 50
93 1 61
50 93 53
3 0 11
7 36 90
39 82 66
88 60 57
33 32 28
44 80 60
74 49 14
29 93 11
27 7 30
30 87 97
52 32 29
52 38 38
94 57 86
70 77 53
53 82 35
0 66 46
52 78 11
44 61 99
8 22 81
5 27 11
63 4 22
35 73 82
95 21 11
97 58 3
28 94 5
2 38 63
9 11 5
69 5 39
57 89 100
7 89 41
45 3 92
80 11 54
36 94 31
18 42 5
1 54 89
26 82 53
79 48 40
30 26 68
57 63 84
77 27 51
73 95 21
12 87 55
46 70 92
21 99 13
64 43 83
94 89 22
84 14 12
95 61 7
7 36 34
92 73 40
51 95 22
66 5 71
95 6 24
73 46 19
30 48 72
89 26 34
13 93 49
53 73 35
18 30 91
16 57 69
71 19 29
66 41 90
22 12 1
74 26 65
27 31 57
82 56 12
37 69 47
80 59 60
13 30 56
64 13 45
56 12 64
8 73 52
37 36 10
7 37 29
62 37 9
93 51 34
54 81 59
24 82 18
98 43 33
43 59 75
86 60 96
23 59 28
82 21 13
88 66 44
36 56 75
38 61 57
45 69 55
93 19 68
44 75 3
49 5 28
86 38 21
76 73 47
96 73 40
20 7 34
73 84 80
43 57 62
38 88 39
65 3 89
63 1 90
92 39 9
39 7 67
21 37 5
39 17 60
64 37 72
83 54 2
98 73 96
75 85 97
29 37 75
12 44 59
46 24 4
46 42 15
30 7 91
61 76 97
74 55 53
10 90 72
25 73 5
78 42 22
81 31 42
70 97 9
36 29 13
66 70 49
98 41 13
66 79 61
60 41 80
44 20 97
97 83 37
78 19 14
1 77 92
11 66 13
49 76 54
76 28 42
20 53 5
57 90 46
50 78 1
17 12 73
76 89 16
87 93 88
1 79 40
32 21 61
18 99 52
52 62 83
22 83 33
67 40 35
84 25 9
96 92 37
63 41 51
43 21 25
83 48 5
12 66 7
32 91 20
16 25 92
17 61 91
27 96 69
79 91 90
41 40 65
16 67 35
27 87 12
4 29 63
0 51 71
82 75 67
67 78 26
82 22 57
35 9 80
40 52 78
49 71 37
28 8 83
4 48 22
97 33 90
89 72 8
57 32 63
19 63 58
21 79 30
26 74 31
53 84 63
95 60 91
74 42 12
56 31 14
54 28 14
79 14 23
27 55 62
83 77 66
61 60 47
17 55 57
73 11 57
9 74 85
27 33 70
95 89 30
76 30 86
79 39 89
79 40 19
39 88 53
14 19 89
90 64 54
73 61 92
34 72 38
29 28 52
37 86 84
38 13 50
58 59 28
23 17 41
6 46 68
62 75 24
53 45 55
52 54 88
21 65 27
91 92 79
6 24 4
87 6 20
5 77 2
3 57 75
69 46 50
0 19 32
38 53 23
99 5 77
20 79 61
89 68 75
54 78 74
18 73 84
6 53 85
20 22 61
40 55 72
59 10 70
62 72 37
17 53 40
0 16 94
39 14 2
83 95 13
25 43 48
9 83 2
37 91 79
88 93 35
99 44 50
90 58 81
67 85 3
25 81 52
1 42 27
64 19 73
15 92 11
26 33 78
6 11 87
25 47 89
91 41 21
74 56 76
56 92 29
9 48 3
37 93 84
74 24 91
82 84 19
35 85 10
42 14 57
4 46 15
59 26 66
75 20 73
96 5 59
19 58 37
23 8 64
35 11 99
12 59 25
89 84 5
2 45 39
8 44 61
7 67 36
85 60 51
51 62 6
19 4 86
98 30 79
47 62 5
88 26 100
25 59 46
57 32 31
14 2 31
32 75 24
87 50 59
0 75 8
8 63 78
70 21 16
15 82 60
56 57 27
81 88 8
48 87 10
62 20 16
85 6 91
14 91 76
44 96 49
46 6 68
82 4 30
76 6 31
67 17 57
88 45 53
40 76 56
39 56 3
24 9 29
83 51 68
28 2 58
21 16 64
58 13 7
11 76 79
10 97 46
68 14 49
30 62 43
82 91 98
2 9 80
31 79 97
90 72 53
13 70 60
41 82 78
84 23 19
71 19 37
87 51 1
74 90 20
40 31 68
26 33 100
98 76 56
33 11 34
60 13 80
98 46 100
99 23 64
18 42 47
86 51 12
91 29 5
29 59 99
14 40 43
76 87 95
99 30 12
22 54 92
21 24 51
47 85 19
86 34 2
59 34 40
80 30 16
35 77 27
31 64 73
81 36 97
94 32 97
79 56 3
42 6 95
29 48 99
96 42 57
93 37 72
46 44 59
68 82 28
56 5 14
12 50 28
91 57 57
92 40 89
63 69 56
79 77 3
55 67 18
78 20 87
37 43 40
58 37 98
87 7 60
60 74 64
31 61 5
74 55 51
54 65 94
66 24 56
45 47 26
67 25 9
0 89 31
91 20 69
37 84 57
85 56 77
18 1 33
64 3 67
76 90 77
80 68 96
7 8 81
96 56 88
51 34 68
92 4 13
73 35 61
47 7 14
18 58 75
41 73 54
0 18 37
73 32 61
8 54 83
41 30 84
6 56 93
3 95 81
2 25 33
71 6 52
23 15 35
17 78 92
14 36 17
72 46 63
63 78 30
52 48 99
48 86 58
81 26 85
7 26 74
23 25 18
27 60 93
36 39 38
49 80 95
69 93 74
55 17 49
37 47 25
9 30 10
9 82 24
2 61 84
44 20 1
30 65 16
81 15 91
93 54 58
0 95 68
1 54 42
58 73 76
89 80 3
75 46 99
88 53 61
62 88 48
68 15 70
98 69 1
62 58 66
65 51 63
15 55 44
5 19 83
27 12 2
26 93 17
46 55 25
32 39 44
96 20 1
89 6 94
11 15 60
61 70 98
98 27 80
25 11 21
14 64 6
41 5 68
24 33 26
79 14 32
25 87 90
93 24 100
3 73 88
67 84 26
13 18 13
98 0 50
73 41 77
36 12 74
6 63 91
98 60 36
41 15 2
7 45 85
65 78 58
83 54 100
75 92 78
45 5 33
20 78 78
6 89 8
0 29 18
77 3 36
90 73 27
76 66 32
2 24 63
17 3 19
52 85 4
64 38 50
47 24 25
50 36 86
0 79 50
29 48 96
75 28 37
63 85 30
66 71 28
32 60 58
11 15 34
75 21 87
5 14 1
39 16 56
60 12 42
38 62 33
40 47 91
25 77 42
9 2 8
38 77 59
58 25 75
17 1 7
63 79 86
24 1 97
15 34 52
62 37 77
87 22 22
30 85 47
13 49 60
44 15 94
50 4 49
97 68 26
12 94 71
38 99 29
17 32 36
42 16 75
7 27 79
0 67 100
26 47 74
57 15 72
48 68 17
48 99 82
76 82 3
70 23 3
34 65 30
62 3 2
55 34 21
9 41 15
73 96 4
36 56 81
16 34 84
15 73 86
46 1 4
9 63 77
45 81 35
67 92 40
42 65 69
69 35 59
68 39 70
59 51 86
27 59 4
34 48 39
3 78 63
0 49 87
30 16 2
60 99 49
39 26 24
44 75 29
76 13 21
89 13 11
94 37 97
92 34 48
16 49 46
58 67 29
87 33 2
4 16 73
83 39 62
41 7 50
64 88 38
94 44 88
42 44 12
7 13 39
47 36 27
31 65 68
69 79 12
90 33 67
17 12 43
17 45 1
56 9 24
78 20 36
72 57 43
58 61 24
53 66 5
50 28 43
38 19 63
33 48 20
41 0 41
46 69 45
60 80 20
51 2 99
33 18 20
5 0 71
98 16 54
64 50 40
14 36 81
45 64 34
6 98 79
84 92 51
14 50 59
19 72 68
68 17 58
17 26 22
25 38 100
79 64 88
16 17 72
43 10 4
0 78 93
24 4 92
55 52 40
86 14 16
97 77 8
15 40 45
54 29 38
32 34 55
56 91 7
5 13 40
45 13 46
16 73 32
70 76 98
51 16 33
40 92 47
81 38 28
97 98 81
16 31 79
37 87 44
90 4 83
12 48 92
60 33 88
57 3 30
63 25 44
61 77 92
98 56 85
45 41 47
16 31 38
68 15 68
0 95 39
0 79 80
66 50 32
0 84 69
83 66 45
2 41 51
21 98 40
5 82 38
46 87 98
66 42 6
53 24 49
65 55 44
87 31 74
69 22 6
6 45 78
83 67 21
0 46 12
93 41 41
23 36 42
97 37 12
89 96 55
49 95 81
36 71 53
50 1 74
18 34 83
7 90 17
64 16 51
68 79 5
1 39 11
78 92 90
17 59 84
80 1 46
38 61 62
0 2 19
13 14 49
39 6 46
65 19 87
50 26 92
82 56 35
69 30 21
37 51 40
40 69 18
39 76 28
60 48 38
56 30 23
82 18 53
45 70 53
20 13 78
65 8 70
69 60 41
76 16 9
75 43 70
79 20 5
57 66 47
63 29 68
58 31 79
94 74 10
96 83 78
81 84 6
82 79 69
14 16 49
17 38 24
53 90 25
6 77 64
93 38 44
49 16 33
39 40 9
26 22 1
0 2 84
34 4 97
45 70 31
11 14 28
84 10 98
18 40 65
71 29 9
42 61 54
34 97 15
47 21 41
88 83 86
45 80 55
42 90 27
29 77 28
21 90 39
70 7 12
81 91 93
5 55 98
66 23 45
22 6 65
31 75 38
12 85 38
26 70 49
29 96 8
77 62 77
39 30 49
21 45 54
33 76 58
96 68 75
50 94 20
33 63 21
14 48 68
35 59 44
20 42 38
48 65 80
83 47 21
13 93 75
43 57 80
28 31 93
31 59 16
53 37 91
7 76 91
96 68 83
73 69 41
11 50 46
44 39 36
84 34 99
93 8 78
23 15 85
53 9 97
56 25 65
46 20 16
47 77 49
95 93 6
85 90 76
30 52 44
16 68 97
68 80 78
22 20 20
67 59 33
88 89 68
40 58 69
11 97 94
27 73 70
6 90 36
3 52 18
75 16 62
2 43 48
14 87 9
10 75 10
41 49 63
74 54 97
89 2 61
49 56 99
40 36 58
26 71 90
24 66 53
12 31 81
90 14 12
84 62 60
25 4 42
96 27 64
58 89 45
54 21 24
15 42 38
61 82 51
22 81 66
85 58 77
2 76 52
74 37 85
96 59 30
61 65 70
13 80 51
99 20 47
71 83 29
25 27 91
53 16 72
60 2 49
87 99 11
74 24 97
0 66 70
92 37 85
66 46 7
75 59 23
75 1 53
47 34 60
76 92 9
48 80 54
83 14 33
26 28 76
13 91 12
53 33 49
70 0 100
76 58 18
7 74 31
33 14 28
14 64 36
71 15 35
31 50 9
84 19 68
13 10 73
61 37 1
12 10 77
35 92 99
87 95 28
20 54 5
72 32 16
18 76 26
20 67 64
6 57 84
89 4 22
42 54 83
95 66 20
94 22 76
97 88 85
34 95 6
84 74 32
54 87 43
10 35 5
51 69 28
65 46 50
6 69 96
48 79 30
97 6 64
84 98 94
58 47 38
24 9 8
7 91 99
4 36 59
21 58 41
41 87 8
82 60 66
81 85 29
6 47 91
35 70 60
26 66 21
46 48 26
20 44 96
64 34 41
66 46 43
27 33 84
73 81 67
88 16 37
32 54 2
82 15 61
79 71 13
30 59 16
32 6 6
22 6 77
21 78 25
99 67 51
22 53 83
35 95 41
63 39 65
54 12 64
40 41 80
68 17 67
33 89 61
93 74 64
16 95 82
84 40 49
8 62 36
23 17 40
36 57 70
56 76 28
38 87 37
17 72 55
93 33 73
61 81 44
87 72 16
31 99 76
0 12 54
63 50 9
84 61 57
46 42 71
43 23 53
42 98 76
17 78 65
48 63 7
48 77 27
63 31 53
66 31 11
56 76 84
71 54 27
98 1 69
28 8 78
7 62 65
32 2 20
96 63 4
44 56 15
40 7 27
12 26 69
85 49 13
61 99 31
27 91 46
22 63 21
91 17 34
20 86 2
95 29 29
94 22 43
74 29 36
81 27 51
74 72 89
77 63 74
99 70 35
83 43 37
86 45 81
57 23 44
51 62 7
60 21 86
69 97 5
60 40 45
7 84 67
37 88 52
30 88 73
92 31 19
91 84 91
89 81 28
99 57 17
46 62 16
85 52 58
5 42 36
32 86 12
11 48 42
50 58 70
1 60 41
82 64 62
63 79 41
3 96 60
63 40 2
52 99 63
94 65 7
22 58 51
68 57 28
87 3 90
98 19 90
87 46 97
28 78 34
8 59 11
60 26 35
80 43 93
67 82 73
17 44 74
30 27 61
46 19 12
47 58 5
53 3 64
9 47 49
13 96 31
65 74 47
20 88 56
29 33 93
95 26 74
23 69 43
7 74 10
61 36 6
28 59 3
11 95 63
45 72 32
22 1 56
35 27 67
38 77 67
16 21 39
87 13 32
17 79 7
77 48 28
95 57 45
71 55 88
75 81 2
78 95 83
4 41 65
44 66 70
7 58 77
7 91 22
58 16 63
95 39 3
94 78 83
11 57 85
0 28 79
58 35 60
1 32 41
66 63 11
22 35 57
81 74 27
50 2 63
22 19 57
38 32 87
26 75 20
35 95 82
33 57 10
39 75 47
97 9 79
27 20 58
50 28 5
90 57 48
47 7 30
13 41 66
80 18 39
9 97 72
3 49 100
21 53 78
30 73 16
90 10 56
8 91 29
12 78 45
73 42 13
60 57 71
55 34 46
24 55 9
57 80 77
49 93 61
23 89 25
75 29 33
42 72 61
20 87 1
80 15 26
58 40 34
27 9 82
22 72 55
78 16 60
22 2 53
77 23 76
36 9 8
80 66 74
23 50 97
37 10 21
16 41 86
48 18 30
52 67 89
69 54 21
94 75 19
34 76 16
30 77 46
34 5 23
25 40 55
62 11 93
49 0 87
22 25 98
99 88 80
53 41 43
53 40 81
17 72 96
26 88 98
0 96 46
74 58 14
86 62 35
38 3 59
51 46 53
16 40 66
64 42 53
1 46 20
73 28 34
43 17 62
27 20 10
53 23 74
8 66 72
75 40 61
77 11 47
52 98 93
36 38 79
54 47 8
31 36 7
33 56 24
37 67 74
51 17 65
81 31 65
39 41 62
57 69 29
48 67 61
85 26 68
4 72 100
10 96 10
28 0 60
80 84 83
25 86 78
9 13 70
95 15 30
37 91 54
9 19 52
88 77 13
90 75 59
59 7 34
0 41 59
99 42 95
51 4 91
41 24 13
21 84 71
44 59 55
71 20 17
98 67 58
67 16 73
54 92 97
40 69 23
15 40 91
54 86 5
71 79 80
74 4 96
67 38 21
58 0 74
26 77 54
92 80 22
4 60 80
97 86 6
83 98 61
46 23 54
13 88 61
79 73 95
59 88 75
5 70 38
89 98 73
67 99 44
2 98 83
47 17 81
40 33 47
99 64 41
86 73 58
30 44 50
31 42 62
97 23 46
66 64 100
57 81 31
57 58 28
22 25 73
39 18 95
21 45 7
53 90 12
5 9 1
83 53 65
37 40 45
36 68 99
95 58 97
45 25 48
59 25 85
83 2 9
9 91 27
5 15 45
19 16 96
54 40 83
55 68 12
67 10 73
89 44 80
75 71 81
30 87 99
47 43 34
69 53 93
20 93 39
20 40 38
38 87 77
8 49 70
9 4 25
71 23 33
98 12 15
89 55 42
3 15 99
89 47 21
92 88 98
83 53 40
84 76 32
28 27 28
97 3 77
30 1 79
76 3 4
94 64 28
10 32 28
33 30 1
72 20 21
20 35 37
21 89 86
72 29 27
71 85 26
81 93 88
29 0 32
79 51 78
17 63 42
31 57 30
58 5 7
59 80 62
1 92 4
42 87 43
78 45 69
58 95 4
54 59 41
1 3 81
65 81 64
56 9 92
83 39 90
75 42 7
41 63 79
86 25 54
29 53 44
4 82 20
89 36 28
1 15 54
24 71 19
24 34 64
70 48 43
76 46 92
66 21 40
46 35 92
44 89 17
5 29 85
7 94 91
22 50 95
92 75 7
94 99 82
12 94 76
73 15 62
13 68 87
33 80 2
62 77 55
5 61 73
77 50 42
87 96 23
96 38 84
67 4 6
98 25 78
82 59 29
62 4 95
72 42 2
82 88 74
65 30 75
36 58 46
49 31 34
44 47 5
61 70 44
35 9 89
45 41 39
63 78 67
44 41 15
11 1 88
49 75 47
39 83 72
61 33 79
18 38 12
61 10 22
59 15 38
22 37 41
56 17 34
24 58 14
53 2 91
12 11 58
62 28 59
43 36 50
42 10 96
59 45 46
63 67 80
87 22 100
62 35 60
67 27 41
77 44 13
51 2 4
39 79 79
69 45 50
39 10 54
98 82 17
16 19 84
0 64 56
9 29 76
29 64 62
78 80 13
4 39 64
19 88 94
93 53 61
67 13 38
26 8 6
89 27 43
60 4 79
83 68 88
97 42 23
40 80 12
87 71 81
69 55 37
31 12 9
10 56 75
22 82 50
57 90 32
