83 31 59
86 51 12
45 46 96
30 95 52
55 68 7
61 0 78
79 19 95
15 46 21
66 41 7
96 26 45
58 78 99
78 59 20
32 9 89
85 79 43
88 50 37
92 30 32
37 41 39
1 59 29
57 27 59
3 87 67
12 0 35
43 71 72
6 95 19
96 68 10
26 89 37
88 72 75
95 31 80
89 43 85
40 27 6
69 54 76
9 30 56
84 8 12
78 79 65
41 39 33
6 90 33
51 33 19
75 89 49
25 64 82
36 74 7
28 31 19
34 53 26
19 47 16
89 32 99
48 2 75
26 73 42
51 29 25
30 83 18
82 66 14
97 33 59
34 16 2
47 69 21
43 47 10
13 30 18
0 57 77
66 80 60
70 62 91
40 88 100
44 50 93
40 27 3
49 22 10
10 67 57
84 66 7
20 81 56
85 91 54
93 46 83
94 87 85
20 25 100
68 67 53
27 72 84
63 66 42
18 17 89
57 75 82
89 15 27
26 43 20
80 57 60
2 8 98
29 18 6
18 60 7
36 87 72
10 22 50
87 82 5
69 31 54
67 13 58
29 75 18
45 66 84
89 31 73
74 12 66
97 53 64
35 24 14
18 23 22
54 28 36
87 26 91
1 84 90
73 38 17
85 29 24
15 77 18
4 28 39
20 28 26
29 73 71
49 38 89
86 70 16
2 11 89
78 43 10
82 0 48
36 72 58
66 51 10
5 21 28
19 6 36
9 93 30
72 35 86
15 42 77
97 36 82
6 85 84
49 40 11
73 68 83
21 76 90
52 98 17
57 28 13
33 92 5
6 96 73
71 41 49
99 53 18
17 75 31
38 24 60
96 37 32
24 53 56
76 45 15
98 41 70
91 62 87
84 77 17
42 69 95
59 21 76
37 91 12
74 29 76
43 6 69
47 83 100
49 27 60
11 74 28
1 60 64
31 74 18
75 48 32
48 45 39
19 49 12
94 51 61
69 79 37
96 67 77
57 97 65
92 30 76
95 35 37
42 94 96
47 95 87
30 94 74
58 7 83
52 48 2
2 79 4
87 4 82
34 7 50
27 37 7
15 93 19
88 4 24
72 33 59
39 33 48
93 80 38
85 37 60
87 25 68
78 60 2
39 21 64
99 45 62
16 23 37
89 78 21
67 68 36
87 43 98
66 8 67
22 53 19
19 48 57
49 82 13
70 56 4
11 67 34
55 64 6
82 36 31
29 81 100
88 45 5
39 18 88
28 92 88
91 79 94
41 38 15
67 66 6
68 44 61
66 97 86
35 86 35
80 84 76
10 74 95
56 64 66
13 12 77
86 78 97
24 65 27
6 3 87
40 95 34
41 62 65
86 37 97
84 65 75
39 98 30
89 1 11
3 17 55
99 43 98
73 77 78
98 65 1
69 14 55
1 15 19
8 60 29
52 57 93
62 30 97
83 95 29
2 10 38
20 42 15
30 53 63
40 91 42
84 63 88
97 3 41
61 80 83
15 60 79
11 9 6
27 66 14
23 79 6
85 66 39
48 85 5
10 78 64
36 81 47
52 82 38
40 67 58
66 56 61
22 36 75
47 73 98
17 62 14
98 70 78
34 94 1
5 46 97
93 81 58
63 15 52
1 72 14
38 58 37
71 72 98
71 18 63
16 49 26
87 74 98
40 91 94
64 34 47
4 75 59
55 35 70
0 79 38
16 54 50
60 79 55
79 86 51
10 22 82
54 99 93
26 64 81
72 43 61
31 44 25
75 70 20
76 26 29
89 22 67
59 56 100
74 90 29
80 84 24
79 64 74
82 84 57
82 54 4
76 91 67
82 17 61
17 6 35
11 4 12
94 47 100
32 10 70
40 88 94
65 18 18
56 23 37
9 93 23
20 28 30
71 97 34
69 63 10
15 47 51
57 76 77
71 39 6
46 85 36
37 20 29
54 32 43
68 19 33
51 68 52
51 17 32
1 17 37
0 39 86
43 7 69
6 96 40
35 11 4
21 29 85
75 56 12
73 89 32
71 98 26
31 80 14
79 93 42
88 19 8
56 34 71
32 61 14
38 55 4
58 52 27
1 24 13
32 1 33
97 71 78
30 56 5
28 2 96
37 6 87
84 58 37
96 28 6
87 36 59
31 71 47
29 27 56
30 8 82
40 49 55
69 76 14
74 11 54
18 74 88
67 64 90
82 95 10
70 84 20
55 39 83
99 11 24
48 81 86
68 51 45
48 1 89
78 55 65
48 25 39
4 80 43
66 3 59
74 83 48
11 64 69
79 21 52
10 45 98
57 42 23
45 34 26
94 96 45
31 74 7
27 68 89
87 16 12
66 25 4
73 52 86
51 0 5
88 84 78
3 71 60
25 23 50
8 69 32
29 13 78
56 83 64
65 78 93
92 88 39
34 52 51
64 87 17
46 75 56
80 37 19
17 77 18
7 49 77
30 15 1
90 74 70
45 5 95
23 72 13
32 71 83
0 72 24
12 39 40
21 45 66
67 46 20
61 34 70
86 21 66
91 7 44
26 23 29
98 61 31
26 49 53
13 21 40
14 50 81
59 54 1
3 54 78
45 9 36
77 63 33
99 34 22
85 88 69
49 26 89
31 71 15
54 15 24
7 97 36
60 19 97
36 1 94
31 96 83
12 1 39
88 66 92
30 76 16
12 96 91
65 85 50
27 96 6
30 35 68
90 21 14
9 60 13
24 47 73
9 54 96
93 68 72
94 79 100
69 11 56
99 80 60
20 93 14
69 91 13
19 22 20
51 14 88
1 76 41
29 90 11
87 54 36
56 42 11
29 46 61
80 63 26
45 29 58
97 86 73
79 70 54
8 11 38
47 84 57
16 39 71
64 61 6
86 40 22
71 59 52
44 35 99
14 1 35
58 44 36
97 81 32
24 31 58
69 59 52
29 40 62
0 55 62
8 70 7
24 16 40
84 55 4
32 74 34
24 71 22
9 37 16
57 84 82
86 45 92
93 94 50
74 59 7
80 43 54
57 6 44
36 99 24
40 73 80
54 47 34
56 17 22
65 11 11
45 5 59
27 97 60
85 24 67
41 35 14
93 39 28
54 60 43
57 98 40
28 14 94
93 21 66
23 59 26
37 2 44
45 12 97
61 97 20
74 71 100
29 25 84
89 54 76
92 5 35
98 34 59
44 0 92
43 46 72
22 76 91
61 2 38
1 40 61
23 32 36
14 78 7
37 34 10
46 44 12
42 65 8
83 81 67
45 12 21
99 41 49
81 61 50
65 44 9
7 95 58
33 0 88
50 40 74
44 82 62
45 92 81
32 73 53
51 46 64
17 75 12
48 12 27
66 80 42
51 40 21
89 79 82
72 93 59
36 73 16
47 34 40
68 20 91
27 43 15
36 42 31
77 40 86
83 38 27
89 98 94
25 17 31
65 5 33
53 23 39
29 54 67
74 61 27
25 35 91
95 36 4
34 90 55
76 60 16
5 52 66
87 14 71
20 18 100
20 94 72
80 46 17
57 98 4
67 11 49
54 26 33
92 31 77
90 29 62
89 62 95
53 19 22
36 53 95
5 6 67
60 26 50
4 19 89
95 37 70
67 97 21
87 71 66
93 47 35
18 5 28
38 95 5
31 0 5
28 74 64
12 24 35
83 36 32
30 75 98
23 8 95
39 66 9
70 25 53
36 89 95
81 72 38
91 58 22
75 61 17
38 65 51
82 38 19
99 17 42
59 31 70
15 83 31
54 87 40
95 52 94
8 77 90
94 90 95
38 50 56
96 85 97
6 60 71
74 10 79
24 79 3
87 76 75
75 99 90
70 56 16
34 44 91
26 37 31
70 48 77
53 36 65
68 29 3
47 82 78
56 66 91
78 18 21
63 66 50
42 3 18
7 85 26
81 9 71
93 23 96
13 73 91
77 71 52
92 65 38
34 59 52
82 1 25
82 94 87
57 22 35
0 74 97
8 6 67
91 84 62
71 18 6
8 49 64
45 2 60
95 43 70
41 37 20
58 9 31
57 30 31
42 44 17
31 45 15
24 29 9
48 68 1
36 24 67
83 50 84
3 44 69
74 91 99
71 28 63
63 7 46
6 94 85
15 91 31
99 74 13
61 72 29
79 64 87
18 87 50
1 81 9
37 96 70
22 12 15
43 64 4
26 87 64
86 12 61
53 55 61
9 46 87
21 72 89
34 83 81
85 5 31
48 47 13
51 42 35
14 89 67
62 87 70
12 87 58
14 97 29
87 32 84
17 43 87
3 30 23
67 1 63
93 26 24
49 31 74
59 64 67
72 70 56
68 0 63
61 4 39
80 61 18
82 19 14
95 44 11
59 28 47
44 13 28
58 88 10
37 8 23
82 64 53
89 31 78
48 16 95
37 99 24
10 12 99
48 86 8
62 66 30
5 65 7
26 28 7
1 96 55
82 2 5
27 56 7
44 2 10
10 44 97
14 8 17
85 80 84
12 18 95
77 85 24
26 54 46
59 53 56
22 70 30
69 28 29
60 33 61
99 45 75
59 35 97
71 82 93
70 32 74
8 80 3
96 30 77
47 18 37
2 35 75
56 39 25
26 77 42
12 33 56
0 12 69
12 43 80
48 55 77
57 4 90
23 34 92
29 93 24
86 22 3
39 32 31
44 83 43
23 51 81
6 91 24
47 27 13
25 7 61
63 43 100
11 84 99
3 40 9
61 9 60
67 59 54
38 97 6
74 24 10
16 60 25
8 47 15
86 97 43
96 61 78
91 39 6
90 72 91
51 85 71
26 60 46
61 6 48
20 38 65
63 80 91
27 34 40
24 25 32
19 66 47
23 61 37
32 63 96
3 83 50
65 14 57
98 85 81
90 71 47
53 93 46
55 22 27
64 54 33
32 22 24
73 57 23
96 39 27
32 42 15
22 44 62
9 2 9
6 8 26
26 61 58
69 99 84
40 17 27
22 92 38
1 14 62
74 48 33
66 81 57
88 30 11
15 34 70
19 62 57
86 29 1
79 52 37
92 52 85
24 52 52
64 42 81
31 45 89
18 38 47
22 92 47
76 86 18
65 67 40
57 98 67
54 3 54
31 38 45
98 51 27
94 81 6
45 97 99
30 82 40
45 72 79
54 77 53
64 69 48
19 31 53
68 69 80
94 31 14
78 62 79
29 81 67
68 89 73
7 65 73
22 41 34
48 18 73
43 30 21
97 39 58
76 18 8
43 99 26
48 27 44
80 99 4
68 66 87
2 4 28
34 31 68
37 67 33
26 95 18
45 98 52
61 41 27
88 64 29
26 64 13
36 2 39
27 97 32
4 82 32
60 72 19
10 81 17
71 74 54
78 67 52
39 5 15
8 85 23
37 55 17
39 15 1
7 41 97
47 90 48
85 82 68
53 67 13
56 80 58
52 86 38
6 46 10
85 53 93
43 91 62
17 90 3
63 45 54
32 84 98
58 9 35
23 55 32
92 93 44
82 33 28
82 15 76
18 21 100
80 23 48
38 90 95
5 37 30
33 69 86
64 7 11
96 19 42
88 41 35
19 22 68
41 55 14
21 49 9
47 94 53
48 5 35
45 32 4
59 39 79
32 34 33
25 26 16
77 56 61
72 65 27
43 54 84
44 14 99
10 6 95
58 65 28
82 40 29
67 40 85
42 19 86
39 24 40
44 73 63
33 59 12
9 23 66
58 21 12
96 4 91
22 91 33
2 78 29
58 26 15
21 17 76
24 8 81
27 31 22
8 65 48
0 60 95
25 77 85
34 36 26
20 59 91
50 5 58
57 70 27
83 89 6
32 2 16
25 0 16
48 11 8
48 55 98
72 68 95
18 3 36
40 59 11
23 49 77
27 20 12
18 16 80
68 88 68
82 13 93
16 0 19
70 42 57
61 28 95
87 97 90
15 12 44
80 65 61
51 12 46
68 41 71
42 11 12
83 10 9
69 77 53
64 85 78
66 20 29
54 13 61
85 29 29
4 40 94
2 80 77
90 52 81
70 15 63
77 51 82
63 67 33
83 64 37
40 4 15
6 20 9
0 9 77
47 11 9
95 2 58
2 83 8
29 37 8
50 6 20
22 15 57
13 29 33
47 41 14
60 34 72
79 92 49
60 65 54
59 72 38
35 34 44
18 35 94
82 7 38
36 4 10
4 20 65
94 42 4
42 31 17
83 22 91
47 49 25
80 90 53
55 2 69
5 57 97
65 47 82
39 57 29
24 29 58
71 8 52
47 50 4
70 48 65
48 91 30
62 61 26
35 11 91
57 37 98
5 13 2
40 56 40
38 68 80
76 41 67
42 65 26
29 60 79
5 25 2
46 42 38
7 16 84
94 92 24
57 4 93
61 71 24
71 22 52
82 41 13
20 84 67
35 29 40
41 99 99
26 17 35
49 20 12
0 7 8
95 99 67
24 25 33
84 60 100
40 90 88
87 63 12
13 96 47
43 62 55
9 56 57
83 96 97
16 31 68
49 38 70
54 83 58
40 79 69
95 72 87
74 99 16
14 53 59
55 18 68
76 88 50
22 94 32
91 78 26
21 4 41
57 62 44
51 61 14
4 46 22
66 4 71
46 83 19
94 29 21
30 89 63
2 41 6
52 43 69
94 98 45
31 53 7
35 75 91
76 60 43
44 88 82
8 27 39
25 47 89
46 26 38
83 48 75
60 74 86
46 53 66
88 76 24
36 64 6
8 53 63
91 32 28
31 17 55
95 96 10
64 39 12
47 62 26
90 44 44
53 78 11
52 16 70
60 59 93
81 10 81
50 73 66
78 43 80
53 17 83
90 49 60
48 60 46
62 90 81
55 43 13
13 56 42
84 20 34
28 45 42
5 16 34
63 99 30
30 39 46
81 92 3
52 35 66
92 19 20
71 46 21
19 8 32
10 1 49
75 88 31
15 81 60
16 98 4
51 91 60
76 36 27
37 2 49
81 45 50
2 43 81
45 81 88
43 44 56
28 14 85
89 74 11
40 4 56
84 1 27
99 34 62
79 36 45
56 12 28
53 28 6
28 69 60
31 56 100
47 13 31
4 42 1
19 39 28
87 55 29
57 0 51
27 31 6
91 58 11
3 36 49
64 53 96
61 18 43
46 27 46
48 51 72
65 49 19
28 10 1
71 6 97
34 55 80
14 43 76
7 47 60
33 50 71
45 36 91
69 59 84
20 70 71
35 27 10
29 50 53
92 72 4
93 88 35
82 89 59
40 12 12
40 27 34
59 18 51
4 97 65
88 10 77
49 0 34
51 26 43
83 36 63
83 78 4
35 46 37
30 86 74
33 29 4
3 5 36
4 79 65
57 35 12
24 13 24
72 39 6
65 93 67
70 84 37
97 94 41
64 72 33
95 66 61
18 49 92
32 31 72
41 75 50
19 94 92
11 15 47
75 15 1
39 38 70
50 12 6
19 31 75
95 21 85
45 83 43
59 70 55
42 63 13
88 44 91
3 15 41
91 33 11
42 69 75
96 29 44
18 72 26
20 42 93
1 82 26
31 97 29
22 20 14
26 71 84
23 46 93
54 62 38
2 69 50
79 64 96
27 91 44
19 58 72
98 4 35
41 32 14
31 0 55
6 7 7
14 51 79
74 35 52
80 13 5
18 2 23
91 79 18
4 70 79
52 13 73
30 10 97
2 39 40
15 62 55
76 32 3
38 1 91
70 71 60
76 60 15
79 18 82
5 90 77
28 1 93
25 22 15
60 80 53
10 86 50
26 4 4
47 38 68
30 3 37
22 42 62
69 5 4
80 56 52
39 96 21
66 14 48
81 40 2
74 46 73
23 22 71
95 56 49
4 2 56
69 74 50
51 24 12
56 58 95
93 18 28
75 90 55
90 14 39
3 94 52
19 65 88
62 8 91
91 5 6
36 7 52
71 52 75
64 36 84
22 5 16
14 38 85
49 43 29
25 69 81
60 0 37
24 39 19
39 8 72
12 3 90
88 11 87
59 36 71
47 92 8
95 26 44
64 16 37
22 89 12
83 71 48
84 87 55
14 23 13
50 85 67
23 19 26
12 0 68
68 58 79
17 33 75
7 25 16
70 38 36
23 52 61
76 58 5
15 44 17
23 57 59
40 89 46
16 26 27
59 55 29
62 63 84
32 96 75
81 53 44
68 86 45
15 14 45
18 11 12
67 45 56
38 74 55
93 36 82
59 73 88
28 53 14
36 18 57
8 21 99
78 91 40
35 6 11
35 62 44
38 56 51
98 3 27
82 81 46
62 46 17
40 19 9
78 45 24
1 18 51
42 17 89
53 73 62
35 72 8
7 80 65
7 27 98
59 33 77
53 66 35
31 78 94
47 53 38
51 29 22
20 81 22
32 56 19
27 5 99
5 61 42
66 90 35
27 92 53
16 82 85
39 23 85
31 99 73
39 27 71
98 54 85
3 65 34
65 57 90
79 68 58
81 78 26
7 18 87
2 0 91
87 39 70
83 64 2
10 81 57
19 2 80
56 9 28
2 96 42
38 95 64
91 4 73
77 56 17
39 96 64
56 23 84
93 16 81
12 51 15
42 66 11
20 13 100
19 57 26
63 97 99
57 68 93
18 89 20
8 88 26
41 83 54
32 63 73
39 71 53
69 15 41
44 84 17
79 22 23
49 45 41
89 29 19
31 92 40
65 58 90
36 92 40
1 57 39
53 62 57
95 79 62
50 10 22
25 56 79
71 75 47
6 56 95
92 28 47
87 67 1
6 76 24
18 85 99
88 96 97
22 67 64
14 92 86
1 92 93
92 67 9
51 49 66
43 94 30
11 6 75
59 65 17
83 60 96
67 66 29
98 68 32
84 58 85
20 8 81
85 32 51
13 7 82
14 50 10
72 7 37
8 4 55
19 79 18
53 23 24
79 2 99
74 4 40
25 63 63
24 99 91
10 48 97
95 69 68
8 13 93
46 64 30
63 0 79
67 36 46
3 43 49
2 61 18
48 34 25
40 43 66
17 36 56
80 91 24
59 45 85
65 38 8
45 63 52
58 69 64
94 39 33
69 82 91
95 35 75
37 3 1
10 31 35
11 23 95
31 55 28
39 14 68
16 19 82
69 45 59
10 67 7
49 72 3
76 73 95
11 92 33
87 49 43
91 81 75
56 9 34
29 84 28
68 40 59
79 73 41
31 57 82
78 73 47
30 74 34
82 38 21
20 2 44
10 85 12
58 10 18
88 64 10
50 9 90
99 48 81
6 5 84
71 30 4
74 79 45
85 34 93
15 79 60
39 44 71
95 52 81
59 85 93
17 79 94
64 42 18
82 27 65
87 78 28
23 82 94
48 56 34
97 58 88
90 73 77
12 97 31
87 66 36
35 66 6
79 42 90
39 28 46
41 31 19
37 18 26
15 87 97
73 62 62
43 7 27
60 58 76
66 79 4
94 82 48
53 57 87
3 72 12
90 71 59
95 73 47
4 36 89
9 47 21
75 43 58
47 0 55
27 65 29
0 72 52
62 92 62
77 31 4
61 4 9
0 93 48
59 0 5
25 69 11
1 93 46
27 66 4
62 22 50
97 67 89
50 42 17
42 63 97
82 56 48
4 80 36
42 84 46
50 92 26
65 15 36
59 87 34
22 3 19
13 3 65
40 86 13
1 45 95
5 15 61
84 19 39
64 76 83
82 6 63
82 41 43
75 51 79
73 43 52
94 17 6
85 11 13
35 30 44
11 81 78
57 37 82
74 22 13
44 53 68
22 31 12
43 42 73
21 38 3
11 12 69
10 96 11
79 44 24
32 63 67
39 63 33
93 97 21
16 26 21
8 99 1
31 45 77
49 51 2
1 18 32
5 94 7
71 1 82
23 80 84
26 86 90
85 30 10
51 72 57
50 99 36
59 54 74
70 41 60
38 50 11
32 7 19
62 8 63
98 40 23
21 51 59
55 61 83
6 77 7
43 36 2
76 28 28
53 55 23
98 33 41
56 3 96
23 34 42
57 55 46
11 31 41
41 14 59
35 65 6
63 8 11
58 43 46
2 81 60
66 27 75
49 17 62
16 94 97
60 11 98
33 63 64
70 50 74
19 0 77
38 61 67
34 84 7
8 67 86
58 78 29
84 10 74
75 59 13
26 57 44
26 85 8
99 49 15
86 32 61
36 96 59
48 58 8
73 44 97
17 67 97
48 74 58
86 65 31
21 41 38
55 18 2
21 47 25
15 99 7
44 23 18
36 56 41
45 10 41
49 18 97
64 23 29
98 42 71
36 24 81
60 51 81
31 32 35
70 19 57
52 16 60
8 7 1
29 40 46
40 95 97
74 88 50
46 19 99
95 24 88
83 40 30
90 58 82
91 46 85
12 68 71
43 36 7
59 99 74
3 7 80
17 61 97
0 34 72
93 37 57
70 92 36
4 36 81
36 16 48
0 20 95
98 49 52
66 33 5
86 87 91
59 9 51
93 5 11
68 74 57
66 64 62
94 93 54
95 94 1
4 89 44
89 31 30
5 91 7
30 9 36
38 24 17
18 39 5
11 6 96
30 45 88
53 42 63
26 87 21
1 68 22
75 24 39
64 29 72
82 80 70
47 38 34
32 6 57
56 53 6
93 70 21
22 72 42
33 43 61
52 18 36
2 90 50
44 93 4
35 47 96
95 66 42
72 80 66
46 22 88
5 16 41
82 53 42
41 25 21
90 22 68
84 62 18
68 27 32
9 41 2
4 89 69
60 86 93
79 80 73
11 96 28
80 99 84
37 40 60
44 62 12
61 11 74
25 41 31
1 96 79
70 40 39
6 86 44
12 15 11
12 33 68
72 3 65
28 41 9
54 4 39
83 86 46
33 38 93
