52 10 45
82 73 84
7 22 40
95 9 97
56 41 92
60 64 75
90 80 74
94 11 50
70 87 60
88 87 28
62 21 97
28 26 73
81 43 30
69 11 56
95 86 41
20 18 88
19 24 54
11 99 38
96 74 91
17 74 88
86 64 18
61 3 14
11 37 89
8 1 68
68 54 22
58 89 58
1 45 16
51 48 50
28 72 91
1 56 19
7 18 18
90 41 100
49 91 94
4 94 58
81 67 17
24 41 49
54 60 13
96 36 76
67 13 46
89 28 94
88 92 26
64 9 20
8 7 63
85 22 88
5 84 20
63 13 35
49 76 24
37 19 28
79 39 80
28 97 79
71 90 3
67 0 83
57 4 69
98 42 61
49 3 47
27 33 39
22 76 2
97 74 56
46 66 19
67 74 79
2 93 61
24 23 68
36 67 20
85 26 83
81 74 92
36 55 100
5 97 19
8 11 69
68 48 69
33 98 89
35 62 97
7 84 68
13 41 79
52 75 55
69 33 77
39 38 66
12 0 60
70 99 21
57 20 88
38 42 17
7 49 12
45 76 61
18 68 58
45 17 46
62 95 100
30 77 34
32 67 17
6 29 60
59 48 39
22 75 4
80 92 87
99 71 8
97 76 26
69 23 34
6 38 68
92 66 10
1 95 22
13 16 46
97 42 93
79 51 87
79 65 7
24 69 74
12 3 57
99 36 53
79 4 52
42 47 98
39 10 30
46 43 41
27 21 29
25 13 2
11 8 9
85 7 40
57 87 83
54 53 86
40 64 82
35 34 79
58 89 99
66 91 65
48 28 27
98 10 96
82 91 55
75 37 97
8 11 84
18 31 61
47 62 50
41 58 49
38 65 56
30 6 36
20 77 32
85 52 37
59 81 15
48 80 88
71 64 54
44 89 34
65 76 95
53 30 25
92 3 57
64 59 60
49 43 26
44 8 15
94 62 79
17 63 10
66 90 7
6 62 65
64 84 32
47 20 13
60 11 77
6 78 40
93 87 10
57 76 78
12 55 63
65 57 41
25 30 99
56 49 71
88 89 17
93 73 83
73 84 53
75 36 39
53 85 84
51 61 84
9 74 7
76 14 87
83 33 49
15 60 77
59 27 34
86 9 53
25 22 11
15 29 12
90 40 100
84 15 4
83 64 60
70 89 50
67 97 38
98 47 27
59 44 24
3 34 30
42 11 37
88 13 41
36 42 27
50 5 99
8 84 8
61 35 18
69 89 87
40 82 28
85 73 73
48 88 16
79 65 72
66 58 64
35 90 29
46 24 23
66 98 93
47 94 62
26 74 82
92 29 62
26 36 4
39 63 26
72 62 9
33 44 62
86 16 41
44 94 17
14 79 80
93 91 54
86 87 57
37 14 64
45 82 62
93 88 37
11 7 90
70 53 60
26 61 86
42 64 88
84 73 28
86 24 12
11 95 26
29 67 59
44 10 59
20 76 7
1 88 6
29 44 6
50 90 54
77 54 51
55 47 53
92 8 22
5 10 28
8 42 10
37 98 35
24 55 35
50 7 5
64 5 16
34 44 9
41 56 86
95 8 14
99 76 89
27 50 5
57 87 19
17 61 27
84 41 23
30 7 75
96 44 28
14 15 70
71 81 19
11 78 86
62 42 30
70 31 13
36 10 67
7 75 41
21 36 94
71 26 87
58 17 3
86 41 99
26 6 64
12 11 7
95 11 78
35 45 4
10 52 52
77 2 18
18 82 7
26 65 32
74 0 98
70 56 60
98 86 70
92 17 48
11 76 56
85 68 27
89 90 78
1 54 48
73 56 33
67 26 16
34 28 97
57 84 84
82 60 49
67 57 95
87 42 88
17 74 45
73 5 20
75 50 60
81 36 41
74 55 11
68 10 77
83 86 69
33 25 24
65 44 45
4 8 15
15 44 60
51 85 70
22 85 55
0 94 60
83 63 94
17 73 10
63 46 100
17 63 99
90 99 17
70 94 30
42 40 74
57 29 49
16 33 28
1 98 52
55 61 93
23 46 70
43 16 40
1 29 87
24 53 56
95 75 2
33 83 44
7 24 24
15 54 21
71 13 39
21 52 30
23 24 83
61 99 81
1 9 50
52 7 17
8 25 51
81 86 40
28 12 75
80 57 50
92 62 29
24 2 47
32 56 56
0 42 65
92 9 86
45 54 14
35 54 87
48 26 49
23 14 3
84 49 36
44 96 82
96 68 20
77 6 6
77 8 80
8 90 28
87 75 27
39 56 97
27 59 75
87 5 60
78 50 53
43 42 8
15 53 96
16 51 63
7 50 83
8 70 73
55 85 89
60 68 17
7 52 65
61 32 20
50 19 41
19 43 87
2 63 29
24 64 62
24 53 27
73 86 35
5 38 83
50 67 8
94 5 9
87 63 51
0 98 59
64 1 92
82 90 66
2 60 28
69 95 20
34 18 7
62 11 96
70 51 91
0 21 66
13 74 6
2 52 81
41 59 83
18 84 51
31 5 79
43 97 22
14 43 62
79 55 98
54 5 45
50 89 61
44 9 45
96 74 9
1 32 71
78 44 23
28 10 94
42 20 16
51 30 60
38 78 11
24 40 41
15 27 37
98 18 30
79 96 46
69 23 100
47 39 51
36 7 14
48 71 24
16 36 17
58 65 42
14 38 56
36 2 73
23 33 92
50 6 75
88 48 10
32 81 61
97 1 21
7 61 34
52 88 44
58 57 28
5 62 81
40 26 60
72 15 25
49 50 77
43 32 22
21 20 63
3 67 38
45 9 27
66 30 79
57 60 70
12 45 74
69 71 76
76 84 63
36 96 9
79 81 86
66 55 81
30 19 61
66 74 10
13 65 79
20 48 3
32 54 11
3 59 27
43 83 19
96 72 19
62 22 12
68 28 56
50 3 89
17 65 53
45 66 71
52 22 32
47 32 40
92 23 84
29 45 89
23 75 95
11 86 93
85 89 73
99 42 61
93 39 42
2 15 15
55 87 93
62 26 82
96 71 84
5 58 29
19 56 85
4 73 1
64 2 22
60 96 96
68 33 66
96 7 41
13 47 38
32 61 46
56 92 43
6 76 83
38 36 7
17 95 54
56 25 84
29 51 38
19 61 84
72 38 40
71 17 16
58 99 94
48 45 99
91 61 49
30 16 80
78 48 38
57 3 47
31 38 63
7 78 52
48 61 83
60 1 19
70 66 24
53 6 96
45 89 85
2 84 37
39 2 23
98 38 11
4 49 21
43 66 10
68 10 32
17 99 47
31 9 83
97 34 44
35 75 6
60 32 1
4 28 81
16 71 31
29 77 27
27 67 93
53 94 100
76 64 54
60 28 1
58 71 82
51 41 6
41 46 36
47 2 45
97 67 30
19 97 28
59 86 41
27 33 78
27 26 50
23 51 19
20 88 6
86 70 43
54 71 73
47 40 5
95 89 37
0 76 46
40 99 5
14 51 27
76 90 88
87 51 24
54 56 49
44 22 40
22 51 85
63 66 60
96 75 21
35 36 89
41 29 31
90 57 26
0 15 87
46 87 41
63 31 13
81 83 81
24 0 6
80 74 77
0 19 4
43 55 6
81 61 89
66 69 20
78 37 33
96 18 28
89 13 28
97 69 88
90 99 49
22 9 74
56 89 31
7 68 30
53 88 24
21 48 17
43 7 80
19 65 13
80 67 72
17 4 3
42 45 49
89 85 90
0 81 91
24 5 81
68 88 47
40 19 51
61 31 50
21 76 80
41 98 34
90 8 43
54 65 56
49 2 93
88 68 10
65 55 50
45 98 50
46 89 88
6 68 37
14 82 14
49 7 97
40 42 18
64 45 70
68 78 31
43 97 56
74 61 32
60 17 31
24 72 82
91 9 4
8 98 28
97 62 21
43 5 59
53 73 87
52 82 87
96 2 28
95 63 55
17 26 83
29 4 85
72 70 98
40 87 74
57 76 64
82 1 43
16 49 20
34 32 6
27 75 91
74 91 44
16 44 62
21 61 19
14 78 46
43 64 73
97 68 42
80 71 52
84 86 72
36 10 92
10 23 19
31 52 58
5 93 54
44 16 65
52 11 45
35 60 35
64 81 21
0 83 49
46 31 2
13 89 2
16 89 12
77 48 71
30 72 72
64 7 47
63 55 26
20 38 48
8 33 66
75 82 75
30 71 93
27 51 86
2 96 21
4 48 25
76 0 77
94 45 22
57 26 99
38 55 27
81 22 75
6 94 56
70 33 68
35 56 92
8 44 87
17 38 100
84 21 93
98 3 80
49 35 9
35 69 55
22 0 9
79 50 71
97 11 17
54 56 35
26 31 91
89 29 46
7 35 81
10 62 91
89 64 22
40 95 4
63 53 91
99 19 99
27 49 41
57 91 96
59 36 17
95 18 57
7 76 27
96 7 1
11 38 36
4 92 31
31 88 27
9 55 31
15 13 43
60 68 5
21 15 29
14 91 16
91 42 97
36 51 22
42 91 83
25 74 64
14 57 13
3 12 54
45 29 47
10 82 13
28 1 68
53 68 58
47 95 38
32 44 99
67 89 60
73 36 73
98 40 19
25 85 35
5 84 90
87 70 8
64 74 23
43 74 73
70 62 92
72 79 20
33 44 98
59 84 19
61 54 61
29 81 19
16 43 70
64 74 56
64 27 48
28 92 32
89 96 100
65 74 32
39 29 38
80 77 41
37 86 78
9 78 58
62 72 22
49 94 18
86 68 46
43 1 28
96 81 71
61 96 80
66 84 58
50 92 19
81 93 13
73 5 60
83 17 81
71 12 79
78 51 44
57 45 7
73 10 65
29 8 69
5 19 34
26 77 79
80 63 70
90 59 64
96 22 85
67 84 31
81 11 96
54 81 43
67 17 90
63 18 76
56 48 46
38 65 48
27 5 13
18 22 77
27 90 85
24 49 90
45 16 80
76 26 24
79 73 16
19 92 22
95 9 70
65 99 65
57 92 52
37 59 9
45 89 59
23 27 48
85 9 13
76 45 61
33 21 25
54 24 51
81 61 53
43 72 8
47 37 39
52 93 55
47 64 92
88 71 26
6 27 58
82 55 13
18 38 85
99 83 7
61 9 32
37 92 20
47 62 35
79 27 18
48 92 67
87 13 24
12 32 24
92 19 84
16 15 30
3 9 41
12 96 14
49 75 58
88 90 16
97 30 91
68 57 9
74 13 24
37 73 20
18 38 33
93 46 25
17 49 32
24 63 60
90 93 94
95 8 24
92 18 25
83 75 43
32 70 31
19 36 68
59 65 92
97 2 40
78 84 96
27 75 16
78 52 88
67 30 47
24 22 40
20 63 23
62 56 22
7 64 1
41 56 9
96 95 76
21 30 25
31 96 30
99 94 68
63 74 78
56 74 83
91 52 90
29 15 17
64 2 59
73 65 29
72 12 100
47 12 55
33 24 75
82 41 33
78 94 28
65 79 12
68 49 2
54 88 85
6 83 64
16 3 77
57 0 92
3 50 31
20 13 58
2 37 77
61 57 90
57 61 60
31 23 93
69 85 64
49 34 11
93 82 94
66 79 58
72 40 22
41 73 5
42 49 23
72 35 43
54 69 62
36 63 16
61 15 20
57 72 82
45 56 42
35 68 17
47 49 11
4 43 20
87 98 5
58 32 32
1 61 45
62 13 9
91 52 96
79 42 8
60 68 36
32 35 1
54 60 96
11 40 72
16 22 21
53 15 4
92 97 45
12 71 95
51 79 46
74 43 99
27 51 25
61 77 31
27 11 43
54 92 55
84 13 29
73 29 35
1 81 31
87 39 58
46 7 41
38 98 30
56 54 38
75 12 26
83 89 46
82 92 63
74 80 61
38 3 69
25 43 73
52 81 10
61 78 78
8 36 44
55 28 95
88 0 86
59 7 94
39 70 40
9 17 13
81 89 30
77 75 66
23 20 8
15 83 98
37 48 87
46 98 3
45 37 62
5 88 27
64 47 99
56 32 50
90 7 7
91 23 3
18 40 51
83 10 87
84 92 62
64 95 40
39 60 59
50 71 88
41 17 28
17 15 10
8 6 99
83 78 5
18 89 47
64 67 84
67 81 40
1 53 58
91 92 1
27 75 5
87 22 56
5 19 66
92 70 12
91 48 4
74 40 19
88 8 27
0 47 79
54 47 44
18 68 62
40 24 79
14 79 1
21 25 30
81 50 46
36 29 64
65 79 55
50 25 24
85 15 5
68 28 68
30 82 92
30 78 42
67 69 59
67 90 22
15 56 47
88 92 90
22 45 47
34 4 97
55 66 71
8 69 23
7 52 15
42 17 10
13 63 90
10 51 71
42 63 5
86 35 61
94 25 70
22 85 54
75 68 65
58 86 96
11 84 92
8 30 75
67 28 24
43 65 15
53 22 41
74 29 7
33 58 6
51 63 30
24 15 43
35 4 58
17 78 1
11 6 69
86 44 6
8 64 85
0 12 77
45 22 43
78 36 35
81 63 74
87 86 20
53 7 89
27 8 37
57 34 87
35 16 100
35 8 4
88 71 8
43 29 75
26 75 71
65 83 31
91 74 83
41 76 23
12 69 95
91 67 47
13 66 59
80 7 60
71 50 73
28 90 87
45 48 19
6 81 5
58 29 7
7 15 94
63 42 69
40 43 5
27 55 91
70 27 85
28 23 84
59 54 53
78 65 99
87 70 71
79 73 59
29 5 63
98 62 64
93 6 38
6 49 88
37 67 82
83 69 31
35 80 39
6 67 96
65 92 24
27 29 96
50 25 85
19 84 6
93 23 30
62 65 10
14 46 75
68 9 99
41 57 28
65 12 88
45 65 83
97 73 59
0 91 32
38 4 73
72 29 40
62 42 59
72 21 51
53 72 11
79 45 84
9 16 91
73 70 27
63 36 69
16 33 15
64 20 17
99 76 20
48 91 82
68 48 55
76 21 88
8 5 44
55 0 35
30 27 69
6 26 35
96 29 9
46 96 34
24 16 41
91 4 42
79 16 55
77 80 41
24 76 67
68 89 55
65 96 92
93 62 40
8 90 1
76 26 98
82 19 70
70 87 26
91 0 37
42 18 22
60 39 99
69 45 16
25 64 60
83 29 4
75 11 7
63 10 34
86 88 17
21 73 54
48 90 50
2 78 40
67 60 41
70 20 13
2 27 8
10 72 88
24 61 92
72 26 93
13 40 87
13 29 37
6 10 40
86 9 74
44 32 13
89 19 43
49 99 69
72 79 61
70 36 88
63 97 23
50 71 50
29 45 56
94 63 11
22 97 47
20 76 92
1 94 98
41 38 10
18 48 14
73 93 9
87 14 23
41 98 9
10 94 1
0 55 19
8 34 87
76 24 18
72 14 78
42 92 87
1 65 64
26 51 9
82 19 19
78 29 18
75 65 35
76 21 46
56 63 76
58 33 95
73 44 24
23 1 51
46 51 70
84 12 83
41 10 72
41 38 3
81 75 91
25 82 81
80 55 23
90 13 63
66 42 70
58 4 64
56 95 84
46 48 7
44 43 89
21 40 76
7 55 17
3 51 29
32 49 23
67 29 47
25 34 61
12 89 11
67 85 76
65 74 98
52 28 45
98 83 35
9 82 51
80 24 36
40 90 43
62 69 65
18 73 65
82 60 93
23 21 5
43 33 73
60 27 89
54 87 19
95 74 22
57 45 26
16 33 49
35 73 22
86 19 37
48 22 38
42 99 89
90 72 71
95 35 46
20 88 24
61 60 36
31 38 37
57 27 62
45 3 10
10 93 36
31 62 7
49 93 64
41 30 15
57 48 97
29 68 12
43 30 41
92 22 27
99 39 78
38 37 89
57 65 8
51 48 88
68 72 81
83 94 73
7 83 67
53 58 80
80 19 47
63 1 10
79 45 95
29 56 56
95 12 72
3 29 91
27 73 71
78 88 95
71 19 49
29 14 78
96 60 79
79 49 19
84 43 31
5 94 26
47 44 52
61 67 22
73 95 84
52 75 6
11 35 99
96 38 75
68 89 53
80 28 60
60 46 34
85 98 73
57 41 11
41 54 62
31 68 31
7 25 93
16 47 95
90 27 2
7 10 7
84 0 24
29 15 7
44 28 50
63 89 56
50 75 29
5 65 4
72 68 77
14 41 61
5 10 67
32 51 20
25 87 34
17 97 48
79 74 69
12 10 23
69 73 87
81 41 13
94 12 92
80 96 90
58 95 13
80 96 40
33 43 89
70 43 74
68 51 48
35 89 93
12 85 94
93 99 17
20 31 43
5 55 62
2 45 39
25 27 53
63 36 82
9 4 97
50 16 87
11 84 4
17 40 1
35 5 95
64 55 67
21 5 8
48 81 95
50 61 18
26 10 42
81 0 42
41 42 39
50 56 12
15 26 99
85 79 51
58 11 42
86 15 76
15 10 92
54 86 58
45 48 38
66 21 38
1 52 83
87 83 32
36 83 19
77 40 12
19 72 23
38 99 94
54 24 41
93 58 7
48 89 93
98 47 8
11 0 34
69 20 88
97 2 53
23 20 20
73 61 46
37 59 19
53 84 89
94 24 67
43 35 85
82 30 63
78 10 20
33 71 69
79 55 8
97 87 40
22 81 52
48 49 68
40 71 81
92 40 62
54 19 98
55 85 5
77 24 33
79 50 3
27 18 87
27 39 11
13 23 76
33 46 68
83 24 46
36 11 1
23 46 41
9 21 6
23 52 35
9 15 11
26 98 71
9 18 3
63 29 75
0 51 46
48 19 92
34 54 32
90 73 50
41 56 9
37 96 100
5 64 85
57 87 74
49 91 68
43 53 82
24 23 57
87 29 36
27 20 55
3 99 55
97 86 22
91 11 23
18 12 69
5 99 88
29 94 56
38 32 93
7 21 19
40 98 48
7 72 65
87 93 85
94 14 18
38 74 80
45 10 47
79 2 72
45 9 94
24 76 23
82 57 19
22 57 45
57 45 6
65 90 65
74 50 84
36 11 26
95 84 26
84 58 37
79 58 36
91 34 60
81 35 2
95 42 90
35 61 80
30 25 4
45 84 65
73 28 2
11 42 12
42 18 41
83 51 88
40 77 44
18 82 8
6 4 8
51 70 81
13 97 51
19 97 51
28 98 70
98 31 11
4 98 98
44 9 59
70 87 9
63 36 32
52 69 73
32 68 2
55 12 26
74 66 43
28 18 69
24 6 60
69 52 13
80 84 56
53 46 28
11 95 94
47 11 46
80 23 30
84 28 55
95 42 11
41 7 45
11 63 59
0 66 12
36 97 1
60 95 84
24 5 51
92 2 73
93 9 43
97 26 68
52 76 43
58 42 76
58 24 27
83 9 88
92 30 29
68 88 2
37 79 12
28 29 69
12 11 62
29 63 27
44 42 5
69 19 56
81 25 99
36 15 43
91 43 97
41 9 81
59 67 89
1 59 22
67 22 42
96 43 24
17 68 47
13 46 50
16 11 96
49 72 62
42 41 75
68 11 1
90 14 49
46 0 34
45 55 46
83 35 23
59 8 84
45 6 68
4 67 49
56 81 2
71 59 51
76 13 19
71 60 58
57 88 50
1 15 69
34 87 47
68 26 47
28 22 61
97 92 72
52 35 29
31 93 97
49 53 63
56 62 72
92 78 3
32 93 96
27 48 95
45 12 74
16 54 16
88 42 87
18 60 33
58 89 36
7 3 88
6 8 56
26 0 29
63 60 99
94 62 42
86 40 27
56 30 1
73 6 82
81 83 91
53 39 88
86 32 30
4 19 9
71 30 16
97 68 7
80 63 21
51 34 71
75 3 56
23 69 7
43 68 68
65 6 52
1 52 3
95 78 51
94 49 61
10 81 84
93 43 83
51 78 97
76 35 89
99 85 85
77 49 88
65 88 5
34 86 54
23 91 19
63 62 96
67 10 51
49 57 62
4 89 43
25 99 61
33 81 56
85 32 19
54 6 34
74 7 54
14 0 31
80 37 28
59 11 68
59 45 10
23 7 64
45 92 66
75 78 61
44 27 92
53 60 51
81 15 8
75 60 76
86 8 45
34 66 71
69 33 58
29 54 91
56 84 28
13 2 57
34 73 85
18 88 87
29 3 79
67 58 64
10 52 63
18 25 13
12 95 23
69 10 82
97 81 19
81 11 25
96 87 30
76 90 39
76 86 32
71 55 11
72 12 29
75 30 39
10 72 59
61 89 76
14 58 61
97 28 57
20 67 35
34 13 44
96 88 47
59 96 18
70 31 52
82 38 79
24 53 40
64 54 14
0 47 88
18 69 6
66 53 19
16 25 24
15 25 13
43 99 100
93 49 30
63 37 17
15 11 58
96 4 69
19 63 48
25 59 64
6 53 46
58 23 33
73 88 49
19 66 94
46 23 34
79 90 42
25 87 36
0 69 43
1 58 87
10 51 53
43 40 66
62 48 42
20 0 43
71 22 84
28 78 64
51 79 8
43 66 33
39 7 3
92 51 39
73 49 28
56 38 52
88 28 72
99 10 5
2 79 12
99 77 5
56 80 72
94 14 63
36 73 13
15 29 58
75 39 71
71 74 58
37 27 26
81 89 87
2 56 96
65 69 6
68 49 42
63 15 16
98 25 67
92 97 11
49 21 51
92 67 1
67 62 16
2 43 60
79 18 26
23 99 21
51 86 89
60 30 97
7 94 62
99 41 34
46 48 3
36 57 82
92 0 18
32 54 3
72 29 54
70 67 3
54 52 72
88 49 76
58 44 36
67 30 68
28 41 50
26 76 91
26 74 97
72 52 92
79 21 99
97 64 23
71 44 85
85 31 38
9 72 87
14 34 54
85 95 73
35 56 13
7 46 96
3 47 76
90 82 75
4 79 7
83 99 99
71 40 11
33 16 42
98 10 68
54 73 35
90 87 60
40 85 7
85 23 65
70 54 86
38 75 3
5 19 88
76 55 88
84 48 45
52 55 71
17 50 26
95 74 29
92 65 97
14 75 12
50 53 21
79 45 99
2 80 56
22 43 54
4 37 55
35 12 36
38 55 9
48 17 56
7 88 49
30 65 43
76 60 78
10 69 1
63 86 72
43 85 31
83 98 35
17 36 24
90 28 72
49 58 58
44 56 56
76 18 34
63 10 100
68 62 68
98 97 80
36 30 70
16 51 41
4 20 19
96 3 65
66 29 13
53 8 16
88 13 4
91 78 30
41 82 39
66 93 75
56 33 31
38 62 15
9 61 7
52 16 88
49 60 100
16 41 12
29 26 74
97 98 99
28 12 35
23 14 35
26 43 65
84 77 17
17 28 40
16 39 21
53 23 13
58 61 100
84 65 54
88 47 19
59 8 28
86 67 12
73 87 98
97 21 8
29 89 24
68 29 43
32 50 64
10 34 88
20 22 38
16 84 13
80 66 28
28 12 25
97 18 36
25 16 19
24 22 61
82 86 74
24 33 77
93 42 6
86 38 24
59 62 82
39 47 67
41 93 100
93 73 97
28 0 71
25 35 65
54 68 8
25 27 63
40 95 19
89 2 55
70 92 61
15 97 63
71 79 32
18 99 51
74 96 9
53 83 88
63 22 11
66 84 82
70 50 49
77 48 28
51 59 38
43 63 48
19 64 2
70 24 90
26 53 96
77 63 57
93 40 83
81 15 15
24 92 63
65 95 66
92 44 34
78 6 4
84 3 29
63 97 64
28 86 69
35 31 91
1 47 83
92 81 88
69 48 65
32 67 79
15 43 46
83 28 62
73 88 38
55 65 39
10 31 55
35 39 43
93 17 62
16 23 35
5 19 33
80 43 42
50 79 74
92 98 60
94 18 16
24 70 34
35 62 92
9 40 54
15 53 65
61 41 90
38 75 67
2 62 29
87 24 48
4 77 81
31 99 93
93 43 97
5 37 35
95 3 75
41 37 33
84 57 84
90 63 17
4 96 62
69 95 56
96 88 98
80 94 88
56 48 4
89 94 36
32 16 99
4 83 49
40 6 91
54 72 98
5 42 52
12 44 48
75 32 87
46 86 34
53 91 71
4 30 85
45 57 51
58 38 5
62 81 97
88 0 25
8 11 75
43 78 90
48 11 71
76 44 53
39 61 99
89 37 22
39 92 58
27 10 49
49 34 17
49 23 64
53 39 67
45 36 9
60 81 66
44 9 97
15 43 94
84 77 35
84 96 79
26 98 86
96 54 34
98 50 100
12 10 27
67 84 67
90 40 39
85 82 28
27 57 77
50 95 54
41 14 46
0 19 78
41 46 58
47 39 73
54 48 45
22 78 53
20 26 24
75 39 41
40 84 55
14 29 46
5 41 63
8 62 26
74 82 94
82 4 22
59 53 74
11 86 52
18 58 92
9 17 67
35 32 55
96 60 96
3 89 36
12 45 55
99 11 33
20 22 92
71 43 98
51 92 98
62 45 98
96 92 4
43 20 35
30 25 94
82 96 16
53 22 58
18 71 51
66 91 32
88 71 80
16 84 81
29 13 61
63 24 25
53 72 62
86 73 26
9 88 49
33 79 79
5 29 69
58 13 76
24 72 17
59 78 75
37 47 75
71 5 87
58 76 61
13 39 20
54 6 2
48 61 16
45 87 25
19 0 90
1 0 97
46 61 23
20 27 25
20 69 68
76 69 69
62 22 93
96 83 29
77 69 68
66 40 16
32 80 30
57 46 59
71 53 67
35 93 5
48 25 80
36 23 30
13 22 45
27 11 71
27 32 26
86 16 53
6 3 23
72 65 88
90 96 60
21 43 68
40 11 14
95 68 10
8 33 39
47 51 99
89 76 55
0 31 72
34 40 73
71 92 81
99 40 15
11 56 71
5 64 51
16 22 81
36 34 77
34 91 12
99 25 91
14 77 84
11 93 84
73 78 90
91 92 65
9 92 95
26 45 90
22 16 65
71 26 38
57 98 15
89 39 57
82 63 89
87 53 65
20 9 23
84 4 47
57 12 50
73 98 59
59 34 82
82 74 77
50 9 61
19 5 45
87 66 67
62 26 26
58 15 20
10 42 92
63 89 55
55 94 37
31 58 48
17 82 88
83 33 100
19 42 15
89 31 91
65 33 6
84 45 48
32 35 61
22 17 37
29 27 85
84 75 9
24 88 6
60 24 99
73 63 32
90 64 45
99 60 66
50 94 83
18 83 11
87 44 59
80 22 62
25 48 21
33 43 72
48 58 100
1 72 67
44 57 11
32 46 53
27 10 43
23 9 70
47 30 52
94 17 84
24 34 84
22 13 43
74 83 70
81 72 54
93 66 68
46 85 63
49 81 57
15 53 16
11 24 66
72 41 47
5 18 29
67 81 45
96 65 99
76 45 38
85 65 85
51 43 93
91 79 20
75 69 31
15 23 2
31 83 20
26 23 97
77 49 13
59 15 62
43 94 23
43 15 13
49 89 64
42 17 9
46 15 31
98 81 13
77 99 78
17 96 30
79 23 69
7 54 75
2 83 22
36 42 96
86 85 81
5 87 3
60 63 52
65 77 44
25 19 100
1 58 90
71 11 82
41 88 15
24 17 36
86 13 51
70 8 92
70 79 49
27 40 18
46 23 27
13 34 55
25 43 69
23 49 68
75 12 41
11 98 4
24 95 92
68 25 65
92 53 62
14 21 72
80 8 89
90 49 67
38 45 91
11 90 72
32 61 4
98 22 36
59 18 29
21 42 59
57 55 83
68 86 89
20 67 59
22 13 76
2 87 14
20 74 67
40 90 55
33 75 86
4 31 74
54 76 47
38 7 87
91 2 86
51 62 84
15 93 22
65 18 46
85 7 52
9 88 100
81 76 39
72 6 75
51 40 90
84 6 33
35 39 61
12 47 47
99 79 43
99 23 45
91 55 61
77 12 95
50 93 25
29 9 98
26 0 12
72 50 89
9 71 83
9 23 57
30 74 94
46 38 11
7 30 48
7 3 11
46 26 75
32 41 42
49 91 100
25 4 58
50 17 63
88 95 25
54 94 48
59 85 61
2 82 38
7 98 10
47 63 14
17 14 7
10 89 80
58 50 55
0 99 33
30 29 47
40 68 68
58 94 15
42 12 82
29 57 33
39 90 45
72 8 23
73 65 36
35 71 54
38 15 90
10 9 76
12 10 40
36 25 77
97 90 95
59 4 22
3 95 99
85 49 29
72 31 24
31 51 55
73 48 58
72 34 67
47 56 2
71 30 55
4 60 43
47 70 90
64 63 1
73 83 91
63 52 47
6 0 23
94 43 77
52 2 73
87 63 10
70 53 71
23 60 33
98 73 46
93 0 28
7 14 51
91 97 86
11 40 85
20 69 52
85 77 45
29 16 83
28 60 4
14 91 12
26 30 62
1 37 12
18 25 40
98 86 4
40 37 52
85 72 8
11 31 76
50 17 30
29 65 44
78 84 65
98 14 21
12 78 35
23 64 18
21 90 35
31 7 53
44 15 21
42 74 86
71 35 73
87 17 76
9 27 78
32 76 65
59 24 73
25 65 43
23 80 47
83 52 79
77 41 90
84 11 21
12 86 66
17 18 73
16 32 40
11 56 59
5 37 93
41 54 6
44 64 74
26 81 31
73 24 51
18 91 39
16 25 88
62 83 66
57 22 77
74 77 64
71 11 20
65 38 96
7 19 14
66 34 46
38 4 15
20 1 73
43 53 65
5 70 59
88 6 21
94 91 81
84 8 80
87 91 5
57 42 94
86 63 12
1 36 89
67 13 59
62 70 73
21 86 37
21 13 33
61 76 53
58 74 86
41 62 46
65 17 13
18 17 3
43 80 7
86 29 46
16 87 90
77 47 70
20 18 28
40 4 18
4 16 78
93 86 12
70 66 25
58 9 24
20 28 24
21 83 13
99 41 82
78 35 30
39 27 97
72 34 11
30 35 90
62 31 40
61 17 28
18 93 46
98 22 61
91 33 82
1 79 8
3 2 9
31 70 83
5 63 54
89 59 98
51 95 39
10 82 89
39 27 57
63 80 57
42 14 41
21 69 91
17 84 28
61 44 62
15 20 9
89 96 73
16 66 25
25 87 25
16 53 87
56 1 23
41 78 100
79 6 94
9 94 96
28 17 85
11 57 45
22 73 34
91 55 77
79 67 8
23 46 36
42 69 14
28 4 26
50 89 34
5 19 6
28 25 94
42 45 25
20 99 73
22 29 23
74 28 80
92 2 65
51 58 70
89 43 44
86 28 15
88 90 23
2 8 78
11 88 21
10 95 74
42 85 13
11 3 94
51 86 19
18 76 86
62 89 66
8 75 68
62 91 29
84 64 40
42 32 14
25 81 74
81 97 39
93 39 57
27 36 78
93 2 59
21 34 42
33 65 3
51 29 56
85 66 86
48 84 82
22 71 5
96 52 6
86 30 10
82 31 52
51 27 3
96 58 17
59 45 40
22 93 86
92 47 89
49 35 70
51 43 88
12 72 22
14 35 91
95 61 76
42 2 47
0 7 100
92 97 1
4 6 80
75 98 10
30 19 14
28 96 72
68 94 67
6 20 56
20 49 45
85 51 17
53 89 81
8 9 37
80 52 38
77 50 67
67 51 76
74 79 96
37 30 96
11 70 67
74 91 62
15 63 96
79 53 73
61 76 56
67 21 86
52 14 60
49 32 24
40 64 65
83 37 57
75 35 82
48 37 42
13 20 67
81 35 43
85 92 58
42 43 67
44 49 33
4 61 46
53 85 96
18 39 59
23 48 92
81 90 9
23 11 62
57 6 60
11 16 69
75 48 54
21 89 94
49 53 48
96 68 13
92 21 89
11 91 5
25 71 71
43 77 68
84 0 85
90 88 93
80 87 91
74 70 62
57 95 26
89 83 100
40 62 93
59 92 82
1 65 45
75 82 45
60 45 13
17 50 88
93 99 4
89 9 29
51 58 75
40 0 75
8 55 77
39 42 92
36 84 71
56 88 60
56 41 66
69 95 81
1 61 10
74 1 18
29 81 88
97 86 23
71 50 59
39 49 59
46 94 9
28 81 77
93 14 66
86 72 9
85 46 25
11 25 35
74 10 21
53 22 54
48 35 51
67 37 45
18 69 80
88 90 62
26 66 41
41 8 8
8 20 19
26 56 35
65 51 34
45 71 70
69 76 83
77 41 73
21 13 36
97 10 2
84 27 74
61 15 49
62 63 63
31 62 78
39 29 72
84 8 80
27 4 84
32 4 62
56 14 43
58 96 66
90 96 61
31 10 71
8 98 75
56 22 53
89 78 41
90 42 36
73 61 31
87 56 82
3 39 55
87 68 1
34 67 45
71 28 64
85 51 12
68 45 73
84 95 64
53 99 32
56 67 78
13 78 74
17 0 68
15 92 82
43 26 1
88 91 58
16 93 71
7 46 2
98 41 33
0 8 64
77 52 10
63 31 14
9 71 33
1 71 90
46 78 92
16 82 44
44 41 91
40 41 1
35 22 47
5 27 29
91 40 95
35 13 2
24 69 65
28 80 72
93 80 9
24 15 82
29 62 53
60 76 27
58 11 9
21 32 30
75 70 72
69 87 100
1 78 45
12 18 29
48 90 35
90 98 47
3 18 79
55 83 90
45 65 58
84 57 31
41 40 55
79 67 98
11 50 57
15 28 65
79 22 11
70 27 85
6 70 67
13 59 57
75 67 47
14 54 61
8 38 49
94 83 43
50 5 80
34 14 21
24 79 69
17 48 80
32 55 87
6 26 32
66 40 93
83 29 50
44 68 15
74 16 99
47 52 72
42 94 52
10 75 48
26 5 71
91 15 86
97 79 36
61 12 32
43 73 65
54 80 60
75 43 62
38 44 87
81 30 48
29 81 42
38 95 5
0 69 35
28 89 61
69 60 90
59 45 62
19 53 95
94 52 47
42 25 63
80 45 28
91 90 36
32 56 9
47 53 80
2 46 84
14 47 42
9 25 82
52 6 27
68 19 73
50 89 8
45 64 16
58 52 52
20 21 45
80 5 79
18 9 17
6 68 3
98 45 96
30 90 10
49 90 85
86 96 94
24 43 89
64 71 36
44 61 69
10 29 69
45 34 3
50 63 72
71 62 18
63 57 8
89 16 97
83 70 48
94 25 43
50 84 18
94 38 75
58 76 64
82 11 78
82 90 64
17 76 13
94 16 94
72 27 21
46 52 61
63 92 36
83 75 20
28 47 57
30 88 22
87 21 73
3 42 54
50 40 15
27 57 65
45 35 94
76 94 63
78 68 93
69 26 58
43 7 78
54 26 98
1 74 8
8 24 26
46 59 11
33 81 9
25 43 14
74 34 84
5 9 34
91 74 11
86 25 87
48 43 95
14 73 45
23 80 8
22 18 94
40 3 81
23 64 16
7 26 25
13 58 21
65 66 26
29 80 32
69 13 6
34 65 11
3 18 27
56 54 87
58 46 92
75 95 40
55 45 83
42 77 45
1 5 87
40 18 32
95 45 5
63 20 50
15 30 67
68 24 38
89 22 92
35 77 52
2 97 76
33 83 14
89 4 62
67 82 15
79 87 20
14 71 72
95 18 24
68 82 59
11 32 64
6 83 84
36 76 71
52 31 38
96 20 88
1 72 26
35 53 20
20 43 60
6 33 94
11 38 17
47 28 36
38 17 59
74 47 94
21 76 3
7 23 54
35 91 53
54 19 67
75 59 12
58 30 97
88 89 60
47 91 58
33 64 71
1 70 22
1 64 35
25 80 1
46 35 19
74 80 44
3 73 20
97 63 86
23 3 83
87 9 32
76 95 99
93 18 82
86 71 24
36 76 44
98 65 63
41 73 65
58 70 52
78 24 78
16 36 52
22 1 24
3 85 92
77 66 17
64 40 91
9 97 55
43 87 81
14 70 37
29 21 90
97 4 85
16 54 52
50 9 41
94 86 57
53 5 90
49 20 98
30 82 11
62 82 67
53 29 40
52 51 34
76 74 63
58 91 2
12 94 73
82 94 2
14 84 9
92 17 90
64 57 100
74 82 46
31 46 85
26 72 80
78 54 71
61 67 6
60 53 1
67 50 43
17 77 58
19 61 15
61 39 30
48 92 80
98 81 55
10 58 36
21 11 31
62 86 86
26 53 38
59 9 87
71 92 80
84 26 33
21 95 88
22 48 46
63 39 11
43 59 60
58 72 15
72 62 24
37 90 93
49 52 52
99 53 21
48 81 49
85 93 11
25 57 20
51 37 59
39 28 54
45 80 12
28 32 19
39 45 48
49 85 59
32 88 4
10 80 72
27 2 95
21 99 27
59 25 8
84 20 80
66 78 98
62 95 33
82 33 49
6 36 47
81 4 66
0 8 14
53 77 66
5 10 49
50 49 80
26 64 63
25 88 97
54 53 29
36 48 98
66 92 100
68 88 39
55 2 8
76 64 58
99 87 52
54 67 92
74 50 91
6 97 9
37 6 3
95 83 49
78 10 17
50 48 73
42 86 15
70 51 62
52 72 61
50 99 24
58 59 36
6 81 11
44 1 82
77 70 100
60 8 9
32 22 5
89 19 31
42 36 50
43 87 14
18 75 62
75 8 82
84 26 33
16 39 50
77 43 14
71 55 32
3 55 30
3 44 17
15 3 9
36 84 51
10 69 32
30 57 55
17 97 7
89 13 53
92 9 85
97 93 64
44 22 18
71 36 55
98 96 74
21 51 39
76 39 70
27 61 15
75 0 33
59 25 76
38 72 58
58 83 70
91 52 20
41 92 65
67 1 15
26 39 48
39 70 47
53 71 37
6 29 8
90 61 77
52 37 38
55 97 68
29 6 40
94 92 33
31 82 60
57 77 58
79 23 13
68 37 9
29 23 92
61 93 91
84 39 97
39 36 61
92 35 79
97 8 81
87 27 23
53 71 2
59 38 55
15 18 93
94 96 31
1 65 56
98 89 36
61 76 85
24 36 76
80 35 68
83 11 94
29 70 61
89 59 25
61 84 82
98 48 7
31 74 71
6 97 52
63 48 63
5 38 51
28 68 12
37 79 83
18 15 29
23 45 90
18 48 39
21 10 35
83 77 45
20 71 81
50 77 15
74 99 26
32 48 90
53 94 24
53 70 83
21 24 54
35 78 13
58 34 61
15 41 97
14 1 43
15 99 82
1 99 88
42 8 64
96 88 79
61 15 70
30 33 32
91 0 26
50 12 42
89 47 39
69 26 32
37 26 69
68 34 1
39 85 94
68 14 12
15 42 13
59 82 64
93 64 68
69 75 49
75 5 35
79 42 72
1 62 29
24 97 12
57 79 78
50 97 99
79 17 70
27 18 95
93 16 24
13 67 91
58 49 58
15 91 81
31 39 95
6 36 19
89 44 100
16 65 22
77 1 42
78 18 17
3 52 31
70 39 27
27 13 74
87 45 100
51 73 23
82 73 73
39 61 3
18 75 41
68 31 92
51 21 12
5 11 19
21 84 50
55 52 33
97 17 33
52 13 36
29 78 62
18 58 40
94 34 70
76 13 83
40 72 72
88 42 43
23 2 70
39 45 65
68 29 46
59 86 16
75 67 31
40 98 51
48 4 24
92 41 51
13 4 4
57 99 66
17 94 60
19 74 91
66 0 42
82 57 11
18 59 4
27 79 54
64 0 71
99 27 13
7 84 96
32 62 82
9 49 68
79 34 63
26 18 87
32 53 22
18 9 78
33 2 44
2 51 41
10 12 2
95 17 56
40 80 60
18 25 32
91 32 41
32 25 20
51 52 1
22 96 32
80 38 65
65 97 35
4 42 71
5 13 48
20 22 57
47 84 91
85 46 77
72 29 2
87 38 17
79 64 8
57 81 88
59 81 11
51 44 3
89 91 67
96 95 55
30 83 73
67 3 89
70 29 100
94 66 49
46 25 61
43 53 83
67 3 23
91 70 31
66 31 54
74 31 54
11 96 70
4 72 77
5 54 92
3 10 8
99 89 73
39 28 39
42 77 46
91 67 72
44 94 94
41 83 98
43 85 71
69 82 78
10 16 84
69 65 2
63 0 64
68 24 55
65 89 73
13 68 68
15 68 71
2 86 95
98 14 60
67 70 4
29 25 55
18 66 71
47 82 61
14 22 20
13 33 45
28 81 3
19 4 31
11 7 69
4 56 39
96 91 85
58 36 75
40 69 27
94 31 48
41 92 72
21 94 13
1 49 12
23 95 44
33 88 36
27 66 44
77 12 69
82 52 86
38 82 54
79 48 55
48 56 76
19 88 68
40 5 86
24 1 74
74 91 19
92 69 78
77 95 25
51 41 6
70 32 94
51 74 87
1 75 65
1 32 18
45 4 69
87 70 14
15 23 19
75 99 100
25 46 30
60 68 61
51 52 95
96 91 12
22 60 61
89 4 44
87 71 55
73 41 4
47 27 90
46 51 33
97 80 63
19 81 48
11 94 83
86 69 8
6 89 86
69 13 96
47 15 55
23 91 18
8 80 30
48 3 13
41 5 84
32 48 95
6 15 45
10 99 53
27 58 80
49 3 93
77 42 63
63 75 72
97 77 20
4 11 48
16 27 5
59 73 56
97 28 9
35 55 95
65 42 72
5 58 12
64 73 92
30 72 13
39 66 35
32 85 34
94 15 23
57 68 66
15 5 47
93 39 90
72 37 69
47 41 41
75 20 85
53 55 99
42 50 51
76 31 28
90 67 58
49 47 37
45 4 87
13 25 26
63 96 35
60 81 61
47 35 90
14 87 96
70 59 33
81 43 38
41 93 88
51 85 43
95 15 12
99 41 1
2 20 8
89 27 95
34 76 11
89 66 92
29 36 87
21 93 30
71 9 99
62 83 70
54 24 25
31 50 7
1 89 69
10 64 79
78 76 70
53 32 33
12 10 27
27 5 24
61 89 88
49 72 20
34 93 28
80 48 23
90 10 89
17 68 83
78 61 68
28 14 77
33 98 12
55 50 17
27 46 2
23 80 17
25 55 22
6 32 7
5 18 16
2 84 1
45 38 38
4 6 62
59 92 85
17 26 66
60 58 78
1 74 90
41 83 39
50 45 83
78 25 26
21 14 54
85 52 81
49 89 24
72 98 16
90 43 77
99 67 15
20 34 9
61 44 99
36 65 5
9 61 36
28 29 97
51 29 74
68 54 18
79 22 93
43 30 20
13 73 15
44 75 69
46 22 94
39 79 63
60 12 37
40 59 21
45 36 17
30 72 27
62 58 87
47 98 49
72 1 84
64 16 43
99 72 85
67 88 59
87 5 60
39 40 70
59 1 94
94 67 6
2 85 21
79 70 26
83 71 52
21 9 89
96 23 76
98 10 86
63 80 6
79 94 38
52 68 83
42 60 21
36 77 75
15 71 65
80 25 96
52 55 76
67 46 51
79 94 14
27 52 11
38 51 68
93 68 9
6 97 83
75 3 71
76 29 9
70 91 56
47 24 47
21 65 29
6 11 87
19 53 61
96 3 52
16 35 95
1 62 82
28 39 36
98 60 30
37 48 99
3 28 99
15 47 55
87 90 65
40 54 4
93 8 70
75 50 79
71 23 96
63 26 87
88 17 70
82 21 87
15 51 25
31 83 24
76 42 94
18 20 12
77 25 11
88 14 75
77 20 38
55 91 15
73 52 26
39 17 5
88 33 90
17 42 97
77 64 65
12 90 12
47 21 48
21 51 48
81 68 57
14 3 55
13 89 99
2 30 20
25 99 82
6 93 57
25 36 17
26 72 5
0 3 49
27 83 84
21 6 78
12 97 40
89 9 37
0 53 29
3 87 39
22 21 25
65 15 83
53 85 59
76 68 58
36 79 76
33 92 77
29 45 65
90 25 7
34 90 45
82 86 46
16 59 18
48 76 84
99 59 61
63 79 60
53 2 16
44 51 51
67 35 55
70 6 54
23 51 81
96 56 58
43 58 56
16 25 86
65 69 73
90 78 72
49 63 14
72 83 8
85 21 65
91 12 54
90 32 98
82 56 66
77 13 5
48 15 59
5 81 5
81 14 59
13 76 86
21 68 34
18 40 96
26 32 53
5 68 71
50 51 39
0 27 72
56 73 39
75 20 98
72 88 53
4 35 52
90 78 37
89 54 15
64 48 75
9 82 18
40 15 78
52 35 7
41 45 67
96 81 8
61 81 59
58 79 74
2 42 89
82 61 92
76 97 16
88 98 1
9 1 33
87 2 90
88 63 80
90 50 76
10 78 22
93 79 52
21 32 36
15 19 84
92 0 46
54 13 61
2 53 52
57 51 10
4 39 32
66 87 95
52 3 94
67 43 55
51 40 94
31 14 45
29 32 69
74 23 40
68 44 51
84 2 85
50 67 6
43 23 71
37 10 8
8 89 9
36 92 99
94 79 74
42 50 35
92 93 10
7 32 23
99 90 92
22 54 28
45 57 44
34 18 34
30 38 6
89 18 41
64 8 61
82 13 28
89 34 47
17 78 94
68 30 54
75 93 83
58 40 68
80 39 43
39 35 35
53 52 95
80 75 23
52 83 99
74 50 3
7 50 47
13 82 52
16 28 25
3 76 46
56 6 41
86 87 89
79 77 65
80 35 7
8 40 89
19 11 31
7 43 88
57 2 35
44 37 86
30 98 89
98 59 97
68 30 100
83 54 10
8 83 78
76 4 89
29 90 73
85 12 85
86 74 44
49 89 26
32 74 34
29 26 36
42 66 89
85 96 21
65 75 55
87 86 24
54 91 96
93 33 76
67 39 90
18 51 38
24 33 59
24 8 30
86 59 29
52 57 30
6 39 15
58 1 19
29 94 80
99 8 13
5 29 81
48 24 14
7 43 70
12 66 86
32 77 44
21 60 39
90 29 68
90 22 21
9 2 80
9 15 29
11 19 32
41 38 8
75 78 68
19 56 83
48 32 97
48 73 35
60 41 47
96 48 67
91 59 14
6 22 54
86 58 66
27 38 40
49 56 62
58 11 57
86 35 42
69 38 64
44 6 96
95 62 83
88 94 96
21 5 37
2 1 44
74 34 56
70 39 87
29 19 5
18 88 70
99 88 77
0 41 97
24 17 67
56 84 78
87 80 44
45 39 19
89 51 45
14 25 88
32 4 38
77 62 74
79 94 70
58 38 100
77 29 52
60 67 26
32 65 64
36 81 77
30 89 86
35 40 24
22 0 68
96 90 73
70 92 84
36 81 99
50 61 72
73 95 83
40 21 30
11 60 7
78 9 88
70 26 25
42 53 15
76 89 52
1 49 34
85 33 93
20 93 99
81 56 8
65 62 94
55 73 80
7 54 68
32 43 3
26 67 86
38 30 84
40 83 59
97 36 58
21 81 58
98 82 78
34 66 68
66 47 36
64 28 37
87 66 30
12 28 35
22 42 73
80 26 41
52 29 65
36 71 66
72 4 64
82 9 79
56 66 55
54 68 25
19 72 49
78 71 50
57 67 29
23 55 89
0 17 88
94 95 59
67 27 99
45 89 67
14 6 86
4 41 8
35 36 37
89 45 24
82 71 62
82 30 30
71 83 79
4 63 35
98 50 35
60 2 21
44 81 98
36 85 28
56 59 77
92 2 22
18 61 37
57 79 100
78 80 38
3 26 64
10 96 66
36 19 25
12 66 68
8 16 81
68 6 23
7 83 27
23 1 44
37 59 96
52 17 70
16 71 34
79 12 6
53 20 100
2 7 78
18 23 51
72 84 40
8 32 100
11 79 62
97 9 94
79 94 17
36 59 13
63 89 63
99 55 98
99 36 44
46 8 17
15 72 10
10 65 80
69 29 70
2 37 86
74 34 84
49 90 90
16 70 25
83 70 3
45 23 79
35 6 76
78 85 73
89 95 96
82 70 70
75 0 29
84 56 69
9 11 89
19 20 29
72 86 84
4 63 32
31 93 89
47 99 99
60 34 11
22 7 71
69 8 18
80 96 12
66 28 57
80 99 53
70 6 90
14 11 86
45 26 52
11 23 36
68 97 58
10 41 3
21 39 49
44 28 60
62 50 9
68 61 100
29 89 93
66 1 39
15 49 55
8 2 64
81 9 94
8 72 83
70 55 68
46 71 29
88 60 75
41 91 15
7 75 91
56 17 7
90 88 34
5 30 65
36 17 58
59 48 11
28 53 76
71 5 50
53 54 75
65 63 77
1 16 6
32 34 14
0 27 78
29 56 96
67 79 83
73 7 60
6 30 65
88 26 83
21 36 83
69 26 71
43 26 85
56 91 65
12 71 11
81 29 64
65 35 64
28 17 88
3 71 31
60 17 43
41 24 26
67 91 59
4 0 98
68 78 69
54 25 78
39 60 89
50 75 32
15 91 16
31 74 50
53 33 17
39 20 86
93 88 15
35 23 60
34 36 67
21 70 22
26 93 49
64 23 5
18 39 2
2 46 38
56 22 12
22 47 10
30 74 33
26 57 4
87 79 74
10 76 89
53 45 49
91 83 100
32 83 27
39 60 6
6 31 44
36 40 86
4 88 76
16 10 89
76 94 35
10 93 66
89 16 77
29 33 41
71 97 98
7 93 43
65 28 27
28 92 22
15 67 9
0 68 72
15 44 52
0 37 75
9 35 84
67 73 10
23 35 82
62 43 30
2 57 63
14 76 27
98 24 91
11 17 53
64 99 44
40 6 11
22 75 43
2 76 67
59 74 35
26 48 59
49 64 37
62 65 93
80 20 88
93 8 14
13 53 32
16 61 88
17 88 64
63 47 56
56 34 62
95 76 51
33 96 81
67 97 54
30 43 54
61 64 1
82 67 52
66 45 52
57 8 5
4 16 29
22 17 83
89 45 64
62 80 47
93 4 28
5 27 68
96 87 46
34 96 23
32 25 70
24 99 95
63 96 89
54 47 32
1 30 79
7 58 17
84 14 55
99 64 95
18 88 13
76 43 50
51 71 1
11 63 35
62 66 85
42 99 22
18 21 7
24 65 11
45 33 11
83 34 48
13 26 10
31 33 63
59 49 13
48 8 2
52 43 2
82 63 78
16 9 43
73 86 48
48 49 89
48 68 67
94 39 98
99 13 17
95 35 60
26 62 24
28 98 62
24 44 46
9 38 77
72 65 86
11 91 49
93 23 34
89 29 77
18 58 79
49 59 25
43 33 15
99 93 22
83 63 100
70 80 96
75 29 6
81 57 45
55 83 70
35 55 34
29 71 32
5 54 73
25 65 80
85 49 79
40 51 17
82 45 23
63 36 16
92 14 5
84 4 62
59 58 8
6 40 43
63 58 94
27 68 91
34 38 25
63 56 40
29 43 59
65 74 44
84 98 22
11 24 68
41 88 21
55 89 12
2 72 77
91 11 15
47 21 71
67 92 81
24 59 69
71 19 86
6 42 13
73 39 2
42 66 95
20 1 33
18 6 60
74 58 39
66 49 18
47 7 6
47 44 84
18 60 15
25 79 13
42 84 48
75 79 56
40 16 94
86 33 10
18 47 70
70 23 52
86 15 76
20 93 25
71 88 4
28 52 1
32 37 38
30 8 94
30 1 16
69 8 9
35 67 25
22 93 31
18 85 38
25 2 33
11 7 2
95 78 98
42 35 93
6 25 49
33 68 43
5 9 60
39 38 50
68 47 36
50 92 76
24 20 16
3 5 31
92 98 34
8 27 25
64 23 91
60 6 37
93 10 43
23 92 16
92 23 28
40 88 96
31 82 22
57 28 84
77 15 56
46 13 29
81 61 70
32 1 49
87 52 4
50 37 43
4 63 87
81 46 24
38 31 28
47 0 82
61 5 64
96 85 77
66 4 58
12 92 72
51 15 39
55 40 5
26 8 51
75 16 51
14 17 54
60 34 51
19 13 39
37 8 9
51 21 27
63 2 96
15 40 92
39 41 66
88 91 7
69 58 28
17 84 100
25 46 4
43 92 90
30 85 71
54 5 78
69 35 66
79 1 50
58 86 9
17 27 90
96 53 63
50 15 97
11 3 50
18 70 19
66 73 12
97 7 91
57 94 43
88 52 61
70 76 63
89 33 91
10 40 22
7 75 20
18 56 32
34 7 71
39 38 58
81 40 70
1 32 41
95 29 83
47 94 22
39 98 12
80 32 34
74 18 91
25 52 11
88 61 45
13 32 7
67 50 21
83 53 26
12 31 78
79 24 6
9 35 34
93 16 40
13 41 18
6 81 34
81 82 75
85 16 73
63 72 62
32 59 73
9 83 3
52 46 11
7 51 86
84 46 50
21 93 96
5 30 96
4 49 24
67 62 67
20 68 100
7 69 8
69 72 49
2 51 49
82 52 71
68 29 57
90 65 98
18 3 31
5 95 8
18 41 13
29 16 80
4 33 77
23 11 8
63 88 53
6 68 37
5 66 46
7 30 79
93 69 40
4 12 63
38 50 26
28 21 100
80 96 91
83 44 91
17 73 1
71 27 48
34 88 36
59 54 58
55 12 78
24 34 64
53 81 95
58 4 24
18 16 27
49 60 12
77 86 1
54 76 15
8 86 77
99 44 46
54 29 92
14 93 75
18 12 89
46 25 26
65 90 25
51 93 49
95 23 17
31 88 88
22 69 56
7 20 33
24 39 14
57 54 68
0 28 17
94 99 93
24 37 27
70 89 78
66 54 43
53 70 19
74 16 44
57 15 63
32 95 70
13 8 91
68 95 89
89 54 15
2 33 100
97 37 67
68 34 41
60 11 17
61 75 50
24 62 21
65 88 99
73 1 10
43 76 69
74 76 75
71 16 35
95 34 2
89 91 19
37 68 93
92 97 100
49 13 41
44 95 22
99 44 35
39 97 50
91 27 13
12 70 68
27 83 81
96 45 58
32 65 96
1 71 39
50 6 17
62 92 69
13 35 62
13 96 72
14 98 72
9 53 85
61 83 25
40 6 32
21 67 70
84 83 49
24 57 22
16 33 30
67 35 45
99 9 37
93 90 4
55 0 15
26 13 57
21 99 99
78 33 23
10 67 40
35 96 94
0 60 72
55 25 79
28 55 37
71 91 70
11 13 81
90 49 51
73 46 100
27 48 13
22 27 22
93 54 30
94 65 94
37 69 39
22 49 57
81 24 36
65 11 75
20 80 14
72 81 38
76 29 18
2 96 49
11 70 65
30 81 99
96 38 80
73 23 34
15 95 29
73 46 55
67 20 100
16 0 46
91 49 18
46 97 99
50 25 53
40 43 99
20 59 90
56 74 87
37 92 42
68 34 100
34 65 95
83 19 44
73 24 49
77 46 58
78 17 91
23 62 44
94 15 43
9 33 76
79 54 98
85 83 76
8 60 54
20 51 42
88 22 71
83 8 38
33 45 66
9 0 24
99 71 27
56 71 22
61 94 49
56 14 17
52 1 92
70 38 83
23 66 26
48 8 73
60 46 6
71 46 79
71 92 81
11 39 85
18 7 60
26 91 36
48 79 50
34 13 91
45 3 70
8 71 67
59 89 60
98 79 6
0 56 30
57 58 82
59 78 44
98 12 48
19 21 33
80 90 62
63 48 59
99 81 78
94 95 45
60 33 31
46 58 29
45 40 94
92 48 37
83 12 31
84 69 24
45 82 48
2 62 85
76 6 83
56 24 70
44 25 74
70 47 40
14 38 65
6 1 99
32 26 22
7 88 92
80 74 84
24 90 55
50 70 22
19 32 6
74 57 77
98 30 83
39 4 47
61 39 82
53 96 46
80 71 30
8 61 56
61 3 13
63 65 98
12 48 48
17 65 27
61 28 46
29 41 60
60 5 79
14 34 89
62 55 23
14 57 50
74 40 78
33 22 22
57 6 79
45 1 24
32 79 21
21 79 57
0 84 12
68 6 26
4 52 47
41 40 57
72 65 50
47 89 26
68 55 71
51 24 41
12 43 57
77 67 95
60 61 21
11 69 34
63 34 12
75 95 53
79 82 29
32 22 27
71 81 10
74 88 1
77 11 91
74 18 24
97 15 41
90 21 15
14 92 62
54 26 49
43 38 83
54 61 34
69 75 28
95 64 2
58 79 44
91 83 52
86 51 94
90 82 38
72 50 15
21 50 54
81 66 88
66 62 3
18 16 11
13 34 23
10 45 24
47 9 37
91 42 35
49 57 88
5 10 42
73 95 84
72 79 41
65 68 71
19 34 6
20 9 94
91 67 53
70 88 90
2 91 78
72 67 91
49 75 68
26 10 32
46 94 58
38 59 26
48 58 21
41 67 26
56 39 82
24 21 32
77 13 74
73 81 97
32 19 39
26 93 12
34 45 7
97 35 13
42 3 46
46 79 6
80 23 6
35 20 100
46 42 63
30 2 15
36 81 31
63 4 81
89 56 51
7 73 46
44 25 91
1 35 24
80 78 45
41 10 22
85 32 91
43 39 63
73 51 38
70 12 4
7 8 38
64 80 68
68 5 27
59 29 97
29 99 22
37 87 45
29 34 20
25 14 4
32 91 43
42 85 53
4 10 32
71 0 94
75 47 15
54 98 86
61 33 76
97 8 83
33 0 2
8 71 37
34 14 21
77 5 93
43 37 24
9 96 42
22 46 14
50 61 44
81 70 58
10 26 27
69 92 43
25 26 57
96 24 42
71 21 3
63 18 44
48 84 60
10 70 4
75 70 37
30 53 62
71 85 37
89 16 91
11 53 84
12 54 7
98 68 19
54 32 24
94 58 87
37 25 77
85 36 65
2 10 33
15 42 77
22 48 42
66 25 41
48 61 5
47 42 65
23 5 23
21 56 83
92 33 96
50 52 16
99 40 99
62 4 23
34 16 43
16 65 13
38 71 70
76 52 54
71 0 19
5 58 72
49 8 56
27 49 68
12 40 95
25 46 28
6 26 1
36 99 83
25 11 7
7 66 73
14 53 67
62 12 81
54 86 4
30 93 20
68 28 2
44 40 75
21 90 46
90 68 86
27 44 91
82 9 78
41 13 62
32 62 97
5 18 88
80 23 63
22 54 85
8 99 20
73 47 84
65 10 3
93 52 5
40 3 30
87 72 16
38 57 89
3 48 92
82 91 80
9 26 74
87 24 40
35 28 90
4 45 24
37 99 38
92 61 14
5 56 28
89 56 17
54 55 95
5 60 98
30 92 99
24 70 19
61 54 44
88 8 66
62 88 18
69 38 33
7 2 48
32 66 76
68 55 90
35 62 57
8 14 99
3 37 31
22 71 76
17 84 32
11 22 75
89 59 96
53 79 65
81 61 85
28 7 100
95 56 7
72 31 14
90 34 89
14 95 29
79 26 64
57 49 57
51 82 17
87 25 4
38 61 66
20 84 29
8 65 97
1 34 80
4 53 98
70 18 42
39 44 14
85 36 17
21 93 69
73 43 25
64 22 58
39 53 52
37 7 36
66 25 68
53 19 80
32 69 30
74 62 98
59 41 41
22 84 33
65 5 33
66 39 9
63 71 98
67 35 95
32 80 50
31 6 7
17 70 73
61 57 97
86 43 86
55 45 75
72 51 25
67 2 77
68 92 71
66 75 51
35 67 89
82 56 19
18 12 29
3 99 20
20 0 84
36 32 47
54 6 4
54 52 64
77 30 90
46 48 30
26 20 85
15 45 2
66 43 78
5 89 38
27 23 30
11 84 64
23 59 55
84 39 37
29 0 30
54 74 90
34 59 64
48 30 54
66 57 28
74 40 8
0 64 75
94 73 14
79 39 21
26 30 52
97 68 3
1 80 81
64 18 4
66 92 47
80 85 90
49 44 78
65 71 54
13 68 95
14 21 46
66 4 2
16 80 39
96 36 49
87 55 7
80 9 45
99 63 27
24 45 72
42 46 68
16 79 48
92 88 98
55 77 41
62 88 76
29 30 36
77 27 54
36 77 98
50 3 4
21 41 6
78 68 62
44 84 39
94 12 12
99 33 72
77 11 95
13 45 28
89 49 43
30 26 72
21 23 8
86 12 57
91 73 23
16 60 36
19 26 72
73 60 15
60 50 77
38 93 10
78 94 28
34 40 45
7 31 74
15 52 50
18 3 27
72 30 32
81 68 9
99 96 39
75 81 57
87 66 11
53 87 8
17 3 59
97 5 16
81 45 2
5 1 74
50 70 34
80 32 27
69 27 86
43 98 87
55 98 70
16 21 5
85 67 31
42 38 51
66 14 57
14 65 58
0 97 59
1 65 81
81 28 29
44 29 69
62 10 75
14 18 89
63 82 57
11 80 97
85 24 67
97 53 21
87 65 65
19 62 26
84 45 58
63 55 12
63 73 58
94 64 8
10 3 19
61 56 36
74 21 51
69 2 84
56 2 80
53 31 58
90 78 55
76 39 95
4 80 34
60 89 93
87 59 96
41 89 48
40 78 95
52 11 56
24 68 62
24 1 70
91 12 64
86 26 98
4 34 11
83 73 30
83 32 42
88 70 51
89 51 34
5 30 99
75 45 40
96 27 60
53 16 60
28 97 52
16 74 78
32 81 25
91 26 15
43 51 16
48 38 1
38 2 56
19 79 28
2 41 28
59 27 15
44 27 50
54 92 99
14 16 14
82 43 7
85 68 97
53 27 17
70 50 23
45 12 70
27 81 77
90 22 29
87 98 100
52 40 58
57 78 8
86 52 96
28 78 70
70 64 32
30 90 9
65 61 84
18 48 90
39 49 43
89 43 41
91 34 33
7 3 37
1 19 61
94 64 21
18 59 8
81 66 27
37 88 63
35 66 65
51 91 36
2 26 13
73 43 45
61 95 11
89 6 10
19 92 75
13 79 18
88 12 100
76 68 10
92 26 80
27 53 44
83 17 27
95 47 28
60 3 11
21 49 80
6 67 47
69 11 9
4 45 50
11 24 65
44 53 72
16 44 43
19 70 79
63 76 92
59 9 60
65 63 80
85 77 69
2 95 28
21 53 39
46 86 14
70 46 60
11 77 65
1 86 11
95 61 17
51 66 9
52 80 80
64 2 42
8 30 19
20 73 49
89 41 9
90 94 12
81 36 42
73 82 29
16 73 29
70 50 13
77 28 44
43 69 18
71 42 32
2 44 73
24 61 83
98 84 58
73 1 23
54 37 8
83 26 28
26 67 63
32 61 83
61 3 93
78 50 53
95 10 5
24 6 10
58 65 45
69 65 39
42 29 76
33 68 55
6 49 64
53 34 19
94 8 77
63 6 17
84 15 77
50 49 2
59 77 6
7 76 12
76 55 100
38 31 8
91 75 79
98 85 23
93 24 63
4 28 9
55 25 67
42 58 51
61 28 65
3 21 23
97 83 76
21 16 21
80 85 81
99 67 80
49 77 96
22 9 93
78 18 87
70 0 12
36 82 13
16 19 35
82 32 32
84 53 20
49 45 8
69 32 33
16 20 6
4 68 21
15 39 75
8 82 63
58 12 12
10 41 79
73 65 53
43 67 11
87 2 95
47 61 98
95 73 35
84 98 94
96 58 18
9 15 39
21 31 73
11 58 12
41 97 19
97 68 98
0 57 38
29 47 32
41 12 36
87 29 100
4 37 57
92 87 80
74 22 42
27 6 76
89 24 33
82 62 87
28 68 20
18 42 87
20 0 40
49 90 65
56 10 88
56 3 91
36 91 84
77 23 64
81 92 50
45 29 21
89 43 87
38 55 93
31 57 98
8 11 67
4 98 49
61 82 50
60 76 69
95 53 54
67 99 5
81 97 24
81 4 15
18 57 38
45 23 29
35 37 82
69 98 33
0 33 96
11 5 22
82 84 28
45 50 82
98 58 69
54 25 80
98 67 42
29 39 16
52 68 24
22 76 39
1 18 76
26 37 17
96 29 29
3 54 28
91 89 51
57 56 96
11 0 42
22 97 75
27 16 6
68 22 43
1 36 35
63 1 37
82 67 59
41 50 50
84 70 58
67 45 54
81 69 90
8 89 18
93 24 17
17 28 61
76 90 72
41 95 19
25 23 76
62 51 68
17 23 82
7 75 24
16 48 91
2 20 52
47 54 36
60 16 90
81 67 53
34 91 53
3 28 24
74 59 84
46 29 72
4 85 11
54 0 7
79 9 18
55 56 12
98 29 25
58 61 16
94 2 51
53 37 63
44 12 47
47 84 5
13 45 66
1 74 34
68 73 52
97 63 63
28 88 2
88 94 95
63 1 73
91 82 58
64 96 43
27 15 55
18 25 86
56 49 93
4 37 90
27 75 23
94 10 51
66 75 77
65 15 51
10 59 88
74 35 74
93 3 33
80 33 70
85 88 31
25 35 12
69 24 26
31 32 7
18 19 44
8 9 50
15 31 88
93 25 59
6 49 90
94 99 43
4 29 53
70 40 1
24 97 39
70 27 68
3 82 71
99 20 97
26 10 86
65 70 7
38 78 49
91 4 85
33 41 18
34 85 89
95 42 6
92 64 70
17 31 72
46 54 62
20 95 37
77 65 58
58 91 98
73 59 79
10 36 58
48 55 44
13 84 26
0 5 13
50 18 79
95 44 52
95 83 29
33 75 1
19 90 76
20 35 86
83 40 60
42 83 29
80 78 49
56 76 42
69 94 57
41 95 45
6 24 93
78 95 26
39 65 52
92 42 78
59 84 23
45 3 100
24 60 81
45 25 24
94 1 13
86 87 63
12 65 95
1 17 62
62 33 81
67 69 85
18 41 75
16 94 76
46 98 4
70 77 47
30 61 34
77 38 21
63 45 42
22 58 72
98 62 9
39 21 11
85 41 76
69 71 16
69 59 18
80 24 72
0 31 46
26 35 42
99 79 28
77 14 96
15 6 41
45 71 37
55 54 96
3 42 5
35 42 17
86 14 93
55 30 8
69 51 39
90 67 37
20 24 21
58 28 78
88 34 81
11 97 87
47 59 96
1 15 78
33 86 84
6 70 86
77 58 62
32 9 25
90 11 75
13 68 71
37 16 9
32 89 46
8 65 15
70 49 47
58 14 85
22 18 30
59 17 90
16 1 36
88 15 8
59 98 12
59 30 24
1 23 16
36 40 95
74 46 51
27 73 34
42 39 80
71 80 15
95 38 31
94 46 95
78 16 98
68 9 88
81 4 87
47 58 24
81 71 100
90 56 5
16 63 1
50 90 31
93 56 41
83 35 24
99 51 86
12 43 16
88 97 86
86 20 72
33 60 61
82 49 13
56 97 46
53 36 21
91 15 82
76 39 46
76 70 80
99 11 5
88 53 84
97 24 69
92 84 50
23 84 58
24 8 7
60 43 83
43 55 30
95 13 67
36 87 61
74 45 27
98 35 97
55 71 28
78 56 46
44 26 90
51 11 61
55 21 100
79 61 82
90 17 24
55 79 51
24 62 32
68 61 43
88 16 84
59 2 57
98 99 1
75 9 88
48 17 2
26 23 73
9 88 13
24 1 100
73 2 80
16 39 67
4 12 8
62 80 78
28 91 73
41 69 31
69 27 10
92 37 51
93 20 9
50 60 63
81 40 18
58 90 39
62 18 28
65 29 7
45 73 32
78 84 88
73 17 28
33 47 65
72 38 14
80 57 53
86 95 26
68 31 56
57 86 33
34 98 55
94 83 4
99 33 81
48 26 55
86 35 27
73 49 53
24 41 61
93 94 58
5 3 4
95 37 40
34 96 46
61 75 88
54 2 87
11 47 87
89 63 74
52 67 94
3 75 89
3 23 40
8 74 54
69 72 31
4 92 4
48 63 68
90 83 76
65 92 21
42 88 46
93 11 40
38 65 7
75 20 67
18 8 59
37 24 34
15 91 32
37 41 3
57 86 98
6 25 5
71 86 30
96 13 35
76 27 9
18 98 27
55 43 50
87 44 67
17 69 38
7 78 91
88 91 94
78 64 90
73 28 97
91 73 18
17 12 65
1 96 69
52 54 79
4 55 74
38 77 93
44 25 89
95 78 65
58 37 70
33 98 100
65 47 93
92 22 31
59 30 30
48 11 71
61 67 88
49 41 32
93 53 50
80 12 45
78 36 62
0 80 52
68 30 79
89 49 73
45 75 78
55 17 40
74 10 75
22 48 100
16 9 76
88 34 1
90 34 18
66 30 74
99 43 89
55 52 81
49 32 22
25 64 95
76 21 55
51 44 3
57 92 23
86 39 47
74 80 68
72 11 22
30 7 67
39 68 3
66 12 71
68 66 44
95 45 77
5 3 47
73 19 9
21 46 21
69 5 94
74 86 64
70 64 94
83 45 20
35 82 98
91 74 89
28 26 72
33 5 93
5 21 45
74 4 7
68 89 50
11 71 7
91 87 20
40 31 51
72 26 66
8 92 25
54 4 31
40 42 90
88 67 48
9 24 23
49 98 10
94 82 84
59 12 15
23 69 3
35 13 69
96 58 77
84 27 99
53 54 69
98 75 18
16 43 36
75 59 45
2 45 24
57 37 44
69 76 57
73 96 59
58 95 59
83 57 77
31 13 46
71 35 56
68 39 5
31 14 85
50 64 59
91 48 79
89 74 50
19 13 95
3 68 4
30 91 80
32 17 43
12 62 62
51 27 32
67 55 40
30 99 64
49 65 52
21 77 24
84 26 35
4 14 16
93 83 19
59 55 69
50 18 12
19 60 33
16 93 89
61 77 64
48 64 33
16 86 71
93 36 14
59 90 80
45 36 45
3 97 4
73 22 37
40 54 73
28 37 46
78 86 47
28 89 91
67 59 55
52 79 96
43 57 58
65 90 97
2 71 22
8 7 20
26 23 13
21 66 38
94 30 23
91 98 88
44 71 17
81 53 93
67 3 72
96 78 87
75 59 37
44 10 29
73 92 61
70 38 80
87 72 65
60 52 53
39 61 7
14 99 32
19 72 2
10 74 87
65 43 90
84 76 60
23 72 54
83 37 87
81 96 15
2 42 85
32 14 84
43 55 50
58 8 93
12 81 89
72 3 52
29 94 50
18 19 40
53 85 41
61 32 28
46 79 57
0 40 85
10 53 51
86 42 52
73 80 54
94 15 25
44 15 60
47 90 45
66 22 53
26 58 45
41 24 29
59 19 75
71 86 24
98 83 25
82 54 76
65 41 21
39 82 14
26 76 69
4 68 75
90 91 56
82 11 39
62 7 26
31 96 67
19 42 89
69 35 88
85 34 69
5 63 26
22 84 33
27 33 31
86 28 73
9 97 89
36 5 75
4 50 49
61 54 46
44 93 19
55 99 2
77 42 99
91 32 47
23 64 38
34 93 82
44 99 56
9 59 90
91 12 17
99 53 4
97 83 4
12 83 90
65 89 11
35 57 2
11 71 34
69 21 34
40 17 94
37 34 11
61 95 88
27 53 100
68 56 54
32 55 20
14 25 10
23 92 15
97 68 21
93 39 98
96 25 79
92 96 50
31 83 49
93 60 52
12 69 39
66 11 36
16 84 22
24 93 1
76 16 96
46 54 81
6 55 31
72 91 8
88 72 64
63 64 26
79 78 50
87 77 91
0 2 83
8 22 81
73 78 35
65 1 10
45 85 41
91 16 5
25 66 54
32 51 83
93 71 41
59 38 64
33 18 33
38 1 23
26 56 10
43 62 61
67 21 12
54 47 24
96 32 71
98 9 60
91 73 55
61 97 27
88 81 99
28 41 97
41 64 17
43 58 51
22 90 81
73 12 21
74 26 69
4 3 29
31 96 64
68 93 33
18 60 18
71 11 59
16 55 92
66 81 76
89 10 37
94 3 87
16 62 72
81 75 64
7 43 6
31 82 80
52 91 12
92 54 52
89 86 3
95 70 17
13 86 3
61 54 86
63 88 2
15 95 64
77 30 36
75 71 15
31 25 11
77 52 98
59 20 15
57 32 3
93 15 74
9 11 11
34 39 98
91 86 75
35 7 16
8 54 79
2 9 64
10 18 15
94 78 42
52 72 55
4 48 2
88 40 19
70 38 34
96 88 71
59 31 68
71 44 59
46 14 36
92 23 22
94 69 55
28 70 25
43 70 9
71 74 24
91 88 92
76 75 85
23 81 58
76 99 56
93 79 49
86 37 59
27 56 52
71 85 81
6 54 89
71 70 72
6 73 55
32 91 71
56 78 76
75 72 88
29 51 22
15 7 35
97 5 80
25 28 55
87 49 46
40 57 68
21 48 34
29 25 71
33 22 39
38 48 41
56 25 91
83 76 72
28 91 57
47 3 40
17 73 13
8 3 95
44 32 23
11 21 25
88 21 50
82 32 6
1 13 30
45 55 32
99 1 12
17 48 70
68 97 56
20 31 46
40 86 28
44 60 4
0 98 31
71 55 34
63 6 28
74 91 2
27 71 47
84 87 72
42 27 50
49 89 21
49 51 29
10 0 75
27 48 71
33 61 3
67 79 42
21 38 63
81 55 63
96 95 90
1 94 47
9 42 21
11 13 59
50 68 47
53 80 72
53 12 24
71 18 28
37 43 22
66 89 57
68 64 49
70 33 58
68 78 91
0 15 92
77 99 89
69 1 8
10 42 48
25 86 39
54 55 25
38 5 78
21 16 66
28 13 95
58 49 77
7 4 96
39 28 11
13 56 61
54 83 27
79 40 17
60 86 50
90 77 77
30 92 60
95 45 29
93 57 62
69 85 37
37 26 71
21 7 34
63 56 40
64 39 7
50 34 23
13 98 65
85 53 92
98 25 89
53 76 61
91 29 47
21 89 75
23 27 15
2 59 75
8 70 89
30 78 16
11 72 42
69 89 72
51 85 33
0 32 85
61 15 90
12 31 27
9 56 86
75 27 17
70 95 78
65 82 59
94 63 87
46 63 43
1 23 45
32 65 41
99 70 78
93 26 89
73 42 54
74 92 98
48 88 20
67 39 55
50 43 78
15 80 65
54 45 73
90 59 28
50 41 62
91 81 23
67 61 24
71 86 53
76 6 63
55 65 31
37 84 9
66 56 12
0 82 69
51 50 80
25 55 64
63 9 64
34 3 51
32 78 80
17 2 34
56 4 34
44 84 38
12 84 67
9 75 51
24 95 96
15 67 58
64 39 87
21 10 59
95 61 14
33 20 22
24 19 47
31 10 31
84 61 85
30 7 92
54 80 86
12 60 100
25 51 90
14 50 52
93 27 88
91 36 94
51 36 83
82 33 10
57 8 85
82 66 67
70 2 94
3 95 96
52 42 10
83 15 66
6 52 95
79 14 82
56 30 77
20 21 11
76 8 83
73 59 45
0 4 35
31 83 11
60 7 68
52 40 54
22 92 13
79 59 17
9 42 11
51 79 68
8 40 1
31 91 27
60 94 5
80 5 7
10 17 23
11 1 70
94 65 99
78 82 28
60 63 19
85 33 16
1 67 67
83 79 79
38 28 51
81 2 72
76 31 19
19 14 58
73 33 26
93 35 66
19 74 66
96 85 23
79 74 61
94 17 21
67 52 72
32 54 77
62 28 30
33 52 69
24 62 58
35 11 14
24 46 8
60 25 58
32 77 70
83 6 50
89 49 80
12 61 39
39 23 65
2 94 95
88 57 52
69 79 28
27 26 46
39 98 27
34 29 14
54 85 26
52 96 75
6 3 80
21 39 69
47 64 18
13 31 100
78 73 7
40 58 22
12 5 30
3 30 52
57 67 49
16 74 39
64 17 16
20 21 91
7 91 66
74 58 39
67 96 56
40 89 45
23 93 48
77 4 24
18 67 1
31 24 37
12 32 44
56 77 26
25 5 83
14 36 35
52 39 12
0 51 90
18 68 88
55 50 17
24 35 62
72 74 28
45 81 81
37 79 1
4 50 37
26 60 3
40 45 81
62 95 64
80 36 10
82 57 21
38 99 61
84 67 18
96 94 81
74 18 63
75 86 3
55 66 77
64 87 50
57 65 15
67 84 58
5 39 69
66 19 43
25 18 42
96 93 14
0 81 21
78 7 8
64 61 98
34 48 53
44 95 4
35 20 31
8 49 4
79 24 25
49 79 64
81 5 62
2 22 43
7 47 73
12 51 33
81 43 78
13 67 8
75 99 28
10 61 75
18 11 17
19 82 89
53 9 29
63 44 76
42 67 57
94 56 62
96 28 98
21 35 40
20 74 32
58 0 11
51 62 59
9 92 63
81 14 89
53 33 21
75 8 6
7 21 70
42 9 13
82 61 69
63 39 21
6 1 27
7 76 90
66 30 62
63 64 1
66 15 59
38 64 30
77 72 7
5 9 86
65 69 33
10 15 63
1 40 23
32 69 8
86 11 72
34 90 72
68 32 70
74 66 97
6 18 27
54 29 67
77 31 46
18 84 44
10 99 53
6 48 45
33 96 59
92 20 35
22 21 57
87 58 72
69 7 21
2 99 53
11 12 47
2 73 92
40 41 86
28 29 4
34 85 73
43 39 70
74 26 12
22 58 5
53 8 77
3 84 74
68 77 85
41 56 65
8 36 91
75 25 55
99 43 46
28 80 4
74 82 61
98 17 62
8 64 99
66 71 41
31 28 22
65 37 68
42 23 36
42 89 34
41 68 12
42 77 96
87 29 30
14 67 83
54 46 86
74 34 53
73 38 17
5 42 26
72 2 22
60 6 96
72 28 94
48 89 17
13 40 88
92 14 91
86 13 54
61 68 8
0 63 48
17 25 19
59 96 37
12 72 96
5 57 58
60 38 96
92 36 52
58 10 45
93 82 80
21 13 15
71 2 61
7 72 49
44 38 81
79 30 32
75 80 25
3 71 28
89 48 1
89 93 68
6 96 66
10 16 24
26 81 76
66 75 82
37 42 90
29 69 25
71 12 36
90 65 99
55 40 66
78 14 85
21 1 31
45 88 1
84 50 68
82 91 80
8 81 75
7 35 48
23 33 7
64 88 81
31 77 21
73 76 2
48 32 99
30 94 36
91 41 4
24 99 99
41 54 87
1 73 27
77 32 76
1 22 63
3 66 62
82 73 44
9 82 33
12 25 6
32 66 82
32 30 68
1 92 94
8 56 53
28 97 98
93 48 89
43 55 16
4 0 85
86 61 2
61 47 10
8 37 37
23 19 82
13 32 54
58 88 12
11 15 45
22 13 39
39 35 59
66 70 58
70 11 84
67 12 66
49 91 30
96 85 86
0 89 9
35 99 68
98 25 88
57 49 71
76 84 12
65 43 70
42 63 42
99 2 35
25 23 83
70 63 2
11 20 11
8 87 89
31 35 14
77 11 20
39 45 75
53 73 64
70 8 74
28 92 73
12 44 27
38 34 19
90 48 36
29 3 30
86 38 95
18 12 73
24 72 71
10 43 31
7 55 63
84 53 70
55 70 36
11 56 32
69 14 51
89 44 23
79 29 66
99 55 77
60 76 58
5 70 60
71 20 69
47 44 29
87 89 43
85 14 44
82 37 68
3 16 89
34 82 36
31 39 38
61 53 16
23 24 27
31 66 20
45 1 83
84 97 36
38 54 6
62 98 3
56 84 30
86 65 43
70 79 41
22 56 99
29 89 10
75 2 21
11 77 20
77 45 22
71 29 15
21 30 87
82 13 51
63 24 3
92 4 24
3 91 9
86 82 1
24 4 7
5 27 1
35 44 90
39 4 94
49 6 42
16 35 76
22 37 27
40 3 66
34 30 15
69 98 10
67 31 15
42 52 71
43 0 35
20 52 5
83 95 18
81 68 16
19 2 70
7 20 74
76 99 56
13 85 70
62 38 53
23 38 24
39 3 47
76 23 79
68 86 40
18 25 78
92 33 81
57 15 80
21 92 62
8 52 36
44 47 6
96 80 43
33 1 86
68 51 77
37 0 45
10 50 77
44 13 2
59 5 79
42 7 72
49 52 40
99 1 90
57 18 5
95 52 42
11 19 15
82 14 4
53 78 81
74 16 4
38 55 66
22 6 72
45 26 75
13 39 56
3 65 92
84 58 27
80 4 83
60 37 14
72 28 86
81 47 52
93 30 3
11 35 37
37 41 87
73 93 5
57 24 26
56 5 30
78 35 51
46 89 58
57 10 89
62 61 47
36 84 77
17 3 76
42 98 79
33 22 70
25 54 9
67 94 58
10 51 29
95 31 94
90 69 67
78 96 85
45 43 31
26 77 16
80 40 15
88 10 52
72 82 23
61 5 60
51 68 65
71 40 64
86 71 39
45 52 58
55 61 61
59 98 13
69 37 38
95 49 67
93 22 23
24 56 79
87 44 32
2 10 1
79 97 8
71 4 5
94 79 43
87 10 55
52 59 79
23 54 15
33 41 19
55 75 24
23 53 67
34 75 52
3 0 13
34 75 62
66 71 47
83 43 58
79 41 64
6 73 14
11 55 99
96 14 54
74 42 72
91 99 15
31 26 33
49 66 40
61 58 94
89 82 84
55 47 33
87 60 23
17 51 89
48 75 92
9 48 82
50 81 63
49 83 35
28 46 49
35 74 71
93 64 64
24 49 80
45 89 21
83 11 77
20 2 68
20 23 23
94 62 20
76 67 22
45 57 61
59 44 40
89 1 91
32 16 3
81 14 44
17 12 8
76 29 78
12 82 99
51 30 57
62 89 81
99 22 58
4 75 17
31 60 36
15 90 10
81 77 58
20 57 93
88 94 34
39 18 87
99 0 56
64 97 11
43 5 41
65 2 79
36 89 24
7 87 71
84 2 55
5 19 22
83 67 84
1 91 89
79 72 81
35 80 63
70 56 71
51 24 29
92 36 97
34 13 46
11 57 93
29 30 7
41 5 18
61 25 64
18 2 80
74 83 91
72 18 35
29 30 59
33 18 32
58 90 76
93 89 70
53 14 24
10 84 13
45 15 75
11 86 30
10 55 5
23 61 18
92 78 37
43 99 6
92 8 76
47 92 4
31 83 82
51 83 30
3 31 8
21 59 4
22 28 82
71 19 16
65 2 54
97 99 50
53 10 85
10 92 27
64 14 84
24 78 22
83 11 4
49 13 16
55 72 10
85 81 28
81 45 15
84 85 42
77 87 81
74 22 54
29 52 30
79 1 13
86 87 60
97 28 70
14 17 4
23 53 2
99 3 33
40 70 35
80 62 83
90 84 45
61 98 62
93 69 59
50 70 89
18 97 48
41 20 55
23 62 7
78 42 12
86 3 1
75 40 90
97 41 51
49 87 82
67 57 84
22 67 37
44 5 93
27 60 21
50 53 62
8 48 47
60 8 42
62 84 94
30 25 19
19 3 100
37 3 60
97 77 39
14 17 98
24 52 54
25 55 71
24 43 83
93 18 39
92 64 7
62 35 62
7 52 70
84 58 70
10 59 13
13 90 43
60 85 55
62 61 46
51 62 54
70 24 14
41 29 55
75 97 62
45 68 61
99 33 48
91 71 67
41 15 1
82 20 66
80 74 40
65 81 89
36 78 77
96 97 82
53 41 58
41 33 33
79 4 73
8 6 38
2 92 88
6 69 23
28 52 39
16 42 58
17 63 98
82 50 9
36 91 37
3 64 50
26 95 64
11 91 91
50 92 45
3 24 57
36 38 3
77 71 30
71 11 58
69 65 86
80 95 92
89 14 31
13 8 95
19 44 40
55 14 17
84 25 83
2 90 26
73 47 33
18 44 55
81 75 44
35 56 13
94 91 21
93 55 87
95 47 90
31 88 42
98 38 17
88 91 66
70 47 59
2 64 72
16 46 17
81 89 2
57 27 92
30 5 70
3 74 72
58 20 19
70 20 7
14 8 50
30 49 86
14 8 99
88 30 54
48 24 94
76 43 58
15 77 89
83 85 89
99 60 28
77 15 22
55 88 76
41 70 41
33 38 45
73 16 79
10 2 60
3 81 31
92 1 39
56 23 89
70 62 89
65 83 56
88 45 33
72 29 21
78 28 45
65 36 86
37 91 68
35 2 34
43 9 17
44 42 40
55 33 8
17 30 63
5 71 68
89 22 23
53 0 39
27 91 50
3 28 49
62 72 48
42 89 62
71 72 39
11 10 75
46 60 3
84 95 35
40 30 19
53 54 79
73 66 29
75 23 92
58 18 36
38 66 29
53 23 83
20 83 67
94 43 35
69 59 39
93 50 60
43 32 94
12 32 33
46 40 31
7 62 49
34 30 49
34 66 88
3 45 52
20 51 16
37 50 99
77 17 36
72 99 64
51 94 53
32 63 58
11 73 6
99 52 1
16 52 53
25 71 47
27 41 8
65 80 19
26 87 77
44 54 42
21 10 8
57 46 75
8 60 77
36 30 32
97 40 64
30 61 84
13 34 11
91 34 59
68 26 70
77 35 85
13 89 41
15 9 8
37 87 27
15 47 2
31 13 93
14 40 25
74 49 52
77 3 34
83 60 90
42 46 63
7 3 100
6 93 74
1 5 46
62 36 38
13 44 47
11 26 100
53 13 33
86 55 76
44 67 48
31 3 26
28 56 25
50 52 45
1 43 60
33 62 56
78 58 37
25 71 20
98 90 36
6 83 67
96 62 40
88 76 47
63 69 63
0 48 55
4 64 13
1 62 100
21 9 48
33 79 93
23 30 70
59 73 63
27 73 76
89 71 21
79 6 70
52 92 49
26 37 59
62 69 22
27 20 79
41 12 75
77 36 21
69 14 7
41 86 80
78 65 41
77 96 68
42 37 99
18 62 92
61 19 6
14 33 69
38 88 2
73 98 48
86 88 95
97 52 57
6 5 8
27 43 88
75 85 28
43 5 62
76 53 35
79 13 46
66 55 91
83 27 39
45 34 95
34 79 55
92 85 54
75 86 44
29 81 94
49 41 92
67 43 48
79 70 62
8 44 97
55 69 96
83 50 11
4 84 44
58 27 3
86 51 3
15 47 5
5 10 47
75 28 34
74 44 39
