29 92 69
67 35 36
83 18 54
5 39 94
39 55 21
89 98 39
35 41 30
31 40 51
10 39 14
62 81 4
14 19 91
89 65 42
8 42 29
32 91 78
93 3 68
26 14 6
7 40 37
2 97 7
22 96 27
76 67 90
90 38 85
72 38 94
63 7 29
2 61 32
54 77 76
7 77 63
54 68 57
28 68 55
80 54 8
77 40 21
61 67 37
24 98 30
70 17 83
29 49 70
71 90 98
17 3 81
43 66 49
99 77 53
80 8 74
26 12 34
54 68 65
83 32 35
46 0 17
4 56 28
60 27 81
66 26 68
68 12 1
71 36 92
56 57 25
61 4 44
60 86 9
93 62 88
98 71 85
3 11 33
9 82 95
81 19 63
4 96 29
10 51 49
30 95 76
37 43 12
23 5 94
20 60 79
15 21 34
4 86 85
95 28 17
28 84 77
43 36 5
82 26 94
79 46 42
16 22 92
66 79 42
74 65 70
37 86 89
82 40 27
20 13 3
5 57 20
98 12 1
93 35 46
27 5 22
3 6 15
29 39 39
32 48 31
23 0 12
14 79 47
41 59 18
14 34 47
3 0 66
96 9 36
4 98 33
25 35 19
80 65 92
82 85 77
70 88 53
85 65 14
70 52 59
44 89 50
15 52 25
26 55 7
10 21 97
37 83 32
91 99 72
86 29 1
24 41 31
62 47 70
40 64 51
13 81 18
65 88 3
66 11 49
46 73 17
3 15 46
73 97 53
29 44 9
50 72 40
60 88 36
48 19 17
51 35 18
52 75 97
42 71 26
95 61 74
21 50 86
28 6 79
80 34 47
58 99 69
23 74 65
45 99 1
99 28 93
37 8 91
64 6 24
50 13 98
26 12 67
48 96 54
37 90 4
81 93 83
76 73 65
5 55 72
86 46 30
21 10 97
86 71 50
96 10 61
46 79 52
16 47 12
43 18 22
96 45 63
47 73 70
35 15 56
16 44 59
62 94 48
4 18 21
55 29 85
32 1 61
91 86 92
74 67 86
48 79 10
42 25 55
12 53 75
14 25 64
1 57 10
25 91 29
41 39 33
54 63 25
98 60 97
65 39 31
18 73 1
83 17 27
46 93 10
38 0 14
40 37 64
58 84 44
90 83 3
62 86 83
33 91 79
76 97 21
38 78 61
41 23 59
77 17 76
66 5 71
15 78 72
41 31 71
43 87 2
35 48 76
10 67 45
1 38 65
65 39 60
10 77 73
53 81 83
38 26 78
44 95 98
98 20 76
73 48 12
98 24 88
73 1 94
24 80 77
11 60 1
86 36 44
89 12 72
61 16 86
46 69 24
80 27 20
92 64 23
80 8 17
32 57 30
50 23 2
38 99 36
3 21 59
61 8 65
58 51 99
55 10 24
79 49 8
77 30 10
56 21 39
82 99 59
86 20 61
49 12 75
67 65 68
13 47 72
73 61 51
38 36 64
25 30 87
3 68 37
70 73 12
46 59 5
44 52 43
14 30 11
23 76 36
12 54 94
25 45 15
21 43 61
75 1 31
3 94 74
32 93 38
71 86 83
54 11 94
3 72 37
31 59 42
87 60 67
16 62 22
55 88 45
1 5 19
39 41 49
79 62 20
49 71 24
64 99 71
94 75 67
33 37 16
75 60 70
33 83 19
89 14 27
21 97 62
23 7 48
32 22 61
79 33 64
41 83 66
99 55 3
44 22 30
83 82 85
66 95 47
46 47 79
6 44 22
11 56 21
84 18 37
37 69 8
63 31 35
11 12 42
75 98 86
33 92 5
25 64 51
13 93 13
44 9 47
14 68 19
38 21 75
95 18 8
69 13 69
57 28 18
97 49 26
77 8 51
50 58 80
15 60 41
54 78 66
52 50 14
29 6 47
24 82 23
66 57 90
10 30 77
77 87 18
11 95 25
44 91 4
52 57 99
87 67 98
0 82 30
86 20 34
32 50 40
66 60 15
77 81 14
55 97 41
47 91 85
86 39 89
18 96 71
86 67 45
83 18 30
44 2 52
91 60 65
60 7 93
59 21 51
28 78 25
32 61 68
40 75 54
13 90 53
92 16 55
49 83 60
57 86 42
45 57 56
21 5 99
52 18 90
28 4 32
55 30 2
4 69 16
8 37 7
92 21 47
34 37 16
36 6 1
43 96 55
51 29 69
18 26 35
44 49 49
22 45 52
91 73 72
37 56 83
67 27 77
88 56 2
53 14 19
44 12 34
97 21 72
83 16 70
76 19 58
96 16 49
98 96 85
85 87 70
17 47 13
51 19 43
78 96 57
9 60 90
49 63 7
23 71 98
6 43 5
58 33 65
91 14 63
13 6 87
59 53 42
76 52 17
74 60 87
58 95 39
67 38 42
17 10 45
17 53 49
28 93 27
73 90 69
45 10 46
14 45 89
76 8 8
30 44 10
6 43 76
54 85 24
18 20 70
10 69 64
2 52 86
5 18 64
47 9 14
70 23 17
3 39 89
40 18 10
74 40 21
0 46 74
1 74 51
41 74 11
88 8 72
26 51 77
40 85 83
93 15 95
40 8 53
75 88 10
69 20 51
82 56 69
69 13 26
78 81 92
74 52 21
28 97 61
86 39 22
32 47 40
87 80 56
36 28 58
88 71 6
84 63 17
20 12 42
34 83 42
36 90 31
26 19 39
9 80 63
29 52 5
39 75 21
59 35 71
51 80 63
21 67 80
91 66 52
86 46 64
39 33 20
46 19 81
16 77 78
44 87 2
64 6 92
6 60 60
62 20 52
38 4 39
73 81 31
68 78 41
45 49 70
16 78 48
37 82 77
97 7 5
61 30 83
13 63 89
65 98 63
73 67 7
2 47 98
62 8 80
79 26 67
51 37 84
13 4 4
33 30 88
60 66 62
54 97 63
70 20 26
14 1 6
68 76 71
15 25 62
98 97 34
74 97 87
3 65 14
63 69 41
39 75 90
96 54 77
89 23 82
6 1 77
14 76 81
49 70 64
62 19 4
55 25 27
13 61 59
56 80 4
80 59 72
92 20 32
59 44 60
2 48 28
29 48 78
26 98 69
78 70 37
28 42 42
50 85 12
93 51 83
32 24 64
15 18 43
22 23 55
25 91 88
66 39 50
6 3 60
19 33 33
85 95 73
37 88 30
55 63 94
83 52 57
6 38 11
71 79 24
84 58 70
11 48 33
81 52 54
94 39 71
20 65 20
23 78 93
2 4 78
40 98 49
70 8 18
18 87 83
64 43 14
12 59 58
95 93 59
52 43 77
62 28 67
32 65 37
40 93 10
50 26 68
16 51 45
48 85 39
63 1 4
97 91 3
99 33 100
75 33 65
82 52 89
12 2 68
79 2 73
97 83 89
62 7 19
56 25 14
74 71 21
66 32 52
86 70 54
98 56 1
43 59 7
74 9 67
20 83 1
92 39 86
50 81 63
70 88 12
46 1 69
52 84 55
74 52 87
10 57 73
55 64 28
55 1 99
73 27 86
96 76 93
88 44 13
34 28 86
83 76 88
22 67 27
38 20 47
11 2 13
27 44 80
72 78 47
53 80 41
82 0 10
40 60 30
90 11 31
42 79 88
55 92 56
40 80 80
33 48 10
28 95 16
21 64 29
3 77 36
41 90 9
73 59 73
2 80 100
5 49 41
54 75 41
44 8 30
86 21 86
74 67 31
20 89 5
54 32 68
76 11 4
88 92 49
13 23 9
22 87 33
0 88 40
96 54 26
45 19 78
31 3 36
7 57 2
9 96 7
71 77 60
61 32 69
43 14 10
90 99 100
43 2 67
80 61 78
7 65 20
66 76 58
76 1 19
60 15 48
73 27 91
66 54 41
87 95 88
2 4 65
63 78 62
97 15 80
34 74 14
13 52 80
83 60 5
72 44 42
35 96 77
78 44 67
53 10 93
89 51 53
49 22 89
25 95 77
92 30 52
85 9 73
50 60 96
11 78 66
65 58 9
98 64 58
70 68 9
89 35 24
24 13 23
11 22 27
24 78 58
76 35 8
28 48 100
2 80 59
31 52 22
12 86 47
22 98 9
88 39 39
29 99 13
15 4 37
41 66 73
33 1 90
52 75 85
55 89 55
5 58 60
0 64 100
21 48 34
48 81 60
61 68 97
31 19 82
50 4 17
76 83 61
24 1 88
55 22 39
40 78 99
17 25 62
9 70 34
41 33 9
82 25 89
65 38 6
80 0 43
48 93 19
86 39 95
65 71 4
2 13 27
28 71 18
82 72 79
87 39 88
47 0 12
29 94 52
2 14 56
50 21 20
98 90 88
14 96 40
73 28 73
51 36 27
37 82 75
5 57 9
89 19 91
14 72 37
52 63 41
11 85 75
74 58 22
33 76 58
74 82 70
45 63 51
59 62 21
70 0 56
71 30 82
78 83 11
28 1 48
12 28 67
5 12 92
41 32 96
32 91 16
47 70 8
25 4 63
26 62 52
25 59 90
28 34 11
93 58 52
93 64 63
33 75 89
13 95 5
3 35 95
27 96 78
62 48 87
89 32 51
16 40 53
97 76 69
53 12 93
51 75 96
49 19 88
12 91 76
84 45 36
21 85 16
72 2 2
98 47 61
14 45 23
19 11 93
60 23 10
65 87 71
80 97 89
45 71 41
64 30 30
67 13 11
68 22 20
44 20 54
29 95 11
69 7 77
83 38 62
12 96 84
12 28 24
34 5 15
55 41 57
58 98 59
74 3 88
96 89 9
32 67 83
18 83 79
5 75 2
83 43 14
20 79 46
47 53 33
12 5 95
29 65 55
50 26 42
66 22 75
19 74 86
58 11 7
68 87 93
37 36 40
74 16 92
76 81 10
86 60 51
83 28 38
35 97 56
52 49 79
23 56 86
82 39 61
57 59 49
86 46 82
21 5 37
23 90 69
62 4 92
78 10 77
53 67 94
41 56 38
55 61 57
13 58 65
74 88 10
63 65 74
2 32 20
77 89 91
14 46 53
65 41 79
11 12 13
16 11 12
31 69 69
8 60 9
65 38 76
81 25 25
24 84 33
36 3 95
43 91 20
57 81 2
22 40 20
27 70 64
58 81 15
52 40 12
99 39 30
69 62 50
29 69 43
63 37 50
75 4 71
37 38 2
73 32 56
24 60 77
10 64 19
31 99 31
16 10 19
94 87 21
30 13 11
16 53 72
4 60 50
70 71 11
22 38 51
33 37 46
40 41 66
35 18 14
24 38 67
18 77 36
23 48 38
36 74 33
4 31 59
13 78 90
16 13 45
17 54 9
66 40 11
85 66 9
23 73 7
85 76 66
46 96 65
56 61 25
67 41 29
67 7 8
22 6 100
50 55 18
17 15 28
1 82 53
73 60 90
54 29 8
93 28 24
76 7 10
16 87 41
71 40 33
7 94 91
54 51 78
91 22 5
71 52 85
29 14 60
91 39 19
21 8 6
31 8 48
56 30 77
70 49 23
56 29 50
96 87 69
84 97 50
17 43 15
48 88 46
63 51 79
89 2 44
40 23 1
34 14 85
2 29 27
70 85 71
74 22 89
14 30 41
52 96 15
48 41 27
92 51 31
22 2 89
68 66 71
34 7 77
26 83 76
48 7 4
95 23 18
26 12 35
10 93 69
49 0 33
2 49 67
95 15 31
14 75 8
56 14 39
85 3 27
45 86 17
49 96 10
7 20 16
70 62 93
50 84 95
11 78 73
4 20 99
46 99 21
38 59 89
77 80 31
94 77 78
20 58 77
6 35 17
15 96 95
36 1 7
87 3 97
55 84 94
13 84 45
4 2 20
9 68 10
73 97 8
97 63 63
24 80 82
61 11 25
21 16 4
28 42 93
73 24 24
33 84 11
32 83 80
15 12 32
87 4 91
64 6 39
82 84 98
50 16 72
97 47 49
54 75 70
56 46 42
22 39 49
14 97 32
98 53 65
99 35 54
80 79 20
78 43 29
14 87 33
35 74 23
54 82 38
0 64 73
18 82 12
83 61 62
3 32 23
57 20 35
74 99 28
15 92 65
88 32 24
42 7 36
97 17 13
84 5 16
73 97 100
78 43 48
28 19 49
51 9 14
99 38 61
95 7 3
73 55 52
53 8 53
63 7 34
95 67 89
98 10 50
75 65 63
89 39 9
75 45 74
26 46 32
55 68 72
23 0 38
72 5 77
53 31 46
96 52 1
47 43 52
71 98 40
24 53 26
15 82 18
48 89 38
12 33 38
83 77 19
42 89 40
56 6 30
89 95 9
36 95 82
17 21 70
81 68 14
73 44 12
34 57 99
24 2 83
32 48 63
19 90 69
12 48 45
81 94 81
14 62 25
65 57 50
60 84 59
71 90 76
78 75 69
32 52 82
62 37 30
64 82 77
54 60 71
78 25 83
54 91 72
96 21 7
70 97 41
80 10 80
90 82 47
38 88 61
24 48 45
32 19 17
78 72 59
17 43 39
57 13 99
10 28 23
34 69 57
56 13 50
59 40 95
80 60 83
21 3 12
70 61 17
11 54 6
24 93 17
88 71 28
26 86 78
15 68 56
55 8 26
62 23 79
39 80 55
9 93 41
0 74 16
67 61 85
80 30 3
73 31 36
46 97 62
93 29 79
79 36 57
34 30 69
43 40 32
51 55 50
32 97 24
91 13 65
62 4 25
10 32 90
22 35 88
47 38 50
12 59 64
45 95 42
89 39 57
43 69 68
96 67 29
40 64 45
10 20 93
91 72 50
25 41 72
65 93 23
60 84 89
16 31 80
25 22 24
59 62 53
56 73 78
20 67 42
71 11 71
21 75 75
93 38 22
57 89 44
25 89 26
55 32 28
87 1 55
56 9 12
93 48 81
15 37 20
50 75 90
38 88 58
7 49 84
74 76 74
5 60 56
53 35 70
36 54 68
80 53 21
93 16 38
41 66 81
5 13 44
72 76 77
75 11 92
26 14 67
53 17 9
74 10 77
76 40 36
80 67 36
17 88 47
98 13 78
41 1 26
67 49 35
92 47 72
83 60 47
8 80 70
69 35 96
19 94 75
97 9 35
10 95 49
21 89 2
94 70 49
96 36 67
76 50 57
16 54 18
5 75 57
68 85 21
38 94 42
38 76 62
11 76 66
98 24 87
13 29 39
56 16 44
73 77 71
36 27 4
91 19 15
53 72 49
33 74 89
94 91 1
90 98 32
10 44 25
2 82 62
65 88 17
5 78 30
51 1 62
41 9 75
18 26 49
94 63 50
72 46 45
1 68 60
63 12 93
52 41 71
93 2 4
15 64 64
16 12 31
54 59 38
50 32 50
70 59 52
29 18 50
54 92 90
42 77 85
82 88 73
4 67 91
72 19 22
31 43 79
9 36 54
36 89 77
99 81 78
84 55 11
38 69 75
49 56 39
38 21 65
59 33 87
73 58 60
67 57 79
40 28 81
98 85 23
20 50 78
34 16 30
69 71 87
17 42 49
97 76 88
10 76 76
73 66 10
70 75 33
42 87 100
25 10 70
84 75 15
85 74 24
50 83 64
46 38 9
72 45 38
99 96 37
13 91 43
57 55 21
87 47 31
90 54 71
75 27 97
74 91 80
56 9 77
18 47 58
23 63 51
11 3 78
84 85 96
8 0 48
62 97 29
79 44 15
31 14 35
1 26 16
51 40 6
51 29 68
38 35 12
61 35 76
81 28 29
11 34 90
41 32 52
93 10 85
68 15 75
19 43 59
49 99 35
82 84 96
6 88 17
92 67 40
79 48 36
50 96 90
94 22 32
95 41 41
76 14 71
34 37 24
20 16 52
60 16 21
30 99 28
33 36 97
84 80 8
4 30 10
40 43 64
84 13 42
68 62 49
57 22 43
70 26 39
18 98 65
53 43 34
79 14 17
4 3 53
48 38 42
13 14 9
81 93 96
75 81 3
23 72 71
91 4 49
1 32 81
19 66 14
29 55 34
86 36 63
86 36 5
0 95 42
45 7 37
28 69 43
4 16 19
49 3 48
22 95 97
79 65 91
50 28 79
44 42 38
41 62 65
9 83 63
95 26 31
42 62 17
84 9 27
85 45 24
62 81 72
16 15 95
27 54 41
54 8 59
77 79 63
26 96 22
33 18 54
67 85 50
1 53 17
84 46 39
14 45 59
89 97 63
65 30 1
5 76 12
14 59 69
34 81 81
64 90 84
98 9 57
62 72 97
4 52 1
97 58 64
48 7 20
48 53 12
66 45 70
15 95 22
66 88 96
0 62 16
83 65 7
14 83 49
63 15 68
28 19 12
19 78 62
5 36 53
37 32 97
90 83 100
50 15 73
97 32 73
42 54 44
1 8 6
77 33 30
94 19 82
56 55 10
92 49 57
42 19 86
48 99 71
62 29 33
55 98 10
81 80 96
44 33 95
21 40 20
71 25 33
38 96 3
41 37 88
37 26 91
50 74 12
52 80 76
2 94 38
4 65 60
58 52 5
77 75 24
0 8 98
65 43 13
48 68 39
13 34 43
12 46 52
23 28 18
59 46 55
72 18 71
45 22 63
95 5 33
68 43 85
14 87 42
34 82 6
24 21 69
25 85 85
85 56 12
72 10 85
19 46 96
84 37 21
98 61 55
6 82 73
85 1 79
32 28 11
92 23 92
74 46 14
77 62 49
23 47 20
54 99 64
88 37 46
73 23 52
59 20 8
28 51 17
70 41 82
72 68 28
12 49 89
91 78 51
7 93 76
78 48 88
87 4 6
94 56 63
61 25 97
62 35 74
49 0 53
17 94 38
18 94 47
65 67 27
7 77 30
4 49 70
16 4 59
12 2 34
57 55 44
11 47 31
52 46 40
87 51 40
71 85 22
61 40 25
37 89 10
60 61 40
83 24 35
4 74 39
1 54 54
33 52 44
94 30 82
62 39 68
53 38 36
57 42 78
42 98 12
66 69 94
64 61 20
26 28 93
74 72 3
11 39 14
75 95 73
38 73 5
45 81 69
72 66 36
6 37 71
91 83 89
78 56 36
73 64 42
88 80 89
45 48 44
6 58 13
50 62 56
84 51 97
1 80 57
31 22 40
68 53 98
50 1 10
7 63 76
2 95 2
13 40 87
76 14 27
50 63 6
55 12 15
18 73 78
73 0 57
94 76 36
19 36 29
51 29 8
1 59 48
75 49 45
43 6 40
31 86 38
6 14 36
65 0 61
40 46 86
67 73 3
97 30 12
57 13 22
39 17 96
76 88 59
60 50 28
68 5 3
19 84 43
59 98 79
57 25 13
84 50 48
38 28 68
82 74 96
65 16 38
86 12 80
81 52 61
44 98 43
32 87 18
15 75 86
69 15 99
25 42 83
9 82 52
91 18 71
19 51 25
40 5 70
17 42 87
95 80 86
35 58 59
71 99 42
60 71 48
68 25 30
90 76 80
25 53 79
45 90 89
45 26 97
25 69 37
75 25 95
12 83 99
42 79 6
2 11 88
88 23 54
1 0 36
84 30 45
74 75 29
63 34 76
83 6 60
4 33 2
29 51 96
4 20 66
46 93 23
72 75 20
87 86 60
59 98 96
67 3 53
13 44 80
84 8 27
12 82 5
15 5 53
78 71 39
99 71 96
95 26 29
15 93 99
47 57 89
27 63 79
89 86 57
60 85 1
90 77 72
42 15 39
6 27 73
98 93 94
68 95 69
67 49 18
66 37 1
35 21 62
64 14 72
36 23 1
58 11 6
50 94 33
28 19 9
2 61 50
23 40 96
1 19 86
64 95 62
98 2 29
62 9 90
69 57 84
88 93 81
16 34 59
87 22 64
85 7 53
4 32 67
62 50 27
56 67 81
78 20 88
99 80 90
35 15 23
19 97 19
70 42 6
69 46 73
70 67 1
40 22 34
0 71 71
4 13 13
46 18 44
45 14 21
84 52 31
14 68 29
76 41 21
0 27 42
20 14 80
82 37 39
8 41 76
94 56 70
78 74 79
29 20 30
13 30 68
38 91 25
37 13 72
93 26 7
1 63 54
89 77 80
91 17 6
96 53 20
49 53 55
82 54 28
38 52 20
31 29 92
21 24 88
63 89 63
20 1 34
78 1 38
24 38 68
74 50 14
56 5 44
64 52 77
23 52 78
69 52 21
3 52 47
60 35 4
5 48 64
32 76 31
24 77 65
75 60 20
87 21 36
9 52 67
73 77 10
53 64 78
57 38 82
32 51 37
21 96 9
15 47 65
97 29 90
46 5 43
91 82 20
3 54 84
75 63 53
96 59 95
85 12 81
31 49 36
31 45 95
24 39 80
66 31 38
84 66 97
60 39 96
19 27 53
88 99 45
51 29 39
46 86 20
86 71 18
5 54 73
71 39 70
75 68 23
99 76 63
50 79 5
90 76 13
42 51 99
45 35 51
65 53 35
97 17 36
13 26 30
95 31 34
43 77 4
78 91 24
37 84 93
31 92 28
39 95 26
57 61 49
60 85 88
99 46 69
29 74 79
88 24 13
0 35 78
0 34 2
56 4 10
93 49 36
6 54 12
23 92 66
87 21 9
10 76 52
67 79 86
69 66 30
78 37 83
90 69 57
6 46 2
77 44 92
90 52 95
7 89 98
15 36 98
44 49 39
27 21 33
65 82 35
61 47 33
80 86 63
10 79 4
75 15 99
25 74 66
78 90 43
96 88 58
37 71 2
53 9 13
78 50 16
56 29 76
72 81 52
39 50 91
6 75 10
33 67 22
35 99 49
8 79 9
40 27 6
9 15 88
47 64 62
13 56 24
72 17 51
22 9 71
59 71 18
27 16 57
89 52 26
84 36 15
66 18 2
32 80 88
88 91 74
50 70 2
84 63 42
82 44 87
55 24 32
32 16 26
11 91 83
81 96 53
18 51 58
72 93 38
41 82 98
13 31 31
57 97 9
9 82 79
77 52 38
94 48 75
93 2 31
49 45 12
75 29 24
79 77 16
10 68 19
69 10 45
66 40 75
80 14 97
33 43 33
44 62 25
27 60 19
65 18 100
36 82 10
99 37 33
79 13 87
50 8 48
72 43 80
40 43 81
21 78 48
41 82 92
31 59 81
26 39 29
50 94 30
87 85 82
20 15 52
19 51 8
65 2 30
24 83 67
1 39 69
2 80 56
20 54 76
46 71 41
4 84 3
41 73 62
69 85 58
25 0 52
2 98 96
76 88 86
30 35 25
61 57 47
65 77 78
47 44 23
20 62 15
18 47 93
4 56 20
41 46 5
14 44 95
40 12 12
77 20 43
94 32 12
66 8 69
95 73 54
58 79 52
79 51 97
25 16 42
41 96 43
5 45 90
86 25 73
65 91 97
75 45 64
56 8 17
28 39 26
93 33 4
28 15 41
53 8 80
16 1 41
61 60 30
81 98 19
99 47 35
82 21 49
67 51 29
77 96 89
57 42 97
61 1 58
58 65 12
65 29 89
40 12 97
26 78 55
89 11 83
4 91 7
1 69 28
40 74 51
64 46 47
36 95 21
89 19 47
54 53 47
7 20 18
10 90 86
28 34 46
5 52 81
92 0 39
61 21 73
56 46 86
43 23 19
41 30 99
90 9 27
67 89 19
77 85 74
95 17 29
83 50 89
82 70 78
32 94 4
86 35 4
89 39 64
66 48 83
83 45 18
73 58 95
36 78 83
55 26 72
18 20 88
17 29 56
75 2 67
8 81 90
95 90 30
46 98 70
47 43 33
10 96 76
82 28 86
58 87 82
81 74 77
2 0 90
47 0 47
71 77 45
46 75 11
66 95 42
15 67 10
7 44 65
64 7 63
71 67 31
41 73 58
39 30 66
12 90 87
69 72 16
6 55 2
18 4 76
77 42 37
44 39 28
16 76 2
85 74 51
50 15 28
43 62 37
29 73 67
89 34 38
96 64 42
15 0 46
39 56 28
28 75 13
13 98 35
34 26 78
41 45 90
48 69 1
85 75 94
6 1 46
96 41 100
60 14 83
82 62 50
26 80 11
25 31 8
53 68 86
56 71 45
16 2 90
59 8 46
98 46 53
7 87 96
36 5 25
84 22 60
37 69 22
53 13 2
29 21 60
6 94 15
27 39 4
16 43 39
71 51 12
75 80 96
18 40 53
77 0 86
17 39 55
71 92 70
50 61 44
60 52 51
16 53 53
42 75 28
93 53 37
39 47 47
76 21 56
37 59 80
20 55 79
50 70 9
72 57 96
91 83 63
69 30 2
64 68 13
38 63 33
64 47 41
78 97 83
36 80 89
29 9 41
39 41 17
33 95 98
4 69 93
31 84 6
77 43 69
5 71 7
96 35 5
82 43 58
53 69 55
4 93 24
24 84 21
83 13 10
20 90 72
72 39 67
23 44 40
22 81 81
61 78 87
94 47 48
91 97 98
49 66 13
54 13 71
72 20 3
37 29 28
20 94 5
70 9 74
91 33 92
62 14 84
22 93 83
56 31 57
53 27 40
88 95 66
71 51 9
77 80 57
26 33 47
24 5 20
58 87 30
34 62 92
57 40 83
49 27 37
37 68 33
65 49 57
50 9 5
82 99 1
8 14 67
73 10 98
86 3 87
38 47 83
71 81 35
90 15 91
79 9 91
52 26 1
69 2 16
46 17 41
79 5 35
27 93 64
98 26 62
26 86 89
24 58 94
60 29 72
63 28 77
6 70 40
22 35 94
82 41 6
50 60 59
55 34 24
33 64 55
95 84 37
17 55 90
48 61 96
50 32 81
63 18 60
56 22 63
72 39 69
21 9 95
23 54 57
4 34 70
39 79 8
85 28 56
29 45 87
2 30 74
76 53 60
64 88 27
28 12 94
2 72 23
66 10 25
73 42 30
28 54 41
5 42 55
71 4 97
52 0 59
74 69 22
42 89 51
26 29 68
69 27 47
2 29 41
85 8 21
78 99 42
62 7 73
33 80 78
88 62 92
64 90 4
72 17 88
11 97 77
8 11 51
86 92 71
85 84 29
67 87 45
92 94 30
65 75 77
48 86 29
69 33 17
97 96 61
33 4 35
68 74 2
69 61 7
94 76 87
53 31 9
42 31 28
69 58 86
71 2 9
46 30 81
23 27 58
6 47 50
10 66 69
81 16 93
39 18 59
96 37 85
69 39 62
32 76 28
41 79 40
92 41 17
28 2 49
90 23 1
15 21 89
84 96 21
95 65 33
92 39 48
97 55 45
73 52 88
23 65 39
32 25 46
30 57 18
21 0 65
62 47 38
92 81 11
96 7 21
88 19 83
45 91 48
0 69 99
22 28 70
65 63 36
62 74 70
49 1 73
16 17 28
66 65 88
75 94 54
67 83 37
74 12 13
41 2 79
91 5 14
67 28 69
37 84 90
42 45 93
44 35 88
5 94 63
63 2 54
50 38 43
46 18 49
68 48 46
22 66 85
10 35 96
22 99 95
75 16 99
33 41 11
62 82 30
7 50 68
69 8 56
3 94 55
53 80 57
30 64 41
26 81 7
94 25 83
72 1 2
36 6 52
61 72 17
76 23 6
43 29 73
54 66 18
99 38 58
96 37 69
80 83 57
29 77 25
81 72 26
39 1 85
32 49 33
5 59 22
50 64 33
97 38 10
17 12 68
44 90 36
52 59 53
80 77 23
54 47 41
56 99 20
73 71 58
22 13 95
2 91 51
98 59 29
84 10 60
32 17 20
7 46 34
91 62 9
1 18 25
66 82 4
21 67 16
77 37 88
12 49 95
16 97 86
54 58 15
27 62 50
37 20 57
85 55 30
17 18 1
72 38 73
87 16 19
30 89 95
74 22 15
32 98 1
49 76 29
4 34 87
85 63 56
75 67 43
18 54 63
49 83 18
32 99 94
29 90 32
36 79 45
28 23 72
77 99 81
35 43 10
13 26 34
36 72 17
21 55 80
40 76 91
22 4 51
60 70 34
55 7 49
80 95 10
19 58 88
45 60 37
64 14 53
14 30 59
24 5 94
16 8 58
72 19 53
78 16 15
33 71 49
72 37 53
11 61 64
53 37 48
65 12 88
79 96 13
43 97 15
33 13 80
67 8 98
26 94 11
50 87 51
69 66 1
2 44 16
35 26 33
6 84 98
97 73 49
35 47 13
39 95 7
28 86 36
12 47 95
56 1 12
37 53 63
43 2 64
59 21 34
56 87 88
45 2 92
96 49 40
27 62 31
42 12 43
39 32 72
27 28 66
55 72 90
99 70 7
55 14 27
88 41 22
91 35 33
40 49 49
25 75 48
24 37 97
52 50 4
66 75 14
79 42 12
46 87 11
12 72 39
73 16 80
28 65 39
94 71 2
60 3 18
15 21 15
29 85 54
69 61 34
62 27 52
35 61 96
86 32 79
92 71 5
70 68 98
64 61 34
38 39 4
24 13 69
88 29 17
5 36 93
16 10 84
59 40 60
58 56 100
20 31 48
10 53 100
49 54 88
40 52 32
34 83 100
61 0 77
76 12 44
5 85 68
67 2 2
75 91 19
29 99 87
15 16 89
34 60 44
5 64 46
76 43 16
0 41 62
24 60 73
19 29 16
94 91 69
99 19 21
50 55 75
62 59 20
47 16 59
3 10 88
58 4 35
4 6 85
70 3 61
73 3 68
0 24 7
49 52 57
50 40 12
42 61 21
41 90 83
92 54 8
26 2 20
35 3 54
42 99 39
30 56 83
85 68 75
10 87 87
46 23 18
84 32 32
13 73 86
78 8 44
99 83 38
54 27 83
53 31 85
54 24 75
65 71 19
51 39 37
25 13 98
82 7 54
65 29 85
49 80 2
8 10 94
77 99 6
78 36 94
30 48 85
17 31 76
12 33 44
35 99 98
6 9 96
69 18 2
97 17 29
85 34 93
77 67 87
25 57 86
49 87 2
22 15 55
57 56 15
63 60 78
63 69 30
87 86 60
20 78 76
28 46 25
17 49 72
11 94 50
24 27 95
34 0 95
29 12 5
14 48 77
72 39 25
75 22 56
37 57 27
10 98 58
47 6 36
39 80 37
49 21 4
5 23 13
76 19 6
20 33 31
88 73 44
37 90 2
51 86 79
61 91 32
92 23 91
78 13 98
85 62 81
7 38 65
57 53 9
21 7 6
16 72 47
51 19 21
38 34 67
0 43 5
67 31 15
3 77 30
88 74 64
2 38 80
82 7 86
2 38 99
13 36 84
59 38 48
81 15 4
5 89 25
55 53 32
75 5 94
86 77 40
22 47 10
19 30 27
80 19 77
45 3 73
23 3 63
86 40 3
31 1 31
54 5 41
4 31 87
47 2 82
64 88 63
7 47 61
18 37 70
47 2 36
76 78 64
83 62 93
31 30 52
89 97 97
75 59 63
43 59 72
26 67 58
80 69 81
32 75 30
31 69 93
65 22 90
60 8 5
93 80 97
29 1 15
55 48 71
43 34 92
17 41 11
23 48 91
24 94 92
86 13 70
85 59 93
43 70 96
83 9 42
4 41 72
47 35 43
73 63 95
41 47 66
1 72 83
85 80 7
77 17 41
17 99 25
27 48 52
70 22 23
18 21 23
93 68 7
74 91 5
77 85 92
34 91 53
61 35 30
23 88 5
86 29 74
40 6 38
36 48 68
53 50 29
58 14 3
24 86 60
2 84 1
83 19 31
50 88 27
67 91 31
21 1 15
81 40 49
35 17 6
91 99 77
88 18 8
6 25 51
18 96 13
21 8 46
65 49 89
75 1 1
88 67 43
35 48 22
92 95 25
62 58 85
54 75 51
41 44 77
93 8 53
10 95 37
70 63 28
93 19 65
80 97 3
31 42 26
33 23 17
22 87 38
68 11 79
47 14 77
29 32 11
24 70 39
76 5 69
30 64 93
19 33 8
83 5 27
45 69 82
48 29 36
98 46 28
29 98 31
23 86 24
62 80 10
95 0 11
93 85 69
63 83 89
22 60 64
11 33 22
84 58 77
79 77 86
73 18 21
66 20 48
36 65 63
54 84 2
65 23 51
9 38 44
51 69 37
72 74 81
42 10 63
36 24 48
65 17 56
47 46 39
11 62 91
53 23 82
84 85 26
42 79 65
17 13 94
0 2 1
17 95 17
14 57 61
76 24 31
81 1 59
74 38 77
25 68 100
22 32 99
67 58 92
78 60 62
92 61 83
30 85 50
67 37 40
84 37 69
74 85 10
52 26 12
21 8 100
98 94 53
17 2 32
75 38 47
67 39 43
2 53 55
70 35 64
3 1 97
32 15 4
58 72 32
59 60 99
71 12 85
92 87 93
43 3 43
98 25 75
31 82 35
82 53 52
56 96 45
17 36 32
86 81 1
40 61 84
3 44 67
43 57 90
34 39 84
5 30 10
35 4 61
48 49 51
78 9 45
70 91 18
68 29 97
10 66 87
66 76 16
26 33 70
99 41 88
44 64 30
31 19 68
51 39 9
26 52 94
32 44 41
10 12 25
75 82 57
49 90 9
65 52 54
41 17 99
27 84 27
4 78 26
42 9 18
68 11 92
0 51 44
88 44 100
86 72 5
82 83 21
68 97 11
45 24 14
40 43 86
30 90 47
72 77 64
38 88 44
47 59 40
38 91 20
92 42 28
25 96 39
1 16 13
11 55 61
71 14 15
54 41 50
94 17 41
42 13 42
58 0 3
82 72 81
8 14 51
69 12 10
88 86 93
52 97 72
28 0 64
34 7 83
72 0 28
27 37 58
66 36 5
30 63 97
39 29 14
8 92 71
3 69 16
76 92 58
81 40 63
65 47 76
34 23 24
8 54 88
43 44 48
16 86 67
46 1 82
11 91 63
75 19 39
53 6 43
58 50 20
77 59 44
36 65 21
98 84 26
26 93 36
45 84 24
16 4 20
92 22 1
82 88 92
54 80 15
64 35 31
88 30 6
77 30 6
66 4 72
44 43 4
33 96 25
68 73 59
88 59 96
8 51 26
0 8 8
53 42 95
63 88 47
91 41 24
26 75 81
55 13 88
42 49 87
3 31 29
57 16 82
12 29 71
37 77 62
62 56 14
82 3 40
3 81 100
1 41 32
96 34 18
37 33 2
36 62 84
64 44 57
42 56 61
34 17 89
74 13 46
11 80 60
27 94 73
69 80 89
35 57 88
68 29 91
97 77 57
76 61 71
91 21 8
53 6 27
83 34 80
64 65 78
15 3 64
52 63 78
83 28 23
40 61 52
21 9 18
98 22 29
32 53 59
85 45 85
94 22 85
7 17 48
29 14 57
36 66 95
35 17 37
91 16 13
61 54 27
29 92 37
5 42 9
66 4 16
66 41 37
72 38 78
39 26 48
50 49 37
80 62 18
14 63 99
11 81 77
93 31 72
73 51 2
30 54 17
90 20 41
43 16 34
48 26 44
0 29 13
49 81 7
2 12 37
99 17 19
75 24 86
86 62 50
22 66 17
93 55 45
75 53 96
23 45 28
81 54 78
84 1 41
29 76 23
21 10 31
39 73 36
76 81 4
47 97 51
64 49 16
54 21 23
93 31 41
17 95 20
71 21 30
3 2 45
8 28 13
15 9 1
67 17 86
64 45 100
35 67 43
55 57 100
33 99 30
94 19 35
38 16 8
98 16 41
19 5 55
57 8 86
28 71 65
74 37 16
17 24 90
92 83 16
48 0 81
68 42 8
84 93 41
14 75 29
90 45 44
8 95 96
83 54 98
43 22 29
10 32 48
20 19 78
5 12 94
64 54 42
30 34 21
90 37 66
43 27 39
24 16 64
60 91 1
0 7 40
14 26 7
13 90 24
34 4 22
78 70 93
54 1 4
39 71 99
7 80 39
23 69 92
53 98 69
60 44 61
8 46 35
44 68 77
66 25 3
60 91 14
1 36 41
82 33 32
2 0 41
4 69 13
43 81 30
19 7 24
90 78 63
74 39 4
33 69 93
58 95 22
43 18 78
23 69 96
22 92 68
76 23 9
7 57 32
43 38 86
89 92 44
46 51 63
10 66 72
66 88 90
93 56 15
65 83 72
77 3 97
32 24 4
69 37 50
56 67 24
79 85 12
90 82 93
99 3 94
50 97 62
25 88 68
43 90 37
5 17 44
96 69 39
31 52 5
87 95 36
13 54 57
41 23 95
9 12 5
75 94 27
19 22 28
41 62 49
92 14 54
56 64 45
50 34 55
72 58 10
8 76 23
5 37 78
52 72 89
82 96 33
83 22 35
91 72 54
22 25 38
60 71 27
51 12 91
20 15 51
10 28 1
57 82 8
46 51 100
15 20 62
76 53 95
75 17 75
13 85 64
20 43 81
45 3 41
52 56 21
24 15 26
60 32 84
77 68 76
66 78 73
33 59 17
41 61 21
88 95 22
71 84 5
32 14 10
53 73 65
67 19 84
73 18 6
36 78 95
60 40 68
32 51 67
54 16 7
74 90 96
39 9 9
82 6 55
85 46 39
40 24 21
51 54 84
37 94 80
18 6 28
77 4 38
4 23 77
27 20 85
8 3 47
60 80 90
28 75 66
93 79 98
84 91 35
48 58 47
99 25 76
85 86 75
57 1 11
73 95 44
65 18 75
55 64 68
27 41 57
29 42 29
67 45 37
88 91 37
9 6 59
99 1 48
87 7 66
25 41 49
12 90 24
62 61 8
80 29 58
90 8 27
26 81 100
79 7 63
86 92 78
64 61 94
80 87 17
76 64 17
47 11 12
45 16 92
40 8 28
76 77 16
22 45 71
55 43 5
63 22 32
31 88 45
93 74 48
78 64 54
79 31 39
19 16 52
86 48 25
21 68 25
97 29 38
65 4 28
34 23 87
32 71 42
9 42 42
51 16 17
83 58 50
52 66 88
15 21 97
71 92 91
1 34 76
16 57 81
7 84 58
25 78 29
76 25 82
23 26 12
37 41 15
19 54 2
96 75 17
64 14 68
72 79 32
82 53 85
63 21 45
46 95 71
65 69 29
65 31 71
72 51 69
97 43 9
23 90 17
65 99 67
5 52 22
85 33 40
37 84 10
39 94 58
34 61 1
57 98 9
36 99 55
54 55 52
87 42 44
85 6 32
35 99 16
62 94 4
77 65 45
10 69 61
53 46 65
2 59 35
78 18 4
99 13 10
87 28 56
23 3 45
73 49 43
29 34 38
76 65 85
65 18 97
1 99 27
72 93 23
70 1 53
7 4 62
64 3 41
44 34 57
82 50 55
84 78 91
52 13 43
47 45 60
60 7 84
36 65 24
26 57 62
21 17 72
80 77 78
77 78 96
64 30 78
59 57 32
13 23 44
66 33 35
81 42 56
78 59 72
40 48 72
54 72 37
51 22 91
24 26 11
49 9 78
91 30 9
29 35 78
76 74 17
71 57 69
43 46 40
39 59 34
65 88 3
95 12 21
12 39 17
87 35 94
93 70 29
84 76 40
83 55 18
70 95 28
45 34 58
28 44 1
66 12 77
56 12 78
70 3 50
98 99 7
16 82 57
1 58 94
19 94 41
47 13 86
11 74 85
86 13 98
30 47 20
80 77 85
29 96 79
20 73 4
9 76 53
87 18 77
99 57 47
48 90 74
61 85 89
11 64 61
42 28 86
98 34 62
6 88 9
2 75 68
0 47 17
80 11 67
34 90 22
80 71 95
88 5 50
36 38 4
12 94 14
99 0 36
67 64 10
11 54 89
71 84 99
45 58 85
86 33 79
74 70 24
68 79 20
83 61 13
73 56 70
26 21 97
72 1 3
68 25 67
78 23 65
20 79 3
70 61 66
54 24 96
64 1 82
81 90 11
8 40 46
61 58 70
47 8 90
49 36 47
99 64 34
45 99 10
44 93 82
11 35 12
97 94 91
71 44 94
65 28 21
25 67 40
87 2 19
68 31 58
91 9 63
74 95 52
31 73 36
6 61 2
9 97 66
4 31 9
79 50 18
44 39 26
69 9 17
50 39 71
82 62 85
89 30 53
87 33 39
35 69 99
12 56 15
44 47 43
29 33 26
98 14 54
94 33 97
68 18 22
22 35 74
9 71 48
47 66 50
87 74 72
23 44 74
35 79 9
37 75 20
61 47 3
31 84 25
26 73 92
40 86 51
59 86 58
84 50 7
47 42 1
40 13 64
25 73 44
11 5 98
27 32 21
44 57 2
45 15 8
6 30 47
14 71 10
79 62 12
47 46 12
5 58 45
90 70 45
91 16 32
51 12 39
94 87 77
85 39 70
57 24 85
50 56 50
30 39 85
8 61 54
71 28 93
8 10 33
17 38 12
74 54 42
97 32 81
81 43 20
46 82 8
37 96 15
31 46 96
68 15 84
16 32 38
8 53 94
1 18 15
93 76 14
49 10 94
66 35 27
46 69 22
98 28 84
26 46 58
23 6 81
37 93 66
20 95 24
94 28 16
24 86 92
43 53 66
18 80 69
31 35 47
49 38 33
10 80 14
16 29 95
50 53 38
75 70 4
45 40 18
49 62 29
5 82 98
87 67 50
65 52 66
50 38 5
95 93 33
89 29 15
62 3 40
48 6 60
24 90 66
33 34 29
93 96 91
50 39 30
44 56 92
60 33 71
75 69 26
11 0 36
65 30 25
35 33 97
34 96 25
81 88 59
4 89 63
29 10 92
36 92 28
46 53 64
93 96 65
31 57 58
24 97 50
56 93 88
28 17 100
94 53 76
9 27 78
81 47 90
59 60 65
16 10 64
47 14 69
96 66 33
42 15 87
0 21 70
38 25 84
91 70 55
35 9 38
32 67 43
22 43 80
62 56 18
83 56 26
80 18 10
45 74 16
69 37 32
94 57 59
58 15 8
84 51 3
51 71 66
3 30 14
4 62 82
32 27 12
71 67 59
31 68 77
51 7 85
44 58 12
40 23 74
8 95 57
34 35 49
32 26 13
60 11 8
62 44 52
46 34 91
89 90 53
97 60 58
83 62 58
62 92 2
81 36 6
13 5 75
69 33 64
38 16 25
11 13 86
32 53 79
95 15 76
15 44 12
36 81 72
41 47 87
14 13 86
54 56 17
93 15 45
78 65 88
53 42 76
9 87 14
0 99 12
24 94 7
52 55 9
43 86 25
9 67 45
59 10 8
43 60 63
78 97 23
78 79 93
59 50 32
62 74 54
80 74 49
12 25 15
1 62 40
26 39 22
88 10 6
5 74 64
61 62 75
50 78 30
24 96 90
84 88 21
84 26 64
64 88 35
76 48 53
7 96 22
38 46 90
48 80 91
8 47 80
72 16 2
26 30 29
91 10 34
51 20 92
55 90 78
46 72 47
50 37 11
92 16 26
12 39 16
43 20 35
33 47 49
87 66 82
98 20 28
45 8 1
2 18 1
26 48 49
14 51 23
56 28 7
26 73 40
21 70 57
7 42 16
95 69 17
47 40 74
28 41 7
43 88 32
38 7 92
42 84 78
48 58 5
16 65 18
16 27 9
61 60 17
73 54 62
81 2 31
75 42 1
85 13 62
99 34 72
15 82 92
80 63 25
37 50 73
11 19 37
48 99 94
38 91 84
26 84 4
89 43 86
41 16 72
83 38 41
99 56 11
65 43 92
13 35 80
54 40 51
85 24 59
27 97 96
87 60 60
0 3 67
0 91 57
4 10 39
78 19 75
18 76 37
66 37 77
30 5 80
29 47 92
88 97 3
21 23 70
8 72 74
97 88 52
60 0 36
12 88 46
56 20 2
6 81 8
43 58 74
58 2 67
83 57 21
17 19 46
66 56 100
6 60 86
27 19 19
75 83 56
88 43 33
12 20 40
83 15 32
9 98 95
94 80 61
74 81 55
83 94 48
49 84 46
75 35 77
52 66 22
11 59 51
32 71 55
20 32 71
58 79 4
23 58 85
19 83 12
85 72 66
83 34 52
13 85 93
3 87 44
19 97 11
94 6 2
12 35 42
81 93 56
90 94 33
4 28 35
19 60 95
43 82 21
1 7 29
37 26 94
30 31 80
88 33 55
60 28 56
6 58 46
73 20 81
4 64 48
34 5 55
9 35 12
96 25 55
56 15 52
25 97 64
68 83 63
81 68 38
94 8 80
76 65 68
91 49 64
91 24 98
97 7 34
44 92 35
71 94 40
64 97 30
43 30 67
42 61 61
20 27 28
60 74 75
36 33 38
13 21 39
44 98 43
1 78 10
3 81 26
76 19 61
68 95 64
38 46 99
96 59 71
36 11 44
20 93 75
92 70 94
80 88 17
72 43 55
26 42 23
12 79 38
69 11 12
77 69 76
43 24 62
18 14 24
27 12 5
1 33 89
93 87 60
42 92 97
77 52 67
20 86 13
78 53 14
61 68 38
41 86 91
39 80 66
59 24 46
51 42 47
70 65 33
77 89 52
90 46 8
9 25 38
24 8 18
51 30 63
89 14 92
6 17 30
50 87 87
7 58 70
19 99 57
75 5 59
20 11 57
22 94 52
13 11 11
92 8 81
76 98 60
0 32 41
42 63 60
18 75 30
15 61 71
33 92 95
1 34 80
39 89 84
17 47 41
49 17 50
16 64 53
45 58 40
6 3 49
80 34 34
61 20 3
87 43 22
98 27 14
26 34 30
66 49 6
79 31 39
62 43 23
2 62 74
99 98 60
28 69 88
23 74 55
53 56 51
38 36 27
93 19 9
41 13 55
81 13 3
82 3 1
11 31 10
35 86 93
37 25 49
14 40 98
28 14 83
19 36 43
84 60 18
69 87 56
19 88 15
51 80 73
70 14 73
27 2 47
87 19 30
60 42 31
62 36 73
4 91 26
8 63 36
82 36 3
34 8 95
16 40 8
95 75 50
68 56 78
36 37 98
79 47 30
26 30 28
26 33 17
78 89 43
60 73 62
10 13 58
61 63 82
34 84 54
17 22 84
45 34 16
10 55 41
48 59 23
66 95 61
57 26 90
12 62 42
11 66 7
32 64 74
92 76 17
48 79 57
71 62 79
41 53 19
7 34 75
94 72 7
89 70 7
55 26 74
21 4 42
95 62 76
31 25 49
61 87 94
60 3 23
90 12 5
3 45 4
1 59 32
63 93 19
52 1 10
87 72 99
3 34 6
28 4 23
20 87 92
55 97 11
15 86 39
65 32 57
19 32 70
57 13 81
79 97 91
74 34 59
94 42 72
42 76 2
4 65 51
42 39 76
14 83 39
62 14 100
60 34 17
74 23 31
33 69 47
39 32 50
49 53 67
63 7 95
55 24 1
16 20 16
57 47 30
24 14 17
23 58 47
13 60 50
18 48 87
92 96 25
93 57 87
39 40 88
16 50 69
91 15 100
45 96 69
61 86 2
45 75 57
12 35 43
51 64 83
57 29 37
37 63 28
11 25 25
33 61 83
37 10 49
69 22 75
73 29 91
41 33 62
30 90 100
11 32 81
60 51 69
40 10 48
12 4 20
75 19 73
54 20 5
24 16 35
13 2 10
16 68 99
2 57 4
32 90 98
52 53 38
9 36 87
37 52 21
46 17 43
66 54 74
83 10 29
11 70 94
34 79 1
87 45 95
81 65 63
10 74 87
20 91 49
91 96 10
56 22 80
29 68 1
14 74 32
64 48 66
13 68 34
82 38 19
50 98 35
8 17 42
17 57 27
29 92 93
33 74 89
23 0 47
80 1 10
81 11 26
9 25 5
7 11 16
34 4 71
18 36 45
17 63 98
76 37 91
30 74 26
40 79 90
41 22 62
2 55 61
78 60 81
74 30 74
76 47 40
81 53 72
9 12 70
12 59 53
97 5 24
85 24 66
6 98 55
80 61 63
94 30 64
22 34 51
74 52 15
95 3 25
75 43 73
94 15 44
15 25 6
38 21 91
67 90 88
77 73 59
31 13 97
2 79 36
27 1 3
91 34 22
64 83 5
18 65 80
98 36 94
91 74 64
59 29 87
49 80 94
1 43 40
33 27 99
56 18 7
44 34 63
69 11 51
70 1 99
14 12 95
67 58 38
32 22 47
52 45 72
92 83 1
15 42 97
82 52 66
49 92 5
77 36 26
65 38 98
47 11 52
33 58 60
97 85 33
3 39 66
87 63 62
31 9 19
99 69 32
63 92 55
74 7 69
81 34 57
80 23 5
69 89 20
4 57 13
49 0 71
28 32 2
38 85 94
92 96 91
92 48 10
76 90 55
95 58 99
77 64 5
21 2 25
91 77 66
12 22 70
74 15 69
63 70 88
38 13 74
53 24 35
69 94 1
80 10 3
80 41 51
12 78 32
51 64 46
7 36 78
82 27 66
42 65 13
51 3 87
2 80 86
4 21 8
72 86 63
49 78 26
77 13 13
18 33 90
65 36 27
74 3 70
57 25 56
71 51 77
89 46 62
66 88 20
60 26 65
84 30 12
17 93 12
9 57 12
3 23 64
55 12 96
75 80 49
50 18 71
74 1 51
95 6 42
23 32 73
30 48 68
89 96 86
93 80 92
19 55 97
33 23 68
15 74 65
33 52 69
71 39 12
13 5 60
33 51 65
87 63 59
76 31 28
65 1 41
93 70 14
24 69 37
27 23 24
36 43 54
17 24 67
38 17 42
7 15 54
43 12 74
72 7 96
32 23 13
16 35 91
99 52 41
10 54 57
16 10 6
68 0 31
45 19 26
40 36 77
26 63 34
75 42 96
40 74 95
82 87 9
85 1 87
63 45 75
5 94 46
38 52 99
26 48 63
67 15 14
71 79 23
11 25 83
52 44 92
16 93 6
65 48 27
28 23 8
84 39 85
82 66 79
34 13 36
79 57 49
97 39 3
80 78 38
60 95 58
28 41 43
21 33 23
11 31 75
89 11 6
19 11 31
48 3 92
58 35 50
99 45 99
73 60 94
37 28 17
21 6 46
39 26 46
62 95 52
43 8 93
40 39 43
40 22 81
42 73 54
12 87 49
55 78 84
55 97 35
75 51 68
91 97 89
63 4 51
79 67 85
94 41 78
83 33 35
29 53 25
9 99 90
61 0 62
64 56 49
16 17 41
45 19 54
6 28 3
9 88 100
14 11 42
67 56 91
17 98 73
62 85 44
23 31 78
5 22 68
74 60 37
54 59 92
82 74 60
68 77 26
6 7 9
75 10 47
61 26 33
70 7 64
28 54 27
34 94 21
55 63 60
14 95 26
52 51 88
70 9 97
37 84 52
59 70 90
48 5 17
57 68 1
87 25 51
15 77 11
79 18 79
61 52 15
26 42 60
19 54 40
4 91 60
73 23 20
15 35 69
96 0 1
68 54 100
75 34 98
78 74 84
9 3 81
68 98 66
28 81 27
56 3 20
37 41 19
14 47 21
44 2 97
15 62 85
46 8 91
90 17 79
28 11 92
28 80 97
43 68 45
48 87 45
1 43 28
76 65 17
71 0 77
13 21 100
73 52 51
41 17 89
30 65 67
36 46 49
13 48 65
99 14 7
8 91 94
40 13 41
31 58 68
55 32 91
98 21 52
12 52 67
44 8 94
7 96 12
68 8 9
75 39 54
1 30 17
36 64 59
26 21 60
58 87 31
78 97 36
6 61 50
35 36 52
15 81 25
56 42 45
10 16 31
4 32 36
56 66 1
73 16 68
6 71 31
43 88 97
97 61 85
99 38 28
54 26 62
23 55 5
91 49 31
85 97 21
47 90 77
52 42 77
90 63 18
89 37 36
14 30 96
44 0 30
43 23 14
82 10 83
6 77 30
17 87 57
67 30 90
55 23 10
2 22 67
70 53 3
47 51 16
87 99 96
14 2 37
93 12 55
81 83 44
67 64 59
17 23 66
31 75 75
7 21 90
89 54 75
5 94 49
83 11 11
88 55 66
3 13 9
35 15 32
94 16 23
37 6 94
84 51 56
54 10 35
0 22 40
14 80 35
81 9 37
67 14 72
35 63 5
82 32 72
87 43 35
83 10 63
72 14 36
56 77 37
37 47 98
50 96 49
23 69 7
44 0 64
56 92 45
99 89 88
53 87 97
58 87 10
50 13 65
84 18 42
41 50 46
30 74 20
74 90 1
28 26 80
64 13 51
62 17 45
21 77 48
32 66 13
14 66 76
97 69 9
63 45 89
56 99 40
46 8 8
84 26 89
73 33 89
19 59 67
7 44 58
39 66 18
51 69 4
10 93 7
9 73 31
58 26 95
38 63 98
11 26 93
67 1 16
74 69 22
71 19 27
73 85 34
26 67 14
48 45 10
91 88 44
8 89 26
90 32 29
76 67 1
60 91 84
7 71 63
17 38 68
19 44 41
53 3 64
89 87 14
61 95 36
27 47 77
62 37 46
53 67 5
4 31 53
64 27 63
31 65 31
46 62 88
48 9 46
21 25 24
89 6 3
16 59 76
9 38 93
40 82 60
36 26 49
21 82 62
75 49 94
0 70 51
48 46 37
76 36 65
12 6 65
69 89 73
0 33 82
53 87 40
14 76 60
66 71 27
34 75 11
62 37 54
86 9 47
62 92 46
39 30 65
65 23 36
45 94 87
56 51 50
76 30 93
2 51 53
49 89 69
70 72 16
89 78 56
76 74 5
1 68 27
37 81 85
74 47 4
48 8 20
39 46 41
45 15 79
36 47 91
61 77 79
22 92 31
0 62 16
68 19 46
17 48 28
36 46 51
14 96 49
9 57 87
5 46 81
48 54 11
75 65 73
9 16 74
33 5 33
11 58 74
97 28 73
87 54 49
38 60 20
79 36 12
9 91 94
15 2 91
56 15 31
80 38 66
69 53 50
88 33 97
80 76 43
90 87 34
38 48 38
58 57 83
31 65 8
76 7 96
67 42 29
56 1 28
98 79 92
41 93 77
58 12 68
75 4 34
52 90 51
11 61 64
98 3 68
12 46 42
29 32 50
87 90 84
71 92 75
61 53 11
46 27 77
74 31 68
34 49 35
44 91 62
3 15 42
32 66 74
35 74 76
84 72 99
18 4 45
87 53 97
5 21 20
78 96 47
43 30 5
32 69 83
55 37 83
14 32 52
94 15 13
74 95 78
97 75 18
0 66 75
1 87 21
40 51 82
92 39 93
66 41 13
70 44 38
44 34 72
36 83 21
74 43 10
17 70 13
50 28 7
79 38 28
32 86 71
76 31 84
90 77 97
10 80 32
7 26 19
12 32 94
32 68 68
11 65 44
30 53 89
17 98 83
70 94 95
91 67 26
4 45 40
35 72 76
28 18 15
72 10 37
36 46 88
71 82 74
80 62 20
43 56 10
45 32 85
0 44 35
48 10 33
11 62 34
82 20 2
97 6 55
49 53 59
8 78 52
94 83 12
48 83 20
62 81 11
55 9 46
88 93 56
43 68 40
94 20 19
93 97 35
54 72 32
12 60 61
67 13 32
55 81 98
52 69 79
19 22 66
40 10 49
94 26 64
32 4 40
23 3 34
30 91 79
59 23 45
52 8 37
94 33 82
3 60 13
53 64 10
8 85 8
10 30 5
68 15 20
31 7 80
5 62 43
79 42 7
66 63 29
7 36 82
75 45 15
84 50 81
33 17 5
35 70 93
52 73 86
17 46 89
32 89 54
31 89 53
49 27 34
42 54 52
17 67 100
2 30 5
25 63 10
88 21 4
90 47 6
13 10 31
92 95 70
28 97 37
34 14 93
40 2 92
12 5 4
74 44 36
89 76 76
75 72 94
0 24 58
95 78 49
35 3 90
51 78 2
20 50 16
16 8 56
20 11 44
95 4 59
51 4 71
96 97 23
41 69 82
66 11 53
44 59 37
12 62 2
24 77 100
11 10 7
28 80 9
53 35 43
2 44 39
60 58 100
38 43 23
83 81 73
54 94 35
20 61 13
17 1 16
66 50 58
66 5 89
72 9 32
71 95 52
63 44 17
71 12 31
94 43 12
99 3 69
91 85 12
31 32 39
30 41 42
94 19 1
93 71 65
20 57 26
97 7 50
44 25 28
97 55 2
26 47 4
16 64 47
77 36 67
79 97 71
22 20 29
64 16 59
57 68 33
3 24 7
85 47 2
18 99 76
94 8 38
15 33 30
96 16 78
56 13 51
90 21 43
66 19 21
39 21 67
38 46 13
49 60 99
10 55 10
10 12 4
67 90 45
37 34 90
70 54 6
17 68 64
78 84 65
67 20 25
36 2 88
66 25 58
69 4 38
3 9 25
48 23 38
85 78 14
56 8 53
15 50 35
96 68 33
90 39 37
25 42 74
59 92 83
84 52 24
63 87 11
92 27 99
26 14 57
96 32 84
8 88 7
97 70 26
56 89 59
42 20 58
97 27 88
96 5 72
80 77 41
27 32 43
92 37 63
99 23 93
72 66 75
48 21 17
72 13 25
13 68 91
52 22 94
57 8 33
71 10 8
20 78 60
96 9 71
36 55 38
77 0 16
71 65 39
78 23 33
31 50 54
2 28 3
71 94 77
62 1 67
89 8 39
73 24 38
37 50 13
99 31 68
95 1 1
48 11 93
30 62 25
73 26 18
35 14 31
30 44 70
43 61 99
89 44 5
74 11 69
8 75 61
1 98 89
50 30 3
76 68 3
35 36 93
92 76 7
17 83 86
28 30 49
55 31 46
63 22 68
60 18 26
11 34 87
50 24 35
19 39 53
34 43 50
21 28 76
47 2 67
85 67 74
11 51 30
46 66 58
37 13 64
71 40 71
96 22 7
8 2 26
8 75 79
48 85 2
31 7 12
93 66 10
71 27 91
92 85 44
53 2 100
0 8 84
5 48 32
74 52 90
37 54 93
94 43 94
19 18 80
72 83 66
33 78 32
90 49 4
42 48 94
97 30 47
35 50 22
15 14 95
31 70 79
76 35 8
98 87 88
74 50 35
3 94 95
85 69 87
18 88 38
91 28 72
8 13 85
52 67 54
35 89 47
53 83 38
38 33 59
66 20 6
38 97 17
30 10 98
83 42 89
35 25 77
47 76 83
18 91 82
44 89 76
35 22 9
64 23 18
97 5 66
72 1 51
29 45 16
81 3 52
59 79 25
83 5 74
78 44 42
81 57 88
44 77 2
52 81 44
28 66 89
36 73 15
52 78 15
27 88 59
35 18 66
48 23 31
8 56 93
78 38 2
49 72 13
87 35 63
32 49 71
20 67 27
5 85 88
23 29 30
29 94 80
68 76 26
73 38 93
21 4 37
56 55 40
4 83 95
56 69 60
83 60 93
22 5 70
3 10 32
60 24 20
69 94 30
99 12 9
48 17 84
26 18 38
79 32 44
64 10 38
37 32 61
25 12 12
14 7 15
1 80 53
11 89 27
26 93 68
36 21 100
48 92 32
84 87 82
17 11 57
18 29 95
44 87 88
8 92 65
12 75 80
45 86 35
75 46 92
28 40 86
68 52 77
21 27 35
83 41 1
38 98 84
57 31 12
6 25 71
72 84 32
82 89 43
92 46 6
97 38 79
74 95 58
22 1 74
17 43 45
0 70 45
42 72 37
82 17 82
15 24 56
10 46 52
35 11 5
74 64 95
83 18 50
58 29 70
7 61 74
97 76 10
28 52 97
46 59 23
45 90 45
26 65 82
58 33 41
32 83 40
94 49 15
48 47 79
82 43 58
85 14 58
52 76 95
69 89 19
86 85 76
62 59 4
59 97 48
75 54 74
24 94 18
81 8 9
96 61 21
28 8 99
7 80 46
0 91 13
36 35 40
15 82 93
16 97 22
5 82 21
99 20 10
62 34 95
62 89 60
47 24 43
4 66 62
28 44 7
78 21 77
29 90 28
69 74 88
29 54 27
6 69 22
68 51 43
38 21 63
15 71 3
53 18 67
21 74 36
41 76 68
37 97 3
1 27 4
0 23 62
12 8 78
30 51 53
81 18 78
81 41 26
40 24 4
67 5 43
31 47 66
5 75 55
15 94 18
69 64 55
53 92 68
46 34 28
49 74 81
14 26 96
67 16 83
95 7 34
39 38 33
33 66 53
69 27 94
66 34 67
17 44 76
38 45 69
32 39 28
32 47 12
26 82 37
64 94 6
60 56 9
36 97 10
18 59 15
85 95 19
8 46 49
2 69 61
16 55 45
79 41 45
34 0 37
95 80 70
66 76 80
61 94 42
97 39 37
0 85 94
35 97 92
61 99 13
62 68 69
35 10 16
32 77 95
37 97 34
55 7 49
18 31 76
11 29 95
14 72 90
39 32 44
24 91 68
72 78 27
56 47 76
38 19 96
26 70 64
13 17 14
57 79 87
8 6 28
31 6 48
82 69 96
6 88 3
55 43 54
92 85 29
43 24 73
63 38 90
47 49 65
3 17 13
83 47 56
63 68 100
91 62 64
8 29 30
29 36 82
34 25 8
81 11 85
65 16 3
9 33 69
47 49 38
97 24 93
39 64 13
4 50 52
31 53 35
74 3 60
89 59 37
49 65 76
40 60 76
58 37 29
50 93 66
89 58 84
53 54 2
1 7 8
99 8 19
18 26 82
91 22 43
35 92 80
71 41 95
37 81 71
72 35 41
67 56 72
44 0 15
98 12 65
84 54 88
40 66 2
78 99 22
81 14 88
4 61 78
54 2 80
32 79 12
34 71 63
11 44 61
21 1 23
6 61 78
1 14 5
88 90 42
55 2 74
54 16 31
81 43 20
94 8 12
91 81 15
43 40 43
76 73 25
76 32 31
31 24 89
83 8 13
13 75 42
85 13 11
63 37 99
31 29 42
23 84 65
50 99 8
2 31 12
2 88 64
52 38 62
74 75 25
9 99 25
30 2 40
36 81 96
88 96 52
15 45 16
28 38 51
21 63 99
36 19 84
88 99 33
35 82 13
89 51 6
70 76 86
61 45 79
53 97 71
75 93 6
66 20 62
84 30 1
35 2 57
25 3 43
24 65 26
77 90 39
63 98 93
67 34 8
51 0 27
62 72 66
28 38 18
86 64 58
66 85 48
26 6 69
73 36 72
85 80 30
15 21 68
21 52 86
54 19 32
18 76 91
80 11 66
54 42 89
49 19 44
38 92 40
35 45 76
67 2 80
17 46 25
18 86 19
14 10 70
73 54 60
78 89 85
86 83 99
84 62 57
32 67 45
45 8 68
55 96 51
91 75 69
13 72 92
10 93 31
66 6 7
87 3 55
83 11 49
87 12 53
69 1 62
44 79 23
41 49 80
7 91 82
77 11 14
53 6 14
1 92 59
57 29 53
87 34 12
85 75 40
59 61 58
88 5 54
87 56 83
94 32 86
24 96 42
61 66 1
23 4 92
84 44 68
46 98 100
75 71 35
69 90 25
36 17 22
70 90 61
47 72 19
67 47 35
80 88 48
53 28 64
71 43 28
29 55 78
25 14 75
9 86 49
41 16 50
61 31 23
67 38 62
18 80 61
11 73 43
96 67 45
83 69 31
17 80 30
73 31 93
97 17 82
37 51 60
40 0 44
4 34 61
2 64 93
29 26 63
25 20 55
24 69 95
62 5 45
11 52 67
91 4 96
13 25 5
73 21 61
88 36 23
26 86 39
96 95 90
81 84 14
56 82 36
92 52 95
12 69 57
51 77 94
96 17 51
59 94 49
22 42 91
27 54 23
23 3 37
22 43 35
49 47 46
60 79 20
50 28 44
88 31 41
87 54 2
82 12 77
19 94 93
5 89 10
25 89 99
4 53 85
61 81 18
35 72 14
20 40 29
74 5 77
8 47 26
51 55 96
60 67 23
94 61 79
49 45 5
91 45 50
21 92 22
71 31 63
23 24 39
30 31 45
56 20 13
37 22 19
83 82 88
14 20 14
61 37 57
87 31 74
89 54 17
74 66 22
55 70 52
8 42 92
17 55 73
2 22 63
77 41 28
7 8 13
91 96 30
77 21 52
98 24 92
68 88 56
65 86 76
39 81 39
38 87 14
37 62 91
80 81 84
97 94 33
12 54 63
82 63 64
38 76 90
46 81 59
41 59 39
29 76 79
22 85 73
80 48 40
62 52 21
87 3 42
29 55 72
10 93 12
70 87 84
56 59 38
77 88 58
45 56 12
6 26 77
98 20 65
49 86 25
48 16 44
13 6 36
50 65 3
72 40 52
53 57 95
37 19 58
63 82 47
0 73 82
39 36 93
44 96 29
52 63 59
50 86 78
72 57 27
94 45 60
40 80 33
75 45 40
38 87 55
23 2 26
81 84 66
19 84 31
91 7 63
53 63 53
91 44 27
11 15 10
27 22 97
4 20 83
39 81 22
66 90 66
36 96 53
69 60 28
32 81 51
91 8 25
9 53 83
73 65 57
29 43 54
41 79 44
43 98 35
70 29 62
86 62 50
28 30 87
92 78 84
54 81 36
29 49 95
68 80 46
85 73 65
4 81 49
37 14 92
98 0 57
80 74 63
24 48 87
75 88 43
43 74 88
27 45 32
47 17 96
80 46 46
89 40 17
25 27 48
83 12 12
99 37 36
0 31 40
75 1 76
78 33 90
83 98 58
29 97 77
50 33 67
78 90 49
73 78 45
74 41 29
88 12 69
33 39 43
12 45 40
94 9 62
60 14 91
47 59 45
38 26 94
69 67 97
28 83 11
16 94 34
41 57 10
77 23 83
3 98 11
44 3 18
35 38 10
60 38 13
72 69 69
22 31 98
79 41 87
86 1 57
27 64 62
73 79 45
8 22 80
43 28 88
5 41 84
19 60 26
95 31 14
85 73 61
86 96 5
24 65 73
44 83 4
95 41 80
96 22 4
18 59 78
38 75 47
22 23 37
75 4 87
47 62 97
78 59 61
26 45 6
57 54 98
88 38 76
12 10 30
10 51 31
11 20 98
42 13 18
21 31 56
36 6 41
42 37 17
60 36 8
47 56 26
3 38 38
17 86 83
99 81 66
70 98 57
84 9 15
16 66 47
98 97 76
3 87 79
24 73 21
62 59 89
86 6 61
68 20 8
9 24 81
70 38 99
98 61 85
28 34 49
28 10 71
16 48 63
23 33 7
2 52 91
18 23 98
12 13 80
94 19 33
45 84 10
51 21 98
85 62 81
63 40 100
81 51 57
71 38 49
33 99 56
35 61 65
97 92 43
32 7 47
79 16 62
47 34 77
29 88 51
33 61 69
6 56 64
33 29 37
4 87 53
66 43 53
77 81 18
68 69 65
56 38 44
59 97 35
76 46 64
19 91 66
38 61 100
99 88 64
7 47 36
82 2 85
52 90 85
81 32 36
81 55 95
92 69 72
1 12 5
32 84 98
97 90 60
78 62 24
68 14 4
40 72 8
0 24 86
38 93 49
77 76 30
41 85 46
50 82 60
89 58 12
78 52 43
53 88 73
85 15 23
67 43 59
98 94 40
29 80 41
2 68 56
46 27 93
49 79 31
69 26 14
55 98 11
28 36 68
62 53 85
64 3 74
36 9 10
92 80 43
7 9 36
78 93 81
61 49 41
35 69 24
17 98 64
31 88 38
32 73 9
48 9 86
32 36 76
70 94 70
80 38 45
40 27 91
89 18 75
74 89 67
5 56 38
12 59 4
90 99 78
56 71 55
55 72 92
20 36 33
49 42 35
78 72 86
62 49 96
1 94 94
49 76 65
80 91 61
73 65 20
1 35 9
53 87 64
78 38 6
79 99 45
42 91 51
1 9 29
90 35 85
87 52 69
1 32 17
28 14 15
49 60 84
54 11 97
54 85 97
90 3 1
64 61 3
3 34 44
95 94 63
58 56 7
44 30 63
23 39 10
38 4 87
21 6 76
35 32 22
32 52 87
71 35 40
15 82 5
82 96 32
86 59 48
81 97 70
55 1 76
62 34 32
59 17 75
68 84 13
91 45 17
27 8 52
92 31 35
86 5 71
98 13 58
84 30 48
44 23 43
80 19 65
45 85 35
79 31 48
50 25 96
33 74 78
74 9 36
80 31 82
88 62 75
73 64 99
60 69 3
6 28 19
74 97 9
26 66 23
15 74 95
86 91 20
22 21 50
68 33 7
25 80 58
10 88 20
61 43 60
76 8 51
5 55 39
10 38 1
22 19 57
93 82 13
20 27 64
49 37 13
28 46 5
78 1 10
95 20 82
31 73 32
9 46 30
43 66 75
55 96 64
2 84 65
79 10 98
46 1 81
65 6 26
52 0 93
84 25 86
19 73 62
74 39 15
76 3 64
70 2 29
29 49 68
11 31 91
41 98 45
81 49 72
84 21 48
82 6 2
96 84 73
59 53 1
44 79 71
64 69 11
53 91 45
94 42 44
43 29 49
79 37 28
46 77 45
78 31 86
27 41 52
61 55 26
80 89 11
43 58 61
59 82 36
63 81 62
99 78 43
50 23 94
0 94 74
56 16 38
88 49 45
31 98 73
44 69 58
17 44 15
30 51 29
77 93 38
75 60 94
61 50 56
27 86 99
31 63 4
86 67 60
83 81 41
34 12 12
73 20 79
98 69 28
65 48 70
38 63 52
95 78 53
26 98 56
57 31 62
69 88 50
2 0 3
33 55 22
66 97 52
66 94 19
64 69 46
19 21 80
4 9 92
16 95 71
74 44 72
18 17 2
5 10 25
62 90 26
9 88 15
56 61 56
40 18 87
32 28 98
25 35 97
8 36 14
73 50 23
45 10 97
38 48 28
67 75 22
27 57 58
38 76 15
42 77 69
3 31 89
98 74 26
90 20 94
29 83 5
62 84 71
21 0 26
85 90 43
73 98 95
76 84 54
16 14 14
22 91 69
76 33 36
87 2 94
22 4 20
51 62 44
75 8 89
60 69 87
73 97 1
4 98 84
61 36 46
52 12 19
52 94 18
23 22 12
94 3 77
92 17 86
51 36 15
78 67 23
23 98 35
90 98 80
67 66 46
90 25 33
78 72 24
25 41 63
17 34 3
13 2 23
11 65 62
24 51 26
91 62 4
73 75 25
82 80 27
16 12 74
14 39 28
76 29 29
1 89 71
32 94 31
51 74 64
19 54 62
21 32 36
93 84 35
9 31 12
30 29 79
93 55 73
79 86 72
56 0 1
10 41 74
78 87 51
71 42 16
4 27 77
3 4 80
70 78 73
8 95 75
86 16 1
61 69 7
53 24 83
57 99 92
16 85 7
2 10 75
94 65 53
72 20 80
25 92 19
74 27 26
81 31 34
41 94 21
79 43 76
60 31 7
5 97 54
65 47 27
76 55 68
68 29 42
48 64 26
23 20 77
3 84 89
53 48 79
83 42 36
14 44 19
21 12 28
36 74 53
95 32 63
65 1 95
86 43 51
72 99 45
11 65 49
76 30 98
33 99 43
72 89 96
72 90 31
91 60 94
81 94 52
47 19 94
6 81 31
25 13 26
12 65 20
41 54 1
26 79 17
67 35 42
53 99 24
57 89 55
37 22 99
27 84 25
91 83 70
35 90 76
41 31 71
88 41 77
45 67 45
57 11 72
27 63 15
68 89 3
51 74 58
3 15 44
8 61 4
18 92 95
82 9 31
21 36 71
69 94 93
90 56 6
36 82 87
29 81 89
98 6 8
2 97 23
22 30 57
53 26 28
95 43 46
43 92 36
83 78 91
51 89 63
94 95 63
50 23 88
42 38 89
1 60 26
22 88 38
53 41 1
9 35 43
25 89 12
6 97 94
81 82 3
92 38 75
69 68 100
36 65 58
13 72 54
26 8 100
93 22 50
56 58 19
48 95 49
8 68 30
12 71 30
25 39 100
12 10 47
87 81 90
58 52 48
99 83 1
34 48 74
27 98 96
15 79 94
66 23 16
73 44 52
87 59 83
34 38 85
36 76 94
38 55 13
76 36 9
44 31 9
66 23 80
34 93 24
63 50 92
38 94 4
68 23 60
15 23 50
67 94 40
51 67 87
88 20 99
49 28 92
31 26 99
92 10 60
94 22 81
64 9 49
37 50 2
63 76 60
22 61 7
98 16 97
93 67 18
22 43 53
70 33 89
11 30 9
28 79 52
8 91 72
58 91 17
74 9 8
29 90 93
86 85 57
78 65 19
80 90 67
22 94 54
61 44 8
35 42 89
75 18 56
34 0 42
39 68 43
3 36 99
1 64 83
8 61 21
75 39 76
3 7 56
81 10 48
44 17 10
70 9 32
4 2 87
41 18 40
26 40 41
21 59 22
66 47 51
90 25 4
96 52 60
50 8 3
91 73 89
64 49 83
77 1 41
77 30 20
60 54 78
58 68 47
26 36 14
30 79 85
54 31 81
61 20 20
19 74 38
77 99 49
28 21 47
36 24 12
87 35 99
30 70 25
18 17 76
6 85 31
53 48 46
67 7 22
62 42 78
48 66 9
10 45 79
35 15 87
43 82 57
62 11 67
15 95 12
38 25 64
14 91 58
81 49 79
96 26 84
36 35 81
13 57 53
43 79 9
40 79 50
31 22 35
84 86 90
18 89 16
16 38 41
57 55 68
63 49 76
55 25 57
67 51 100
26 6 14
30 57 14
15 95 18
24 23 78
59 1 39
79 34 46
49 30 26
24 99 94
80 82 44
78 1 36
45 34 61
95 9 45
4 81 96
71 1 32
95 13 24
57 94 94
91 12 47
33 37 79
28 25 4
86 51 77
22 77 45
36 62 37
29 89 36
34 63 73
7 97 22
36 31 31
76 11 33
27 93 72
50 43 80
25 1 16
19 8 12
38 48 50
73 26 98
29 63 23
47 82 56
25 2 17
65 79 40
66 6 63
18 2 86
27 65 79
23 48 74
88 75 28
7 29 78
76 12 67
56 44 83
35 43 31
97 53 50
80 30 13
97 32 4
30 89 1
57 68 80
44 72 19
67 2 21
37 84 73
5 70 70
86 28 7
0 2 22
70 26 51
13 32 83
85 29 20
68 27 71
29 14 64
85 19 78
75 47 39
35 4 58
9 66 80
41 70 67
39 69 57
51 96 14
95 52 2
72 2 49
75 81 86
3 23 65
54 11 32
72 28 11
65 20 57
99 67 43
56 80 95
16 89 67
42 77 38
20 24 45
1 43 30
68 18 92
23 65 60
24 25 49
71 16 71
14 89 97
39 13 81
94 4 100
86 10 30
49 13 62
98 37 27
55 52 50
42 86 32
87 74 85
97 26 23
77 65 3
54 97 55
88 97 38
59 50 9
10 84 63
40 87 3
0 62 61
84 85 71
38 99 8
86 4 55
33 11 6
57 74 3
93 15 85
73 0 97
6 28 77
3 41 66
78 32 8
59 94 52
17 94 95
37 7 69
54 12 3
11 9 45
65 96 80
5 17 22
83 67 53
99 76 81
33 87 42
35 91 22
5 48 93
68 45 18
64 13 94
73 3 40
91 92 56
65 60 31
39 38 12
25 62 96
53 13 25
38 94 36
80 18 31
54 50 89
8 38 97
1 32 41
12 39 70
8 97 67
9 30 84
43 10 48
36 40 38
95 58 48
94 56 32
57 80 26
13 11 60
54 78 13
88 61 56
75 44 95
49 51 91
89 69 50
59 28 100
77 15 62
90 94 39
53 10 83
84 14 43
25 31 16
6 10 32
81 10 50
69 35 90
41 45 1
64 59 98
94 1 13
76 19 2
6 16 76
83 36 86
48 0 94
97 94 5
34 17 8
33 44 67
23 52 91
92 14 74
10 18 72
92 36 11
66 75 6
94 25 98
31 91 26
72 68 79
52 38 81
15 82 27
64 58 51
35 95 84
68 66 29
76 35 38
57 96 55
43 41 6
88 64 96
24 50 90
3 49 44
13 95 35
6 83 8
92 15 2
89 16 33
82 72 22
86 95 33
95 61 24
84 42 46
17 12 42
35 36 47
77 12 68
51 90 61
88 90 29
19 50 95
48 74 55
42 74 87
54 87 32
10 13 78
7 74 1
54 36 100
95 36 88
22 89 19
13 10 73
39 47 32
99 71 16
45 39 23
78 57 35
79 78 23
49 86 38
45 85 99
41 15 4
27 67 52
17 4 40
65 44 22
5 30 22
7 86 51
25 68 55
13 72 72
46 13 23
30 68 41
0 84 39
58 75 34
32 55 57
31 2 22
56 95 75
75 6 72
64 5 48
4 38 69
42 47 36
79 25 1
83 5 18
46 65 3
41 0 33
52 30 23
16 5 16
27 61 81
32 69 38
74 73 79
98 16 70
64 83 32
74 29 20
51 4 95
70 84 14
74 13 40
27 98 65
94 6 72
51 20 23
48 45 13
88 70 74
64 69 15
68 77 84
66 5 99
53 36 44
67 8 25
28 57 64
77 91 36
96 60 45
32 55 67
0 4 81
3 93 73
66 59 38
15 71 86
98 99 97
75 26 2
41 54 97
53 59 4
39 42 10
30 16 11
5 39 76
77 80 84
44 49 10
98 26 8
84 91 74
60 77 88
46 15 90
48 23 36
89 50 59
84 19 58
62 16 83
99 38 85
17 8 32
25 4 57
80 17 43
92 85 56
81 33 8
80 20 87
51 83 15
89 47 5
23 37 65
84 32 64
11 53 71
80 49 7
88 27 11
47 34 97
45 15 43
88 74 10
85 24 26
93 10 10
59 40 41
30 12 37
86 87 89
0 68 82
32 59 39
74 32 64
24 51 87
80 53 58
6 42 85
97 13 30
94 40 70
57 75 41
27 35 53
1 92 73
66 36 51
96 60 67
10 81 32
20 12 11
2 27 80
95 6 96
3 64 93
10 13 99
67 51 93
62 33 65
15 93 2
29 76 18
51 62 38
95 51 6
50 81 7
78 29 16
7 48 75
69 62 91
83 45 94
70 45 20
63 73 67
97 24 5
14 62 21
7 48 12
61 37 6
18 75 52
9 90 47
98 15 52
98 56 13
79 28 68
64 59 74
98 51 51
72 5 36
83 9 13
31 73 14
83 34 60
82 9 19
10 59 20
74 32 47
73 23 28
86 8 35
63 91 88
9 85 1
47 97 98
32 85 80
46 62 21
34 94 49
21 16 94
60 72 80
84 48 17
32 47 24
54 83 3
65 19 54
45 73 21
86 87 60
11 35 43
81 61 29
90 43 35
44 4 55
85 1 46
98 73 41
84 92 3
18 72 52
2 77 64
55 15 72
21 68 86
15 97 54
4 15 64
5 96 30
98 92 83
18 96 31
53 1 98
25 74 82
25 45 61
24 43 54
43 23 64
5 80 92
54 79 39
54 37 61
64 95 93
91 95 77
74 10 41
22 79 42
67 30 6
91 6 47
16 79 95
40 21 1
27 96 35
70 23 15
45 74 66
26 74 43
52 46 78
32 84 59
88 89 27
21 93 65
4 23 100
46 40 72
32 34 42
69 87 64
27 17 2
64 59 92
11 17 74
52 58 16
45 79 69
17 48 36
85 92 41
90 4 69
18 69 59
94 62 14
26 76 64
67 96 90
8 74 67
73 28 64
69 27 54
90 87 39
9 53 46
12 10 75
20 68 90
6 14 33
90 49 36
7 38 91
30 72 66
68 74 19
94 91 70
21 26 97
96 62 31
3 37 9
54 19 39
95 19 62
7 6 1
19 64 87
2 0 9
5 53 45
79 57 16
6 7 73
75 62 94
61 14 86
16 63 25
80 98 36
54 25 73
20 49 35
11 50 80
84 77 87
17 67 48
50 37 44
12 54 34
31 40 20
62 15 71
5 71 27
24 30 11
38 6 31
77 74 23
10 85 74
34 37 6
93 87 21
38 24 96
62 68 53
3 8 57
14 92 27
28 24 53
77 85 48
11 1 73
72 83 85
17 93 63
46 28 58
11 32 6
56 45 33
59 28 69
63 78 61
85 50 52
31 37 32
88 46 67
44 49 69
75 46 66
3 26 53
71 39 20
98 22 80
37 97 36
84 73 14
98 26 27
55 42 38
74 36 7
60 47 18
57 2 82
79 39 33
18 69 85
67 46 54
13 99 9
20 59 36
38 50 54
50 9 86
90 96 29
23 19 48
7 79 9
85 14 29
35 19 21
56 83 89
18 2 49
5 45 87
34 98 30
67 90 81
36 98 58
86 8 26
35 47 85
40 37 59
30 56 81
52 30 31
67 27 15
38 71 97
79 17 39
97 11 86
5 93 19
51 23 49
32 24 32
15 24 54
33 35 4
22 42 68
83 43 68
41 80 6
33 22 7
94 95 43
17 96 100
58 1 98
46 10 29
0 39 28
78 57 25
21 18 67
70 83 49
22 2 29
71 47 26
50 25 97
48 14 82
14 73 27
25 71 68
11 28 10
60 64 97
65 42 61
9 68 28
0 17 17
78 84 18
96 55 1
9 89 96
33 25 30
46 14 80
29 94 97
65 91 98
21 35 9
90 8 79
0 49 68
62 0 10
79 74 85
56 81 74
21 94 47
76 31 27
29 95 73
59 73 7
95 94 39
94 63 99
33 16 3
49 31 91
7 69 48
88 7 48
40 67 27
27 63 47
82 66 60
21 80 67
30 63 40
28 3 64
57 48 35
51 62 75
60 14 13
44 86 89
90 69 98
4 9 13
42 7 33
26 56 41
0 22 72
64 91 50
98 76 62
32 7 65
64 27 18
88 35 94
43 31 62
96 35 57
62 48 80
87 48 14
85 49 2
15 13 15
17 47 42
84 22 72
20 16 33
74 32 43
50 11 41
11 19 7
6 59 7
5 10 98
67 0 48
58 73 48
86 45 82
29 74 63
13 90 36
59 74 60
19 39 34
75 35 31
40 26 39
73 94 53
5 16 61
68 23 25
48 91 65
70 0 73
41 1 80
75 99 76
96 94 11
87 60 41
36 53 12
88 27 44
75 79 76
99 89 55
13 74 17
50 25 44
88 99 17
50 92 61
39 33 6
85 88 42
99 47 84
46 9 18
92 8 1
32 76 59
45 56 49
81 50 43
71 69 9
34 5 46
35 74 38
69 74 87
54 13 46
44 28 55
17 56 47
25 55 57
48 12 6
49 82 29
70 17 82
49 61 3
64 69 3
29 89 68
1 16 64
76 28 99
64 34 56
17 20 14
59 30 16
11 72 38
96 84 49
24 87 54
90 1 24
10 0 37
49 56 83
8 48 7
82 71 83
20 52 13
55 29 60
68 85 31
23 37 42
32 0 100
65 43 65
89 24 99
28 17 79
26 19 25
25 2 90
81 1 51
56 26 56
20 77 57
47 85 10
92 67 10
94 61 29
1 30 51
3 66 65
78 29 11
19 46 74
41 87 82
31 70 18
90 51 28
99 23 80
4 54 95
95 34 63
20 71 26
84 86 91
32 10 65
1 21 96
38 1 19
65 19 29
54 81 13
72 46 36
49 55 32
39 91 5
64 24 51
89 65 80
35 75 73
63 42 67
9 25 79
45 78 4
10 46 97
92 68 39
80 3 34
46 98 73
44 75 32
59 80 45
47 42 97
58 65 89
66 8 89
69 16 33
8 45 64
2 26 42
27 13 42
44 25 93
96 11 5
68 2 2
77 95 18
70 14 21
4 55 7
27 12 78
3 7 94
3 42 14
38 60 57
4 6 7
7 14 40
26 31 47
85 16 80
34 25 39
95 21 61
1 63 60
31 20 85
98 96 2
35 46 47
78 96 48
59 65 33
70 47 98
46 98 46
17 44 83
98 6 74
65 10 90
73 1 100
59 77 49
98 19 83
57 61 35
25 88 100
53 67 39
2 94 12
96 22 9
5 93 84
23 60 100
22 53 65
19 62 73
68 58 11
84 42 35
30 65 50
29 31 38
6 33 46
92 65 48
95 58 11
25 94 61
34 28 11
24 99 56
39 47 70
20 53 3
12 21 60
37 63 40
14 3 68
74 32 61
9 48 74
9 82 50
50 74 34
63 93 51
67 16 30
7 62 18
7 87 97
11 39 46
48 73 9
26 63 77
87 12 66
23 15 22
51 93 12
40 68 39
17 14 69
51 94 57
61 26 12
81 38 55
14 19 44
8 19 14
74 64 59
88 80 100
34 44 32
25 51 93
46 90 74
94 26 82
31 89 80
13 74 75
0 92 48
44 88 25
25 76 60
17 75 11
97 17 66
75 5 76
1 59 67
69 48 93
34 25 40
86 67 3
59 19 5
60 5 40
28 94 20
20 22 42
85 39 94
49 12 88
94 95 30
67 40 35
97 92 49
16 24 38
75 82 5
34 98 41
46 13 86
50 25 32
75 88 4
28 30 86
56 94 15
32 0 1
5 28 78
60 63 70
15 13 100
0 85 48
98 83 43
28 86 72
88 53 9
3 96 9
33 38 76
41 79 39
92 48 69
8 96 49
19 76 89
50 22 1
46 22 65
69 7 4
25 75 49
50 4 92
44 96 46
63 31 29
80 25 26
89 30 74
58 6 37
5 41 42
13 39 80
86 5 99
64 39 69
2 81 22
48 18 93
58 35 2
41 39 70
49 90 83
23 67 32
61 14 68
4 92 8
73 20 53
28 86 71
50 59 54
87 60 59
49 0 1
75 24 26
2 27 67
27 87 68
40 23 5
41 64 70
22 14 6
72 88 85
77 67 60
68 20 30
41 3 50
86 37 70
83 88 1
32 53 42
13 17 30
28 30 28
63 8 17
8 85 39
11 47 28
30 56 11
17 37 97
72 13 15
28 22 64
58 97 36
23 99 6
89 87 93
4 84 91
27 25 18
21 58 30
57 64 73
2 87 15
59 92 21
6 94 82
86 1 81
95 48 70
53 69 50
95 46 16
79 55 5
6 73 23
63 64 86
65 16 1
44 59 54
59 27 76
33 91 88
57 50 38
37 4 5
7 4 96
40 11 81
13 91 92
52 66 35
41 32 12
38 95 82
77 49 78
31 23 12
4 20 12
32 23 24
92 98 61
40 21 76
28 67 14
54 8 53
26 15 6
42 80 99
63 73 14
56 54 12
43 13 82
6 70 18
21 66 12
1 43 50
10 63 43
69 94 8
56 4 63
46 47 100
44 5 16
64 29 43
99 50 59
73 13 45
84 78 69
30 76 58
93 20 23
8 94 81
84 93 61
38 74 87
79 32 95
66 64 17
50 82 19
46 61 91
26 34 100
51 6 93
24 84 71
88 29 58
66 29 25
48 95 27
26 48 46
15 94 14
89 98 17
54 61 63
83 77 70
30 56 33
1 70 6
32 93 47
19 15 37
76 53 46
50 53 95
53 37 2
40 11 24
49 71 1
19 41 13
0 25 18
4 12 93
1 6 1
47 66 1
86 91 46
99 35 70
75 81 19
51 19 87
30 10 95
70 85 73
69 1 55
31 86 6
12 79 31
76 29 69
39 44 35
7 69 76
46 75 24
53 78 57
3 61 21
98 20 76
72 44 46
65 59 72
62 68 49
42 55 15
98 39 58
6 47 42
42 77 23
25 61 89
15 75 24
79 89 79
85 5 36
55 81 26
16 33 97
21 28 98
38 33 52
33 38 5
92 91 38
84 0 92
18 56 71
47 1 64
24 51 82
87 8 91
88 92 17
36 42 5
99 76 58
84 20 6
19 64 75
27 47 17
7 29 31
59 87 75
47 94 85
88 61 19
8 32 37
82 63 77
64 60 76
8 90 28
42 89 59
16 25 20
78 97 28
66 4 51
74 56 60
91 88 75
28 7 48
60 24 97
9 3 84
39 46 65
31 51 12
79 7 35
89 53 64
17 89 43
45 13 32
71 39 27
45 85 24
84 16 37
8 65 44
75 83 53
93 52 91
35 22 76
73 91 14
92 91 2
84 47 65
12 33 29
9 52 6
20 58 59
5 92 77
10 92 38
59 46 72
36 73 17
56 78 22
39 23 66
96 31 41
27 78 72
1 32 96
9 3 89
92 73 13
30 16 67
84 24 52
14 46 97
50 89 56
20 50 87
37 18 17
82 45 39
58 66 76
62 39 32
11 13 26
65 66 72
60 85 65
1 96 98
52 60 1
86 98 62
81 52 40
73 57 84
52 6 18
29 50 95
35 33 43
10 70 19
2 4 97
44 82 69
14 93 55
41 98 17
93 20 99
77 83 65
33 77 1
93 39 44
92 28 75
76 47 53
83 76 55
84 64 24
21 84 81
31 88 27
22 74 50
70 52 94
95 29 64
88 25 76
98 86 24
40 64 39
42 15 92
58 24 100
85 96 7
6 15 100
42 38 60
97 36 19
83 75 74
19 78 90
60 18 82
96 44 52
28 38 53
34 71 15
9 17 94
97 11 51
62 25 20
43 25 65
48 2 49
81 22 75
60 71 96
56 30 32
15 31 17
25 95 11
10 86 22
98 25 99
19 15 51
25 0 26
40 36 98
55 58 78
45 67 69
19 72 90
61 57 28
10 31 91
89 47 10
76 28 67
65 94 11
90 70 39
29 6 60
67 90 77
30 64 22
48 9 49
47 27 40
55 86 20
41 62 87
76 15 63
93 66 22
81 96 99
47 6 55
3 24 85
79 75 49
19 65 28
41 87 60
84 72 42
90 46 89
84 66 82
9 69 30
38 16 11
1 40 8
34 13 51
40 52 38
87 52 15
98 75 16
55 44 36
15 52 52
78 60 78
85 50 86
8 59 67
74 75 30
6 59 7
15 45 91
69 41 97
32 72 100
59 52 3
68 33 82
31 14 62
63 68 69
3 82 15
84 30 100
60 62 69
16 23 2
69 95 48
0 98 12
22 21 46
15 41 13
73 15 70
4 55 69
18 8 49
36 66 5
19 44 8
61 91 81
30 87 7
97 53 87
85 29 71
37 17 60
10 56 12
45 0 5
0 56 31
1 64 40
94 99 28
96 74 27
54 69 55
5 56 4
40 19 4
21 86 54
83 44 29
71 1 95
53 69 53
74 48 7
31 67 97
26 68 61
20 65 43
92 33 32
63 18 67
90 61 94
99 63 28
79 27 19
24 56 9
9 79 39
44 24 83
47 89 92
68 11 15
37 27 30
85 54 72
29 13 4
86 4 18
73 29 52
72 32 40
81 40 5
21 13 31
15 73 34
88 48 30
62 99 8
12 24 25
69 81 18
36 48 16
25 51 54
1 85 79
71 31 83
47 76 91
22 51 59
27 23 20
68 25 5
63 86 75
72 42 9
3 0 61
79 63 50
95 78 36
64 41 61
99 20 76
98 70 59
98 58 17
42 12 52
22 97 79
7 32 88
9 3 95
41 72 98
44 21 72
57 59 10
46 62 2
85 97 8
94 8 9
98 89 8
68 53 31
10 33 7
30 0 20
34 78 79
32 73 99
23 96 13
73 11 32
27 5 39
48 2 57
92 99 11
16 83 96
15 74 95
95 30 31
77 69 32
35 64 85
54 36 30
36 33 7
94 24 93
23 58 8
65 59 87
85 26 11
60 51 69
18 64 66
41 15 20
17 46 97
45 34 68
60 16 55
11 23 12
4 25 45
17 10 50
80 34 57
58 17 53
7 60 10
0 97 82
85 21 33
57 10 15
30 98 88
23 5 56
21 24 93
41 80 75
15 61 37
0 43 18
69 96 59
25 59 5
10 74 10
90 4 78
61 59 14
39 1 20
85 90 42
59 12 65
37 61 23
59 18 6
99 32 38
49 72 63
9 99 10
91 7 65
11 19 53
27 53 94
8 14 91
94 63 89
65 6 15
76 9 40
92 27 75
63 54 90
18 62 94
58 97 20
88 92 22
58 14 100
25 21 90
0 68 81
5 31 78
62 72 45
57 13 79
96 84 95
38 46 52
55 79 17
76 33 58
4 81 99
36 10 27
56 76 49
84 88 60
54 75 56
44 97 29
23 21 43
34 5 21
73 12 72
56 9 84
37 30 62
61 78 75
24 80 74
3 92 92
65 63 21
87 47 99
29 35 31
27 57 47
46 45 29
65 98 17
42 6 32
2 81 28
82 57 1
64 73 72
90 39 77
85 62 56
51 42 97
57 61 28
12 27 20
97 2 71
73 19 55
6 86 35
66 9 60
48 79 35
1 55 94
46 28 16
4 24 48
3 60 6
37 86 28
67 17 40
99 55 20
2 27 35
96 90 36
13 56 52
40 41 92
77 53 27
97 51 30
53 15 12
78 93 33
47 16 11
8 1 52
4 85 77
73 55 64
6 60 98
78 50 90
2 64 8
86 1 5
72 22 20
43 80 48
31 73 83
21 73 81
77 58 90
54 5 27
57 9 10
69 11 57
38 59 29
0 70 58
89 4 8
95 77 96
46 70 94
17 51 92
56 21 25
5 98 19
74 64 32
84 4 56
82 14 99
53 56 64
90 68 57
14 66 40
52 11 92
3 54 76
15 89 51
63 21 47
27 74 78
95 6 42
23 92 66
89 58 94
10 1 31
33 84 66
59 67 24
14 86 59
97 56 90
40 52 79
34 43 25
81 17 66
73 56 35
14 10 30
7 52 10
93 24 88
43 37 7
67 44 55
10 55 45
15 21 69
17 57 46
3 65 37
99 68 93
61 69 49
12 60 29
66 89 86
62 42 1
19 1 19
83 89 1
55 98 69
47 60 27
70 15 7
6 18 66
56 21 45
55 6 56
40 1 7
95 3 2
30 2 12
30 49 22
89 75 53
63 56 81
85 82 44
84 64 21
96 98 28
77 85 70
40 22 74
10 89 67
25 41 40
79 15 69
64 58 45
17 64 88
86 19 32
66 14 100
50 1 49
66 67 36
72 47 55
7 90 37
54 3 66
73 86 7
29 91 15
21 55 65
2 73 15
93 33 98
77 22 55
50 21 22
36 88 1
57 73 46
71 42 71
30 24 51
25 18 86
24 32 91
98 37 63
3 5 37
4 24 22
23 78 36
16 88 40
71 11 87
19 84 33
92 53 19
6 64 11
65 78 39
73 46 86
80 40 93
39 26 85
34 42 52
93 29 89
90 52 15
95 52 59
32 27 28
82 96 88
55 32 7
48 53 8
37 24 34
4 8 39
70 80 49
24 94 36
22 62 65
71 81 3
45 85 98
81 61 68
79 11 36
7 81 53
70 12 47
23 35 12
19 97 6
49 69 60
51 20 72
20 92 32
93 6 23
84 99 97
92 1 93
42 71 96
46 37 72
36 2 43
92 20 98
33 18 31
27 64 53
61 49 1
97 13 29
34 47 79
27 72 92
42 80 13
73 17 52
99 4 85
76 70 51
58 80 37
81 83 17
59 84 99
54 99 10
34 24 36
91 22 36
3 47 58
37 50 28
30 55 92
92 13 56
29 39 11
14 10 89
51 5 25
26 88 3
54 58 77
10 83 43
83 55 100
22 27 45
37 7 78
45 20 85
96 17 16
43 33 18
33 31 63
96 29 29
81 10 1
81 86 71
31 22 34
88 52 96
58 39 38
4 82 28
7 11 43
35 26 29
16 24 76
3 49 32
56 85 96
17 21 66
32 48 55
54 41 85
68 7 99
8 69 27
61 40 61
82 46 99
27 79 78
4 51 97
84 88 88
65 24 20
89 19 29
67 14 15
37 18 86
50 12 1
70 13 47
45 33 21
49 64 7
29 45 32
2 46 11
49 48 34
10 21 18
31 27 90
53 6 71
64 30 44
27 92 5
46 13 53
64 14 95
34 35 98
24 89 95
0 92 92
99 83 53
38 63 70
63 97 97
31 32 23
71 75 77
34 19 76
22 76 69
8 26 1
89 23 56
53 65 36
41 18 15
9 37 3
6 20 53
62 67 20
24 44 50
34 14 44
2 26 46
14 21 15
85 94 47
47 24 28
79 2 51
94 63 46
3 42 8
33 89 50
10 32 53
95 15 44
50 15 63
6 23 6
56 23 83
43 60 94
76 88 15
67 82 28
3 45 66
62 12 48
63 98 89
57 61 84
5 83 69
53 83 80
70 26 33
24 89 54
12 21 9
95 4 72
98 9 43
76 90 10
96 63 14
94 26 71
8 62 40
42 35 16
93 65 72
4 29 73
91 39 38
20 14 61
56 57 82
3 32 52
80 47 60
57 56 56
92 59 32
54 42 72
48 0 93
36 2 20
51 16 17
12 69 50
79 20 7
55 76 28
88 76 35
44 6 1
43 70 3
44 12 16
21 43 67
35 75 1
56 88 88
44 15 2
70 67 21
82 47 19
58 99 13
96 85 13
1 63 59
84 73 14
28 12 11
25 38 48
30 51 55
36 59 82
75 77 29
7 67 43
37 12 74
6 92 31
90 13 5
92 69 62
67 44 78
52 47 44
23 24 18
84 90 19
30 21 49
33 92 7
22 7 14
5 83 71
27 4 59
93 80 62
98 90 14
19 95 41
15 1 8
90 89 9
47 54 50
96 97 81
17 88 41
71 82 67
34 86 54
70 25 2
63 74 5
19 47 45
17 56 62
38 23 41
42 21 67
59 79 34
6 92 17
56 39 34
59 43 47
52 18 13
88 52 11
32 1 97
57 81 81
45 27 40
61 19 41
21 85 22
69 53 28
22 86 9
50 69 55
43 99 7
18 82 43
6 40 52
75 4 28
8 75 18
83 99 67
7 23 71
55 32 28
71 8 35
10 50 27
91 72 32
25 57 11
32 95 49
79 50 96
52 25 53
90 74 2
55 93 49
36 86 2
25 40 49
37 40 29
96 90 73
56 62 57
32 80 71
84 88 76
45 50 85
96 4 59
27 42 47
96 62 23
27 9 36
49 79 82
95 84 70
71 54 73
92 76 19
50 92 17
53 42 27
14 84 75
82 99 62
14 34 95
24 77 16
91 86 47
89 46 89
90 53 76
32 64 95
57 54 100
90 84 53
98 62 9
24 97 98
55 83 14
31 43 8
77 49 75
51 2 47
18 75 8
31 81 68
18 72 23
65 35 89
31 3 8
51 76 88
36 93 81
73 30 91
42 7 11
48 74 69
22 88 64
24 61 22
94 29 41
65 85 52
22 2 90
5 3 82
57 90 16
81 34 8
42 15 17
12 36 67
52 12 95
90 95 48
14 9 14
38 22 9
83 45 37
47 30 52
79 29 94
79 83 53
46 68 58
50 17 40
42 39 1
49 58 88
51 69 51
27 43 91
2 0 8
98 83 70
30 82 47
95 80 67
38 90 86
9 8 7
48 84 45
99 94 21
77 59 22
42 41 52
48 82 83
73 1 56
37 21 39
30 2 43
6 90 19
97 72 54
73 29 40
38 59 18
16 67 59
83 17 54
39 69 56
6 22 93
2 67 44
53 93 41
41 44 54
98 43 37
96 8 73
95 11 2
61 68 94
97 13 72
55 86 57
62 92 33
0 78 15
34 14 54
60 16 87
79 43 55
65 75 37
65 96 45
35 77 82
65 58 96
83 7 59
86 72 70
83 5 100
74 48 53
24 92 30
45 47 49
77 70 45
99 76 73
78 96 46
70 43 80
45 17 49
26 39 49
43 15 50
72 77 48
5 50 43
30 6 41
88 15 27
54 60 28
88 3 70
71 87 86
27 7 86
70 39 43
98 11 42
87 13 84
34 37 18
30 81 97
70 56 99
29 44 19
45 44 34
24 86 81
22 56 26
88 42 72
89 18 64
1 26 46
63 39 16
80 92 27
19 65 95
7 17 85
21 35 64
53 18 65
56 21 75
85 90 54
39 81 66
78 1 59
58 64 85
48 55 35
84 62 78
69 23 13
56 38 61
62 55 80
82 36 93
54 91 96
30 61 68
24 28 47
40 61 90
67 9 49
11 30 83
68 97 36
4 15 76
95 69 12
41 28 80
81 23 48
78 59 64
98 75 90
56 28 17
39 11 85
31 59 62
42 16 16
69 36 20
15 80 76
90 28 76
18 31 41
56 89 75
53 69 10
87 73 28
76 15 22
47 11 62
3 55 17
16 74 61
21 40 5
50 19 56
30 4 78
40 64 33
67 29 98
88 50 25
74 78 33
13 17 2
17 69 43
72 7 85
38 56 23
61 79 4
4 25 66
7 62 7
59 4 35
63 7 34
25 33 54
87 44 3
37 56 56
86 32 11
27 7 1
87 35 66
79 6 79
4 53 83
70 65 21
54 68 83
88 15 17
60 94 81
62 45 32
17 13 76
26 68 7
28 90 81
73 62 52
23 67 17
68 12 60
86 78 11
86 66 88
65 18 31
61 7 9
51 40 75
26 1 76
48 24 14
84 40 13
16 26 62
25 37 96
57 77 87
4 44 75
39 36 56
71 33 71
52 12 12
19 0 64
60 71 78
19 96 14
1 75 93
18 95 6
37 23 78
21 33 43
31 68 71
10 56 3
12 93 49
3 10 53
6 99 89
66 92 91
64 41 37
19 82 22
73 77 56
90 87 84
66 38 69
17 39 27
93 7 59
45 9 7
23 11 67
11 16 8
38 85 95
97 56 88
74 43 36
31 92 35
80 82 60
54 73 100
1 26 55
95 28 84
41 27 7
41 77 52
54 56 73
96 32 93
86 68 45
62 22 26
58 39 81
38 70 8
60 47 77
60 67 51
31 51 12
52 7 22
26 42 1
27 60 83
62 74 47
62 88 69
8 60 57
59 10 90
77 13 17
10 8 53
23 15 90
17 48 28
68 67 12
92 23 65
92 73 55
67 19 97
65 54 84
45 67 49
87 80 55
8 4 71
22 68 11
47 63 30
58 38 19
87 25 91
79 57 36
48 87 45
70 2 58
36 50 24
86 69 60
94 86 44
75 13 39
54 58 74
49 42 67
36 95 55
71 20 42
16 97 44
70 84 92
89 70 67
77 73 55
51 77 25
25 88 91
69 79 74
61 78 44
33 0 3
55 2 50
67 54 40
38 37 60
17 85 63
23 12 98
94 28 43
77 75 58
30 92 62
46 7 66
81 86 79
76 56 24
62 37 91
87 95 6
76 26 2
65 55 14
0 30 28
38 25 59
32 7 85
4 49 36
10 55 95
84 85 8
68 4 15
85 25 64
87 56 87
63 19 50
26 70 16
43 3 38
59 54 45
1 86 44
42 26 77
96 84 10
30 68 4
36 39 82
22 82 54
51 95 46
30 6 96
42 55 79
81 71 17
91 67 98
54 79 13
55 73 95
18 43 30
1 88 19
93 40 25
87 63 40
60 93 16
44 14 28
23 10 91
86 88 86
72 45 32
98 36 81
59 56 92
47 3 78
87 55 32
11 10 52
52 70 5
65 30 79
27 3 52
3 52 78
66 81 66
58 21 100
29 71 93
56 72 82
14 24 90
86 90 10
18 74 98
97 3 45
74 89 31
19 7 37
55 25 24
63 68 8
57 97 17
7 32 7
42 76 29
81 45 20
34 67 91
35 0 41
66 32 41
35 47 72
67 58 85
90 66 31
34 61 11
96 60 18
27 83 51
52 22 76
82 2 65
35 60 68
87 48 52
80 0 46
75 12 40
9 44 85
78 20 18
55 29 26
47 65 88
16 89 23
94 40 65
47 81 91
23 4 60
6 4 18
72 46 12
36 52 10
5 45 57
72 81 31
42 4 52
68 53 14
58 94 38
4 12 46
21 25 86
53 26 52
88 96 26
80 46 38
38 13 18
97 96 8
62 58 33
57 24 64
26 86 37
76 11 31
82 3 14
9 5 30
65 0 69
1 79 10
69 98 42
89 34 92
89 49 85
35 21 83
43 22 82
35 21 6
56 70 51
2 28 19
1 16 82
40 98 16
49 99 21
19 69 79
95 16 53
30 74 62
60 86 11
85 70 76
71 24 61
24 17 79
87 55 16
27 28 76
84 75 36
3 74 85
38 87 57
39 56 30
29 84 86
90 56 28
63 28 12
0 15 62
22 78 15
58 76 33
20 22 38
36 42 62
73 6 33
93 94 22
34 4 14
97 52 33
34 93 78
32 21 52
21 33 54
31 96 15
4 77 64
88 98 13
9 41 84
11 71 92
80 98 30
62 10 52
17 71 63
70 51 82
40 0 79
75 71 69
89 30 20
29 19 6
82 64 98
55 97 2
83 94 11
41 70 11
15 10 37
4 18 93
62 17 11
44 43 100
27 15 19
0 60 45
90 86 50
91 90 16
31 59 94
65 13 52
52 9 75
78 41 75
77 25 42
61 29 98
62 97 46
90 31 71
56 62 87
95 79 52
67 16 85
21 3 69
15 8 29
56 57 28
12 98 33
21 18 51
98 65 53
66 89 70
99 57 12
83 13 75
17 81 34
56 25 56
2 4 71
63 9 2
93 17 82
35 49 78
13 94 65
23 41 83
8 17 64
69 41 72
49 69 2
60 51 82
75 2 15
48 14 98
84 13 78
53 33 14
27 49 36
66 29 28
37 44 6
10 38 83
14 35 74
32 94 74
18 21 4
72 24 85
77 98 86
32 47 26
34 69 35
64 99 98
43 45 6
16 44 1
1 4 98
78 52 15
61 48 18
46 12 96
82 89 14
25 39 51
69 3 18
74 75 53
54 97 52
57 79 48
78 62 96
51 27 45
84 19 93
57 5 70
44 94 54
59 49 40
98 43 13
14 42 34
17 70 41
97 53 72
81 28 46
25 17 72
8 21 21
28 86 48
73 26 82
96 46 93
98 8 64
34 24 47
49 21 97
89 56 5
88 28 22
83 80 53
10 20 85
89 20 25
87 23 35
25 97 85
63 67 80
39 46 2
76 75 4
38 44 84
91 88 3
58 60 10
44 59 86
26 28 28
64 12 17
3 2 25
11 53 58
24 33 51
59 98 43
26 57 43
85 84 24
81 63 12
21 3 86
23 64 96
23 79 28
20 3 2
85 28 75
73 60 78
14 16 100
96 58 68
37 33 27
87 67 63
86 64 69
15 26 36
95 51 78
87 25 88
12 23 59
55 10 14
72 79 86
71 54 84
14 19 72
69 51 15
82 81 81
5 53 12
4 27 28
30 21 92
31 89 19
70 45 75
66 75 40
44 11 100
9 34 17
60 14 80
84 86 18
25 59 29
17 92 52
70 61 61
85 99 25
39 2 79
37 9 75
54 96 92
60 58 43
99 23 5
46 88 59
64 27 73
35 83 65
35 12 68
4 9 4
57 44 77
46 92 57
86 37 53
89 91 26
14 52 13
17 48 79
4 7 24
28 44 98
99 46 40
54 82 48
11 65 57
71 82 21
26 70 7
29 68 54
39 33 39
1 19 36
20 48 7
13 38 86
70 2 32
36 30 90
72 15 90
4 52 44
2 9 63
99 51 64
9 10 28
65 35 31
24 78 64
46 32 82
94 41 60
69 73 70
59 98 54
87 59 67
51 45 47
27 71 27
64 34 93
90 88 82
3 70 63
46 86 69
35 26 77
32 90 39
47 5 77
21 47 99
65 11 96
9 25 12
50 79 63
26 56 8
61 40 48
69 59 78
88 34 63
68 17 33
85 98 31
91 96 85
55 39 7
53 26 70
62 64 68
33 37 28
47 6 19
26 35 7
34 47 19
36 3 100
98 5 20
41 65 87
29 70 88
68 3 14
89 22 12
85 4 41
38 70 25
51 80 30
57 52 18
49 51 51
29 79 71
99 58 22
20 19 66
23 92 70
27 34 94
10 33 35
67 36 15
56 83 57
39 73 54
64 19 44
67 73 35
90 17 45
40 38 100
52 79 72
0 41 3
5 76 51
88 99 69
75 12 24
27 10 68
58 29 26
60 73 96
84 39 56
0 17 36
22 47 62
43 44 49
76 34 3
24 50 2
0 4 25
56 44 86
30 50 51
20 25 86
41 77 9
2 64 3
43 9 100
54 73 87
80 11 35
12 83 78
31 39 99
65 69 10
91 98 97
1 60 21
25 34 77
91 62 76
24 14 53
99 9 51
88 27 50
73 39 85
25 93 80
37 33 63
90 42 9
78 93 63
36 29 17
90 98 90
78 46 44
1 43 92
50 39 70
20 49 99
12 50 68
10 43 68
5 43 33
53 14 34
44 84 95
92 31 55
86 91 68
4 25 95
13 23 67
37 14 42
65 63 92
13 10 62
87 17 63
21 2 56
86 95 60
28 57 25
8 33 6
28 78 97
94 50 54
11 58 69
1 40 35
80 90 79
18 78 84
11 12 8
53 43 92
0 24 33
79 97 91
4 70 31
91 25 55
24 75 38
57 67 4
10 78 80
16 28 83
93 98 14
39 98 92
50 54 1
37 2 24
8 33 68
70 59 83
61 5 45
39 78 69
68 80 81
31 70 51
8 74 87
61 72 24
49 66 5
62 2 91
12 5 86
54 66 21
77 75 24
35 75 14
93 3 2
68 85 12
1 83 51
23 53 73
31 24 54
49 24 97
24 49 17
1 22 77
4 5 31
33 80 41
48 18 69
73 0 35
21 16 92
71 26 86
34 47 94
22 13 50
35 11 53
56 29 80
73 75 27
76 47 90
30 52 97
93 16 4
39 23 77
40 0 35
67 63 30
41 60 59
69 29 66
44 23 61
75 19 11
68 99 83
20 75 48
39 10 48
5 40 96
35 82 30
73 85 63
54 93 93
0 42 19
57 53 67
22 53 100
86 72 2
53 42 39
43 98 91
42 27 79
56 89 19
48 94 98
46 98 22
28 50 4
19 75 2
0 54 16
91 79 75
27 88 66
17 2 61
82 3 34
29 64 10
43 20 77
66 89 93
0 44 77
0 35 90
44 50 19
24 51 14
89 52 37
41 26 20
15 76 95
3 83 30
14 80 87
0 92 84
20 40 17
17 38 22
46 29 43
11 86 72
62 56 37
4 66 91
30 7 17
13 3 28
2 39 82
44 1 32
23 80 99
16 30 46
27 35 87
93 89 1
1 27 76
60 36 35
18 33 95
45 21 36
54 33 61
52 89 55
38 33 30
32 24 12
37 55 98
84 50 92
87 69 76
73 20 18
5 95 44
29 21 79
49 48 1
70 93 4
86 49 65
78 82 6
49 57 58
5 21 58
98 9 16
91 83 14
52 71 4
65 33 96
76 18 95
6 39 40
28 73 28
46 70 42
11 42 27
19 76 4
75 50 67
56 46 98
22 18 23
45 3 14
49 5 8
60 94 72
89 46 66
96 17 45
38 83 35
75 94 81
4 74 84
6 63 42
86 59 1
69 56 89
67 56 7
65 85 6
91 13 22
5 25 91
7 57 39
40 5 73
9 48 55
41 16 15
43 98 92
66 84 66
36 40 6
84 69 24
47 4 48
20 19 31
43 2 55
13 44 33
99 81 69
71 37 6
56 15 69
21 47 14
11 98 52
57 64 19
97 21 74
26 35 15
64 87 44
49 62 2
50 67 17
46 70 63
78 54 23
9 5 42
80 61 39
66 22 29
7 46 62
10 30 44
89 82 71
50 30 47
53 17 1
32 11 29
20 37 28
1 66 11
49 30 96
77 62 96
13 41 6
69 98 65
13 67 87
79 93 32
9 3 37
57 72 96
16 57 42
77 20 71
34 67 68
0 99 97
77 51 85
20 54 30
49 12 75
39 41 15
67 43 47
13 90 79
59 25 26
65 98 12
26 90 82
13 5 4
31 49 18
89 39 28
40 59 85
77 98 15
98 91 20
29 34 56
68 60 38
35 22 90
21 7 18
43 12 51
57 41 84
58 30 88
96 52 62
74 69 94
4 2 61
26 19 91
80 58 15
62 41 29
35 12 6
76 32 71
59 68 15
9 20 25
65 16 42
18 96 4
16 40 6
21 4 16
38 53 53
86 51 55
41 12 93
71 95 60
48 75 30
86 92 21
49 26 18
96 87 42
56 49 8
79 0 86
90 14 17
18 22 99
64 67 20
63 97 74
29 56 85
94 76 85
82 44 47
58 39 99
66 65 44
32 96 87
70 40 11
40 12 47
63 75 77
72 47 98
34 83 83
42 93 64
62 26 71
37 35 26
63 71 27
10 72 13
22 53 96
40 59 41
64 68 99
41 32 51
43 35 61
68 26 87
34 57 57
44 35 59
57 86 29
76 55 86
50 83 10
87 90 84
35 38 24
1 64 72
27 62 46
75 1 73
53 12 61
66 77 92
33 15 84
43 78 84
76 0 92
6 30 74
16 10 53
50 61 28
55 38 35
62 47 16
42 88 49
87 46 2
7 33 77
65 53 78
62 37 99
25 70 16
28 79 89
41 47 25
94 29 98
34 72 88
67 38 52
23 26 81
5 33 65
76 16 4
80 99 61
86 57 92
55 5 96
76 66 17
95 84 83
93 53 51
38 61 10
28 5 54
36 90 21
19 97 24
53 69 23
27 87 15
0 54 3
93 40 70
19 66 11
83 93 56
44 71 77
88 99 66
58 67 13
31 56 53
78 14 28
72 13 31
60 5 18
42 11 23
93 22 40
37 14 24
39 72 22
0 16 40
53 44 5
40 92 14
46 71 18
46 51 18
23 70 48
10 44 55
29 81 39
77 60 89
10 40 15
43 91 66
68 74 10
85 33 40
80 50 59
7 13 39
87 88 88
62 71 69
94 55 98
21 14 15
14 92 16
96 56 42
6 77 15
56 99 99
29 38 54
95 36 68
68 3 16
68 26 88
47 71 35
89 90 48
73 17 82
17 14 88
76 64 27
24 13 18
37 12 78
80 88 26
52 91 41
29 84 14
87 58 30
94 75 12
69 37 81
55 47 50
8 93 95
10 86 85
72 0 71
66 80 18
21 40 18
39 0 5
5 77 60
70 91 68
97 62 22
42 87 32
5 34 32
87 6 7
15 86 53
50 42 48
6 85 88
51 33 63
28 57 67
30 46 17
47 4 37
87 42 52
14 82 92
81 89 92
18 5 65
80 26 96
69 85 29
21 59 11
11 2 41
74 72 12
60 55 59
1 21 75
25 18 45
60 17 31
97 6 76
85 38 99
72 15 69
78 93 96
12 23 47
33 48 73
58 32 1
80 44 61
30 87 43
30 74 45
63 56 55
68 31 33
53 7 64
78 90 69
54 14 52
19 0 89
69 15 69
14 42 64
1 20 58
2 3 4
79 78 42
44 91 23
97 62 86
80 87 64
42 54 23
7 68 86
87 70 39
64 71 77
12 51 94
16 65 44
39 18 9
55 23 39
69 50 15
1 53 93
92 79 91
19 77 5
98 42 73
61 90 54
87 90 29
24 4 58
70 23 68
6 69 44
1 54 86
53 45 64
6 36 74
42 73 58
64 96 20
93 71 60
39 7 91
60 74 24
54 15 69
96 37 72
77 57 3
0 8 73
10 99 60
67 52 45
19 43 23
71 92 4
68 49 90
43 87 20
39 76 75
41 59 68
5 73 71
5 36 84
64 41 39
69 61 71
76 12 62
73 68 59
44 59 72
39 10 80
59 74 36
42 6 53
59 48 82
49 97 21
53 72 92
74 88 3
12 96 97
31 57 28
21 20 98
15 52 33
31 81 1
82 42 71
44 69 94
72 68 83
57 22 31
67 96 46
69 73 1
26 17 66
65 73 2
69 44 48
59 54 86
23 90 94
27 7 71
1 88 38
63 20 97
86 16 97
55 64 21
22 36 17
36 50 69
30 1 86
0 32 80
47 55 100
83 49 76
86 18 24
52 1 57
48 50 50
57 46 26
53 14 87
72 89 28
14 46 73
64 97 75
37 66 69
