22 8 89
45 87 11
34 82 99
29 20 76
75 52 26
55 85 75
39 41 86
6 77 24
95 65 66
32 80 92
11 32 22
64 66 21
80 12 18
1 17 4
93 30 21
47 65 52
88 3 35
70 79 28
59 96 58
48 25 35
58 67 75
87 95 10
53 58 89
13 63 85
17 94 23
40 49 81
5 91 93
69 24 16
97 47 60
83 98 70
87 74 89
98 22 46
96 31 69
15 76 16
34 76 29
79 74 86
1 76 94
84 15 82
5 80 80
54 32 46
60 37 55
34 60 34
27 39 32
21 48 90
31 65 65
25 35 69
60 14 98
72 21 92
76 3 19
13 31 87
44 49 57
1 34 92
69 94 35
60 81 61
23 14 50
80 81 95
61 14 91
21 61 8
47 72 73
42 75 88
76 42 14
64 90 72
78 94 82
21 17 78
62 74 76
13 50 39
19 56 56
37 10 49
62 98 46
66 38 97
27 40 11
31 59 7
37 4 52
94 83 18
42 17 22
60 85 95
82 87 21
6 40 75
65 70 51
28 10 43
20 91 24
50 61 45
36 59 39
40 41 48
59 34 30
90 38 70
52 42 74
5 47 95
57 63 52
11 62 23
70 19 79
89 55 85
57 17 11
70 20 20
7 29 30
77 56 7
55 75 31
39 31 40
85 98 63
0 91 20
67 55 19
99 77 97
39 22 91
95 68 29
75 97 36
64 53 2
45 41 10
89 45 72
92 78 69
26 49 16
51 50 64
11 41 73
44 29 80
4 60 27
86 40 22
38 27 74
34 19 80
32 95 76
30 33 97
16 90 33
57 39 26
41 27 40
23 38 25
44 82 12
7 32 18
67 75 54
32 26 23
9 86 96
46 52 10
13 87 46
31 29 45
76 13 4
76 74 38
10 49 62
49 61 64
63 88 10
96 28 87
81 80 83
23 78 70
54 65 64
81 87 18
32 86 30
25 95 13
92 69 1
90 64 57
80 56 36
71 21 42
81 32 10
20 92 82
96 9 64
80 63 99
13 26 88
97 64 72
27 37 63
93 20 100
33 27 68
23 95 64
64 69 71
31 14 51
67 16 47
81 8 61
38 34 41
41 99 23
95 69 87
98 28 94
9 22 8
42 62 35
55 34 63
70 77 33
88 87 76
60 7 60
49 10 63
21 70 56
36 67 56
57 41 19
92 63 61
40 48 29
41 22 1
47 42 97
95 28 64
33 17 87
48 87 7
25 65 97
19 42 66
80 20 12
34 39 45
61 40 100
94 46 57
71 77 84
61 60 41
98 0 70
45 65 14
22 83 16
90 53 58
20 99 77
90 77 28
43 68 67
54 11 56
16 96 11
27 87 36
85 8 10
1 55 14
30 78 68
88 26 34
53 75 70
93 20 14
37 62 17
99 55 51
39 21 67
32 69 38
36 3 37
67 96 13
99 68 72
46 99 98
87 94 18
42 55 73
99 69 9
49 21 26
71 60 13
77 35 56
89 71 11
70 77 98
56 36 98
87 94 19
38 13 35
18 19 37
12 0 51
98 38 92
2 71 35
7 21 29
56 47 48
54 35 25
87 98 6
21 78 89
62 49 60
22 82 76
32 29 8
25 84 77
95 77 23
84 68 76
39 20 78
24 25 6
53 8 39
17 62 25
56 79 53
40 47 84
73 51 58
80 44 31
58 10 87
53 75 2
82 50 27
38 70 77
56 68 88
99 24 85
60 99 77
66 30 36
45 35 94
73 60 6
80 0 88
58 65 82
64 17 75
78 16 82
78 28 62
40 77 86
22 1 53
8 91 77
10 41 46
67 63 90
39 77 79
2 36 71
50 59 22
88 19 97
80 43 52
5 6 2
60 73 35
18 51 46
11 6 29
79 16 20
63 83 5
71 42 10
9 19 58
33 42 28
46 23 65
31 71 59
9 26 16
32 1 1
12 42 11
78 69 83
48 20 4
45 87 22
69 89 95
80 82 64
97 1 73
72 68 56
35 53 20
18 50 12
75 86 81
2 16 43
38 82 97
39 22 34
66 50 2
40 25 70
26 92 40
91 39 62
92 6 37
77 80 46
58 60 25
40 94 29
58 27 72
41 19 86
42 91 33
61 82 36
89 50 14
37 88 13
95 79 46
6 1 96
18 89 6
42 64 56
68 81 8
74 32 56
43 11 14
93 23 31
20 50 27
48 96 51
49 64 62
25 4 26
82 94 22
41 78 83
59 11 17
28 64 94
13 50 16
0 30 62
13 50 19
88 3 23
62 7 41
0 37 44
86 48 49
85 16 6
15 64 90
39 24 29
91 78 33
9 11 39
85 17 15
76 17 91
34 63 19
96 0 60
6 3 30
59 13 15
79 6 78
54 26 82
74 91 73
20 88 7
74 7 60
8 61 61
33 35 87
70 30 58
62 34 70
34 78 87
79 68 100
22 23 68
33 87 82
43 94 29
19 69 71
57 22 15
86 54 74
55 14 33
9 78 53
19 18 31
77 76 26
59 31 93
19 97 33
70 97 63
69 77 15
55 97 1
64 7 83
95 2 37
64 57 5
83 42 57
4 47 6
46 3 99
3 73 59
76 1 94
99 23 27
79 45 93
92 42 88
42 36 75
84 75 51
12 45 34
27 5 73
52 48 1
66 99 65
71 27 18
45 6 2
62 40 27
79 39 88
57 85 78
21 19 59
35 73 32
42 62 72
36 82 43
1 98 17
57 37 2
72 92 14
15 73 99
31 3 70
68 87 35
65 87 5
75 65 90
2 52 82
39 11 40
1 49 40
95 55 73
67 75 19
4 35 18
2 81 45
21 91 57
78 5 80
28 45 98
1 84 24
92 84 66
86 85 63
19 44 97
6 4 74
57 28 87
28 12 21
34 74 81
40 47 93
78 92 97
89 73 10
22 93 8
54 14 77
94 28 28
94 6 69
49 75 37
68 41 57
12 7 38
90 49 22
84 55 81
94 87 80
91 58 24
88 60 36
51 10 28
97 19 95
18 24 12
58 3 72
17 67 93
95 46 68
58 10 53
42 76 24
37 68 13
12 68 4
64 28 86
48 11 51
79 40 52
95 6 91
11 8 21
68 1 1
49 30 94
66 54 58
26 62 75
7 35 31
89 52 56
39 18 13
58 50 41
9 39 71
90 77 79
36 7 6
35 67 27
86 70 47
27 35 99
3 62 25
41 61 62
74 41 63
64 56 14
11 54 31
8 86 32
37 42 24
29 57 95
11 69 24
19 17 59
17 20 95
73 88 53
13 8 33
50 28 54
84 78 43
60 54 41
70 53 39
78 48 32
31 98 8
82 58 15
56 88 81
7 43 89
50 90 30
75 76 82
41 51 92
43 7 27
32 75 86
72 75 100
72 36 57
10 65 26
46 50 8
52 46 1
55 5 36
46 26 87
88 72 86
64 73 77
45 69 45
3 93 66
56 52 96
62 97 72
37 38 25
4 90 84
24 51 77
81 2 81
43 16 46
17 60 71
55 67 78
57 1 79
18 10 71
85 60 14
64 89 82
29 35 24
32 76 99
64 80 85
51 61 10
86 75 33
10 15 29
42 54 30
85 5 19
28 20 99
68 38 15
63 95 55
35 19 83
32 40 19
6 70 20
68 8 100
18 3 41
61 9 25
49 30 7
16 82 88
35 32 36
88 87 76
9 1 70
0 51 48
18 75 75
28 89 34
28 71 31
4 13 76
13 74 3
75 26 84
7 12 51
46 97 93
31 83 58
94 40 24
32 0 81
41 80 53
14 17 41
68 47 9
77 33 1
7 88 86
67 25 17
53 21 41
24 90 71
12 38 51
36 98 66
35 97 29
53 23 54
31 33 28
97 75 57
22 75 64
57 39 43
99 53 61
37 22 72
33 44 35
76 19 19
4 17 66
63 78 80
74 10 40
14 99 61
65 86 33
21 42 31
42 51 22
66 19 38
5 32 87
68 96 12
14 50 75
46 92 46
16 63 91
85 56 23
35 97 12
74 35 86
74 45 59
35 31 44
25 52 1
0 52 37
84 88 40
58 97 74
82 99 4
28 57 39
35 40 1
29 80 21
32 86 48
89 99 26
85 77 23
19 23 40
66 48 14
79 29 68
41 27 100
2 68 100
17 41 44
46 29 20
87 74 29
96 97 59
90 38 23
47 32 16
4 76 52
41 4 77
4 57 17
15 12 95
31 98 45
58 3 92
11 19 83
20 24 93
6 99 39
79 60 36
82 35 57
35 64 40
60 40 90
29 26 55
45 97 9
91 34 83
7 68 64
11 12 38
19 8 5
84 65 73
38 48 97
3 59 68
59 25 22
45 0 7
61 27 79
33 52 77
46 23 6
21 51 50
85 15 79
75 68 39
81 61 97
53 78 84
52 57 14
36 7 38
12 32 92
27 99 76
93 84 33
43 7 82
8 18 79
13 76 14
25 9 81
53 10 69
25 60 53
28 78 41
79 38 66
35 1 82
96 83 34
46 53 51
62 20 55
34 37 24
5 50 69
52 72 58
25 7 62
21 86 78
42 17 20
98 48 21
54 82 38
45 79 97
24 66 22
36 21 66
4 54 51
23 9 24
90 85 4
40 85 75
56 84 58
23 21 76
4 86 24
5 18 13
75 21 95
5 93 95
16 50 71
72 70 28
79 7 51
17 94 55
69 16 89
76 14 70
48 55 66
1 84 12
18 41 75
8 25 40
90 68 10
79 7 7
74 27 76
80 56 94
81 29 95
74 18 70
67 16 9
73 36 74
40 59 44
80 66 44
44 66 92
38 91 71
19 40 70
77 29 98
32 44 73
16 87 65
11 48 75
88 33 53
28 15 89
42 75 18
53 81 26
12 25 56
57 72 87
10 28 4
0 55 95
51 75 22
56 58 44
76 97 14
91 66 91
54 3 81
47 7 58
2 72 85
4 8 85
48 24 65
70 45 90
53 94 19
98 67 79
21 10 47
78 14 52
42 65 4
59 92 80
28 32 71
77 30 28
20 57 93
22 7 4
49 51 65
3 97 95
74 28 69
63 26 7
53 55 5
26 4 35
26 7 51
85 17 22
67 91 25
90 78 19
57 60 90
4 91 76
79 73 47
59 75 75
67 25 93
85 67 36
51 32 69
47 50 17
11 0 23
64 55 65
31 34 60
96 24 35
7 92 15
69 75 27
79 9 31
32 60 94
43 72 63
99 11 36
82 72 85
83 25 11
55 98 62
38 23 35
25 84 92
12 73 30
65 6 43
14 52 77
68 77 56
41 12 42
23 39 34
24 44 95
15 5 60
37 0 1
46 52 11
21 81 91
17 76 66
11 86 48
76 34 11
19 42 73
38 62 12
16 71 20
61 12 34
23 80 35
97 66 17
69 45 87
68 55 18
96 38 92
52 59 52
32 8 48
53 8 8
85 70 28
23 65 18
8 77 21
65 14 98
65 58 38
78 24 54
69 82 18
90 96 78
19 93 60
76 17 99
13 92 92
46 84 94
46 96 75
65 69 81
25 73 12
3 33 69
91 68 15
70 39 32
81 33 39
25 14 9
61 64 69
77 63 82
94 37 51
28 43 38
14 99 8
44 14 9
91 48 15
29 27 20
42 49 51
51 41 46
31 86 68
4 36 14
18 89 48
91 9 25
50 6 63
92 35 11
4 16 86
69 57 49
95 68 67
11 87 38
31 43 77
33 3 14
61 89 44
88 9 53
39 81 100
92 33 62
10 15 100
47 75 58
85 96 61
53 48 38
29 32 83
8 54 70
37 68 40
96 55 76
65 98 65
85 38 84
4 19 13
47 29 15
63 33 71
27 44 51
62 92 80
39 30 18
41 87 74
80 95 4
74 94 16
3 89 53
36 2 100
47 49 56
56 84 8
72 87 8
28 91 70
7 69 33
36 64 42
29 7 78
52 42 64
85 6 55
24 85 9
42 81 64
77 97 60
22 42 97
25 6 1
69 77 68
48 63 52
26 85 62
95 12 60
40 98 65
39 15 51
96 50 95
47 80 56
19 49 52
73 74 36
86 68 64
7 27 20
50 0 28
95 62 39
20 98 24
92 99 51
74 28 34
75 80 9
33 96 9
64 15 56
53 10 61
67 84 70
51 74 4
71 78 70
36 18 19
55 96 78
33 15 9
52 18 47
29 93 89
16 72 84
79 56 91
33 96 15
50 41 69
6 78 68
9 19 88
16 29 26
18 40 49
30 75 64
44 75 49
9 72 52
51 74 23
16 81 30
38 85 53
9 57 22
9 21 100
7 55 89
89 77 44
25 74 15
13 30 90
70 27 54
68 80 46
21 77 29
54 65 27
88 3 75
98 37 82
20 27 68
17 99 80
1 48 62
49 4 34
11 84 73
67 29 23
96 43 16
47 94 13
54 80 32
57 1 9
82 93 41
31 80 8
27 90 20
0 96 20
92 47 77
42 72 20
83 80 40
4 34 33
53 3 84
36 49 97
28 35 11
67 99 86
30 51 87
55 23 33
1 77 23
75 99 3
6 92 91
88 85 25
93 37 51
41 65 43
63 55 10
82 39 53
54 86 18
12 94 90
83 28 58
59 89 2
90 24 67
54 72 89
46 39 85
21 11 21
32 57 42
69 18 58
60 44 80
11 8 11
88 68 34
55 27 78
79 70 64
61 17 13
37 25 14
97 11 42
11 72 88
27 3 90
9 48 43
82 94 23
85 89 18
77 60 19
40 47 63
44 12 66
6 3 51
39 27 11
94 84 59
67 66 75
80 68 2
48 15 24
7 60 79
74 75 52
97 49 40
13 43 42
80 30 35
35 59 71
24 82 70
46 20 48
55 51 46
11 37 46
33 79 57
24 3 64
40 83 59
63 1 16
5 36 7
39 27 9
19 14 81
62 24 1
38 80 40
98 86 88
47 82 73
93 44 89
38 26 72
12 9 26
77 5 3
81 52 50
63 17 64
66 37 64
53 71 21
60 48 68
74 66 92
14 82 46
59 49 11
31 50 14
15 40 51
4 56 46
74 97 11
30 92 53
83 46 47
24 41 3
15 76 55
62 21 2
53 95 70
50 23 67
34 91 45
6 91 49
90 73 42
98 17 74
11 80 69
10 54 68
51 64 48
68 22 79
83 40 48
47 69 7
33 2 93
50 85 31
89 86 42
83 91 30
16 35 23
71 4 54
5 34 53
15 42 33
50 20 98
80 8 73
40 56 17
53 66 7
62 48 11
13 63 26
7 90 48
21 3 29
51 64 73
53 30 11
63 52 60
63 32 56
72 23 12
39 41 47
38 99 83
17 23 43
35 26 27
9 8 99
68 41 39
15 79 67
69 70 7
16 51 16
35 3 83
84 4 51
42 9 5
54 82 94
28 78 14
26 59 36
77 79 75
8 4 32
16 87 24
50 94 44
12 80 36
75 83 91
28 14 98
74 11 47
30 87 22
18 9 6
2 90 35
15 45 55
89 2 34
35 57 32
9 63 94
82 99 41
82 94 48
23 69 45
39 55 30
3 86 62
76 3 89
69 25 76
61 62 26
45 46 55
18 44 94
82 33 14
43 81 41
79 5 6
62 77 2
26 32 72
95 94 33
36 68 42
39 98 95
10 28 74
98 77 5
30 43 26
23 9 41
30 37 79
14 95 9
76 13 59
4 72 89
51 60 84
68 3 98
52 8 3
12 53 12
72 69 36
83 32 67
58 91 53
62 18 91
88 53 69
86 16 38
52 4 17
27 60 58
83 80 55
1 28 73
60 16 47
36 81 35
93 84 72
57 42 96
48 54 1
96 54 26
78 11 30
82 47 38
11 80 97
86 42 74
28 19 3
65 9 20
13 52 48
47 61 24
7 83 15
27 18 74
46 12 25
89 97 50
60 90 6
42 98 64
47 60 57
42 4 41
2 67 60
70 96 88
0 77 72
92 46 1
37 16 91
73 88 51
54 39 31
69 49 9
52 57 24
42 29 12
96 60 88
8 18 81
99 91 6
42 46 72
61 49 6
19 30 24
2 86 26
38 52 97
75 53 23
61 85 95
93 98 33
85 53 6
28 67 59
58 93 87
72 62 27
64 76 20
42 68 27
42 32 5
85 72 79
65 62 37
82 37 14
23 26 56
48 82 20
22 42 50
17 67 14
46 20 22
97 48 4
43 26 14
46 25 17
67 59 42
86 6 24
97 8 45
46 45 23
43 41 47
26 41 12
38 41 67
92 52 92
50 14 14
6 54 15
69 46 93
55 84 48
99 78 73
58 68 56
24 93 69
55 43 76
52 47 28
72 8 42
90 91 78
54 1 27
92 40 58
74 19 2
47 53 95
33 72 65
12 78 4
74 37 87
78 32 1
99 28 99
34 10 54
80 6 6
76 18 85
24 67 74
80 83 70
44 84 24
92 78 32
22 71 15
93 85 22
93 28 14
4 15 10
61 46 80
56 76 99
85 54 44
64 86 53
74 31 8
29 44 61
87 93 33
99 79 55
52 81 96
81 73 90
83 73 91
85 91 12
98 38 6
45 87 42
78 66 2
40 12 34
48 23 96
90 4 49
6 94 80
51 73 75
81 60 42
93 87 68
48 83 57
72 8 84
78 84 64
51 10 74
34 19 5
39 34 72
73 29 4
21 70 62
12 39 8
64 39 88
77 70 72
69 90 79
28 54 8
23 64 86
6 13 21
4 98 68
73 22 13
63 18 58
66 5 88
40 23 22
19 61 70
67 64 100
49 27 24
86 12 67
22 40 98
40 4 53
63 64 31
53 57 3
16 81 38
14 41 11
65 91 13
66 43 42
12 44 48
22 26 32
93 47 35
26 40 37
7 29 80
86 64 29
28 93 28
81 75 95
3 32 14
33 59 49
84 68 19
13 48 6
74 58 9
3 31 50
31 77 42
5 7 24
18 24 77
90 82 62
69 38 90
89 48 91
92 71 33
56 81 51
67 68 49
12 95 46
87 8 11
79 77 81
83 99 24
61 28 1
73 9 36
88 96 88
10 73 16
45 70 10
10 97 96
64 99 13
97 53 45
56 34 97
6 35 33
35 33 21
36 91 26
18 52 4
38 53 14
35 72 90
58 98 62
69 38 55
53 61 69
89 65 67
98 50 49
39 95 79
22 1 32
18 30 20
1 50 92
11 7 23
75 70 35
81 57 81
45 86 26
97 61 89
86 87 76
3 76 20
18 9 25
19 79 49
70 2 96
97 26 9
80 21 59
54 12 14
36 78 80
55 35 53
25 53 41
87 97 7
28 63 25
67 5 86
77 73 64
2 53 25
80 34 49
42 27 32
52 58 11
70 34 39
55 41 36
92 35 48
63 93 100
23 62 62
3 32 42
71 48 80
96 4 17
85 26 32
93 11 86
16 33 65
88 99 99
14 3 51
86 75 28
18 69 80
35 93 27
19 43 57
13 16 8
92 35 3
96 5 70
21 87 9
42 97 16
86 94 59
42 1 3
34 31 18
94 52 8
13 4 68
55 10 47
23 74 86
29 89 57
84 89 17
59 49 41
56 25 84
85 93 44
47 39 14
97 68 88
68 71 58
95 63 45
94 47 84
38 1 7
89 15 72
38 78 93
20 97 56
67 73 35
11 6 13
16 59 68
1 18 21
34 75 40
56 32 20
29 84 35
58 85 75
78 79 98
38 22 40
94 83 6
77 53 65
92 90 35
33 90 27
97 40 22
37 13 78
54 68 51
34 35 1
19 41 60
40 97 1
58 36 92
62 15 16
70 91 74
11 65 88
66 5 80
65 95 31
97 39 86
92 45 49
93 87 71
39 70 7
56 75 100
27 40 94
11 46 63
55 90 53
83 91 43
52 61 38
86 27 18
66 32 99
85 86 92
22 40 15
69 52 82
14 58 48
24 3 41
27 76 2
88 72 61
45 83 1
89 6 91
50 12 87
12 28 55
67 13 49
24 84 77
99 29 39
75 19 64
17 35 64
5 68 36
5 40 89
94 43 43
6 89 60
40 79 96
10 16 47
39 4 66
64 4 52
99 20 10
70 20 47
92 49 34
62 89 71
51 12 37
58 54 19
59 38 45
66 59 14
99 88 19
40 92 61
81 45 20
75 68 14
80 36 72
81 89 40
66 20 39
72 61 24
99 53 42
74 12 24
18 11 72
8 97 26
28 59 28
96 37 60
57 99 7
77 56 100
87 17 5
2 21 55
41 36 100
75 69 49
93 34 82
38 72 84
12 2 19
68 30 69
33 41 24
49 95 88
98 79 33
79 53 35
7 56 84
24 72 86
77 87 12
70 48 58
2 47 45
97 17 97
5 1 36
24 54 24
10 64 39
26 12 31
48 69 97
95 68 72
4 19 62
28 53 66
86 76 23
43 44 63
38 16 82
7 67 73
14 53 21
17 40 47
99 24 47
10 38 61
32 14 46
15 27 64
43 2 65
11 50 57
76 43 9
22 18 83
93 90 37
90 16 47
12 89 27
9 65 8
94 53 60
87 34 13
93 92 44
96 91 43
83 29 65
22 92 16
96 79 35
58 3 88
43 11 58
74 75 53
79 69 83
51 81 81
98 83 11
46 22 70
28 58 14
75 77 68
26 91 79
48 63 89
55 45 17
77 5 52
17 52 57
86 6 94
23 35 19
63 90 28
27 18 27
61 97 46
48 5 7
69 51 25
57 65 72
25 4 75
94 10 62
46 59 2
50 48 11
8 53 24
23 19 100
3 53 10
43 87 24
37 84 82
63 46 33
12 27 40
85 20 83
29 79 20
15 40 48
98 84 93
66 74 63
85 93 38
81 90 75
8 40 64
65 26 29
6 93 61
62 40 23
97 95 15
71 78 68
30 52 99
18 65 13
20 43 3
37 82 2
9 61 95
53 31 93
64 51 54
44 78 23
92 42 16
55 67 63
92 40 57
19 6 51
58 36 39
29 49 4
38 82 85
1 12 97
80 27 39
58 29 8
32 92 55
23 8 34
86 35 96
34 66 55
60 77 56
92 54 50
80 63 28
42 77 62
22 1 43
68 13 92
47 29 13
87 95 36
49 73 20
9 72 100
35 25 45
88 52 20
55 51 78
35 95 19
37 69 91
51 0 46
88 72 60
74 77 95
67 53 28
74 49 58
67 99 5
1 34 98
94 46 27
3 16 80
96 89 99
60 73 9
84 6 8
2 3 17
94 43 16
91 23 76
78 88 48
91 50 21
71 30 54
57 27 93
10 75 1
68 35 52
34 76 75
95 43 40
17 28 29
88 87 31
34 38 97
97 40 28
1 69 68
55 34 100
2 85 86
23 81 30
49 62 55
56 99 2
73 5 69
41 81 68
39 59 19
33 70 53
69 78 54
61 18 53
55 92 100
54 87 59
47 55 8
30 25 8
3 44 64
86 88 37
86 76 72
38 89 28
37 33 27
12 18 53
65 97 41
36 21 29
14 62 33
97 17 59
19 98 99
88 35 21
85 27 15
48 91 56
82 35 57
65 85 95
56 34 3
98 44 61
28 99 68
29 38 10
32 10 16
44 36 66
55 29 66
20 58 11
10 85 90
71 72 92
32 12 80
26 75 32
75 51 27
78 54 65
35 26 68
87 14 36
36 18 86
84 1 99
6 87 3
53 78 87
51 39 29
61 70 62
55 88 63
38 53 15
35 22 70
3 55 45
7 95 89
24 0 5
3 2 78
46 69 84
10 92 9
41 52 79
55 51 47
49 8 16
5 62 55
68 83 67
3 61 41
81 50 24
16 23 55
31 60 89
53 63 96
64 0 51
81 22 21
36 5 55
33 16 12
14 99 20
45 74 52
90 86 62
84 71 91
96 83 10
62 25 45
4 19 49
42 77 16
2 75 5
2 71 19
49 43 73
90 1 85
27 20 97
64 42 29
63 72 51
65 28 10
56 71 1
85 3 20
58 33 10
86 14 63
17 74 29
81 86 15
26 78 90
13 98 45
64 59 82
48 27 1
65 55 78
10 77 70
41 14 3
84 34 76
18 26 31
3 0 89
69 44 78
80 67 41
71 56 94
87 12 3
69 59 37
1 53 65
27 70 92
56 19 59
51 31 50
39 81 90
81 51 70
13 91 49
41 2 33
54 75 75
94 59 77
30 53 41
16 48 85
30 55 69
64 12 34
50 59 70
52 18 85
22 48 47
82 33 21
73 60 66
2 45 59
42 47 4
34 17 44
87 18 14
97 59 62
9 20 73
4 82 34
47 36 39
28 3 34
11 94 77
63 22 98
90 6 3
52 60 24
33 46 60
67 51 19
87 78 7
68 16 38
83 19 51
26 50 61
41 62 67
76 17 17
55 19 68
37 59 20
7 59 17
89 94 73
13 30 74
87 85 44
28 41 45
50 49 28
38 32 61
38 65 96
49 72 89
69 82 7
91 76 64
44 39 94
31 28 3
56 11 20
90 69 24
78 72 2
63 5 61
16 72 48
58 95 80
5 11 73
9 45 65
21 51 40
49 50 95
47 38 56
23 74 66
89 21 57
39 82 94
31 52 37
83 85 7
23 5 17
58 7 95
78 91 41
74 41 32
58 71 50
8 81 44
49 16 62
29 61 7
55 6 3
82 8 12
36 71 33
37 20 36
99 68 50
31 60 78
93 22 44
23 38 62
29 80 77
65 39 3
95 92 97
64 33 54
71 63 73
72 5 33
18 79 65
80 7 50
6 19 77
48 74 17
11 36 33
82 22 65
97 17 91
67 20 89
35 23 33
66 82 99
33 45 32
46 36 23
24 33 82
42 10 71
24 90 54
8 88 9
76 75 31
71 14 38
84 15 23
88 4 29
63 45 63
17 45 6
3 20 26
59 74 69
21 86 69
17 95 68
65 23 51
5 92 21
84 53 74
0 53 1
79 95 14
76 81 59
44 48 43
98 34 78
76 14 38
18 98 24
24 34 47
55 80 19
94 92 7
97 14 44
3 45 61
14 27 14
73 70 30
44 51 98
61 34 14
95 15 57
6 40 49
22 26 41
28 74 16
19 27 53
16 96 59
90 89 58
93 17 27
52 98 50
86 2 94
42 64 26
7 61 34
27 18 16
82 66 68
21 77 55
55 84 11
56 92 20
87 29 4
84 13 19
23 11 77
92 78 32
27 47 70
51 4 98
86 49 82
16 48 60
47 4 79
50 61 34
50 44 16
53 78 46
26 59 47
2 63 4
56 39 44
84 88 5
81 49 21
15 0 25
53 8 26
14 61 78
49 12 9
93 79 19
77 37 25
94 25 68
60 92 29
83 82 99
85 31 95
99 25 87
66 92 73
81 71 36
38 86 82
28 81 80
69 43 81
83 28 30
25 76 29
10 85 23
56 19 85
20 29 40
8 97 65
58 74 53
48 35 85
25 93 8
62 68 32
84 12 30
45 62 47
23 1 71
15 73 89
96 17 56
52 87 10
89 30 57
95 83 87
59 20 62
26 88 49
14 71 91
4 61 92
30 56 40
1 79 28
88 71 26
95 96 34
16 21 67
7 39 67
57 88 7
60 63 16
34 16 93
91 52 65
39 88 99
51 76 87
13 8 43
52 82 21
0 66 73
74 63 36
47 33 99
50 93 36
31 49 36
13 50 58
63 8 81
89 20 83
62 49 62
82 64 89
87 42 82
37 30 79
81 99 69
22 15 21
3 93 5
60 53 15
56 8 3
21 24 26
57 54 47
39 58 22
82 70 29
82 89 73
31 93 69
23 74 35
74 14 82
66 87 36
14 30 28
79 97 7
19 86 73
31 42 36
29 46 72
47 25 44
55 58 51
85 87 67
73 85 54
84 25 80
40 83 13
50 89 37
5 87 93
88 27 81
60 41 21
64 50 34
67 51 79
60 71 1
49 90 15
38 58 28
38 91 13
30 72 19
69 97 29
48 89 24
27 72 51
7 1 45
42 64 98
30 84 71
8 75 19
34 15 10
1 19 3
55 14 90
39 72 91
95 86 42
66 50 92
5 13 13
5 85 83
59 10 38
54 5 30
76 23 14
87 35 81
13 48 54
26 89 95
24 83 46
40 68 90
66 72 46
41 17 94
64 7 76
88 19 100
55 7 38
86 15 96
73 39 84
43 22 4
8 41 34
48 67 80
89 79 51
6 47 68
76 69 94
31 30 70
48 78 12
74 10 6
28 81 36
69 77 53
53 11 36
96 63 19
42 6 48
97 84 31
91 66 54
40 33 60
70 52 92
79 81 98
11 61 80
27 57 59
93 71 28
49 77 69
62 76 98
87 82 90
98 30 77
71 94 64
72 71 17
41 34 28
2 61 91
18 17 48
92 7 14
67 7 73
80 95 7
47 44 36
83 72 38
32 0 62
69 42 26
79 96 21
48 2 6
26 81 3
55 74 12
52 97 48
74 2 32
87 10 49
81 10 43
97 75 95
24 90 69
60 3 3
38 49 24
34 79 2
40 2 75
20 10 55
33 43 82
64 11 18
94 32 91
30 99 31
67 22 14
39 86 80
19 5 66
73 30 86
69 75 92
1 48 100
49 12 11
96 98 7
47 96 82
48 82 13
31 11 9
36 63 91
47 19 75
79 35 13
91 7 81
21 36 7
58 81 61
33 49 22
10 56 68
76 94 57
57 75 59
93 71 77
6 22 78
86 34 7
87 38 60
63 87 51
38 66 39
20 13 30
41 79 48
57 24 34
42 17 3
12 47 5
42 38 100
91 57 73
70 2 42
83 46 34
11 79 82
49 2 43
82 53 92
94 58 19
48 67 21
70 73 59
36 84 40
2 34 87
38 84 2
33 57 89
43 82 93
16 84 15
13 49 24
51 59 82
26 27 42
82 85 92
52 94 24
84 97 85
89 42 87
51 84 74
31 87 27
21 17 17
60 3 8
95 19 75
73 88 14
0 78 47
59 16 18
27 18 87
92 40 51
95 66 74
80 35 1
53 3 27
23 20 27
38 80 99
50 47 69
84 46 89
19 95 46
70 13 67
59 28 21
50 57 38
37 68 36
23 86 11
19 69 50
11 12 9
56 28 74
55 81 50
12 57 97
54 80 25
59 86 84
27 6 47
29 17 62
71 90 66
99 18 39
27 52 38
91 89 89
11 19 76
71 82 74
5 77 10
51 14 25
16 86 91
96 28 87
30 91 93
5 69 63
94 71 80
92 80 72
92 22 79
57 27 16
96 15 26
23 45 28
21 80 77
60 67 13
64 29 26
6 63 57
42 55 73
14 73 78
65 80 52
60 64 75
37 1 39
84 48 69
35 39 73
74 89 74
52 65 43
61 88 13
33 34 66
98 61 17
74 54 28
18 24 82
27 74 100
61 89 99
28 2 38
3 55 92
43 49 31
43 99 28
33 22 91
57 62 77
22 80 90
96 27 38
44 45 83
90 60 55
52 42 64
16 56 93
3 15 76
16 65 11
45 46 88
35 1 45
52 11 38
90 78 59
8 1 99
36 77 70
0 89 61
52 6 91
61 1 83
37 49 62
24 62 74
66 27 69
10 6 42
41 92 48
25 37 8
9 80 19
95 16 41
37 12 69
61 25 51
75 70 27
64 10 66
67 16 93
3 5 20
84 23 34
41 18 68
61 15 20
24 20 71
54 82 100
5 46 16
31 89 14
19 86 62
9 46 95
28 3 22
77 65 16
7 39 67
32 11 59
30 61 84
61 97 68
45 95 28
2 14 95
96 43 8
8 99 81
48 34 27
44 13 82
46 5 37
71 41 53
73 75 13
16 81 89
44 80 23
16 41 56
20 64 2
74 96 50
82 73 71
11 47 95
13 77 23
95 4 94
88 51 66
32 98 42
29 95 76
40 79 20
47 91 15
51 82 14
65 68 65
13 2 38
65 69 20
5 24 70
77 34 22
44 64 4
92 82 70
86 70 33
43 44 75
52 23 79
45 61 92
11 38 17
94 44 35
2 18 49
9 7 65
24 98 40
77 42 74
72 87 28
85 83 11
50 94 29
1 42 90
85 12 40
67 66 68
28 80 49
83 22 81
41 85 54
57 97 14
94 93 28
16 79 85
77 57 31
30 5 87
89 33 2
2 67 58
19 85 7
17 72 1
85 34 36
40 4 5
33 46 43
29 54 28
7 11 80
66 20 31
72 95 86
63 94 66
93 40 88
88 85 28
21 11 40
79 40 37
93 2 68
2 47 30
7 34 51
14 88 56
7 92 90
72 20 15
47 19 27
85 82 8
13 0 9
27 60 3
58 2 97
39 96 29
61 52 78
47 4 18
97 32 25
29 0 45
40 85 10
46 30 52
79 39 19
87 51 22
10 19 44
6 94 55
47 33 44
75 71 100
41 64 22
24 35 16
69 53 65
50 15 6
28 59 81
96 88 80
65 32 20
91 97 41
81 9 38
60 2 26
91 6 42
32 49 19
35 18 61
85 88 69
53 5 18
85 3 71
99 86 4
52 15 6
14 72 4
55 37 94
30 27 20
48 72 80
0 9 6
89 85 26
29 19 85
48 64 37
81 12 16
39 12 34
71 66 68
89 67 81
12 76 15
96 12 36
66 62 95
53 17 96
69 25 40
87 44 11
76 27 97
1 45 30
56 35 67
36 96 58
32 97 87
63 69 16
71 81 6
76 59 11
70 52 41
18 60 52
80 27 79
95 32 5
82 48 33
3 68 46
9 49 52
8 53 74
53 94 94
17 85 66
23 49 67
74 91 11
18 47 14
14 38 13
44 21 73
81 46 58
14 60 73
29 2 89
31 49 23
86 94 25
93 62 30
72 27 43
19 5 69
82 9 80
48 26 78
50 86 61
53 0 100
80 96 99
34 12 71
1 95 66
49 95 86
17 88 31
85 49 97
89 53 16
21 58 26
28 59 30
21 39 21
42 79 19
55 66 14
95 25 68
96 12 100
39 68 24
24 85 29
2 94 15
92 9 67
8 44 8
38 42 85
46 50 33
62 72 50
18 32 27
66 99 10
53 42 64
52 37 8
99 42 96
32 20 23
3 0 68
36 19 14
51 67 93
89 16 65
23 51 18
99 23 41
91 9 50
42 77 14
88 87 56
8 73 88
6 36 29
91 57 93
81 22 100
42 33 47
37 12 57
40 23 30
52 1 80
27 69 22
19 52 26
55 81 3
30 27 53
6 27 25
89 78 17
85 48 60
38 58 54
53 91 13
67 20 39
55 25 34
44 65 69
24 80 84
25 92 9
56 51 10
41 22 65
8 64 19
74 26 20
8 5 17
93 7 79
87 81 68
35 97 59
0 84 23
32 24 31
74 86 23
22 31 23
86 71 100
21 85 10
17 76 86
2 37 9
30 35 56
85 7 15
48 71 69
60 7 43
98 6 76
32 10 79
22 61 52
40 67 36
78 94 35
68 24 23
84 82 88
62 26 18
7 50 91
76 60 60
60 49 65
23 16 28
98 34 15
63 42 81
24 39 38
73 52 9
94 18 77
30 3 49
31 6 91
67 10 16
35 98 82
98 71 56
45 73 24
71 65 5
15 47 66
24 62 53
31 99 28
89 62 57
62 65 51
31 97 22
13 6 84
20 64 66
30 72 66
32 9 89
77 19 70
13 95 94
74 70 5
90 42 34
42 68 6
59 75 51
47 40 49
8 23 18
59 70 75
15 50 68
37 13 90
5 24 67
14 76 32
52 78 30
51 1 49
87 2 41
83 92 14
40 48 58
26 34 70
96 2 93
2 30 42
59 98 59
49 45 23
4 82 85
73 20 24
88 8 48
59 96 6
28 86 6
76 77 79
66 82 88
91 67 79
85 51 62
79 73 13
32 47 15
23 38 66
38 78 93
77 54 31
42 58 85
47 2 20
77 90 3
83 97 89
84 38 57
9 96 37
27 80 3
40 44 8
40 15 12
31 75 65
31 44 71
20 77 68
29 52 72
70 13 11
24 54 100
93 72 62
59 61 85
90 38 87
24 84 18
14 37 24
75 57 15
30 61 18
58 43 13
52 69 47
59 90 10
5 84 22
75 49 71
98 75 26
25 41 2
51 14 51
18 41 3
44 43 31
2 57 77
35 20 12
18 82 78
48 91 61
23 96 92
23 70 9
49 10 33
77 50 70
9 96 56
1 37 46
46 58 26
26 87 47
10 68 83
2 70 23
99 51 68
35 3 42
98 50 58
4 77 58
98 72 75
75 87 94
68 75 29
57 47 19
90 72 85
97 93 67
71 99 98
27 66 90
35 5 44
77 45 13
97 75 47
86 55 48
91 90 36
43 47 3
19 0 79
14 55 33
47 46 20
31 48 77
70 80 56
69 20 1
39 17 85
9 35 6
3 56 92
95 98 6
45 3 47
44 23 29
43 78 98
6 54 60
13 85 29
58 55 96
9 75 44
52 34 56
50 87 36
15 18 79
20 4 58
83 7 48
13 37 89
50 5 31
33 44 23
21 60 97
30 39 39
70 56 60
19 97 20
53 59 74
95 39 95
99 33 36
72 67 31
61 46 46
6 47 64
12 60 96
6 93 71
9 25 33
22 6 84
10 76 98
56 8 84
18 61 72
35 73 20
33 70 29
52 60 7
33 61 99
67 35 73
70 6 33
93 21 18
17 92 1
32 18 20
46 1 21
10 18 1
13 33 38
89 0 14
18 26 15
50 54 87
5 17 76
64 87 70
8 62 55
46 35 34
52 50 21
2 6 90
90 80 25
72 97 94
8 69 76
18 94 34
75 42 77
26 56 60
14 54 71
69 35 42
80 93 45
51 14 27
33 57 2
55 21 79
53 51 10
84 36 40
46 21 3
74 98 68
33 87 27
94 26 46
6 89 46
43 85 71
99 92 44
28 18 85
57 99 4
6 56 86
67 71 75
75 79 4
26 60 91
20 26 40
73 98 89
45 20 60
83 89 97
32 9 33
21 81 55
61 49 56
59 17 27
43 80 42
37 32 64
56 24 55
75 73 72
17 77 75
44 40 20
26 76 76
63 10 83
57 31 11
63 61 52
92 16 96
30 18 2
14 59 85
46 13 13
54 76 7
21 8 66
56 28 22
73 57 74
25 62 37
98 33 16
74 60 47
21 52 97
70 94 70
4 0 61
73 10 49
23 16 53
54 47 71
55 16 53
33 67 60
95 42 60
51 2 43
26 14 82
44 89 3
38 55 48
20 66 27
92 82 57
24 30 91
66 94 44
1 40 85
48 22 24
51 18 56
47 42 70
46 12 78
9 41 3
99 60 85
68 20 79
64 17 78
55 2 83
56 5 84
35 13 63
47 13 72
12 1 61
70 56 89
99 77 46
35 69 80
11 67 40
43 13 16
64 40 96
31 72 85
72 70 71
81 91 11
45 42 38
57 62 26
81 24 65
89 8 62
93 55 5
26 93 80
96 26 19
24 65 46
39 38 9
95 77 92
17 62 72
96 36 8
13 3 83
12 17 87
79 29 40
28 51 78
32 4 100
21 82 39
39 63 60
86 85 100
8 62 10
43 50 22
40 8 26
61 35 38
27 57 67
27 70 37
16 75 7
7 93 22
57 51 80
40 60 98
84 37 28
79 93 62
66 68 24
96 71 69
8 64 12
2 89 13
88 11 32
66 57 24
97 95 43
38 67 83
8 86 13
10 29 38
15 50 22
7 1 29
12 68 37
91 88 64
55 63 24
3 45 34
42 60 22
39 20 74
40 73 83
28 42 64
34 50 23
49 23 92
64 10 98
18 86 13
24 99 62
83 70 91
47 12 44
29 65 83
88 62 50
86 70 60
37 44 89
59 88 79
65 6 59
27 21 97
12 73 14
2 7 18
42 70 70
68 45 44
82 32 11
82 76 88
53 76 87
21 10 84
39 69 26
19 15 15
8 35 85
20 38 42
59 61 87
97 87 88
76 89 47
0 93 98
75 82 78
10 31 18
54 12 33
78 20 100
13 92 39
27 99 95
68 95 59
23 13 25
67 85 84
32 27 62
6 47 47
87 93 87
40 37 96
69 47 34
62 5 87
75 13 74
3 2 83
97 64 60
77 35 99
90 97 6
99 59 73
43 19 47
30 40 67
69 4 96
76 73 34
97 5 50
18 88 16
80 38 11
19 98 88
53 61 52
57 47 72
77 98 67
33 52 32
53 86 59
35 32 85
83 35 48
39 17 100
89 99 63
97 88 26
47 88 37
21 81 13
68 61 44
41 6 78
38 70 4
22 70 86
28 41 3
56 96 80
60 66 51
83 58 14
43 45 89
28 25 82
87 22 76
51 23 7
92 18 27
96 36 12
40 13 35
5 44 72
17 39 38
37 74 40
67 70 47
90 28 34
34 33 47
38 3 32
35 63 2
80 76 11
63 59 93
99 12 52
24 2 2
17 1 8
75 26 63
46 50 7
88 93 42
58 77 42
65 82 12
94 59 97
10 80 78
31 57 92
20 0 20
34 45 68
7 72 89
28 65 72
47 16 61
90 36 8
32 46 13
17 85 47
76 78 99
29 49 72
0 86 85
75 52 75
61 94 45
56 57 94
39 14 85
55 64 44
13 17 4
43 85 83
23 52 39
49 79 7
56 15 11
66 51 9
15 79 49
86 41 84
18 94 57
78 37 45
19 57 87
79 47 51
11 26 59
6 23 74
38 87 70
55 68 86
44 8 9
89 90 56
7 58 92
99 33 73
35 36 35
78 9 58
55 47 32
28 54 58
73 99 78
95 5 95
53 46 62
38 60 24
41 29 2
51 48 72
8 96 43
89 1 13
45 92 72
87 12 47
22 34 87
46 86 28
7 50 48
69 25 19
38 94 55
39 86 77
22 39 94
89 96 61
9 98 24
52 22 100
67 84 5
28 2 61
31 80 47
48 30 13
57 62 83
71 15 58
36 79 98
62 24 66
17 19 84
59 39 54
12 95 80
66 23 42
24 56 83
52 53 23
2 97 80
72 6 57
76 23 48
72 51 5
57 17 69
45 21 3
91 22 49
45 57 6
43 28 92
13 97 95
28 17 48
86 34 62
35 16 22
32 1 34
24 4 24
98 69 64
75 50 44
75 23 82
14 85 29
8 51 45
26 92 24
55 86 41
88 85 49
83 67 92
58 57 54
55 11 4
61 82 20
24 69 93
26 7 18
47 71 27
30 61 48
66 65 30
65 17 92
95 67 43
23 67 94
84 16 94
72 27 69
69 29 48
40 68 7
30 67 53
2 99 33
99 10 48
1 47 37
97 38 95
47 55 52
97 69 76
24 51 28
20 3 9
71 9 4
33 96 85
75 35 71
93 26 8
61 18 92
20 45 48
62 36 69
3 42 47
64 65 78
58 27 39
61 56 22
83 69 83
69 31 62
32 21 37
95 97 65
63 96 57
33 95 39
50 42 95
72 91 72
70 59 6
45 19 93
17 56 23
9 5 86
47 4 31
72 77 65
95 63 98
62 23 60
74 15 69
97 15 90
25 69 72
3 45 99
15 55 12
95 65 29
94 12 8
49 7 7
30 64 87
37 90 52
69 8 11
85 5 82
75 13 75
90 55 26
26 88 93
99 14 51
13 37 5
58 12 71
82 4 14
89 44 33
52 78 47
83 89 76
13 9 32
65 0 68
10 37 24
72 68 71
42 50 13
9 48 83
10 21 76
88 34 13
1 58 28
91 26 29
35 54 30
23 76 61
57 35 42
6 84 75
85 14 76
82 28 93
85 10 46
80 42 22
15 12 49
21 17 51
13 48 91
41 53 35
9 93 16
18 42 6
38 77 94
1 30 6
21 36 17
77 93 52
92 26 44
58 95 77
95 43 99
52 42 53
85 8 51
4 5 69
21 37 32
20 5 49
47 57 86
96 22 66
31 50 85
63 74 64
93 22 49
23 8 23
94 9 28
31 94 25
80 24 69
55 76 30
8 84 31
76 66 55
34 18 28
74 8 77
13 43 29
40 92 19
31 24 85
79 80 71
3 49 44
67 20 54
55 49 22
74 63 6
42 13 29
83 42 94
59 63 92
37 97 93
24 43 68
70 58 66
95 28 22
15 38 2
52 4 51
74 24 1
36 9 15
15 79 45
80 41 44
0 99 96
63 6 59
55 90 38
7 52 27
6 71 48
21 4 61
30 73 31
99 71 11
64 41 93
46 11 12
19 84 3
61 20 7
19 82 96
49 28 37
99 83 37
67 54 78
18 53 53
95 83 39
4 85 6
96 66 92
4 78 52
99 50 56
74 4 9
78 63 14
84 45 52
54 42 56
47 19 44
78 6 57
45 17 75
41 66 40
39 64 92
75 31 49
70 5 43
56 39 38
5 42 9
98 86 70
8 25 56
3 2 10
68 65 48
5 20 53
97 69 58
34 96 82
20 16 17
86 75 100
57 99 86
19 67 62
76 12 51
99 70 42
89 50 19
18 47 34
91 9 43
81 36 74
68 80 35
96 0 16
96 7 36
27 37 99
21 32 10
91 37 62
96 32 74
4 23 20
98 26 66
36 41 80
10 5 10
6 8 77
45 60 64
79 85 89
88 33 42
12 6 2
6 22 79
96 46 91
45 76 48
97 0 89
47 43 96
12 91 80
15 77 47
67 16 100
6 67 24
26 34 11
85 71 48
84 48 33
17 91 95
63 8 22
69 17 46
48 26 51
51 49 48
61 56 36
31 93 82
4 75 77
69 78 1
61 18 85
5 49 42
20 40 28
30 93 10
4 17 27
46 21 97
57 21 25
69 46 37
19 90 73
40 1 97
26 38 20
58 44 12
27 0 38
14 95 93
29 92 61
20 16 88
51 46 27
80 49 75
50 20 33
90 45 11
5 12 53
15 25 97
59 26 38
73 10 97
5 55 22
29 94 3
55 65 43
22 44 79
89 3 5
57 3 1
50 96 62
33 13 1
35 6 46
24 23 36
54 26 40
2 74 14
1 19 12
85 4 28
43 67 64
76 60 66
78 17 81
82 65 8
65 3 18
60 55 100
30 91 19
64 83 98
43 35 11
27 12 78
67 6 89
61 12 29
14 23 72
4 12 59
64 42 93
10 91 98
75 46 78
42 79 77
21 88 73
40 74 7
91 97 19
82 70 89
5 25 64
92 82 80
10 63 27
18 35 30
69 31 7
82 73 23
54 25 66
50 44 65
76 96 87
45 71 62
78 90 34
78 45 65
54 85 32
5 98 43
40 51 45
47 58 84
11 94 6
28 78 97
63 2 73
83 26 71
46 98 100
94 90 54
30 83 93
32 20 16
76 13 13
70 40 63
55 68 56
17 12 61
91 14 77
44 27 52
94 83 24
7 21 71
30 48 2
1 6 75
80 82 84
76 84 95
71 47 99
17 44 92
49 12 97
72 69 95
36 89 89
20 90 95
90 7 70
21 5 21
2 73 94
62 43 27
50 44 6
88 24 62
75 98 36
14 19 79
47 27 18
61 47 92
91 85 91
7 5 69
57 2 17
20 29 71
31 60 13
33 89 95
11 82 3
73 14 54
94 47 68
24 4 82
77 68 97
44 9 72
35 21 1
50 77 21
93 91 90
40 70 63
41 51 59
18 36 58
62 7 42
71 72 44
91 87 86
14 83 88
34 31 20
68 46 1
96 44 29
77 90 57
89 34 5
68 26 92
31 97 91
6 29 11
58 61 48
70 91 86
20 73 31
87 0 27
79 89 54
18 71 69
46 79 92
90 62 69
10 51 90
45 92 99
57 99 79
74 43 31
3 2 70
75 12 99
20 61 20
60 20 10
28 44 26
38 44 93
29 87 17
51 77 12
78 93 40
16 46 10
95 56 1
92 13 10
6 37 64
30 41 47
94 75 30
37 31 25
35 45 53
45 79 85
93 0 51
89 93 60
88 83 55
72 3 81
2 32 15
92 55 21
77 30 19
61 27 78
51 98 5
17 97 36
24 98 31
61 67 95
74 96 99
18 45 67
48 49 100
13 1 22
57 85 85
16 89 55
49 16 64
37 38 58
43 73 92
99 6 68
68 99 51
66 7 66
90 86 8
32 3 11
89 76 50
9 89 62
74 94 90
70 46 40
18 3 48
88 4 93
67 22 18
36 72 27
34 22 97
56 14 53
16 29 49
44 15 94
64 44 60
70 69 67
4 26 95
58 92 89
51 60 93
46 3 10
77 63 33
3 19 41
64 69 4
18 55 3
3 47 47
77 62 3
70 53 29
81 87 48
72 40 34
1 99 3
63 73 99
66 13 8
63 78 45
27 70 35
54 18 17
18 32 33
37 13 9
81 39 57
31 40 1
18 97 47
33 32 58
35 19 59
28 41 52
70 67 51
56 53 33
63 96 65
70 3 45
84 0 69
18 38 12
95 22 12
41 63 34
71 59 41
45 81 45
43 37 76
88 89 62
8 19 83
75 25 63
35 2 45
40 79 77
72 7 8
47 9 38
1 37 96
6 60 45
63 36 72
21 14 84
83 93 12
20 47 75
64 28 24
44 57 99
37 99 90
45 17 47
53 65 31
42 87 26
2 61 97
66 40 16
34 10 58
71 10 28
30 27 55
17 28 54
63 19 43
82 69 80
8 64 1
72 88 86
87 24 44
60 92 17
50 75 33
43 99 56
13 84 48
27 98 49
26 50 31
19 86 58
53 60 78
96 20 16
66 72 89
0 67 33
46 34 46
70 3 62
29 74 52
67 19 84
4 5 10
82 81 67
73 27 17
84 16 8
74 98 13
72 29 8
61 1 37
62 61 3
71 25 51
40 50 84
53 65 18
28 0 59
58 35 44
50 19 29
16 60 75
41 35 11
39 55 39
52 9 15
70 48 54
17 70 57
72 65 98
51 64 19
24 25 100
35 53 78
29 62 95
53 31 45
29 28 34
96 38 66
88 43 10
65 32 60
19 31 71
17 15 12
14 30 13
60 50 7
1 88 35
65 74 3
75 30 5
4 87 9
0 71 71
9 5 100
93 95 80
0 93 48
43 95 87
84 37 39
1 36 62
39 11 3
52 48 22
32 10 61
94 21 58
43 88 33
22 23 56
95 11 88
55 78 46
57 81 77
83 32 42
77 12 91
15 55 12
86 96 71
41 10 30
26 65 85
32 47 85
34 51 6
50 18 42
32 58 40
62 87 22
14 10 29
82 65 36
75 31 38
26 52 89
85 41 37
39 55 49
43 58 80
72 45 43
23 31 9
36 61 97
44 7 89
58 28 85
66 26 43
89 81 26
48 36 86
69 84 8
5 29 36
81 46 98
56 58 89
80 33 12
75 52 61
40 7 16
36 71 49
61 50 30
19 23 44
37 41 100
79 73 19
15 21 31
13 58 15
4 58 31
96 10 92
97 16 89
55 47 61
42 74 87
95 94 95
16 6 52
2 22 63
88 22 42
24 80 7
97 32 69
52 63 2
68 57 90
5 31 17
25 71 66
0 3 16
55 67 49
74 93 84
80 54 34
60 24 68
73 17 51
14 27 86
37 0 61
82 31 12
38 41 40
5 56 97
40 24 89
94 69 67
17 5 60
98 16 23
81 68 96
73 67 40
24 91 30
46 56 15
4 1 74
40 75 15
91 0 65
26 63 24
25 62 99
55 58 85
4 86 79
19 76 95
42 72 53
4 99 50
55 71 52
84 27 48
22 74 51
80 86 32
73 14 82
6 76 10
6 29 46
38 43 63
47 77 23
21 19 54
10 19 34
96 68 77
21 72 68
37 34 80
45 36 90
50 41 79
11 96 10
60 32 85
66 38 12
53 91 2
4 3 96
11 18 43
91 96 39
13 16 97
73 66 5
40 65 86
87 43 9
17 39 38
49 25 13
42 78 15
45 67 37
95 73 83
7 97 90
71 63 44
90 32 32
27 65 90
29 73 53
11 63 86
39 43 66
85 31 28
17 66 49
89 73 56
65 9 47
0 51 1
22 81 75
83 68 40
76 10 81
96 4 78
63 78 80
58 48 75
91 86 18
23 32 15
2 26 13
15 60 56
37 87 55
89 34 64
84 18 30
31 24 20
5 16 49
15 41 24
10 52 77
59 19 87
91 25 39
59 64 73
44 59 93
7 45 59
38 48 94
79 77 47
50 2 53
57 0 3
94 19 31
50 42 79
17 21 20
35 97 44
68 43 11
92 90 18
79 52 31
28 3 96
3 59 5
64 17 71
61 13 15
79 33 79
3 35 99
91 23 45
85 40 56
12 75 49
84 80 33
25 81 99
60 25 71
77 15 58
96 16 48
11 28 75
49 42 55
57 21 74
94 60 12
51 17 4
46 21 15
59 4 59
25 56 30
80 78 98
53 55 64
18 53 13
27 79 91
8 91 1
36 23 84
69 50 89
62 49 73
55 36 17
67 38 13
18 96 42
38 22 24
72 87 89
55 67 29
64 63 12
42 13 94
68 55 34
15 83 67
53 12 54
29 53 81
33 36 68
80 27 39
58 9 43
76 19 15
45 94 52
34 95 92
67 24 62
1 33 68
0 61 61
78 92 18
8 20 40
7 71 19
79 20 57
46 28 19
83 36 7
90 85 86
92 50 11
27 77 39
37 40 89
75 17 3
27 54 52
55 8 36
31 83 30
37 20 36
2 21 11
67 65 25
19 1 87
15 99 13
17 46 34
10 78 62
97 25 72
81 75 42
89 54 75
60 65 8
17 96 98
78 82 80
28 15 64
33 22 15
30 6 30
19 93 40
30 69 3
26 24 17
44 2 73
14 77 14
34 48 62
79 19 43
44 71 47
67 50 40
10 53 70
84 85 66
24 28 52
13 38 64
86 93 88
2 7 89
40 1 23
42 30 82
56 58 93
25 92 74
16 30 4
18 28 72
85 13 5
55 41 20
4 93 54
43 41 94
20 59 94
73 37 59
93 45 74
50 90 26
56 60 88
84 65 69
11 32 74
91 2 17
26 90 48
99 53 89
26 25 38
81 39 86
30 27 53
17 35 32
22 2 85
16 11 8
89 39 74
48 92 87
79 96 87
88 46 81
65 64 75
41 25 71
87 62 14
11 63 35
5 24 54
88 19 5
89 12 60
91 11 20
76 68 43
88 20 90
90 45 76
58 2 38
5 23 41
16 82 99
2 21 73
65 39 97
92 82 56
4 90 82
9 12 96
39 79 7
4 43 28
30 45 72
28 97 69
50 3 66
37 14 51
56 27 59
12 6 2
40 27 38
46 64 39
44 34 33
70 68 100
80 41 15
53 71 83
89 18 47
92 64 91
73 17 94
26 52 28
29 80 16
75 0 48
48 23 55
73 11 4
48 68 69
31 29 50
78 7 17
68 64 87
59 48 25
97 86 19
81 49 63
62 6 46
42 82 3
44 71 6
31 94 5
63 85 6
20 62 69
91 60 18
62 22 39
45 79 2
33 46 25
46 76 21
35 8 78
31 49 69
34 96 22
40 10 74
33 41 12
60 84 23
80 30 60
36 50 88
30 41 66
75 22 74
32 96 89
65 59 34
17 12 77
55 5 68
84 62 60
97 95 100
12 68 47
31 39 56
44 73 50
92 77 28
1 87 27
30 50 69
34 88 41
37 87 2
17 44 32
94 22 76
89 73 53
41 3 93
4 58 24
45 55 70
48 63 61
96 65 58
76 41 14
71 47 89
11 41 29
5 18 12
11 8 3
42 49 29
5 75 15
10 17 71
62 79 76
7 16 34
8 23 4
93 62 97
43 60 72
87 85 24
33 96 27
49 98 22
94 83 48
92 36 3
79 53 30
14 69 83
13 33 66
77 10 79
13 64 18
64 91 74
23 58 25
48 81 53
13 37 33
29 53 15
52 28 64
86 88 47
53 78 17
50 19 50
99 5 4
91 84 90
10 78 12
96 43 1
72 17 64
81 65 63
61 38 47
69 8 37
67 78 25
79 13 85
62 82 2
96 81 25
58 3 67
97 58 4
95 71 94
12 80 66
62 13 15
61 62 96
90 59 31
51 62 82
73 67 68
66 77 10
35 71 73
72 25 97
67 37 25
38 62 64
32 45 98
97 1 2
56 95 28
39 34 69
79 73 98
54 48 17
86 84 17
93 87 63
86 30 76
46 33 65
16 72 69
82 45 56
50 78 92
88 48 56
75 20 71
35 47 15
75 71 89
39 9 43
61 90 62
91 41 61
55 62 100
45 3 59
19 89 29
44 17 10
62 17 80
18 31 19
32 75 20
5 16 65
70 69 4
40 46 40
53 21 87
71 60 13
29 58 59
86 16 66
76 85 45
36 44 36
68 70 89
53 35 42
82 15 7
74 32 97
82 4 9
93 12 78
69 42 28
47 62 11
76 90 26
70 20 27
25 43 97
55 40 3
95 60 31
74 38 15
61 11 37
9 78 70
20 78 67
62 95 29
66 77 28
41 49 69
77 72 96
97 0 86
19 73 28
4 47 82
49 64 5
91 13 98
58 57 45
13 9 82
11 68 34
86 22 15
8 78 16
6 93 58
82 92 50
57 90 50
81 26 23
69 41 22
59 28 88
24 9 16
60 8 45
11 52 99
49 0 17
10 65 77
32 96 2
21 67 46
85 16 92
82 95 73
96 80 8
36 65 44
62 12 50
84 39 34
9 71 47
43 55 84
12 67 59
32 68 11
94 35 46
37 6 33
76 61 100
18 34 79
39 45 96
76 90 90
22 66 87
64 81 35
46 72 88
18 54 27
89 77 94
11 63 92
16 33 23
63 95 40
59 67 71
87 37 35
86 93 77
94 22 22
70 49 26
78 55 3
58 90 7
20 62 78
50 54 39
89 55 52
65 52 52
22 10 10
97 67 66
34 1 94
19 95 57
63 60 14
4 58 8
58 41 37
21 37 100
31 0 19
88 37 19
71 37 53
43 26 38
71 95 91
34 35 95
18 45 87
11 45 93
26 0 38
15 13 21
3 89 49
21 91 74
37 61 98
57 92 5
99 98 79
61 27 83
29 78 2
91 8 47
27 33 99
39 21 29
99 77 56
84 91 63
38 50 63
38 58 41
89 30 76
84 28 34
80 26 44
53 61 53
5 30 50
7 95 49
38 52 74
2 25 62
28 26 20
43 90 42
35 29 15
4 99 32
48 1 93
88 55 25
85 94 64
45 84 22
7 5 30
39 56 70
90 15 42
58 19 1
11 42 27
77 36 45
62 43 4
40 17 72
19 54 67
10 61 54
