85 37 70
78 38 24
66 62 100
32 9 49
74 4 45
69 44 6
99 81 50
1 95 60
22 51 77
22 95 73
21 37 74
13 82 11
6 80 94
4 9 30
73 74 45
25 81 77
55 76 68
23 81 19
50 4 29
29 7 89
0 27 49
88 94 66
74 76 66
9 45 80
15 64 95
88 81 39
58 65 76
96 21 35
34 76 39
94 93 85
99 87 51
1 57 41
81 10 65
44 19 63
85 49 86
91 78 80
49 45 81
36 30 80
16 85 73
49 0 91
63 59 25
63 89 43
92 51 51
1 2 4
56 20 94
85 53 89
50 77 37
30 14 57
38 35 46
40 65 57
51 6 19
24 79 74
69 15 88
70 53 71
10 84 81
18 33 58
4 29 95
63 91 81
37 7 38
30 3 57
63 14 64
16 10 83
85 52 68
24 51 58
41 73 83
48 77 85
40 54 18
85 66 49
9 16 46
84 24 91
37 32 74
19 86 66
78 1 61
52 41 73
27 80 1
39 37 18
69 16 23
24 49 49
85 81 67
54 1 71
18 14 26
45 12 87
89 33 92
45 82 51
78 48 97
99 64 84
10 42 100
72 24 100
29 42 94
25 2 10
69 2 70
34 49 83
19 48 4
84 53 80
61 37 84
44 77 47
54 44 20
0 35 82
26 87 43
68 46 53
69 46 16
13 87 8
83 35 83
80 38 99
84 21 44
34 18 56
3 49 42
52 86 87
74 58 60
96 47 94
82 11 77
73 40 2
93 83 87
69 85 1
38 99 13
37 18 45
50 6 14
55 91 99
49 25 48
76 95 27
23 64 67
46 70 74
58 43 64
64 53 61
72 50 37
67 92 79
36 79 72
69 90 71
3 71 40
30 67 65
44 37 68
14 95 45
87 81 36
56 5 27
74 24 35
67 41 90
36 8 17
1 95 16
68 91 70
96 31 60
14 91 41
74 21 35
8 28 80
52 13 87
22 12 90
0 9 1
7 79 80
41 22 90
41 96 4
26 50 97
70 95 79
11 40 7
99 58 62
36 12 5
53 67 12
11 65 46
63 79 80
22 35 22
90 18 24
48 41 47
92 66 96
89 11 50
18 24 40
38 9 13
95 36 63
72 96 44
73 61 9
67 66 54
45 27 4
53 44 43
23 36 46
76 75 67
0 36 13
94 7 80
0 38 41
89 50 98
42 96 10
66 59 17
77 46 36
47 90 33
9 70 58
37 56 38
77 88 71
89 95 39
69 83 92
76 58 35
20 97 72
25 9 73
20 35 63
83 55 57
42 65 27
21 11 11
54 9 2
1 41 16
79 97 64
51 53 22
90 8 12
77 17 13
75 33 74
76 2 62
28 80 76
71 18 48
33 26 50
96 20 97
52 48 45
87 60 21
82 21 49
58 60 98
31 72 17
63 0 79
25 7 3
38 18 60
42 31 28
84 62 7
33 70 57
44 2 72
8 12 16
53 75 86
52 41 14
89 38 10
26 74 64
59 5 35
10 68 66
30 73 52
14 87 82
45 0 21
65 26 97
40 36 1
24 9 42
57 0 96
20 99 43
7 23 19
44 63 95
89 35 27
80 40 16
59 23 7
39 69 30
94 49 80
10 66 58
24 36 91
51 99 99
97 66 88
52 43 17
74 73 88
95 44 96
76 34 12
32 24 7
89 85 29
25 10 37
91 49 82
87 65 56
50 93 16
10 54 79
86 50 27
50 46 10
61 71 23
32 18 67
26 97 72
81 25 7
21 8 53
42 44 95
79 0 59
72 35 41
35 32 83
18 20 1
64 42 64
61 66 71
51 99 50
91 49 72
41 74 84
56 60 25
68 5 95
74 1 49
42 39 92
67 63 25
83 51 47
97 0 27
37 46 40
42 1 14
17 45 69
23 80 93
69 78 68
24 41 46
14 67 37
68 7 73
73 64 9
47 68 68
93 12 26
21 89 93
82 58 10
33 54 73
5 98 93
69 28 71
72 41 68
59 69 75
69 16 57
94 22 70
85 87 55
87 76 24
73 99 12
26 78 72
75 60 62
40 80 77
82 0 37
75 68 37
16 66 31
62 57 31
77 80 10
30 59 18
5 12 29
93 77 48
64 37 65
85 93 14
78 48 36
38 51 6
57 16 62
40 22 1
27 4 39
96 70 93
24 44 33
77 53 43
39 10 32
69 24 95
84 30 91
80 81 80
99 32 88
13 14 72
93 40 70
21 20 83
62 8 14
69 93 37
33 20 87
42 87 13
71 70 59
86 64 38
65 89 12
65 18 39
97 31 44
92 25 60
44 9 63
42 1 89
9 34 56
9 34 81
80 62 6
39 16 18
43 38 12
78 35 83
44 56 55
33 96 93
43 51 22
93 37 32
26 12 47
80 8 93
99 5 56
50 92 18
27 48 45
91 83 73
32 46 96
73 11 71
89 61 80
7 32 4
86 11 79
76 18 22
4 76 65
38 86 14
54 24 63
46 25 97
23 8 48
24 5 59
74 12 53
2 3 54
27 61 36
79 32 13
20 77 51
70 75 30
94 45 11
13 38 10
53 0 88
52 39 27
27 13 96
79 97 29
56 21 94
38 15 38
56 74 52
27 88 36
72 82 85
26 21 50
28 84 64
73 84 51
59 37 80
77 71 88
79 41 96
59 8 14
99 41 43
88 10 8
7 95 30
13 66 56
72 53 80
4 22 22
77 92 37
83 30 48
11 72 35
55 43 70
25 95 8
34 98 61
66 22 88
3 59 97
7 28 79
28 92 50
16 97 59
84 5 100
68 26 30
18 30 88
56 81 8
91 35 18
9 68 34
91 51 60
86 81 20
73 28 55
63 6 52
56 3 74
63 14 77
51 42 97
83 50 72
86 36 7
15 38 99
95 6 15
8 30 43
9 83 71
93 63 72
3 1 81
4 26 6
78 3 22
42 83 86
10 15 1
28 51 36
17 88 45
50 55 23
4 7 53
69 3 2
59 5 22
24 55 94
33 72 47
25 29 74
47 5 78
13 56 58
87 91 35
1 45 65
27 69 7
45 30 36
80 81 64
97 84 82
38 47 94
22 38 30
22 23 96
42 78 17
49 57 58
34 60 61
81 37 34
88 8 45
15 92 30
20 46 23
35 64 94
77 33 47
39 68 10
87 45 12
20 57 24
76 18 23
93 82 96
32 97 16
89 11 15
3 43 44
1 77 40
21 44 99
23 61 56
37 89 84
23 26 66
90 67 97
62 5 35
29 65 10
75 60 35
16 44 72
56 53 39
22 15 65
30 88 47
89 41 94
27 81 11
15 48 55
40 23 76
17 86 36
42 41 37
1 2 83
9 21 54
91 27 29
96 93 85
83 30 91
82 64 64
63 33 77
40 22 71
41 48 45
68 50 27
47 75 91
22 80 53
62 10 4
20 72 26
76 26 38
39 27 65
70 52 76
54 30 100
72 57 61
71 59 12
20 29 36
8 37 50
27 43 68
79 52 100
10 27 93
40 91 78
64 78 43
98 2 40
66 0 45
34 65 78
42 40 65
59 2 45
68 16 36
36 30 14
3 78 10
9 63 22
62 35 15
72 33 75
56 93 52
75 69 53
99 69 34
11 91 21
0 74 36
82 4 33
21 82 68
68 70 97
23 62 22
63 84 47
82 16 87
12 73 68
35 39 53
3 52 85
83 24 1
10 71 89
70 91 84
59 85 46
29 39 11
79 40 37
62 29 87
23 73 61
72 2 76
83 21 53
43 26 54
51 38 85
48 42 62
8 97 50
35 90 22
7 46 77
3 38 30
0 1 73
36 56 25
15 36 26
54 12 35
30 10 42
6 33 11
26 41 41
29 58 13
66 23 13
52 89 19
97 24 9
66 34 47
37 89 51
31 0 15
58 60 9
69 42 94
4 68 96
70 99 61
96 17 86
2 5 85
89 33 87
48 19 63
74 51 44
32 27 19
13 2 44
31 20 55
6 19 62
47 51 92
81 87 38
17 60 96
18 62 86
29 75 41
19 25 28
82 2 57
62 52 75
69 26 30
74 1 18
95 33 56
59 54 79
93 31 70
73 34 65
86 65 54
85 21 40
51 26 2
18 33 56
79 29 2
56 15 38
10 27 66
79 55 19
5 25 19
64 60 63
75 83 9
21 28 59
44 15 3
22 30 96
2 43 82
43 48 31
2 82 85
45 47 61
12 50 21
86 74 19
7 53 15
24 13 70
12 11 38
77 28 47
51 78 8
40 11 51
39 24 42
63 56 45
93 25 51
55 76 22
19 84 23
49 45 58
68 33 46
97 82 96
47 70 14
90 18 32
54 24 54
10 22 32
40 62 3
72 40 62
20 80 42
61 29 35
46 21 28
9 20 72
39 23 89
24 79 5
67 60 7
18 89 25
72 85 95
74 49 99
85 84 100
77 43 59
59 13 23
10 14 55
19 93 18
89 63 22
43 78 52
65 95 32
27 26 26
9 75 21
42 74 71
84 36 31
48 82 94
66 68 74
5 62 28
4 91 84
51 77 24
54 24 62
90 88 49
91 59 68
12 97 39
38 78 66
64 74 91
9 38 74
25 35 84
79 45 93
85 27 33
71 0 100
75 61 54
45 20 54
78 8 92
24 36 8
42 47 32
69 20 13
82 89 41
14 69 9
67 3 32
21 31 58
50 73 5
63 3 63
10 39 57
94 69 98
48 9 70
1 75 46
74 49 11
38 71 64
33 70 65
70 67 29
2 68 70
0 82 62
82 98 93
63 15 100
33 6 60
28 13 26
8 55 32
59 42 95
42 49 39
99 36 46
51 70 6
36 45 26
91 97 74
81 14 70
94 19 48
95 69 23
1 8 74
53 76 10
31 14 95
55 56 21
77 40 66
62 32 93
59 60 19
82 61 20
59 67 100
47 56 95
97 68 84
82 17 32
97 62 35
54 29 85
6 83 52
4 54 96
9 81 18
14 37 29
72 15 69
68 46 46
35 87 66
66 33 92
27 13 98
79 42 28
94 61 4
78 80 69
26 58 26
14 97 2
26 28 40
58 17 40
43 99 42
11 34 68
32 31 94
83 72 32
16 77 13
30 21 20
3 0 98
46 9 58
22 31 26
92 61 40
26 91 48
39 41 1
47 39 73
41 47 30
15 14 69
91 5 20
11 73 14
4 46 85
59 72 18
58 92 36
59 67 96
17 45 96
51 20 38
47 90 63
79 27 30
24 17 90
27 31 34
47 24 62
70 63 45
0 64 9
66 98 2
73 64 30
0 70 93
51 36 16
71 42 51
33 14 26
68 44 17
71 8 96
4 58 86
92 59 94
29 99 45
43 66 19
85 51 35
35 91 80
15 90 39
49 5 76
55 66 2
28 82 16
94 60 24
55 70 43
66 27 15
49 96 14
35 29 70
58 10 37
64 50 68
69 10 91
79 57 100
6 23 41
30 11 66
57 52 6
82 56 74
1 32 95
60 68 40
94 7 54
84 88 44
64 55 32
3 24 84
31 2 20
73 8 28
16 76 89
91 84 44
77 4 86
50 45 17
0 4 95
42 85 8
54 55 66
68 44 71
76 33 75
56 21 47
96 82 88
80 9 38
17 18 77
52 6 31
21 62 85
35 67 20
84 72 56
69 59 79
67 24 84
36 4 63
52 23 67
5 6 78
51 27 82
63 54 98
1 67 8
29 44 1
35 1 13
41 66 98
82 30 11
88 21 95
34 92 78
22 37 53
73 83 90
46 92 10
80 62 73
59 34 27
83 40 4
6 15 26
48 55 90
39 66 85
83 16 57
88 36 22
11 39 14
61 75 74
73 36 21
1 25 66
86 31 51
51 59 33
92 76 5
60 97 27
35 34 1
90 64 89
36 44 67
85 40 98
62 8 62
57 87 77
6 77 45
14 0 33
67 64 45
94 46 20
30 86 43
39 32 78
32 79 19
28 32 69
76 6 42
8 87 21
93 23 78
11 43 20
83 64 12
49 29 52
31 28 32
81 90 48
23 16 30
25 52 40
42 20 73
48 79 41
60 78 81
30 42 89
76 9 39
75 53 9
47 42 64
85 59 41
9 17 74
55 35 20
33 48 20
44 35 57
4 96 23
30 41 40
40 58 100
42 14 23
34 94 23
92 41 13
93 29 67
98 32 26
8 33 3
84 21 38
23 36 61
74 85 50
12 61 77
82 67 96
34 74 6
82 44 41
25 47 48
27 46 40
70 15 41
62 12 10
26 57 17
25 33 73
14 98 4
21 86 56
20 76 24
78 54 45
73 46 24
71 56 95
29 58 2
12 60 73
83 88 45
41 7 47
13 11 49
87 86 34
6 69 8
29 32 14
52 12 42
23 64 12
44 73 52
13 39 58
22 8 55
68 97 35
6 72 100
34 80 47
15 68 94
99 13 19
60 33 3
48 10 56
41 60 27
67 31 79
24 36 51
50 7 66
67 90 35
64 91 62
53 68 3
56 98 41
1 88 49
47 95 40
36 48 11
28 59 15
76 0 9
10 5 43
20 98 89
15 36 39
30 60 63
14 83 91
13 10 57
48 47 92
5 36 73
23 65 36
65 44 53
55 19 59
98 66 72
78 25 22
15 80 50
37 26 86
40 54 49
66 7 83
22 64 51
68 14 54
4 86 73
97 8 39
77 22 57
7 87 63
31 29 35
14 66 67
97 37 75
9 6 100
82 99 14
0 65 80
7 37 21
32 68 90
2 56 27
81 72 14
61 66 53
49 53 98
33 54 20
53 22 54
77 17 86
38 68 14
10 58 96
31 37 22
1 11 65
15 0 43
43 86 87
58 46 70
40 4 64
64 54 56
7 37 54
7 52 67
40 33 88
64 36 63
79 67 77
65 46 49
58 5 51
56 61 21
25 66 44
33 53 45
28 33 64
74 78 6
89 97 94
67 55 25
34 4 56
58 72 30
28 39 68
67 73 89
64 50 89
66 58 65
45 83 32
84 86 30
72 22 21
20 36 87
11 84 11
0 46 84
12 43 12
71 77 98
74 87 9
56 72 11
15 67 49
59 88 51
86 20 36
62 30 93
96 5 93
11 37 9
38 0 72
82 17 83
46 42 63
66 58 95
9 82 61
46 53 28
78 64 21
24 32 75
56 82 29
91 43 10
25 95 13
52 40 6
31 97 1
82 40 90
92 80 24
71 23 36
64 48 13
89 91 7
68 19 71
74 55 70
97 41 31
74 43 66
68 9 100
80 12 65
91 95 65
58 3 15
5 79 31
8 91 16
50 56 59
73 56 83
7 1 64
74 24 46
77 25 68
46 1 6
98 17 46
94 40 45
28 6 18
12 49 90
87 1 55
44 81 44
23 72 6
51 87 57
98 18 19
28 78 35
14 80 77
97 27 94
30 48 10
22 30 57
88 95 79
33 24 52
44 65 30
29 39 13
90 23 21
51 81 87
49 10 62
59 38 82
36 77 28
95 28 86
31 45 63
18 66 12
62 28 8
0 60 40
87 11 71
29 25 100
15 52 93
57 51 36
74 18 12
24 39 57
1 97 30
10 23 34
20 99 82
20 57 86
28 3 26
66 29 2
84 28 69
19 55 56
39 95 12
47 26 42
96 78 78
59 50 60
56 13 37
89 83 6
19 87 64
2 1 77
50 46 52
28 31 55
97 33 98
32 62 57
34 71 1
77 15 51
58 78 64
12 17 37
73 18 53
20 40 33
40 59 2
72 34 27
25 2 63
92 85 84
17 82 62
22 27 49
15 1 30
7 21 52
72 55 94
58 50 49
4 77 63
44 24 23
44 52 69
75 71 82
46 22 35
41 81 12
18 99 6
42 22 21
87 15 79
4 30 96
38 33 65
72 39 60
3 64 1
89 91 92
70 56 18
67 34 86
70 73 98
26 13 64
74 10 29
88 69 46
94 73 93
57 19 63
89 74 82
52 50 6
30 22 42
60 67 63
38 86 25
36 68 79
91 14 61
61 23 84
49 34 58
94 11 95
85 86 48
98 59 89
40 65 14
73 40 47
7 23 31
98 55 60
20 50 67
92 7 71
95 11 95
46 30 40
80 6 23
40 98 63
84 33 81
27 57 84
37 9 7
13 94 87
90 50 93
48 74 87
42 11 7
61 53 75
1 52 16
80 77 42
31 59 94
64 56 74
36 53 99
39 75 75
61 23 8
82 44 66
45 58 23
74 47 88
65 26 44
17 16 14
4 1 84
8 33 88
98 10 100
30 6 87
92 64 82
84 45 39
9 16 65
77 67 95
14 48 63
81 40 75
59 99 35
59 41 60
81 91 75
90 27 60
89 98 42
9 40 6
0 78 83
10 29 84
76 75 84
85 33 57
27 39 44
55 39 80
2 86 90
72 14 82
50 59 73
84 11 100
99 58 9
91 11 32
32 55 50
10 29 17
14 5 68
42 50 8
65 21 18
4 85 1
43 70 63
74 72 34
11 45 20
57 92 21
51 84 52
14 81 43
97 9 50
57 52 47
23 82 63
34 97 19
68 77 42
73 9 80
18 84 62
64 8 36
82 74 74
78 10 35
5 85 44
4 51 61
29 63 55
81 94 66
94 84 93
41 33 17
79 56 98
48 97 95
34 59 33
44 41 34
92 59 64
50 14 92
0 29 66
19 38 49
7 88 11
0 20 50
80 24 40
54 24 20
40 44 80
91 42 22
74 48 93
22 93 72
40 57 14
61 52 71
98 72 23
94 19 51
17 16 64
21 70 21
88 23 6
90 40 23
76 71 9
51 79 79
98 89 95
6 27 23
11 68 58
30 93 82
47 0 14
98 43 47
9 65 30
0 71 93
42 49 16
16 68 19
38 31 95
41 2 52
28 42 5
55 99 81
25 21 48
19 24 33
19 57 79
34 7 93
60 78 66
89 70 20
10 95 43
46 11 15
3 79 92
78 3 46
73 83 5
21 87 64
98 20 35
57 3 95
41 33 13
6 97 7
1 36 56
74 61 79
88 49 28
9 70 85
69 77 18
57 6 47
36 7 69
58 47 76
15 52 82
42 47 8
41 81 19
17 14 9
42 63 21
88 38 55
97 30 20
16 9 9
75 17 75
54 86 75
89 55 83
91 90 92
25 17 51
9 17 76
52 90 57
90 77 34
49 25 46
34 39 91
52 65 50
39 57 13
24 13 83
66 34 96
89 11 5
36 72 78
27 30 54
65 11 64
32 30 9
30 49 45
2 84 18
61 8 6
45 57 42
93 55 1
0 35 75
16 15 90
77 30 9
72 9 2
63 15 1
34 66 27
1 11 47
96 55 61
98 38 26
38 57 88
45 28 13
74 83 3
82 64 35
31 58 36
89 28 1
41 58 21
33 80 98
57 28 83
36 56 32
15 91 74
9 23 58
58 85 91
87 17 10
46 31 94
18 49 72
31 83 65
0 6 55
55 64 27
90 30 27
77 92 55
0 71 18
34 49 82
19 77 68
65 56 70
89 33 29
65 13 87
49 32 44
48 38 48
37 96 54
87 74 20
61 8 82
0 16 45
57 14 95
26 4 78
81 82 6
71 0 33
79 80 19
11 29 69
70 91 71
52 14 36
36 59 50
75 30 29
82 71 65
29 45 26
84 70 97
84 79 53
91 3 86
94 81 74
37 69 98
64 17 45
42 4 44
82 75 70
6 20 85
89 84 61
57 8 53
73 21 75
27 74 81
72 20 34
17 39 99
84 76 3
95 70 81
12 62 77
49 21 10
88 52 15
54 28 25
31 44 45
5 9 75
18 16 6
92 3 8
16 98 55
87 58 96
12 88 95
30 34 49
92 83 49
52 2 34
61 96 46
84 77 63
12 16 52
55 35 90
34 18 90
57 34 7
96 36 66
15 54 20
20 16 91
33 64 97
97 38 95
2 12 34
3 72 80
37 74 42
2 56 89
3 72 74
65 40 97
8 52 1
21 32 18
77 7 54
64 82 81
9 75 44
62 89 66
41 98 13
2 46 34
60 7 74
88 16 19
91 97 79
35 31 59
62 90 91
86 49 85
53 90 62
2 81 80
82 97 61
33 86 89
61 78 50
49 0 10
10 54 31
8 63 30
25 9 54
78 65 81
28 37 7
48 51 49
49 45 24
50 85 71
72 20 72
47 64 2
87 13 49
32 57 30
2 38 35
28 6 78
86 70 22
83 32 11
67 99 39
16 40 66
49 70 73
21 5 95
54 84 36
95 85 67
88 18 78
20 2 29
73 13 50
27 25 33
80 0 68
34 7 42
3 93 55
23 71 71
84 78 83
7 44 29
25 61 22
28 32 10
32 61 65
58 80 1
53 8 41
27 75 21
52 14 95
49 62 85
63 37 32
40 64 81
19 94 24
15 51 38
78 49 46
70 26 42
61 83 30
27 30 88
80 24 62
0 15 74
83 19 18
71 35 43
95 23 91
14 92 78
51 32 12
99 15 61
96 60 82
58 78 11
60 22 54
89 26 86
29 66 58
21 8 33
40 14 82
87 35 28
99 43 78
14 35 28
72 75 54
92 96 89
26 0 70
89 91 58
50 55 5
35 98 62
36 45 83
35 93 9
86 83 9
61 17 18
42 90 64
54 77 87
17 42 54
5 63 15
38 42 98
96 28 13
8 86 40
17 65 64
51 53 32
24 71 99
26 80 48
61 42 91
7 27 74
95 42 90
38 5 54
50 31 98
70 74 79
22 93 45
16 87 64
70 19 68
60 41 79
85 11 77
11 2 79
2 65 36
67 12 68
68 70 70
33 99 97
16 91 68
98 76 54
85 68 61
46 88 43
62 56 30
85 86 97
50 29 5
95 72 99
70 2 89
57 25 97
54 83 4
30 66 31
97 42 86
99 31 82
40 35 26
4 88 30
47 86 66
50 41 62
96 74 77
10 37 43
32 2 99
26 38 44
46 36 68
1 71 85
32 67 35
97 50 11
50 72 70
45 75 60
9 25 14
76 12 17
98 69 60
61 84 23
25 8 45
38 22 6
35 89 95
50 31 87
12 58 56
93 46 17
1 74 16
21 73 55
72 91 32
26 78 57
14 82 62
71 43 99
17 26 2
65 25 52
38 31 57
9 3 14
41 16 72
45 8 22
58 91 73
88 61 18
84 83 94
70 20 66
68 89 62
72 17 54
5 88 46
86 81 92
87 63 29
76 9 13
55 62 9
62 71 1
5 34 31
37 59 89
57 51 49
54 55 56
31 19 43
65 74 87
96 89 76
14 1 78
95 27 85
27 12 65
68 35 5
32 82 23
8 17 45
99 65 1
12 71 83
46 39 29
47 15 90
98 6 21
23 57 74
16 21 93
36 97 11
79 72 3
49 73 74
97 26 17
21 38 39
93 51 87
7 61 80
66 40 52
4 37 55
73 8 30
9 16 20
34 62 8
75 96 66
76 23 51
78 67 1
45 56 62
13 0 64
33 0 72
97 6 40
87 9 65
11 48 44
85 29 47
35 64 52
81 21 29
54 72 78
60 1 6
80 36 50
19 27 93
89 58 82
0 69 25
69 91 5
70 18 51
27 81 27
25 77 96
29 26 45
57 39 75
34 90 2
72 62 84
99 49 66
3 58 35
10 71 94
41 62 71
87 23 73
75 51 96
57 40 30
68 64 32
23 77 55
24 88 7
68 57 71
64 42 42
90 54 54
96 50 80
80 98 28
19 21 54
21 85 48
20 61 73
83 53 27
78 32 7
99 7 73
43 61 55
14 73 1
90 98 57
4 32 33
52 3 69
13 1 26
84 7 66
53 84 68
27 87 2
22 9 25
41 61 52
99 31 4
67 56 29
42 30 68
49 20 86
21 53 53
98 23 81
0 29 55
18 88 47
32 17 7
37 22 2
92 57 66
30 83 68
38 26 93
18 10 74
98 49 76
22 35 98
83 39 49
9 83 29
16 69 76
7 85 63
77 8 85
15 75 89
11 5 67
46 20 26
49 9 21
55 32 32
1 80 49
56 50 58
88 12 19
56 4 35
8 23 38
56 81 12
92 56 100
48 49 47
39 34 63
93 59 38
44 16 56
62 14 74
97 69 14
4 3 32
97 7 34
1 94 48
44 12 34
63 79 70
14 12 41
81 63 93
19 77 89
33 96 60
39 95 15
36 70 43
65 87 92
61 33 57
96 67 66
70 22 13
15 36 97
90 32 83
37 87 53
72 30 83
24 63 46
29 38 53
79 77 21
47 9 42
43 80 17
2 78 27
14 76 63
44 9 4
50 30 36
61 14 83
24 63 53
31 24 44
11 87 50
0 3 32
25 70 86
89 88 87
25 39 71
90 10 100
80 74 72
72 46 35
89 54 25
88 96 79
70 82 39
21 38 34
38 8 77
85 42 99
58 93 31
85 26 64
38 43 11
97 82 53
54 51 57
81 0 98
66 33 74
22 91 9
16 59 38
56 46 43
58 60 98
74 16 50
41 23 94
53 97 92
79 10 27
56 49 48
95 74 49
54 41 47
26 10 23
26 29 79
66 68 45
83 89 73
47 2 29
5 44 54
3 56 4
27 15 77
86 96 99
68 26 56
28 75 56
97 52 7
82 47 2
87 13 92
27 89 45
40 3 30
88 70 7
28 97 23
57 52 30
36 3 10
35 36 85
84 29 71
43 6 88
9 46 1
46 39 62
72 86 64
85 28 44
54 64 75
30 67 100
19 64 15
48 82 36
75 33 55
22 68 62
96 80 64
10 35 54
17 93 70
97 44 8
6 19 65
92 65 84
74 78 69
7 23 56
83 90 61
92 29 23
68 35 19
33 65 84
39 95 55
87 86 15
24 58 30
66 70 34
58 9 47
77 29 40
10 45 99
92 5 48
9 87 72
15 48 92
26 84 21
66 20 33
52 69 39
53 8 35
23 5 95
61 22 75
27 34 1
54 60 66
4 91 12
28 58 57
78 10 56
95 72 30
27 91 41
54 11 47
59 25 26
36 4 8
3 28 55
64 33 92
14 90 21
86 76 22
65 6 90
57 81 25
79 22 60
96 89 64
59 45 50
37 86 59
28 80 85
49 34 45
82 13 4
94 14 88
62 61 21
65 56 42
51 30 54
95 48 52
52 10 28
0 4 4
49 71 100
59 27 90
66 7 90
42 44 94
62 8 35
98 43 46
4 80 16
94 61 22
3 4 9
31 87 21
22 31 27
67 81 41
22 41 85
61 4 17
8 16 16
85 44 63
55 62 21
36 14 20
21 20 68
63 37 49
79 32 90
76 77 32
13 76 2
25 99 14
78 57 77
53 2 16
24 30 84
61 69 61
7 86 64
95 36 57
80 67 19
37 71 45
74 61 32
98 65 33
18 9 8
79 91 11
22 18 98
74 46 65
34 9 72
74 37 56
10 3 41
27 97 63
21 5 83
54 28 19
22 66 31
55 31 61
61 31 45
81 33 2
31 28 36
74 26 41
65 88 26
68 37 2
63 89 60
4 11 71
35 60 85
29 40 25
30 46 44
54 28 94
63 33 40
5 25 72
23 56 21
54 37 20
68 36 70
46 66 77
91 61 73
9 86 51
46 4 33
32 16 14
54 41 55
12 79 8
83 16 28
9 6 74
39 40 38
48 15 79
15 3 26
76 40 5
57 95 26
42 66 70
17 67 42
50 0 19
88 39 74
90 6 28
63 40 70
71 94 62
69 8 90
71 85 78
82 41 1
68 17 73
63 99 82
65 66 100
39 93 37
23 84 89
99 31 28
1 65 70
46 36 59
5 15 98
83 33 72
29 57 73
66 72 76
65 16 95
4 17 25
80 17 13
20 22 68
49 58 11
50 52 47
63 55 82
61 73 45
89 14 52
45 20 92
51 34 99
87 66 41
59 11 27
26 19 93
56 10 77
24 39 61
49 16 34
39 27 15
43 66 88
27 11 60
31 94 17
16 36 2
37 50 11
72 4 56
42 60 40
7 68 17
82 68 81
92 67 36
20 72 7
7 41 16
17 65 43
34 77 58
58 47 53
97 65 12
82 96 20
68 14 44
82 8 42
88 22 49
39 79 72
49 83 15
29 97 31
92 5 19
76 30 53
52 49 47
57 96 16
6 64 82
85 86 79
86 73 31
69 63 5
82 72 15
30 11 78
22 5 48
91 96 99
62 70 53
15 45 38
83 60 24
47 11 70
71 35 93
18 36 36
42 2 54
49 92 100
30 87 14
90 71 85
50 79 57
84 96 4
81 14 9
78 53 83
48 33 80
34 40 29
12 90 52
86 76 16
77 97 24
53 55 83
40 89 38
10 82 47
31 71 97
96 34 19
3 27 48
25 9 35
23 78 46
27 34 75
82 20 31
66 3 46
3 83 82
18 29 74
88 12 55
6 27 87
7 11 30
96 45 58
15 88 14
50 16 52
66 21 49
44 43 25
92 5 42
51 63 43
14 2 1
34 72 37
9 32 58
24 91 20
36 6 72
83 42 71
95 56 28
56 38 24
52 43 49
75 70 79
26 29 33
78 47 49
89 81 57
43 33 21
26 19 97
27 57 33
82 75 84
52 5 6
95 35 9
65 62 86
81 34 47
0 31 17
58 78 7
22 40 92
59 52 5
91 48 49
34 42 98
52 45 67
42 79 5
3 37 53
34 26 15
61 42 100
55 54 93
60 30 27
71 31 36
88 87 94
80 2 63
10 55 31
80 89 84
26 97 70
21 22 6
62 2 24
62 53 52
18 85 15
62 38 8
76 61 32
94 92 69
56 85 37
63 14 69
79 86 23
69 33 27
37 17 69
97 98 69
99 57 70
1 16 42
16 60 66
45 79 14
72 77 87
46 79 92
66 89 72
78 20 6
60 10 90
52 22 94
96 90 25
67 83 73
70 16 55
59 7 52
54 64 90
79 72 11
39 45 67
51 48 73
79 97 7
91 12 33
27 73 1
88 53 68
4 54 42
17 28 41
1 67 6
11 6 10
63 0 46
18 48 24
52 35 5
88 6 48
84 99 52
90 46 85
81 47 92
28 19 20
32 79 97
9 99 84
61 23 55
1 57 80
86 52 75
11 81 56
36 19 7
52 42 95
67 84 54
0 41 6
73 91 17
87 67 73
6 22 14
54 25 98
14 69 82
38 45 5
98 41 60
14 75 61
84 74 97
56 78 87
32 7 41
19 21 36
85 16 19
74 61 18
32 24 37
81 40 24
13 53 5
77 63 45
17 21 6
71 82 84
45 90 16
62 95 78
13 55 26
94 14 85
24 28 86
37 57 11
92 79 14
66 38 68
14 43 13
37 20 31
79 33 34
48 14 89
94 43 79
44 46 29
66 99 13
41 88 83
65 15 63
77 95 14
59 44 3
93 98 89
78 20 43
67 50 11
19 95 41
48 65 31
49 2 71
75 48 46
51 37 84
73 4 50
63 13 46
79 10 77
38 58 3
36 85 50
40 78 76
77 22 93
9 84 35
35 83 45
85 38 21
86 73 93
16 23 65
46 2 10
65 84 21
99 36 83
41 66 35
1 87 13
11 28 25
38 25 9
11 42 71
94 4 45
62 32 89
31 42 22
46 9 78
47 28 4
1 11 39
98 22 39
54 50 53
74 31 26
42 93 65
13 52 33
38 56 82
64 90 34
46 81 51
48 16 88
86 66 5
62 23 99
2 7 97
13 12 17
37 53 86
6 5 55
10 77 60
82 71 79
61 1 36
58 14 46
95 93 20
44 34 60
13 6 1
70 73 32
39 30 13
97 30 99
14 71 93
3 72 94
32 14 20
46 84 75
61 46 90
85 62 71
54 51 22
78 32 78
50 94 63
89 2 25
3 15 6
95 77 46
29 57 44
15 47 7
84 41 92
81 99 35
98 57 77
27 20 2
9 20 57
18 39 24
41 87 58
4 46 88
94 43 21
26 65 50
55 77 21
44 52 63
89 53 42
92 50 67
49 20 20
59 25 18
4 32 40
75 98 6
85 66 71
38 82 80
61 86 31
16 66 61
67 60 31
19 13 59
99 44 87
75 41 91
14 44 98
39 91 39
64 74 38
49 60 76
67 96 7
20 30 88
4 34 87
67 81 34
50 79 25
49 20 37
34 16 88
70 93 30
54 30 6
60 86 85
41 18 100
2 92 93
64 48 43
14 69 93
35 41 99
29 14 71
31 12 35
3 79 80
2 69 55
5 55 5
99 64 34
66 50 6
59 50 80
50 71 10
11 78 83
93 33 64
72 82 83
30 33 63
70 11 42
41 28 37
18 96 97
71 67 32
43 4 92
3 55 95
76 27 43
79 24 100
46 38 61
26 39 53
52 33 49
7 5 10
80 51 93
54 17 48
92 2 41
93 65 78
57 86 50
55 40 78
52 60 94
36 43 54
44 48 70
24 2 54
71 74 23
21 74 9
87 68 97
43 15 59
19 61 29
36 66 99
18 53 47
77 99 49
12 84 92
31 86 100
20 24 56
79 1 89
53 36 87
32 54 26
13 56 92
76 45 17
50 35 46
2 98 57
23 94 6
19 82 6
86 61 70
77 48 50
67 66 29
60 96 82
95 1 8
62 60 53
79 40 74
95 47 11
56 71 82
14 95 90
22 85 86
60 29 63
71 84 91
48 15 59
80 66 63
6 27 79
62 83 55
30 29 94
85 11 38
9 38 2
41 58 32
81 95 20
5 54 41
19 60 82
46 16 68
0 69 10
6 74 74
23 27 30
88 94 96
26 19 62
2 50 1
31 69 80
96 42 89
61 94 83
19 51 38
16 75 54
54 33 77
83 94 35
33 66 79
93 92 64
40 81 76
86 96 93
68 76 42
49 54 36
22 50 66
32 96 2
60 35 50
27 93 74
15 42 94
67 21 96
66 98 32
96 31 76
64 16 57
31 36 41
8 5 69
79 52 94
24 70 6
38 23 63
61 44 91
21 58 59
55 43 69
94 16 66
42 19 38
3 37 67
51 32 26
98 31 17
17 30 76
21 34 77
4 23 32
75 22 38
72 18 41
82 37 73
36 86 52
61 15 44
18 27 58
19 10 92
20 30 89
38 87 54
99 71 17
82 61 16
63 0 45
88 94 68
91 32 34
82 94 91
77 89 42
43 86 75
82 6 92
96 17 36
7 38 31
34 98 3
29 64 98
89 41 56
99 67 37
70 73 14
92 1 25
15 68 7
30 9 22
29 79 40
68 91 32
71 68 70
59 39 34
58 4 76
32 59 16
2 45 55
26 46 77
10 16 54
53 92 7
68 28 29
81 6 53
31 60 23
15 37 23
74 15 85
29 40 97
80 88 32
11 95 75
59 63 78
32 39 39
4 96 61
7 33 66
42 91 3
44 50 71
97 36 76
52 51 23
75 14 28
68 86 9
14 88 100
0 62 86
87 28 4
42 47 61
78 98 67
59 94 66
7 6 50
81 61 61
52 97 65
37 23 92
33 89 24
28 34 12
14 15 1
83 69 76
26 53 3
41 47 11
73 46 90
14 10 6
32 44 53
93 23 42
40 6 90
38 82 64
44 65 86
65 84 44
38 55 26
90 5 51
52 34 93
51 0 27
31 95 3
89 62 15
55 99 32
61 32 55
90 59 74
33 21 97
51 32 78
82 41 15
28 24 75
56 43 65
4 7 61
20 56 43
8 24 79
38 50 53
86 95 41
2 53 85
88 0 91
82 96 21
84 17 67
36 45 58
38 1 22
61 93 24
60 26 33
64 55 35
87 10 23
48 56 20
48 61 62
84 8 78
69 18 25
20 67 66
72 19 97
10 95 27
63 41 35
97 12 29
38 20 83
64 85 61
6 42 79
48 16 50
54 44 70
98 83 19
32 16 8
83 50 5
46 88 78
82 29 31
40 62 92
36 41 94
74 13 27
31 91 27
22 54 9
97 47 19
39 99 60
37 43 50
48 74 63
51 79 90
78 67 91
65 6 45
10 55 99
77 47 27
88 46 38
73 97 19
85 73 71
60 82 77
0 44 43
35 12 55
81 87 2
70 80 70
59 42 85
87 48 74
22 60 28
53 64 72
34 65 34
7 62 22
25 32 78
98 68 22
58 97 53
20 40 20
30 2 95
12 0 42
85 35 8
97 50 93
51 86 5
24 29 62
13 54 7
94 66 6
40 33 94
23 59 91
70 75 78
95 31 62
48 69 50
42 41 15
29 15 92
1 64 87
73 77 33
15 29 58
67 86 79
69 37 72
97 37 63
48 84 80
5 63 77
23 1 79
61 31 56
88 12 82
69 2 66
45 18 96
2 59 35
19 33 40
62 94 39
1 25 22
53 36 54
74 3 96
61 52 60
70 71 40
2 3 52
45 99 73
76 83 70
58 8 96
39 49 51
82 1 64
19 35 16
91 42 16
35 74 26
52 91 33
50 36 5
38 4 2
68 46 43
74 90 96
68 6 9
88 26 60
3 19 19
42 4 50
68 53 33
29 78 67
22 79 13
11 71 55
20 66 41
58 52 89
91 92 37
73 21 67
19 84 93
51 2 31
96 73 73
36 8 33
14 26 43
22 78 67
21 74 89
18 68 40
97 52 84
51 12 61
34 36 45
91 82 67
87 39 10
10 60 71
26 84 12
29 9 77
11 54 50
20 51 11
15 38 23
77 17 57
20 31 42
2 53 86
66 11 93
9 36 34
42 28 28
79 98 11
44 9 26
19 34 59
8 88 100
29 37 37
39 23 92
31 40 78
98 46 45
40 22 74
46 17 46
85 51 15
23 17 74
35 14 65
78 70 81
42 55 69
57 93 14
80 39 3
17 73 36
25 51 96
93 14 82
31 85 63
65 98 15
10 14 73
30 58 18
30 79 84
67 21 16
31 0 83
74 94 11
85 37 36
40 1 42
96 22 79
55 63 79
37 67 42
65 40 24
53 40 84
36 35 36
63 65 80
79 7 14
50 57 98
27 92 95
31 33 12
74 78 38
59 57 37
13 39 85
82 43 74
91 89 29
86 47 32
82 9 40
33 67 27
32 13 31
55 34 64
14 39 92
88 38 4
27 19 98
46 70 95
29 45 78
32 80 21
11 15 19
8 60 7
26 6 10
94 25 10
87 34 17
16 43 28
91 27 60
29 7 37
26 61 10
13 78 77
94 78 88
39 25 18
73 20 13
79 7 89
44 69 19
71 79 88
88 56 91
2 26 85
98 36 91
54 8 100
3 29 67
46 51 35
92 84 36
8 2 24
77 66 48
48 90 73
51 91 45
18 38 66
55 11 21
10 85 94
53 37 89
95 86 71
95 56 19
80 65 39
60 13 1
2 18 5
8 51 4
2 22 68
28 31 98
91 99 44
63 76 9
52 42 61
53 55 91
80 2 68
58 13 94
2 98 51
71 72 40
8 1 74
94 81 15
34 12 29
5 91 97
42 95 97
5 25 64
88 3 25
26 79 13
83 38 97
70 98 31
45 92 11
81 35 66
81 96 64
54 75 39
23 58 98
51 7 63
29 4 69
27 96 84
10 56 77
75 38 98
87 68 60
48 25 54
99 28 99
74 78 97
27 68 71
4 7 65
6 83 20
61 28 52
68 6 96
30 41 49
98 21 56
52 75 61
93 42 41
97 27 97
87 62 82
16 31 65
61 84 6
29 36 37
34 66 48
91 89 91
38 11 98
92 75 50
94 89 18
96 12 25
24 73 34
10 24 18
61 74 92
14 40 30
47 57 82
28 5 42
51 66 72
81 14 31
37 48 96
98 13 67
48 97 57
80 83 97
93 10 36
57 83 50
24 65 30
35 5 78
39 70 59
21 32 16
27 38 94
99 64 43
98 49 97
29 17 5
51 85 97
84 14 18
40 50 75
78 69 42
29 30 90
64 42 72
32 4 98
97 43 75
54 0 13
32 51 2
42 58 62
58 98 91
92 41 38
99 98 15
22 74 86
82 88 12
54 93 62
62 23 48
14 60 55
55 16 81
16 32 1
16 68 95
91 81 96
89 64 47
14 33 3
78 52 60
51 20 23
79 99 94
17 63 89
81 54 37
53 6 15
99 38 63
77 4 20
47 45 44
0 66 49
92 2 87
90 13 92
55 61 39
10 43 13
42 90 73
43 49 10
0 5 31
37 63 21
12 18 85
54 56 88
75 40 91
95 33 57
29 60 17
32 28 43
54 63 81
39 19 90
92 23 62
66 57 93
13 32 71
44 46 21
3 69 53
24 42 32
67 52 64
41 31 60
43 83 59
6 8 37
52 3 61
79 99 5
95 32 79
95 34 54
96 37 15
88 15 79
86 4 94
64 35 43
48 14 59
26 50 72
80 61 67
37 1 11
39 61 1
35 51 66
61 19 93
42 49 47
88 57 6
63 36 13
57 90 62
13 89 27
25 57 50
80 43 76
18 6 4
70 38 65
97 45 77
49 86 20
14 62 49
84 33 56
62 35 60
71 59 5
97 59 43
17 23 27
23 26 33
0 69 100
10 21 1
36 47 55
85 4 84
95 90 42
54 3 97
39 34 6
97 71 71
56 74 57
87 47 42
91 20 73
52 68 78
18 94 78
28 51 63
63 17 1
94 22 56
5 61 23
86 11 56
17 66 3
50 80 4
4 88 35
72 17 98
98 87 94
28 50 97
24 11 21
52 1 36
26 98 54
58 72 94
7 40 1
87 26 28
86 35 36
18 67 35
49 42 1
34 73 65
97 66 4
42 44 100
16 60 9
94 23 96
68 90 59
0 66 34
41 48 73
7 91 45
14 33 14
21 20 58
61 98 28
11 79 26
9 61 99
93 46 34
30 80 36
83 54 83
49 34 52
18 77 65
68 61 40
93 40 43
65 73 83
39 56 19
28 83 92
78 60 42
23 3 23
94 75 17
43 24 1
92 91 50
28 41 56
55 74 4
51 22 99
16 14 65
59 99 34
89 61 26
96 34 37
21 61 98
13 49 60
7 63 35
46 23 60
31 66 24
65 81 31
20 70 9
44 7 37
63 51 71
17 8 29
7 52 86
93 63 53
53 3 97
3 8 29
93 40 92
35 74 48
41 88 97
14 46 93
82 12 70
25 83 62
5 90 17
75 14 20
3 54 11
84 89 85
35 44 38
65 86 45
18 49 60
74 75 75
82 98 8
82 13 45
32 42 69
80 77 31
77 42 92
70 14 10
84 37 87
27 39 5
51 59 98
21 65 49
33 79 64
18 20 39
76 72 37
89 87 94
38 64 5
31 55 84
98 44 47
69 45 11
58 61 32
65 59 22
57 9 20
50 13 41
29 73 77
95 96 45
41 11 15
26 6 73
7 73 100
16 99 33
85 87 60
71 53 88
81 6 63
12 62 13
85 30 56
4 41 3
16 41 29
8 91 60
74 50 85
69 64 31
17 84 17
85 83 55
3 44 15
29 79 79
66 50 9
96 2 14
59 5 42
23 35 74
36 67 21
44 51 53
73 29 21
84 13 66
34 54 84
23 79 61
20 5 75
87 17 37
12 1 78
23 2 18
93 18 72
59 20 99
65 91 96
20 83 89
22 3 89
14 35 40
34 97 92
0 86 46
12 40 26
27 8 50
53 18 74
63 15 27
9 22 17
58 64 42
2 21 85
37 41 33
9 6 68
79 47 2
81 34 3
75 32 36
52 18 14
29 25 25
45 5 97
33 73 2
70 63 3
5 2 11
92 6 17
46 49 56
2 44 30
76 53 22
33 21 25
50 61 84
8 9 48
82 17 10
64 35 97
30 94 16
58 80 72
93 72 30
36 40 42
38 56 100
75 58 14
58 61 76
35 28 44
50 29 32
23 78 85
97 22 30
78 88 26
39 36 41
26 14 30
22 96 60
43 17 99
85 19 62
67 70 14
67 48 17
38 84 28
71 95 92
89 86 100
10 94 5
36 25 45
65 83 18
66 54 83
12 72 97
52 30 98
22 72 59
93 54 84
89 1 41
81 67 13
92 56 36
95 84 35
64 69 75
22 8 80
62 65 77
2 71 27
72 28 82
59 88 95
54 82 29
56 58 67
34 7 83
6 57 8
42 28 6
48 71 69
66 39 18
4 50 32
56 12 85
91 94 56
51 52 86
60 9 27
67 83 18
83 84 29
83 57 80
67 59 82
9 51 20
98 99 70
71 55 33
80 96 78
4 6 98
77 99 38
91 34 98
77 83 25
42 63 60
28 31 72
22 52 18
92 32 64
22 63 6
30 46 63
61 6 92
79 6 11
25 18 41
62 77 62
51 74 74
90 14 89
82 11 27
61 2 62
9 31 18
27 86 5
71 63 4
99 22 84
27 76 84
22 73 75
91 74 47
25 5 55
79 15 4
80 91 93
33 32 50
53 64 86
65 53 51
62 49 29
59 42 39
89 31 90
53 23 29
14 33 62
64 1 48
18 60 63
94 53 86
97 73 67
42 17 67
85 19 21
44 52 98
48 21 72
19 44 19
85 93 64
45 62 13
93 38 57
80 33 51
72 82 63
32 93 53
3 41 65
75 79 9
19 31 58
67 0 76
5 69 60
37 55 70
68 81 30
51 74 35
89 46 66
45 65 52
11 3 55
70 3 14
81 12 47
7 84 1
38 78 31
30 17 76
70 0 96
94 26 92
35 87 14
32 16 2
13 94 84
21 55 47
76 26 18
25 65 28
39 56 28
84 43 69
76 23 91
0 72 12
91 10 90
52 2 17
21 27 88
21 62 32
90 27 61
5 59 3
11 4 69
47 77 95
82 0 97
92 49 10
17 89 73
31 20 12
24 88 31
82 15 8
53 91 64
39 54 65
8 9 71
91 45 11
43 21 46
4 36 77
25 87 16
13 51 54
9 22 51
77 94 3
97 27 20
13 89 74
78 7 84
2 89 91
63 52 61
71 60 26
61 23 42
82 26 40
50 3 47
26 32 9
60 91 75
22 69 79
45 59 53
4 87 47
9 79 81
38 96 74
41 46 86
74 82 48
33 41 1
7 94 75
84 97 100
82 55 20
47 8 56
27 37 41
39 87 27
11 84 97
7 74 84
12 58 61
59 0 29
95 19 14
73 27 6
85 35 14
12 46 89
15 4 7
24 2 85
90 0 27
55 65 75
78 28 55
41 30 85
3 20 26
34 16 92
77 83 95
81 75 57
4 10 38
50 57 6
14 61 27
59 4 10
79 64 2
5 93 99
0 85 47
76 8 80
25 43 92
46 5 74
65 21 26
39 24 40
14 57 81
91 41 19
80 82 38
30 40 14
72 29 51
34 42 49
63 59 76
39 15 92
27 62 38
88 24 82
26 22 88
24 77 71
95 91 17
87 91 16
93 54 77
74 44 89
76 77 95
94 10 74
51 4 55
52 98 85
50 94 86
3 70 17
88 74 26
60 74 3
21 79 4
96 29 70
57 81 59
99 54 84
23 70 57
87 19 8
96 71 67
55 65 51
93 79 74
34 78 83
2 25 76
39 1 7
13 62 36
54 53 75
7 58 4
46 3 28
48 20 2
41 60 1
95 22 98
1 14 36
74 22 28
52 74 64
7 3 89
47 13 44
83 62 27
70 46 93
72 32 8
69 76 7
37 24 72
3 89 19
8 24 55
20 56 43
49 34 64
61 32 61
51 60 42
54 35 5
72 59 11
12 95 64
46 90 83
14 64 4
35 54 39
48 43 10
41 8 12
44 84 97
35 12 34
31 80 4
15 79 54
39 98 10
60 94 49
60 67 27
48 37 41
29 3 58
73 56 35
88 81 76
63 75 53
40 26 9
60 41 85
53 28 99
89 7 80
13 29 61
92 70 16
83 81 37
95 92 49
43 17 74
42 28 67
17 80 83
15 72 86
19 79 29
98 16 19
23 21 55
48 25 44
82 96 54
20 32 50
95 29 2
3 5 23
70 38 82
12 73 26
64 79 52
27 41 61
35 38 53
36 51 43
29 16 66
79 60 19
17 43 41
58 86 98
29 82 63
39 43 13
40 24 2
61 21 13
34 27 52
28 79 73
87 78 87
35 9 7
51 13 27
45 90 2
6 51 25
12 76 53
19 75 44
39 62 84
58 87 74
67 12 56
59 30 100
1 2 1
28 40 45
11 12 51
84 43 10
65 39 23
19 2 34
2 18 5
87 49 23
75 48 89
66 73 10
17 26 28
50 26 77
1 47 4
79 23 12
83 99 92
97 80 69
56 17 98
13 54 90
96 61 74
45 1 75
89 8 19
26 63 23
43 67 94
36 5 87
19 32 40
73 34 79
0 18 48
86 16 46
25 59 12
46 45 66
84 2 100
85 91 26
45 74 26
72 32 33
98 62 88
61 57 46
60 47 69
99 82 63
46 4 74
78 30 38
86 40 72
12 34 19
38 47 84
82 33 36
10 47 22
75 74 100
26 85 47
71 55 74
38 11 22
24 38 54
94 12 42
15 75 32
64 58 96
89 30 71
58 73 20
39 14 21
37 54 6
96 1 39
85 72 76
26 35 17
80 84 34
69 37 40
51 19 89
66 84 48
72 54 71
12 99 28
17 74 93
82 48 12
55 45 96
97 28 33
29 48 8
52 94 22
26 35 10
21 54 42
59 53 38
14 39 3
54 64 76
92 66 8
41 76 50
7 8 85
1 83 79
44 23 74
58 87 3
18 19 16
30 32 100
14 48 78
94 34 53
72 43 49
51 20 46
8 72 34
8 41 12
32 60 34
32 73 8
44 46 25
6 99 5
65 0 20
86 77 8
48 65 48
45 0 57
95 44 21
46 54 53
95 78 96
61 21 3
62 24 13
73 72 46
11 88 16
11 84 71
20 37 1
21 43 83
48 49 91
2 35 82
99 90 72
45 32 23
6 21 85
77 94 57
24 50 54
90 83 16
12 53 53
22 50 89
19 5 42
5 71 19
33 51 44
64 32 33
75 18 60
89 42 15
84 38 7
99 36 99
40 64 61
98 91 21
35 6 85
78 43 61
56 5 51
10 70 91
80 96 24
83 64 36
0 28 88
29 55 62
28 84 56
62 3 43
54 0 94
19 12 50
62 95 99
3 90 21
13 18 37
13 38 72
21 29 96
22 26 42
24 68 51
8 51 79
22 21 70
38 74 49
19 87 58
38 30 21
82 19 40
54 87 35
6 35 43
16 42 21
75 63 40
20 36 15
28 31 74
58 36 58
13 11 81
95 73 45
46 8 41
2 25 22
47 88 90
87 28 37
34 7 51
6 41 45
8 46 48
2 27 30
47 22 87
37 95 54
81 98 48
18 26 97
74 56 82
42 57 44
38 82 51
18 1 64
26 94 30
89 51 54
74 43 63
29 21 88
24 50 92
47 84 44
67 91 35
38 64 62
3 46 20
80 46 74
42 18 54
52 51 6
97 94 100
76 84 59
43 91 66
73 44 41
51 27 80
18 86 12
41 40 92
65 57 69
63 77 50
26 16 3
94 47 61
36 13 92
31 53 87
22 55 51
31 56 20
78 26 94
1 23 17
8 81 21
71 92 13
4 92 13
78 74 35
35 0 61
38 16 30
21 24 30
40 45 39
8 47 88
56 80 17
75 53 81
97 7 75
97 21 25
72 95 19
62 0 95
38 56 92
48 40 88
76 34 36
55 82 5
61 55 75
54 62 74
95 17 16
62 40 41
27 65 61
31 94 4
2 6 78
50 43 52
42 19 91
27 5 64
6 90 16
74 63 70
35 48 11
86 87 49
87 47 11
25 74 63
20 29 59
29 78 23
7 52 89
85 74 91
9 49 68
85 75 21
79 12 53
33 96 37
57 58 7
0 33 11
27 9 54
84 91 78
56 26 56
88 38 45
32 81 100
89 61 56
79 41 75
79 52 43
51 19 45
16 8 98
80 91 4
10 94 72
49 15 100
28 74 19
0 94 42
10 32 25
39 32 81
12 36 39
44 70 28
10 18 55
84 60 28
9 37 86
1 52 77
24 32 40
45 7 51
57 19 64
92 21 99
13 50 47
33 5 88
97 38 2
53 51 56
68 83 19
62 90 32
29 13 19
42 8 53
82 64 87
52 59 70
1 26 63
29 7 98
60 13 56
86 38 15
76 2 21
64 28 75
55 63 39
46 91 95
5 82 53
30 4 8
21 10 43
71 50 26
83 21 80
3 93 16
6 25 54
46 42 14
75 80 20
23 17 46
62 19 9
36 84 25
49 44 80
56 30 97
14 25 2
56 98 41
18 31 36
27 78 34
61 82 38
21 84 43
88 85 99
41 72 51
67 45 24
75 72 22
16 89 46
43 35 63
1 13 84
20 1 51
67 33 34
4 56 53
10 88 62
62 41 74
10 11 30
98 83 70
96 60 58
80 40 31
71 7 94
53 46 79
79 38 40
97 29 99
67 26 15
20 97 9
5 95 70
88 21 61
93 4 3
46 52 76
82 21 23
23 88 25
73 55 15
97 99 70
79 4 8
23 27 48
19 75 93
13 41 18
83 49 17
18 84 75
29 6 57
58 71 11
75 3 69
17 81 15
87 66 79
91 30 28
10 94 99
84 5 94
38 85 57
42 13 43
5 61 37
31 57 84
88 53 31
30 93 33
9 89 92
54 90 15
46 5 92
95 49 34
44 87 6
33 80 20
85 52 94
10 38 9
62 5 40
19 74 84
78 70 62
5 26 96
75 82 15
42 45 96
69 36 58
14 25 46
94 80 26
52 85 14
17 42 61
65 40 30
72 94 21
66 32 59
44 9 63
63 1 66
6 58 13
55 46 83
64 74 78
64 55 43
51 12 25
22 20 58
16 96 38
41 81 52
64 25 57
72 90 25
23 58 93
4 37 53
56 69 100
14 18 18
7 43 64
0 50 38
57 93 92
64 65 45
63 89 71
28 62 37
71 69 33
33 61 35
35 47 52
32 45 36
35 27 27
19 82 28
30 48 4
31 25 28
36 50 12
40 66 27
35 29 86
94 23 26
9 89 100
88 87 82
3 76 88
71 11 23
27 88 51
99 73 57
15 7 28
99 1 60
76 9 33
23 78 73
33 10 96
25 3 8
53 68 66
22 12 2
18 52 67
79 27 66
17 84 24
22 77 97
88 46 9
11 42 19
20 70 19
46 25 7
25 40 98
3 83 29
20 44 16
93 44 30
73 66 47
75 63 70
79 87 6
14 38 62
23 62 52
44 22 100
41 99 73
95 21 29
32 43 82
1 6 26
40 8 40
15 43 49
70 89 33
6 31 100
50 27 38
79 14 83
4 77 34
22 84 13
16 62 38
58 61 46
76 53 16
19 22 25
41 16 49
93 12 86
39 36 33
32 47 63
53 29 9
21 55 2
53 43 8
82 33 72
5 65 48
39 84 56
21 48 78
47 45 53
12 42 42
34 83 34
70 77 2
60 40 55
20 21 92
48 0 56
18 66 54
76 81 93
95 2 63
44 73 70
58 68 92
83 69 1
21 6 37
61 25 89
82 97 89
73 87 60
46 73 70
16 61 6
73 92 74
11 38 56
6 5 8
49 55 27
39 56 4
18 94 43
75 74 47
83 31 53
49 78 73
13 96 70
99 91 57
57 38 9
74 76 78
44 91 16
3 85 31
61 12 14
69 19 68
18 7 26
49 57 69
43 57 41
71 53 72
19 62 29
43 2 25
83 55 99
23 41 11
29 82 14
88 64 73
48 83 65
47 2 69
64 53 51
71 43 42
28 49 91
59 57 76
1 10 95
80 71 80
38 64 44
30 74 98
87 72 75
84 68 97
94 52 86
88 50 63
5 61 1
24 62 81
5 29 17
7 79 77
91 50 99
69 83 40
49 5 51
66 68 98
20 23 17
36 46 39
7 6 80
35 3 15
1 31 51
42 41 9
77 78 72
82 5 35
64 68 79
12 13 37
59 14 99
11 74 55
76 89 27
52 93 10
39 37 3
14 99 49
97 4 76
67 13 67
60 97 4
34 65 17
81 64 95
43 54 5
82 60 9
18 78 44
2 44 7
38 61 100
41 45 76
28 95 4
71 30 4
85 0 29
81 15 5
92 21 45
13 16 35
3 85 7
96 19 44
10 81 26
86 84 75
45 89 44
55 26 61
98 33 12
23 95 5
98 12 67
1 66 4
76 20 95
51 79 4
13 52 84
28 25 14
59 86 43
52 26 17
52 72 75
14 1 12
15 45 26
64 60 70
52 8 76
61 59 39
63 23 61
29 26 84
31 15 67
44 90 4
97 2 33
51 50 19
6 8 80
87 44 65
84 54 16
95 90 2
92 26 49
57 88 18
72 46 8
54 47 1
60 99 64
37 75 54
2 87 59
48 39 44
94 76 70
39 26 70
88 20 47
23 20 6
9 80 89
45 89 37
84 7 77
72 89 78
57 71 51
82 93 26
92 58 54
1 42 65
65 98 75
14 37 99
49 57 21
44 91 33
81 52 13
40 91 94
34 42 7
19 58 38
72 11 43
62 55 14
93 94 53
57 83 72
60 41 10
19 76 84
5 38 63
34 83 77
60 7 79
48 77 52
42 3 91
68 40 9
68 54 50
12 23 68
85 79 82
30 98 8
41 69 54
45 93 75
76 94 40
62 98 55
60 42 83
73 0 7
55 80 51
47 54 80
87 79 45
37 98 17
18 84 8
28 99 88
54 89 50
78 61 74
98 82 50
24 74 15
92 13 79
42 83 41
75 82 92
14 17 92
12 76 89
74 79 46
32 14 14
73 89 30
36 29 30
70 28 26
55 22 97
23 54 79
61 93 39
33 60 97
24 11 40
72 51 43
52 83 88
76 14 53
64 50 95
78 64 1
51 94 56
90 28 71
86 79 6
98 2 70
88 85 57
6 37 14
67 83 45
18 90 41
89 50 14
27 47 71
42 28 62
15 97 55
82 39 68
18 84 60
33 13 21
89 93 3
20 25 90
54 61 47
48 12 21
87 31 98
69 84 46
89 60 64
4 12 45
44 93 36
37 77 35
87 94 5
18 75 89
63 37 4
14 69 79
42 65 39
88 94 17
70 29 61
42 24 83
93 20 67
64 95 40
64 71 85
94 21 63
5 9 24
82 26 27
59 44 87
89 93 75
81 47 95
22 5 12
92 88 30
90 24 78
15 53 77
81 58 82
47 49 45
39 84 74
49 2 88
98 47 23
19 56 72
79 47 13
70 79 57
77 5 18
3 93 48
75 5 67
72 27 28
59 83 35
48 49 79
86 10 17
82 6 89
63 30 93
95 31 18
22 29 66
52 30 52
82 74 42
43 89 91
31 20 72
23 54 7
35 56 98
43 89 52
4 92 38
4 81 7
11 95 86
5 65 83
17 35 82
86 92 91
87 97 80
67 84 21
66 14 20
64 15 4
78 96 57
42 33 92
5 23 93
82 14 89
8 37 64
90 5 51
30 19 9
40 91 27
10 95 9
70 48 67
33 12 48
22 26 33
27 85 93
29 56 76
26 22 37
11 40 94
88 53 68
26 31 82
89 71 18
7 32 85
54 28 27
14 9 35
95 26 53
5 38 28
66 63 8
0 64 79
50 25 32
52 5 67
59 16 5
47 88 85
82 27 38
26 37 12
89 73 80
49 51 9
7 54 16
74 79 71
44 3 81
4 89 56
53 90 52
5 85 28
8 42 43
7 65 37
99 76 44
57 66 92
37 13 62
79 95 62
24 46 87
74 94 66
59 42 70
95 63 23
39 73 50
49 28 38
19 57 76
1 7 65
57 48 73
54 57 13
46 90 6
59 0 8
42 51 79
85 38 65
23 93 56
26 35 55
57 29 75
26 62 99
52 9 87
11 18 49
57 6 97
55 65 47
77 21 22
68 79 26
84 14 77
54 81 43
73 63 80
14 35 43
12 51 1
8 14 33
27 79 86
53 76 3
18 81 35
81 58 87
13 5 49
72 92 56
24 1 5
66 19 65
60 98 73
91 61 14
93 28 86
30 68 94
75 65 84
48 18 11
74 58 83
76 28 31
10 58 49
27 20 43
37 3 100
18 38 97
59 65 89
22 74 51
47 26 22
95 83 50
33 69 77
44 88 93
21 13 4
31 90 21
57 51 98
96 99 90
43 57 77
62 85 11
65 10 14
51 89 42
92 71 48
98 89 85
37 76 37
68 21 69
38 55 44
30 12 12
89 81 84
5 10 67
66 81 88
87 71 43
53 37 78
23 93 93
96 38 70
97 39 45
35 11 20
50 81 14
84 18 92
63 37 83
83 8 98
2 74 46
69 41 56
92 54 32
49 80 44
78 86 90
84 28 10
20 89 72
92 10 35
76 91 59
90 50 45
84 96 55
0 99 3
78 68 88
27 15 63
74 22 89
50 54 86
48 72 62
10 43 33
7 15 7
37 12 26
2 84 15
65 96 25
62 6 24
84 53 61
61 81 46
2 75 47
55 8 34
27 8 48
35 13 71
73 66 64
49 90 11
34 74 43
17 27 91
94 53 76
86 61 41
64 6 20
37 54 20
99 46 59
85 75 26
22 74 43
80 39 28
79 74 74
93 85 20
84 99 3
8 12 83
50 57 31
25 52 73
30 16 5
32 9 66
95 42 77
96 72 48
20 24 15
66 46 30
4 45 88
80 73 17
32 1 64
50 23 43
89 74 62
14 70 86
68 66 91
23 14 70
3 99 78
27 14 10
20 94 29
80 49 100
85 15 61
68 31 4
20 63 10
21 79 89
0 53 55
49 17 40
38 91 33
54 25 80
30 90 42
54 91 93
80 57 96
69 93 10
63 59 48
14 62 45
65 24 72
81 62 44
75 72 39
64 32 48
1 69 90
48 96 63
67 26 32
39 42 14
14 46 79
78 77 46
41 63 59
53 18 71
65 66 56
17 4 16
32 53 98
86 57 37
77 33 71
50 47 97
65 92 27
91 53 34
12 45 31
61 40 11
10 67 55
18 35 52
47 59 23
13 8 54
88 54 42
91 87 93
59 53 15
6 81 49
3 58 37
49 65 24
14 9 63
92 39 69
81 54 96
22 33 55
19 27 57
6 18 60
67 33 73
13 63 88
60 17 29
19 30 22
94 74 21
25 34 26
77 96 32
74 85 44
14 84 50
64 87 8
74 83 86
68 30 14
90 7 22
22 61 1
90 31 14
52 79 79
95 59 36
13 19 83
67 25 73
15 8 4
78 59 65
54 98 50
68 20 38
53 45 29
33 35 33
93 57 70
37 96 57
77 59 8
38 84 92
34 63 93
46 76 86
84 92 73
89 53 20
99 33 3
93 69 66
38 99 44
40 15 69
99 38 36
30 99 37
10 91 10
40 66 72
68 0 4
98 21 39
35 82 42
78 14 41
18 4 81
44 54 61
40 86 36
48 25 96
9 58 66
45 94 96
9 72 68
7 87 20
57 82 96
3 83 57
61 98 21
51 45 28
13 55 86
69 36 88
80 15 73
73 4 98
37 70 95
85 8 39
22 9 93
60 54 9
88 59 44
15 17 45
34 43 98
67 38 41
14 85 68
94 93 93
21 85 38
63 47 79
52 13 59
6 62 6
6 69 14
67 36 83
54 34 38
61 29 44
0 29 50
39 68 84
70 14 3
28 86 19
30 22 48
36 85 48
92 65 21
74 32 91
7 96 56
85 84 23
29 31 32
5 32 51
52 75 96
8 17 58
82 35 35
15 70 85
14 95 6
75 18 23
33 4 11
41 3 81
42 12 56
51 55 71
45 82 67
40 26 68
88 36 100
60 34 19
76 81 14
74 73 3
58 57 33
88 56 76
42 45 1
62 95 80
90 80 62
58 32 72
13 38 78
13 58 48
29 12 87
25 86 85
79 8 3
92 35 65
20 28 70
58 33 78
81 75 39
71 22 88
96 79 95
70 99 97
38 83 37
68 85 31
42 9 37
52 55 76
28 6 62
90 63 52
87 68 5
66 2 16
95 56 76
49 6 88
11 42 1
45 98 92
67 53 52
62 71 20
89 9 12
44 0 90
42 7 96
82 30 48
29 73 78
88 44 67
89 39 78
27 88 9
93 73 42
63 81 53
71 75 76
23 67 15
89 66 14
24 7 31
53 79 84
23 42 37
49 84 73
96 58 16
88 86 22
67 56 22
71 56 43
38 40 39
1 40 84
91 7 13
92 39 89
71 98 31
52 43 93
41 15 4
13 73 34
48 27 18
20 1 78
18 39 18
13 90 96
29 81 4
33 4 82
26 86 29
19 1 67
80 4 78
40 19 91
56 52 10
20 14 47
27 29 68
99 89 54
7 91 74
74 82 15
51 71 38
57 4 1
96 56 26
91 25 97
25 37 5
13 75 37
34 56 5
42 41 51
13 5 43
80 32 2
78 15 94
67 19 11
38 48 55
91 80 58
62 50 68
95 5 87
22 54 41
86 59 49
85 12 29
67 19 79
14 7 78
13 80 41
17 75 83
96 69 5
49 2 66
89 74 91
7 90 27
95 43 80
84 48 56
70 39 96
16 79 61
53 32 49
88 59 100
80 90 82
64 92 76
97 0 15
19 71 64
30 77 90
48 10 78
94 60 14
29 79 36
12 10 15
77 41 21
