51 0 36
68 72 22
21 35 86
79 18 42
84 72 66
6 37 68
4 0 91
58 7 35
53 4 59
47 76 89
5 46 16
6 23 20
0 66 81
81 32 15
67 16 95
30 69 52
94 64 25
22 81 100
97 6 41
87 21 70
3 86 44
73 99 39
91 41 100
40 62 68
44 86 91
86 76 70
61 36 48
78 27 2
25 57 97
86 67 74
45 60 90
31 70 15
84 19 94
34 82 62
3 76 60
7 91 77
58 33 14
82 85 42
40 93 100
10 9 74
70 13 1
90 64 4
16 33 23
94 35 95
43 82 93
72 23 57
62 2 22
86 14 52
35 6 9
29 49 6
27 72 81
52 3 74
62 70 46
38 36 91
14 76 89
99 44 37
20 78 68
68 87 24
43 93 88
53 39 71
61 50 68
41 78 99
74 86 35
76 44 95
83 8 23
25 95 34
36 79 60
4 41 38
78 70 38
8 46 78
66 52 47
37 63 47
7 78 58
65 92 38
1 32 68
31 35 14
6 90 56
33 76 72
38 99 26
6 75 15
19 62 28
75 60 58
70 94 54
37 72 71
61 68 10
64 63 22
25 28 97
63 62 59
11 91 93
8 92 72
30 57 4
66 55 100
11 20 70
94 98 83
83 52 8
11 71 99
24 10 41
73 61 90
80 35 52
87 32 94
55 13 2
12 74 87
25 7 56
37 15 73
18 66 27
49 40 75
20 19 18
63 24 23
50 90 42
91 93 76
62 5 95
12 16 12
76 29 84
96 52 10
39 62 69
16 59 40
75 99 51
8 51 10
77 97 53
10 22 18
0 30 59
85 36 57
31 4 13
64 30 52
33 9 40
38 57 32
86 32 40
0 87 72
15 67 91
76 65 59
80 38 87
28 58 14
90 0 12
98 82 92
61 27 17
2 21 23
64 45 25
31 82 9
83 94 44
17 35 27
99 65 71
21 76 25
6 81 29
48 11 81
0 86 78
27 25 78
72 1 71
96 87 97
88 78 70
66 70 81
87 3 1
96 95 66
50 34 66
44 27 66
68 28 90
27 5 55
96 97 85
28 26 75
48 8 50
31 61 8
13 33 62
35 78 24
35 99 66
58 37 81
15 98 33
71 79 57
6 45 74
95 94 55
17 24 28
85 17 55
35 29 60
62 2 3
47 24 60
63 37 16
40 93 97
64 9 25
78 47 9
49 68 47
76 24 15
18 24 46
49 87 81
75 56 25
85 60 18
14 33 46
63 83 54
19 54 76
16 3 98
87 7 34
66 88 23
86 44 60
7 91 20
91 30 99
63 28 35
91 58 17
36 14 25
58 65 99
89 44 32
5 22 43
93 41 53
10 36 74
82 3 8
16 2 73
21 98 96
45 27 5
38 54 21
87 31 34
34 2 1
26 84 34
74 66 86
90 35 21
9 90 69
77 89 62
30 92 42
39 48 70
79 42 58
50 55 66
17 79 40
52 83 29
4 87 14
15 34 70
80 92 19
29 17 66
58 84 10
85 42 87
6 28 35
64 32 35
79 31 21
37 68 11
87 75 20
82 50 46
56 34 39
9 34 60
31 34 69
2 15 27
20 38 73
78 52 26
82 22 38
66 1 72
25 57 96
10 36 47
3 36 52
58 69 9
14 0 45
94 17 49
83 76 35
29 88 35
25 19 9
8 28 70
96 9 63
90 80 94
20 53 55
67 4 28
42 31 75
11 42 52
80 88 30
65 25 84
97 78 3
41 9 15
69 37 58
63 64 12
61 24 28
24 93 72
45 22 21
72 85 10
79 82 90
76 74 57
92 17 3
44 57 36
49 3 73
98 71 61
49 58 63
40 28 6
50 4 81
52 68 24
16 29 45
90 20 7
73 69 93
86 96 41
64 65 6
44 56 92
60 85 20
41 76 56
40 88 16
34 76 4
89 50 88
31 21 78
5 16 67
60 5 84
59 4 31
63 17 92
58 72 20
74 29 47
2 44 7
92 90 97
77 5 56
99 73 50
86 93 18
72 30 55
78 88 5
74 71 54
23 30 79
50 71 48
43 92 14
12 28 23
48 23 72
4 91 66
23 28 64
63 70 17
40 26 33
56 13 25
44 55 82
17 27 46
85 19 46
42 84 14
23 29 58
91 75 19
12 37 66
11 60 44
58 99 58
84 91 20
91 31 84
57 3 39
63 36 87
59 96 91
15 58 27
74 9 85
91 81 24
57 98 13
9 89 85
8 0 26
87 78 54
34 46 84
48 83 16
87 32 85
6 67 100
95 99 18
31 70 30
75 7 20
7 31 46
60 44 50
2 8 76
89 85 17
36 9 93
63 61 100
0 79 30
8 35 70
59 4 42
68 72 59
40 19 57
69 46 54
11 9 63
73 67 56
78 60 66
31 59 7
1 48 23
31 40 80
4 22 7
34 26 8
92 68 88
91 20 70
78 96 92
32 12 74
17 31 16
33 1 20
1 51 90
86 18 96
99 17 38
47 61 34
75 1 89
12 61 49
32 95 30
70 25 54
42 75 91
58 53 89
88 53 96
6 63 85
9 82 33
86 79 64
77 72 21
87 73 50
28 92 79
67 56 51
70 80 43
45 95 30
93 66 59
87 68 84
61 31 1
97 34 85
2 89 8
33 85 96
97 64 97
91 94 12
24 93 75
38 85 74
99 29 38
60 8 41
5 62 81
77 19 66
12 46 38
82 95 70
60 96 100
33 18 7
96 27 71
98 25 31
81 69 96
63 91 2
38 81 34
14 11 41
98 72 21
21 28 3
24 36 28
49 67 12
65 73 50
3 10 34
27 32 25
73 34 98
72 92 42
77 4 29
91 30 53
20 53 37
47 60 88
54 27 5
21 18 10
39 21 40
80 71 97
29 1 51
57 80 41
55 75 77
14 28 17
49 74 69
55 32 16
22 11 28
83 32 57
75 95 30
79 55 76
94 44 1
65 28 21
88 18 43
9 31 9
37 88 80
40 0 19
72 43 46
64 31 98
70 66 90
62 6 33
99 96 85
63 65 68
23 26 85
39 59 9
74 97 85
46 98 30
96 66 81
44 24 5
2 79 77
10 96 11
80 71 83
31 68 94
53 91 39
95 82 77
31 66 24
5 92 73
31 63 10
75 45 5
89 40 8
10 48 73
9 67 38
33 46 9
46 58 21
73 78 53
45 2 24
1 89 97
79 74 79
32 49 11
46 17 42
15 20 27
76 0 25
6 17 30
73 27 87
18 73 6
15 33 53
32 10 48
13 87 87
73 31 74
38 61 8
46 7 47
52 62 75
86 11 38
49 0 97
59 92 94
20 16 69
17 57 53
60 50 58
45 8 18
21 30 64
61 73 85
12 68 55
75 73 11
93 39 82
73 12 34
89 20 23
69 62 49
54 16 58
52 76 79
63 93 47
86 32 31
7 54 49
3 99 27
73 68 96
89 53 52
37 31 2
98 5 17
51 32 43
81 11 96
95 56 63
29 58 10
52 10 45
82 15 84
36 23 9
63 77 69
16 58 96
44 9 1
99 76 3
99 70 54
26 57 8
82 55 62
66 90 93
57 42 80
69 94 69
57 95 93
2 43 29
41 26 8
84 53 56
39 88 88
78 99 53
87 22 36
89 80 39
44 88 30
5 15 49
49 60 50
7 47 65
25 88 37
27 96 68
36 77 97
86 24 41
65 3 25
5 40 64
80 54 15
37 85 73
85 77 74
46 70 94
43 0 92
70 58 71
59 40 99
17 37 8
98 65 91
50 68 47
48 30 91
37 71 1
89 63 75
32 77 81
40 97 82
37 45 47
45 43 58
56 10 45
19 32 30
17 2 81
96 43 10
69 58 74
37 47 83
78 18 69
60 94 60
84 32 64
54 29 49
98 68 77
96 9 94
4 77 61
73 59 88
28 0 2
96 12 61
43 30 13
57 66 67
27 48 37
22 79 72
18 34 31
70 21 74
40 96 78
97 60 83
26 23 41
25 24 23
38 53 78
18 25 90
50 2 82
70 42 88
68 35 94
60 90 61
76 62 33
71 95 27
57 45 13
50 90 99
82 81 33
79 59 43
17 33 79
99 15 8
9 89 54
94 11 65
80 16 39
74 89 83
9 97 55
48 93 85
74 23 83
31 51 8
9 19 88
59 68 74
67 17 63
88 49 72
37 86 73
24 90 29
2 37 77
74 38 20
66 90 52
45 43 6
22 91 57
16 92 72
5 96 69
29 52 2
12 79 32
30 78 35
93 21 33
43 13 4
1 78 79
58 74 53
11 59 1
25 35 2
3 0 74
24 46 65
67 15 5
5 53 92
19 20 19
0 98 21
10 46 12
1 70 39
7 71 41
77 16 93
11 18 67
11 36 61
21 56 49
2 11 23
11 26 2
64 49 62
49 45 69
4 64 1
17 58 58
34 44 23
39 87 16
8 59 68
54 77 83
23 7 83
13 57 26
11 30 61
91 92 78
2 15 18
60 83 92
76 89 87
89 68 47
64 11 15
98 9 92
23 7 60
62 92 29
51 55 30
41 35 32
66 61 87
91 5 17
38 97 67
95 3 49
81 62 47
96 44 45
1 99 26
74 30 4
75 26 56
52 78 91
49 17 95
58 94 20
68 91 58
63 87 31
20 73 18
73 96 38
3 65 63
18 33 71
51 38 48
87 62 35
48 90 6
54 80 21
29 45 2
61 4 56
87 83 7
12 38 10
52 83 87
37 96 72
9 71 54
66 41 50
60 11 89
83 41 95
24 6 88
7 1 39
59 3 47
92 85 83
21 53 42
89 47 5
4 70 30
2 83 12
98 36 70
26 75 29
95 35 22
58 75 5
62 38 28
66 14 16
20 99 14
47 39 93
0 21 52
99 92 26
66 20 35
62 22 98
4 54 45
96 9 8
75 41 74
29 42 85
48 58 50
54 6 78
98 52 80
8 46 43
69 25 79
85 91 44
39 59 61
19 34 81
13 77 34
98 0 78
88 62 13
50 3 91
78 57 83
48 41 14
83 49 23
28 23 69
94 31 41
14 2 99
59 61 39
74 47 86
46 20 11
51 17 63
76 46 48
82 73 81
70 75 36
1 21 74
50 8 43
5 49 84
62 89 3
61 36 47
34 95 76
23 67 96
92 19 35
1 36 61
13 37 83
71 2 55
57 48 63
9 93 30
98 77 18
15 60 48
46 34 7
60 63 28
67 86 78
12 39 73
60 87 35
25 28 85
52 48 83
49 96 64
40 13 8
18 77 57
4 36 6
1 19 4
30 11 94
67 14 74
79 22 8
35 66 93
22 53 31
60 40 24
35 63 95
28 60 49
88 71 67
57 60 46
13 48 90
54 35 48
49 33 66
7 88 5
12 96 20
81 17 25
60 88 37
21 2 69
72 17 80
40 35 34
67 79 15
86 9 38
68 24 77
15 44 49
10 58 70
90 4 32
49 56 100
30 34 8
17 21 91
60 98 48
91 94 90
63 46 11
88 31 89
95 7 24
38 46 54
96 55 16
48 69 31
86 28 70
90 60 15
33 13 66
3 45 81
31 2 40
53 90 77
5 36 69
11 21 5
96 98 87
98 42 45
45 35 98
59 90 60
34 62 74
63 80 56
73 84 79
99 37 67
9 11 43
11 63 45
49 54 70
83 29 13
28 71 30
86 1 57
84 61 51
45 30 59
90 30 41
34 44 89
15 74 24
87 54 58
67 93 95
95 71 22
17 3 50
11 67 38
78 80 88
33 51 14
78 91 38
88 21 48
96 40 7
5 16 44
22 39 86
87 78 34
34 72 57
62 16 73
72 93 30
9 96 46
55 69 23
1 15 74
9 97 5
48 18 52
25 22 50
48 68 46
80 82 29
80 28 2
10 35 73
37 44 77
99 67 16
42 50 20
10 74 71
17 67 17
40 48 91
32 44 50
39 43 99
2 97 82
31 43 72
87 41 70
51 79 55
23 74 93
73 61 52
26 22 10
86 99 24
30 94 89
72 63 69
15 89 17
18 81 91
25 5 12
36 20 96
57 58 54
0 41 12
57 15 42
0 16 94
93 57 48
50 49 95
23 48 17
71 39 62
8 61 35
88 85 26
14 93 41
0 33 43
40 61 51
3 67 7
12 18 39
85 0 57
79 83 66
4 43 5
65 97 62
18 34 33
14 13 47
80 51 33
69 1 41
57 30 90
83 39 38
82 42 94
12 74 47
68 0 25
18 9 48
94 16 42
32 96 8
70 56 26
33 10 69
7 67 70
52 37 36
44 62 17
86 29 25
66 76 26
77 3 98
72 86 48
34 17 15
58 49 74
86 34 7
36 67 7
56 19 5
48 52 93
21 77 69
89 3 63
11 95 68
15 25 48
85 29 56
34 6 17
21 51 72
97 88 52
79 39 92
49 47 54
5 56 65
17 54 33
9 73 13
37 8 63
52 20 85
38 90 14
18 83 91
18 64 11
29 9 51
66 48 82
56 92 8
19 9 41
43 8 16
20 66 77
63 61 45
45 12 73
20 50 21
82 64 1
83 47 3
94 53 91
83 41 80
14 86 83
98 50 36
64 8 86
70 8 16
32 20 17
68 50 26
60 73 16
59 51 53
50 38 78
28 88 66
3 61 7
62 81 5
58 94 93
45 10 89
56 2 60
24 83 70
21 84 45
81 56 44
56 98 39
94 27 16
81 0 98
61 52 43
87 83 98
72 36 42
3 55 93
22 46 29
36 82 20
58 9 41
10 20 25
1 80 39
95 90 67
74 2 49
72 22 65
87 47 35
36 0 7
84 97 33
52 77 79
51 46 35
4 78 34
63 18 14
58 25 63
89 86 51
45 43 65
82 20 53
22 92 92
93 47 96
17 90 14
32 97 23
57 65 24
41 79 34
52 38 61
12 71 16
60 88 46
32 6 3
45 67 55
8 61 84
71 73 48
20 74 89
27 37 28
63 22 62
7 99 72
20 19 61
38 79 9
6 19 76
68 54 57
38 77 78
95 12 62
24 79 22
99 61 75
41 72 91
97 22 38
90 36 95
29 58 45
80 87 23
59 32 57
18 24 8
27 53 65
25 21 28
13 79 89
59 21 22
99 15 19
12 73 53
34 62 48
11 99 83
23 86 55
4 8 30
68 99 93
1 9 6
26 51 5
16 21 63
20 25 74
93 3 44
81 92 63
11 13 75
9 87 55
85 7 55
40 32 70
57 73 82
36 96 70
91 2 6
98 53 21
30 49 2
22 90 87
42 99 90
26 88 36
53 55 64
75 82 79
66 36 36
96 89 29
95 74 85
14 89 17
14 29 28
16 11 53
67 57 14
45 29 64
21 17 82
50 92 62
45 48 25
11 35 36
2 10 90
28 9 56
6 77 69
33 88 27
50 30 81
69 99 66
54 75 93
63 95 96
12 81 47
6 37 52
74 85 67
17 70 37
7 39 91
87 47 15
34 71 4
30 49 79
59 67 9
4 90 26
11 79 48
60 9 95
18 32 32
74 46 79
50 29 90
32 22 22
51 12 69
82 89 34
60 68 34
69 52 49
86 71 25
44 49 38
74 42 60
30 84 7
75 67 35
13 24 68
50 7 21
26 34 93
29 38 8
39 25 82
89 87 34
4 32 33
42 25 75
50 67 26
3 69 4
79 57 15
52 22 46
74 88 41
84 10 64
96 51 88
27 47 11
70 13 99
54 31 45
63 98 85
61 88 97
51 79 49
28 52 82
60 49 8
31 67 61
27 61 34
27 42 59
53 1 17
59 50 18
95 52 82
57 29 99
86 88 87
88 32 53
69 72 99
41 78 7
53 1 78
18 12 82
90 83 89
36 41 9
52 79 31
15 48 73
59 26 39
41 45 62
14 69 80
11 81 68
33 21 38
79 51 26
0 41 89
80 70 50
42 62 61
48 79 85
95 34 22
20 2 98
59 97 79
59 84 71
36 29 90
32 36 47
31 48 46
59 67 33
84 64 9
78 15 93
19 15 100
79 36 82
57 38 61
40 15 98
55 68 8
32 98 89
6 71 84
32 15 52
4 96 14
46 93 41
71 80 54
20 52 69
29 41 1
94 17 24
10 99 4
83 6 69
90 96 75
29 85 98
18 37 3
38 90 59
10 44 35
18 25 93
89 77 47
36 97 60
49 81 51
51 94 22
45 1 24
57 25 46
42 47 64
17 21 74
31 5 4
73 31 32
88 50 88
57 84 79
22 52 9
94 48 59
18 99 50
20 61 54
63 2 55
5 68 88
22 37 89
67 56 90
38 48 38
30 17 38
31 86 66
76 11 28
92 34 82
96 9 76
27 66 100
57 89 61
55 51 1
79 4 76
20 98 48
63 89 50
8 24 76
29 32 2
10 46 90
7 37 3
60 15 78
3 26 19
87 88 20
10 44 75
80 85 14
89 35 18
3 78 81
99 3 64
54 18 65
73 77 40
51 4 38
48 41 37
44 67 38
20 2 70
62 27 91
82 65 69
55 75 82
33 81 18
36 96 12
77 68 66
74 95 45
56 23 80
82 8 81
99 39 84
76 91 100
10 70 39
28 76 36
74 86 99
51 80 92
64 39 26
57 32 30
21 57 86
23 47 89
19 33 86
77 6 62
19 94 2
88 66 97
34 43 57
82 55 70
31 37 24
52 9 39
80 44 66
89 69 56
43 63 30
35 67 97
55 3 29
10 87 45
99 58 39
33 27 5
58 54 96
10 14 70
21 66 91
59 87 98
70 97 56
9 45 45
31 92 41
27 23 84
85 84 4
77 80 28
33 76 22
38 41 59
20 54 33
90 57 56
82 18 96
7 76 9
48 65 39
25 51 7
7 22 64
45 63 100
8 19 35
7 25 47
87 65 38
95 86 1
10 15 81
30 31 84
93 3 67
28 65 91
55 82 61
30 64 63
47 66 56
87 9 92
17 5 75
94 53 45
32 34 42
32 87 46
45 99 100
3 90 98
54 65 70
37 67 40
89 20 20
11 35 10
62 2 9
18 86 21
85 89 49
1 46 38
57 74 74
57 59 50
0 30 77
27 77 100
77 82 75
11 82 15
7 54 45
64 75 88
61 35 83
65 40 24
4 68 1
35 32 24
39 34 64
81 79 100
36 9 46
70 74 23
79 99 57
12 71 71
73 93 24
17 3 66
88 7 48
73 67 98
83 54 92
7 29 55
64 75 89
8 86 23
12 70 34
2 19 37
37 81 16
40 71 50
76 28 92
24 46 89
14 6 5
69 7 74
0 11 78
65 79 29
48 90 50
86 97 28
94 47 74
73 24 56
87 65 6
23 29 32
93 73 29
16 30 62
52 11 73
47 55 25
76 6 5
77 80 14
23 71 53
89 64 18
41 44 98
76 82 78
31 28 47
0 75 87
97 1 70
23 66 74
42 16 59
5 52 49
58 76 44
48 57 57
65 78 82
21 13 80
24 94 89
50 22 58
45 32 18
41 91 63
82 71 19
82 67 3
83 3 88
28 13 45
57 31 33
76 33 69
21 88 10
23 48 7
64 44 56
91 17 75
72 47 40
95 35 77
10 16 27
1 30 60
36 82 40
11 61 95
20 15 36
40 90 9
8 12 42
44 40 86
91 28 39
80 57 7
44 24 92
20 7 52
95 78 50
6 69 79
49 73 96
51 89 41
79 87 60
71 16 92
74 4 3
57 93 7
85 48 31
24 5 54
93 37 68
69 68 9
86 48 4
49 45 69
9 63 6
30 9 85
19 91 36
46 98 60
51 36 88
61 9 47
82 55 89
18 86 53
0 93 71
47 11 2
35 98 68
57 14 18
98 18 67
13 4 62
87 94 31
4 94 38
52 14 18
95 80 80
15 39 8
43 41 2
97 34 13
81 73 59
23 7 84
14 90 79
49 53 62
93 13 84
67 4 42
26 94 93
74 83 44
29 11 97
19 22 15
44 1 2
29 87 78
60 83 73
78 56 63
48 40 45
20 0 26
14 54 28
37 18 86
88 49 1
1 31 57
65 89 15
94 50 41
74 2 30
18 12 60
24 58 20
64 72 5
48 73 51
20 50 23
74 17 97
86 98 10
96 84 43
30 69 99
67 38 66
24 65 37
37 45 31
90 63 54
36 56 96
2 46 52
26 53 45
99 47 22
21 47 92
56 46 35
89 77 7
95 65 49
70 80 84
58 74 43
12 0 33
48 49 18
18 98 99
90 6 87
71 43 43
32 66 94
36 33 41
73 10 97
71 23 24
64 5 13
74 38 4
73 85 17
57 54 84
68 53 59
94 89 68
37 23 37
83 53 85
30 39 6
92 40 69
66 7 76
97 43 18
2 75 36
73 63 64
86 12 97
94 32 61
16 66 97
6 9 32
72 2 32
41 3 66
43 30 49
91 2 97
5 93 32
8 12 39
72 82 54
86 4 78
95 22 47
23 30 84
45 90 79
3 17 36
5 93 54
96 33 63
60 76 33
84 31 39
2 80 5
15 87 61
77 74 100
82 84 68
92 53 96
29 57 19
80 48 89
68 79 42
37 88 16
53 18 64
15 78 98
13 11 55
68 64 97
41 81 37
57 18 10
17 7 47
0 67 5
45 80 38
72 51 6
2 88 87
65 85 89
66 4 92
80 14 85
40 60 88
84 34 39
95 3 50
42 36 44
8 97 18
9 8 90
37 30 15
84 10 17
1 91 8
34 60 64
55 41 50
70 41 99
51 14 78
19 74 63
51 44 74
29 58 97
31 74 16
98 38 15
49 42 59
66 99 77
95 70 78
51 83 44
51 63 56
40 86 74
48 84 6
57 42 33
97 18 38
60 70 35
12 89 31
24 47 62
75 91 5
11 26 18
62 34 71
90 63 66
40 20 66
74 97 96
28 59 30
78 70 11
67 80 69
9 85 51
4 46 57
14 16 90
73 17 8
20 95 54
35 40 10
53 44 15
27 44 84
33 1 18
19 28 21
22 61 69
90 39 63
47 49 42
95 12 61
25 72 24
13 47 60
42 43 33
5 41 21
7 30 96
47 51 11
94 69 76
75 17 14
41 35 95
46 1 73
38 5 71
23 76 98
21 6 95
80 29 9
16 7 57
19 57 38
52 61 93
8 76 49
66 38 3
37 45 41
20 16 21
1 79 36
52 58 25
16 13 6
59 57 59
24 27 12
90 60 33
83 54 57
35 22 60
72 91 84
6 70 30
31 77 37
82 88 86
4 93 32
62 76 6
98 64 34
73 38 77
42 84 37
22 58 51
93 45 52
21 71 22
61 8 59
34 49 99
49 96 80
77 86 84
58 30 15
51 21 32
94 49 24
81 70 5
61 79 45
19 92 52
50 32 99
24 38 100
21 50 59
17 87 7
8 52 47
86 24 96
35 42 15
11 15 53
44 38 3
54 3 60
64 82 79
79 39 7
6 23 87
6 40 100
4 29 29
83 84 99
54 80 18
33 78 79
15 98 76
39 75 11
61 84 13
14 35 77
64 81 19
3 60 61
44 53 82
24 81 56
72 59 13
91 17 40
86 95 70
24 19 60
41 95 27
88 3 17
47 10 52
69 48 75
87 27 55
61 49 79
70 76 67
27 44 9
54 85 99
71 37 55
47 6 2
75 56 16
82 95 41
43 66 59
36 81 24
21 4 82
26 7 67
79 19 66
78 52 56
47 96 7
22 64 11
97 79 9
95 51 78
67 89 83
47 41 73
17 48 57
49 35 59
82 14 17
41 63 84
97 89 93
34 36 82
66 92 56
54 46 54
34 96 72
27 12 68
34 54 15
86 54 19
70 97 88
95 78 31
72 90 67
12 37 39
81 3 74
62 40 32
48 37 74
67 37 1
31 89 33
16 39 79
58 41 71
93 35 36
2 57 37
8 48 56
5 62 53
45 83 44
17 57 44
43 80 100
68 79 11
63 35 41
81 62 61
78 64 13
46 55 58
50 7 65
56 47 94
31 6 46
53 56 42
26 59 67
6 30 69
13 45 63
76 27 81
20 59 73
27 58 4
7 80 90
77 98 12
92 17 66
15 69 96
24 4 77
38 56 9
58 9 77
16 93 36
81 44 96
13 11 36
44 70 80
70 7 31
7 80 38
71 52 88
44 34 1
34 87 76
27 10 7
3 28 17
30 75 47
69 55 66
36 73 75
28 19 35
38 14 75
40 47 43
44 98 43
24 3 9
68 52 37
40 22 95
48 28 67
81 26 7
57 83 47
8 76 82
18 15 65
89 80 19
41 88 22
27 80 8
21 89 32
21 59 23
14 58 97
5 60 25
52 4 36
19 30 57
1 24 31
98 52 84
44 6 34
65 91 96
48 73 96
77 72 68
80 31 8
43 41 18
17 65 71
67 87 66
22 57 67
82 97 44
94 36 27
8 97 15
61 70 73
83 96 89
74 34 88
64 11 38
70 14 98
95 39 96
3 45 2
72 50 67
13 77 39
48 23 22
85 59 82
12 3 35
44 79 87
53 68 30
84 55 60
51 11 3
16 73 8
45 7 24
49 20 90
68 59 87
75 66 8
69 96 18
69 68 70
51 88 76
26 73 18
65 73 61
76 1 74
52 87 83
57 86 4
27 76 30
89 52 82
56 94 16
23 22 60
56 54 28
4 88 24
90 78 29
91 28 76
78 91 49
77 72 20
62 6 3
68 95 68
32 76 96
78 45 98
14 26 51
99 47 42
38 59 24
76 82 94
31 87 27
2 14 22
4 35 2
73 54 94
96 47 51
22 46 33
36 2 39
4 36 64
34 91 88
36 83 95
47 92 14
49 6 65
11 90 97
88 42 37
57 75 43
59 10 95
86 36 94
88 83 63
62 46 93
73 71 87
84 45 71
35 37 8
70 48 21
60 30 3
41 71 39
4 28 55
72 70 25
9 96 87
22 63 10
8 90 86
90 48 2
53 93 63
54 96 88
1 6 30
6 81 64
74 29 84
14 4 37
71 53 88
37 87 85
19 58 28
45 40 11
97 23 54
12 55 17
16 69 100
90 46 100
54 52 78
38 5 87
88 39 66
14 98 26
55 71 4
7 36 29
24 17 52
75 54 40
50 84 88
28 74 93
9 64 84
95 68 93
26 50 9
80 7 70
47 26 3
82 56 52
44 18 73
25 67 84
27 84 39
32 16 67
21 86 9
53 24 43
77 2 97
99 4 32
22 49 93
97 83 4
52 18 12
80 45 30
55 25 58
37 92 17
99 83 58
50 96 25
59 18 38
35 21 88
34 7 46
18 20 36
26 30 62
20 65 7
39 27 76
69 98 97
5 38 32
19 43 79
31 99 96
32 10 29
1 15 22
18 24 28
58 4 25
49 55 52
12 41 84
5 0 56
0 99 44
2 10 8
94 90 5
73 93 37
21 64 73
36 55 70
66 26 26
97 62 28
5 69 99
51 91 65
69 76 36
60 54 32
54 85 68
46 84 84
36 98 13
83 64 27
33 13 51
1 84 26
42 98 92
69 76 95
77 19 63
92 37 37
33 17 46
9 85 2
50 33 26
43 78 5
71 48 44
74 6 93
15 29 95
62 38 35
1 49 4
71 7 75
23 71 86
48 53 90
44 0 24
27 24 74
38 87 73
91 0 13
64 81 83
52 62 46
90 61 44
1 75 52
73 87 93
41 50 1
96 36 85
83 26 94
5 94 63
73 87 64
68 15 78
45 61 28
80 81 59
35 8 93
40 31 60
70 14 43
44 50 85
63 86 26
36 94 97
69 65 14
4 92 4
93 8 29
46 58 3
46 25 21
57 64 62
69 17 43
31 41 28
92 41 16
37 0 17
98 86 48
37 53 5
84 19 13
40 98 100
90 39 52
98 11 17
1 8 67
38 8 3
33 43 60
93 61 64
41 91 58
63 28 72
46 59 59
28 70 8
78 15 96
41 2 56
31 56 16
51 61 77
34 82 95
46 19 4
66 77 68
27 75 60
88 87 46
98 68 77
63 26 27
63 1 92
59 95 80
25 61 23
63 80 87
99 76 40
76 73 52
1 76 69
62 34 35
98 12 65
68 67 72
9 74 7
70 2 91
95 63 95
60 77 97
14 70 78
99 73 100
78 48 24
90 44 29
51 22 44
11 30 13
41 66 45
77 36 85
73 54 40
68 89 47
69 4 14
40 87 45
74 39 16
28 51 14
60 4 89
39 64 52
29 49 30
40 59 47
3 77 14
7 36 82
98 25 11
85 57 92
25 33 65
30 56 81
40 56 23
92 33 65
69 88 72
4 91 44
93 27 93
25 22 67
21 66 78
9 55 84
70 27 13
50 47 23
83 82 82
81 42 52
85 20 23
64 86 71
72 46 31
55 63 55
8 45 18
36 9 71
70 19 38
80 24 58
87 59 60
3 18 13
89 33 83
18 84 85
62 23 25
13 10 75
40 12 33
96 94 64
22 90 57
76 3 66
41 5 22
73 86 67
78 40 2
54 35 52
55 87 4
3 27 34
34 89 87
54 83 100
87 99 60
72 61 80
43 88 28
48 96 70
96 67 96
22 20 75
65 85 64
58 89 94
37 44 95
67 54 33
35 94 2
68 32 62
96 83 64
11 23 10
89 74 67
44 26 6
45 82 39
27 89 85
30 75 9
32 60 53
51 25 9
70 30 67
59 26 30
14 51 40
4 95 81
4 70 9
76 56 68
54 86 17
23 7 99
95 19 20
64 75 28
29 75 77
97 48 93
79 36 32
83 41 30
46 40 71
24 17 61
65 36 52
23 30 77
4 96 80
43 24 69
64 43 84
28 77 54
78 47 79
37 76 34
16 60 12
61 35 69
85 13 1
97 40 4
32 29 50
54 46 83
85 27 75
19 82 47
43 47 10
17 95 40
63 36 78
25 35 13
34 45 85
86 12 39
1 55 83
76 6 9
2 21 86
62 36 81
72 9 22
81 32 74
11 22 47
65 36 42
79 60 4
37 17 82
22 91 95
66 54 88
25 97 22
73 19 97
54 84 42
12 20 73
79 41 13
11 58 88
25 74 16
0 74 66
64 3 8
95 92 40
38 91 8
54 73 57
16 28 53
25 10 27
40 33 7
43 27 84
75 59 10
12 97 17
24 33 17
99 80 82
29 35 90
48 59 26
61 31 9
45 3 26
75 64 51
9 38 56
0 18 49
8 70 9
45 76 66
93 79 66
87 29 46
17 28 15
67 12 69
41 8 69
78 14 25
79 56 95
10 83 91
72 7 14
29 9 2
67 32 66
43 1 98
11 78 92
34 1 74
50 16 63
54 44 83
81 68 27
95 91 55
21 9 14
10 48 67
55 23 59
85 81 57
88 3 26
66 94 93
57 22 32
32 31 81
90 6 99
84 45 57
57 74 78
34 32 38
77 17 16
30 48 78
36 60 69
27 12 37
73 29 38
49 43 57
27 78 11
35 29 65
84 97 16
63 93 30
3 34 75
23 41 28
2 36 29
49 23 83
62 12 30
62 35 37
31 19 76
26 71 5
74 36 92
32 90 57
7 69 61
35 68 63
12 65 97
25 3 62
0 77 55
19 26 27
2 13 94
43 14 23
74 22 46
32 75 4
17 34 28
39 1 46
32 63 5
48 25 57
70 34 28
86 69 41
68 78 30
73 59 80
44 45 8
28 70 44
90 0 81
51 90 39
28 8 6
83 37 93
6 39 47
4 84 24
14 27 19
26 25 1
88 11 67
48 42 28
84 10 31
89 12 78
40 86 35
76 63 41
0 69 44
15 61 62
7 50 6
73 9 58
54 81 93
51 59 82
42 23 58
53 90 97
72 51 78
57 24 53
70 16 66
68 47 60
36 87 58
73 59 14
28 87 98
6 43 36
68 18 36
83 79 85
98 59 98
14 88 57
68 14 39
73 59 33
63 44 36
27 16 68
96 19 13
33 56 86
13 79 5
87 59 4
72 18 71
20 78 85
54 86 8
88 51 38
46 6 48
17 73 74
46 43 51
7 49 100
20 27 28
35 59 75
24 37 31
60 3 3
55 71 64
81 85 56
50 90 52
28 2 61
20 69 79
71 95 27
90 48 5
3 95 36
58 21 35
46 34 40
4 37 100
74 97 74
78 41 79
1 64 26
93 35 71
60 94 36
79 44 45
42 39 96
15 41 92
51 56 25
56 40 5
39 26 85
31 85 79
70 40 17
98 48 78
69 89 1
31 85 19
95 21 62
57 2 56
2 96 94
71 4 35
57 77 7
22 84 23
80 8 1
87 45 57
2 47 37
98 99 93
37 79 79
56 16 67
60 4 12
29 32 31
58 11 75
43 45 67
23 47 98
70 15 62
67 44 61
48 50 82
27 16 69
23 74 57
45 70 86
84 76 6
42 26 71
48 55 66
41 86 22
42 94 17
36 49 100
69 70 57
48 85 19
75 25 78
51 14 35
73 38 57
52 64 13
82 88 42
96 17 29
63 78 71
97 68 42
62 40 60
55 50 4
84 31 62
45 41 89
49 28 3
25 40 44
87 49 40
31 30 91
34 13 41
77 63 32
44 28 31
39 43 9
14 93 61
26 22 16
28 94 11
60 18 89
72 86 66
27 16 62
86 51 9
45 61 8
26 40 22
60 68 11
8 17 2
55 30 32
98 75 86
97 64 89
13 98 38
36 30 12
22 84 48
93 51 19
11 59 32
88 51 98
32 44 71
45 59 90
77 11 50
82 80 89
37 53 24
55 77 90
46 1 37
2 35 24
51 96 82
94 49 64
58 31 79
86 34 82
83 50 76
20 19 84
33 44 10
59 87 88
22 98 15
96 11 22
62 89 65
66 47 41
29 9 90
98 97 8
51 41 35
52 74 17
16 19 74
37 13 22
39 10 63
26 25 26
75 70 35
83 18 1
65 56 39
94 9 47
91 40 22
60 15 43
19 54 17
53 51 23
48 65 62
77 70 47
35 81 18
70 85 60
36 35 18
77 34 17
95 59 5
19 87 88
90 98 36
37 19 45
51 18 51
86 91 34
44 76 96
62 17 53
53 98 72
17 93 65
12 95 82
23 65 94
13 49 67
4 17 37
54 82 99
7 25 96
3 40 82
58 76 90
36 3 47
65 46 31
11 26 47
83 5 66
14 39 71
58 29 69
2 97 32
30 68 63
16 35 69
78 57 82
30 54 15
70 85 62
45 5 63
2 62 25
43 36 15
9 33 20
13 67 63
93 58 22
6 9 34
74 52 72
73 86 77
73 69 66
8 70 54
30 39 94
22 94 69
65 10 44
59 40 64
83 93 24
15 30 20
21 49 38
17 24 80
53 23 26
59 36 49
22 25 4
93 79 76
73 58 56
72 48 60
13 42 47
56 71 32
71 87 31
64 74 3
56 65 7
18 8 94
27 81 73
10 74 54
4 20 63
6 46 32
53 22 87
76 3 6
78 85 74
76 8 78
91 18 9
86 84 31
72 83 64
56 53 3
11 64 32
23 8 28
7 97 73
39 75 43
21 15 50
55 71 96
70 14 36
51 67 40
50 86 18
26 19 56
51 96 7
15 10 47
44 9 94
93 20 45
24 15 34
39 32 72
99 83 46
85 72 34
98 49 44
55 42 23
3 21 45
27 90 50
6 98 55
85 80 86
6 21 52
99 79 26
85 58 62
80 15 24
45 71 18
36 4 82
59 10 22
20 86 65
84 66 8
83 99 15
24 16 48
93 72 13
40 50 5
63 92 19
63 76 62
72 64 30
66 1 37
34 67 96
79 37 9
30 84 31
97 0 78
48 3 47
2 72 78
88 37 57
54 56 36
97 10 74
29 67 29
23 77 88
82 75 31
84 17 85
87 53 82
76 0 47
57 50 19
98 4 75
1 82 32
88 21 33
79 85 95
95 63 15
10 95 76
23 52 14
48 10 23
98 16 38
72 1 31
14 52 59
31 65 40
8 32 57
10 71 81
12 38 2
2 56 27
52 88 92
14 38 85
30 74 24
16 84 10
79 33 16
60 28 17
71 39 80
16 5 75
29 77 44
94 0 59
52 98 77
43 68 26
84 18 50
34 70 56
76 72 65
23 19 22
24 1 97
18 63 57
4 44 7
70 41 77
65 27 90
2 9 32
25 56 83
41 27 9
34 59 22
68 10 84
7 49 52
4 79 71
60 87 67
74 15 76
62 88 9
65 2 43
11 7 65
62 82 97
82 60 94
36 57 84
70 99 99
23 99 13
25 29 28
91 22 86
72 40 41
48 17 15
89 24 74
89 88 54
64 61 39
90 0 4
96 83 99
69 70 50
52 59 27
17 56 6
76 77 21
44 10 28
50 8 14
3 43 65
79 12 64
33 89 54
30 15 61
83 66 22
95 25 11
82 1 8
90 58 22
38 48 41
86 30 48
71 11 8
2 44 44
41 17 42
42 17 78
48 64 54
6 76 11
33 31 85
56 57 89
59 46 60
91 19 64
89 58 43
12 0 26
0 42 37
30 79 85
44 13 39
51 58 78
76 3 21
54 17 60
58 4 71
82 4 11
2 94 14
63 97 19
82 97 74
31 96 22
17 79 41
47 46 56
82 61 47
59 94 60
95 4 56
52 92 42
5 60 12
27 21 83
15 56 9
93 98 48
58 48 17
51 95 12
86 38 69
76 50 69
71 59 93
21 35 99
69 23 43
42 32 74
22 11 78
2 32 31
52 26 7
65 56 78
76 83 22
40 56 76
95 96 35
13 35 15
51 60 10
89 8 39
12 77 36
85 87 22
73 18 98
12 3 67
84 95 84
37 20 32
99 3 51
26 81 26
72 57 3
40 99 82
77 95 45
67 37 31
25 63 40
64 67 85
41 89 78
95 91 22
57 9 82
82 47 75
11 0 21
96 9 41
44 57 87
90 75 7
43 52 59
14 69 43
7 41 16
83 39 75
10 75 27
21 57 43
80 12 3
26 75 48
89 96 97
3 49 58
95 58 38
72 8 39
68 56 69
19 8 11
85 19 5
50 51 28
27 79 14
60 21 87
56 5 16
95 2 10
96 42 99
65 15 50
59 86 24
16 62 49
26 96 39
32 74 89
92 26 94
95 75 81
64 17 76
70 16 68
22 54 92
82 97 68
30 70 42
65 14 96
67 83 71
41 59 58
56 65 73
41 74 9
13 88 54
54 8 2
33 68 37
31 27 81
26 14 15
98 20 17
57 44 86
4 40 79
14 87 40
17 66 85
24 19 35
43 12 53
0 90 17
47 41 97
34 71 96
82 47 78
32 48 14
25 93 66
46 85 12
47 11 78
31 2 24
8 10 6
33 55 93
12 58 7
23 4 69
29 24 1
99 97 38
12 93 56
46 85 37
32 94 46
9 17 11
37 85 48
41 44 34
63 8 31
94 39 37
60 74 76
42 39 28
4 7 22
73 13 82
47 44 42
59 39 21
12 16 76
16 32 20
15 27 76
51 70 87
44 98 68
27 36 14
73 30 81
30 45 51
1 37 30
88 79 75
32 84 40
40 45 87
83 65 12
75 12 82
98 8 6
75 77 97
66 68 30
26 24 48
79 70 96
87 29 14
55 31 86
42 45 92
11 72 82
41 62 14
34 71 52
81 44 78
75 46 97
11 97 1
28 81 29
29 22 65
35 87 3
16 76 16
73 5 42
13 84 9
10 88 78
29 41 83
98 60 67
95 88 19
88 81 83
75 77 66
55 42 11
88 59 85
4 1 62
59 92 92
50 12 6
43 86 18
71 84 65
16 64 48
28 31 68
5 41 58
6 48 95
19 17 12
58 94 19
42 19 86
80 47 49
18 62 15
35 72 89
77 26 25
70 63 15
3 10 59
90 28 37
17 94 4
81 55 48
73 64 21
4 39 23
45 68 32
26 30 16
21 41 97
7 60 91
82 39 93
88 83 60
96 75 58
67 90 75
56 27 55
88 76 29
37 62 70
3 30 76
19 79 28
3 60 10
51 22 71
34 31 72
32 34 12
45 11 59
48 28 7
28 0 50
37 30 71
31 72 35
83 88 2
90 38 90
26 11 2
30 12 9
32 85 98
57 55 73
81 71 25
39 41 56
43 60 42
90 4 64
9 27 40
54 7 42
81 6 16
17 78 29
51 96 96
6 70 90
36 91 42
61 60 7
30 97 81
48 25 86
81 0 81
8 45 44
89 35 87
37 84 20
31 42 57
64 96 37
12 7 58
22 27 98
74 22 40
48 50 86
60 23 63
15 5 68
14 22 66
53 91 4
31 5 1
63 3 57
59 17 58
9 66 11
65 74 49
3 62 90
58 7 100
91 63 68
64 62 70
35 93 96
22 12 47
6 68 73
79 29 4
38 7 26
24 14 50
33 48 78
58 49 100
18 34 35
49 74 58
59 27 27
54 36 94
75 20 77
15 11 54
43 30 24
61 10 35
50 11 14
79 83 64
50 89 68
84 79 99
6 37 97
18 24 100
8 93 82
25 34 94
30 57 54
38 64 20
51 25 7
16 87 90
54 9 15
57 41 39
87 30 77
18 48 34
24 93 65
42 23 15
92 12 30
50 75 74
88 37 83
16 11 77
26 90 71
13 75 72
85 40 38
31 32 3
26 65 24
44 56 21
67 37 15
9 18 90
78 5 6
35 57 44
32 75 28
2 55 22
15 97 98
89 98 9
34 20 13
37 15 24
91 23 70
40 89 3
39 66 7
95 57 31
38 79 78
4 89 46
29 43 61
41 79 55
90 45 58
56 21 51
34 67 7
6 47 2
43 2 36
80 42 88
96 61 77
44 31 29
53 6 48
18 40 96
39 67 56
57 70 87
28 90 48
64 76 44
43 26 70
6 43 57
75 89 53
88 7 33
76 66 19
19 78 23
70 2 84
51 8 95
33 39 44
48 15 90
89 57 39
90 91 30
33 46 81
25 35 84
66 61 24
12 49 95
94 71 22
58 53 40
19 62 31
81 13 42
32 11 44
31 4 95
45 31 24
89 6 92
34 46 48
51 1 60
6 37 80
61 7 85
72 51 13
38 69 15
86 8 98
2 67 11
40 52 8
45 84 55
96 11 42
21 73 58
28 74 81
50 57 50
15 39 73
74 44 75
5 61 59
98 67 14
28 51 93
6 10 27
81 33 96
4 76 21
72 3 32
63 47 27
39 65 65
43 38 58
19 39 4
46 33 43
19 61 41
24 38 27
88 19 34
9 34 77
87 8 73
65 98 56
25 34 91
39 40 58
73 44 61
27 7 34
55 56 79
38 15 19
35 22 99
35 28 56
42 77 98
4 41 94
81 61 48
32 18 79
62 56 90
38 56 35
49 95 60
89 24 56
30 97 60
45 9 100
18 27 35
21 39 25
43 36 26
54 43 34
18 78 99
25 71 97
26 14 21
86 99 93
23 81 13
57 21 20
31 74 85
44 47 55
13 96 99
64 57 31
33 96 9
91 20 36
2 93 43
26 85 25
83 86 10
72 66 23
62 85 10
80 53 80
28 81 63
88 2 53
94 85 37
67 10 51
84 99 83
90 78 43
52 84 98
58 5 16
52 67 88
37 8 7
45 19 79
70 96 26
55 73 67
26 33 98
69 77 79
4 43 60
71 33 82
78 96 64
43 49 75
69 29 55
11 44 50
61 73 90
33 45 43
59 49 88
9 77 87
74 30 7
52 12 17
12 54 83
5 48 5
49 82 4
12 77 12
67 37 93
42 94 39
40 12 61
0 3 2
29 20 49
86 98 45
74 84 69
56 49 13
30 41 58
2 71 47
3 83 14
63 20 86
99 19 49
41 86 94
0 75 79
87 68 36
55 20 53
75 86 69
11 6 37
91 81 92
99 43 51
19 99 35
20 33 24
68 14 5
64 25 44
81 41 72
98 1 22
19 76 67
74 15 89
6 75 90
84 46 46
35 28 62
15 55 33
4 3 22
48 55 39
43 56 66
35 57 3
85 9 84
70 13 37
8 1 89
17 88 16
77 17 19
39 4 92
85 21 53
60 86 92
18 88 13
5 92 68
11 80 88
86 69 24
88 31 76
56 9 74
36 21 78
29 77 23
49 26 78
15 35 60
84 11 10
3 28 90
26 68 92
60 38 81
56 66 20
4 42 5
19 29 59
26 15 40
60 98 62
39 37 72
7 93 82
69 46 27
58 15 10
68 51 19
60 66 81
50 40 32
64 90 44
50 16 17
12 0 88
39 34 100
48 37 83
71 87 87
57 7 13
67 83 95
67 3 86
32 65 85
88 0 21
26 22 97
20 66 93
28 90 67
71 52 28
81 10 58
82 14 37
35 44 54
58 65 10
42 31 90
76 79 36
56 43 50
27 54 46
42 43 4
69 62 65
74 95 32
73 3 8
95 48 62
66 7 86
29 25 12
82 94 27
73 67 3
2 37 4
89 81 28
68 25 93
40 19 40
44 35 100
14 4 86
28 78 18
55 57 15
8 40 4
75 18 29
89 78 92
81 84 2
80 32 38
7 18 59
22 81 14
65 62 85
59 99 9
89 70 56
43 21 33
40 25 80
68 46 50
12 80 15
32 81 80
38 40 81
49 8 45
41 86 38
36 47 83
97 21 61
8 89 33
85 50 81
8 19 79
40 51 45
75 47 4
95 41 47
5 99 53
48 70 15
88 31 67
97 15 37
50 81 53
34 67 91
91 18 26
79 93 55
83 66 79
29 91 65
15 66 23
62 67 86
38 41 19
6 68 5
24 75 16
84 57 84
19 20 34
98 19 88
68 16 21
95 87 51
66 71 42
35 5 5
90 32 31
38 69 61
2 83 28
35 52 91
68 90 60
51 46 76
74 22 97
46 67 94
84 21 56
70 98 46
95 30 30
79 30 69
81 91 60
47 55 64
86 27 41
76 20 32
76 33 79
0 60 5
60 42 89
91 90 7
6 16 33
62 84 87
32 12 46
24 13 43
83 72 89
27 58 38
62 1 82
9 84 96
9 82 99
13 26 16
16 6 32
28 60 27
23 32 23
82 90 1
74 57 26
92 30 94
33 36 65
0 84 27
7 77 35
48 3 19
84 22 21
71 14 98
83 13 99
89 3 70
31 1 19
85 24 35
77 54 47
95 32 80
80 24 40
58 33 66
1 33 70
67 54 42
89 50 65
59 29 59
96 50 77
60 23 98
0 67 21
13 16 46
80 84 92
92 93 85
18 91 86
83 93 67
82 59 65
17 44 61
89 86 84
65 31 98
63 25 77
73 99 13
12 57 22
83 35 22
56 88 19
80 43 71
79 12 42
14 70 1
75 24 69
65 30 66
5 55 77
45 82 41
70 28 3
25 86 47
62 88 77
53 21 14
74 44 46
0 58 27
52 65 29
27 75 45
96 79 50
88 84 42
97 43 15
88 77 8
13 2 48
60 9 22
10 2 9
64 42 87
18 10 6
66 45 71
6 66 75
87 96 16
31 90 22
94 22 59
73 48 41
44 62 50
64 13 86
55 83 35
74 55 24
35 74 37
20 44 95
52 79 37
77 71 92
3 30 67
98 63 37
0 88 60
50 20 25
61 51 65
68 38 98
95 35 74
78 71 55
40 85 74
43 14 83
58 79 69
34 27 71
39 7 98
75 17 98
41 80 9
69 22 70
55 77 34
19 62 68
3 80 37
78 86 96
87 26 6
56 19 55
47 8 33
65 87 73
38 15 60
71 82 88
21 36 10
10 66 67
4 38 61
56 37 22
42 9 69
88 89 12
39 13 58
39 34 90
94 29 98
19 58 62
35 37 49
0 83 89
5 21 87
24 54 40
57 47 34
31 96 23
67 48 45
86 5 16
66 40 11
78 54 69
44 97 100
73 97 64
8 29 71
79 29 26
7 74 65
76 99 39
6 29 9
50 34 93
91 77 49
8 38 98
36 2 63
32 24 32
20 81 17
5 7 38
52 97 45
86 38 37
14 62 71
71 42 82
56 37 17
24 14 18
48 38 12
46 23 70
40 58 46
14 94 1
79 25 73
20 73 36
36 75 87
24 85 76
9 19 49
79 1 56
63 11 62
12 79 41
81 93 89
76 58 23
90 14 41
46 97 76
77 68 16
50 18 97
91 41 15
94 18 38
35 10 78
83 38 35
41 37 32
81 15 14
46 92 41
41 48 97
38 1 70
93 38 31
52 22 97
35 45 58
25 38 16
60 80 37
1 30 54
78 56 30
12 41 69
17 1 18
84 32 78
98 60 29
67 32 58
29 86 26
0 25 77
33 17 90
84 66 11
55 13 95
71 73 63
43 25 18
99 89 73
24 90 44
8 83 21
79 47 20
39 60 13
89 87 68
36 5 37
18 49 70
59 82 58
61 79 32
25 63 41
66 39 62
51 50 72
2 68 85
74 18 13
46 29 62
15 72 49
28 2 3
63 5 68
89 90 42
77 5 94
51 20 52
94 43 7
57 19 77
0 79 10
20 24 74
68 94 76
11 66 99
48 16 27
10 87 17
1 85 50
21 43 39
37 73 97
78 72 76
91 21 55
67 5 48
9 60 20
72 55 34
9 71 20
43 67 30
61 67 3
80 47 52
88 79 30
28 70 34
53 80 12
26 44 7
25 20 86
95 59 26
52 6 92
71 11 40
14 65 49
69 94 45
95 36 58
42 23 1
27 34 2
36 54 63
10 41 71
75 73 55
25 28 29
65 61 11
23 73 49
54 65 29
1 87 73
35 80 21
83 76 37
64 55 77
58 66 15
19 67 1
53 49 40
46 81 56
17 51 74
39 23 90
79 53 23
83 35 37
67 8 79
29 77 71
9 78 95
25 10 11
9 63 1
77 55 86
27 76 68
28 51 28
52 13 39
91 14 19
48 83 17
31 19 67
13 14 66
60 34 100
65 59 97
15 63 29
43 88 45
63 2 28
2 20 53
87 50 53
12 53 96
84 41 61
46 32 93
18 11 10
22 97 85
49 39 91
87 96 58
72 6 50
51 21 35
41 57 47
11 96 6
52 75 36
24 96 17
31 27 36
45 81 3
18 65 86
66 59 58
68 27 25
48 33 66
46 26 78
53 34 31
89 84 92
62 61 32
9 48 7
29 41 6
32 86 12
38 87 27
49 52 49
55 85 24
33 89 7
83 61 11
8 50 90
6 82 39
44 0 99
70 86 92
0 16 27
86 11 80
62 7 22
11 56 17
42 61 71
82 21 34
22 42 80
20 13 39
57 63 3
1 45 19
31 25 69
26 19 91
79 34 100
56 44 62
72 61 53
4 15 98
15 4 2
23 84 3
88 37 89
19 50 26
46 89 10
74 1 20
24 90 14
97 10 54
36 19 66
60 85 53
14 85 89
28 36 28
30 46 80
86 19 62
36 68 90
50 19 20
67 10 49
70 28 48
10 88 7
77 42 97
52 15 37
91 84 53
41 76 22
40 2 67
13 12 41
21 11 94
85 75 54
29 67 83
45 1 61
50 14 43
42 77 23
51 57 32
38 17 36
44 22 19
60 17 81
89 51 51
79 2 54
47 85 23
61 90 15
17 76 6
20 4 12
10 61 4
48 8 69
71 54 47
80 22 23
1 10 20
55 14 83
74 61 83
81 94 47
98 79 70
49 9 9
25 69 70
97 11 7
18 4 87
47 17 53
95 63 94
40 32 11
93 35 77
61 53 68
40 75 48
75 20 1
85 9 7
82 37 42
32 94 83
60 93 25
79 33 82
65 83 39
26 79 100
31 32 16
27 97 87
54 47 51
15 36 91
81 2 16
38 17 90
29 80 75
54 91 56
48 21 59
0 40 51
38 87 22
39 77 42
8 26 18
83 25 66
95 72 96
47 73 49
10 66 56
47 75 80
63 49 37
98 34 96
38 32 12
71 85 57
31 62 5
97 87 41
55 22 76
29 86 56
99 91 52
44 35 36
43 84 37
53 89 21
10 8 57
4 63 15
40 27 43
67 1 19
60 68 25
26 20 33
3 19 6
19 60 71
87 37 51
51 86 51
12 42 33
62 89 85
36 73 29
54 91 64
23 68 17
41 98 56
43 67 92
87 68 75
84 4 54
52 63 62
2 56 98
2 11 57
21 76 2
17 0 88
19 62 27
75 93 63
61 28 51
44 55 58
62 44 15
1 58 49
63 13 81
45 27 54
88 57 27
18 9 72
94 88 72
58 48 39
57 69 44
47 42 12
70 40 78
47 37 85
77 16 77
27 24 13
10 36 1
31 0 3
81 27 19
62 38 7
61 3 79
88 80 16
3 0 38
18 17 83
8 86 74
87 1 75
14 89 40
15 50 25
97 0 88
70 33 58
68 44 30
92 82 36
77 85 53
71 64 46
46 34 40
98 7 97
24 21 3
42 5 70
31 26 44
84 24 36
14 48 59
2 47 81
27 77 86
44 85 28
91 16 69
62 78 46
42 13 92
23 8 30
76 39 3
91 31 75
36 59 50
4 32 39
64 99 36
6 81 11
95 98 2
83 35 7
62 19 68
96 19 2
36 46 57
48 80 41
41 75 80
17 50 53
17 54 29
25 24 88
63 32 7
71 64 55
96 71 23
3 82 59
4 72 51
28 50 54
57 81 74
50 37 2
22 18 35
83 15 24
56 15 50
93 5 38
62 29 14
88 79 51
98 51 71
9 59 64
21 26 77
86 74 52
79 20 21
99 70 6
49 48 62
43 94 88
93 38 81
57 23 34
19 16 36
95 56 43
33 52 10
58 29 64
82 46 52
49 76 47
10 32 86
47 94 75
59 7 74
80 89 45
39 35 81
76 50 11
64 1 10
86 19 20
81 68 32
27 46 54
71 5 62
84 96 63
55 24 83
68 10 41
15 84 56
50 53 60
3 8 85
5 35 47
82 58 89
56 10 95
77 3 57
13 76 74
18 84 60
46 41 68
79 46 9
20 56 100
65 9 2
68 78 68
7 98 87
9 5 27
44 34 77
87 81 31
26 51 66
4 23 81
8 89 47
73 52 76
24 45 54
84 28 11
68 26 42
43 81 65
41 89 5
3 39 61
50 92 34
14 30 98
80 33 84
79 56 71
73 22 60
15 96 58
35 44 45
22 69 95
24 26 47
45 62 59
64 88 1
97 8 57
81 26 57
90 91 19
40 74 74
31 71 62
26 44 29
15 44 57
86 34 43
19 42 12
38 37 97
2 87 63
45 37 33
31 55 23
60 2 79
43 66 89
56 91 39
32 89 20
10 13 70
79 24 39
70 46 17
54 78 31
66 3 35
41 58 93
46 78 1
58 2 60
50 55 65
66 77 75
40 60 54
43 53 15
42 32 23
96 0 80
86 65 11
62 64 65
83 1 49
68 49 63
87 23 96
86 82 62
50 97 47
73 77 29
98 78 80
68 10 20
43 42 42
37 2 63
99 9 40
41 62 39
76 47 96
62 88 60
35 53 4
74 59 81
22 46 30
87 56 92
82 16 92
41 2 89
79 21 20
21 58 79
95 76 13
33 84 63
26 1 74
49 90 41
95 91 18
75 65 10
73 24 43
67 58 4
46 70 50
76 56 97
37 40 72
88 82 44
19 89 76
91 24 70
39 0 51
94 8 18
51 41 98
60 38 65
15 75 97
53 7 79
42 82 98
87 44 35
37 84 49
92 99 63
57 79 18
56 19 34
46 58 23
65 2 82
90 54 24
57 87 31
67 93 87
83 66 11
7 91 5
71 47 55
8 66 82
58 28 29
80 83 54
75 52 34
39 33 11
19 22 69
80 58 73
1 54 52
79 13 59
34 92 1
9 80 10
81 34 1
17 44 100
58 73 53
56 96 20
44 92 12
91 73 47
22 21 30
36 66 97
59 43 79
8 75 69
90 0 22
71 88 56
70 89 15
68 24 42
35 9 97
4 68 77
73 51 96
45 59 89
60 85 70
16 45 74
16 66 45
0 30 86
75 90 69
1 91 66
40 59 11
1 71 87
60 24 80
70 45 86
25 60 67
18 34 1
29 62 24
12 14 46
27 22 97
51 44 55
42 79 52
2 12 69
38 45 11
55 31 80
55 44 73
98 58 29
78 56 99
84 88 62
49 87 61
48 40 31
35 67 87
32 10 68
74 38 14
30 26 34
26 87 11
39 92 49
14 45 95
11 6 83
14 51 9
2 54 96
67 94 39
33 26 48
51 93 81
46 24 22
28 78 9
9 30 51
33 12 6
50 85 42
23 5 43
48 38 95
60 45 62
83 15 81
36 48 58
8 29 94
27 10 66
22 52 74
82 71 36
66 51 37
51 30 38
89 85 62
85 35 91
32 61 71
55 39 48
35 45 29
26 98 41
27 69 47
3 51 10
90 92 37
97 45 16
65 76 18
74 36 78
69 35 12
59 9 93
12 11 43
42 38 86
41 40 73
91 38 17
57 22 35
40 64 51
2 63 4
13 27 24
44 52 65
18 81 14
75 69 86
86 77 50
55 72 24
54 67 21
81 23 56
78 11 36
16 80 36
78 11 75
67 59 88
60 88 23
77 97 57
47 12 28
17 93 55
28 22 83
60 48 8
76 38 39
8 1 68
53 27 65
52 15 26
47 71 86
60 10 1
14 27 87
35 46 67
99 78 37
44 64 68
51 95 89
97 98 80
66 12 80
27 46 72
73 33 60
94 43 66
2 13 22
74 49 17
83 13 35
53 33 68
15 84 86
61 78 3
37 82 74
21 72 79
43 63 65
11 95 23
10 14 60
97 85 24
42 22 15
33 54 81
2 97 65
19 54 50
86 34 100
95 87 74
66 28 65
89 95 32
51 26 51
87 39 13
27 76 12
29 15 43
12 18 70
99 31 94
83 40 49
96 86 69
8 25 33
58 47 34
27 28 23
58 56 98
21 61 52
55 29 87
51 21 35
33 70 46
76 17 39
70 57 15
95 30 9
91 93 20
86 3 48
36 85 32
74 79 83
41 52 58
31 47 13
62 26 99
46 79 79
83 92 99
84 21 49
5 99 74
99 44 29
18 32 6
36 91 38
97 63 61
26 98 28
22 43 4
56 96 85
65 70 92
34 4 18
85 33 10
28 89 94
20 66 64
89 4 95
72 94 81
77 37 99
74 35 31
48 95 87
29 1 79
80 73 19
29 69 14
29 22 73
13 86 80
14 45 28
2 13 94
3 76 97
65 0 42
32 87 96
79 62 47
77 52 21
65 73 85
83 9 98
44 83 17
36 10 67
85 57 82
63 66 38
23 50 65
75 54 23
89 17 22
43 54 8
10 14 81
92 69 100
99 1 55
97 91 19
28 94 76
20 46 70
75 89 69
45 89 76
71 24 73
72 49 67
2 84 44
45 17 70
49 61 6
39 82 2
60 4 19
60 38 52
89 19 41
93 72 45
37 93 63
80 37 38
33 38 19
79 89 39
75 54 52
42 52 23
67 96 18
5 43 59
40 67 15
68 17 40
17 11 97
29 9 29
82 1 97
39 41 57
90 53 10
13 96 6
23 52 25
30 20 32
63 79 19
83 72 31
43 25 80
31 53 87
74 5 58
70 91 6
76 53 28
62 32 25
27 86 24
89 58 76
95 49 36
20 87 25
97 59 30
81 56 80
53 25 31
98 29 50
76 32 88
55 52 98
69 85 70
65 16 83
41 67 38
47 66 32
65 90 56
60 87 78
3 75 93
25 18 94
18 31 4
97 58 82
69 37 1
98 5 12
18 83 67
57 18 38
33 82 89
76 44 53
45 27 6
39 77 8
32 8 89
50 82 4
4 88 7
95 54 22
79 39 1
27 23 7
42 87 28
85 54 55
10 97 32
58 96 69
21 22 78
36 20 1
8 7 94
83 75 56
94 40 89
78 6 39
25 94 59
13 64 71
53 1 12
45 9 26
40 29 56
39 17 14
20 60 59
47 63 24
4 64 9
58 91 87
38 13 68
93 21 72
5 95 2
93 45 38
84 10 36
14 16 66
59 42 39
53 34 22
56 55 17
20 32 67
88 17 83
24 59 79
54 5 42
31 68 34
25 69 8
36 56 25
60 53 90
61 49 50
80 5 5
57 61 14
86 70 45
46 30 87
96 11 28
88 13 80
28 62 88
80 85 87
36 41 52
43 74 49
45 42 60
21 73 54
85 60 96
1 43 43
80 73 19
15 22 77
93 37 100
63 88 17
98 13 5
64 38 70
28 58 39
3 15 42
52 46 2
53 35 72
0 74 50
80 43 80
88 42 60
73 9 10
99 16 84
15 66 85
66 16 66
24 60 34
54 80 35
74 83 99
92 2 21
24 26 56
80 33 3
32 88 43
99 40 19
15 89 86
33 6 49
9 10 45
19 68 4
87 78 31
8 21 52
4 94 29
78 31 40
91 4 15
61 48 3
30 97 59
44 75 25
79 8 78
24 16 90
16 14 97
6 62 27
34 28 47
68 26 98
46 19 36
22 89 57
81 57 8
62 24 15
79 99 70
28 27 39
61 74 8
29 77 63
18 29 25
2 29 45
93 43 15
47 17 31
40 30 70
11 61 39
21 93 11
66 99 55
95 65 48
86 91 96
13 34 64
22 21 92
7 10 17
74 66 35
39 70 3
38 89 19
23 22 24
36 82 68
64 11 1
89 11 3
41 97 80
94 59 11
13 98 19
64 94 11
69 68 95
69 92 28
94 95 98
2 98 81
94 31 50
87 1 83
49 92 21
35 44 55
8 32 5
20 70 49
42 54 51
56 3 82
62 60 8
63 74 95
28 3 18
40 18 68
5 9 17
92 0 36
21 19 33
94 92 97
69 14 49
78 42 88
33 21 100
26 68 97
38 83 46
75 10 66
83 62 77
91 41 50
97 81 78
28 37 64
98 14 74
95 43 10
14 5 31
96 41 49
75 21 20
29 46 49
66 43 53
42 9 40
19 8 22
17 88 7
50 28 68
95 54 64
38 39 82
96 91 12
57 7 73
58 28 53
80 65 1
99 92 96
27 85 72
84 37 57
63 95 97
99 18 14
51 7 16
35 23 95
3 69 79
59 42 60
5 56 35
63 81 90
2 12 11
57 68 82
81 29 8
93 76 90
72 87 2
23 68 23
20 41 43
75 1 12
95 24 95
13 48 90
77 35 100
22 2 60
19 67 90
45 22 62
39 98 89
30 56 11
38 44 21
11 77 28
66 32 15
8 59 13
11 23 36
76 75 6
84 55 16
99 12 68
89 50 97
78 58 93
83 65 54
1 43 95
83 99 50
37 14 25
20 91 39
29 32 71
66 1 11
25 72 97
63 4 73
6 95 11
23 24 24
75 17 89
94 57 45
2 73 55
52 68 91
19 97 53
64 9 25
73 66 34
39 10 90
68 31 8
16 83 27
7 5 55
83 24 84
53 21 48
77 53 45
79 97 90
3 22 71
21 54 79
3 43 87
23 6 66
54 95 74
24 18 29
86 92 53
49 50 79
10 2 80
71 23 98
87 18 91
99 77 54
40 8 29
12 39 30
90 24 76
12 22 17
45 94 12
67 4 66
53 62 96
67 35 100
38 31 95
14 85 16
25 8 28
40 14 20
1 7 90
75 53 53
61 59 47
69 55 56
2 24 53
73 36 7
99 81 26
1 59 13
33 9 91
58 99 53
66 20 41
4 35 18
82 46 1
32 26 53
31 23 41
58 86 80
95 10 20
89 80 73
52 97 54
74 93 3
43 37 73
2 53 77
31 88 53
57 31 80
87 98 78
56 96 86
29 74 81
44 7 87
66 87 56
81 50 3
78 36 5
61 33 84
13 10 3
56 83 34
37 67 21
21 3 28
60 88 76
56 60 86
59 45 2
26 46 47
92 64 41
86 76 12
73 54 62
19 68 67
84 17 6
50 85 29
14 53 77
91 20 51
97 87 17
75 63 64
52 51 30
72 45 62
81 44 17
27 13 68
50 93 55
44 23 11
79 2 60
50 27 39
80 6 70
2 92 26
58 92 61
76 29 82
9 76 16
54 23 38
36 93 33
78 62 86
72 61 74
3 4 6
25 17 80
30 21 14
53 43 70
59 83 94
39 92 17
48 70 88
20 40 76
46 22 31
25 14 44
62 64 57
2 31 12
0 18 27
88 76 94
60 46 60
59 20 89
2 81 87
97 34 41
94 41 89
26 66 70
69 81 61
57 81 89
35 47 70
16 20 97
46 97 53
87 12 94
35 42 48
99 96 55
10 86 37
31 74 14
89 20 22
79 48 14
52 96 16
46 27 7
29 33 26
14 3 22
36 63 15
73 31 23
11 76 92
45 86 80
19 85 47
26 64 28
17 60 18
66 18 74
84 83 58
42 10 48
47 68 15
54 2 35
98 45 51
65 97 34
28 78 54
4 81 84
9 85 36
80 59 88
19 88 18
92 14 29
97 80 88
55 95 14
34 37 52
97 3 69
77 91 82
63 14 69
51 26 97
86 5 27
61 63 58
43 37 52
28 2 43
4 59 9
9 64 65
49 88 3
38 48 31
6 10 48
80 81 67
25 74 69
16 89 10
10 21 36
72 2 65
45 29 81
91 86 89
43 41 11
63 28 98
71 69 87
78 86 26
89 92 16
46 69 13
58 93 61
28 14 96
96 22 29
90 4 80
97 19 28
52 49 67
90 81 93
5 19 20
91 98 23
44 40 74
17 32 5
27 20 20
45 33 59
82 28 69
4 68 98
78 3 36
6 51 43
35 42 64
94 43 80
11 49 27
32 42 67
45 68 46
39 76 17
87 43 40
12 17 32
48 66 19
39 15 37
47 6 47
31 29 59
26 73 57
18 66 84
29 62 16
1 24 82
85 56 73
23 98 18
19 31 98
80 94 29
79 55 63
55 18 59
26 79 35
29 85 10
52 17 8
24 53 54
32 54 2
39 17 59
79 30 9
62 50 52
10 40 2
57 12 85
11 51 61
41 12 33
22 29 58
10 67 70
20 96 6
46 29 63
45 5 98
44 98 85
3 63 32
54 26 32
21 79 22
62 63 10
23 2 75
55 68 51
41 7 45
35 94 13
71 14 49
59 73 92
6 67 10
28 24 32
37 63 61
26 20 72
95 18 54
22 35 92
56 45 15
12 40 2
45 29 85
29 55 77
82 2 25
93 38 43
70 85 32
21 31 19
61 10 94
77 55 34
92 5 44
75 50 29
21 23 6
1 77 30
37 40 7
9 40 41
48 5 53
39 48 13
37 3 44
59 80 57
69 50 9
37 21 45
76 97 72
73 85 64
61 32 15
52 70 62
62 17 90
59 21 92
61 77 21
94 42 30
33 26 87
24 86 53
76 88 74
37 22 88
57 68 41
91 7 78
34 78 56
67 30 67
7 53 41
61 98 79
47 27 76
31 44 90
73 37 92
99 51 85
47 65 50
98 51 45
74 85 60
35 57 82
60 97 51
82 47 80
77 55 51
91 27 76
53 81 23
65 14 69
96 3 20
96 20 92
3 87 72
31 92 52
30 79 61
89 49 14
81 32 90
5 71 1
91 35 70
97 29 4
31 67 75
87 14 53
38 36 44
7 72 35
51 28 4
10 16 54
60 31 37
84 18 82
74 10 14
43 51 6
89 59 36
85 35 69
10 66 67
95 66 98
8 60 46
68 0 38
37 52 49
88 27 20
61 51 55
45 43 8
65 16 10
86 61 56
14 76 8
6 10 47
75 80 71
73 49 2
3 71 27
96 19 31
49 74 80
99 7 78
82 46 89
24 93 86
4 72 45
23 6 49
92 22 74
38 7 57
8 81 23
91 60 5
17 62 83
93 6 29
46 7 73
12 88 42
95 30 58
44 99 49
26 1 34
37 57 61
89 57 91
41 73 32
74 49 43
11 98 49
66 27 31
58 91 65
24 1 33
35 88 31
22 83 93
93 29 19
2 33 18
77 13 81
89 12 82
1 89 25
33 92 97
55 87 10
10 95 99
19 22 71
3 58 36
32 11 69
13 21 95
78 83 67
97 99 16
62 90 72
42 30 19
22 88 55
1 3 56
34 30 4
76 82 54
15 35 88
72 43 86
84 62 2
1 12 38
38 3 22
96 16 16
10 0 91
21 58 17
88 27 79
55 74 95
81 94 34
19 50 25
49 13 4
41 30 12
61 16 95
75 65 86
3 82 7
59 98 49
0 8 42
65 1 42
92 18 63
25 3 59
91 79 78
81 12 17
28 54 21
7 42 98
72 3 70
43 52 24
36 54 32
21 14 71
32 66 84
26 98 52
89 53 25
24 1 34
58 49 17
9 84 39
38 35 34
57 38 62
85 84 44
45 47 9
38 33 76
64 20 62
28 43 54
96 42 70
33 37 23
6 82 78
51 73 27
71 65 41
37 89 22
89 44 24
53 92 71
71 62 37
4 6 65
61 97 75
1 24 8
73 38 40
29 18 88
59 14 92
26 66 56
70 28 44
93 66 41
94 10 40
17 94 31
63 51 86
26 83 94
58 36 42
58 74 51
47 13 70
90 61 69
37 63 54
94 2 9
20 25 81
33 50 49
14 34 16
40 92 52
72 42 36
5 17 34
85 98 80
71 76 55
53 23 7
63 89 72
7 23 57
96 71 47
35 76 94
27 77 38
13 75 43
85 13 20
39 85 64
36 93 85
60 96 97
52 95 43
50 4 10
50 90 28
79 25 23
96 83 42
4 72 82
22 36 69
73 0 86
27 25 21
39 32 81
78 44 38
91 13 48
50 89 8
52 77 99
3 51 36
80 54 30
87 81 43
29 2 2
22 21 40
53 34 21
53 54 94
76 92 49
2 41 74
6 86 93
79 27 79
78 75 41
88 61 4
72 14 6
27 61 43
57 12 73
33 85 40
93 45 70
70 46 88
47 26 75
5 65 22
18 64 79
22 58 80
84 39 28
68 7 95
54 4 72
89 59 63
60 61 94
33 74 95
82 39 76
48 90 5
6 44 91
9 19 37
29 59 38
13 22 18
31 82 22
39 0 58
75 95 74
98 45 91
18 80 81
39 6 65
9 91 84
53 36 54
82 73 44
54 7 4
21 61 43
74 28 78
18 71 97
3 95 89
58 47 88
15 58 25
65 97 2
24 76 77
18 31 4
37 3 64
94 96 82
4 0 91
98 6 91
97 56 9
81 43 20
49 40 93
94 10 46
38 82 29
18 4 47
78 80 55
30 13 94
34 26 62
59 84 27
80 19 30
44 71 100
32 31 76
2 13 62
73 51 58
86 36 91
62 48 57
62 95 65
5 18 25
26 97 28
20 98 56
38 72 77
81 8 11
13 77 78
62 72 37
15 69 4
51 44 40
71 4 84
87 9 27
55 74 33
92 85 2
16 21 66
43 19 3
52 31 90
71 51 29
40 5 55
13 91 47
65 8 54
91 77 82
91 29 95
56 15 21
44 15 99
21 57 80
45 97 80
54 4 66
91 81 79
41 48 86
25 71 96
1 90 82
30 45 53
55 45 61
36 0 33
90 70 74
46 0 34
62 9 31
90 17 60
88 87 95
5 8 53
68 27 13
48 28 61
3 95 53
68 25 46
54 61 9
11 40 38
91 38 95
20 38 96
11 1 25
11 7 80
82 64 74
58 96 47
13 65 55
41 99 24
57 61 5
65 8 70
41 15 31
24 18 24
25 39 84
9 29 58
7 18 21
76 70 63
10 22 62
88 26 71
58 12 29
50 37 78
49 23 53
54 89 88
6 31 12
80 43 70
44 85 36
58 1 95
20 24 88
73 51 58
27 3 87
36 86 56
54 63 37
93 28 61
12 67 32
44 46 94
6 51 16
29 68 60
6 65 65
66 75 61
17 8 29
92 75 89
39 98 98
24 80 48
66 27 22
76 84 4
2 78 36
63 3 61
71 23 94
34 73 68
85 34 32
74 80 35
48 16 25
62 58 47
44 55 53
87 71 30
48 52 28
18 98 58
66 57 92
76 90 79
84 18 98
32 15 69
16 25 66
60 73 6
15 58 21
78 50 43
6 71 18
37 10 18
13 32 23
19 77 53
90 19 18
27 88 100
42 67 48
41 88 88
93 35 35
40 5 35
87 50 16
94 22 93
3 87 38
76 56 44
28 52 86
24 92 39
71 77 96
75 58 66
58 85 27
17 5 84
74 56 89
66 60 62
0 85 42
23 70 14
88 40 61
59 58 93
81 4 73
22 62 97
84 55 59
86 35 31
4 92 85
20 69 19
95 96 75
25 56 64
39 35 68
22 93 7
10 73 12
88 72 14
59 61 83
46 10 60
16 71 82
38 99 87
74 70 11
3 12 1
30 37 47
87 7 35
4 65 81
85 31 70
40 42 76
67 3 54
0 42 86
27 58 55
1 34 48
63 18 68
34 38 25
47 49 84
25 39 1
63 16 31
57 45 55
58 49 30
56 93 82
45 85 27
30 32 30
16 39 93
20 52 57
90 64 4
29 61 99
66 17 47
28 98 38
84 24 69
29 88 38
83 69 80
90 45 27
43 45 24
15 68 40
96 23 98
34 78 74
88 24 99
0 95 82
74 2 53
60 96 57
0 81 58
59 12 4
79 88 25
37 79 66
22 82 68
73 17 84
40 21 29
36 53 2
82 30 75
36 15 69
52 96 25
77 72 17
93 98 92
94 16 48
90 87 12
58 35 71
66 29 94
51 62 26
62 92 75
43 3 48
29 3 86
7 36 66
35 69 27
72 55 13
62 14 56
28 69 55
2 56 71
56 76 13
79 67 39
30 70 79
66 56 9
9 87 87
97 44 43
10 70 9
25 38 18
53 21 88
96 98 37
80 65 37
91 86 85
19 31 14
37 82 76
13 10 37
22 0 36
9 47 100
58 60 10
37 98 89
22 31 92
94 8 83
66 93 5
51 39 81
99 88 22
81 74 26
31 30 14
34 58 15
84 32 35
39 46 85
65 87 89
75 70 39
43 76 80
50 46 14
24 38 91
49 5 26
91 11 87
67 48 32
29 17 21
98 56 59
13 99 55
6 82 86
69 99 61
9 59 1
69 2 15
58 78 77
88 11 68
33 99 98
25 27 31
83 75 100
74 67 75
52 21 1
92 72 14
28 68 56
61 35 94
33 57 64
45 38 88
83 12 39
91 46 83
24 35 1
41 16 1
4 76 45
38 98 39
44 50 3
51 6 28
99 90 14
58 21 36
55 43 41
80 58 98
65 23 76
70 36 44
33 13 49
48 42 98
44 24 86
79 35 74
35 51 60
49 0 69
24 53 91
18 99 51
69 22 87
74 63 46
70 19 59
33 52 71
3 29 43
75 59 69
97 50 95
5 4 38
71 61 72
99 1 2
6 71 78
78 21 23
73 59 88
44 97 4
61 74 65
68 41 63
42 44 5
90 40 100
21 24 85
95 45 100
76 75 17
88 6 57
44 68 87
35 34 62
64 69 83
80 68 2
64 41 89
86 57 9
77 61 64
44 98 83
78 14 80
40 88 93
2 0 41
70 20 91
76 34 79
46 24 25
14 50 48
10 82 94
57 19 82
13 98 64
42 38 44
67 6 76
7 87 97
22 21 28
27 65 69
52 71 34
48 91 72
82 88 62
40 72 20
28 97 100
32 35 5
28 63 53
11 76 38
37 35 8
80 59 61
97 69 27
23 31 33
33 7 42
28 21 96
29 58 99
15 84 12
98 63 49
77 19 18
42 74 69
26 53 98
96 83 26
39 70 63
42 65 46
88 81 73
48 3 2
13 18 26
46 52 19
92 8 59
81 37 44
82 17 40
72 73 18
29 75 57
30 60 96
15 95 53
36 97 13
51 0 60
98 23 19
63 71 18
83 53 97
62 15 42
93 3 77
12 84 46
9 58 75
46 30 98
7 56 45
35 41 36
98 97 41
31 83 53
46 72 87
55 46 90
32 99 52
13 20 88
67 33 51
83 5 60
87 55 62
36 20 39
10 52 79
98 62 64
81 27 71
52 61 8
96 83 60
8 25 82
6 31 68
46 57 48
20 57 99
60 31 85
10 11 50
8 26 49
32 24 92
46 60 83
87 81 38
88 79 88
22 24 10
56 62 35
45 43 54
86 94 31
8 83 46
10 42 16
41 38 86
71 22 45
50 71 54
66 73 61
8 48 34
2 95 33
32 96 35
34 94 75
53 65 62
86 19 68
30 76 76
21 18 66
15 76 5
3 27 14
19 38 89
87 71 24
14 6 67
38 67 69
69 7 80
36 77 10
2 81 21
50 20 9
13 0 22
98 13 19
96 65 60
11 50 33
47 51 75
91 54 20
67 6 51
80 90 28
62 53 17
34 2 45
96 45 18
80 72 95
67 90 84
73 32 4
4 63 81
31 8 87
69 90 43
93 90 28
1 83 68
80 37 55
12 79 86
78 28 29
68 59 71
24 19 26
79 10 23
32 99 45
18 49 68
69 42 50
52 62 9
44 49 97
7 44 44
49 79 89
37 2 66
84 4 34
20 16 38
31 22 46
99 51 1
56 69 100
62 38 68
59 94 38
9 96 3
98 28 35
90 39 42
50 56 45
49 59 49
57 11 24
20 3 15
63 49 54
90 61 41
98 42 83
79 90 26
20 37 51
14 29 34
88 70 96
48 91 49
4 25 76
87 62 74
78 84 48
4 45 25
50 6 52
22 31 2
35 38 62
96 16 6
84 65 38
85 9 6
3 2 83
76 28 40
10 8 91
6 25 19
73 42 35
83 86 68
18 70 74
65 35 33
29 50 82
66 20 44
32 91 63
6 43 62
52 89 2
89 14 76
7 51 77
8 10 57
10 96 60
79 63 58
69 8 54
45 65 65
84 6 50
62 81 82
72 59 10
39 0 80
92 42 43
34 30 38
7 68 22
13 92 46
81 79 25
20 89 93
6 9 5
76 55 80
50 57 72
88 47 71
32 1 99
73 83 37
40 2 33
55 50 26
3 95 94
52 5 24
34 82 72
15 88 62
77 46 15
93 2 48
85 18 35
93 27 7
63 70 75
37 1 3
96 9 62
1 24 90
5 98 4
66 82 58
65 25 92
24 11 18
58 46 83
29 37 45
85 54 92
28 55 95
88 21 17
50 7 30
48 22 65
39 87 31
91 96 85
2 20 14
15 3 17
47 9 46
92 16 49
84 53 63
8 67 98
88 74 67
58 50 65
7 45 87
6 88 58
66 12 4
61 4 73
46 48 33
90 20 21
30 52 51
3 52 85
79 43 13
79 21 46
39 64 30
17 74 69
86 68 10
17 3 19
86 33 84
86 16 99
57 85 81
88 54 41
78 44 76
79 57 18
41 3 7
8 55 64
7 44 86
4 67 69
19 66 79
21 10 80
75 77 66
34 54 7
5 16 49
3 13 46
58 0 73
30 6 27
69 68 55
20 37 94
7 44 18
18 85 14
3 73 90
65 7 57
27 16 36
79 11 3
27 20 25
22 16 83
99 27 72
36 94 87
14 35 94
2 92 11
83 30 75
22 77 94
11 83 49
84 60 23
97 27 85
81 2 19
18 53 34
65 38 12
88 16 17
47 76 94
57 33 44
6 38 58
25 18 86
30 68 37
79 43 32
29 17 73
85 84 82
40 8 100
1 4 45
36 86 72
14 85 19
64 9 87
84 30 1
42 70 71
84 61 38
96 81 62
49 52 45
51 28 93
23 82 33
16 61 32
61 53 79
39 25 67
63 70 37
97 90 82
20 43 12
19 86 45
16 90 1
66 44 22
86 88 73
81 71 47
16 45 22
16 96 40
17 93 71
54 70 35
47 33 15
8 18 91
66 31 15
65 26 6
81 8 77
56 90 61
31 35 37
2 33 73
4 31 80
30 92 63
29 22 16
36 81 79
5 86 73
37 80 13
96 83 15
81 30 69
69 96 60
63 2 95
79 93 2
5 82 73
17 77 87
4 18 55
79 93 24
47 10 96
39 90 58
73 59 73
91 76 82
9 24 78
85 76 46
36 97 46
78 29 53
21 25 60
88 34 32
28 68 14
58 67 26
52 65 75
77 37 22
80 51 14
56 14 42
30 40 96
31 18 100
2 42 9
82 13 82
48 93 97
37 23 49
99 24 58
80 36 93
32 74 26
37 58 22
66 60 40
12 60 44
32 74 12
42 28 42
42 93 98
14 16 19
83 2 14
6 54 24
52 67 22
11 86 41
68 91 94
24 26 61
54 97 41
86 79 26
87 73 81
89 73 53
6 46 16
47 67 86
74 21 87
46 36 25
35 36 75
48 46 42
49 94 62
5 93 36
23 38 75
75 16 88
46 42 20
33 81 79
49 47 2
43 41 43
93 64 1
49 60 83
33 24 83
80 49 88
64 81 47
46 45 28
3 84 95
21 50 93
35 0 90
66 96 24
70 31 8
36 37 64
31 40 33
96 78 32
34 84 57
57 41 22
32 61 29
40 53 100
13 43 51
84 12 86
2 51 89
0 40 18
66 3 59
38 53 83
21 98 22
26 29 3
44 18 64
28 79 88
69 91 62
37 70 81
59 79 1
74 20 55
18 8 9
3 46 58
64 97 76
59 5 91
76 68 52
53 10 19
4 10 30
45 86 72
31 82 90
58 53 2
94 24 95
88 85 73
18 28 44
10 64 69
93 96 97
8 29 20
97 77 68
79 74 94
15 0 30
11 5 14
85 22 74
87 33 45
31 71 83
55 52 6
92 10 32
80 38 14
95 36 97
73 56 48
50 12 41
49 84 92
66 27 14
91 47 23
89 43 6
30 63 3
35 53 48
33 63 84
29 95 45
55 10 21
24 63 98
45 35 78
63 34 14
90 16 9
37 98 4
46 71 71
60 26 51
59 56 73
23 95 78
30 33 57
25 44 99
97 74 26
46 37 49
95 35 94
38 19 31
50 47 41
29 12 26
50 63 15
21 96 93
73 55 80
26 68 76
99 1 16
5 38 99
77 49 13
61 60 1
18 68 52
85 99 13
70 75 91
70 94 33
2 19 23
62 65 75
15 21 39
67 83 40
14 10 61
96 71 18
39 30 73
23 21 81
25 82 39
54 95 2
93 43 1
39 76 20
4 94 65
80 84 1
35 7 46
15 54 36
64 33 35
59 90 22
98 18 36
49 30 46
12 89 97
16 2 41
16 37 22
98 8 75
0 74 18
9 25 2
4 71 70
48 65 40
54 92 14
38 37 89
52 80 14
65 89 13
50 62 88
68 67 78
54 8 54
42 7 43
88 12 70
36 8 27
88 19 83
53 12 12
35 63 48
95 26 84
48 19 27
89 79 82
90 8 76
54 40 38
84 46 50
7 34 63
7 72 16
46 10 72
43 86 37
66 26 44
12 64 14
69 79 26
34 79 91
87 2 69
57 6 40
19 36 83
51 13 56
88 86 73
68 95 53
92 22 27
3 36 19
64 14 47
73 71 7
27 92 2
4 21 69
13 58 80
10 15 4
9 79 57
41 42 59
61 4 84
39 37 18
49 32 75
66 18 100
33 37 73
79 15 53
95 68 71
96 38 39
0 79 55
78 46 5
83 27 93
65 24 45
1 95 75
79 31 56
88 63 78
50 38 24
73 3 61
74 17 13
99 68 66
46 16 88
56 47 29
64 49 20
83 64 82
95 8 95
70 65 99
31 10 5
58 65 31
41 62 75
19 48 47
77 92 22
10 91 22
78 28 52
28 49 85
81 41 17
2 9 37
89 46 17
24 77 16
72 19 42
27 60 15
79 60 36
95 31 75
58 10 74
71 82 81
40 79 50
29 26 9
12 29 67
30 93 61
28 82 33
0 47 50
43 16 98
80 8 75
41 6 96
89 53 75
76 2 56
47 13 38
37 55 53
69 30 37
92 16 17
86 89 77
80 38 34
64 10 92
96 15 59
95 8 77
72 33 11
97 39 43
12 98 34
2 88 84
6 61 44
10 55 45
44 68 41
35 52 43
98 60 78
8 11 10
19 9 52
46 59 92
23 47 53
10 73 63
72 32 33
82 51 10
44 39 29
80 98 5
9 94 22
79 5 82
91 24 86
50 22 100
3 42 81
89 99 52
43 42 90
87 92 46
96 17 56
63 45 96
46 41 24
28 2 46
67 48 44
12 90 15
10 80 27
30 33 70
26 80 7
74 10 58
45 63 27
94 48 2
47 46 7
49 96 74
35 5 85
51 94 86
57 77 74
84 49 17
31 84 30
61 78 40
63 14 81
47 52 69
75 32 64
68 23 91
30 28 61
12 71 35
85 23 16
16 9 64
91 60 55
56 92 79
51 53 37
66 80 68
87 91 41
76 72 96
72 55 7
52 47 94
40 74 69
70 29 2
32 78 25
66 13 43
94 40 78
30 6 41
90 10 76
20 19 99
27 60 59
91 52 24
85 76 40
15 66 22
16 18 89
68 12 38
8 74 45
49 65 17
84 44 50
71 8 11
96 62 71
10 80 21
23 9 87
82 88 74
71 18 52
50 35 87
24 58 85
12 2 32
65 7 31
60 46 89
50 25 32
50 99 64
59 8 62
20 30 7
32 3 65
79 88 50
11 58 44
44 9 20
0 77 95
6 28 39
8 15 49
9 52 13
85 40 83
68 36 74
57 97 43
18 41 15
29 95 67
47 54 94
26 85 42
23 40 10
75 54 85
73 39 83
11 12 26
29 27 73
53 89 40
58 11 35
93 60 53
38 3 20
30 0 46
91 25 96
1 90 51
9 59 44
36 56 74
97 77 75
40 35 48
85 41 70
18 77 10
81 85 42
46 32 7
82 18 49
4 76 82
45 28 5
67 64 61
63 71 29
72 32 89
0 23 90
19 90 48
36 70 19
80 33 13
68 7 14
14 65 31
73 14 46
57 21 83
21 20 41
67 27 89
72 68 71
93 76 52
54 84 84
92 93 16
65 14 9
54 36 68
97 39 44
41 4 56
76 83 63
31 40 92
39 99 53
66 57 56
78 63 15
53 95 60
25 0 21
94 98 81
58 2 17
59 36 98
90 18 66
46 73 58
19 9 71
65 52 17
39 88 56
19 41 40
67 44 87
28 0 37
0 72 24
98 59 100
58 82 31
19 56 99
17 88 48
84 36 22
47 36 53
44 70 38
45 96 44
84 86 21
41 42 69
73 26 99
66 36 1
66 74 67
67 87 68
21 56 94
50 20 56
57 42 65
52 78 58
17 73 83
9 96 17
26 14 67
39 6 22
35 94 48
4 14 93
68 81 33
95 7 21
57 86 97
95 90 50
72 93 38
60 64 65
8 91 67
93 92 35
5 60 91
53 85 73
35 69 19
9 22 4
82 14 5
49 85 19
32 7 18
47 61 76
36 26 37
26 85 34
42 23 41
72 67 18
90 52 52
12 73 98
5 13 91
55 78 18
44 48 93
88 96 42
13 3 15
66 75 9
76 68 18
61 32 25
8 93 13
18 67 99
69 35 36
20 95 44
19 52 5
71 64 1
34 12 100
4 0 51
11 53 94
48 21 3
82 76 40
53 98 87
74 36 18
26 18 41
78 24 43
11 95 25
46 34 27
75 26 12
52 70 80
1 10 58
81 72 66
36 55 18
57 69 58
80 98 24
16 58 7
12 96 27
3 8 93
82 96 76
92 42 88
4 55 62
75 77 6
85 56 25
23 38 20
99 79 24
64 76 40
65 0 16
5 32 14
74 61 86
40 92 63
53 25 2
31 97 31
66 2 80
98 8 94
88 14 25
49 89 68
2 85 87
63 39 56
51 28 95
4 70 36
1 7 11
82 90 88
40 45 78
12 99 9
33 24 43
18 95 35
45 7 11
0 68 19
58 29 99
98 76 8
13 88 8
67 28 43
26 36 63
55 69 23
1 22 18
43 52 14
5 44 34
95 47 47
64 0 29
77 56 46
32 77 68
55 38 56
47 12 6
44 88 10
7 69 90
11 10 61
83 69 70
27 56 89
57 2 38
82 79 24
83 90 92
18 28 93
85 95 91
49 55 29
81 29 63
60 91 26
3 74 79
77 68 74
46 8 48
43 54 38
84 9 33
51 49 84
88 33 43
75 85 73
36 41 34
48 84 64
70 44 58
45 26 7
3 34 46
32 99 51
51 18 13
43 25 95
48 8 67
70 57 77
63 56 37
89 48 64
40 25 72
82 37 10
54 83 52
89 24 79
69 24 27
80 90 67
55 15 87
31 26 92
23 38 34
0 57 85
19 99 62
28 95 40
33 5 12
90 92 44
49 81 85
58 73 61
58 56 20
46 15 54
5 37 82
2 85 40
37 91 34
34 58 55
20 73 72
70 44 29
79 60 79
52 18 19
34 45 6
42 1 24
59 74 15
12 79 7
24 80 6
89 94 22
44 9 41
19 74 80
42 72 25
36 24 78
42 79 29
73 67 65
5 98 79
40 21 56
7 11 7
33 41 68
30 67 91
71 68 26
38 92 5
79 46 24
10 23 89
86 0 58
11 97 75
0 4 99
91 27 1
24 30 19
18 12 23
58 61 3
4 51 4
74 54 6
26 89 19
83 16 31
41 13 67
83 30 45
97 45 67
60 16 60
37 9 95
96 33 24
85 23 65
25 85 2
56 90 76
70 74 60
70 80 28
24 91 22
95 29 74
19 16 14
83 59 64
59 75 1
59 2 90
30 31 68
16 11 56
41 10 46
43 81 23
79 42 92
43 86 74
41 0 21
85 47 83
72 4 82
11 67 37
90 37 76
58 54 98
66 46 29
56 71 1
55 11 70
77 84 83
51 10 55
87 54 42
69 76 43
56 69 94
44 26 63
41 17 91
50 57 96
0 61 28
51 8 2
57 8 55
81 24 49
51 48 13
9 55 17
46 90 17
59 33 60
72 87 49
15 52 63
73 66 100
38 34 81
94 80 37
57 61 63
76 86 85
43 35 22
80 55 61
57 65 94
73 16 79
45 66 64
35 82 81
4 52 26
18 35 91
68 92 84
27 7 15
63 59 46
65 9 19
75 31 44
53 25 64
47 29 91
13 62 40
91 40 49
34 3 100
94 8 75
26 12 64
68 90 59
29 38 25
74 82 37
78 21 67
82 69 13
12 53 48
53 29 93
41 75 43
32 65 35
68 26 50
21 6 54
20 91 7
41 98 53
94 98 85
69 43 66
10 2 76
65 57 44
22 77 86
36 52 80
4 62 55
53 45 65
86 11 27
67 6 19
59 50 58
92 49 84
16 95 7
12 43 87
0 94 21
82 69 16
83 55 48
11 49 96
73 28 76
36 55 43
45 77 67
97 9 80
32 28 63
90 99 21
23 24 77
83 86 44
44 47 6
91 99 66
36 66 66
54 76 76
98 20 45
6 78 69
90 13 75
61 4 74
94 6 71
89 76 13
41 1 19
57 78 56
48 37 98
30 65 24
84 87 85
86 60 58
14 95 61
42 11 95
45 72 20
47 14 91
32 22 41
3 26 26
58 41 19
71 8 28
80 95 46
98 39 51
7 38 24
32 26 58
84 30 19
85 97 7
76 27 9
22 15 38
45 54 85
87 46 21
7 2 43
97 41 27
9 86 29
38 89 39
82 59 92
47 46 87
25 57 32
91 65 87
95 63 71
41 82 91
46 78 58
62 69 31
29 20 98
48 84 17
27 90 21
58 60 50
70 27 1
85 4 10
52 36 30
91 57 71
46 36 99
7 47 72
85 78 84
72 10 63
64 3 4
63 16 13
61 88 27
67 68 54
84 38 91
93 88 15
98 37 100
7 53 24
26 25 80
82 65 45
6 18 96
14 23 63
59 97 95
59 96 53
25 6 9
99 10 99
40 75 47
87 80 88
13 97 67
54 11 55
80 86 19
69 47 20
3 17 33
45 79 69
74 22 43
18 67 1
95 15 28
75 22 37
51 56 61
96 23 52
30 74 58
31 72 84
27 84 95
25 88 17
60 57 85
43 71 12
87 97 77
81 71 39
85 80 59
23 80 77
5 20 80
9 4 39
42 54 53
46 88 39
7 11 30
66 40 82
13 30 19
59 43 93
43 40 50
27 25 19
11 89 2
64 47 70
5 43 4
97 87 25
34 51 94
12 6 87
52 76 49
56 81 81
23 91 24
24 58 94
58 19 60
56 46 45
45 53 96
62 71 74
89 11 93
94 49 22
51 61 52
70 75 80
32 14 100
18 67 20
81 2 8
9 74 26
96 24 43
48 99 36
97 48 35
63 45 75
45 85 25
67 66 46
3 88 79
0 29 19
40 9 94
61 66 77
55 63 25
27 85 25
5 67 56
5 76 72
10 66 44
92 2 7
15 49 92
7 73 15
16 50 10
5 11 45
21 72 90
70 49 67
11 55 66
20 12 58
33 64 35
60 40 63
51 59 5
80 56 44
63 12 37
46 75 53
83 89 45
33 98 24
31 45 49
66 7 45
72 39 5
10 58 3
95 96 45
20 44 25
65 98 98
6 37 56
33 57 5
6 73 57
1 82 52
23 46 87
66 83 41
49 92 70
94 60 34
84 48 46
63 75 4
17 26 49
82 97 23
57 90 64
38 92 12
81 44 70
63 6 61
67 25 36
44 86 84
0 75 53
87 4 66
45 72 20
41 62 86
40 86 92
4 60 61
21 81 27
89 12 87
12 5 93
71 99 63
83 51 84
52 11 54
37 52 83
21 18 2
8 47 54
64 92 52
22 89 17
96 72 72
6 27 29
53 44 96
35 40 26
25 5 50
77 78 1
71 92 35
49 82 99
6 26 60
0 67 86
76 39 53
45 24 2
69 3 37
70 73 9
41 12 8
98 47 4
19 44 32
4 7 85
0 49 98
72 24 88
87 9 46
76 18 62
88 56 90
12 82 56
86 13 23
83 99 95
76 97 48
50 28 76
76 47 48
17 76 7
18 44 49
11 88 16
81 1 35
75 39 63
3 98 30
32 15 81
42 26 30
25 50 31
88 83 21
35 39 33
68 94 15
97 22 46
65 39 27
61 99 14
39 51 49
51 2 68
83 46 49
4 71 15
92 99 15
53 24 99
16 96 61
73 27 66
65 17 97
72 11 86
18 43 6
10 75 32
82 26 11
28 65 27
40 25 83
66 28 73
8 82 12
1 88 59
82 95 85
54 93 76
10 88 65
90 40 17
93 53 17
86 89 85
68 51 75
96 59 95
27 66 65
30 10 15
21 10 75
13 73 93
16 7 27
35 64 49
21 71 39
82 44 36
16 88 79
19 12 55
28 32 99
86 56 31
94 11 67
29 4 26
70 23 34
21 16 46
11 50 29
53 46 42
10 21 71
85 27 76
25 36 52
44 17 48
35 2 64
53 87 39
67 0 81
20 72 33
58 15 82
32 37 98
13 66 88
71 60 4
91 49 72
81 22 87
90 31 71
51 38 100
44 22 57
46 22 10
45 32 76
89 65 31
99 35 73
46 42 7
49 3 55
87 68 39
20 37 51
92 81 16
5 98 47
45 15 64
34 72 82
10 44 52
79 36 88
15 93 97
67 33 51
46 63 24
22 90 99
86 59 21
47 56 86
41 71 55
31 11 63
12 82 70
98 88 81
2 29 38
41 69 60
41 2 4
59 35 45
45 58 17
73 61 19
8 50 37
42 0 27
7 17 78
65 2 70
12 7 90
17 29 53
97 62 99
61 42 59
22 4 11
24 91 41
96 93 90
32 1 88
72 45 68
70 27 92
1 54 70
7 68 8
86 85 97
73 92 9
92 59 63
70 42 43
13 18 88
8 16 36
26 28 37
59 30 63
7 78 70
94 3 95
92 9 2
35 86 81
59 80 39
89 28 29
89 90 89
72 52 62
89 38 23
94 52 64
42 23 49
54 21 30
60 59 20
89 48 17
73 10 89
67 38 72
5 74 31
22 41 46
65 54 66
73 13 83
18 55 41
54 2 32
96 63 86
58 36 6
48 91 49
28 29 50
38 53 90
35 69 27
12 75 80
1 43 34
90 43 65
84 59 41
66 37 32
35 90 16
15 91 60
24 94 77
98 17 28
89 64 38
35 76 65
9 0 42
41 18 46
28 93 8
23 31 9
62 18 57
34 97 38
85 31 22
79 75 31
59 45 1
47 31 57
67 61 60
41 19 10
88 30 56
72 0 98
49 17 21
67 37 11
44 1 10
85 50 100
55 88 97
19 15 75
27 82 48
1 93 55
17 85 23
83 69 96
42 60 34
15 58 64
57 96 31
85 43 22
80 79 37
5 24 58
29 49 62
85 46 63
59 37 10
90 21 84
66 3 14
30 15 61
93 14 69
82 32 65
56 91 16
10 5 57
3 78 79
32 76 63
82 85 14
48 3 21
32 86 77
18 29 34
8 13 23
47 77 9
37 87 49
19 58 50
72 38 78
35 67 13
64 0 31
28 33 65
24 85 27
85 13 57
31 9 3
46 69 89
85 40 3
29 23 88
64 40 66
20 23 81
19 95 77
40 14 79
39 0 43
17 14 63
44 54 23
70 37 8
51 24 55
50 74 98
88 59 24
5 58 14
57 71 44
27 28 43
74 21 91
57 32 1
83 31 84
10 24 14
1 7 61
29 37 31
44 71 13
57 4 64
9 17 12
58 81 5
2 26 54
80 38 79
6 49 51
66 43 13
84 45 12
67 79 22
66 61 35
68 6 92
90 25 11
44 29 34
87 95 72
96 76 76
19 39 37
9 11 98
72 2 30
79 58 20
40 81 89
78 75 48
2 89 71
52 35 40
84 79 13
60 50 85
55 87 1
29 87 56
1 38 50
93 89 27
83 10 97
53 21 82
39 32 45
57 63 50
90 16 59
44 61 16
12 29 71
98 35 32
30 84 77
50 15 47
15 35 73
77 91 55
71 2 63
52 69 82
6 74 22
29 20 90
49 87 69
97 16 7
19 6 98
20 97 63
62 20 92
61 75 57
72 1 44
1 68 80
7 17 87
36 34 62
63 33 69
73 32 23
14 86 17
13 28 4
72 48 91
39 36 5
91 54 60
69 68 23
25 83 74
58 77 8
65 8 78
84 22 22
56 34 17
30 90 42
64 32 13
25 39 64
80 25 34
44 22 70
56 90 14
99 64 5
51 71 69
74 55 80
8 74 74
71 50 23
33 24 69
71 14 65
36 32 7
63 64 38
46 73 74
7 80 1
18 99 78
40 85 96
98 37 66
49 70 71
60 98 14
73 1 87
73 63 16
79 2 99
44 79 90
44 48 88
86 32 15
74 97 6
4 88 84
89 9 5
95 61 79
78 85 78
35 34 82
49 94 77
75 17 53
87 4 50
49 63 68
80 66 68
28 96 61
3 88 37
24 35 87
11 3 69
63 22 72
40 41 54
23 92 82
56 20 45
43 87 98
43 39 62
75 72 52
26 54 22
29 15 92
42 55 92
88 76 81
56 25 53
45 70 62
62 25 33
44 14 36
52 48 7
91 27 13
56 60 63
56 64 50
53 77 78
6 4 13
84 42 34
6 9 92
95 20 67
70 17 45
40 30 59
8 12 73
5 26 77
9 49 30
86 68 16
16 38 87
33 61 90
48 63 39
36 76 58
24 64 70
39 20 61
17 78 52
26 92 81
32 71 44
23 66 82
19 87 2
26 73 6
63 3 44
29 48 17
93 84 42
40 21 80
71 34 49
47 72 99
15 42 65
65 51 53
69 27 82
59 67 80
93 29 53
46 34 36
13 18 1
60 56 12
46 24 43
91 95 52
66 77 65
54 7 1
91 64 97
82 15 31
56 5 73
97 93 64
82 10 98
2 92 96
87 61 7
92 78 11
16 84 85
91 36 97
25 40 99
30 49 21
61 45 52
12 29 88
28 62 38
87 59 92
49 24 54
9 50 59
0 25 56
87 17 10
97 17 48
81 51 47
16 60 7
5 10 63
60 73 35
58 44 85
49 7 16
98 25 40
55 80 58
51 8 49
9 21 32
71 99 53
87 78 27
44 71 55
5 66 12
7 14 16
55 92 50
65 70 90
43 6 38
25 56 15
91 12 38
35 56 58
48 28 47
42 25 40
20 57 38
88 94 18
38 72 68
2 27 28
30 74 17
42 56 35
45 0 36
25 55 57
60 56 13
81 67 57
32 94 4
9 1 73
21 67 5
74 35 36
2 59 63
91 90 85
5 99 63
71 81 2
5 71 42
44 51 11
63 22 84
68 90 84
78 90 69
22 6 93
23 19 96
43 63 3
18 35 72
20 36 6
25 79 38
13 77 90
6 52 55
98 66 50
52 91 61
14 70 69
86 78 85
29 17 98
17 30 22
56 82 93
93 55 12
83 9 74
16 42 9
64 0 39
69 66 23
68 18 77
12 63 67
41 29 31
77 70 65
2 13 95
55 35 26
77 26 95
11 80 89
16 38 41
61 69 12
34 98 28
68 59 95
70 76 41
42 93 7
39 83 73
60 21 30
35 83 20
44 74 38
72 27 95
76 41 29
79 42 3
70 68 60
69 48 18
86 52 92
48 37 75
11 44 29
74 72 27
44 45 76
45 5 25
20 29 98
63 50 62
37 42 79
3 84 78
48 14 73
13 53 90
24 56 9
67 4 57
60 75 24
3 6 38
65 39 82
33 26 40
41 92 48
76 26 56
49 54 17
23 72 56
36 79 54
6 62 92
24 98 40
37 25 39
53 0 31
9 37 62
82 95 98
28 1 43
44 71 94
35 87 85
41 53 19
34 48 42
80 90 10
85 45 87
3 54 83
29 64 30
26 61 68
25 23 84
38 19 60
97 26 25
3 42 97
7 39 5
96 38 65
9 42 18
40 45 62
70 81 60
60 0 9
90 13 23
67 72 21
66 29 70
7 39 57
83 67 78
85 76 18
29 75 44
60 38 15
57 26 39
36 40 75
87 71 87
30 85 60
19 51 69
61 5 20
48 30 79
53 33 58
29 79 27
37 54 66
6 27 3
82 1 15
94 37 10
30 49 40
48 35 83
27 11 69
69 87 27
56 93 91
95 73 80
95 61 12
86 41 41
16 86 9
27 70 4
73 83 12
43 38 32
85 68 58
74 5 26
19 12 32
81 53 23
43 86 92
69 63 72
90 34 78
67 40 8
33 55 90
80 56 40
89 51 41
38 49 99
0 97 13
48 74 42
47 98 29
37 81 77
29 86 67
53 6 47
22 7 79
80 26 38
38 66 19
90 81 60
78 55 1
68 92 2
30 93 81
24 28 46
32 93 61
30 25 40
63 19 39
18 89 69
8 65 10
48 83 54
83 95 34
27 51 57
73 79 87
78 44 25
51 18 29
40 44 16
92 40 13
18 40 49
7 98 59
25 69 14
87 41 68
78 38 46
99 19 3
82 75 100
94 97 90
83 57 30
18 33 12
47 65 67
89 73 16
11 41 70
34 53 59
0 75 66
12 87 42
57 91 79
71 60 15
8 10 55
47 41 6
22 9 63
13 63 14
58 85 65
84 43 6
15 54 80
36 17 86
60 32 68
9 93 11
12 58 98
58 36 58
30 72 54
10 45 1
32 87 20
53 90 87
4 58 4
9 80 62
40 75 19
42 81 19
71 12 7
28 73 76
51 43 26
6 88 100
74 95 91
62 14 99
52 14 57
39 6 80
88 96 57
63 49 48
8 81 18
25 37 39
54 85 53
71 84 48
9 31 43
28 0 25
19 43 87
7 23 36
50 21 17
5 28 86
91 49 58
19 95 77
78 34 48
11 55 60
1 85 38
72 15 21
60 44 100
22 51 85
4 42 30
14 7 41
40 61 41
23 50 95
21 10 45
42 49 9
60 54 24
17 47 29
82 41 56
83 17 25
95 26 57
44 29 79
42 64 22
39 90 94
60 97 65
47 48 89
9 77 64
81 71 67
60 80 4
9 85 61
74 16 48
78 55 50
9 22 96
22 27 95
31 19 56
89 39 63
49 89 69
95 21 35
32 18 92
4 62 96
50 31 93
64 71 31
5 33 73
81 12 58
61 52 57
21 63 82
6 4 65
49 21 16
92 41 31
98 33 93
10 14 76
33 37 62
58 83 14
29 64 100
84 66 69
43 61 41
81 26 35
65 45 17
27 63 30
8 61 78
42 56 22
25 26 66
73 95 30
77 5 73
91 13 93
45 71 90
2 35 96
51 26 9
19 18 18
25 0 94
57 64 46
56 81 6
88 28 91
89 75 5
15 46 20
59 54 35
19 36 83
97 70 33
74 26 44
52 28 54
60 15 16
22 27 100
47 22 14
10 83 10
43 20 88
99 80 37
56 87 38
90 28 32
86 67 16
43 95 4
0 25 5
2 82 95
99 98 37
70 5 25
75 42 77
83 87 68
32 18 89
80 60 43
20 64 25
71 50 39
10 52 82
26 21 84
48 89 71
24 22 71
62 61 56
95 70 7
90 27 76
22 41 42
33 18 92
67 99 73
92 10 88
13 72 86
96 17 83
10 14 88
51 92 72
67 20 20
96 87 14
50 94 59
20 75 69
70 50 19
14 86 66
28 76 25
15 59 13
32 23 3
89 64 31
89 57 97
41 3 21
31 90 63
93 61 38
10 64 74
86 91 98
79 8 88
95 42 29
98 14 69
12 32 81
2 43 47
7 91 52
91 68 27
99 2 36
52 55 22
55 28 99
84 13 22
14 20 82
38 18 52
73 37 90
56 63 72
63 46 99
69 34 83
13 59 76
2 28 10
43 20 25
31 14 64
41 35 24
22 46 76
37 51 3
12 69 41
78 53 17
72 96 78
30 4 56
64 14 55
49 34 6
84 54 43
34 50 23
18 2 95
6 84 82
88 83 89
9 85 74
61 76 71
0 79 59
10 54 96
17 2 54
51 12 42
78 88 67
79 83 37
0 31 6
90 31 41
43 14 6
62 80 72
26 30 20
11 86 97
58 37 87
50 44 87
33 70 30
62 34 6
40 75 21
86 23 22
21 79 94
8 9 100
91 98 99
28 26 41
37 39 47
75 62 8
37 96 52
5 44 32
71 58 64
75 42 81
24 13 82
1 57 36
94 1 1
24 93 21
15 86 19
33 17 100
78 61 28
96 61 44
22 99 96
0 6 10
36 76 6
54 87 74
18 54 63
60 59 65
63 34 3
16 6 64
39 74 59
35 37 11
48 35 1
52 40 88
42 98 64
58 42 17
58 46 85
92 20 99
4 10 96
22 67 61
77 43 37
96 63 93
29 82 28
81 33 66
18 94 51
21 16 1
8 95 73
16 4 43
77 5 8
3 7 6
59 32 2
99 16 82
91 48 6
15 11 62
66 18 37
97 51 16
11 44 27
27 20 21
29 32 6
11 72 67
54 6 70
32 95 70
35 97 16
80 92 15
31 98 52
56 60 26
91 55 97
22 65 98
45 96 38
75 13 95
35 4 82
41 58 19
31 64 14
39 12 68
51 68 59
92 45 70
1 68 91
92 10 75
80 97 32
91 18 48
31 2 23
45 19 21
28 68 63
56 76 13
18 21 86
77 12 9
59 51 27
1 92 40
3 7 60
63 99 25
90 34 66
24 39 94
40 13 23
73 58 84
81 48 53
98 33 40
11 97 94
62 35 44
25 60 64
69 48 72
0 34 72
92 7 81
62 92 72
80 78 47
91 65 99
8 70 27
70 42 65
61 18 39
21 33 73
18 2 69
74 9 8
58 63 53
25 97 85
22 68 71
54 2 2
14 83 6
87 34 79
37 20 18
25 27 27
23 30 27
28 39 67
81 27 36
62 59 64
44 83 28
59 61 99
78 32 30
26 93 44
41 39 33
9 32 28
61 73 34
22 19 81
23 58 28
85 69 54
32 24 62
61 15 86
51 39 47
36 59 17
38 3 92
21 16 49
68 85 9
47 4 42
82 28 61
44 98 65
16 80 37
6 40 10
90 10 13
25 69 17
52 38 43
38 76 54
52 41 88
32 4 28
71 67 39
91 62 11
56 84 6
51 30 72
41 87 37
89 18 41
19 74 36
43 30 9
33 3 66
0 70 52
29 58 67
63 96 49
97 66 26
54 63 70
75 25 96
80 77 7
87 15 86
56 30 4
79 90 78
87 91 5
56 25 97
74 66 87
75 97 41
59 19 14
30 51 67
70 7 23
25 97 91
23 79 13
39 86 97
92 25 29
81 95 80
80 51 35
73 92 9
92 64 86
31 33 79
64 31 62
43 69 68
56 44 81
23 20 9
1 51 12
56 48 86
12 27 76
97 32 100
14 5 86
81 75 73
17 85 97
81 94 56
32 95 2
61 1 7
66 5 42
25 23 20
22 91 84
4 40 19
11 42 12
6 85 82
43 83 47
0 25 71
66 32 56
53 91 50
63 67 83
13 52 91
89 83 60
81 22 88
94 50 86
60 23 22
71 23 9
91 23 6
90 37 35
20 64 94
97 76 63
52 66 47
35 63 14
15 41 44
46 74 37
43 69 88
54 84 11
7 58 94
55 25 68
38 3 45
60 4 61
48 98 32
73 47 11
86 35 53
1 36 15
54 60 37
79 84 65
54 22 38
96 51 4
63 33 39
34 94 46
4 22 84
21 99 29
83 54 15
45 3 99
78 96 54
74 58 82
9 69 96
94 14 37
78 41 9
98 76 65
2 4 94
97 0 10
64 68 66
72 26 76
63 99 51
54 40 81
74 89 81
34 49 97
9 41 98
76 60 25
75 92 66
1 66 12
59 89 53
57 49 54
77 21 42
19 18 27
52 10 70
10 75 14
77 84 78
12 32 11
45 84 78
27 90 62
23 88 3
43 96 3
13 10 94
28 77 25
35 78 85
40 91 90
8 12 22
19 2 25
54 63 98
26 9 27
58 63 79
89 63 41
71 97 55
11 39 52
76 47 61
64 27 84
81 37 65
47 43 85
93 72 43
33 90 24
95 80 68
17 93 33
92 85 49
23 14 11
15 34 25
60 10 38
53 46 68
40 52 47
30 40 93
82 80 94
11 96 73
97 86 86
1 14 51
82 37 63
53 47 41
60 52 26
74 18 98
20 38 55
14 78 35
94 92 12
80 49 76
22 76 73
2 57 70
37 28 35
74 35 59
58 37 92
36 74 27
32 0 45
83 91 65
47 25 42
77 72 60
85 32 88
30 57 63
2 48 22
76 97 20
64 28 39
34 49 68
75 20 15
20 91 2
75 87 19
9 49 92
89 56 90
95 14 97
53 35 37
70 86 92
67 36 10
20 84 9
4 47 42
55 40 97
20 9 11
83 29 97
31 45 69
33 55 84
1 99 64
98 45 77
24 77 90
45 28 5
87 21 67
94 46 24
64 21 23
36 12 39
52 46 97
25 50 5
38 10 49
99 48 82
82 11 50
70 14 41
31 45 19
56 40 93
27 90 9
3 41 73
25 56 44
86 22 82
27 64 59
19 39 99
85 33 80
71 20 47
75 67 91
44 22 14
11 66 18
82 69 90
49 52 40
87 60 41
30 20 28
23 28 7
37 7 16
65 56 96
74 37 97
1 75 46
74 72 54
64 84 15
10 17 20
38 70 88
42 27 52
47 85 100
76 4 11
11 68 23
36 69 40
23 58 23
32 71 28
45 99 99
47 74 21
68 95 1
82 28 100
24 13 15
61 70 38
48 49 70
15 8 73
31 95 45
87 59 21
43 28 69
33 64 97
87 6 22
56 32 15
95 86 15
24 8 25
21 85 71
56 30 21
42 75 3
53 81 21
55 0 90
78 36 84
7 10 53
71 86 79
23 68 23
62 61 42
74 6 49
14 66 87
69 8 10
46 94 83
73 77 4
99 80 49
47 81 46
89 98 11
44 27 63
66 79 62
26 99 73
70 83 77
84 87 11
10 77 45
51 42 1
87 98 6
97 39 48
98 76 46
28 44 47
28 55 93
77 58 46
26 89 49
42 69 25
91 94 91
25 66 62
29 6 69
49 58 100
18 10 76
43 98 68
7 86 92
79 72 45
77 44 23
26 54 42
56 79 79
16 12 47
68 32 67
87 1 20
19 64 43
22 76 23
32 38 75
9 96 82
52 8 83
50 8 16
89 28 77
71 16 10
53 84 34
16 67 24
67 68 20
1 43 41
96 13 60
29 10 35
46 35 39
50 21 89
51 63 4
94 50 43
21 16 37
70 45 50
94 15 21
77 2 86
12 92 98
81 83 2
89 46 79
92 84 21
90 16 21
43 84 94
90 23 82
81 97 30
57 54 21
73 90 30
96 46 10
86 29 13
44 97 30
89 71 100
34 16 2
29 33 83
39 91 20
18 56 2
81 85 58
45 8 16
39 52 71
89 39 47
57 36 87
53 33 43
54 34 3
37 34 41
20 81 42
77 71 81
3 83 16
9 32 41
40 52 34
3 83 27
26 16 98
0 26 7
62 14 67
47 42 40
81 56 77
4 78 53
56 71 5
16 99 27
42 1 55
92 50 79
48 28 10
20 64 45
78 91 60
69 44 20
23 62 75
14 94 4
40 70 72
85 88 100
45 51 17
6 87 40
48 31 56
44 13 30
51 96 92
1 44 23
8 99 30
75 53 62
73 33 59
84 63 57
55 88 31
17 82 93
71 94 87
84 58 90
61 37 36
28 1 80
33 14 66
65 32 81
82 49 98
35 14 15
86 74 31
92 77 29
11 79 98
7 35 54
20 8 54
86 81 14
73 18 56
5 23 47
75 83 42
79 90 5
20 36 71
74 87 91
74 76 97
15 23 45
17 61 55
85 43 14
44 82 18
9 56 91
59 18 28
86 22 47
36 89 26
89 24 6
83 47 15
0 32 1
35 32 4
92 98 100
68 91 79
70 98 29
51 50 17
1 64 36
98 99 17
74 9 52
4 9 36
50 64 90
4 30 39
39 64 36
83 75 92
82 65 92
81 88 46
25 36 23
62 34 44
37 93 83
83 41 22
80 85 5
68 10 64
80 75 26
26 69 7
25 42 52
11 80 89
60 88 43
72 99 54
29 38 33
32 30 24
78 13 93
74 28 63
84 50 53
28 67 69
47 84 30
9 26 89
2 21 30
67 50 63
78 64 14
72 81 77
82 51 33
94 99 100
26 47 44
85 49 44
23 82 9
46 14 14
82 70 16
30 14 35
53 54 90
68 75 12
39 69 71
96 57 78
44 18 8
6 27 83
74 5 64
80 0 48
80 29 18
83 85 6
59 50 79
39 18 54
86 36 32
67 13 73
50 30 16
17 70 72
63 80 25
74 38 95
24 80 58
38 94 77
71 60 6
74 66 27
86 7 87
4 84 20
83 71 60
48 97 83
47 18 32
57 27 18
60 4 80
16 63 13
84 1 13
33 79 3
41 70 51
33 47 90
58 3 63
64 84 5
56 75 12
32 81 18
40 12 30
82 58 87
11 58 26
94 23 51
58 34 99
36 56 22
89 37 83
65 0 1
37 30 55
95 93 1
67 45 38
89 73 17
64 81 93
76 75 47
53 33 54
39 66 48
13 93 69
90 39 98
25 22 15
10 58 82
2 91 79
37 6 58
77 26 39
54 71 16
40 7 48
29 72 17
96 64 38
69 37 59
22 14 96
59 51 13
4 39 66
3 1 57
53 43 72
80 62 56
64 35 91
71 26 30
48 29 31
10 87 12
51 71 15
88 36 80
95 39 5
12 71 7
89 15 90
89 77 11
31 83 59
67 98 67
60 79 45
51 81 23
93 1 50
91 51 52
20 9 41
57 46 52
31 91 87
73 30 6
42 40 19
95 30 97
28 14 20
58 33 94
56 0 27
41 73 90
82 91 26
33 36 93
42 50 94
11 7 16
51 84 91
50 89 34
56 25 81
93 18 43
50 11 74
27 29 69
99 20 20
45 41 37
69 12 82
80 22 54
13 0 39
6 21 13
12 51 12
71 98 70
21 14 60
25 49 44
92 85 90
2 52 29
28 41 58
83 54 74
33 73 49
85 21 68
60 54 35
56 20 86
25 92 26
92 5 73
60 85 50
79 20 11
75 33 73
41 77 84
61 53 43
27 35 22
5 10 6
1 87 6
90 4 84
50 60 48
79 31 66
85 17 14
97 72 57
50 35 21
89 73 83
56 78 73
55 29 96
4 90 92
52 73 100
95 34 38
4 55 15
18 88 83
44 52 76
55 54 6
97 13 58
61 57 63
45 42 49
28 21 90
94 21 37
8 17 4
28 83 57
76 45 55
75 92 63
0 98 46
13 33 8
13 11 75
87 10 13
69 79 81
25 41 21
23 26 21
59 31 54
95 22 54
73 24 93
3 88 47
97 42 56
89 27 70
66 82 68
29 75 28
49 47 88
27 34 95
36 65 93
80 51 97
9 65 90
52 66 96
22 59 92
48 90 52
60 69 20
7 98 15
17 97 48
32 93 73
24 97 46
28 90 41
84 44 34
49 26 11
1 50 49
65 27 84
86 0 52
92 14 80
48 78 54
89 49 87
5 43 55
5 65 25
53 54 61
38 14 59
63 18 84
35 85 6
96 27 74
97 92 28
85 97 70
55 45 71
13 56 70
81 76 50
43 70 77
47 57 17
39 91 48
32 39 35
85 79 51
1 77 32
26 81 34
90 92 62
90 76 42
51 60 37
95 87 50
88 13 84
24 25 90
8 47 20
8 11 19
94 10 5
30 38 93
88 45 72
22 78 14
42 61 71
76 5 37
97 43 70
94 0 71
10 30 94
46 37 28
95 11 24
97 85 79
16 26 91
80 4 59
90 69 7
73 19 4
92 13 45
21 59 62
68 48 35
44 75 4
87 65 27
61 81 18
61 12 24
63 3 84
59 81 73
71 75 1
46 59 5
57 55 27
89 27 80
86 57 38
91 86 89
81 70 14
0 67 89
86 91 9
37 81 63
92 39 37
14 38 49
31 99 48
43 2 11
98 70 85
10 3 3
77 23 60
63 38 28
60 39 78
2 59 27
45 18 95
39 95 26
53 38 55
67 52 2
98 99 44
86 3 34
22 20 47
22 75 7
68 65 53
82 79 76
45 57 48
70 28 13
9 46 73
83 13 14
75 18 10
69 36 27
2 96 40
93 39 84
58 22 85
88 86 73
94 47 68
95 56 92
61 10 28
91 50 52
99 32 46
48 85 32
26 49 18
10 21 26
41 66 81
61 37 11
47 58 5
15 23 55
13 74 54
26 51 18
79 44 54
53 0 85
17 18 76
64 76 95
60 36 33
76 87 48
27 21 15
17 56 15
89 7 45
54 9 46
35 0 43
4 0 13
78 91 96
10 80 53
87 39 87
91 93 34
31 10 9
59 44 82
97 33 75
31 67 19
9 91 22
15 17 12
17 45 31
10 17 4
98 76 36
82 14 85
46 99 78
3 25 40
50 52 98
6 45 18
83 61 68
67 2 95
83 26 12
18 60 57
52 42 85
28 15 56
78 89 42
3 16 50
97 34 58
44 83 4
7 60 84
72 53 59
3 88 57
8 30 76
28 66 91
45 74 82
73 61 49
87 60 23
21 64 82
35 75 98
75 78 72
43 20 80
12 16 20
91 41 87
80 33 30
73 9 19
25 90 23
9 25 66
53 86 52
77 25 23
13 49 31
81 78 60
2 64 98
56 42 95
89 99 88
87 73 35
36 84 97
83 6 55
81 77 8
0 18 48
84 13 96
54 98 8
87 6 77
10 30 68
8 21 30
31 7 100
66 40 36
74 84 81
52 5 97
73 67 38
11 86 80
9 1 62
65 39 71
83 63 56
88 50 74
32 64 87
26 22 3
70 82 83
0 78 82
89 10 63
95 71 46
58 86 90
83 66 59
95 20 71
63 88 28
51 70 12
42 24 3
2 11 60
78 47 53
48 17 36
39 20 54
64 61 5
4 87 90
1 73 6
68 36 49
52 54 75
85 70 77
66 91 4
18 92 86
48 13 43
43 2 16
42 59 68
86 83 99
11 18 94
26 59 63
84 5 44
63 17 73
1 46 96
3 76 12
53 5 40
2 97 5
39 70 91
95 35 30
39 88 75
44 87 78
64 99 11
54 2 66
34 38 30
58 28 41
38 2 30
45 11 1
96 19 47
3 78 85
70 61 46
97 31 46
19 18 85
35 51 62
61 55 59
55 4 31
43 90 53
15 94 2
99 74 12
81 34 93
67 38 100
6 0 47
51 31 38
38 3 81
5 72 40
63 17 5
27 90 15
67 22 63
34 45 6
88 6 15
71 87 34
66 97 45
76 31 95
52 68 9
36 32 87
11 25 68
58 43 39
77 13 78
30 47 7
29 72 80
58 78 23
6 43 43
58 1 62
15 7 18
50 40 98
43 2 89
86 44 100
5 97 32
6 48 79
5 45 35
20 98 83
72 59 96
70 56 86
54 48 64
46 50 82
10 93 17
11 61 84
39 42 76
21 89 32
38 2 71
45 50 46
54 42 34
65 55 7
2 82 54
12 11 49
87 74 15
88 99 8
22 36 11
52 84 13
94 59 93
23 24 89
87 63 83
11 92 29
82 15 15
40 57 62
50 45 81
44 80 87
13 41 93
83 62 38
48 71 75
98 41 57
89 51 21
26 91 49
82 17 65
77 32 98
27 47 62
16 77 14
17 31 94
2 71 88
83 68 68
11 46 66
47 34 36
62 21 87
32 61 24
44 9 84
18 56 75
59 7 87
65 3 72
47 48 50
3 54 81
2 66 75
17 7 36
72 35 38
74 71 74
98 38 61
4 22 54
69 51 89
81 22 7
83 16 59
89 54 60
32 27 41
3 6 25
4 81 52
41 7 25
73 91 1
44 46 84
10 86 89
13 47 16
1 43 70
3 32 77
33 76 23
91 23 13
21 70 6
20 47 50
21 1 81
73 30 58
25 9 64
55 29 69
98 81 99
91 72 93
93 46 99
62 80 36
6 12 90
48 40 26
11 99 68
99 36 100
84 89 83
13 61 19
44 49 64
10 46 92
98 96 47
22 50 49
21 9 60
66 88 58
35 3 69
43 93 10
97 10 31
91 44 66
19 62 74
63 85 16
0 16 38
53 41 98
80 83 70
35 64 42
8 13 99
11 17 9
42 19 89
69 37 8
16 23 83
0 36 35
89 63 82
32 26 14
31 90 18
6 18 11
15 10 4
93 35 90
14 44 17
13 35 34
40 71 3
0 34 19
69 95 39
11 81 45
85 58 85
81 96 56
61 94 89
34 99 33
72 53 53
45 73 92
99 5 16
1 41 29
83 5 93
54 40 96
86 92 26
26 24 92
57 19 61
63 9 67
51 7 89
74 55 98
22 86 9
50 11 46
61 51 57
26 74 86
47 11 24
80 91 21
40 48 69
29 75 98
20 77 95
53 48 58
94 30 3
45 7 56
67 25 44
77 74 81
33 7 48
34 10 76
15 29 71
22 33 24
77 40 23
27 18 39
59 1 71
29 39 20
18 28 28
39 34 82
59 22 30
25 57 88
15 13 88
87 75 70
62 67 37
55 36 67
71 21 20
74 47 8
62 51 11
76 39 9
58 9 28
65 37 86
55 64 52
41 24 49
59 23 74
97 89 48
20 14 92
10 79 32
70 11 90
20 60 45
51 6 25
2 72 16
11 1 58
70 94 79
22 47 42
8 86 34
6 61 16
69 23 43
20 25 15
75 93 87
31 33 86
54 58 56
59 26 46
7 11 96
97 53 16
66 21 71
50 22 58
55 62 6
46 22 72
94 1 95
60 82 35
91 9 93
2 85 99
35 42 19
64 75 46
18 26 76
72 35 53
58 20 44
87 65 81
25 48 30
2 6 69
66 61 17
64 63 47
12 3 8
39 18 46
9 16 74
19 64 38
86 94 82
89 69 1
97 90 33
79 60 94
61 64 77
65 26 31
0 72 53
25 8 3
92 2 91
71 41 76
83 84 9
89 8 83
31 24 22
7 58 68
75 65 25
27 79 50
36 43 87
61 52 37
72 19 35
50 57 55
96 36 75
30 28 77
71 84 64
39 1 13
67 60 28
40 66 24
10 58 16
2 21 14
8 45 46
90 67 48
61 40 73
0 58 67
20 41 76
27 90 26
88 79 5
92 84 98
68 35 68
33 0 4
16 67 19
97 8 61
2 95 41
74 26 57
69 78 66
74 63 5
63 89 100
30 93 42
54 27 21
44 56 13
69 14 67
86 48 83
16 23 91
18 46 30
14 60 63
69 98 80
16 57 57
61 62 74
7 23 32
77 45 96
58 8 61
58 63 91
88 78 11
95 9 96
81 95 13
35 14 39
80 52 50
25 71 34
12 43 9
77 1 16
85 11 73
19 38 25
90 2 10
35 42 41
7 43 41
42 12 1
84 49 40
96 56 4
22 37 15
77 6 84
77 92 39
40 51 32
66 28 70
51 35 40
23 30 94
26 78 100
38 49 53
38 14 17
8 52 46
93 55 6
37 43 48
10 95 82
70 35 94
45 6 50
18 85 18
94 47 64
68 82 96
69 99 83
34 63 21
84 2 91
92 85 32
74 94 16
84 52 62
12 35 100
11 84 71
64 53 72
85 82 44
74 34 25
20 64 28
94 13 91
2 74 76
21 65 8
20 64 83
28 21 37
20 7 79
99 76 87
66 14 79
8 37 1
95 54 25
57 20 9
84 92 15
94 27 96
66 47 29
28 19 78
38 29 64
53 76 65
10 78 69
21 31 2
35 0 55
99 58 32
86 98 60
80 90 6
77 56 74
5 37 62
19 6 60
53 48 7
37 22 37
56 46 17
24 41 71
67 51 43
12 57 92
23 19 99
39 15 27
36 2 78
13 82 75
95 20 42
72 74 28
35 8 87
20 0 70
67 26 15
9 35 41
44 84 62
79 47 46
2 78 18
2 85 61
90 1 59
68 19 73
53 13 70
36 56 1
22 97 92
24 27 55
1 68 37
86 13 36
55 22 47
81 80 90
1 30 52
71 88 51
98 74 86
41 89 97
61 24 53
58 71 16
5 1 9
81 52 34
4 7 33
78 61 55
7 10 66
29 25 2
54 58 8
99 45 22
31 30 36
79 77 81
36 17 26
19 94 3
32 8 71
85 24 35
19 69 20
25 76 28
44 96 70
49 10 36
26 99 82
42 26 34
5 94 50
48 68 92
40 47 46
91 3 70
65 93 66
60 14 48
90 56 76
16 51 19
73 48 90
61 89 36
56 19 88
79 35 31
27 61 47
93 2 32
24 85 93
45 99 98
17 58 25
25 74 16
36 8 68
2 25 38
55 73 95
64 32 70
84 59 9
66 34 72
33 81 17
42 50 34
26 70 35
53 15 56
86 51 60
68 79 46
50 39 67
48 0 45
45 78 83
11 20 62
9 77 13
83 63 55
63 49 96
96 65 81
26 7 24
30 20 77
86 97 53
87 15 93
26 37 68
19 71 91
34 7 27
22 60 68
41 11 81
63 10 20
37 94 15
23 47 39
69 87 46
94 12 39
41 6 24
30 48 60
37 65 83
38 19 76
22 89 24
68 96 30
19 22 17
88 49 25
80 31 57
79 10 1
24 22 53
97 24 54
77 25 35
94 93 25
1 83 37
51 23 73
23 82 50
6 24 19
84 50 27
11 25 53
98 42 43
52 25 54
56 22 94
44 9 71
2 97 17
7 75 76
7 73 35
27 44 51
87 55 9
18 24 65
34 55 78
98 77 89
83 95 77
66 25 64
78 10 56
55 38 67
46 78 47
73 11 39
91 7 90
68 78 31
65 89 57
98 30 82
74 59 67
56 89 40
44 78 25
72 68 36
33 27 13
56 46 32
10 57 9
25 54 53
35 1 36
2 38 68
10 14 36
31 46 76
38 39 13
72 89 73
79 39 80
37 69 18
51 40 89
54 6 66
59 24 91
76 45 40
1 7 93
64 93 39
87 63 62
72 19 12
58 27 57
24 25 81
88 61 65
84 1 89
60 47 89
76 97 65
47 22 23
5 18 45
81 78 7
61 0 73
55 13 50
44 72 79
90 23 60
33 93 77
18 44 60
59 8 26
42 12 58
71 73 48
85 92 1
87 82 73
76 33 2
97 48 33
42 0 52
51 24 29
34 96 47
94 59 77
45 85 16
40 16 65
17 95 34
2 60 35
79 30 28
45 57 28
17 86 67
39 92 2
51 65 40
51 26 14
87 56 6
90 57 63
14 91 55
6 41 63
14 46 20
89 65 67
24 22 76
85 95 81
99 62 15
52 13 22
22 3 15
49 75 34
86 26 49
74 13 28
21 15 4
86 97 42
49 65 71
93 90 66
24 31 47
27 7 38
94 83 38
20 25 21
64 82 89
17 60 100
50 94 3
1 58 40
30 36 62
46 39 29
47 65 26
78 58 8
78 58 21
60 1 67
39 96 74
80 26 70
3 29 3
93 24 75
30 53 28
41 85 6
86 54 72
82 62 70
3 6 85
23 96 37
76 68 27
3 71 67
72 49 98
9 81 34
60 92 69
61 79 86
36 14 64
66 9 67
77 95 42
36 90 61
8 52 100
26 59 31
44 26 88
81 45 51
38 49 70
57 47 51
71 40 5
60 10 91
81 31 33
40 16 21
99 61 76
15 64 58
34 81 71
7 70 7
16 9 8
71 75 21
23 16 68
9 56 29
59 49 81
76 95 95
99 28 48
18 30 43
23 77 52
47 60 18
18 58 98
50 75 18
62 44 34
48 30 81
19 78 75
67 30 95
20 54 77
86 34 24
60 83 49
45 10 55
42 19 35
23 77 85
17 52 23
47 88 66
93 14 75
42 84 92
49 55 42
95 97 84
68 0 14
44 62 75
59 0 25
51 38 6
48 15 56
11 87 45
97 91 68
26 82 37
80 27 9
26 78 3
68 42 62
58 26 66
46 75 47
22 50 17
7 95 39
92 99 57
54 15 3
74 97 50
71 30 51
84 7 62
94 51 34
78 83 71
72 12 74
30 72 22
34 37 34
58 39 91
81 41 88
67 75 33
15 64 61
78 80 48
55 4 13
3 62 31
96 54 28
23 19 58
53 23 2
30 7 38
15 24 8
10 26 13
97 33 48
95 75 45
45 52 78
11 79 33
94 33 86
53 85 81
10 81 71
18 97 53
93 74 77
13 82 37
83 74 45
6 26 11
68 16 90
20 65 69
41 86 9
3 83 45
26 15 67
55 39 34
6 67 93
58 12 42
98 59 19
22 92 92
11 73 11
3 20 23
95 65 67
17 86 29
96 26 84
55 2 61
16 76 9
82 39 26
12 56 43
3 71 92
94 12 4
95 22 100
70 67 65
26 51 70
70 8 31
87 27 74
22 70 34
95 7 42
83 31 43
42 55 38
14 29 74
84 89 79
72 50 84
62 99 1
51 81 74
88 27 49
26 24 56
90 5 96
27 5 83
55 26 95
57 31 7
37 98 25
45 48 45
3 15 72
0 63 32
99 47 7
0 72 10
82 93 37
81 30 25
89 98 70
91 26 1
51 77 55
27 28 74
43 34 7
2 47 5
83 63 71
56 20 75
83 18 69
47 44 38
38 90 2
82 95 35
52 83 45
2 73 27
47 67 38
33 16 13
61 90 44
54 97 56
21 52 23
63 69 46
50 45 91
29 66 64
11 75 87
92 58 31
29 50 19
7 11 63
75 14 51
46 88 46
53 77 62
85 41 93
7 52 30
97 2 31
8 92 22
48 6 54
9 75 60
56 8 51
22 61 74
98 69 77
66 47 80
86 76 40
78 91 92
68 83 45
94 11 74
25 63 37
61 3 86
70 22 36
2 7 61
74 20 46
15 33 49
80 93 7
11 4 17
58 68 57
34 99 75
53 11 51
55 29 28
97 91 4
54 67 17
79 61 29
30 95 95
24 47 3
52 97 53
26 64 53
76 13 1
58 71 61
42 0 71
23 88 2
82 34 45
40 29 55
47 36 59
1 21 58
58 98 13
54 61 69
8 86 13
50 83 10
19 69 78
10 39 64
64 37 86
67 51 59
23 83 34
15 21 90
1 50 64
29 38 54
37 32 100
83 72 9
47 76 11
36 8 100
13 27 83
70 91 45
58 75 71
59 90 66
4 48 80
39 30 83
37 92 60
90 19 16
18 99 6
69 96 69
14 60 50
80 49 33
66 96 5
28 80 17
44 7 51
51 93 55
81 63 27
61 69 55
25 57 9
83 18 97
60 1 20
16 46 39
20 27 38
66 76 98
38 31 25
16 46 58
79 84 30
75 36 92
90 72 29
24 55 70
72 28 2
88 31 43
57 82 57
48 82 91
52 44 96
80 7 98
64 50 50
99 85 91
68 53 60
62 93 37
44 86 38
18 38 72
57 74 64
22 26 9
80 63 80
10 49 60
72 92 78
57 61 78
39 20 97
34 44 32
36 97 52
88 23 49
87 99 40
63 41 20
61 13 65
5 78 47
94 56 44
99 48 11
33 22 10
37 11 53
63 92 57
49 52 34
