15 64 58
29 40 11
74 55 67
28 58 50
64 51 99
69 36 4
32 27 85
27 99 15
17 37 86
29 76 70
28 24 51
33 35 71
14 83 61
63 56 98
30 31 26
28 65 23
18 76 34
51 23 52
18 88 55
98 13 64
17 27 56
3 21 12
88 83 41
44 15 45
90 82 17
62 3 25
52 88 1
44 66 50
65 83 86
68 17 55
90 57 70
5 21 86
35 34 67
31 82 72
2 12 3
6 33 47
70 29 19
91 30 47
15 49 18
89 93 7
19 58 49
32 21 100
62 67 3
13 90 80
32 15 78
49 72 95
8 19 96
69 0 5
71 47 1
55 43 20
9 43 60
17 55 40
75 29 44
87 46 69
53 83 60
59 85 63
9 1 52
13 41 19
24 30 41
6 4 71
55 44 95
97 47 60
31 9 70
23 91 25
1 65 74
23 57 30
98 4 18
69 37 84
64 38 51
25 45 33
5 59 26
68 78 68
71 97 73
53 94 18
63 3 54
69 7 76
76 16 11
18 76 59
74 6 97
88 33 63
69 1 42
18 62 17
30 49 92
73 24 59
59 2 75
18 94 80
46 31 65
71 32 62
93 49 39
77 15 74
51 73 76
86 75 5
52 25 97
15 64 61
78 21 46
0 96 87
60 4 54
98 44 74
50 77 63
75 11 56
17 51 8
45 17 51
22 45 54
60 64 6
57 7 55
60 39 87
61 18 95
80 64 7
66 83 70
7 24 66
72 58 50
66 51 5
93 46 15
24 49 75
86 5 98
19 90 2
58 12 18
85 13 23
99 77 26
81 96 21
95 53 24
27 59 39
77 23 73
78 52 38
16 14 80
17 93 57
72 50 37
76 57 50
85 21 10
53 13 33
55 8 73
56 90 6
42 64 100
90 13 99
32 28 39
60 42 86
57 71 66
74 82 57
96 39 5
3 52 50
90 67 36
31 91 59
6 60 89
59 60 37
40 86 23
97 27 26
27 71 96
21 69 42
85 8 4
23 25 91
82 93 21
54 79 69
71 3 75
60 68 81
73 14 35
94 21 50
83 28 63
20 74 22
59 55 72
15 32 57
46 19 65
1 43 27
7 63 98
59 24 62
66 34 29
92 27 18
30 83 99
14 32 8
12 10 73
97 29 98
77 11 4
34 89 90
31 98 92
66 36 43
74 20 39
94 24 82
74 73 14
90 4 35
4 14 90
92 40 70
56 31 70
91 61 65
7 57 41
91 68 24
93 95 22
63 72 28
65 98 53
69 22 33
33 4 71
10 94 64
95 41 35
88 9 59
64 67 77
70 62 41
81 27 52
96 93 81
32 13 45
2 52 9
5 80 94
49 19 60
75 2 78
95 45 93
24 30 48
83 53 68
49 66 83
1 43 20
25 22 91
29 84 27
15 67 30
95 16 29
46 60 76
2 37 86
39 48 23
91 86 99
42 48 99
84 7 59
16 6 99
17 98 87
9 18 57
79 39 44
94 2 28
34 94 65
61 83 55
20 23 87
22 51 99
9 15 63
5 18 84
19 8 58
56 60 33
26 44 39
91 30 53
30 86 89
78 26 92
79 45 96
76 59 28
65 46 51
25 85 100
64 51 28
87 50 57
40 75 14
7 93 98
11 16 57
80 84 53
57 63 59
47 5 64
29 72 71
18 63 17
8 94 86
45 90 16
73 78 79
92 4 41
92 68 59
55 33 13
11 26 46
83 97 11
14 79 75
22 0 51
73 1 100
20 53 14
32 71 6
19 77 48
54 99 96
57 23 74
20 26 37
28 94 34
83 25 76
17 95 57
25 82 87
26 63 24
71 22 38
41 25 10
9 10 61
49 17 53
42 35 83
39 9 90
48 58 72
47 56 8
75 63 20
89 96 5
68 90 13
32 49 12
59 77 19
47 42 43
48 17 84
15 10 83
15 94 60
34 24 91
71 24 85
86 55 66
6 96 5
18 48 17
12 45 67
39 85 14
59 37 60
92 59 11
33 31 26
50 7 26
59 97 92
44 35 19
81 8 49
92 82 22
2 6 30
33 15 97
42 13 65
22 21 25
8 69 71
22 17 39
11 6 90
28 69 73
59 14 38
42 26 27
15 37 68
33 38 2
92 46 45
13 21 27
11 78 53
54 9 81
40 82 18
87 39 4
23 71 6
35 91 38
49 64 66
14 11 54
49 42 76
14 99 36
74 69 59
70 18 72
22 36 14
45 47 43
31 77 46
5 9 30
75 87 96
83 87 43
45 0 41
76 7 54
39 63 79
2 88 9
91 2 80
22 26 44
90 3 60
52 17 87
58 87 33
61 6 93
2 27 19
87 25 56
99 29 66
31 73 99
70 0 74
89 17 39
48 45 15
60 86 96
66 39 22
21 68 24
29 54 46
4 2 38
77 18 47
68 73 74
37 28 93
81 33 8
34 57 55
31 56 48
12 46 46
67 86 45
9 37 25
76 89 95
68 47 29
87 97 17
50 60 61
93 94 29
16 35 90
46 61 33
70 65 31
5 28 87
28 52 74
62 15 21
25 39 30
48 54 5
9 63 25
93 14 17
44 37 18
75 43 83
77 96 86
38 2 41
35 61 33
8 90 57
31 37 47
57 64 42
19 18 4
31 12 27
41 26 6
79 48 59
47 23 66
20 8 95
74 75 90
6 2 97
37 73 11
42 62 1
58 73 32
56 77 27
13 9 76
83 47 93
1 7 99
87 6 21
21 77 45
50 90 37
65 53 75
1 66 90
88 78 24
54 2 53
9 62 36
62 52 30
53 26 5
84 51 26
44 47 40
94 10 56
48 18 88
45 42 11
81 53 26
91 96 100
60 54 34
95 47 39
75 78 39
26 96 95
10 22 15
17 6 16
77 15 33
77 25 27
54 74 27
71 88 34
16 24 58
60 62 89
2 47 20
95 96 82
79 76 18
1 60 54
61 24 89
50 71 42
32 33 79
70 71 19
72 98 31
31 6 9
12 59 95
87 17 82
11 79 49
8 62 22
14 49 15
15 19 62
85 91 20
98 18 63
81 15 38
37 49 50
52 65 72
55 88 47
58 97 60
21 14 50
37 23 67
27 82 31
39 78 44
31 92 87
19 42 37
75 83 94
75 92 47
48 44 79
8 58 32
8 37 58
51 59 11
4 85 83
55 38 78
19 76 4
1 54 56
35 48 73
76 99 4
52 9 50
31 94 68
64 4 46
93 80 72
3 20 57
64 20 97
21 10 52
75 68 68
5 40 14
36 8 45
19 70 78
29 19 57
15 74 38
5 87 100
98 21 70
22 36 57
48 40 41
23 87 93
66 48 25
21 80 73
5 78 69
4 23 63
24 5 3
21 32 55
60 56 24
29 33 86
3 65 97
27 48 20
49 22 13
50 55 55
24 97 83
63 67 86
13 20 20
73 9 9
61 22 63
11 31 72
64 33 87
62 38 75
63 6 80
14 18 3
97 27 10
58 99 43
55 32 17
95 72 58
91 18 63
87 30 28
66 76 38
93 89 50
59 43 92
5 92 24
69 24 93
45 83 25
57 52 50
43 28 73
83 19 86
88 48 84
68 66 9
8 48 63
95 21 52
28 38 16
53 11 13
96 14 75
50 18 16
97 52 2
45 46 21
86 21 54
66 44 16
83 1 51
34 87 25
89 22 25
94 8 70
75 72 99
92 96 47
77 81 65
17 37 31
5 75 12
1 35 26
96 33 56
14 90 55
37 91 68
15 1 78
12 50 26
46 38 75
64 80 13
58 83 81
77 81 33
97 44 73
0 88 53
24 25 29
0 89 35
9 47 14
33 62 43
18 6 88
27 60 99
55 30 12
63 39 65
14 43 54
11 96 94
29 25 57
51 77 13
60 58 97
62 86 77
25 52 89
96 11 13
90 1 60
5 66 49
16 4 77
76 30 1
72 56 98
27 42 41
61 23 77
90 36 41
54 52 29
48 7 3
52 74 10
21 15 10
44 31 81
40 76 29
96 62 17
58 21 49
38 40 4
8 97 54
25 33 31
64 75 26
12 89 69
6 79 92
99 72 14
60 63 27
56 89 61
85 59 79
36 50 65
68 27 68
3 56 84
16 13 64
73 60 88
20 9 8
26 29 77
24 8 99
93 20 79
92 21 63
31 65 1
6 36 39
94 9 90
34 86 91
87 3 67
59 48 5
4 79 10
84 74 81
10 57 27
43 57 58
48 68 78
15 84 65
54 12 48
48 56 53
34 51 77
7 75 70
82 0 54
40 91 22
63 13 100
10 57 16
61 8 25
67 12 60
79 31 36
68 58 12
71 85 28
7 32 80
15 94 27
13 68 65
27 10 39
70 86 14
32 55 39
66 9 88
86 82 36
85 81 48
60 75 92
22 92 50
11 26 68
79 91 15
37 3 95
92 88 84
28 81 79
1 5 70
68 73 57
43 94 69
62 10 53
34 96 95
11 38 15
62 34 84
70 48 81
11 49 37
63 8 90
35 38 96
77 58 53
48 69 79
30 41 34
19 63 99
29 26 95
98 52 99
84 98 60
58 21 91
89 60 12
70 12 55
45 42 6
86 42 69
34 5 70
80 99 97
16 66 12
6 14 2
56 42 7
40 41 62
12 37 62
14 18 92
90 38 29
41 43 56
21 82 28
17 8 33
74 95 17
27 54 86
84 23 57
90 23 23
97 21 73
68 89 58
7 58 20
85 97 27
94 27 42
65 15 66
39 10 96
90 42 44
46 55 35
55 28 39
84 75 88
89 23 96
21 64 68
32 78 77
93 79 24
32 47 30
75 82 3
3 27 49
50 61 39
85 1 15
30 18 65
95 78 94
43 61 2
69 96 4
28 26 53
65 76 53
2 62 88
67 41 61
9 4 38
85 58 100
53 16 16
14 84 76
71 34 18
4 41 31
34 82 37
37 66 41
26 69 72
69 2 78
55 20 58
80 58 17
16 60 79
1 20 63
50 17 75
28 1 71
26 53 40
29 91 26
35 12 27
17 5 10
53 55 51
77 51 96
69 77 99
92 19 65
72 58 58
96 2 63
48 40 27
57 78 90
5 47 11
84 27 11
80 78 93
3 61 22
31 24 16
44 37 70
10 11 92
14 98 34
88 65 25
29 87 71
88 86 43
9 73 14
34 89 98
90 89 52
54 86 62
92 42 37
76 1 29
9 26 68
30 76 53
53 38 61
63 23 58
89 91 39
71 52 37
43 36 61
30 37 69
22 5 99
81 12 100
18 12 15
75 48 11
65 12 6
72 1 11
7 17 40
74 51 11
64 52 72
90 58 51
60 89 62
20 79 56
93 34 28
62 26 48
88 73 37
64 43 18
79 90 20
70 35 99
30 9 91
33 24 57
7 64 3
75 98 11
91 88 87
73 94 9
6 51 36
7 37 58
31 41 29
51 27 8
87 72 82
53 93 92
48 28 25
4 23 38
23 69 83
44 58 14
20 81 36
42 13 44
26 44 47
38 1 41
24 80 31
13 11 5
59 51 69
17 83 23
29 98 68
65 79 67
20 53 48
98 48 33
78 75 9
0 86 69
20 61 90
81 83 22
4 57 4
56 71 34
29 76 26
33 54 77
62 30 78
46 48 76
24 85 24
53 66 22
50 12 15
35 44 98
64 7 24
81 43 75
41 77 55
98 95 57
65 80 71
17 36 90
0 44 43
6 96 50
32 6 33
9 12 2
26 97 19
82 67 73
63 15 13
92 95 82
83 85 6
88 82 50
71 80 24
13 71 26
17 33 98
54 86 16
62 40 3
22 15 32
79 62 13
61 27 70
33 74 53
1 19 91
28 46 47
85 89 7
43 51 42
72 57 77
78 97 87
81 29 40
44 9 55
63 4 39
85 74 78
8 28 92
98 9 64
3 19 4
62 49 62
87 97 54
4 83 19
0 77 60
65 81 14
15 84 65
21 25 16
24 10 59
54 42 13
48 26 29
75 48 75
84 18 98
2 4 32
38 95 89
44 67 36
79 32 88
8 9 60
83 76 62
8 99 84
95 41 92
60 43 42
44 63 19
26 89 97
65 50 69
61 36 25
38 86 88
35 8 95
16 42 34
67 94 85
5 79 28
40 3 51
66 86 52
91 79 42
18 46 41
92 95 50
92 80 53
19 54 32
26 50 50
99 70 2
35 78 15
14 9 47
4 11 7
58 13 77
88 68 94
69 28 28
51 29 58
40 88 86
69 44 95
73 91 13
36 37 42
62 5 94
21 10 74
55 60 22
51 33 93
97 17 29
15 17 35
26 50 9
87 61 47
30 98 18
42 43 77
36 69 96
81 54 77
92 27 49
70 7 68
61 68 44
23 63 80
71 58 85
67 29 46
31 26 97
12 83 96
76 81 35
26 39 38
26 38 13
93 51 30
27 87 35
35 75 60
4 89 65
69 0 58
30 13 31
77 15 84
47 37 34
97 86 52
92 26 27
77 82 97
35 28 75
74 91 46
95 57 57
86 78 10
60 24 72
8 90 7
35 67 30
37 64 30
12 48 71
89 0 64
75 80 70
69 56 25
31 87 35
4 66 29
43 1 31
94 60 3
24 67 69
12 62 59
12 72 90
20 91 52
17 80 67
49 24 64
9 37 13
48 36 97
28 0 93
33 68 67
98 34 25
31 54 99
32 92 35
15 25 90
1 86 7
91 52 63
73 93 85
14 41 54
46 3 63
22 45 14
71 69 65
93 77 10
80 70 73
0 20 35
35 65 59
28 73 37
99 72 84
69 86 38
30 13 96
99 65 19
33 10 65
69 98 88
92 35 72
2 43 38
60 68 5
58 60 9
52 60 22
70 12 42
67 20 44
92 7 70
60 43 2
86 53 71
21 19 21
35 19 57
43 4 3
62 39 87
35 14 98
18 37 50
96 3 32
38 48 52
70 24 9
63 66 8
32 2 33
6 21 95
48 35 70
40 8 5
29 26 66
27 78 99
0 89 1
61 38 44
25 37 50
97 57 50
37 84 65
36 31 57
1 61 78
63 18 70
20 89 78
66 24 14
65 37 66
81 4 89
67 43 75
55 67 93
22 16 10
5 32 62
42 28 94
30 40 69
4 68 54
63 88 87
49 14 21
54 24 87
91 92 44
26 7 61
12 60 44
45 49 47
2 87 59
75 32 39
67 3 6
4 48 44
97 58 97
69 62 51
29 92 86
81 58 41
32 44 70
50 25 74
64 16 45
86 54 85
40 56 51
50 63 15
71 80 82
65 89 55
2 56 38
86 91 20
60 66 98
68 96 55
52 34 80
37 44 69
14 77 34
22 75 72
40 65 5
32 79 86
39 49 11
9 35 90
25 53 85
75 6 32
40 3 88
9 62 12
1 36 20
47 36 16
4 49 60
22 39 48
88 4 48
18 77 17
91 9 3
77 60 32
87 90 63
6 99 43
32 17 60
99 64 62
48 51 55
56 39 77
62 46 64
44 9 14
31 45 46
89 11 43
10 14 13
4 84 68
27 1 64
35 9 76
25 97 91
93 21 37
58 75 96
61 5 8
85 55 88
21 10 39
7 35 3
40 53 43
37 17 5
94 17 74
1 52 51
36 78 27
93 5 76
3 21 85
90 91 43
79 59 84
65 4 84
93 30 67
71 63 18
69 37 17
75 3 3
73 20 54
7 91 63
52 17 71
68 14 94
34 30 50
94 4 72
26 98 78
72 74 65
99 8 36
51 21 85
10 68 67
14 49 83
23 26 98
33 20 52
13 27 6
72 10 67
89 57 90
26 42 66
79 55 19
65 24 83
36 83 61
0 60 98
12 33 17
33 70 12
50 79 29
58 19 98
24 88 86
83 54 47
21 50 31
57 63 93
96 55 8
95 10 44
46 39 38
36 22 23
84 6 4
57 39 99
35 25 13
84 5 46
28 72 64
24 52 8
37 95 91
40 90 61
12 61 91
26 97 60
13 93 97
59 0 39
89 41 15
96 94 24
74 31 96
54 8 46
94 59 71
83 35 18
81 98 24
76 45 72
76 96 74
54 85 1
61 66 41
41 62 59
10 27 1
7 19 71
60 11 4
83 11 73
25 26 1
61 74 5
58 85 51
65 43 54
16 80 2
16 71 48
85 91 98
38 2 61
87 25 33
32 52 55
67 53 94
90 24 2
86 23 39
97 42 40
45 58 45
4 13 14
9 43 95
15 87 49
33 92 82
87 82 30
4 25 93
2 55 59
55 94 75
59 5 23
94 6 62
64 1 63
12 84 29
72 1 11
43 31 62
59 8 81
8 55 89
79 3 21
99 98 36
88 7 89
70 89 93
17 34 3
60 12 52
26 98 85
83 16 86
25 33 20
71 3 86
45 87 33
16 43 89
22 11 92
68 84 79
41 18 95
16 21 57
97 62 43
88 61 55
38 93 74
86 5 20
81 25 95
45 0 51
90 76 54
83 24 6
17 85 84
6 59 16
34 37 75
33 85 7
16 32 99
13 60 64
39 61 43
64 12 4
16 42 94
66 69 32
81 31 43
47 54 66
44 16 22
36 77 24
91 84 62
44 69 63
12 13 94
51 74 76
1 24 71
83 98 42
56 23 60
25 55 100
47 67 100
57 2 14
45 85 48
6 15 42
75 18 36
84 94 27
81 13 64
65 53 87
2 47 64
80 70 28
33 49 55
96 79 33
29 50 15
2 17 41
23 54 14
4 81 33
43 46 47
81 41 90
98 47 69
18 97 30
39 94 12
99 6 57
7 96 27
58 57 20
90 6 2
88 45 74
84 0 12
63 50 86
66 20 12
45 29 44
48 41 41
26 5 88
43 59 49
53 18 15
61 36 91
32 73 21
64 88 35
1 7 73
45 48 13
43 75 99
96 46 51
22 94 70
31 9 31
1 50 28
91 84 59
60 12 34
59 3 76
65 74 59
70 95 36
74 94 78
38 99 35
19 36 41
94 98 47
58 83 78
56 46 7
76 0 2
16 47 51
35 96 26
28 76 86
15 23 73
68 67 62
3 78 23
34 45 55
58 57 3
81 89 92
42 91 45
92 88 100
92 71 19
37 59 6
3 79 16
94 8 99
48 51 5
14 67 40
22 92 48
85 61 50
39 12 57
75 87 98
84 69 66
42 23 45
0 32 16
73 28 73
8 0 57
44 55 15
94 29 69
66 45 17
38 86 6
72 15 9
34 19 52
53 23 88
26 63 16
65 59 80
19 77 100
57 92 1
83 63 67
26 14 15
98 44 55
93 65 23
79 28 56
7 25 61
16 53 37
76 37 34
67 0 31
41 13 84
95 4 50
68 13 28
20 98 46
48 65 54
56 53 1
17 74 77
60 73 70
70 3 62
29 99 18
76 22 76
54 81 55
91 89 87
33 91 71
68 91 74
94 39 23
32 34 82
6 58 55
45 54 65
1 13 48
67 59 89
71 0 87
51 16 98
66 93 61
8 32 72
38 81 15
14 43 1
89 46 100
13 96 72
62 76 34
43 68 50
74 84 66
20 66 22
17 19 10
28 24 89
62 34 99
26 64 68
15 77 23
58 33 83
13 28 56
69 39 6
19 66 62
87 96 84
32 51 43
83 86 69
78 76 94
83 65 77
86 77 63
58 8 16
9 84 31
27 32 2
59 70 37
41 9 31
60 0 95
62 70 21
20 28 91
12 55 46
90 21 91
73 80 58
18 95 56
67 71 38
28 26 34
41 56 47
34 96 1
20 27 45
82 95 33
97 64 8
18 84 83
31 28 35
36 28 23
57 30 5
87 22 58
73 45 41
47 1 100
9 18 32
19 46 34
70 14 59
60 7 54
11 83 42
85 45 41
12 52 61
38 77 64
49 61 55
28 98 24
31 89 20
8 73 15
40 39 93
65 19 79
14 76 5
73 47 82
42 58 41
22 38 89
25 58 71
89 72 94
75 98 72
56 83 21
62 17 51
49 21 63
54 82 38
24 66 80
14 56 33
31 18 78
94 63 70
82 98 83
56 24 64
16 77 8
68 56 22
90 77 44
45 16 89
11 4 80
65 33 14
37 59 97
68 50 52
99 55 38
33 94 56
17 34 77
94 79 4
25 63 72
87 47 26
37 44 64
14 59 18
28 0 66
0 39 48
80 91 50
78 3 23
66 62 49
27 38 18
8 47 48
80 71 30
19 80 32
52 72 37
99 34 68
44 59 48
49 31 60
69 25 63
1 22 91
36 57 5
11 62 18
82 58 97
34 35 92
91 42 37
0 86 68
24 62 85
96 83 39
24 71 26
25 31 40
92 17 61
73 72 39
97 59 25
14 67 61
46 94 21
39 53 34
52 67 56
86 88 73
81 82 26
24 99 80
82 77 37
69 5 23
19 48 16
37 34 100
44 61 97
76 81 55
78 40 95
19 75 19
92 26 57
8 71 20
7 83 51
38 92 26
56 10 39
16 63 18
44 85 89
86 7 63
17 87 1
81 95 24
84 83 94
55 81 19
54 62 26
52 27 96
45 20 22
68 3 31
77 21 38
87 99 91
77 59 50
89 75 81
40 12 27
44 66 88
15 51 43
63 17 75
26 80 67
40 51 69
35 31 23
9 21 84
88 52 25
48 20 10
78 45 86
93 33 3
87 45 44
86 39 78
83 58 83
32 44 52
55 27 15
46 25 7
93 3 70
10 78 17
62 10 71
60 66 46
69 64 45
19 72 29
84 32 12
43 15 29
26 22 71
3 88 89
34 52 26
16 0 88
25 91 16
46 73 44
50 47 95
26 70 96
90 14 53
17 22 83
87 22 58
21 2 78
32 93 4
12 27 87
64 59 7
4 70 31
87 39 1
41 68 14
63 6 50
21 17 51
29 62 25
0 51 8
78 71 68
2 62 47
27 78 5
35 97 28
28 51 86
64 16 88
18 13 86
25 24 48
11 34 54
25 11 80
81 97 8
27 14 46
54 38 39
89 53 88
49 69 51
19 38 53
75 89 34
17 11 82
43 11 11
9 11 41
66 16 96
3 43 66
10 22 64
69 91 100
74 25 52
83 54 59
28 10 96
96 86 69
86 92 90
38 28 71
70 57 96
6 60 89
54 80 97
89 66 37
42 87 68
14 98 22
62 22 97
48 39 94
36 64 57
82 2 16
89 99 20
40 76 100
53 68 66
89 88 16
22 88 62
83 64 24
73 85 6
0 47 22
7 32 65
34 63 26
52 22 24
57 78 79
74 99 73
3 74 69
37 15 49
60 32 95
36 46 62
43 12 31
36 34 27
95 94 97
43 54 69
95 47 55
84 25 24
44 35 85
93 91 14
68 86 71
62 0 69
63 50 84
51 8 90
19 90 53
61 33 4
43 79 22
83 11 93
7 93 13
48 83 92
39 80 30
38 40 70
86 15 10
34 4 78
47 36 74
75 27 91
64 12 55
27 92 94
87 10 94
69 70 30
93 19 8
99 12 94
52 20 29
77 0 61
28 40 26
75 28 40
53 4 59
86 93 22
5 45 100
12 28 8
42 12 2
89 28 82
87 27 1
71 81 15
2 22 67
2 8 93
10 88 39
68 44 30
86 94 20
41 71 4
78 62 66
47 63 15
70 99 88
79 3 63
5 39 42
52 41 41
7 53 3
93 66 78
32 96 69
64 26 32
90 25 61
7 89 65
88 72 34
0 83 66
57 36 8
17 83 88
21 66 73
93 83 13
56 63 33
80 77 60
30 89 51
26 98 29
1 91 82
20 78 23
41 42 45
40 26 97
99 82 84
41 84 98
57 97 93
57 73 49
3 17 32
16 18 32
99 49 62
93 81 60
86 13 71
99 71 15
13 60 56
96 92 10
20 86 7
53 98 31
7 54 9
37 12 7
75 65 55
72 35 38
94 88 31
37 42 44
66 84 79
82 92 100
41 56 3
11 53 64
57 34 83
44 66 75
47 80 37
91 98 54
53 80 39
49 30 83
92 81 10
37 48 74
5 32 91
4 81 37
3 40 23
84 41 93
67 92 5
26 11 33
89 12 35
57 52 43
69 47 30
59 12 91
12 34 31
67 83 29
45 41 23
63 24 39
77 73 11
88 1 52
8 2 17
25 38 57
1 41 29
66 89 73
8 22 77
92 21 45
11 88 30
19 17 98
52 98 59
55 38 94
0 32 85
71 42 46
16 6 41
84 26 94
24 61 8
65 27 42
91 99 20
68 35 59
45 38 79
62 52 20
57 60 5
81 91 85
94 67 83
6 17 12
76 86 67
76 6 21
97 3 100
63 35 33
10 37 21
70 49 61
62 19 99
72 97 46
60 30 16
7 71 6
56 28 10
31 18 80
9 94 47
70 2 59
47 17 83
68 12 17
9 69 79
81 77 91
36 89 24
87 10 66
91 34 63
65 22 42
97 16 62
28 63 49
7 10 63
17 3 25
89 53 97
45 46 53
17 61 85
65 97 33
91 85 31
65 6 23
18 28 80
17 96 78
99 26 24
53 13 43
45 76 34
96 31 5
19 67 49
29 93 49
34 89 31
63 52 20
92 97 87
96 48 30
71 86 92
71 85 14
96 67 29
24 70 15
8 78 5
93 5 12
88 63 82
57 90 49
29 83 49
99 94 26
20 55 79
73 69 56
23 83 61
60 77 24
23 87 28
59 15 61
46 88 42
75 62 1
98 41 47
51 15 14
15 94 68
26 25 12
61 53 25
54 49 42
30 72 91
7 75 23
54 45 95
41 3 92
27 72 28
0 35 17
79 55 15
91 12 66
28 88 80
88 98 85
19 23 37
38 36 70
98 90 4
52 96 32
77 62 100
74 90 87
78 87 29
61 21 20
61 57 3
1 6 77
70 86 37
70 78 13
77 48 28
6 13 10
15 7 100
11 68 59
79 59 1
85 38 68
22 69 94
76 3 22
51 88 68
88 30 95
1 38 82
65 84 9
55 92 17
95 76 68
84 23 60
91 12 94
96 88 24
59 56 57
48 8 58
40 39 99
76 23 65
25 11 68
35 54 96
25 14 67
65 77 69
6 40 28
31 19 84
0 14 24
94 71 14
90 97 82
69 48 91
57 67 96
75 59 74
25 81 85
66 29 46
50 60 36
76 37 85
43 42 61
85 26 44
55 92 53
75 3 66
93 32 54
59 38 28
81 47 18
47 69 68
62 50 58
72 70 63
86 47 27
55 84 2
76 59 4
88 24 12
45 30 35
78 97 12
42 1 92
55 46 88
80 5 97
53 19 29
14 29 75
81 15 76
11 74 85
23 70 87
41 16 1
81 35 82
98 59 70
73 20 75
27 31 86
69 27 66
32 4 98
92 38 86
62 29 91
24 52 71
94 44 61
83 23 17
56 85 77
81 41 35
8 58 58
9 54 9
32 35 69
89 80 45
92 27 33
19 86 9
50 98 32
87 51 27
56 70 65
22 45 36
49 60 46
40 30 42
46 83 33
40 42 83
21 61 68
82 50 80
7 97 7
14 37 58
35 12 94
80 44 83
47 30 53
72 92 62
93 57 49
83 98 12
54 88 15
53 99 76
26 17 2
11 26 22
56 90 41
1 42 35
7 83 18
71 17 54
59 54 94
51 67 12
19 1 50
58 98 79
72 29 58
60 97 71
27 14 26
7 92 89
44 76 61
1 49 69
98 52 43
5 55 54
80 46 20
58 72 87
9 46 94
11 62 4
61 45 8
5 75 23
12 99 69
87 37 62
63 33 89
27 83 14
46 10 73
89 79 58
57 49 39
56 88 4
30 48 22
72 46 47
58 75 16
15 12 24
39 9 39
20 3 73
95 47 67
27 38 57
78 13 59
96 95 34
61 49 38
12 81 42
17 98 84
10 58 89
70 31 47
91 38 1
42 84 85
63 84 72
46 9 71
50 37 84
36 62 58
21 87 15
29 72 23
97 26 33
91 63 92
65 51 16
97 59 67
47 53 15
15 9 16
28 0 35
84 45 55
7 48 58
75 91 43
28 0 85
55 60 68
45 30 62
60 81 86
61 96 20
77 16 87
69 95 22
60 20 45
71 45 95
35 85 56
35 62 34
65 82 80
13 24 33
92 42 84
59 51 78
47 40 41
28 8 80
33 82 88
84 17 50
45 84 57
81 59 52
15 78 76
48 91 87
26 19 78
81 48 46
13 82 89
39 76 40
91 47 30
50 64 80
82 14 83
24 89 34
74 41 66
47 63 23
48 41 93
94 56 34
33 25 54
86 54 8
79 0 15
80 63 49
79 32 13
63 36 57
1 93 9
48 86 46
41 12 69
61 26 95
18 55 18
73 94 40
58 48 86
36 84 76
99 78 50
67 31 100
99 34 12
41 98 98
0 80 38
86 89 6
48 41 51
66 91 100
24 35 3
91 96 75
3 80 62
35 46 6
2 35 91
39 86 86
3 6 44
3 71 80
18 83 68
82 85 20
1 89 16
97 69 39
10 91 66
83 74 92
28 92 3
46 67 20
63 41 100
6 37 56
59 8 20
26 55 95
75 58 66
87 63 61
28 24 20
63 15 84
81 14 63
62 91 10
36 10 56
74 63 22
40 11 50
61 81 79
11 32 99
49 83 94
38 77 59
44 13 26
22 86 81
57 63 5
63 70 92
23 38 39
51 52 89
84 74 63
71 47 17
63 56 24
23 31 79
76 70 2
89 0 59
1 96 12
77 2 42
25 15 34
70 9 70
58 97 67
54 88 50
36 45 6
7 48 85
39 8 37
7 42 2
46 0 47
92 71 67
29 74 54
82 91 32
99 30 19
15 77 92
54 0 42
62 53 32
16 82 61
27 57 14
78 18 60
27 25 36
90 85 89
75 70 81
56 3 78
35 96 99
47 87 92
48 66 45
52 5 24
21 90 26
36 28 87
6 37 30
75 17 72
87 84 44
80 16 70
91 89 59
