26 29 90
98 64 89
74 23 100
50 63 17
29 85 91
25 45 30
62 77 31
93 57 13
8 6 12
36 91 56
83 42 9
41 13 24
86 79 37
37 42 68
65 21 29
67 80 63
39 30 73
63 67 35
71 3 18
39 23 51
63 76 81
81 14 8
54 91 39
48 91 99
98 42 4
33 6 49
40 76 47
66 65 63
88 92 96
72 73 86
96 14 29
2 20 80
36 11 38
90 89 92
6 95 84
91 60 46
99 48 79
10 95 7
47 98 58
58 94 15
4 68 95
92 79 3
72 23 95
80 51 73
70 28 87
72 97 57
64 18 5
64 89 58
35 2 78
67 63 73
40 1 43
15 77 57
35 74 9
81 8 64
86 49 43
76 99 57
40 31 25
98 77 48
18 36 65
29 56 38
21 38 45
91 79 57
98 2 1
20 31 56
53 12 65
29 8 63
4 55 89
93 6 7
36 13 17
28 99 70
54 72 25
13 35 62
50 92 16
85 67 77
10 14 28
7 60 53
12 98 63
94 8 39
68 99 45
74 53 58
8 76 38
40 59 1
1 54 10
54 14 56
92 84 21
77 36 89
18 70 68
1 24 98
86 18 54
63 2 80
11 94 100
47 91 58
51 75 55
63 34 50
50 75 50
70 94 82
58 34 32
19 72 31
76 27 97
48 61 89
8 11 67
92 68 95
26 24 8
14 25 12
47 40 4
82 69 11
64 65 16
90 33 48
16 53 92
64 28 10
56 5 34
90 35 47
98 0 22
67 79 95
26 60 83
12 97 43
41 86 83
47 28 53
86 27 7
2 8 42
60 57 55
61 18 6
42 0 28
79 88 100
48 58 100
54 36 22
41 80 68
72 71 4
25 44 9
13 54 87
5 22 86
96 19 75
82 67 39
7 61 82
92 32 18
38 70 15
65 91 22
68 82 20
52 98 35
97 62 26
60 95 83
91 94 57
54 98 29
69 95 47
94 19 92
58 67 100
83 13 70
19 34 48
27 12 16
43 33 61
74 31 41
81 86 87
26 24 8
37 92 73
43 8 81
35 58 49
72 88 19
84 52 47
74 85 98
48 47 69
38 26 47
10 83 26
61 78 6
79 12 80
4 38 57
88 34 4
90 3 14
67 39 91
72 34 46
41 28 85
54 56 5
21 16 93
56 20 29
59 75 86
33 41 40
41 93 39
7 67 33
69 83 21
41 63 74
3 5 15
20 75 84
49 5 20
2 49 20
89 18 25
64 74 42
14 46 27
11 30 45
87 54 50
44 57 89
22 31 78
31 28 18
50 19 70
71 10 87
72 60 83
52 75 96
54 90 84
63 92 51
60 72 40
26 84 83
32 26 22
9 32 88
32 48 22
81 26 81
44 97 2
28 92 6
26 89 27
43 87 89
60 28 25
73 20 23
36 25 82
0 26 77
49 30 18
76 32 18
38 85 1
40 73 27
82 78 16
98 49 37
82 4 39
8 38 42
8 72 58
59 29 49
51 4 88
42 28 66
30 33 35
97 58 6
15 98 26
71 68 15
54 65 90
68 77 29
74 25 50
10 69 55
80 42 67
61 62 26
88 79 11
62 15 20
2 23 33
1 91 95
77 79 19
19 54 31
36 47 34
18 58 32
93 18 98
4 46 15
57 73 89
1 35 75
6 21 11
66 53 11
74 77 83
76 95 22
24 29 90
19 77 32
90 60 38
46 34 46
40 47 21
96 65 83
97 38 48
94 40 40
36 47 98
1 58 100
4 86 82
45 87 97
9 32 25
2 36 50
12 49 56
41 32 82
3 30 96
94 46 26
42 95 51
88 92 99
97 33 34
82 54 96
89 95 49
9 7 46
72 19 25
76 35 70
47 2 36
63 82 75
35 61 96
57 25 40
54 88 20
19 46 39
30 35 49
60 91 4
18 27 58
11 38 87
48 30 76
85 16 52
45 37 42
53 62 75
11 42 5
15 39 45
67 54 98
16 95 45
58 93 36
7 49 83
13 86 6
59 58 43
90 22 43
25 33 7
25 13 4
1 97 96
90 72 73
80 11 100
78 29 29
75 33 63
94 91 26
70 59 83
70 72 99
30 13 1
43 25 76
22 46 15
29 3 97
43 25 11
97 48 64
83 19 62
76 58 64
31 55 26
62 11 14
75 50 6
7 80 12
43 80 55
71 67 95
21 61 2
79 36 35
46 27 1
41 23 84
91 77 87
26 6 91
20 2 48
64 39 25
15 52 24
31 92 63
44 85 80
1 54 17
73 30 11
17 59 8
21 88 49
30 52 12
78 87 35
45 50 93
6 67 67
16 68 3
1 39 96
1 6 56
7 97 62
22 44 59
24 56 100
14 53 1
56 62 54
92 74 98
21 0 93
88 77 90
73 20 69
47 70 49
22 80 72
10 61 30
55 21 35
42 86 2
15 38 12
74 16 15
75 72 55
34 33 69
76 12 24
29 21 29
57 90 41
60 57 17
36 59 21
88 11 36
73 5 82
21 44 41
85 93 78
25 64 55
18 83 100
84 91 50
61 25 43
40 58 76
91 9 99
40 55 76
9 28 13
30 67 81
52 39 26
64 52 93
20 86 76
40 30 76
78 80 28
63 23 26
64 81 10
62 60 46
67 75 42
73 15 1
14 15 20
7 23 14
84 57 74
52 36 17
13 83 47
50 3 5
92 62 93
21 73 93
61 33 50
19 47 59
34 59 18
74 72 63
81 70 39
60 0 16
40 78 32
93 13 16
18 43 23
23 61 85
88 57 15
4 76 93
23 66 15
99 65 91
57 33 23
56 48 50
36 59 57
19 54 50
70 99 61
56 73 56
83 30 56
23 2 63
89 6 14
30 93 37
29 90 40
7 9 68
80 68 82
69 47 95
16 94 74
18 52 69
9 50 74
99 97 21
74 24 73
4 5 23
77 50 95
18 65 90
76 6 2
33 84 13
63 52 44
6 51 38
86 93 14
9 44 3
26 10 62
13 73 71
75 78 2
26 35 76
85 22 26
6 11 97
56 64 2
64 21 80
86 18 72
70 42 5
69 56 67
47 7 90
19 37 64
61 81 15
4 75 44
60 86 97
58 9 78
21 16 24
75 14 73
18 82 13
16 50 83
33 25 98
81 49 20
89 16 14
33 31 3
64 61 64
33 13 35
60 52 85
98 64 14
54 31 90
87 81 35
48 44 90
76 98 19
88 24 46
44 48 94
93 52 7
21 48 32
68 80 18
81 12 89
4 47 74
21 8 64
8 49 74
43 95 86
92 35 63
11 70 66
27 66 26
22 35 100
50 76 32
63 40 27
98 21 92
81 5 90
69 41 30
0 53 8
37 98 39
51 23 77
63 28 18
46 65 6
29 53 55
16 84 3
61 86 65
99 80 20
91 16 2
98 49 69
6 64 34
62 88 23
52 59 82
82 60 48
90 69 36
93 64 20
53 83 66
70 84 40
15 40 8
80 17 66
82 29 67
6 64 82
5 17 53
23 35 46
38 88 86
88 74 32
15 68 99
13 50 41
73 76 94
2 57 32
99 50 43
79 17 94
57 95 60
67 12 66
26 58 29
73 32 46
61 37 25
21 33 18
97 36 61
12 86 100
8 43 9
6 25 66
24 80 63
77 81 82
66 80 98
5 98 76
48 5 25
1 6 13
40 13 48
16 59 17
73 9 30
94 1 85
1 35 99
21 13 70
63 34 73
9 37 35
71 12 43
14 15 28
5 95 53
55 50 60
44 63 8
42 28 4
80 21 17
99 92 35
63 45 78
6 97 41
82 96 10
2 12 65
66 49 95
84 33 27
79 2 20
74 43 68
89 98 8
48 38 32
57 24 61
96 67 63
10 40 84
25 98 64
28 89 19
25 9 10
55 57 56
7 18 70
18 64 64
60 36 23
57 24 71
96 39 99
33 17 38
98 72 45
11 77 38
32 67 48
81 36 75
19 80 51
39 83 76
33 52 72
81 42 44
65 15 21
14 99 64
4 76 39
82 8 12
63 14 79
75 40 44
54 85 2
96 42 38
9 35 35
54 49 26
48 7 56
91 13 36
47 77 19
18 47 34
78 96 11
37 21 97
16 79 28
93 92 58
43 41 40
41 87 95
0 83 22
61 62 87
39 91 31
23 28 31
96 75 81
12 93 46
65 19 60
91 98 50
53 29 90
68 70 5
71 42 66
40 38 62
46 53 35
9 5 81
93 71 48
69 52 23
85 81 19
36 62 98
11 38 11
14 7 38
21 76 92
95 62 58
97 21 41
1 35 16
43 24 70
73 4 46
40 9 44
37 95 93
74 87 75
93 6 76
79 14 96
45 60 42
53 77 71
6 74 67
27 80 6
40 0 10
64 15 96
68 50 2
5 94 36
96 65 42
88 42 60
30 83 30
23 73 49
4 14 96
56 15 83
52 71 68
75 99 18
91 87 52
66 55 97
74 75 54
34 67 75
1 82 27
38 52 49
66 84 52
53 57 3
52 71 18
58 25 91
3 13 51
50 74 33
98 71 59
14 93 10
17 48 9
86 80 31
82 5 80
84 55 25
22 73 66
90 27 16
50 23 58
32 57 42
72 18 46
94 60 32
75 96 2
59 56 78
20 22 71
83 45 27
35 78 10
32 3 43
41 79 59
92 14 52
29 79 65
87 55 33
91 93 62
91 11 47
32 38 43
56 76 79
85 86 44
98 39 55
88 60 94
71 14 64
82 90 18
95 47 56
27 85 7
88 43 27
25 53 80
84 70 81
40 76 76
25 84 2
77 91 21
2 77 39
84 95 20
48 16 73
70 58 6
48 36 69
78 68 38
85 81 40
26 6 94
85 12 35
85 56 57
31 23 22
93 28 20
60 6 39
84 50 22
78 54 61
21 69 63
76 9 40
63 97 63
21 65 98
67 70 80
47 0 23
53 51 41
2 25 66
16 92 49
81 13 95
98 6 50
70 11 43
55 25 97
30 86 80
42 68 70
92 6 10
8 7 35
25 62 44
24 42 16
6 17 82
89 6 74
29 76 97
5 58 40
33 41 42
33 26 51
98 37 37
93 94 99
71 15 49
84 55 1
48 88 48
13 30 59
43 14 38
14 71 18
64 12 56
50 75 46
14 4 92
31 50 30
67 73 27
94 42 38
34 42 60
39 76 63
36 43 65
49 48 27
3 46 49
82 37 64
51 20 78
28 43 49
78 69 49
68 83 42
85 30 46
78 74 89
21 42 100
13 49 1
48 50 25
79 82 47
49 15 55
83 25 43
82 99 66
87 12 82
4 31 16
6 55 1
33 82 35
75 40 76
39 57 78
12 73 4
82 23 84
11 67 36
47 39 49
77 26 98
43 66 20
4 6 46
80 83 26
15 42 17
33 5 50
89 8 78
19 79 93
42 9 39
31 42 36
98 81 54
22 87 19
8 5 74
93 64 42
60 10 43
67 97 52
44 39 72
44 53 23
60 64 39
73 93 67
93 45 11
82 64 80
10 5 80
14 80 88
42 77 55
95 66 12
39 14 8
69 36 79
1 57 40
58 95 11
12 23 73
25 93 98
28 27 87
99 11 62
3 18 4
68 14 14
29 55 9
50 30 45
0 58 20
66 78 79
98 8 64
34 3 19
46 67 57
26 83 74
0 72 33
93 84 27
20 51 42
62 2 57
86 98 63
74 39 48
59 33 87
84 81 97
65 1 11
9 89 95
28 6 91
73 91 98
76 52 55
55 2 81
30 67 83
95 93 84
69 85 42
68 93 24
17 24 79
71 53 78
65 62 80
65 57 22
86 69 74
41 5 60
85 98 47
96 17 20
17 38 41
4 43 72
43 72 73
39 24 63
60 88 11
36 99 50
95 80 30
52 2 68
29 49 57
64 2 10
21 5 88
80 3 1
23 75 95
89 85 82
81 4 60
57 54 32
55 97 6
95 92 47
9 8 2
49 11 51
11 62 94
98 22 85
52 46 3
25 27 91
81 84 44
52 44 13
47 35 28
39 73 13
46 84 29
54 46 100
5 13 19
8 13 18
90 28 62
21 30 5
29 6 45
46 67 31
61 10 52
23 34 30
92 77 2
86 26 7
64 35 9
59 49 48
78 80 22
74 39 41
65 69 57
70 1 25
96 22 97
62 61 22
8 88 51
49 48 88
48 83 86
92 82 43
50 97 12
37 44 4
93 9 2
75 77 39
73 74 25
93 55 1
38 6 83
65 22 97
51 19 81
94 60 5
52 53 5
53 84 17
30 19 78
35 11 79
7 41 92
40 77 78
80 81 14
45 51 71
26 38 75
72 83 24
57 25 29
30 92 78
98 4 63
93 54 61
59 62 65
76 70 13
92 81 5
46 68 21
84 24 28
97 22 68
37 31 18
31 55 27
20 63 100
97 88 19
75 26 34
86 11 96
56 13 17
97 2 58
20 9 60
93 12 29
44 34 34
55 2 17
46 66 98
45 63 95
13 8 85
99 45 41
42 29 43
84 51 56
26 87 33
93 23 1
59 35 99
24 63 16
53 22 29
58 39 30
98 73 4
35 66 19
31 52 58
91 96 34
85 57 84
29 13 76
67 10 31
83 73 71
40 38 67
94 51 88
42 78 56
80 10 60
42 24 44
73 12 42
34 44 67
6 65 20
4 1 69
16 34 77
73 71 11
89 22 18
67 96 30
45 93 22
74 96 2
80 61 59
50 62 43
65 26 50
73 45 12
19 4 98
33 96 98
18 16 7
75 45 44
86 20 77
69 46 24
50 14 30
47 86 49
16 29 38
55 88 85
9 43 72
37 84 68
88 10 76
69 71 95
73 69 100
76 71 26
81 69 13
4 3 65
60 13 5
71 2 32
29 24 72
83 45 98
71 58 7
48 98 11
39 66 25
24 67 21
42 84 64
58 69 53
49 88 94
26 49 15
43 78 93
44 84 62
97 23 15
92 32 73
10 24 16
82 8 80
95 50 15
77 67 77
24 10 20
68 97 48
40 64 80
7 46 6
9 11 65
9 82 59
33 5 27
73 42 80
41 95 52
79 44 42
55 26 50
97 47 57
15 96 6
53 2 7
34 11 46
54 18 59
5 59 38
84 43 100
45 48 24
99 43 7
20 72 36
50 51 42
1 79 57
33 12 56
0 36 69
17 97 43
91 98 93
64 24 81
57 48 89
5 26 28
68 92 22
34 37 76
72 27 52
34 87 11
8 36 18
72 93 77
80 83 75
13 40 25
63 75 75
50 31 55
34 28 98
93 52 60
23 58 16
86 23 22
40 3 79
10 77 60
87 7 76
45 89 48
7 63 70
10 53 47
14 63 40
25 51 78
12 51 4
97 20 51
88 51 94
43 86 24
84 28 33
76 50 80
54 97 84
34 66 57
0 52 29
49 9 4
60 3 19
57 39 67
75 0 71
41 59 37
68 18 75
23 72 30
44 75 83
74 62 89
58 91 76
28 94 27
48 69 39
51 81 40
91 55 65
31 30 87
53 96 45
99 67 98
81 2 98
39 92 46
10 13 71
8 67 23
44 4 73
84 65 40
10 75 14
82 11 1
63 3 21
92 97 87
67 41 94
84 82 50
26 8 98
34 29 36
92 50 83
54 93 20
27 93 13
71 39 15
56 54 34
28 35 74
92 32 40
60 71 88
23 79 27
30 21 92
19 23 30
47 36 21
60 42 59
30 8 22
10 3 80
50 57 18
60 57 62
72 1 82
32 95 80
18 61 33
84 66 50
9 35 80
97 14 8
2 49 74
17 54 55
58 48 68
85 49 28
45 52 62
10 40 35
47 15 40
19 84 29
50 18 81
85 37 99
40 3 23
68 19 89
78 99 86
75 93 40
97 49 54
84 41 83
58 67 21
74 68 44
40 64 53
42 81 1
24 75 100
84 82 57
24 5 38
92 98 50
57 75 37
17 9 47
19 10 7
78 81 50
10 91 87
55 42 6
16 43 70
79 37 8
3 20 8
47 99 47
4 60 63
11 31 5
68 38 57
92 53 73
47 7 69
33 40 56
4 96 33
63 20 97
72 42 26
72 29 63
80 53 24
17 77 6
46 24 85
2 89 91
4 2 2
72 74 54
47 4 83
15 95 23
52 3 8
87 52 11
95 8 66
7 0 78
8 4 79
88 16 35
30 13 27
90 94 50
57 54 76
29 12 63
16 29 1
2 16 2
97 49 99
82 90 61
2 50 46
7 57 96
37 73 70
7 46 55
67 50 61
9 94 93
4 56 6
98 52 51
78 79 83
87 10 65
71 11 18
41 6 97
26 90 17
14 88 61
21 51 96
77 9 85
10 99 85
83 7 9
39 41 27
6 91 85
55 96 18
74 2 14
21 98 26
98 37 90
81 54 31
64 99 65
29 97 23
86 79 33
57 25 24
33 66 7
89 19 92
92 64 8
54 7 63
83 36 62
52 46 11
63 17 43
67 1 37
86 18 76
26 10 97
84 78 25
20 62 52
81 23 71
52 45 92
2 87 32
84 60 30
46 25 8
31 93 3
14 37 71
30 93 40
22 16 13
77 76 12
78 93 6
90 19 65
44 55 95
98 52 16
19 55 32
12 69 67
32 4 53
34 21 79
5 84 21
24 87 8
92 54 47
19 65 30
75 50 85
84 12 39
52 81 31
43 75 51
33 57 61
98 63 98
35 66 22
16 79 1
19 22 70
15 63 87
70 99 39
4 10 93
43 28 33
98 97 66
36 2 53
37 33 69
75 83 98
2 69 77
72 85 14
32 97 61
77 33 36
69 92 19
0 5 69
62 51 25
40 28 9
22 73 81
14 93 37
7 66 87
72 87 88
27 86 91
69 39 48
72 42 55
53 54 89
81 98 47
38 2 39
6 7 78
68 20 70
9 45 36
45 78 7
81 35 38
28 4 3
55 9 13
56 80 57
30 77 79
58 32 78
14 77 50
59 42 31
96 87 15
88 61 21
98 24 67
65 52 37
94 67 45
19 68 82
43 31 37
19 42 83
42 71 65
67 90 6
23 79 34
3 61 73
70 34 51
81 11 42
91 98 32
76 29 100
76 28 49
69 1 75
8 69 19
37 69 91
41 58 40
69 37 92
60 68 83
32 63 54
39 2 84
29 28 22
60 50 29
74 35 74
60 70 20
20 19 87
25 4 42
1 82 32
39 15 88
49 57 37
79 37 27
81 83 28
45 98 37
34 21 19
95 60 97
84 53 58
69 32 28
78 24 54
48 86 96
41 9 73
22 0 48
4 73 42
8 27 55
0 53 75
74 97 17
78 40 31
25 72 66
73 83 49
56 92 30
60 34 64
7 79 39
94 59 92
67 36 14
12 26 99
51 99 4
43 23 37
17 38 84
4 98 74
54 22 99
78 45 30
15 37 46
79 25 53
52 25 73
32 83 89
22 27 27
76 29 40
96 56 80
55 43 42
64 97 13
40 5 6
15 39 35
84 25 97
55 73 97
55 8 54
73 53 52
21 38 6
31 78 20
37 53 21
8 80 58
12 58 80
75 41 41
43 52 31
66 87 70
48 59 21
92 20 45
30 15 100
99 81 81
66 52 74
80 88 81
36 53 84
3 26 99
66 60 100
29 62 70
23 17 50
60 67 90
20 78 91
98 85 75
35 77 100
53 73 74
82 74 63
92 9 8
40 47 15
97 42 74
40 53 16
77 64 58
84 64 34
33 32 49
16 50 89
22 45 75
2 90 73
70 31 61
39 42 37
6 33 41
68 1 75
45 90 56
18 24 29
34 81 84
40 31 46
26 78 84
80 17 93
21 54 55
18 64 19
70 40 2
88 15 72
19 53 35
2 25 96
6 9 45
7 49 98
3 64 35
60 89 3
9 24 68
96 44 100
89 26 26
7 41 7
33 97 57
6 15 52
39 73 80
45 2 53
75 79 64
61 31 34
10 2 91
54 0 99
42 19 30
25 1 99
64 54 44
32 21 66
47 1 75
39 33 17
45 95 96
87 55 56
76 41 11
84 14 79
84 75 61
56 95 6
76 88 2
22 76 6
1 99 77
45 5 26
52 64 24
22 3 9
75 11 67
59 31 81
33 40 79
72 28 22
74 8 8
25 57 73
60 86 57
12 69 58
3 66 4
75 49 79
76 97 12
90 26 33
44 16 6
56 97 30
43 94 97
53 32 8
39 65 21
44 49 38
25 97 41
36 74 8
99 53 55
95 4 9
8 0 48
74 63 13
81 13 86
11 75 61
48 81 4
8 44 88
61 73 15
40 33 93
31 2 98
53 6 41
49 36 100
55 50 34
79 47 20
94 69 100
84 17 41
68 46 32
15 23 94
8 19 15
48 33 4
42 13 79
39 90 68
63 57 59
92 1 63
26 37 48
68 99 50
94 70 64
51 30 24
94 98 28
44 79 33
57 36 8
81 27 23
40 93 14
25 55 23
2 51 71
81 36 86
52 34 64
31 2 32
37 57 80
55 80 70
2 37 92
84 48 50
42 41 70
29 81 78
56 40 33
25 43 53
4 41 47
98 28 11
67 64 87
24 71 84
69 90 24
24 73 75
29 17 78
44 51 93
14 91 44
51 16 58
22 3 39
81 58 85
59 63 36
58 28 44
73 19 87
54 72 97
36 18 51
25 54 61
82 14 58
41 94 57
67 55 87
33 11 11
96 48 3
35 17 90
1 19 87
13 67 34
4 73 32
56 94 43
7 13 9
78 33 66
18 67 14
35 39 35
2 52 51
39 65 26
60 33 58
86 39 5
60 77 40
15 50 20
46 10 28
29 42 86
66 5 14
61 86 6
68 98 66
11 80 46
47 88 78
63 52 29
45 70 43
46 60 26
70 36 74
99 2 7
18 59 5
29 22 4
90 50 97
10 73 34
39 52 69
24 57 11
65 20 3
76 0 73
13 84 63
81 62 5
38 55 43
64 58 79
4 29 80
39 75 11
22 58 79
70 3 74
0 14 95
76 51 54
18 97 75
50 37 67
88 74 78
6 73 41
33 84 58
26 65 49
52 10 77
84 32 98
69 31 79
71 53 63
56 34 63
27 76 14
68 15 19
21 17 32
45 39 94
76 51 84
93 20 89
6 73 2
84 91 81
81 0 50
54 28 18
37 54 28
71 2 72
53 26 57
26 87 55
48 13 86
12 10 31
52 14 90
31 8 37
44 78 61
30 36 40
97 42 86
33 12 35
33 30 60
75 42 11
89 21 60
78 43 16
56 12 40
81 12 51
19 43 31
68 43 68
22 92 8
71 83 88
34 10 2
76 9 52
83 48 86
73 57 90
11 65 57
83 42 37
18 13 10
76 61 21
88 84 1
44 72 66
33 71 95
53 75 35
7 3 17
68 79 88
32 90 23
32 48 47
68 7 66
63 29 57
18 69 33
13 9 7
5 7 3
70 31 7
5 65 84
39 2 44
87 93 57
91 27 62
26 81 46
7 83 87
9 98 6
35 80 81
36 79 100
0 46 87
72 89 32
7 60 69
99 40 73
45 24 2
17 67 35
67 72 91
26 4 73
71 54 6
59 75 52
80 36 29
2 31 51
5 93 34
30 41 38
16 6 29
45 5 27
70 82 90
73 65 32
24 86 87
66 88 95
35 72 60
81 48 42
31 84 21
86 64 50
11 47 56
10 18 44
2 37 44
44 47 15
76 78 92
47 75 84
80 84 17
16 50 31
27 19 8
31 32 93
83 17 18
26 61 29
7 2 69
22 61 5
88 40 84
51 79 64
95 4 45
70 54 28
16 21 25
22 34 8
53 98 31
39 49 42
43 95 51
19 77 6
36 9 38
94 93 86
86 81 39
57 15 6
28 14 14
55 77 63
70 71 90
81 32 75
56 99 81
94 82 56
38 66 71
57 49 93
22 66 89
22 47 12
76 61 33
54 87 18
53 0 72
5 2 53
31 46 52
33 38 41
47 4 93
65 49 54
63 43 37
77 25 86
98 29 66
82 96 6
56 85 57
76 24 18
50 31 68
73 23 46
66 81 50
99 29 58
85 37 81
69 75 91
9 54 60
92 77 20
85 20 54
53 2 94
53 23 44
39 96 26
23 12 68
60 24 96
80 14 80
17 23 97
37 85 65
82 71 28
0 46 11
94 35 86
24 80 88
3 83 68
18 26 16
93 46 88
80 32 34
33 54 65
45 62 77
66 90 53
29 16 88
89 41 88
36 76 10
80 86 54
94 55 38
23 44 38
42 92 9
30 73 82
22 79 74
12 77 31
60 41 82
52 18 58
60 95 51
46 77 3
81 80 83
11 50 25
8 4 93
28 69 86
58 67 73
53 0 92
56 79 65
12 7 71
12 71 38
82 32 25
1 34 57
46 33 24
15 14 10
53 35 100
35 37 98
29 70 85
66 77 30
95 15 94
72 28 39
49 44 94
73 85 93
40 1 14
68 39 18
48 67 82
52 90 63
99 54 27
42 5 79
63 81 74
89 19 60
79 36 8
2 63 11
30 59 46
95 47 45
52 43 85
0 91 80
77 65 98
32 76 72
32 84 61
29 95 36
72 38 41
0 64 76
29 6 41
32 78 35
58 12 6
38 10 22
75 26 86
53 90 40
38 32 70
90 86 68
99 80 89
99 0 46
40 75 35
57 76 47
92 55 97
97 94 18
28 41 57
85 42 7
13 99 27
85 77 53
62 48 99
51 17 16
28 75 16
78 76 69
20 42 8
14 78 63
28 21 100
20 43 56
52 39 94
35 21 84
29 63 55
77 16 62
13 31 6
17 84 95
58 92 97
25 11 49
75 8 70
86 61 81
68 75 1
30 81 39
25 91 24
83 35 91
24 44 60
58 21 46
41 64 77
98 67 26
54 10 10
96 57 74
45 38 76
18 72 88
78 57 90
10 76 41
86 95 28
17 98 57
57 33 15
14 37 41
56 9 40
68 62 99
34 32 61
70 58 79
74 31 61
94 72 73
62 59 88
42 91 44
77 66 40
31 50 76
69 9 100
17 70 82
68 84 45
60 73 32
95 15 25
36 99 86
79 96 80
59 78 46
2 61 46
24 21 28
57 41 82
18 8 43
71 74 38
44 38 84
21 5 40
41 88 77
88 72 79
99 32 39
87 58 89
68 54 18
40 55 39
27 92 26
98 31 54
75 83 73
76 84 28
86 22 28
41 63 66
37 84 14
74 99 40
88 50 81
9 48 18
16 89 84
68 73 82
46 48 34
38 34 77
89 79 9
82 36 22
51 55 8
92 66 93
21 26 15
66 6 66
57 10 17
27 61 80
83 44 41
60 19 46
89 61 46
71 21 47
47 42 1
11 72 71
15 80 49
85 23 85
8 21 92
6 99 14
90 20 43
23 12 29
62 0 34
46 59 37
25 59 17
30 31 36
94 63 16
98 26 76
10 21 69
88 74 2
10 51 96
17 82 100
50 20 21
53 45 76
44 82 77
41 21 24
27 21 20
14 76 50
54 83 100
40 80 87
82 99 53
93 23 78
1 87 84
84 47 36
61 81 33
82 38 88
60 71 41
97 31 89
93 86 34
47 51 98
36 97 47
23 45 25
75 36 50
63 73 9
66 46 87
46 59 40
58 62 53
68 51 62
28 17 14
33 25 71
86 89 63
38 36 23
9 18 7
91 22 86
64 35 30
73 7 37
76 98 11
14 89 37
19 43 36
92 61 99
92 28 48
10 24 61
26 88 73
72 93 66
82 30 35
50 68 99
56 43 85
75 88 4
72 42 58
70 91 10
86 81 85
41 6 59
82 76 43
24 62 39
7 22 84
29 2 62
71 64 67
2 37 87
68 51 39
40 18 15
93 82 2
83 9 48
1 30 50
6 80 21
88 28 88
73 3 57
20 99 64
80 61 40
12 70 84
36 27 86
88 61 65
78 55 37
27 39 78
18 24 96
26 93 52
41 31 22
15 71 79
82 71 4
88 67 98
25 14 11
35 74 40
8 61 95
31 32 70
38 28 15
64 49 8
5 41 34
74 47 20
49 29 55
40 6 16
86 24 64
14 24 34
86 11 7
44 10 78
77 86 31
57 64 20
68 79 57
3 32 73
83 67 53
39 10 7
73 31 56
48 44 19
57 5 31
53 28 44
30 72 25
82 66 18
54 69 77
25 98 79
79 50 37
64 53 22
14 97 10
3 7 91
12 76 63
99 85 92
98 47 82
81 90 58
7 67 61
91 65 51
39 8 54
7 99 42
96 82 80
53 18 1
13 41 88
34 72 12
92 0 36
91 17 33
14 67 44
23 83 41
71 70 21
15 23 8
96 71 98
80 31 55
14 60 11
78 84 58
84 25 2
61 44 33
8 73 77
17 10 34
19 25 66
13 75 90
60 70 63
94 72 50
64 8 52
73 66 41
37 45 74
29 27 32
84 65 33
0 4 10
66 13 73
78 29 16
22 92 70
25 50 2
61 14 17
39 21 99
40 24 29
97 26 68
47 55 9
31 3 9
78 72 99
44 37 79
1 43 73
42 89 16
31 12 65
62 1 44
31 72 62
73 3 67
81 99 65
9 44 82
10 26 80
2 95 6
3 26 4
59 65 62
8 72 91
29 25 76
46 96 50
50 37 45
80 4 83
81 67 16
52 57 27
26 37 40
47 85 99
5 85 42
1 75 40
49 71 10
87 71 36
23 80 9
71 80 73
63 7 38
59 91 12
95 85 85
22 91 35
67 65 8
12 17 74
10 21 54
94 42 97
19 29 15
47 62 81
42 47 28
5 87 61
92 90 89
40 11 90
3 79 43
45 46 57
5 55 98
83 0 47
76 10 4
10 78 72
1 8 47
61 91 98
39 3 63
0 75 71
8 54 30
86 25 62
75 77 48
33 67 29
75 88 3
27 15 37
64 99 80
34 79 51
93 94 50
47 66 63
97 89 96
41 82 92
89 30 94
83 24 11
18 24 41
75 1 54
34 38 67
75 95 48
13 94 28
32 38 26
43 40 7
76 43 4
28 56 25
17 46 97
34 9 73
29 0 73
37 10 97
89 68 11
51 25 74
57 71 21
16 25 6
17 34 48
6 2 3
49 51 91
81 31 6
24 87 67
7 0 76
61 14 59
81 2 78
47 26 82
3 72 57
36 35 48
65 35 57
69 75 18
46 86 3
8 72 83
46 29 56
97 87 76
96 87 83
78 98 3
27 69 42
79 70 14
95 47 52
45 48 47
10 6 70
25 51 66
33 49 97
48 41 14
49 98 7
22 8 99
42 27 11
18 43 68
25 31 89
93 86 2
98 43 77
46 26 29
70 52 39
48 93 71
37 7 33
48 53 18
39 75 93
93 85 89
95 53 39
34 56 83
36 43 83
94 64 13
35 18 18
49 46 28
42 40 91
5 90 35
60 46 51
80 61 78
86 83 65
42 84 56
36 22 67
15 96 66
14 33 74
84 45 95
85 22 19
84 13 32
26 96 88
95 29 26
37 26 63
78 98 49
55 77 24
4 88 73
57 2 100
52 19 23
78 89 16
85 34 53
18 34 84
46 50 39
24 94 56
41 57 96
69 93 81
8 94 82
70 59 1
23 75 90
74 47 33
7 36 89
5 28 34
18 34 36
69 94 9
68 96 10
27 8 11
35 94 37
73 33 37
24 28 72
32 72 71
87 91 13
65 67 48
86 25 87
40 73 61
74 25 27
43 27 89
58 23 49
18 98 72
6 5 47
47 85 69
94 74 88
39 72 45
22 61 73
14 22 88
18 32 5
98 56 98
34 68 53
54 42 28
69 65 40
91 43 13
95 67 47
19 99 85
94 67 66
86 29 71
12 20 71
64 27 64
43 82 72
82 20 31
11 97 38
43 26 70
9 96 41
24 92 74
38 94 53
5 80 4
1 19 62
51 35 20
6 85 51
38 85 13
36 63 35
77 39 97
75 62 18
85 3 16
8 55 66
16 32 31
59 23 22
73 39 97
51 31 40
83 53 93
1 5 18
25 46 48
65 29 12
67 59 50
70 89 60
26 91 21
23 50 40
78 84 74
14 51 72
36 21 42
40 57 64
76 98 17
29 97 98
65 66 70
98 10 93
89 44 71
13 68 33
82 22 34
66 11 38
47 15 33
24 80 89
32 18 95
5 37 3
41 63 7
15 94 9
22 9 93
31 66 59
17 77 93
69 76 53
7 53 87
31 28 41
59 84 64
82 59 13
74 93 12
58 6 7
35 27 73
89 85 14
95 19 28
20 34 85
97 29 57
46 11 68
65 51 37
87 96 9
20 57 58
70 97 50
32 80 48
53 36 25
41 33 96
23 74 36
48 70 86
7 38 62
18 42 4
35 85 96
64 19 38
25 32 67
91 77 34
33 22 16
94 95 28
75 54 99
35 67 20
20 40 69
1 65 44
34 19 38
73 33 58
47 14 34
60 21 24
68 29 52
71 23 79
20 18 32
11 66 91
2 19 20
74 50 89
96 88 71
80 10 63
4 41 42
53 24 88
29 62 95
98 85 55
47 85 3
90 38 38
28 12 75
6 69 3
36 24 75
85 87 79
0 1 29
25 4 25
57 31 35
52 74 16
69 99 83
50 15 15
72 32 86
22 1 66
14 11 12
82 37 31
53 39 2
35 46 37
44 5 73
61 48 95
93 99 52
2 24 74
51 79 31
88 69 47
97 63 87
11 74 84
40 84 78
67 56 54
85 25 95
5 49 9
80 94 25
62 95 6
99 16 46
64 84 85
34 20 70
30 47 16
44 49 67
24 16 7
59 18 35
18 37 17
69 81 78
90 28 85
42 29 24
84 59 58
21 85 46
28 34 2
62 79 92
79 48 70
3 64 38
8 33 30
41 85 89
79 26 25
80 75 17
80 34 39
82 5 25
97 35 20
34 15 99
48 37 65
90 71 75
71 26 89
12 92 19
16 95 72
34 21 89
96 79 36
55 31 26
85 79 53
89 99 35
13 32 39
61 45 85
23 30 39
5 21 90
28 81 58
72 39 51
32 80 83
5 8 47
37 49 90
79 14 10
71 13 19
27 4 79
31 6 80
34 45 48
28 5 81
24 80 79
81 6 71
16 15 2
72 68 11
30 36 73
91 73 11
15 90 6
51 98 68
5 52 80
21 8 22
52 14 6
93 18 14
54 39 21
49 71 41
12 10 77
3 62 15
3 10 10
94 23 91
7 84 64
59 44 54
19 31 71
28 87 86
95 61 74
58 4 38
39 62 76
47 18 38
97 60 90
98 19 9
92 70 43
40 58 79
97 9 46
66 23 100
6 18 87
67 19 13
3 46 16
60 79 58
83 25 54
18 98 13
86 34 47
43 53 42
58 59 70
14 59 15
43 10 62
98 22 31
99 27 63
62 36 89
61 72 41
42 49 96
93 68 25
94 11 43
9 60 49
37 90 22
46 89 76
87 50 56
63 8 59
51 56 94
95 49 86
96 89 92
39 74 98
11 76 76
36 27 17
11 66 92
63 11 39
78 25 91
54 14 45
78 71 51
71 66 27
94 56 38
97 22 57
48 61 95
68 38 55
90 0 80
50 18 53
36 80 24
79 93 12
6 43 64
71 33 65
89 47 5
29 38 90
33 40 79
1 21 20
83 53 16
79 51 43
6 50 28
27 6 83
6 27 61
72 32 74
85 39 31
72 57 37
77 57 30
7 27 26
11 22 22
36 81 35
30 48 19
88 9 41
41 73 9
92 7 10
69 90 17
71 13 20
69 94 36
64 34 26
63 41 65
31 1 20
30 5 23
98 42 19
66 34 87
18 71 100
11 84 86
89 11 38
95 30 72
25 27 15
33 49 35
45 0 73
15 35 65
40 98 23
18 68 54
38 66 40
55 45 30
84 57 8
54 37 48
3 27 73
3 4 89
56 32 38
60 49 15
64 41 71
66 11 92
99 71 68
57 33 97
76 53 35
37 75 18
23 36 61
38 40 89
30 44 51
74 65 29
8 43 38
35 81 48
24 77 87
63 10 80
88 27 71
65 56 17
82 27 72
88 72 72
51 13 96
36 3 19
33 11 84
46 70 88
11 59 68
51 17 4
74 19 37
55 58 64
36 39 32
46 64 19
10 35 100
83 8 55
70 2 54
1 13 99
88 1 2
68 3 34
49 76 85
99 20 57
79 7 83
22 23 21
68 31 25
93 67 27
44 93 10
9 17 88
66 32 12
33 18 82
3 12 90
21 11 19
21 90 44
44 76 93
21 7 54
49 73 90
28 89 88
76 86 20
41 48 76
8 94 16
27 70 78
15 37 73
92 3 68
17 9 39
40 62 7
61 27 3
49 44 21
5 35 14
25 77 42
48 71 86
18 15 46
87 36 91
93 30 24
80 2 94
20 86 78
72 22 48
60 96 49
1 18 23
93 54 29
97 34 65
6 72 91
9 86 45
36 22 87
66 55 96
25 75 15
3 71 38
80 74 63
9 37 41
2 83 81
72 65 81
14 59 90
37 51 69
86 10 14
2 7 91
68 65 10
37 42 10
83 98 73
88 62 33
70 98 82
85 10 21
86 43 63
58 35 96
24 42 36
91 47 21
91 28 35
67 61 5
13 48 28
24 50 41
18 30 100
82 36 52
88 5 74
78 32 21
47 42 58
11 57 79
60 38 29
84 38 61
82 39 63
6 87 34
24 92 66
53 93 74
79 4 90
26 58 32
26 96 14
49 71 100
47 46 46
48 3 55
41 7 5
1 85 95
55 65 30
73 10 8
15 10 84
56 59 8
18 3 68
24 4 89
26 7 90
43 71 83
93 90 40
26 83 26
89 26 95
72 31 21
6 96 47
18 83 17
93 70 27
0 23 48
89 19 24
86 95 82
22 24 42
39 4 36
68 71 32
81 30 70
85 81 97
44 80 89
45 0 54
4 40 81
11 45 60
63 94 95
86 76 13
51 28 23
80 76 66
79 54 17
40 49 51
88 40 88
13 72 36
19 46 78
86 89 15
82 75 28
83 89 65
44 31 31
62 26 47
57 64 42
22 12 92
79 36 2
38 94 32
35 1 26
91 49 52
81 88 80
17 53 39
52 99 6
7 41 99
60 92 69
20 29 25
22 37 69
5 71 51
95 25 9
28 31 51
55 58 3
14 27 26
62 3 76
14 55 92
0 77 52
12 55 70
3 62 20
79 54 32
45 7 89
39 84 58
97 20 27
82 80 27
78 20 23
49 74 72
24 99 41
47 19 44
11 27 7
76 45 64
21 25 99
10 60 42
98 41 21
92 51 69
77 23 3
28 12 28
0 80 56
91 17 97
6 77 74
20 58 63
8 69 73
44 43 49
62 19 11
95 21 52
73 83 58
78 85 95
4 76 10
68 99 11
35 78 8
29 9 4
38 85 50
70 9 99
58 86 37
75 20 82
2 48 21
12 55 11
61 96 40
98 31 30
84 59 77
89 20 86
11 51 63
42 70 33
26 3 91
46 42 60
33 2 98
67 17 64
86 59 94
95 29 50
38 81 60
93 55 80
80 68 94
59 18 60
91 73 26
7 29 18
42 15 73
57 13 11
68 73 48
92 15 96
26 27 52
56 63 76
7 75 15
95 12 44
61 88 70
81 56 18
2 65 74
4 22 48
82 55 92
28 80 87
28 23 40
54 85 98
53 80 85
17 42 29
28 50 7
96 26 7
81 13 71
71 2 12
40 39 74
22 49 15
54 81 76
42 13 31
97 57 49
70 95 18
95 49 82
29 25 13
42 58 97
14 91 46
28 86 61
88 97 8
19 56 45
38 99 58
25 84 57
42 70 29
10 37 7
28 52 8
29 25 49
61 30 26
38 28 13
96 25 10
36 95 92
63 50 8
18 69 80
82 85 85
35 67 8
24 92 47
16 69 52
76 67 54
56 83 12
56 9 31
10 29 57
41 26 2
18 80 52
9 97 91
61 44 4
1 76 15
41 84 4
94 42 3
21 99 49
82 39 62
65 88 59
15 24 13
6 65 88
1 54 71
92 93 36
83 96 9
18 82 21
86 69 11
0 78 51
12 18 43
99 28 25
29 3 11
90 73 20
18 34 31
97 7 28
7 70 22
61 52 56
88 60 61
81 18 8
65 37 47
87 98 24
99 25 58
36 15 17
88 12 31
34 51 67
81 31 92
43 54 64
77 61 80
45 13 37
62 8 27
16 56 35
31 66 84
97 5 90
60 42 1
65 71 39
20 79 68
66 50 82
26 7 92
78 75 100
13 53 10
47 96 38
11 52 90
68 28 13
7 18 74
2 26 65
47 41 74
94 73 11
19 41 58
14 7 81
52 99 11
25 89 93
33 6 79
63 56 20
18 94 38
87 33 27
66 30 85
8 43 51
60 71 73
70 87 88
7 73 89
48 98 52
57 74 21
38 10 22
87 12 13
82 37 14
60 69 28
9 43 8
33 27 92
87 47 10
88 16 74
47 4 91
9 20 29
74 2 90
49 93 55
57 88 7
9 94 67
83 86 10
20 1 11
8 3 77
60 26 76
82 16 45
14 74 38
72 84 93
37 50 87
64 63 87
84 4 53
15 77 18
31 97 12
28 92 20
47 77 33
95 50 6
44 95 86
58 80 23
83 48 36
71 34 66
60 62 43
72 3 81
50 54 74
46 92 55
3 35 16
67 43 92
91 85 31
55 90 33
38 54 23
53 86 48
52 0 26
78 52 93
28 17 48
82 73 96
42 76 30
0 16 85
9 52 21
86 40 39
68 56 17
37 30 50
0 22 50
81 60 66
4 86 34
63 83 3
31 53 88
13 47 47
1 94 42
91 19 8
0 15 96
69 26 92
57 90 85
84 76 50
55 92 69
20 88 25
75 17 7
67 33 72
50 73 48
29 68 80
29 73 98
30 52 83
8 91 33
77 3 2
93 18 87
66 69 56
11 17 75
7 95 47
90 68 82
97 1 36
45 84 91
32 19 84
99 38 34
33 67 98
19 49 46
11 26 81
59 26 94
31 57 93
33 73 1
73 88 35
36 2 18
75 66 28
98 65 3
38 2 52
69 52 94
56 87 58
3 66 31
60 74 69
30 21 59
1 84 51
67 68 31
33 92 33
65 48 27
78 71 37
3 78 37
44 58 11
88 30 82
83 66 53
95 13 65
5 52 71
47 35 43
3 66 69
41 18 36
25 23 98
42 31 56
52 39 67
21 43 24
61 59 72
38 55 11
83 20 81
39 59 16
91 21 96
61 76 70
70 67 80
90 14 15
95 3 6
25 78 23
83 52 71
62 35 61
21 5 41
77 50 61
24 65 24
45 20 7
4 28 40
19 2 3
77 7 62
14 53 45
51 33 83
80 98 15
47 94 3
11 46 93
32 67 3
92 51 10
74 98 69
17 98 94
89 91 75
46 40 66
22 18 4
58 56 7
92 62 79
2 49 73
31 99 10
28 5 31
99 29 2
71 73 15
14 83 15
77 41 75
52 32 84
24 82 6
55 32 16
96 54 84
24 13 66
85 98 93
42 98 42
17 20 82
56 76 28
43 24 27
52 6 68
94 6 72
99 42 47
94 40 95
79 56 68
46 15 86
78 68 65
54 73 4
90 26 35
84 94 5
0 29 80
52 1 28
32 60 64
49 47 24
39 40 35
28 90 13
24 4 12
16 43 14
57 37 89
52 66 50
60 31 15
87 99 17
39 3 7
34 61 60
63 90 46
45 46 48
70 73 83
30 9 61
64 90 9
59 65 85
59 9 32
8 46 26
50 68 98
68 70 98
4 61 92
97 18 38
40 8 40
77 80 44
2 32 87
42 24 11
3 30 56
45 55 33
31 60 97
77 6 35
52 19 74
82 7 50
26 25 1
16 69 25
60 62 97
33 65 44
22 21 18
58 13 73
12 49 47
81 96 7
38 44 65
84 8 30
96 10 47
43 95 48
11 35 1
78 42 29
63 20 57
21 76 53
36 34 79
95 8 8
45 35 73
89 74 35
7 55 81
95 81 43
68 93 58
81 32 76
29 57 74
77 72 42
71 74 21
62 84 32
83 50 45
3 76 48
77 11 61
26 79 30
96 61 6
54 3 88
10 95 29
68 59 19
52 82 67
22 18 7
35 59 65
47 95 99
56 52 27
10 88 70
4 72 88
38 48 28
84 76 49
80 52 34
32 40 27
23 73 37
66 92 21
17 16 10
0 46 2
65 25 44
76 65 55
92 17 80
30 67 15
56 93 32
4 40 71
21 8 77
33 1 84
90 16 28
81 9 56
53 73 95
14 90 51
69 72 25
34 74 4
73 64 97
22 35 98
20 15 88
84 50 89
1 66 55
54 15 73
46 38 61
40 4 100
0 58 36
13 99 58
27 7 95
51 97 62
19 7 77
61 20 37
73 68 3
5 93 89
90 44 92
94 41 10
77 83 2
86 69 95
95 33 10
81 44 23
36 65 6
23 40 100
10 31 82
45 96 56
32 87 94
68 65 93
61 6 64
61 72 61
5 60 20
94 74 78
74 0 72
82 15 15
17 9 49
66 90 78
7 16 25
94 59 82
45 58 28
82 83 97
47 45 40
23 31 41
2 4 57
30 92 70
10 38 58
52 44 66
47 20 41
96 65 63
70 76 78
39 76 20
88 34 18
68 8 91
30 99 58
63 62 27
37 22 3
76 29 27
69 89 89
81 58 44
62 60 5
76 43 61
72 60 49
30 89 59
91 10 22
46 98 10
64 67 46
60 78 25
25 93 76
17 6 38
94 64 98
75 56 38
43 5 67
84 93 78
33 50 1
79 27 36
66 70 23
98 64 89
63 74 45
28 61 51
87 63 45
45 88 36
97 12 44
57 6 90
48 33 21
4 48 45
57 65 66
66 93 66
23 6 61
74 32 56
61 43 26
0 91 54
88 52 34
40 73 46
65 45 82
40 62 94
69 42 11
59 99 38
67 92 70
9 14 13
95 74 79
88 32 37
67 63 37
19 39 39
56 53 99
9 31 33
94 68 22
29 95 35
20 15 86
94 90 69
56 54 62
84 2 36
71 21 69
2 26 99
93 48 65
50 37 64
63 54 30
4 88 36
95 91 54
75 7 4
65 31 38
92 57 16
60 22 1
81 64 57
3 60 7
26 39 54
78 46 53
53 17 53
40 75 37
29 54 27
64 51 78
98 13 36
92 47 16
65 16 43
32 19 1
8 48 54
21 10 63
93 48 4
52 35 66
42 94 87
57 20 13
38 91 83
66 61 49
56 90 57
58 28 63
15 23 59
63 77 29
30 13 68
25 20 86
92 38 98
17 18 22
14 83 61
98 30 31
27 36 3
86 0 4
76 11 5
83 38 81
31 9 5
57 6 29
96 16 45
88 39 46
57 63 90
34 26 41
79 95 90
32 61 18
40 59 75
46 77 18
24 22 74
7 17 74
20 34 48
21 26 92
13 46 7
48 11 50
75 46 78
6 51 25
73 34 34
69 81 86
27 75 48
81 42 81
8 97 84
14 21 82
18 6 52
47 30 90
97 70 60
55 91 40
80 69 95
74 1 43
70 19 39
7 9 87
79 13 23
60 72 97
38 84 33
54 80 15
97 80 89
27 98 82
53 98 58
49 56 5
94 54 33
19 26 88
17 25 39
10 2 88
62 32 39
29 36 15
72 98 95
11 46 61
5 69 65
67 34 51
83 9 20
41 40 4
31 29 76
32 97 59
25 19 19
38 18 41
67 84 81
2 27 6
1 68 28
51 60 71
59 87 72
19 37 83
69 49 93
96 47 74
7 90 83
46 85 60
16 93 53
41 0 92
2 26 93
71 88 91
68 30 89
44 72 74
71 53 41
51 26 90
82 72 62
9 46 30
76 97 86
61 72 89
95 10 33
86 14 59
45 71 29
53 16 30
34 12 34
64 5 16
97 86 7
68 69 61
32 20 27
82 73 49
98 83 15
85 41 11
29 52 54
29 78 50
48 23 55
95 75 90
15 30 73
20 16 2
90 15 14
67 74 26
49 9 15
55 52 6
28 47 63
84 25 68
80 52 45
86 51 39
20 86 41
81 92 9
72 40 51
5 82 64
94 51 9
0 15 23
70 75 63
50 31 76
67 6 37
15 30 56
79 81 48
27 5 19
69 2 37
64 52 16
29 26 10
64 58 21
41 71 77
44 79 30
59 48 15
88 62 64
20 90 100
16 52 35
89 84 48
94 74 6
57 71 88
39 51 70
46 55 11
80 62 33
59 0 48
37 95 61
51 50 38
37 48 24
39 94 48
23 70 10
97 99 16
94 70 2
6 44 45
4 17 89
2 34 71
58 94 39
38 35 62
97 4 79
21 67 83
87 5 59
66 81 14
6 84 25
89 94 21
18 13 73
20 48 52
68 45 46
81 23 89
92 12 87
3 75 88
3 34 2
63 4 88
7 95 58
68 99 13
88 8 77
17 32 84
36 40 51
44 47 17
13 77 75
98 28 34
57 91 15
59 9 37
10 8 7
53 33 60
13 68 31
8 94 66
8 94 59
87 71 68
4 98 81
30 42 54
15 81 4
96 92 98
3 58 7
38 15 89
41 96 36
74 98 81
58 51 90
69 38 62
91 42 10
48 78 57
40 7 71
66 62 38
33 1 58
9 47 24
45 21 18
43 9 2
36 22 42
84 75 80
66 25 27
9 93 53
1 71 20
37 7 50
90 17 15
85 8 98
45 56 28
4 86 97
10 77 61
61 59 35
92 47 58
56 8 30
88 46 71
57 86 97
2 53 28
51 45 65
20 96 51
97 34 88
26 1 6
91 49 2
24 5 18
57 51 26
31 44 9
60 69 57
4 71 26
93 5 5
9 62 42
17 4 52
98 94 31
11 78 37
0 87 44
40 10 89
40 70 67
10 62 29
89 2 43
21 55 85
87 83 80
54 45 88
52 56 41
1 47 100
35 77 66
62 8 65
29 93 9
20 22 51
21 58 71
56 18 58
70 34 15
34 21 80
8 23 11
28 47 70
16 45 58
1 46 10
5 98 73
92 33 6
13 63 43
59 93 39
51 68 56
55 57 18
69 52 68
23 68 76
88 55 41
21 14 84
35 20 55
31 14 36
50 37 59
93 73 20
65 58 14
59 58 95
51 21 55
22 74 66
45 64 39
43 33 82
1 71 59
51 61 16
7 2 83
33 9 60
70 32 78
15 19 91
20 74 28
26 44 20
16 43 31
56 63 42
25 0 20
82 73 74
20 58 4
25 46 21
73 49 69
28 61 34
45 29 26
63 11 1
63 90 23
48 71 100
88 57 55
10 31 76
44 79 34
72 51 58
29 10 60
93 77 49
34 16 81
97 85 91
1 2 85
35 94 34
63 0 34
14 74 84
6 11 26
64 50 93
17 20 8
20 34 22
28 76 19
8 91 78
59 79 59
66 45 38
84 99 16
38 81 33
19 91 85
90 25 93
35 31 1
29 52 58
72 39 88
61 83 90
96 81 95
46 76 23
19 75 16
61 47 35
56 62 79
28 7 39
7 77 81
47 26 66
87 90 68
30 64 63
19 38 48
40 1 84
92 69 52
77 90 87
72 93 48
28 56 67
98 53 28
82 84 95
86 20 12
11 19 70
85 69 53
58 53 50
67 88 58
98 89 68
25 65 14
21 43 22
84 67 14
21 40 86
99 25 59
67 9 18
45 48 59
97 56 44
62 24 25
3 57 45
71 91 8
70 75 67
89 19 2
24 88 43
80 73 98
17 97 38
39 25 84
55 31 11
33 61 97
44 14 72
94 81 29
70 35 95
3 67 45
64 58 93
62 61 34
35 28 97
90 35 63
75 21 77
69 56 71
0 58 68
58 63 14
74 70 16
78 95 86
18 2 12
2 61 21
60 69 100
32 58 39
62 18 76
23 14 9
90 16 65
13 24 15
65 82 11
82 53 36
19 93 8
43 17 100
47 58 70
95 67 36
32 78 52
54 41 54
44 0 17
87 0 59
89 56 29
73 47 28
62 59 65
74 18 96
5 87 30
87 38 18
46 51 66
25 77 96
29 71 42
93 35 10
38 57 81
30 16 35
41 45 72
41 88 66
16 34 25
49 44 56
68 57 41
10 97 40
94 20 76
57 0 76
38 32 11
84 82 46
73 13 53
29 16 91
56 78 72
64 17 91
52 32 13
40 34 91
45 25 4
81 98 27
14 18 39
19 86 27
39 85 57
14 33 66
84 50 9
9 41 95
96 24 13
59 16 31
38 37 9
10 63 96
12 83 61
87 18 83
24 97 45
38 15 98
36 55 92
59 72 74
25 22 87
5 21 55
21 74 75
13 91 67
96 14 56
12 3 49
11 66 13
65 3 4
20 58 20
99 47 65
36 76 60
5 18 70
54 9 4
98 72 66
81 62 44
81 97 98
45 2 77
62 72 40
20 98 27
65 7 67
99 52 85
95 76 50
18 36 72
30 68 27
21 66 49
99 17 89
49 92 11
93 62 43
63 17 62
5 7 80
81 65 45
83 5 43
97 70 79
7 53 46
53 31 73
95 34 54
21 41 94
79 30 28
74 34 25
61 40 74
66 75 73
87 89 16
13 42 38
46 84 60
19 38 89
43 64 68
40 65 83
40 77 47
15 13 92
66 26 57
89 82 48
41 9 50
15 30 11
5 61 97
92 31 20
76 59 32
88 86 81
39 32 78
85 37 23
80 44 65
26 85 43
76 67 68
86 35 13
62 78 23
83 12 76
15 92 67
28 89 25
29 60 87
66 32 10
45 17 64
57 40 13
58 44 29
72 76 98
44 36 10
66 45 62
3 92 90
92 58 77
95 32 41
11 86 9
80 0 21
54 38 80
12 63 58
67 65 4
17 74 11
50 76 10
42 41 25
87 27 84
94 91 65
4 18 55
37 91 32
15 88 48
78 9 7
20 7 36
31 97 93
43 54 32
87 18 74
37 7 18
18 70 16
84 32 56
55 15 2
82 48 91
28 62 27
75 34 55
72 59 55
72 13 79
11 50 55
76 83 20
57 61 50
85 73 34
55 35 57
52 38 19
50 9 53
58 47 95
57 50 85
69 82 55
34 46 52
44 85 5
70 29 50
47 41 24
20 48 94
63 60 42
46 99 56
7 56 39
56 60 96
15 71 32
31 57 79
92 10 97
40 98 81
70 48 20
14 60 41
2 23 48
39 16 24
24 37 18
17 24 14
59 96 27
65 9 55
75 10 47
78 87 84
90 0 10
25 78 44
57 33 3
71 28 3
83 93 3
41 91 2
3 35 27
91 62 99
85 10 39
32 98 42
12 26 92
18 48 50
54 97 15
99 74 40
40 92 26
14 92 48
25 94 23
53 46 70
68 54 42
26 0 17
36 75 21
8 54 40
30 23 43
20 66 26
96 82 77
2 38 85
30 55 12
23 15 61
42 77 21
28 83 89
8 1 27
10 51 4
19 45 48
47 95 44
94 21 62
40 84 60
99 79 79
65 28 41
53 63 51
45 5 7
53 36 62
39 50 69
28 69 63
58 35 27
59 35 62
53 61 38
92 43 24
57 93 18
77 29 81
38 10 27
51 58 40
80 85 44
71 5 72
47 6 33
73 47 22
48 32 40
64 98 17
87 54 81
62 47 99
54 88 63
99 35 52
42 31 30
99 4 66
58 21 66
69 77 28
22 13 82
46 85 66
5 29 72
45 40 71
82 71 73
77 70 61
78 93 17
11 92 72
86 85 36
46 51 14
72 80 73
52 11 81
24 69 37
21 77 56
91 92 69
67 57 27
43 81 37
16 81 61
32 16 55
78 88 42
49 7 90
12 93 54
70 29 13
68 10 26
55 4 47
74 75 25
87 37 45
87 8 61
17 22 90
36 27 5
60 78 16
74 9 92
16 36 50
66 17 71
35 42 10
96 44 77
92 68 78
65 58 6
31 47 45
1 79 39
22 96 17
87 65 93
74 81 42
85 13 15
63 98 12
98 50 37
39 79 93
67 83 19
32 47 74
2 46 25
94 46 3
68 4 82
19 51 7
22 68 66
18 54 23
34 26 39
62 75 5
26 93 32
1 24 99
49 58 56
55 16 16
20 32 72
95 90 33
12 44 83
50 39 44
46 14 81
77 87 51
89 59 47
96 90 53
32 17 89
1 38 51
97 64 29
99 38 15
10 86 100
60 33 100
39 49 38
2 57 64
35 17 7
47 95 98
66 82 49
44 47 83
98 69 60
91 50 56
3 80 21
3 15 43
87 98 99
20 23 89
36 99 69
12 95 62
92 48 74
73 53 68
22 95 37
38 41 92
70 9 25
99 21 78
86 42 65
95 59 100
9 14 52
91 40 46
11 8 86
29 75 13
55 75 18
94 76 56
41 40 25
76 96 77
85 30 27
61 77 31
82 15 20
6 92 87
73 47 59
65 27 80
6 63 27
35 25 61
24 46 90
86 64 74
28 10 31
79 84 38
76 36 60
67 44 31
24 53 27
84 57 85
62 32 5
14 56 62
0 27 37
90 57 23
26 46 24
59 92 4
68 86 54
11 52 62
39 51 95
34 52 20
77 5 51
6 98 1
9 30 92
91 69 84
50 70 35
61 8 3
29 25 2
95 96 26
62 29 30
96 27 64
67 80 16
93 91 1
81 70 52
30 49 13
61 82 49
60 79 62
76 59 95
92 44 21
85 5 26
93 92 77
7 24 43
9 51 30
97 10 38
97 29 56
9 75 49
13 98 54
85 95 17
75 23 58
89 39 42
64 92 33
64 48 2
36 13 97
96 78 26
15 0 35
95 40 53
92 66 42
70 91 5
86 0 3
15 92 34
13 75 78
48 19 90
89 83 14
50 87 40
35 3 61
68 91 71
34 30 91
75 10 48
11 81 15
8 75 13
33 30 44
67 84 65
57 66 67
53 10 73
42 48 74
79 1 18
53 41 24
82 65 11
39 22 86
44 83 88
50 24 96
58 79 23
53 45 88
69 74 78
11 28 80
86 23 38
86 65 38
33 97 26
86 1 67
17 78 69
42 45 74
45 79 25
91 63 90
99 28 89
64 33 100
4 16 99
34 53 40
69 13 42
56 10 34
78 69 63
0 85 43
24 93 66
25 4 98
71 95 50
73 5 6
43 32 89
76 52 59
91 51 51
75 1 43
15 9 80
5 92 98
63 59 91
68 33 66
54 83 82
95 49 31
90 61 26
21 55 49
24 74 64
99 33 79
89 42 68
34 69 55
39 11 43
80 74 50
94 46 24
10 1 49
70 24 76
34 58 66
58 25 31
44 63 81
1 63 89
63 78 93
71 95 84
65 70 6
26 21 63
57 39 18
42 41 10
99 65 11
95 38 61
63 31 93
59 97 3
21 64 76
87 41 78
80 94 57
15 2 90
49 35 10
66 42 38
6 8 96
53 38 89
83 18 69
33 81 47
26 19 84
67 82 66
9 24 75
26 12 30
99 78 22
10 0 40
58 31 25
99 28 85
40 13 1
62 82 48
84 29 92
30 81 96
4 65 5
68 46 38
74 53 80
98 81 67
29 16 9
26 46 78
30 73 47
74 0 55
69 41 22
36 1 63
96 8 57
10 2 61
10 34 6
94 11 90
16 73 81
48 40 21
81 34 54
82 86 68
31 93 56
61 60 52
18 86 36
28 11 22
10 46 29
76 21 41
15 90 73
49 82 95
71 0 42
0 45 78
22 96 95
19 58 77
69 14 5
56 23 46
24 74 75
80 23 98
55 76 15
81 19 24
85 84 26
83 1 61
13 19 42
90 44 34
66 16 97
88 90 8
71 90 42
0 85 8
11 79 99
80 9 24
11 38 72
69 80 17
22 49 40
36 88 20
85 50 22
45 21 27
60 63 76
84 27 68
50 23 98
16 71 8
36 83 91
16 10 78
74 75 25
68 9 29
25 64 67
18 13 31
60 39 5
24 77 26
4 74 40
39 7 66
62 58 67
93 59 77
12 75 29
42 84 25
50 66 94
98 78 3
88 81 55
69 33 94
87 73 44
73 76 24
96 85 80
32 72 33
64 92 47
54 76 78
30 28 80
29 35 43
41 17 19
15 11 97
68 99 79
68 79 21
26 96 4
45 0 14
60 47 84
26 99 72
34 13 50
81 59 93
44 5 84
98 1 97
53 47 17
37 12 42
36 33 82
90 87 17
84 83 44
30 76 4
90 35 27
49 11 28
86 94 42
56 32 78
93 30 3
82 85 89
27 5 37
9 73 26
58 27 89
12 36 10
78 21 98
93 20 43
88 22 12
91 39 67
89 69 38
2 43 54
79 91 63
88 40 80
5 9 64
25 70 49
84 20 4
62 96 19
37 59 22
62 40 73
16 99 30
91 65 9
19 4 19
58 69 19
3 81 75
30 26 92
61 48 51
18 9 66
25 77 85
94 49 60
99 55 3
40 88 28
70 32 29
15 54 35
65 74 23
78 36 34
79 43 14
76 23 54
56 6 2
22 69 46
69 65 97
82 23 21
42 32 17
82 92 64
56 6 82
56 72 58
71 33 11
24 15 89
34 63 67
29 80 91
53 4 54
99 5 49
17 67 13
55 70 87
68 79 87
66 93 35
22 96 80
37 31 60
42 43 69
42 33 19
18 20 8
8 20 91
81 53 91
26 1 56
76 0 60
30 9 60
6 30 40
65 43 37
6 91 55
10 48 65
90 10 68
57 27 10
51 39 12
53 48 42
77 73 40
60 3 51
37 52 63
49 89 83
12 87 96
17 44 85
35 98 10
23 31 53
5 87 38
16 0 53
85 98 38
85 67 6
86 83 43
62 55 19
4 41 95
59 10 17
82 50 53
32 74 56
51 41 35
97 66 31
71 10 36
60 40 52
59 97 70
27 25 81
33 70 10
39 25 34
91 88 11
60 64 7
33 5 98
53 1 17
12 73 75
44 5 73
2 14 9
54 40 4
92 3 23
25 55 89
12 31 92
66 24 19
95 32 66
9 6 13
90 3 53
1 43 90
82 40 53
74 53 90
95 68 97
30 80 75
23 64 89
47 68 90
10 11 25
30 43 64
59 24 35
75 25 15
71 5 29
27 40 98
35 7 78
93 22 14
46 14 34
47 33 1
67 26 91
56 3 72
87 56 3
43 27 89
84 0 87
92 78 43
56 97 14
2 31 43
40 45 74
73 16 49
71 54 33
68 27 45
41 61 41
62 76 86
28 86 9
14 72 51
43 40 21
39 28 80
65 35 20
89 60 95
92 29 83
45 12 4
78 96 47
74 24 40
26 5 35
12 47 35
68 7 62
42 62 75
31 6 36
28 88 35
15 22 72
0 89 87
57 64 46
72 41 17
41 10 67
83 87 72
29 23 17
28 63 56
32 63 8
55 25 99
21 7 31
77 46 20
49 15 5
66 62 84
3 61 9
39 38 89
58 74 12
44 46 44
13 39 6
98 8 70
66 39 5
72 58 27
75 68 87
42 46 63
57 18 8
42 52 27
8 63 4
74 24 39
98 22 32
7 54 63
89 66 36
17 43 55
73 82 43
77 68 23
49 87 13
61 97 88
87 11 23
72 14 32
81 73 35
0 49 20
69 0 3
21 52 92
52 20 3
12 6 81
70 71 56
25 37 84
75 44 64
63 50 53
80 64 63
82 48 14
19 69 13
4 96 30
1 69 23
99 86 31
92 14 58
37 66 2
15 69 47
53 93 85
18 30 29
2 66 8
62 26 34
63 3 14
67 11 6
59 68 59
99 5 12
51 17 94
36 74 72
71 93 71
5 84 54
51 10 14
53 49 38
65 91 98
28 1 7
92 29 39
24 77 13
16 20 28
34 77 76
73 15 53
14 67 16
30 50 7
51 61 89
63 84 17
57 98 70
53 25 11
66 20 6
17 25 94
15 45 73
19 81 50
1 89 26
3 38 15
15 96 31
25 31 52
42 6 44
54 61 92
69 10 74
51 10 34
63 73 63
39 74 71
64 26 66
86 35 21
3 41 72
12 87 70
29 20 47
51 17 34
96 91 83
84 41 83
65 46 45
8 24 53
33 50 3
61 29 91
35 36 67
41 86 31
67 47 48
13 21 96
35 41 12
37 87 61
40 33 26
51 63 90
47 19 42
59 6 99
87 62 51
41 75 9
27 19 37
89 16 81
67 66 15
27 45 33
73 66 24
0 90 81
29 25 64
34 90 10
91 31 91
50 76 34
38 92 77
90 20 72
13 63 12
20 56 78
54 81 20
33 50 16
80 54 37
19 13 100
95 57 84
30 46 82
52 41 35
87 28 33
87 47 98
59 99 55
22 54 88
96 46 24
9 31 7
56 35 29
57 71 11
74 65 12
32 40 91
13 28 17
43 40 40
71 85 70
21 47 77
15 67 65
61 42 25
2 18 68
82 96 23
98 29 8
1 57 96
71 87 30
48 7 86
62 98 16
48 95 67
30 3 96
42 78 50
88 90 83
91 26 94
66 33 33
21 30 72
52 11 22
79 65 31
77 70 96
67 16 80
6 54 42
97 98 81
54 94 28
16 22 82
34 77 17
45 41 98
78 26 70
21 3 90
1 44 47
14 55 11
74 42 53
44 95 78
90 99 27
53 38 83
92 46 22
3 82 2
19 36 97
55 96 49
22 37 95
10 77 80
5 64 11
81 85 23
96 35 3
92 36 28
58 88 67
46 14 51
92 49 3
72 22 57
30 49 25
1 66 20
95 77 41
89 12 83
21 16 46
75 46 27
81 33 56
21 99 35
3 90 66
12 98 47
51 85 88
75 76 59
52 40 75
27 88 71
31 36 34
31 43 3
89 28 9
70 75 29
80 67 88
73 2 17
74 22 87
52 87 72
43 93 29
88 75 100
29 91 59
58 8 18
75 45 1
87 21 76
20 3 30
80 93 73
22 68 97
32 89 52
87 70 7
61 62 8
94 66 31
7 43 15
54 80 40
27 46 20
39 88 38
71 78 87
70 68 22
31 80 64
77 47 80
46 95 44
46 64 68
96 78 17
34 35 63
10 40 46
11 96 73
42 80 34
28 82 22
89 80 8
78 93 68
39 75 78
87 21 4
16 63 67
81 38 41
3 97 22
69 46 61
31 16 40
86 72 59
16 65 2
94 33 75
29 7 95
38 52 98
6 91 55
81 46 85
29 72 84
8 63 90
24 73 96
88 48 7
59 76 2
23 92 39
43 25 7
24 61 83
31 68 98
70 35 70
73 54 66
40 45 11
41 60 38
79 22 65
10 70 56
51 53 79
23 54 48
85 17 91
11 82 39
9 82 94
14 59 79
80 62 43
67 9 71
87 18 30
82 56 65
7 35 19
43 91 96
68 96 68
89 2 74
84 64 93
57 94 5
67 81 81
91 4 13
54 84 59
64 28 4
77 94 20
85 72 59
91 62 67
15 79 28
31 16 8
41 11 59
20 70 58
26 99 52
44 26 67
61 39 36
64 47 48
9 88 25
76 42 59
80 61 39
46 41 29
87 74 37
50 22 31
59 91 87
75 18 100
73 21 55
2 79 99
82 86 6
9 8 39
63 32 53
69 2 59
4 85 78
52 32 69
16 15 24
86 2 80
67 10 97
76 25 23
95 78 9
48 27 48
32 7 100
0 28 48
56 76 46
2 73 4
42 12 15
82 60 31
37 1 9
87 71 35
68 56 77
64 19 83
49 85 89
3 87 93
81 57 58
63 43 44
48 29 43
94 18 9
64 55 93
27 35 29
22 95 23
52 1 29
61 77 10
39 57 78
9 30 92
33 51 85
38 99 74
99 92 11
38 60 3
44 95 15
92 12 86
84 8 38
79 33 64
72 5 15
74 78 18
91 86 47
47 70 72
82 45 58
12 32 89
75 99 95
77 11 6
67 24 21
96 20 99
5 13 31
59 17 52
49 22 88
58 96 79
17 29 59
15 39 94
77 42 85
66 40 55
32 84 74
99 56 21
5 21 19
11 70 71
13 68 5
65 98 39
71 82 75
36 45 65
69 32 84
62 71 8
43 47 91
86 38 91
59 68 84
56 42 29
89 93 82
38 21 22
40 67 53
13 93 93
51 67 16
77 84 23
29 50 40
68 57 32
50 17 38
2 83 61
39 78 81
70 13 21
52 23 66
97 9 98
64 2 99
41 77 28
67 57 66
96 39 29
9 11 63
12 63 81
1 65 15
11 20 9
22 62 91
23 57 40
96 8 46
17 60 58
30 76 41
75 43 77
20 80 94
34 49 100
77 89 37
38 91 100
87 34 36
61 15 61
20 75 13
69 48 50
1 68 57
2 48 68
16 94 43
15 67 40
43 66 90
41 53 73
18 60 88
94 89 29
51 98 34
31 29 96
8 63 84
2 17 27
53 95 73
42 8 10
61 63 1
97 69 74
16 14 16
76 39 68
75 27 30
38 30 25
39 32 2
81 0 31
83 44 26
90 41 14
59 64 34
10 44 57
93 8 73
53 90 30
99 81 90
82 78 48
77 33 19
23 16 27
4 44 1
35 94 41
78 2 56
53 33 20
79 63 97
74 8 44
48 28 96
4 34 46
58 24 29
31 67 25
59 13 54
45 97 39
29 68 39
99 11 44
24 94 84
62 48 19
80 65 37
32 83 81
90 87 80
17 75 97
86 61 75
24 5 91
4 36 9
45 87 93
16 13 16
84 14 21
25 27 57
46 24 46
80 75 55
28 49 22
55 15 44
8 30 1
59 99 94
80 87 65
47 18 89
44 65 46
65 1 38
90 13 29
23 94 23
7 71 13
25 64 69
7 38 85
87 47 48
28 19 44
85 90 58
36 20 21
6 17 14
17 8 36
78 45 67
82 25 57
23 54 67
34 30 41
19 74 86
90 87 62
96 19 19
86 91 64
5 61 85
24 17 20
89 48 88
29 92 86
65 12 39
88 47 5
70 46 42
69 37 65
98 2 87
90 77 13
71 62 24
55 6 64
40 85 54
11 95 100
25 18 7
98 74 22
75 7 23
78 58 19
3 32 87
14 91 26
66 13 44
85 97 81
36 79 52
58 90 75
97 70 15
28 60 36
92 30 94
23 54 74
28 12 34
47 99 73
6 96 6
57 32 8
49 36 57
58 73 3
37 41 18
32 4 68
34 77 94
58 27 81
4 98 24
4 54 85
39 59 56
41 91 39
41 92 30
11 96 19
27 78 35
5 75 51
66 68 89
24 4 59
35 21 12
13 16 82
36 12 80
21 6 50
3 86 53
13 11 77
79 5 77
33 65 83
55 28 40
13 51 3
14 57 32
68 19 55
78 31 69
95 96 93
52 8 23
56 2 91
93 36 94
57 52 52
25 63 77
5 29 44
39 13 32
69 33 68
84 46 62
55 37 48
92 61 36
74 87 34
30 6 29
79 90 50
0 73 60
61 80 4
8 90 7
84 30 79
74 99 72
71 10 12
49 35 33
7 81 28
35 99 15
86 32 98
15 92 64
2 98 76
54 44 79
98 82 100
92 69 87
15 18 51
5 85 34
1 96 65
9 20 29
28 47 18
22 46 11
64 26 3
43 85 34
24 48 69
59 83 58
89 65 34
83 47 78
33 64 98
12 98 100
19 73 61
0 27 17
29 93 89
80 18 91
37 50 10
11 58 61
11 8 48
43 7 82
26 10 74
83 12 88
30 15 18
99 61 12
94 26 68
75 15 98
0 47 49
97 34 31
37 41 76
38 47 41
10 3 36
16 43 91
26 91 21
58 43 13
53 37 77
70 4 93
83 30 87
37 93 84
62 93 95
95 31 68
64 44 55
4 43 45
82 5 23
27 71 67
71 52 76
5 65 52
32 24 76
22 96 69
22 10 75
64 67 58
88 54 44
2 50 78
96 14 32
83 36 43
29 77 32
42 19 42
70 32 3
32 83 91
80 14 12
59 49 56
18 96 94
88 51 81
68 83 36
32 0 45
38 49 85
74 93 39
58 94 67
19 31 83
91 53 45
65 89 70
29 95 78
19 3 70
52 20 31
15 89 86
79 38 26
73 21 74
35 45 72
95 18 71
15 96 27
71 63 59
91 90 69
18 26 11
88 64 28
36 69 41
64 66 93
43 47 13
68 74 8
78 46 54
33 3 99
17 42 98
58 96 55
21 31 55
67 74 59
90 68 43
4 54 63
69 85 89
68 75 45
41 91 10
56 76 85
92 48 26
42 90 52
36 26 86
18 74 71
86 80 56
74 23 86
49 1 35
56 79 79
22 39 14
95 4 57
7 82 93
8 42 20
8 78 67
36 77 63
57 63 88
50 18 52
58 1 67
40 20 37
53 77 68
10 87 40
82 56 14
45 51 67
10 91 54
41 22 29
72 70 71
64 85 41
19 78 45
22 10 8
78 24 90
48 92 61
68 54 3
20 46 74
97 64 43
46 80 51
87 14 7
59 56 18
40 0 71
20 55 66
20 15 85
31 96 12
8 12 92
31 65 39
92 10 91
72 86 74
47 37 38
59 20 20
66 7 21
51 43 38
95 13 56
94 4 67
82 5 86
46 70 80
10 72 17
91 49 29
82 27 54
69 95 58
42 36 11
49 47 6
85 40 16
69 49 2
90 37 63
44 37 99
64 65 78
2 88 19
60 35 88
89 94 32
30 17 60
21 55 69
43 94 41
55 64 24
12 42 65
43 36 35
90 33 25
21 14 23
16 62 2
21 15 15
71 43 86
35 97 91
53 79 12
65 81 97
82 67 19
32 44 58
41 69 25
41 4 9
54 10 52
74 73 59
79 15 4
84 77 99
62 31 65
50 43 8
43 57 70
39 42 81
77 11 49
35 85 1
95 37 77
98 42 12
71 63 24
54 58 92
41 76 96
80 91 35
0 91 80
72 80 81
12 21 4
96 58 6
19 73 78
73 32 21
20 90 2
70 59 63
49 16 39
32 95 15
16 87 2
6 17 79
41 7 36
91 9 32
67 7 57
94 47 76
98 54 2
97 45 25
48 63 67
59 77 93
99 10 20
26 92 37
0 66 84
25 35 33
61 18 22
29 13 47
3 36 21
91 85 97
15 60 16
84 98 98
5 0 94
29 84 93
21 49 41
59 88 10
77 78 47
28 95 54
29 61 79
55 0 1
94 37 29
16 4 45
35 99 55
68 67 46
26 90 85
3 47 39
66 79 32
86 42 37
17 58 83
71 59 73
24 65 61
94 92 98
33 68 64
62 9 53
21 50 89
88 18 76
72 9 74
27 3 88
57 91 43
70 86 77
95 68 41
13 63 22
91 57 30
87 24 39
78 92 24
60 82 51
46 0 26
82 1 34
41 33 41
64 4 80
4 68 70
6 21 29
54 63 79
58 5 54
94 30 7
63 54 88
85 73 50
94 5 84
11 69 45
60 27 76
26 25 41
75 33 19
91 59 80
68 48 71
16 74 75
26 15 27
92 47 45
88 7 48
75 4 35
23 84 78
22 94 20
34 46 34
96 77 3
78 45 97
80 75 76
51 48 52
85 5 48
13 87 28
15 17 26
67 34 28
10 74 5
39 84 33
94 70 90
26 25 5
47 54 77
23 93 76
12 41 15
64 54 28
63 6 79
52 81 95
51 57 86
50 22 15
94 36 42
18 65 50
25 41 43
67 95 41
74 82 18
75 57 55
65 74 41
70 80 6
85 14 22
97 2 75
55 52 32
82 33 47
87 26 63
2 27 72
58 40 96
33 36 10
93 69 81
66 52 15
64 75 84
31 20 68
12 56 73
24 72 55
12 44 100
2 31 52
8 54 80
37 23 72
88 1 93
23 91 20
1 11 12
95 36 10
57 55 16
91 61 80
9 59 26
9 90 41
53 75 31
56 32 11
90 32 3
68 92 26
35 66 84
51 69 97
80 31 35
37 4 36
90 29 19
19 60 39
27 56 80
59 17 25
83 6 38
69 70 77
31 34 60
37 68 74
19 15 19
97 29 35
97 94 26
22 88 54
17 91 32
62 22 78
79 62 80
72 24 92
93 83 13
86 97 24
1 28 49
49 78 10
84 98 97
62 27 4
47 69 76
41 92 79
81 57 30
4 88 3
79 39 6
93 50 52
74 3 83
46 1 24
74 80 52
52 81 73
60 71 43
81 57 92
71 35 12
54 66 82
15 50 76
12 1 27
78 21 10
84 50 59
33 37 62
46 85 94
24 92 75
14 57 85
92 8 82
82 17 39
5 55 100
46 39 68
67 43 90
21 6 38
23 79 96
36 19 78
36 11 15
8 74 57
33 90 97
85 83 86
39 1 51
35 0 43
62 27 32
67 37 10
57 67 54
45 18 82
1 50 85
65 46 6
44 96 52
29 42 21
48 53 1
4 99 92
72 97 90
83 84 52
97 11 96
6 69 71
54 5 2
61 31 67
1 27 51
9 83 99
15 40 4
32 22 81
78 64 4
37 48 53
69 81 19
62 46 40
56 59 86
32 61 97
81 87 70
77 26 10
88 1 88
0 37 40
87 25 9
6 64 66
66 96 14
57 71 54
72 18 64
72 65 89
22 44 63
12 49 89
1 81 84
9 55 4
72 96 48
66 94 65
91 62 14
99 75 14
57 25 29
75 44 68
19 55 74
37 55 39
73 77 78
35 72 17
28 90 33
92 18 12
47 6 64
44 39 8
64 31 32
1 95 99
80 82 42
31 25 32
32 12 22
20 88 74
52 34 39
5 29 76
85 32 64
78 81 67
18 98 70
74 77 14
52 65 4
77 22 60
99 80 65
80 25 2
74 25 85
83 67 22
3 93 64
98 1 78
27 49 60
33 72 58
37 51 37
34 1 75
98 92 17
6 96 76
28 53 3
55 47 38
18 93 72
50 46 94
82 32 27
76 20 3
91 57 24
26 57 72
79 81 79
54 28 8
64 11 6
48 53 56
11 86 22
69 27 84
77 7 18
99 27 83
86 20 20
54 85 3
65 97 71
98 28 87
91 54 24
57 1 47
59 50 92
47 26 4
82 92 68
17 18 49
50 21 81
19 55 100
65 48 64
4 22 85
83 10 83
32 38 62
38 79 39
27 88 52
87 31 10
34 40 7
76 96 12
63 22 88
75 25 97
92 61 65
4 41 89
21 49 66
90 23 3
39 85 11
86 39 7
51 42 80
5 46 41
74 34 46
41 71 73
22 9 78
81 5 83
80 66 97
39 20 30
34 96 2
45 95 33
78 73 22
74 92 3
46 62 76
54 58 32
17 18 37
6 87 37
98 30 98
74 41 82
1 16 12
40 7 89
27 11 46
77 59 55
49 1 2
5 30 54
68 6 33
99 35 25
15 62 73
34 59 36
43 19 26
75 26 31
4 2 86
39 95 91
11 37 24
92 7 79
13 17 34
60 96 30
77 98 10
79 91 41
64 49 15
64 52 51
90 23 73
29 67 50
20 61 44
92 67 29
40 80 36
54 87 34
76 68 27
72 43 3
36 59 90
38 85 98
65 97 34
19 39 36
8 42 68
11 8 46
81 41 61
92 36 8
67 39 12
63 33 78
38 99 65
64 66 1
21 49 72
49 70 86
84 48 3
79 63 52
5 83 75
5 58 97
34 24 95
78 2 43
86 39 5
16 61 84
24 87 87
63 34 44
25 34 40
23 16 69
84 58 89
80 23 41
54 73 87
0 93 71
98 10 3
99 56 71
36 4 33
59 34 65
76 63 87
50 32 89
95 16 42
20 23 43
83 62 48
19 12 57
1 99 55
90 17 69
44 1 29
87 26 90
41 27 60
5 93 71
56 40 76
31 48 54
53 63 87
72 50 62
52 68 9
30 82 11
86 43 88
44 84 37
8 88 21
61 57 73
34 60 60
58 11 3
11 96 7
1 57 22
50 91 3
40 12 66
23 83 59
63 64 70
42 71 1
76 15 26
79 57 31
5 39 23
68 93 100
26 30 23
96 13 90
95 1 32
68 33 74
19 73 6
88 74 35
88 2 63
82 52 47
24 91 74
50 16 62
27 89 76
61 36 27
41 48 51
15 47 62
82 10 93
78 0 12
24 50 44
49 8 85
49 32 2
87 32 73
13 87 34
27 7 8
54 15 57
22 2 91
78 77 53
80 78 39
61 21 87
19 48 34
44 98 94
38 63 50
23 27 33
26 66 87
94 65 8
7 26 98
87 16 42
45 0 4
47 89 81
38 94 67
83 67 43
67 80 32
71 81 61
30 25 47
7 30 60
70 25 20
72 42 5
71 70 93
54 57 51
52 30 83
58 25 11
8 1 50
57 95 41
22 1 39
83 19 16
18 7 12
48 88 7
64 50 48
37 25 57
78 69 82
27 91 29
47 56 34
28 35 62
80 40 38
62 39 8
72 70 6
40 13 97
60 88 52
72 56 53
97 58 26
12 95 30
85 41 18
57 25 75
20 67 79
18 23 36
40 98 32
84 75 39
32 40 27
19 68 91
1 47 50
41 94 50
88 87 29
68 52 89
5 55 59
94 35 1
3 13 35
77 23 25
52 60 62
14 74 4
35 24 23
76 18 45
94 23 56
23 13 47
13 31 86
98 95 32
74 16 86
50 45 72
19 95 94
42 22 29
99 70 97
13 92 82
67 95 50
10 35 59
1 43 30
85 32 98
78 43 88
50 5 53
57 65 10
80 84 48
61 13 100
75 7 2
44 84 48
94 32 76
16 81 59
51 11 1
76 50 80
26 2 58
86 53 84
27 70 24
82 14 3
26 60 49
52 31 20
86 34 87
34 27 50
93 62 29
46 86 28
79 65 40
84 26 62
37 80 79
62 69 57
18 49 33
49 58 94
49 44 85
39 57 76
42 4 47
15 94 80
77 20 53
86 79 25
54 63 48
96 54 93
90 54 73
84 28 100
51 93 44
73 67 80
10 20 57
79 72 44
66 5 88
56 65 9
8 76 18
39 13 69
75 5 12
72 22 88
37 66 2
18 45 29
18 56 79
60 77 76
56 96 64
61 40 99
54 96 5
86 9 26
36 76 22
69 54 59
36 68 73
49 13 11
24 84 94
85 20 29
37 88 45
0 86 50
86 83 11
57 34 85
68 58 64
27 48 17
65 0 86
69 89 41
67 70 35
28 33 51
26 27 29
17 58 83
82 15 32
54 39 74
46 93 83
37 75 58
8 37 20
70 85 10
31 5 81
46 77 39
41 92 14
87 82 37
33 53 25
15 27 53
56 98 89
69 34 59
40 63 81
89 87 25
57 92 24
89 66 90
56 81 83
33 32 5
74 99 10
63 90 92
8 85 85
41 37 48
80 30 30
97 86 49
20 90 37
39 5 63
61 25 20
61 67 45
9 19 39
99 98 59
55 33 37
8 4 11
11 81 70
63 99 95
72 78 56
32 26 58
16 24 8
76 22 54
89 54 94
36 44 9
4 72 21
96 59 26
29 0 5
22 40 89
70 71 85
3 1 44
56 86 50
74 27 16
37 51 7
49 15 67
98 69 77
48 15 61
15 53 94
36 71 95
2 58 86
99 88 35
19 41 94
3 31 70
81 62 2
62 77 21
69 21 87
91 56 71
88 82 43
8 17 60
16 77 23
70 17 96
53 60 92
95 94 68
24 93 5
60 16 87
35 79 25
82 49 11
10 13 15
13 4 54
97 18 24
23 8 78
50 47 36
73 67 6
2 50 71
44 78 99
32 19 23
98 7 66
19 26 58
99 41 34
14 20 42
12 73 69
25 62 8
1 46 94
38 40 27
16 41 54
37 68 17
45 2 59
64 53 57
19 29 24
14 71 61
2 61 37
36 40 1
6 5 33
98 44 89
14 33 55
78 26 95
6 92 17
46 66 85
39 20 49
31 93 21
78 98 44
0 5 67
79 2 81
11 30 20
33 70 86
95 71 58
31 73 25
32 44 47
83 62 47
82 66 86
37 76 91
35 18 53
20 86 22
78 52 72
15 49 6
14 83 26
63 78 50
86 33 18
9 87 28
87 67 17
21 13 12
84 3 37
24 83 86
40 6 97
46 31 33
71 36 59
57 2 19
72 16 42
94 97 68
64 36 32
13 49 86
69 43 72
74 20 77
47 19 57
18 49 12
47 97 44
86 61 69
90 57 61
35 34 24
6 70 90
97 41 46
76 6 92
17 7 90
77 95 43
35 42 74
80 69 37
93 83 63
91 23 3
3 5 35
13 16 8
39 63 88
42 70 84
75 74 50
96 15 69
29 13 39
47 51 51
11 46 73
61 85 93
89 98 89
21 78 39
17 68 97
82 41 67
9 40 62
50 43 15
57 16 81
0 14 2
81 30 91
89 48 84
67 76 17
28 5 34
47 60 34
65 22 41
75 49 62
52 72 33
47 54 2
11 67 33
71 10 2
40 20 85
34 78 93
92 62 75
73 92 49
97 29 39
89 44 30
66 91 36
72 86 94
12 70 55
24 58 96
45 0 26
40 12 41
46 47 31
77 20 61
72 6 80
5 16 79
11 80 30
27 81 85
50 74 51
60 88 60
89 72 35
14 0 3
32 58 40
78 44 61
17 23 59
92 31 25
70 39 72
59 20 1
22 89 36
72 47 1
51 33 21
47 73 1
98 10 70
59 5 24
57 62 6
84 41 68
90 20 68
29 15 47
85 82 71
27 73 5
52 61 57
50 91 65
91 84 99
1 43 21
36 35 38
53 57 62
42 70 47
39 57 78
48 29 57
98 53 75
4 82 56
71 18 26
21 2 83
68 28 43
82 69 8
85 64 61
20 2 38
74 76 27
15 89 26
65 14 73
82 86 1
39 52 27
43 10 13
31 12 27
21 74 78
12 72 92
14 51 56
73 17 87
8 5 63
35 3 86
3 15 72
62 30 14
61 39 57
94 42 42
12 99 94
63 73 77
5 27 17
22 9 41
60 55 59
23 24 18
25 77 32
12 82 28
68 61 6
49 68 18
89 53 7
80 58 48
93 35 61
26 5 81
90 54 12
89 5 15
15 25 8
26 89 7
9 37 85
16 85 13
4 46 56
47 10 56
42 50 3
37 51 5
80 95 16
4 57 20
59 68 22
61 86 84
10 73 59
40 41 21
71 53 85
82 13 23
0 22 58
82 60 92
63 60 56
82 75 29
32 81 92
14 0 24
41 72 31
27 14 24
55 75 80
7 63 77
47 75 50
28 34 54
50 93 45
84 38 98
15 32 85
32 8 84
23 89 82
61 36 6
85 19 75
95 71 63
70 53 26
10 95 29
81 94 22
46 14 51
23 80 27
72 15 97
63 97 4
69 77 40
89 70 56
80 78 95
2 42 70
76 71 72
60 16 80
69 21 99
5 99 28
11 25 39
27 44 30
54 98 55
33 13 73
88 8 79
76 6 10
96 47 63
88 50 24
19 3 4
26 2 30
95 91 47
2 12 13
88 15 7
31 70 36
55 71 97
65 91 6
78 23 94
59 74 15
24 16 50
51 95 51
62 61 71
30 64 14
28 81 10
4 97 59
43 62 85
80 94 61
43 13 98
11 95 10
71 77 80
41 26 30
72 33 65
10 88 38
96 25 18
71 4 54
13 34 18
21 15 23
56 4 1
80 65 6
32 67 78
17 37 78
98 1 16
24 78 35
33 40 89
73 31 6
25 1 22
91 83 57
37 42 37
29 50 42
62 27 90
87 34 43
16 48 49
56 14 31
90 9 70
99 48 9
36 92 29
61 29 37
74 15 59
40 72 96
41 55 18
8 42 30
32 34 75
13 92 54
9 28 79
35 88 35
83 46 3
27 84 34
14 11 85
95 34 76
82 53 67
56 89 90
2 82 34
83 30 3
18 13 79
65 31 56
23 74 18
96 69 52
67 5 99
91 80 40
88 11 32
33 87 20
82 0 55
54 14 99
76 90 64
54 11 79
1 70 54
73 3 98
22 39 73
84 95 17
7 75 54
1 60 70
62 24 50
60 61 81
91 99 93
25 27 7
92 58 17
64 22 73
68 17 26
32 62 80
59 54 56
48 32 42
55 42 35
67 1 94
21 49 81
58 47 4
12 52 99
62 40 74
10 67 61
72 98 63
66 44 2
12 76 47
34 81 92
47 51 80
27 72 41
24 54 64
28 25 86
37 21 38
81 97 16
20 35 29
60 29 26
17 9 62
86 87 70
61 42 18
18 99 71
93 57 17
54 36 28
15 37 49
83 59 84
66 80 74
40 42 74
92 99 99
46 31 11
97 45 54
17 19 76
4 52 27
42 28 40
39 48 89
45 99 79
60 73 23
2 74 43
13 63 75
24 4 9
65 56 40
64 85 38
82 9 95
74 32 87
10 62 86
24 44 51
25 65 81
89 17 62
62 25 26
95 73 15
59 42 47
65 90 18
41 99 60
52 18 85
98 35 91
3 10 70
37 12 31
98 14 66
85 26 91
58 89 62
78 11 4
40 85 65
43 70 12
98 14 18
11 25 79
51 27 99
75 38 10
86 71 48
24 68 33
67 13 65
85 56 13
45 25 32
35 87 10
57 9 39
51 11 38
18 36 60
30 36 11
72 63 94
20 34 21
42 28 76
63 4 47
58 50 56
99 79 27
83 21 57
52 59 95
55 21 27
25 19 44
67 4 82
96 16 97
85 31 32
15 99 94
38 72 51
39 70 35
66 77 12
78 69 89
57 31 17
77 50 97
55 54 46
21 53 71
89 80 66
49 92 4
2 6 99
62 67 1
92 86 84
12 97 22
81 9 42
67 70 96
50 22 68
34 89 47
67 11 18
59 34 18
7 3 26
34 35 58
75 17 47
12 7 17
9 90 61
22 74 61
50 63 59
47 45 8
41 15 40
43 70 33
37 10 91
31 78 31
24 88 63
93 2 1
68 73 81
90 97 12
47 67 32
5 26 40
29 91 72
89 8 50
96 43 68
8 74 61
52 18 9
63 10 77
5 73 93
3 71 8
16 86 57
61 1 97
23 39 71
10 65 32
60 28 11
79 92 98
50 41 7
48 76 29
98 63 23
71 60 4
56 6 80
15 19 94
24 6 36
42 38 75
69 26 15
19 87 88
61 66 38
28 88 74
43 58 19
47 49 78
7 39 2
80 8 98
91 77 9
26 86 84
77 60 81
26 7 57
1 2 22
49 45 89
13 90 41
50 93 79
0 78 30
87 6 46
70 36 51
67 30 24
41 47 63
91 36 34
80 8 89
75 99 54
12 60 65
16 99 27
33 73 68
76 41 54
83 59 87
17 46 43
99 46 81
4 93 77
75 26 95
28 7 48
29 1 35
87 9 71
56 29 77
78 26 50
32 44 43
78 95 86
91 50 57
49 72 15
18 1 41
45 60 45
11 86 63
37 96 23
88 21 43
48 80 52
86 27 83
80 64 55
9 34 3
35 17 6
83 79 86
40 23 64
43 67 97
99 42 14
97 3 69
69 55 32
40 98 79
1 71 72
86 38 21
62 63 43
93 9 63
81 3 48
53 35 55
13 71 37
13 53 91
80 69 74
57 10 29
73 95 93
50 42 39
28 0 36
5 10 62
90 33 54
86 33 95
85 82 40
94 55 100
93 34 50
9 53 27
52 36 27
68 94 49
4 21 71
81 63 29
64 53 40
63 7 69
33 20 70
63 77 3
93 21 42
53 40 15
23 4 59
77 68 70
77 97 92
67 97 97
60 41 63
32 18 63
55 88 30
33 68 81
10 50 50
69 29 45
87 44 97
60 84 98
82 71 10
28 43 80
60 75 85
83 30 44
67 13 1
46 64 42
1 14 51
88 5 42
69 55 82
53 38 71
62 46 15
1 92 55
29 83 9
24 26 75
96 6 56
79 39 79
41 63 25
5 75 56
79 16 18
76 46 88
77 34 5
55 91 45
12 66 49
46 62 59
85 3 67
72 57 27
68 9 43
27 65 33
42 6 17
34 78 10
75 86 13
64 1 25
25 39 61
53 25 96
72 45 84
81 70 79
54 8 40
21 22 35
13 12 71
11 40 40
70 86 24
28 40 29
42 69 64
31 12 64
28 68 87
34 19 34
15 16 91
34 95 93
97 91 64
81 8 33
63 16 39
18 54 47
72 42 44
26 91 71
85 56 93
59 98 16
