30 90 28
50 6 3
99 82 92
3 62 14
62 86 95
52 10 47
31 45 20
63 70 11
97 70 24
50 21 13
45 64 85
64 66 94
96 95 86
9 45 68
20 94 29
40 45 2
37 4 2
49 50 62
11 46 53
20 72 60
70 97 36
29 52 59
48 76 28
71 2 84
42 4 50
55 82 46
48 62 36
79 64 72
66 35 91
94 87 50
10 50 85
7 63 99
69 52 34
34 32 41
99 71 81
42 98 19
53 61 72
37 8 5
19 63 94
25 57 60
94 93 67
61 99 67
94 13 28
46 76 94
18 71 3
82 78 62
39 62 33
72 85 22
84 95 56
21 4 28
38 36 79
7 88 88
94 34 91
30 7 92
29 95 59
69 84 11
97 32 23
10 22 84
24 11 72
63 43 18
95 33 80
82 58 81
47 11 8
76 36 52
11 39 2
38 45 86
90 30 68
19 38 93
74 64 44
17 10 78
12 59 30
67 2 73
3 40 40
43 24 15
61 51 38
28 60 41
65 35 39
39 63 45
73 14 10
69 34 92
92 17 43
3 59 91
73 74 28
18 17 15
38 23 100
5 36 86
22 70 8
42 91 78
13 11 87
79 29 42
23 82 16
52 33 39
13 70 6
96 15 66
54 16 64
32 97 74
44 89 13
46 18 9
58 17 56
49 42 28
68 60 12
50 58 73
7 12 20
40 57 100
3 95 17
37 10 74
67 43 12
66 75 15
38 71 37
65 91 68
31 6 68
27 7 19
17 82 46
11 30 73
23 69 74
30 16 85
31 2 83
10 76 5
22 77 24
70 69 25
96 73 70
39 90 87
18 73 42
45 83 19
41 64 45
18 86 65
97 73 10
32 54 74
27 78 84
5 86 61
28 20 41
20 74 41
69 93 61
29 57 23
68 73 75
0 66 82
68 81 84
2 34 56
16 95 54
4 74 69
17 20 11
28 56 49
17 83 89
23 50 83
77 53 58
45 56 46
33 52 20
20 37 50
72 89 56
69 22 7
38 63 44
30 17 85
9 72 75
63 24 40
10 18 76
62 9 20
79 75 33
4 27 10
85 55 20
91 32 44
80 21 41
16 40 4
71 86 18
56 62 81
96 19 89
82 62 53
6 8 51
92 22 58
81 98 64
19 9 77
38 45 73
42 19 24
25 65 55
33 1 6
89 41 20
37 6 27
27 76 84
46 69 23
18 49 47
44 12 85
88 93 43
26 86 19
46 49 68
44 20 1
64 49 65
12 98 99
1 25 8
13 53 70
96 87 25
12 88 48
83 64 43
28 63 7
87 48 6
12 20 35
25 22 50
8 75 82
59 96 83
27 93 37
92 24 91
99 15 3
84 16 28
93 2 74
96 63 16
45 47 89
84 87 99
94 91 72
69 2 40
64 61 3
93 60 16
4 9 40
12 65 15
58 16 65
10 45 90
86 21 58
32 61 94
32 20 98
13 74 76
35 64 21
61 14 11
97 10 1
65 37 9
97 32 100
87 28 82
95 38 48
86 8 5
29 67 25
19 95 59
46 44 80
31 37 77
93 75 24
51 49 66
21 99 51
48 98 33
41 97 61
55 61 9
62 9 36
13 8 96
48 50 14
13 78 9
3 60 77
48 13 92
46 59 83
77 28 10
99 13 44
83 67 73
82 13 80
22 52 45
99 56 80
97 36 65
41 30 90
18 11 6
82 0 92
88 33 99
14 4 99
32 79 63
88 13 49
43 91 17
15 92 67
2 38 92
12 24 56
22 23 31
38 42 88
85 4 88
61 2 59
75 83 6
76 36 78
85 76 17
86 61 61
80 29 21
19 5 12
54 48 48
62 52 29
87 21 24
50 81 64
64 61 5
26 35 20
10 39 3
78 15 97
85 59 22
11 76 55
86 27 42
69 59 78
64 78 14
12 21 89
42 62 3
98 93 52
6 14 85
81 94 78
20 57 11
24 67 53
45 37 78
26 10 1
32 94 31
84 23 9
0 30 30
19 34 33
88 6 12
55 81 53
91 39 100
37 55 97
17 57 11
23 60 51
51 27 15
18 6 59
29 45 3
20 39 74
30 26 41
15 89 90
54 23 8
46 97 53
49 90 9
94 64 24
74 5 28
62 26 56
72 75 60
59 22 72
60 77 41
1 57 23
81 21 31
76 19 60
48 22 83
63 83 63
84 14 21
85 15 84
60 37 52
17 49 11
98 78 64
50 17 90
96 71 23
74 78 52
99 6 63
24 58 11
11 10 45
99 84 61
54 80 73
99 61 95
15 67 47
94 45 98
85 18 40
82 40 45
50 85 16
98 46 1
4 71 37
69 49 25
48 85 53
97 26 37
19 70 41
58 9 87
78 80 4
28 59 73
99 26 94
67 4 57
55 52 11
2 20 96
7 14 57
55 88 44
73 53 48
4 38 64
73 29 97
46 81 11
94 69 25
17 32 20
28 84 95
23 15 89
62 98 66
72 12 9
75 96 42
69 80 36
66 33 50
95 51 48
80 5 53
12 25 8
18 22 79
43 7 13
79 19 33
65 6 34
59 73 46
34 45 51
28 86 91
82 66 53
88 7 97
85 55 33
9 82 87
54 46 44
11 55 70
54 25 75
70 46 84
25 58 31
94 85 41
13 20 25
62 83 28
85 45 15
96 85 82
28 81 66
83 30 28
93 2 75
58 40 29
85 67 22
18 55 84
22 96 10
18 67 60
9 83 44
82 17 53
76 83 15
6 1 71
91 49 94
76 55 31
54 50 33
23 84 71
6 77 6
55 32 10
10 41 99
25 3 97
40 25 45
70 63 2
56 47 95
67 36 6
25 98 3
2 9 96
78 41 4
63 13 32
88 14 94
14 93 5
39 3 62
80 90 91
44 20 32
38 83 88
69 5 52
74 46 82
66 47 77
56 1 39
20 6 76
52 33 65
63 48 10
43 67 75
33 72 98
96 18 23
14 31 2
30 33 98
7 82 23
23 5 35
29 26 98
41 79 11
17 94 89
59 78 100
50 13 34
34 41 57
1 69 41
58 86 75
69 31 42
90 61 27
66 95 32
82 79 64
43 6 47
73 51 19
78 92 75
15 11 76
65 21 85
5 36 52
91 56 98
37 20 11
71 50 7
67 38 55
39 90 76
74 11 45
77 28 2
86 32 47
26 24 42
54 79 96
29 28 82
32 58 20
28 63 46
3 9 55
59 12 79
60 84 41
32 59 22
71 43 14
58 4 8
19 20 41
18 70 74
71 27 92
11 84 74
0 38 84
20 21 31
57 42 75
56 27 95
74 13 24
20 73 15
47 93 64
27 74 89
96 59 31
10 60 54
36 39 49
1 23 8
27 38 68
92 96 18
46 69 58
31 1 41
97 71 90
60 36 51
82 35 12
40 92 41
71 76 50
61 34 13
59 68 78
16 18 81
29 62 64
47 21 56
88 94 31
85 21 34
2 48 29
29 48 39
73 36 69
47 44 78
99 14 80
89 85 49
81 38 84
43 17 19
13 42 2
60 92 9
26 11 67
66 33 13
59 95 34
19 80 96
8 37 32
84 99 19
37 97 14
62 84 21
92 82 23
64 88 69
35 36 35
95 67 81
17 50 96
93 7 57
30 72 75
27 49 93
11 58 18
56 1 20
65 53 1
30 6 54
28 31 47
14 16 13
38 97 40
72 37 35
57 80 24
49 89 30
47 24 69
41 51 2
26 51 43
35 33 11
31 64 38
86 59 1
8 59 86
2 83 71
70 5 99
50 53 60
42 84 32
90 80 89
1 87 60
29 42 97
46 94 34
33 52 48
68 4 46
87 98 12
94 64 60
11 46 91
10 70 69
8 86 9
0 18 15
83 41 93
6 50 82
0 26 51
5 39 43
45 13 45
76 39 81
98 83 59
25 81 34
45 33 18
76 61 38
43 54 58
31 57 75
20 77 82
56 41 20
14 32 100
3 75 73
19 36 41
9 7 8
58 23 90
85 39 69
37 81 69
10 40 95
17 34 7
38 19 99
47 75 13
12 46 44
19 69 71
91 26 73
87 72 31
10 41 86
30 3 98
77 9 98
9 74 75
26 73 25
5 20 16
16 12 25
59 41 69
67 30 61
91 9 34
76 40 17
91 56 59
74 15 3
24 87 36
78 45 2
31 88 17
83 26 32
12 69 9
33 27 59
40 76 10
24 9 8
64 37 38
3 6 7
53 38 80
73 88 11
14 28 55
68 47 75
24 47 64
27 99 64
23 3 88
26 62 37
71 93 96
51 83 23
64 70 3
15 94 78
37 23 6
15 72 54
35 37 45
81 24 42
99 3 26
49 93 24
8 90 96
51 48 17
26 64 31
4 18 72
8 29 90
49 33 79
51 39 95
1 95 93
20 28 57
17 20 1
79 66 10
55 86 36
76 31 23
82 10 43
17 60 2
45 22 76
12 57 11
6 71 77
37 69 29
45 6 58
33 36 62
60 74 34
82 22 91
41 43 4
18 58 16
65 38 72
9 30 66
7 17 99
84 24 67
51 10 90
69 55 60
26 18 1
83 60 66
60 2 57
16 67 76
0 72 50
30 89 90
9 79 30
73 52 22
85 25 84
75 55 95
99 98 30
66 83 69
22 62 86
65 62 67
52 17 51
49 38 63
70 27 82
0 99 73
58 78 22
54 69 96
21 24 54
43 13 72
77 41 94
22 78 92
68 99 37
18 49 68
85 7 80
73 2 65
60 1 1
82 95 37
82 45 83
62 21 56
43 53 87
2 66 78
6 45 68
43 52 70
24 55 28
31 73 87
82 6 13
82 15 36
86 16 93
37 58 45
41 86 60
11 66 94
18 91 49
30 55 42
49 79 39
76 69 71
20 31 1
3 48 32
21 53 68
94 77 42
32 36 43
46 66 37
35 17 96
73 89 18
12 84 51
72 19 30
34 32 86
13 48 25
36 41 22
27 80 39
60 51 35
58 4 37
17 52 96
52 99 38
27 50 6
77 57 40
67 54 12
25 75 32
38 21 81
45 44 90
14 39 24
77 49 88
96 38 37
26 92 1
57 33 2
6 59 20
72 42 32
10 7 71
55 62 47
85 80 26
84 7 57
6 96 1
14 93 50
86 66 52
88 46 2
23 40 9
33 0 98
43 61 60
14 34 62
21 20 83
45 99 25
94 44 75
36 24 45
6 68 25
41 74 9
22 87 6
7 48 53
88 2 19
83 76 10
70 12 14
19 66 19
37 97 17
99 36 41
21 11 21
4 54 3
88 4 96
19 73 24
51 12 93
28 5 25
97 27 58
61 50 6
50 55 82
82 52 46
55 90 24
3 92 78
66 72 73
36 54 11
41 78 13
92 72 60
34 28 87
5 11 89
55 84 50
68 74 97
31 33 81
3 49 89
27 60 16
89 27 33
35 91 89
35 51 78
59 71 71
96 23 99
60 84 97
18 13 30
27 86 64
52 74 4
40 38 96
56 89 94
8 60 55
73 21 100
24 95 62
60 25 43
44 46 57
34 54 34
56 74 39
25 15 63
10 46 21
86 58 47
49 22 77
20 47 51
26 45 85
14 83 99
7 4 66
26 24 95
5 90 12
16 18 92
23 54 12
68 72 28
7 13 23
50 30 4
41 49 3
66 30 50
81 5 41
53 86 98
51 99 5
9 38 35
10 67 53
77 78 85
42 96 74
58 40 2
95 39 55
71 60 14
94 96 23
56 35 93
16 48 43
38 84 3
45 91 61
50 88 47
50 68 33
23 86 84
44 57 80
30 59 39
10 62 89
45 91 18
69 96 74
62 35 36
32 17 32
49 27 19
78 70 45
82 19 65
21 55 94
16 44 39
83 84 84
90 97 99
47 39 67
98 74 53
32 17 18
86 77 53
79 75 48
9 52 29
22 45 78
59 19 23
17 21 82
35 67 45
92 7 80
53 37 88
83 20 18
89 14 78
19 94 73
4 33 56
45 44 56
83 16 66
94 89 25
44 76 46
74 92 18
10 6 69
88 56 57
57 20 76
40 5 62
48 58 74
83 79 44
55 92 52
57 37 68
30 94 64
89 21 13
79 65 46
85 68 6
95 94 41
51 86 3
12 70 84
36 23 14
14 95 34
2 76 93
6 21 97
82 26 29
0 41 26
71 12 52
53 81 55
79 32 78
99 77 81
23 2 13
81 39 12
21 19 54
42 24 49
12 73 49
93 65 9
41 65 44
16 77 48
28 84 1
90 38 11
76 75 21
53 33 32
66 51 1
74 33 18
51 60 21
30 33 81
31 94 13
15 65 34
19 94 94
6 86 9
79 38 37
31 65 13
3 82 6
70 9 18
45 81 33
41 86 68
49 63 92
35 18 88
34 99 48
54 45 15
19 65 92
36 45 62
38 19 87
77 45 56
15 11 67
34 43 33
93 87 4
17 85 39
95 22 22
41 72 64
60 37 46
34 66 20
30 97 19
86 87 14
44 23 40
24 28 10
92 99 55
7 24 9
9 7 32
68 54 33
8 28 63
60 78 31
1 56 60
63 30 87
68 1 41
74 28 84
67 9 40
41 99 23
63 18 60
34 6 49
46 16 81
87 23 31
68 46 75
95 37 44
26 38 3
58 72 53
87 34 88
90 84 77
90 2 14
84 2 60
24 50 89
64 59 11
10 39 50
77 71 37
4 61 27
14 5 40
69 60 68
55 47 97
31 4 11
52 93 56
31 3 46
18 72 34
13 7 66
87 75 4
76 90 100
5 18 91
45 20 51
14 25 40
28 7 97
1 24 20
44 21 83
68 45 62
98 6 28
24 49 7
68 37 20
98 26 35
21 66 99
62 59 17
92 59 91
59 95 5
55 29 55
15 83 65
49 67 60
9 5 23
45 90 39
38 67 68
18 68 91
33 0 85
44 37 2
76 77 41
45 95 36
94 77 86
54 35 32
38 23 47
13 12 95
76 7 37
22 3 100
31 95 13
50 26 23
72 66 73
63 4 47
76 28 69
47 54 19
48 41 64
95 35 38
89 71 82
67 26 100
9 46 47
39 52 46
52 80 85
38 40 24
33 82 76
97 41 65
48 44 6
78 59 60
15 54 30
99 31 99
51 54 59
40 4 13
50 93 91
4 65 1
65 80 9
58 70 95
69 58 64
45 88 18
5 12 36
28 64 3
25 57 96
62 41 36
50 41 1
96 76 91
8 34 28
70 29 97
52 63 16
84 17 72
6 54 2
33 14 71
94 40 75
35 78 64
83 60 57
62 31 10
63 68 66
19 85 55
45 11 63
7 59 46
40 32 69
26 19 69
77 62 63
53 76 65
28 35 12
51 86 100
52 13 19
32 19 51
97 82 27
16 62 87
6 79 7
3 32 5
88 66 84
14 69 11
2 69 3
36 39 52
8 53 98
10 49 19
7 69 22
88 77 4
11 94 29
12 24 37
80 93 48
54 97 93
3 98 65
38 31 12
95 74 70
39 36 45
37 91 69
6 90 39
79 94 66
17 52 86
29 59 7
36 88 91
67 14 21
28 66 67
52 19 65
63 42 57
43 45 50
11 87 91
51 42 31
47 73 25
91 10 17
32 28 43
60 7 97
93 32 43
28 17 17
25 66 62
27 86 17
88 1 79
15 18 67
47 76 15
49 30 69
67 28 85
64 54 78
96 12 78
2 56 79
40 3 74
80 46 21
24 18 43
45 87 94
36 49 27
19 89 25
4 80 57
50 14 41
4 29 19
48 47 52
80 36 15
5 98 11
60 36 59
0 73 75
83 28 50
49 93 30
91 15 43
54 41 95
73 15 2
84 73 45
60 63 72
18 55 35
93 33 6
8 9 25
81 83 11
1 64 83
82 36 66
4 35 4
86 84 52
12 52 69
72 79 92
98 50 9
92 95 23
21 95 93
23 45 53
52 55 72
83 44 84
70 21 23
8 62 87
51 67 46
77 71 85
30 43 64
64 74 1
11 48 38
59 76 43
94 53 63
15 35 26
34 58 22
95 61 42
24 43 77
30 97 90
84 85 93
28 48 58
48 20 4
92 90 10
72 9 86
9 28 78
24 94 58
6 71 43
49 77 18
91 67 75
68 47 9
26 85 34
95 37 35
15 97 63
71 17 96
0 13 59
62 82 80
77 81 56
75 66 68
1 80 13
64 25 66
96 98 9
75 8 10
4 49 78
23 73 25
79 34 48
22 76 45
18 12 40
34 14 21
8 58 58
65 44 63
69 86 40
82 75 24
19 33 23
31 23 86
82 3 71
5 46 69
6 55 62
66 5 44
85 92 96
43 44 46
84 19 65
86 1 9
6 8 8
69 48 42
77 69 38
78 24 97
98 14 5
34 86 38
17 18 7
58 31 25
43 16 49
81 97 22
25 29 35
67 32 28
13 71 98
13 45 22
43 98 22
2 11 98
54 66 57
33 35 11
1 95 70
77 60 34
93 99 4
44 23 80
35 48 54
38 1 9
19 21 2
21 7 79
17 60 34
26 96 79
80 28 37
12 17 93
38 58 9
40 93 97
86 23 49
56 21 87
62 21 9
7 17 86
89 28 30
5 39 26
3 11 82
69 6 40
96 22 38
68 63 13
42 28 42
26 58 95
4 60 25
54 89 65
81 44 46
41 61 76
43 90 41
1 87 49
23 91 68
59 91 2
74 17 27
62 43 68
81 62 18
6 71 58
10 82 45
25 77 28
70 26 90
38 1 8
8 60 92
31 14 16
37 9 7
76 92 49
23 24 28
56 77 12
61 2 32
86 5 59
62 9 60
67 32 39
35 44 50
37 96 76
87 5 99
83 44 1
77 23 71
83 34 74
61 29 73
93 1 79
56 35 43
44 97 81
35 2 36
82 32 55
81 50 94
65 58 97
93 44 66
74 48 67
16 90 60
77 39 62
58 75 64
85 68 24
93 75 17
88 77 63
52 46 48
65 18 8
13 79 97
50 77 80
48 0 68
89 85 76
35 32 11
12 55 72
77 72 75
90 13 88
61 63 78
46 1 2
64 80 21
37 97 56
17 0 56
29 61 52
58 35 74
87 77 97
65 23 100
37 27 68
36 11 95
75 61 58
24 36 99
65 93 73
86 4 19
13 72 97
35 59 36
24 59 11
98 44 34
42 82 12
38 41 40
85 39 41
11 67 50
67 97 88
2 41 36
21 18 46
59 18 44
93 36 25
23 68 55
55 71 44
27 6 11
11 74 88
8 19 49
22 9 83
88 76 91
57 5 98
50 55 30
59 30 78
62 10 52
77 54 15
30 54 76
36 14 20
98 66 43
86 79 18
6 3 60
56 64 71
18 74 17
77 72 41
41 51 1
47 43 68
3 6 62
13 48 98
7 8 73
62 82 1
85 99 70
54 32 94
45 43 9
56 49 67
7 65 44
94 35 38
98 1 43
91 20 95
66 1 86
38 80 4
67 66 11
54 42 77
92 9 96
13 36 76
21 66 66
28 40 21
54 77 62
67 29 40
15 33 67
52 56 18
91 54 94
7 69 18
89 31 41
36 57 40
81 75 49
25 76 21
80 78 87
83 48 30
85 41 84
76 8 82
36 89 80
51 25 61
27 39 90
97 34 62
48 22 10
67 17 33
95 34 24
51 7 100
75 91 40
86 79 10
43 46 9
83 21 58
1 5 52
41 67 10
44 16 11
78 72 66
57 29 51
24 82 26
51 93 23
57 85 65
24 48 13
85 61 82
46 48 80
69 21 13
59 91 73
46 14 31
31 39 21
6 65 3
56 33 30
33 12 65
97 47 77
19 34 9
87 61 97
88 91 26
15 10 34
7 60 3
12 3 90
58 78 63
16 51 35
58 83 91
70 71 50
77 73 100
14 13 99
78 68 15
87 49 51
92 48 22
98 88 97
97 75 44
7 61 12
83 7 62
73 42 81
42 3 10
22 3 72
61 77 97
3 18 82
32 13 59
2 94 17
85 15 1
13 12 99
99 46 27
35 30 5
75 98 66
90 72 29
53 6 25
70 51 100
3 92 8
77 24 10
97 36 5
84 35 59
86 64 57
33 9 27
80 4 60
3 48 54
24 61 79
54 78 28
8 30 58
20 58 22
50 62 78
64 38 4
2 58 34
45 85 13
44 80 97
8 68 81
59 70 14
23 38 81
83 88 6
94 25 99
16 30 5
72 88 28
86 85 92
99 76 98
52 47 83
86 26 18
63 97 88
92 57 3
4 95 48
59 44 10
50 13 35
3 29 62
37 89 74
77 0 55
49 99 88
18 31 72
49 30 33
14 43 83
71 96 2
36 42 27
60 86 33
85 36 31
51 7 54
13 42 92
77 73 44
5 81 38
56 36 55
7 79 80
50 90 85
23 72 91
91 87 42
44 96 96
5 87 29
99 90 46
1 28 65
36 65 22
34 40 69
11 5 71
40 19 15
31 10 79
75 2 61
95 35 86
5 6 47
11 54 22
78 16 40
74 47 91
1 59 75
47 63 15
1 20 32
11 15 90
65 1 100
32 19 70
46 76 29
86 87 11
95 52 16
30 31 41
87 48 10
41 42 27
90 81 24
52 24 4
51 16 33
85 51 68
21 92 72
84 68 72
99 79 77
73 71 48
81 87 44
69 94 54
20 94 29
30 82 28
14 95 64
39 23 26
33 63 28
95 16 20
38 34 56
6 21 97
73 14 3
40 24 15
53 69 87
77 38 80
12 56 16
46 28 45
39 45 19
74 19 100
31 84 97
38 23 65
70 73 91
93 30 29
41 6 97
63 71 85
59 91 70
81 38 6
26 83 51
29 65 55
96 51 32
85 3 27
93 3 41
20 79 57
34 68 7
48 99 44
12 16 15
23 14 71
89 54 54
59 7 20
74 52 14
48 12 15
6 53 93
8 12 9
68 88 60
87 58 70
63 58 64
88 85 6
92 80 61
39 85 37
48 36 82
25 84 71
55 14 30
71 30 89
83 95 21
42 70 11
53 10 50
48 19 88
19 89 11
32 34 73
38 37 34
64 53 37
15 14 40
78 10 23
21 23 61
15 19 55
39 89 67
34 50 31
28 79 26
18 5 30
88 99 28
82 35 76
75 86 59
20 49 81
21 58 73
11 10 64
54 87 26
89 86 11
53 96 18
34 5 91
23 19 41
69 45 55
10 25 69
28 67 32
44 5 35
62 52 37
83 33 45
17 87 90
65 18 10
17 64 64
89 80 14
57 52 1
11 94 72
69 45 88
22 44 62
30 6 11
93 71 32
65 87 76
16 75 47
33 64 87
63 93 58
8 2 52
65 35 46
84 97 41
24 75 16
38 67 44
52 15 49
5 10 52
10 70 81
53 46 4
12 75 75
18 98 10
4 61 48
14 84 14
5 3 40
84 39 71
47 96 38
59 37 29
68 49 63
2 12 29
33 69 69
14 35 44
32 57 26
31 90 51
19 80 88
28 43 8
40 47 77
48 96 72
96 86 75
64 85 83
24 11 30
39 66 37
23 98 55
26 21 20
78 91 31
89 44 100
38 75 94
6 92 47
43 21 79
54 90 15
23 39 42
64 9 36
20 48 97
37 78 4
20 4 23
2 71 83
3 21 80
40 97 86
3 87 87
75 40 46
2 45 93
54 91 56
71 15 59
8 51 33
27 72 31
82 51 7
86 92 58
51 69 52
86 34 87
94 2 88
92 87 74
2 62 65
18 89 6
6 79 28
59 4 31
72 49 94
37 94 69
3 38 35
16 56 74
67 89 72
70 93 20
13 86 3
93 34 71
18 30 23
44 41 66
64 19 90
32 14 51
19 73 74
70 98 9
36 97 56
91 63 59
92 47 70
29 36 6
11 19 63
99 58 49
34 9 66
91 72 32
55 25 56
0 83 33
46 73 54
74 95 2
46 57 99
82 17 20
37 41 93
48 40 51
30 28 23
7 18 96
80 34 23
39 68 59
95 86 93
32 84 98
13 47 80
20 85 72
31 63 72
10 41 20
45 64 71
35 78 63
48 14 89
62 65 35
2 74 70
70 30 24
86 93 37
29 75 93
42 26 98
66 8 68
96 6 90
82 21 18
93 70 28
71 91 26
66 34 60
22 88 58
5 40 14
87 80 27
37 39 17
43 49 56
72 37 97
18 44 56
33 27 69
29 30 63
54 53 4
17 57 33
1 24 85
46 15 63
70 66 15
25 62 54
59 65 73
63 88 95
23 5 90
46 73 38
38 77 50
98 74 68
52 67 82
61 25 75
82 24 52
37 33 96
28 99 6
77 39 46
90 42 75
45 85 28
19 49 94
76 1 54
30 46 28
83 73 51
89 92 13
65 3 80
20 23 89
13 19 4
47 37 30
16 13 10
63 94 95
21 22 2
10 99 26
49 80 97
92 54 44
47 94 75
95 75 22
1 46 25
35 48 62
49 3 3
29 89 95
59 51 12
1 14 57
97 12 79
87 50 92
81 1 41
57 30 27
69 81 74
53 42 26
42 50 93
54 77 20
9 30 21
20 75 31
46 94 68
1 99 56
98 81 21
94 9 74
99 40 19
91 24 45
3 99 96
87 43 39
13 14 8
30 63 35
16 91 31
25 78 4
5 22 88
74 26 42
14 59 40
27 93 89
34 98 15
22 43 87
9 5 75
31 29 5
69 50 51
12 83 92
78 67 90
97 72 97
45 98 17
94 41 14
90 46 52
91 47 50
11 66 52
55 30 53
25 55 17
12 3 26
5 54 51
99 21 63
90 75 60
5 84 89
18 43 86
59 26 26
87 45 51
94 30 45
58 41 66
93 88 48
36 22 13
94 19 25
84 47 90
11 23 25
17 77 11
14 30 50
81 66 26
66 53 16
81 57 55
9 85 61
52 25 54
63 55 47
47 13 41
66 92 6
93 13 85
95 64 73
64 6 20
22 62 40
87 46 71
56 90 1
43 64 86
97 18 86
84 2 5
24 26 53
44 47 69
12 87 40
85 90 53
53 92 93
4 25 54
13 62 72
43 99 50
43 6 31
95 78 23
47 38 79
37 81 10
27 10 77
28 60 41
20 6 12
60 20 78
68 62 94
65 93 100
45 98 31
72 58 20
20 41 5
87 62 58
18 39 25
98 29 80
52 5 51
74 70 80
19 72 28
7 58 52
74 43 71
50 60 60
75 83 11
17 29 30
11 16 19
70 40 1
86 32 98
96 99 48
69 84 19
7 15 21
4 86 17
55 46 64
66 10 36
20 18 88
75 71 52
14 77 86
4 32 80
8 52 42
74 91 43
0 37 65
75 19 20
10 48 37
49 12 22
27 18 59
64 61 94
8 52 92
21 22 91
33 15 54
35 39 86
2 66 72
53 3 79
1 0 34
3 35 12
41 18 11
25 95 53
92 55 68
39 26 68
70 44 69
34 33 61
98 97 70
22 96 16
86 87 39
42 1 100
5 63 31
11 93 48
39 31 28
84 31 58
56 86 17
85 45 61
43 66 60
27 23 62
6 90 17
64 2 63
6 85 34
49 15 91
52 58 98
43 10 62
5 99 52
90 72 43
63 19 85
43 93 48
8 54 28
89 86 96
36 90 3
27 61 97
4 7 36
97 27 88
50 64 41
39 34 12
70 78 67
40 71 25
49 86 81
46 66 22
56 82 82
82 31 49
65 25 27
70 69 49
46 39 42
86 97 95
34 53 23
10 58 3
89 14 44
70 0 1
28 89 46
50 13 73
3 49 4
8 1 19
95 15 35
20 45 31
92 25 76
4 16 89
72 59 91
27 71 50
14 12 68
6 10 45
32 17 33
93 17 70
88 29 66
79 47 18
46 21 77
82 97 6
84 43 80
88 49 49
16 26 44
27 73 93
26 65 51
85 53 99
51 68 50
51 86 87
90 22 8
5 30 76
91 90 97
83 92 31
20 47 26
60 21 19
27 6 46
78 18 58
36 51 24
0 72 62
78 73 57
39 99 49
73 86 58
6 86 2
52 82 42
32 22 56
44 96 75
45 68 26
52 74 11
35 84 14
40 26 43
49 27 46
42 25 63
10 13 42
82 32 37
45 34 92
98 69 67
37 50 73
61 87 64
35 72 91
35 22 15
52 10 12
85 90 45
35 87 80
34 97 12
36 24 71
94 44 56
99 47 5
22 94 20
71 52 5
41 0 97
80 18 18
30 9 86
64 44 71
15 33 2
19 97 55
19 69 48
34 31 4
2 1 4
4 41 24
72 8 71
46 50 7
4 53 79
25 8 47
99 15 14
43 20 41
77 72 83
71 66 46
23 83 42
33 65 86
37 0 46
74 78 95
45 16 83
98 73 73
16 88 91
59 2 6
42 54 93
64 48 13
24 5 66
31 47 33
10 69 71
34 14 66
39 80 6
73 50 92
39 25 48
61 54 92
2 67 99
33 86 51
7 44 29
51 67 66
35 7 39
95 86 41
47 76 11
40 76 46
54 56 58
41 90 29
88 50 52
86 9 18
60 92 58
8 86 100
71 61 31
38 50 46
12 89 33
70 53 26
77 99 51
49 13 84
45 69 64
1 36 75
53 2 5
73 89 81
97 90 80
60 79 60
42 0 59
65 45 1
19 59 91
86 50 63
33 28 41
22 96 55
38 75 33
97 5 55
12 40 79
3 69 66
50 60 50
60 34 66
94 49 65
68 12 64
13 79 4
74 76 77
46 14 26
69 28 67
87 43 82
24 45 18
39 29 100
94 20 42
77 51 32
77 84 67
46 87 6
72 30 74
84 78 31
28 5 94
87 95 68
51 65 48
41 66 21
63 55 5
18 59 32
5 12 46
88 69 69
48 32 91
17 68 9
62 99 63
10 25 4
62 84 32
11 39 89
29 55 97
65 51 48
30 47 46
69 45 8
35 79 84
10 11 3
35 45 6
82 23 88
83 70 12
58 99 89
51 88 40
2 55 78
75 92 50
22 77 63
43 34 91
75 72 34
49 92 67
1 63 76
63 21 3
67 9 19
62 48 31
42 62 9
52 39 36
41 98 5
20 55 66
3 62 60
15 67 28
67 42 68
23 5 82
56 50 18
48 91 22
98 29 3
4 9 29
52 96 78
71 49 64
81 63 57
5 84 49
90 1 36
75 12 31
56 58 61
36 58 66
29 8 43
57 31 20
29 10 8
2 1 95
89 40 63
24 85 6
61 74 12
0 43 77
34 47 38
75 96 67
33 27 45
42 1 81
19 25 84
75 0 73
60 41 56
53 31 41
56 98 60
7 41 67
13 85 37
27 44 27
58 74 91
78 85 37
79 71 25
49 17 83
44 59 80
9 4 41
56 84 92
61 89 7
83 65 9
43 10 75
44 24 29
51 44 88
7 53 16
38 3 76
94 7 67
67 82 95
8 59 19
63 53 67
0 82 29
92 32 62
44 11 10
85 23 70
13 85 43
39 90 22
55 48 83
47 30 80
11 8 88
13 83 42
86 5 77
12 73 52
69 91 88
36 32 6
18 88 53
85 75 29
71 4 95
50 85 66
8 0 66
7 17 35
84 15 44
29 95 98
42 78 96
98 38 55
13 28 84
52 21 75
44 92 35
54 46 8
7 21 94
65 6 68
25 67 55
20 75 20
36 43 79
81 38 10
46 68 16
2 56 30
4 33 68
60 61 34
68 10 37
48 80 53
30 63 13
58 99 90
26 3 42
83 87 93
50 93 74
56 19 63
10 96 38
53 40 25
37 51 53
47 0 91
41 55 47
37 6 42
1 49 14
64 34 26
15 24 88
9 81 76
96 82 62
0 72 3
45 20 34
90 45 87
84 98 54
82 34 93
50 83 79
57 18 44
0 37 4
80 90 71
29 84 92
64 72 18
37 49 65
91 94 97
49 39 83
52 35 3
13 7 19
80 0 25
51 91 64
62 51 84
89 99 87
88 11 79
68 11 61
45 12 47
95 26 91
91 3 66
91 59 8
75 16 49
1 2 57
97 10 67
46 56 54
76 63 16
41 86 54
10 69 3
94 68 79
40 69 57
19 32 94
49 58 38
61 79 96
24 83 30
42 12 51
68 2 3
4 56 42
41 19 99
0 81 50
38 35 44
89 96 59
53 78 56
35 3 46
41 49 78
86 59 59
27 45 29
20 36 6
48 94 100
14 24 10
82 37 61
27 4 1
30 41 50
93 46 49
50 79 36
90 34 1
26 15 46
63 1 93
98 35 12
72 92 26
66 24 88
86 34 10
94 72 27
14 67 7
97 53 99
13 0 53
2 55 17
32 54 74
28 17 86
20 8 69
42 30 35
11 17 8
78 52 3
20 86 53
98 46 66
43 49 17
62 89 68
57 26 98
69 30 74
17 67 53
38 43 24
39 5 52
80 0 39
42 26 98
98 31 29
94 61 57
24 87 4
92 47 30
92 76 80
35 40 18
1 3 30
65 44 10
14 49 95
72 76 28
32 99 49
60 36 93
80 3 34
33 13 35
50 43 48
61 29 93
27 5 53
28 57 42
67 81 94
49 52 57
13 65 24
0 98 17
70 10 40
47 78 23
31 44 30
38 42 9
67 25 41
45 79 73
15 81 63
9 23 6
64 84 25
58 80 52
2 78 44
41 74 32
97 35 14
29 78 88
18 61 41
63 9 47
66 95 96
3 14 32
26 68 74
39 13 48
75 60 51
79 58 9
44 25 84
39 83 34
56 78 47
88 97 41
24 96 59
4 24 6
95 45 37
39 67 35
78 57 29
19 72 63
31 80 34
51 28 14
41 89 89
66 55 22
47 94 84
45 14 33
79 85 94
97 55 13
51 37 53
66 82 85
46 12 20
9 46 99
99 75 76
68 64 46
33 39 96
44 80 93
26 10 80
60 35 91
16 95 4
51 73 100
55 40 83
60 48 19
55 98 43
65 29 16
7 36 20
0 88 87
69 38 55
60 85 99
99 9 69
99 90 98
9 40 62
17 66 59
8 95 80
79 21 56
73 89 39
5 18 10
56 84 86
83 4 57
63 23 53
57 80 14
19 92 10
68 65 45
47 23 84
10 53 72
72 93 7
78 5 45
58 49 96
48 41 37
98 77 92
56 88 46
82 78 21
96 61 71
47 2 47
3 59 42
72 25 24
75 11 64
93 16 97
89 65 69
93 53 12
35 90 54
74 23 80
76 81 9
10 41 12
95 43 43
83 24 65
83 45 6
71 16 85
8 37 89
74 29 48
99 67 5
23 33 7
84 47 3
30 62 12
34 15 16
56 7 23
40 71 15
23 95 64
20 29 59
36 35 54
49 69 71
17 44 56
5 72 4
11 38 83
31 66 71
5 30 36
33 20 91
14 18 34
10 25 90
62 46 89
78 17 79
79 23 41
72 95 7
40 43 78
6 5 64
26 53 32
34 1 8
57 32 1
41 27 34
27 4 25
8 23 46
14 80 54
63 44 59
23 12 82
25 8 67
39 36 10
77 32 87
65 41 67
64 53 76
58 50 86
81 98 89
94 40 96
58 92 70
22 47 74
48 81 13
29 61 8
24 33 45
76 51 40
85 58 17
60 17 69
64 89 65
73 90 97
24 50 73
47 78 99
92 27 38
83 16 95
44 81 49
99 93 12
75 40 62
2 53 51
26 74 57
33 52 77
21 71 88
42 39 15
2 39 88
38 63 39
25 79 7
64 95 29
5 33 24
17 9 84
3 77 45
81 12 87
28 14 90
59 95 83
98 93 86
45 10 26
16 90 87
45 46 61
61 2 91
74 88 44
12 98 28
36 83 97
78 2 1
74 51 52
65 81 30
22 18 47
7 89 65
86 55 76
88 39 69
81 46 98
11 80 43
2 25 56
13 91 97
55 69 20
93 67 33
77 18 42
15 42 25
7 50 77
46 92 34
43 14 20
33 67 74
23 60 100
3 48 25
61 25 63
91 38 100
83 36 58
94 12 3
88 74 26
38 40 35
2 80 36
13 71 16
63 85 3
86 9 88
8 42 64
45 14 18
7 88 17
89 62 100
17 19 19
61 57 93
85 3 80
98 62 90
57 36 54
23 2 12
75 42 33
89 20 98
53 11 55
61 20 76
59 33 46
7 49 98
92 51 83
91 50 75
12 17 85
74 68 80
35 27 16
31 63 62
91 64 51
35 6 26
34 1 50
39 89 23
61 95 99
55 82 40
53 21 53
67 55 78
47 92 80
35 4 74
86 13 10
54 38 71
63 50 20
51 6 97
91 12 8
54 86 17
15 31 23
24 54 49
65 71 25
58 63 30
15 50 53
20 39 14
58 31 68
63 96 74
76 8 78
34 13 32
56 99 94
47 30 4
98 26 4
43 95 89
18 3 54
58 19 24
83 38 64
45 84 5
26 56 3
82 42 23
72 16 85
3 33 23
36 90 25
31 67 27
1 32 14
42 86 99
9 1 20
84 76 99
80 22 30
11 0 4
16 89 84
22 62 17
98 17 66
41 43 3
86 34 62
31 59 71
93 32 73
98 38 66
41 40 29
55 74 83
47 95 72
27 84 31
83 51 50
19 37 97
65 63 37
6 51 93
89 31 9
6 19 96
5 46 49
68 51 42
11 86 71
77 28 77
13 11 46
19 76 22
27 31 53
18 90 4
0 57 11
93 9 12
33 56 28
34 18 96
23 22 86
27 65 43
63 60 48
61 33 22
49 31 24
46 49 69
94 27 11
51 75 77
89 95 41
0 36 4
58 31 15
56 33 77
85 58 92
31 50 1
47 24 100
68 78 21
47 39 99
2 20 34
83 63 60
6 43 72
68 14 51
85 69 4
1 37 77
80 0 29
37 28 1
68 95 82
0 87 5
61 68 44
79 65 4
28 73 90
2 49 69
42 62 2
48 49 20
14 0 74
59 57 75
10 86 99
83 50 89
65 62 22
73 10 70
32 14 94
1 82 34
51 38 17
55 31 15
7 33 29
57 9 21
64 19 69
58 77 62
75 7 88
66 83 35
16 81 38
85 20 13
31 76 22
65 96 41
26 97 67
45 39 78
87 98 3
17 40 18
78 97 36
8 74 36
7 85 41
47 50 9
59 66 36
14 18 87
93 62 81
67 1 10
85 90 41
94 32 28
97 21 1
9 38 45
88 31 34
80 94 76
64 70 44
50 70 30
38 79 77
5 39 70
48 87 70
95 99 57
3 43 5
83 23 95
14 50 77
10 98 28
30 90 92
0 46 33
36 90 56
45 36 46
14 75 62
44 49 31
46 51 60
54 64 69
2 69 24
92 27 21
26 55 84
13 40 83
20 65 36
93 66 4
27 28 57
74 9 81
86 31 75
85 92 64
11 70 44
75 6 10
40 41 19
76 99 22
77 93 54
22 2 40
64 87 52
54 45 58
82 65 29
58 8 27
82 28 80
58 52 43
24 47 48
80 61 41
80 93 2
65 48 38
97 81 83
13 72 74
30 65 36
50 35 41
51 70 98
39 58 24
35 4 77
97 67 58
26 19 33
86 0 87
27 40 2
14 11 41
41 6 48
68 38 52
45 41 25
96 79 31
25 15 86
23 66 42
1 35 1
46 56 1
27 88 91
32 55 45
65 51 38
83 52 15
52 16 14
91 18 9
60 81 18
25 19 37
28 85 15
87 83 76
70 2 83
72 47 92
59 75 17
97 66 57
96 63 88
95 67 3
25 98 71
98 8 17
60 69 80
14 26 90
78 49 85
37 87 4
22 26 79
76 32 26
92 8 69
93 30 29
12 10 28
45 60 50
12 8 52
78 23 92
55 29 48
49 38 59
37 11 66
9 1 79
43 37 81
29 39 41
86 55 72
92 1 99
25 89 30
33 56 93
68 91 53
32 18 82
12 75 50
21 73 45
18 54 12
52 35 86
87 79 27
69 32 54
68 39 9
71 92 78
99 13 32
73 64 42
87 74 93
69 24 72
12 97 64
11 7 69
71 62 69
19 66 79
82 69 30
42 45 3
0 32 3
50 28 70
15 4 96
8 61 49
30 68 40
26 31 43
52 83 39
23 42 64
39 90 58
93 25 95
68 42 62
43 86 32
31 48 6
94 42 3
9 44 8
36 50 16
86 11 26
71 73 97
73 43 25
84 7 83
91 71 1
80 64 31
93 19 4
12 42 19
78 73 37
41 22 16
62 11 86
1 35 66
64 17 58
48 1 46
13 43 38
97 87 44
63 93 68
80 57 60
42 13 26
53 27 20
49 41 66
46 43 62
42 90 72
78 90 95
54 76 38
35 45 50
16 35 49
47 55 82
49 64 98
74 30 62
45 42 31
19 13 62
96 66 74
52 25 44
4 59 13
94 7 83
85 93 84
1 19 42
38 85 28
35 19 18
41 6 48
97 6 4
68 3 78
57 72 97
15 17 12
45 78 76
34 63 54
23 44 70
46 2 48
66 71 41
52 83 4
71 77 87
12 19 5
40 80 95
76 58 62
63 47 17
60 6 72
44 31 71
43 77 96
64 43 23
8 59 98
11 62 47
86 67 67
58 59 34
83 21 98
85 39 5
89 91 31
40 62 8
97 30 61
75 41 81
65 86 44
1 72 31
9 92 64
50 10 97
23 98 23
17 42 52
17 10 8
86 25 34
13 45 89
55 63 16
65 49 39
78 72 85
30 43 34
32 7 34
25 98 63
90 19 84
39 95 63
5 54 59
56 96 12
75 92 99
28 44 75
49 14 55
63 18 8
30 84 1
10 61 96
90 54 66
44 46 15
44 47 24
82 76 43
78 7 46
37 24 63
48 81 13
2 27 71
84 72 26
57 70 11
11 74 15
51 4 24
32 27 89
46 0 100
27 79 55
86 18 19
65 82 92
52 40 27
49 28 16
16 0 64
12 36 15
92 37 70
68 10 80
5 72 69
46 83 40
10 76 93
48 88 13
83 88 81
79 86 2
68 93 64
1 53 24
79 69 63
69 15 40
35 27 45
25 43 74
89 11 73
36 52 16
19 69 87
81 94 34
66 23 68
67 64 38
4 0 4
97 91 70
99 89 34
4 21 58
82 86 64
84 37 74
68 7 92
9 62 86
57 41 50
99 91 72
7 75 83
3 25 100
69 12 51
89 84 9
61 83 38
61 96 12
11 40 77
82 59 58
15 75 94
80 98 91
61 80 92
10 57 93
71 40 48
23 42 15
41 80 75
35 10 63
31 16 54
58 41 39
43 81 85
80 7 100
49 58 19
72 47 68
41 13 69
54 30 22
8 60 13
4 69 63
11 59 14
17 27 47
75 38 7
54 24 32
92 34 19
8 15 26
83 75 54
3 60 50
54 78 95
9 84 24
34 58 1
54 88 9
62 79 51
80 62 12
26 55 88
27 87 50
87 59 55
7 0 29
28 82 53
20 57 84
19 15 32
30 90 21
9 6 31
13 83 92
4 36 84
42 64 75
42 53 1
46 49 89
25 64 57
0 10 73
52 84 39
39 90 3
0 53 68
0 46 5
63 55 75
76 90 10
86 88 78
43 24 55
72 82 86
83 76 93
35 42 9
94 68 92
73 94 100
76 91 69
59 36 41
69 43 77
60 80 95
11 91 76
30 98 99
17 33 90
92 80 80
33 97 100
11 79 7
23 82 27
28 31 54
25 36 29
16 0 13
18 72 62
31 78 79
78 23 82
3 67 65
0 38 31
94 57 22
48 12 22
89 90 20
28 36 33
9 41 16
79 15 6
27 41 4
99 41 17
88 82 40
83 32 80
9 53 17
1 3 13
54 75 53
97 7 98
76 88 50
43 75 43
12 56 66
55 90 11
34 66 62
8 27 96
4 49 4
85 34 28
57 9 95
5 63 4
29 41 69
92 59 56
16 73 45
26 24 41
92 88 54
17 1 96
77 42 37
51 13 12
76 47 7
46 39 92
95 76 42
20 77 35
30 3 95
55 15 94
93 54 17
81 15 89
9 78 87
20 65 93
9 27 53
45 24 16
25 3 96
39 46 6
23 94 69
46 10 38
48 79 93
55 40 52
38 0 73
59 74 34
1 24 74
64 99 2
21 12 80
66 96 54
84 93 27
2 76 90
99 95 88
77 52 94
83 41 9
45 67 69
4 54 66
36 5 92
88 63 59
69 19 91
92 45 77
85 74 36
69 86 99
56 89 33
39 10 26
52 97 79
57 82 99
97 25 20
31 20 69
70 67 44
72 34 74
8 50 32
2 42 90
1 17 62
50 74 36
45 74 55
95 12 32
89 6 85
98 42 86
98 82 5
15 16 51
23 39 23
97 88 8
22 39 14
58 69 46
12 13 63
10 87 93
90 8 3
29 58 83
44 26 51
72 23 24
46 89 61
16 91 67
88 5 84
83 2 34
74 86 54
68 10 98
13 3 51
17 71 72
71 10 95
46 95 11
73 55 89
25 49 47
30 56 72
39 45 58
53 8 11
87 79 47
83 31 24
13 14 55
20 11 44
51 75 99
95 57 45
39 10 11
47 92 93
27 85 28
32 45 42
37 89 18
9 17 80
76 94 57
82 53 96
23 2 48
71 33 93
48 85 56
88 56 19
54 4 10
42 99 66
74 63 96
24 51 16
10 49 61
8 26 5
97 3 58
13 75 84
99 94 81
36 74 36
11 48 62
95 83 50
92 14 67
69 98 16
98 76 94
49 63 98
3 81 85
64 17 8
48 98 82
66 41 2
17 61 68
99 68 82
80 36 71
81 4 51
91 86 46
82 41 40
85 75 66
20 30 2
25 19 65
44 29 29
50 92 33
76 60 8
67 37 70
17 56 94
24 84 2
36 65 76
84 63 83
1 90 64
41 56 92
31 73 95
77 96 20
29 11 16
91 75 36
88 77 47
95 46 55
79 24 39
1 92 69
54 30 29
9 59 55
59 45 59
22 40 26
61 42 32
50 54 39
39 14 27
10 1 21
36 39 28
28 51 56
1 46 47
1 54 20
64 15 68
77 89 79
88 27 77
8 44 1
5 42 45
47 50 85
71 0 92
49 9 27
80 51 31
53 85 65
27 42 42
64 24 28
90 31 81
9 60 64
38 60 48
97 87 82
80 16 51
20 85 54
77 93 75
91 95 75
1 13 49
43 4 3
89 99 12
52 58 75
75 7 5
40 46 12
3 51 86
80 65 78
83 89 51
98 7 1
14 17 54
39 17 70
44 69 58
78 0 40
63 70 60
25 46 5
73 85 53
71 80 76
68 4 24
92 71 79
3 41 32
82 29 67
63 36 60
77 4 66
9 85 36
88 0 10
71 79 82
95 86 63
1 25 29
4 73 16
38 66 63
77 26 19
35 8 73
52 82 35
34 35 83
63 2 4
89 0 81
35 7 35
59 28 36
82 1 26
82 52 3
45 35 51
58 59 85
29 63 54
60 92 72
1 74 25
4 55 4
72 93 73
45 81 86
80 22 34
86 20 41
91 24 97
91 79 66
55 57 29
88 22 95
22 30 34
31 9 15
86 58 47
98 16 33
0 11 16
76 4 45
43 12 15
10 95 98
59 77 42
4 5 57
84 39 59
21 65 1
61 90 99
40 5 11
32 57 49
61 85 35
45 60 9
71 72 67
25 73 40
55 77 64
81 30 43
0 66 19
71 61 89
19 80 25
23 99 30
38 21 89
17 70 3
83 53 4
42 8 92
20 19 80
59 76 64
14 21 74
95 45 74
10 7 95
55 60 96
63 42 6
10 99 97
20 85 37
32 38 7
22 41 39
8 16 48
13 95 10
57 33 3
48 18 76
33 77 97
52 76 88
59 5 32
50 78 44
15 86 13
10 16 31
86 46 65
19 74 90
54 98 62
36 37 42
2 16 60
35 3 66
84 98 65
81 48 38
14 96 73
96 42 85
82 71 36
45 95 94
54 55 9
13 2 92
49 2 50
85 20 29
99 97 43
37 59 39
81 69 59
16 43 29
89 7 31
36 63 88
35 49 74
79 34 85
70 98 65
36 86 26
16 13 6
24 65 11
86 1 98
94 66 12
35 36 69
64 53 62
2 47 77
14 97 86
50 64 72
94 70 88
44 20 98
83 66 13
92 85 77
17 51 29
77 87 5
48 95 71
56 25 60
94 53 86
26 20 86
6 54 36
86 24 17
87 42 4
93 95 86
6 59 39
13 18 39
21 58 16
60 12 53
82 22 16
7 72 26
44 97 20
86 98 23
37 26 23
53 2 87
54 75 53
51 66 12
71 97 72
61 67 23
24 15 82
62 85 59
18 6 27
85 19 91
24 13 11
4 39 27
74 69 9
77 39 20
12 75 50
24 82 22
2 69 22
18 59 34
8 60 32
98 3 59
40 32 82
32 15 75
88 72 32
5 46 84
94 59 62
18 44 46
45 59 20
14 51 58
72 84 83
23 2 33
66 20 68
50 92 30
57 31 42
32 92 65
88 26 36
80 47 44
89 57 95
85 26 1
46 83 56
51 81 54
25 17 44
54 3 66
47 94 71
43 32 83
58 25 63
0 21 78
5 16 25
57 15 26
62 27 76
81 12 52
34 21 56
60 31 46
65 14 93
85 23 48
67 85 14
43 47 92
60 3 76
26 64 20
89 6 54
20 93 56
96 26 18
35 36 62
33 81 89
7 0 97
57 34 26
34 7 37
60 58 73
93 97 5
10 56 49
68 42 47
32 28 32
16 86 77
0 5 42
97 66 70
79 54 51
36 42 45
23 14 31
88 9 84
36 81 81
32 83 34
54 1 38
36 7 57
94 23 24
87 2 64
48 56 80
11 38 92
21 3 19
70 48 44
70 3 24
89 31 1
35 2 48
70 42 81
30 92 88
33 8 41
8 96 60
48 44 50
96 63 99
43 24 16
47 42 39
83 52 61
16 81 41
61 26 62
74 86 50
94 50 39
51 43 63
89 40 96
79 58 89
30 46 21
41 71 59
78 57 19
96 63 74
7 87 63
22 26 75
79 55 79
87 86 21
33 5 14
46 65 3
4 68 2
83 46 87
80 10 24
9 66 44
65 29 7
95 69 4
87 41 67
49 64 59
85 72 29
93 76 65
90 20 14
44 94 75
64 38 97
10 13 79
86 88 32
35 30 84
6 14 55
28 24 17
59 83 53
98 54 10
71 12 78
5 47 60
59 87 43
36 27 10
76 23 12
64 48 69
26 65 10
82 6 64
60 38 53
23 69 64
98 10 7
44 72 22
12 65 77
17 53 41
31 9 98
16 12 32
98 37 12
89 90 77
16 94 44
28 87 93
77 14 25
31 0 10
73 92 31
87 99 38
65 93 35
14 10 18
4 53 97
81 61 26
15 11 81
88 30 13
72 80 44
49 41 19
55 4 79
99 20 19
6 77 66
5 74 57
72 98 53
30 2 64
31 98 80
95 98 29
76 50 63
66 23 5
68 51 43
59 16 22
29 68 2
30 46 53
10 3 100
24 59 41
87 23 74
65 45 65
39 91 91
59 98 65
29 73 93
7 46 17
41 67 34
22 18 48
82 11 12
88 86 27
77 84 48
47 73 75
88 63 77
32 80 38
32 48 3
13 28 41
75 56 74
5 44 12
88 53 28
73 80 74
5 84 45
66 98 97
30 14 77
38 33 20
25 92 58
35 45 92
5 83 78
95 60 75
23 35 14
75 78 12
1 16 10
26 31 2
32 70 65
7 94 57
1 23 59
71 46 95
15 74 76
4 49 11
8 97 7
70 30 20
13 58 64
5 45 1
74 4 1
67 90 87
38 22 59
4 37 41
19 98 82
52 94 76
49 47 19
71 29 83
17 46 92
11 87 58
28 16 49
24 4 77
36 83 27
21 13 19
39 19 29
9 62 56
28 88 2
88 20 9
14 63 82
79 49 38
93 2 4
91 7 55
8 57 56
61 63 98
79 39 71
44 39 26
1 19 11
37 27 56
70 80 21
17 10 67
50 14 16
56 59 93
36 31 54
68 60 77
97 68 92
0 70 100
6 56 11
59 31 84
31 66 93
88 40 75
55 50 76
96 99 67
63 8 28
12 47 9
84 33 14
22 90 26
97 8 36
90 82 12
24 15 4
0 69 84
20 28 93
33 8 59
8 68 20
27 95 92
1 21 74
72 78 74
43 62 22
88 56 23
79 65 30
67 5 82
35 30 56
56 46 10
21 80 22
78 63 17
97 93 37
67 93 97
16 27 68
99 11 78
84 48 64
79 61 97
26 14 98
60 25 42
25 56 86
70 64 62
4 0 17
70 0 16
94 25 100
97 21 85
19 93 35
17 42 87
40 90 43
69 95 14
22 80 33
68 29 14
11 1 58
78 17 51
53 39 43
20 68 75
26 97 30
51 76 81
90 37 49
1 25 61
34 78 100
93 27 63
33 55 93
17 54 73
44 81 88
37 71 5
10 15 34
86 32 8
33 30 70
29 98 61
70 6 29
18 11 68
51 82 50
30 6 94
68 20 97
2 93 17
87 85 82
20 35 95
33 26 77
17 51 71
0 5 28
95 54 39
87 47 33
20 85 62
89 22 55
30 97 12
12 36 50
48 25 81
67 83 25
10 23 57
38 79 79
47 70 12
40 53 90
77 80 89
92 52 100
48 31 5
66 52 78
4 76 44
16 2 44
85 21 70
13 52 78
23 5 53
6 74 85
15 20 92
66 63 20
65 44 3
71 92 70
21 7 95
98 54 36
88 15 68
41 74 29
4 72 13
76 44 21
48 54 10
29 73 7
30 82 56
50 53 11
26 10 27
91 70 34
7 91 21
79 88 89
38 37 43
3 64 14
48 66 16
23 37 16
0 11 62
22 58 9
92 19 83
22 5 24
80 30 81
42 30 76
70 29 82
57 31 60
0 2 91
6 41 25
33 56 80
15 19 86
34 31 76
34 83 50
8 33 8
79 55 73
76 31 79
76 51 73
50 56 48
96 7 35
67 68 69
34 87 85
18 93 36
90 7 94
54 80 17
36 41 60
0 22 24
67 63 99
56 48 88
9 42 40
2 17 67
15 34 46
48 39 41
73 37 38
94 34 11
88 60 21
45 51 26
8 69 64
7 53 5
88 38 4
45 99 38
32 92 23
32 78 66
69 22 94
72 77 68
42 95 57
86 90 44
2 32 67
10 7 5
7 79 18
8 81 28
4 6 46
62 44 10
37 62 69
87 53 77
34 47 41
55 31 1
8 35 42
4 43 50
2 63 100
29 5 69
85 84 18
90 73 54
6 33 83
84 65 70
2 41 27
8 85 24
25 23 97
49 2 94
44 95 3
88 93 71
76 14 22
33 28 46
17 75 96
97 24 92
80 18 83
23 31 34
17 82 54
82 40 90
0 64 82
59 57 31
5 22 1
27 25 11
79 15 69
86 64 44
0 66 10
43 67 11
1 98 36
17 9 100
70 15 65
20 37 91
89 75 36
9 76 91
54 58 65
35 2 65
12 9 70
25 48 44
36 58 20
67 61 100
31 68 18
71 17 46
29 47 77
81 92 24
89 11 17
93 1 63
83 75 12
23 61 34
52 36 6
60 65 98
56 70 53
26 89 42
64 19 29
31 19 30
62 28 18
38 47 29
27 32 76
45 74 44
1 74 8
60 94 51
72 23 88
78 97 82
35 5 41
59 83 87
74 59 32
65 16 41
6 83 96
57 51 85
20 91 21
19 63 17
15 97 84
45 0 53
52 17 94
31 1 73
10 59 90
66 50 25
29 32 35
9 39 54
45 15 19
70 96 14
74 12 50
73 99 93
11 59 95
49 77 100
80 99 13
50 88 96
91 26 5
62 14 48
96 35 24
1 91 42
50 11 83
20 63 8
91 43 7
92 39 32
18 78 33
54 47 1
47 78 7
12 29 40
56 96 74
72 48 25
87 27 90
58 36 4
52 17 36
62 15 4
46 41 17
74 10 68
48 25 14
79 32 65
18 30 38
25 4 37
0 11 20
56 70 46
88 90 75
41 76 71
10 11 42
71 27 41
57 17 7
84 94 40
55 52 48
56 85 37
23 43 79
74 36 46
45 14 30
4 29 6
97 41 66
47 19 36
8 41 66
3 57 91
34 25 95
49 98 92
65 76 17
53 57 82
64 50 78
86 0 40
86 70 90
13 68 40
99 69 12
15 33 1
93 37 29
13 67 29
24 91 58
38 12 44
83 99 63
92 66 9
71 73 90
48 46 94
64 51 21
11 51 99
35 40 25
19 64 28
32 94 69
47 99 41
63 40 87
28 81 72
95 48 6
72 40 56
98 67 36
53 2 36
14 3 52
40 49 94
82 47 100
74 14 61
6 48 50
72 25 78
74 61 38
90 91 60
45 58 92
4 2 87
25 56 91
21 87 61
25 51 70
21 62 69
6 42 45
28 38 44
88 53 88
8 68 78
61 5 91
81 88 21
11 75 89
90 88 53
65 51 48
17 55 3
19 17 62
40 9 90
29 81 32
69 3 1
55 83 60
45 20 35
66 42 79
5 81 30
61 12 95
20 11 7
64 48 62
22 39 59
47 19 15
18 60 47
11 30 19
84 20 82
92 39 72
71 32 87
50 31 12
97 53 68
85 71 90
28 90 95
35 31 63
0 22 34
78 92 40
35 15 78
75 57 90
25 63 5
28 31 52
92 67 23
23 41 92
73 12 83
19 51 21
23 98 57
82 60 97
50 56 12
50 46 60
7 26 49
53 8 89
98 42 96
48 93 2
25 85 15
93 60 2
23 85 60
74 14 2
51 73 40
72 48 89
23 90 31
99 66 27
21 15 38
78 75 47
57 43 17
94 8 29
69 82 66
18 66 25
52 83 15
2 80 70
90 23 69
86 50 18
45 5 52
37 38 64
2 18 76
92 14 72
36 54 34
37 94 94
41 91 65
64 34 11
51 55 37
43 52 79
74 59 17
99 11 50
54 65 71
76 42 6
98 77 91
93 87 40
29 80 20
42 83 85
5 77 3
40 7 75
84 22 65
9 4 73
40 28 1
56 17 35
14 30 37
46 17 60
61 15 67
63 41 76
16 75 13
28 25 15
14 63 69
31 59 1
71 24 12
3 53 95
54 15 59
61 47 19
43 70 91
85 80 23
76 61 39
75 39 75
65 30 43
60 39 24
43 27 19
68 36 35
94 49 57
10 54 58
40 42 14
38 63 36
1 59 27
72 92 20
52 75 56
66 62 100
68 20 32
99 15 15
84 54 2
38 15 63
66 67 34
86 89 30
22 38 3
99 13 31
45 78 70
59 53 4
45 87 58
86 99 85
90 22 8
83 37 37
91 87 78
71 14 90
36 71 89
89 69 52
45 74 6
69 58 35
10 80 10
42 29 22
23 89 73
83 93 34
58 21 70
70 24 28
15 30 89
60 4 10
87 42 59
42 12 50
62 97 81
38 39 66
15 73 93
70 9 3
2 19 93
72 60 2
50 28 69
28 27 41
95 60 72
81 36 97
94 44 2
67 24 10
43 63 69
94 90 8
0 66 23
70 68 70
40 90 49
37 16 37
44 95 33
97 31 61
14 93 5
60 72 65
22 28 66
82 9 97
55 21 63
3 32 35
32 28 67
5 70 72
61 38 28
13 15 45
28 18 59
69 40 60
62 81 14
79 73 69
15 23 30
79 71 36
86 79 63
85 26 65
76 29 58
57 0 27
53 10 11
87 67 17
28 30 49
56 90 68
75 70 73
19 4 94
63 96 59
32 97 93
46 33 62
48 54 87
55 18 14
45 88 53
48 41 56
70 93 24
84 80 76
32 94 65
55 67 30
70 50 20
93 1 18
7 66 24
74 6 2
46 80 49
55 5 87
93 1 3
69 18 85
53 9 6
36 63 95
62 69 27
64 42 31
24 4 48
14 12 3
10 60 93
29 8 31
81 54 45
26 61 42
75 18 56
56 86 76
98 50 82
85 75 82
10 52 94
77 64 84
59 98 34
78 33 45
67 51 82
90 78 16
21 80 65
6 65 95
95 97 83
66 69 76
82 21 99
0 60 36
42 50 10
70 22 67
77 66 33
95 92 16
23 14 29
22 56 20
4 77 33
3 75 68
28 83 96
0 68 78
86 39 18
26 13 91
52 36 26
38 79 90
63 61 23
29 36 17
28 30 88
2 93 99
6 16 45
47 24 51
70 22 6
0 58 22
68 2 21
4 43 66
88 15 74
84 16 72
92 66 52
58 55 51
97 25 54
69 40 34
96 63 98
45 98 16
20 28 63
61 46 4
28 86 93
34 95 48
29 60 69
63 53 1
35 67 75
68 33 28
85 41 14
99 21 47
1 11 24
54 98 6
21 87 62
2 14 22
72 88 22
72 59 64
90 60 93
78 70 56
99 93 67
41 64 42
41 55 88
4 19 69
76 72 8
42 60 16
87 10 78
50 67 1
19 50 28
73 37 24
65 78 98
12 47 20
68 31 60
5 2 88
93 38 7
56 90 68
39 92 94
50 85 57
44 2 8
41 10 21
99 34 94
62 21 32
60 19 6
11 9 98
95 91 29
91 57 76
79 34 93
54 82 37
69 92 25
24 75 45
86 89 86
42 96 58
41 22 54
86 29 36
72 38 20
5 56 73
71 6 3
23 89 72
78 22 89
24 51 6
23 38 45
16 64 22
15 69 36
2 55 53
73 29 48
4 36 81
18 49 53
1 62 15
60 27 40
37 71 94
13 45 40
63 86 93
96 50 15
25 9 55
9 85 33
30 4 100
56 44 54
42 95 5
92 8 32
21 95 73
2 79 34
64 7 40
7 93 57
24 5 18
65 71 25
68 95 83
41 3 66
46 57 91
69 63 45
71 40 18
93 12 97
2 48 91
3 40 76
69 36 89
95 37 39
92 83 3
97 5 72
56 49 59
10 89 38
34 98 6
73 16 94
5 46 35
22 64 48
91 78 59
37 3 39
86 7 90
78 83 20
47 70 44
34 70 90
73 20 30
66 69 74
57 40 63
35 3 76
76 63 23
85 8 12
3 48 79
22 43 50
46 24 97
53 42 63
28 33 61
94 11 88
95 8 34
37 56 76
9 10 41
87 56 100
41 73 14
33 75 31
85 4 1
22 12 19
63 91 13
94 2 91
82 63 74
3 92 40
39 23 70
75 15 51
41 51 61
37 91 97
99 52 41
24 21 7
39 61 8
85 60 58
24 96 8
50 58 24
2 18 76
71 14 86
27 3 78
2 83 28
56 17 25
39 88 84
78 56 62
1 5 100
92 18 78
67 6 51
30 94 90
94 86 12
89 98 45
87 17 77
67 39 31
66 71 51
21 41 14
4 44 18
68 79 90
8 76 18
11 13 98
95 59 68
53 93 29
3 32 40
17 87 56
24 42 24
87 42 30
74 37 8
15 38 99
44 24 30
67 55 42
62 35 67
32 48 64
23 65 43
36 26 80
83 96 85
71 41 69
62 10 66
38 66 76
97 94 63
3 42 64
53 17 74
28 8 55
78 69 23
18 1 37
69 97 94
25 42 21
14 30 100
80 87 78
87 80 74
88 62 89
35 66 44
3 34 56
33 59 26
67 66 58
55 13 36
62 53 60
1 12 9
49 72 34
35 2 100
34 92 52
63 79 5
33 15 71
66 83 55
24 3 16
42 20 82
9 74 56
29 90 5
58 97 63
95 10 57
46 17 57
53 46 39
47 60 44
72 35 49
17 60 45
12 73 76
52 1 51
30 50 37
30 88 5
38 51 66
56 80 21
0 51 98
82 19 40
15 53 4
43 5 29
51 57 5
20 78 96
62 14 38
35 48 36
99 14 97
6 95 77
81 84 77
23 99 17
49 14 9
82 96 98
9 10 38
74 3 69
68 2 95
34 39 51
20 62 32
41 55 9
62 40 57
40 9 10
3 87 77
61 0 37
59 57 74
7 86 45
90 44 58
19 73 38
90 84 72
22 99 48
84 85 34
92 67 44
68 33 76
45 63 39
13 64 24
91 33 85
54 29 7
73 72 8
47 77 89
49 78 46
2 68 32
76 18 55
72 2 69
89 33 36
69 43 36
14 83 9
55 33 63
15 68 28
64 20 10
57 27 88
38 24 58
82 91 45
85 57 9
85 97 76
84 26 72
62 16 35
54 96 19
68 69 93
23 60 48
96 47 86
96 93 66
42 4 55
75 64 7
34 44 50
63 35 73
18 33 37
65 92 3
63 68 47
70 2 29
60 86 82
51 31 48
95 78 85
95 18 85
24 95 29
18 38 15
5 78 85
82 40 47
36 41 23
41 37 4
42 5 72
39 58 13
77 80 56
76 35 99
27 73 77
50 20 80
60 99 31
62 95 56
43 75 62
46 43 93
63 21 75
3 33 69
54 55 35
38 46 14
72 38 86
19 61 8
58 19 15
20 88 84
8 91 70
16 17 86
15 77 41
80 74 47
93 27 16
22 3 87
71 27 59
18 21 42
89 4 10
86 33 84
40 73 42
47 1 17
98 34 31
41 78 12
25 34 17
34 0 50
67 27 92
83 3 30
25 99 52
67 41 5
65 19 47
52 4 96
75 45 21
94 49 20
39 95 37
3 6 57
80 70 71
86 1 70
29 53 95
22 76 61
19 57 99
64 18 50
68 54 17
26 61 52
14 51 79
15 70 29
78 90 34
36 32 4
78 49 71
17 41 42
30 57 100
84 28 76
25 96 43
50 72 95
23 87 8
50 16 41
8 35 95
50 86 1
90 97 6
27 42 27
44 73 5
56 92 92
30 78 34
43 28 53
30 83 37
89 18 88
35 62 83
50 0 2
19 16 39
53 92 8
39 82 26
97 30 62
90 24 98
11 79 14
52 99 36
23 65 34
77 35 62
48 31 72
69 68 65
8 35 72
95 85 16
87 70 22
81 58 48
64 69 13
48 31 63
93 98 64
21 7 19
65 55 32
12 53 55
57 54 59
46 11 13
55 32 78
82 40 26
32 64 51
87 10 84
92 98 88
3 19 80
63 70 97
99 3 83
48 59 43
93 45 92
48 54 48
60 76 32
87 18 69
78 19 84
43 1 69
84 28 12
18 58 55
32 97 53
91 81 42
67 83 31
51 6 78
69 7 78
61 89 71
78 28 28
45 73 90
76 13 82
35 3 56
10 5 55
92 33 3
21 5 99
64 87 65
95 74 36
42 31 16
35 46 70
83 55 37
71 2 69
40 2 85
83 30 62
7 13 62
74 0 91
0 21 2
40 17 73
34 98 45
5 41 51
31 70 67
84 99 1
65 7 51
40 71 28
10 67 9
73 89 91
68 78 47
54 44 29
84 15 4
97 50 94
24 66 64
20 60 2
23 21 50
4 98 3
86 65 10
79 76 80
12 48 88
62 99 44
11 75 11
18 30 57
7 74 16
23 26 88
0 62 54
12 17 55
62 27 59
13 38 83
19 51 45
13 98 94
75 56 23
70 37 35
59 98 50
59 0 36
63 72 29
64 59 35
93 62 98
91 66 73
92 25 57
14 3 40
46 77 81
27 17 23
66 16 4
90 31 6
0 21 31
67 68 32
30 83 9
84 57 80
19 8 93
6 17 99
52 48 50
38 9 37
31 26 76
35 25 83
31 62 67
45 32 24
70 92 44
13 98 34
84 91 25
26 1 72
14 83 13
26 55 39
21 11 53
38 9 29
95 52 17
12 54 13
67 24 95
97 52 66
88 15 41
97 7 16
50 89 98
26 50 75
41 86 61
37 54 23
14 30 54
1 6 85
60 91 14
12 55 69
13 95 26
82 21 26
61 30 11
64 32 39
75 2 83
30 11 45
20 65 73
13 36 40
52 39 9
33 7 29
18 65 80
4 33 42
0 43 27
79 28 88
34 19 40
13 11 70
57 13 72
9 27 5
33 66 85
94 27 75
46 43 69
2 73 5
8 36 75
55 4 29
80 37 15
31 93 77
42 64 63
72 54 19
53 36 54
20 45 19
93 86 47
31 99 11
37 43 96
94 37 86
11 73 70
0 92 87
97 83 77
30 60 44
5 19 51
68 71 11
21 94 43
98 0 89
39 65 63
35 15 28
14 55 31
6 88 73
17 95 44
91 18 59
94 16 26
94 0 82
48 79 64
99 21 72
23 27 36
16 45 27
8 25 15
49 11 78
47 52 38
4 90 66
39 38 61
16 90 62
95 93 45
52 21 91
94 43 93
79 28 100
89 67 69
78 8 92
43 10 98
19 30 93
5 59 94
88 44 24
34 91 48
85 47 81
25 29 9
21 91 20
49 38 71
71 62 28
79 66 38
25 89 37
31 10 2
43 64 45
55 49 39
63 9 85
42 99 51
70 59 33
90 85 68
82 79 70
8 73 88
17 36 46
41 33 31
79 62 39
18 16 52
64 47 85
5 76 96
91 92 82
79 44 6
49 42 96
19 2 2
45 68 21
97 67 59
75 64 53
12 49 38
59 27 45
44 17 13
74 83 49
52 87 14
14 71 69
60 38 69
51 72 77
62 42 55
40 17 18
26 3 61
44 71 92
60 78 71
90 85 82
47 98 33
78 64 42
53 74 83
26 8 75
29 80 53
16 8 4
58 87 91
69 88 44
90 60 13
16 83 2
22 5 22
53 39 25
93 27 83
24 41 95
0 69 52
99 93 100
6 61 5
40 76 38
45 44 58
28 43 32
85 36 30
26 32 21
30 62 94
68 86 86
98 10 72
16 10 59
67 84 47
42 88 99
49 22 8
55 81 53
58 47 94
37 70 50
64 35 2
37 34 78
23 55 25
22 48 33
10 26 9
8 90 4
63 23 89
80 68 31
18 45 86
37 1 99
84 54 42
86 46 42
42 20 62
43 89 62
99 50 28
14 78 12
65 1 75
15 28 59
60 84 16
99 81 68
72 53 27
47 95 85
72 62 24
23 47 50
75 84 74
18 89 86
84 0 48
51 76 31
82 73 74
74 68 36
37 86 58
62 83 55
98 39 92
24 51 4
64 8 21
89 61 61
79 52 29
61 76 6
70 41 30
57 28 53
37 67 3
81 9 45
22 13 44
40 88 73
19 58 83
81 47 91
67 77 15
34 88 93
93 15 8
46 98 74
92 45 80
97 11 53
23 92 90
21 52 69
42 81 67
32 39 89
4 9 72
80 21 57
18 70 93
40 7 37
89 57 72
70 40 84
84 4 6
77 34 63
15 81 43
75 41 25
92 5 40
96 35 58
33 50 25
35 63 63
15 44 30
6 44 93
14 87 87
40 13 32
86 32 64
21 19 56
76 7 98
39 68 58
68 1 99
95 79 79
61 32 87
96 87 12
2 56 13
23 72 49
23 92 59
63 44 23
81 44 27
4 86 81
16 70 9
46 91 72
95 49 83
90 85 84
71 57 68
29 14 18
47 64 73
29 96 83
38 45 42
54 48 57
35 78 6
5 18 51
57 11 29
82 59 81
99 73 25
88 89 55
80 12 59
1 16 38
61 30 43
15 10 46
2 74 97
98 97 73
75 21 89
23 74 87
34 18 78
54 7 40
74 62 12
11 45 39
71 26 61
51 18 84
93 26 96
43 45 84
83 94 51
29 87 11
61 29 10
52 65 68
84 75 53
14 69 37
81 75 33
76 99 45
28 92 34
48 84 19
41 23 48
42 52 29
31 88 94
38 18 39
90 19 87
35 16 31
72 86 22
17 48 69
41 63 96
72 62 64
45 96 91
20 73 43
92 22 53
91 6 51
43 9 26
83 38 72
6 1 68
16 34 52
50 45 43
78 63 82
13 12 78
9 74 96
86 57 95
1 69 49
15 21 40
95 96 82
12 61 11
9 46 17
47 65 29
76 29 27
56 77 26
17 81 29
55 63 97
91 75 56
51 37 63
43 95 54
3 47 32
98 63 49
97 1 77
55 39 34
67 22 59
87 11 21
37 41 60
38 1 97
86 27 75
98 65 65
29 91 34
41 60 78
19 79 77
95 66 79
54 79 14
24 50 64
18 73 37
41 99 59
64 31 100
73 45 40
29 15 96
45 82 78
7 79 58
29 76 59
16 37 4
66 9 47
74 76 60
6 63 41
11 92 50
14 35 31
41 50 35
53 27 13
99 49 40
75 16 61
19 26 16
68 71 52
16 65 1
48 89 34
50 89 16
8 52 49
10 81 19
54 9 43
71 74 36
36 73 20
26 50 52
95 58 61
5 62 79
57 67 83
72 50 25
76 39 95
34 37 84
22 51 70
64 10 19
96 26 43
29 11 46
40 39 98
38 16 87
30 39 7
83 10 90
79 54 88
19 65 26
49 82 46
37 99 16
97 36 96
73 24 7
8 6 39
35 32 50
8 6 41
35 23 97
12 55 79
23 87 11
39 19 17
15 7 49
9 36 15
30 37 61
5 73 78
34 92 100
64 30 77
77 75 79
85 27 49
74 18 90
6 86 43
67 90 28
11 3 51
58 70 11
24 9 6
77 83 92
65 72 34
6 53 59
96 35 57
10 86 80
91 61 21
26 34 6
35 66 46
15 31 90
37 62 31
94 93 32
50 6 35
72 95 37
54 69 7
88 60 68
26 46 27
70 64 10
77 49 37
15 22 69
48 68 83
25 53 24
75 47 2
46 55 86
66 41 84
60 50 80
76 25 13
25 42 15
91 96 38
7 55 91
53 41 49
76 55 8
43 83 71
13 36 10
16 22 23
3 48 82
51 18 67
12 16 79
67 86 86
8 71 29
1 35 67
15 16 3
30 76 19
6 63 13
28 2 85
35 59 98
2 41 35
31 56 25
46 25 30
29 88 52
79 98 83
39 81 18
23 52 9
36 44 50
99 41 62
48 97 85
14 20 41
27 90 60
87 34 3
9 13 78
67 22 82
83 46 51
79 0 10
11 69 57
95 47 24
15 86 90
21 29 30
75 22 25
64 38 55
36 8 31
54 23 9
93 29 71
90 23 36
68 48 64
32 62 99
17 63 12
68 47 70
63 53 44
57 76 93
8 35 1
52 65 42
18 23 41
26 3 37
90 49 70
53 4 36
76 36 3
61 77 11
0 36 13
15 23 49
42 65 34
8 37 51
93 44 53
89 22 50
10 29 45
38 94 4
58 96 54
63 6 76
45 49 51
4 98 86
43 55 32
35 33 39
35 55 36
17 18 75
9 10 37
62 72 10
8 99 46
52 25 95
66 12 35
36 14 84
0 76 93
39 87 4
80 69 7
53 90 24
43 69 81
28 19 54
2 70 59
76 1 99
4 73 30
68 57 61
12 98 35
69 77 91
25 53 10
52 46 58
30 31 29
2 6 2
57 72 24
9 85 12
97 84 71
27 4 73
41 24 69
21 37 19
11 14 79
48 90 30
67 24 41
23 33 100
32 67 26
57 90 60
57 35 8
0 84 95
14 94 88
29 18 60
7 53 6
83 18 46
65 34 95
28 23 98
21 81 8
79 39 79
72 31 47
86 85 60
85 9 44
13 23 16
66 78 63
52 51 56
8 19 53
84 10 63
4 73 70
18 93 25
23 41 25
41 43 21
84 37 93
92 24 35
48 49 60
8 44 2
26 68 66
42 45 11
91 31 35
21 65 55
39 40 50
4 55 50
8 62 78
5 79 56
0 91 72
35 71 99
95 38 98
73 72 33
17 30 50
85 13 80
33 96 42
89 10 66
72 36 64
8 38 10
66 70 61
67 36 55
24 47 79
33 23 88
46 80 27
64 50 95
70 84 78
83 20 49
66 71 6
46 25 65
95 99 46
35 26 11
34 44 78
22 41 62
84 95 20
62 55 29
20 64 56
62 32 6
1 13 30
1 21 3
9 95 49
59 92 58
57 90 99
45 42 62
93 65 55
23 65 16
57 62 38
12 8 10
38 35 29
0 21 3
2 77 7
51 39 48
99 2 69
54 56 84
49 83 95
61 89 41
47 60 18
99 61 12
55 79 73
96 33 75
87 30 4
17 75 71
98 10 57
95 35 97
65 60 65
6 47 100
70 25 67
19 93 25
56 59 57
18 38 83
4 19 37
48 97 33
65 75 57
49 25 57
76 45 53
20 80 74
33 78 47
95 91 72
14 83 88
65 54 4
35 98 3
66 83 70
87 47 4
9 8 74
76 67 76
13 25 13
14 7 30
60 87 73
52 72 40
49 8 12
75 81 29
85 9 38
84 22 54
51 78 14
60 41 51
51 14 45
29 36 49
17 37 26
93 23 91
35 74 20
16 31 98
22 88 12
31 9 78
38 43 24
88 60 12
0 93 70
9 93 38
9 19 89
32 24 89
21 16 72
91 76 26
71 50 44
5 43 61
0 44 71
64 80 25
71 18 39
10 33 58
43 13 54
71 19 45
18 0 24
88 41 22
77 60 60
10 32 33
33 72 90
14 59 98
83 19 26
89 52 52
78 30 89
0 98 97
59 92 48
18 83 45
92 14 49
20 19 17
69 25 66
47 76 14
5 33 75
93 49 66
65 99 34
94 30 72
82 86 44
5 74 83
98 12 93
13 16 58
2 29 35
64 76 14
10 4 80
21 58 15
22 56 94
42 9 77
71 62 8
45 80 47
57 51 5
10 97 27
98 20 78
48 91 73
4 82 91
12 10 94
55 53 2
87 61 34
4 18 14
53 64 54
25 23 26
74 49 25
63 89 98
67 72 47
27 42 40
50 57 52
25 47 17
48 79 96
52 71 69
8 29 25
46 94 3
36 1 39
16 12 4
50 6 1
66 18 81
6 20 18
82 24 47
94 39 90
89 10 36
44 57 56
75 10 4
84 44 23
35 0 24
20 15 22
3 79 49
5 64 13
79 71 26
99 67 21
79 85 42
70 21 18
40 15 12
96 65 24
2 88 65
11 17 65
33 42 20
50 25 31
41 40 29
64 87 66
64 25 16
55 93 54
19 4 14
39 49 31
62 87 73
30 7 21
9 46 33
53 40 96
94 50 34
81 99 29
35 20 59
55 29 30
48 93 13
72 68 100
21 44 25
36 7 2
17 18 41
8 96 43
22 66 52
80 33 13
21 91 95
79 89 20
99 33 67
64 26 89
0 50 59
66 34 95
63 66 71
51 47 74
49 21 70
72 37 63
9 96 39
79 67 58
23 50 53
27 56 17
87 38 71
82 67 97
22 10 39
61 27 17
67 59 35
58 46 97
36 6 37
30 59 3
34 17 48
90 46 53
4 35 57
17 68 20
60 75 39
34 38 24
82 36 57
87 13 50
12 20 23
26 56 7
19 92 16
42 50 16
10 3 68
38 41 19
47 19 54
93 79 60
97 0 4
67 41 45
6 32 64
23 11 30
62 36 35
13 38 8
65 49 58
26 79 21
0 77 23
84 21 53
81 4 86
91 61 26
63 85 7
70 68 39
42 21 99
40 77 48
47 58 4
96 40 53
63 29 96
18 82 88
6 47 30
57 25 66
88 94 51
36 43 69
26 37 64
61 40 48
6 96 20
68 29 37
48 41 31
58 93 81
74 24 79
70 73 96
34 30 70
9 34 81
42 84 42
60 67 53
8 7 64
36 85 53
22 29 53
89 66 7
94 7 84
39 14 18
51 73 68
1 40 97
27 98 68
70 29 63
6 0 6
34 74 15
28 55 11
99 81 31
62 47 14
8 94 53
13 76 49
23 80 27
8 84 96
80 91 48
71 27 85
15 84 39
80 5 44
49 64 4
78 49 55
52 14 24
45 88 66
15 45 29
46 30 47
60 48 18
2 45 32
79 25 47
26 1 14
26 19 93
36 41 83
31 2 66
69 36 70
7 61 79
82 63 90
37 77 26
47 54 39
90 53 23
60 27 87
38 73 33
87 28 60
14 6 98
28 3 49
67 56 16
59 66 45
45 94 13
57 2 22
41 64 60
81 97 54
50 66 74
42 75 43
86 36 11
70 50 39
43 83 52
43 39 78
86 62 94
88 69 30
18 32 35
39 75 34
0 67 81
41 7 19
46 68 41
89 37 83
27 9 32
18 1 36
77 39 66
21 44 90
19 74 23
51 55 44
62 27 100
87 22 88
64 26 11
71 64 64
62 67 64
16 80 55
68 55 74
56 44 24
9 12 38
7 61 72
52 19 52
50 53 22
3 2 61
35 12 20
18 65 71
62 47 82
21 40 67
83 87 30
75 19 37
78 59 51
79 91 80
10 42 89
16 33 44
23 95 50
41 48 31
29 86 22
45 12 79
37 0 13
74 55 23
90 24 48
27 9 36
33 7 2
27 87 87
99 65 24
88 83 27
49 50 2
98 39 80
84 24 32
10 93 39
97 45 65
86 10 100
70 28 74
44 72 68
18 93 28
39 33 36
25 70 57
20 52 75
53 73 35
35 40 39
38 28 82
5 53 6
4 88 53
30 87 79
1 4 87
26 8 86
85 97 98
52 93 71
58 90 63
70 54 50
69 35 53
95 25 1
14 38 27
83 73 25
30 32 63
14 57 11
60 40 97
57 53 41
65 87 99
54 13 40
58 24 51
64 7 7
58 90 98
27 37 69
81 76 12
94 62 62
9 1 12
49 58 38
99 49 9
28 99 71
53 38 43
46 23 82
59 30 3
14 21 59
37 1 32
49 66 20
56 47 1
78 4 54
23 31 71
0 5 40
91 42 100
19 83 3
24 6 41
90 79 38
14 52 10
72 15 32
65 60 5
1 4 82
37 66 66
29 51 72
57 46 48
80 17 66
32 31 25
24 6 12
53 87 82
49 50 69
60 83 15
12 59 68
58 94 58
99 30 100
49 71 33
32 59 47
66 57 3
11 72 35
41 96 3
88 90 46
76 85 57
12 41 46
89 17 18
42 20 51
57 3 3
48 74 50
96 68 71
74 61 69
92 72 30
34 72 92
60 64 23
91 86 92
76 0 26
91 59 68
38 7 68
78 54 63
74 65 37
9 50 43
71 35 21
30 74 57
14 56 85
14 98 3
90 43 98
84 28 1
86 23 20
22 99 44
18 49 39
16 85 66
97 34 16
16 40 33
6 60 98
73 91 27
34 12 6
47 79 30
94 75 42
59 64 14
48 82 5
72 63 10
33 19 42
23 63 24
19 51 38
7 36 61
7 23 61
8 36 27
94 21 68
50 9 31
21 25 59
89 64 53
57 24 10
69 59 13
66 65 76
64 22 15
68 73 94
83 54 29
51 93 80
9 2 44
0 80 20
25 23 11
28 17 99
19 37 92
28 59 82
68 40 24
53 98 79
11 83 28
46 78 38
99 52 99
33 3 23
37 36 41
45 55 62
39 25 43
79 54 25
84 27 95
15 21 74
29 47 24
48 36 6
68 93 12
47 29 54
38 8 96
88 79 61
64 96 24
46 57 45
48 87 84
30 69 8
53 19 47
70 15 47
92 34 53
74 65 34
35 78 66
63 89 69
88 40 21
39 0 40
51 63 8
11 17 38
58 24 18
35 72 90
56 9 43
12 98 68
14 78 43
29 95 96
56 26 10
18 46 61
32 15 86
91 78 7
47 72 56
45 33 19
72 66 26
6 94 8
9 52 85
79 68 87
53 82 99
39 77 41
52 29 10
62 67 30
74 54 22
84 1 96
34 96 27
66 40 4
5 40 11
73 18 20
31 45 54
75 43 39
60 7 17
60 14 6
31 77 3
93 39 48
40 77 19
44 5 2
83 58 38
70 31 86
2 40 37
74 48 88
21 53 33
46 15 32
38 0 68
86 31 98
36 47 78
71 32 24
1 18 92
90 11 6
26 28 85
45 7 94
71 41 95
61 98 100
85 73 52
14 54 98
28 91 38
43 46 55
61 41 64
11 72 64
35 42 59
28 90 2
56 19 73
33 29 62
13 37 51
90 72 24
16 26 99
91 58 72
49 97 44
93 99 40
33 2 27
25 56 84
69 46 35
47 64 13
87 43 64
59 49 20
41 71 87
45 68 66
75 32 29
33 89 69
88 69 92
85 30 2
46 78 4
22 42 78
44 97 59
80 71 37
82 94 40
10 97 92
61 28 53
21 93 72
42 7 20
31 46 25
38 2 85
88 67 29
41 66 86
96 83 66
15 57 74
86 99 100
22 90 23
40 93 7
29 94 31
59 23 100
3 9 41
72 30 68
51 12 84
80 91 17
14 49 58
21 59 28
14 38 3
70 34 49
29 17 91
1 33 26
10 11 87
83 12 67
16 57 96
65 11 25
28 95 51
73 23 92
12 48 21
13 23 80
44 20 83
4 39 25
82 16 86
29 94 77
46 42 94
13 3 49
78 64 60
56 42 42
38 64 81
41 17 48
58 64 32
40 7 22
29 75 36
93 42 8
4 50 90
75 42 37
15 42 87
27 0 44
87 40 63
25 7 43
78 32 67
9 88 100
93 94 16
39 78 100
78 54 63
99 85 91
15 29 36
76 45 25
4 8 70
98 79 88
78 63 24
89 12 44
8 22 75
33 25 32
7 91 65
70 17 94
59 77 72
85 22 70
70 37 75
28 51 6
85 17 32
28 71 25
0 86 82
21 92 66
64 71 96
0 54 95
42 2 59
62 31 76
2 51 94
21 14 19
86 10 84
34 8 15
82 7 78
69 84 57
33 98 88
92 10 40
31 80 57
12 46 81
79 84 59
60 98 41
29 2 99
43 75 94
32 87 54
90 8 90
57 7 48
87 47 74
80 27 32
38 67 86
56 76 19
20 21 11
78 53 80
20 50 61
96 7 96
96 43 57
21 93 53
5 9 19
59 38 65
25 73 86
19 4 44
25 93 31
52 41 48
2 54 14
51 12 70
80 13 18
92 12 100
38 73 48
55 18 52
31 71 30
18 37 33
52 92 88
4 62 81
87 63 27
12 44 62
32 47 52
55 50 98
61 79 84
83 89 11
67 16 30
24 30 64
37 19 96
82 6 39
9 19 23
21 93 10
25 55 56
59 46 96
7 45 49
80 17 21
39 36 34
17 7 29
80 30 47
47 92 43
23 0 52
90 87 10
19 64 6
66 14 44
63 67 26
85 63 29
99 15 25
39 84 28
33 83 26
44 52 100
95 38 62
50 83 86
26 67 25
5 55 19
84 72 12
6 98 41
61 73 59
63 14 82
48 85 68
49 38 98
95 69 93
33 28 48
41 76 24
16 92 66
3 30 91
22 98 69
99 59 19
3 85 22
63 96 94
28 34 10
77 93 28
32 42 25
65 48 84
63 33 67
83 43 83
43 52 98
75 69 22
21 31 8
93 86 44
79 47 48
1 92 51
96 59 34
43 22 71
64 74 82
22 83 74
60 18 94
77 13 4
57 34 11
95 61 27
96 40 68
90 58 90
21 28 63
20 94 87
32 5 22
64 40 97
54 58 64
97 99 62
9 99 74
0 11 15
73 67 41
40 42 59
14 24 38
88 42 91
17 15 57
58 20 66
6 87 80
86 32 48
70 77 92
60 21 16
9 74 69
74 53 87
83 62 97
60 57 59
97 32 59
29 95 69
96 41 98
34 1 13
6 73 22
46 41 86
11 42 31
37 58 79
37 97 18
2 25 90
24 32 82
29 7 73
22 3 59
79 72 20
19 98 25
50 96 38
80 58 1
85 0 54
93 99 33
9 96 48
49 33 97
30 33 32
30 96 24
22 63 94
45 42 65
75 88 15
62 17 84
51 6 25
92 0 17
75 72 42
72 68 43
96 90 75
10 35 99
64 76 90
15 20 25
28 78 24
48 20 80
76 26 92
89 83 36
20 33 84
9 45 11
67 13 23
61 88 96
10 41 88
11 95 98
61 20 49
7 23 19
42 17 40
64 93 60
66 17 17
80 82 11
60 72 77
37 46 4
79 4 9
53 55 21
15 19 20
14 22 4
14 41 12
32 34 91
83 19 62
24 4 27
97 6 12
27 10 61
33 28 27
91 71 8
28 98 98
33 84 99
59 38 92
37 16 45
95 11 45
87 42 66
10 73 77
11 43 39
64 65 90
84 94 16
96 38 16
55 98 16
58 40 97
6 87 2
60 1 16
90 94 48
35 43 56
62 6 1
37 89 67
89 34 76
19 4 80
23 39 81
98 1 99
60 83 90
9 94 69
90 54 54
4 17 56
87 10 82
88 9 16
89 92 21
9 97 22
62 72 14
84 68 73
26 7 8
97 67 78
39 47 2
92 12 35
67 58 66
73 14 79
22 39 86
67 17 23
45 0 62
44 72 59
44 4 1
15 4 20
99 59 74
26 93 45
9 55 66
73 40 77
17 84 84
51 34 59
97 80 74
87 74 66
57 26 57
40 29 65
79 75 18
68 76 30
97 80 23
85 22 63
86 36 43
94 93 69
55 57 13
0 31 28
3 64 24
23 51 78
46 7 9
23 66 4
47 98 95
94 1 64
87 64 61
8 21 44
98 47 85
61 81 74
57 16 47
26 19 30
83 61 65
87 79 74
69 48 60
24 29 99
76 45 67
84 21 54
41 12 5
47 38 90
13 44 82
22 42 70
84 29 54
60 29 83
84 23 43
36 48 18
72 10 7
23 54 53
87 59 65
77 30 100
60 29 45
88 4 13
75 95 11
26 84 42
46 82 21
60 86 34
6 73 89
32 35 82
76 79 71
97 9 79
40 53 24
53 1 83
22 7 6
30 98 53
10 33 4
40 73 40
60 22 81
53 65 78
0 19 67
93 0 16
79 50 15
3 78 43
1 89 36
55 93 53
23 27 64
31 24 5
21 90 46
92 46 98
71 9 92
1 92 8
27 62 16
62 96 96
1 23 96
50 43 65
61 19 63
0 85 9
56 62 8
15 48 77
42 40 87
20 14 48
97 75 80
78 85 71
39 24 42
80 84 53
42 70 12
65 2 15
18 96 6
17 75 57
30 3 95
31 18 91
7 25 86
83 14 31
1 42 67
9 49 87
52 84 93
52 50 62
23 93 27
70 49 99
93 72 79
77 87 54
26 74 9
51 76 68
58 63 84
30 29 61
90 76 80
34 80 44
42 94 87
46 55 35
30 81 87
43 60 53
12 71 53
29 24 87
88 82 84
56 71 14
92 56 8
70 32 5
84 35 76
6 7 44
3 37 51
90 44 6
17 66 63
12 34 12
8 28 15
35 51 67
17 64 12
41 28 33
64 41 51
20 25 89
52 78 51
78 95 78
1 33 29
62 5 66
42 67 27
26 40 18
16 0 14
55 74 12
86 11 71
31 79 86
13 11 32
75 45 27
35 21 89
17 86 37
40 41 99
47 48 77
61 69 51
31 90 91
9 74 6
50 23 80
96 48 2
53 40 49
32 45 32
67 93 97
30 69 13
89 63 46
64 74 83
21 47 7
18 4 94
62 23 42
31 44 8
79 89 75
7 63 3
67 15 25
6 92 73
36 40 54
42 84 30
58 28 69
90 3 24
13 50 91
77 22 39
85 83 31
15 65 13
73 38 56
4 2 72
93 25 31
75 32 7
55 15 83
38 92 35
79 61 54
40 62 86
99 30 19
63 10 12
10 13 64
0 10 73
9 95 69
40 68 70
36 84 18
38 68 41
53 67 97
83 77 36
2 57 80
72 22 30
91 84 21
8 37 46
34 69 44
26 33 99
30 99 54
29 79 93
59 97 5
81 79 25
21 96 83
73 45 64
48 51 15
76 99 25
38 60 39
76 43 57
25 66 43
97 15 58
71 22 49
21 17 84
48 62 7
37 11 55
26 12 47
62 65 79
8 21 56
57 9 82
85 69 97
0 41 91
69 72 92
49 22 74
67 37 24
75 42 92
0 67 59
70 83 50
14 58 96
64 15 23
77 76 14
81 65 10
38 62 26
98 46 76
14 3 72
80 64 37
55 22 74
72 8 63
34 86 17
12 74 21
0 41 73
40 19 82
92 68 12
90 81 67
12 62 79
74 20 21
43 44 17
58 35 94
81 43 93
71 27 77
16 81 60
86 75 51
19 59 55
93 85 47
18 54 30
92 29 72
83 12 97
1 77 20
78 7 6
98 66 46
95 99 19
96 79 87
22 2 75
44 74 57
56 37 34
92 61 8
48 91 93
20 58 14
78 17 85
45 71 32
30 60 98
31 22 96
54 36 38
16 51 77
24 18 48
56 28 5
8 10 55
71 31 47
39 85 44
97 43 52
24 77 98
44 7 70
91 68 34
49 76 80
54 67 86
50 47 59
0 44 60
60 96 56
99 55 58
61 53 58
95 86 5
68 43 9
79 97 71
27 87 14
59 32 16
30 12 21
39 72 90
38 65 92
53 77 42
66 89 42
18 2 92
53 34 70
56 90 81
39 34 67
65 75 91
67 70 80
14 81 33
69 55 88
98 46 66
59 44 85
28 36 13
33 83 37
59 60 93
8 54 32
8 47 92
23 37 69
47 95 87
52 42 15
82 15 23
5 65 65
9 52 25
27 62 61
80 8 32
44 46 39
49 58 64
41 61 67
91 7 76
71 20 18
1 42 18
94 13 64
36 52 89
43 70 87
0 16 86
47 5 14
36 58 98
98 51 46
58 92 83
35 73 62
9 16 29
2 22 8
91 30 92
56 24 21
14 1 24
86 91 40
10 20 58
10 70 1
65 77 23
88 32 30
1 79 65
50 92 86
7 23 34
5 45 19
90 37 100
92 65 21
25 12 7
61 80 32
53 93 17
47 15 84
54 37 88
27 46 75
12 8 39
82 61 13
42 73 15
14 91 51
16 4 36
68 48 28
94 61 22
91 65 40
95 48 54
11 23 44
58 60 6
90 25 85
73 55 60
54 96 45
81 80 67
24 70 14
37 15 33
4 38 48
7 11 8
31 3 71
37 65 98
56 51 89
29 85 25
94 3 52
27 22 89
18 97 3
73 14 98
36 76 72
28 26 4
93 62 91
45 28 31
19 62 88
9 22 7
92 10 46
15 83 40
29 14 93
80 77 10
8 59 12
75 96 92
26 79 25
41 50 12
99 84 85
77 88 17
51 64 31
20 32 95
22 70 6
17 21 5
60 93 42
96 95 26
45 59 6
18 41 85
86 96 89
53 59 76
8 76 1
51 3 57
71 80 90
30 89 36
3 75 90
25 11 8
45 54 84
45 14 58
10 54 73
30 38 61
74 35 38
24 80 28
67 52 79
66 98 64
70 58 33
14 31 11
38 94 77
90 73 73
0 50 14
40 68 89
71 69 53
45 33 98
15 48 50
99 17 65
15 75 80
68 90 66
75 40 99
37 20 17
7 77 70
22 30 84
97 93 45
48 50 4
23 14 34
47 9 5
44 32 53
80 86 82
66 1 10
31 78 49
78 5 73
51 61 24
27 36 48
77 50 21
90 76 10
81 64 52
54 7 97
32 86 16
63 85 3
78 11 31
44 96 91
94 55 29
30 50 37
52 28 72
57 51 24
47 8 52
95 58 91
54 40 83
27 21 51
65 30 45
73 98 30
93 86 40
46 59 94
42 37 64
33 38 88
49 80 9
32 85 61
11 89 51
71 89 85
25 14 98
18 19 89
61 28 1
20 62 39
19 13 12
77 80 32
3 59 31
54 99 85
54 73 73
68 13 66
90 68 9
25 29 8
51 64 98
19 1 10
73 40 7
74 70 22
39 64 100
77 2 84
49 9 96
99 75 39
64 47 76
17 89 82
85 56 40
31 85 96
47 85 22
55 79 14
74 44 54
61 19 66
29 10 21
95 28 63
57 82 68
32 67 97
94 8 33
32 57 56
18 39 15
56 14 72
78 57 44
44 90 67
6 60 16
28 19 38
55 42 34
58 7 73
46 49 4
44 47 34
40 44 88
5 11 35
92 24 20
23 14 100
17 54 4
24 68 69
39 24 48
11 41 27
46 36 58
87 45 7
66 42 69
49 24 87
2 27 47
26 66 47
85 33 56
39 53 88
56 67 83
72 18 74
63 20 59
48 47 84
31 91 17
16 85 63
81 49 3
91 89 91
11 39 27
99 59 77
41 4 72
68 15 89
12 48 53
69 77 79
44 41 75
97 3 6
88 32 84
51 72 51
37 50 91
1 69 46
70 20 100
83 29 16
82 25 95
19 60 31
89 32 22
28 26 54
65 71 8
94 49 25
15 27 83
20 19 9
0 55 60
17 46 97
74 77 29
67 8 17
67 62 89
26 84 78
54 94 28
12 23 73
35 68 89
67 31 51
45 9 45
79 85 44
35 66 50
68 13 30
65 88 58
16 43 13
15 50 63
93 50 5
27 70 26
58 51 35
27 87 4
64 37 94
13 39 29
69 64 11
80 17 73
8 39 80
7 2 88
56 88 15
32 46 44
92 66 19
57 1 41
18 58 4
93 98 82
68 32 52
57 86 68
22 31 4
76 35 68
43 81 82
64 63 23
69 14 68
97 68 4
33 2 8
47 20 46
54 81 47
94 97 46
41 27 22
99 33 50
18 2 81
41 95 86
80 33 23
42 47 85
99 95 14
6 90 35
17 83 46
31 82 94
66 2 9
28 68 31
16 22 94
45 14 7
88 13 24
59 55 27
0 31 11
59 2 32
22 73 98
88 49 6
88 52 80
81 50 84
86 53 84
34 59 93
64 53 67
46 6 94
4 82 41
61 64 74
36 94 84
94 56 84
77 37 69
23 73 56
36 1 22
43 81 74
56 11 6
1 49 15
13 49 86
10 90 10
12 44 72
60 9 1
27 92 18
79 62 13
38 74 40
67 5 89
26 25 10
69 35 94
54 7 65
81 27 52
98 18 93
92 7 12
17 63 50
80 20 63
47 84 95
0 26 21
37 32 23
33 85 95
75 2 82
55 3 35
57 4 50
88 47 13
89 32 20
35 95 20
80 0 91
20 80 62
78 57 24
18 14 38
9 95 77
96 10 67
86 45 81
29 19 45
96 94 56
48 58 10
33 12 24
39 18 13
55 87 11
49 7 89
21 24 51
51 97 70
34 90 1
47 6 53
86 41 61
71 41 23
76 62 1
42 8 35
32 39 65
33 94 58
19 2 50
34 10 73
64 6 42
53 13 35
60 27 90
8 79 4
16 59 33
35 2 30
67 79 17
16 56 52
37 25 83
23 20 57
96 70 48
12 8 62
50 49 22
70 26 31
97 46 39
38 68 28
29 7 99
68 35 10
97 72 51
80 11 65
89 26 43
34 53 64
9 65 59
28 74 9
12 67 25
69 11 2
52 38 73
9 0 95
69 73 38
63 20 13
78 88 51
83 76 31
19 70 46
53 79 63
5 88 57
8 33 12
49 89 89
0 23 86
23 48 75
99 77 50
7 59 61
32 30 56
87 47 13
64 61 38
72 33 32
45 51 47
86 54 57
66 64 85
45 87 2
5 56 56
26 62 92
49 93 73
61 83 41
44 58 68
45 47 74
20 23 69
44 29 38
96 13 86
91 39 41
55 49 69
89 62 8
71 0 43
38 69 5
5 27 35
22 97 39
78 63 92
75 84 94
40 48 100
51 21 43
92 7 13
59 95 54
67 49 49
86 5 51
33 46 84
55 84 21
98 67 66
21 78 18
70 57 90
97 21 51
66 9 1
13 84 96
97 75 91
56 25 13
69 81 37
73 77 23
56 44 4
78 76 35
65 66 61
70 75 94
27 97 44
83 44 34
26 50 88
48 31 17
84 29 100
97 2 66
58 50 22
72 4 56
46 8 8
21 36 75
78 37 73
77 60 71
67 2 86
86 11 24
39 29 33
96 85 3
21 18 94
26 23 35
7 34 28
38 9 6
3 63 43
69 37 28
75 84 49
49 4 20
37 16 95
46 51 53
1 25 54
33 49 25
59 95 32
38 56 88
77 57 59
8 72 11
20 76 14
55 86 27
46 59 23
9 36 97
48 36 55
93 3 87
50 91 65
68 15 28
0 70 56
39 98 28
79 96 28
89 54 50
46 9 88
53 4 72
18 91 82
43 22 72
33 4 1
13 41 51
77 87 99
47 10 49
87 39 58
88 98 34
83 48 7
23 81 66
98 67 53
40 33 39
2 98 73
69 12 94
52 40 89
43 44 59
24 21 100
53 74 92
46 74 85
76 18 95
76 40 46
52 81 26
78 43 20
74 42 49
94 89 87
72 94 70
39 20 48
76 82 8
52 70 19
86 26 78
47 4 90
86 1 41
70 46 27
67 20 75
33 35 74
25 68 90
20 55 42
64 17 64
93 99 61
95 49 38
80 64 64
49 93 31
97 80 94
65 85 4
72 45 75
42 70 21
22 59 3
90 29 34
82 16 82
73 94 38
25 26 51
73 49 22
67 52 60
48 49 52
96 84 53
99 80 11
5 88 53
70 93 17
76 68 98
81 31 58
1 68 44
42 47 65
48 72 8
52 85 68
6 44 30
4 99 82
45 7 67
19 15 52
72 71 91
8 76 91
58 23 18
61 26 29
24 81 68
22 6 23
15 25 52
76 54 58
34 70 51
8 5 79
50 48 88
18 70 23
29 97 30
23 55 84
48 73 95
47 59 56
63 31 55
19 41 31
94 17 37
66 38 14
78 61 82
26 27 59
26 42 39
28 34 38
58 2 55
57 39 76
69 64 92
46 94 82
1 39 2
14 13 54
67 27 57
11 60 54
36 54 12
18 73 65
45 37 96
7 0 27
80 73 67
47 5 77
15 14 66
15 67 79
2 71 11
86 33 59
35 9 93
18 40 70
51 25 61
63 21 65
37 31 78
1 21 46
85 56 41
23 46 87
5 67 11
89 6 54
91 12 59
55 73 75
35 13 69
87 97 12
28 43 59
30 78 15
86 18 1
85 2 96
68 56 54
16 74 88
85 53 77
13 82 94
19 15 85
86 92 66
14 37 22
52 42 64
15 86 66
79 81 83
28 15 88
8 29 65
16 11 65
21 34 24
73 4 54
55 85 98
67 8 86
42 67 66
18 91 45
47 42 15
21 20 25
66 27 64
80 13 40
71 6 11
46 37 86
85 39 74
52 78 90
24 53 25
87 4 67
2 24 6
81 56 68
41 83 30
8 53 35
6 21 67
1 87 82
42 33 83
38 82 62
44 38 62
30 12 17
96 93 40
53 42 60
46 43 93
52 23 27
46 27 80
86 96 15
5 37 24
37 12 26
16 58 72
69 71 85
46 90 19
96 90 87
24 99 39
58 9 70
32 25 89
8 94 63
44 63 23
88 18 9
37 34 46
44 84 30
72 83 75
92 51 50
2 1 49
18 52 2
95 70 81
83 27 13
30 94 21
82 54 45
98 96 22
24 42 36
97 84 1
57 63 65
38 89 23
75 69 93
27 87 78
15 84 13
34 49 39
71 94 27
52 8 28
18 1 48
78 83 79
72 86 66
2 10 81
12 62 99
79 42 62
47 56 17
33 4 9
66 37 19
61 86 53
5 39 77
14 78 90
49 41 42
13 56 55
44 93 59
91 84 8
62 14 11
40 8 56
15 25 60
43 45 55
66 65 97
56 8 12
25 15 61
83 14 6
40 87 25
39 34 16
59 29 99
53 7 37
79 19 21
13 32 18
15 49 76
9 12 10
9 49 1
51 41 37
0 22 20
34 9 21
57 34 81
50 32 39
22 45 71
7 96 77
89 62 93
77 73 27
4 3 71
39 76 83
79 28 92
9 55 47
4 0 75
70 27 90
10 66 56
75 1 21
87 31 19
22 1 92
63 85 48
56 69 82
84 92 28
75 63 25
46 60 12
25 94 3
80 10 68
24 19 67
71 5 94
24 79 99
20 3 14
11 78 50
21 56 1
44 96 10
64 73 67
59 16 38
77 34 55
93 43 61
69 17 29
56 61 86
80 25 24
80 48 95
13 63 78
3 37 88
23 54 98
3 69 56
91 56 10
77 30 59
5 47 2
44 66 45
80 41 42
44 90 80
36 95 16
1 11 24
50 88 41
21 95 83
62 49 19
72 85 6
48 34 52
33 35 30
50 24 36
32 59 91
60 76 85
66 90 100
70 83 56
36 10 25
54 66 25
20 95 24
3 68 73
63 20 77
32 98 47
66 11 27
20 51 78
34 33 63
20 5 27
72 36 76
25 97 83
7 29 98
45 1 88
3 45 80
44 59 72
95 6 57
71 88 82
56 97 75
30 41 95
23 3 9
34 1 67
77 27 55
80 15 61
52 74 19
5 93 92
47 24 91
42 43 66
4 86 98
8 24 65
78 19 47
80 30 77
45 57 66
60 37 6
83 25 74
68 6 83
9 65 27
52 65 1
88 62 1
92 8 60
23 50 29
69 68 100
51 62 29
65 71 95
58 35 49
87 43 49
12 73 24
37 84 23
4 51 94
46 27 82
23 45 21
85 17 67
47 79 6
21 37 67
60 9 93
68 34 83
76 75 44
81 11 38
55 14 10
37 83 42
85 14 83
10 3 90
7 15 23
80 44 20
73 78 77
48 59 80
50 99 2
76 18 53
26 20 91
53 97 71
74 19 7
32 28 96
83 13 12
16 97 95
63 66 81
86 3 90
68 60 44
92 94 40
65 8 36
58 14 62
51 95 94
3 90 10
45 11 70
93 65 6
77 29 63
90 45 53
32 22 10
59 69 52
6 82 20
22 49 45
57 48 42
51 18 83
90 14 35
18 84 23
9 53 17
5 66 22
25 68 42
16 28 53
93 0 19
74 6 75
62 20 100
82 48 52
96 64 54
68 38 98
69 64 80
41 84 4
74 25 49
81 33 80
47 59 80
9 25 7
28 19 71
31 66 18
56 47 23
17 62 58
2 63 45
30 95 14
63 89 79
90 26 25
51 66 77
96 89 1
93 28 32
31 47 90
41 35 49
38 74 41
79 39 77
56 1 1
21 41 40
24 7 99
14 57 45
74 14 60
93 89 16
12 41 33
62 29 32
81 49 39
2 51 70
19 8 92
23 17 57
27 48 94
7 84 27
5 40 26
68 19 87
34 35 20
91 4 91
48 50 47
23 43 84
95 98 26
23 55 88
18 28 16
61 14 37
62 26 13
21 38 76
58 49 1
60 33 92
24 14 67
34 21 57
41 79 10
68 6 7
8 23 91
27 8 25
97 45 59
27 98 85
43 84 3
5 54 61
43 90 19
20 97 74
7 46 97
97 79 50
14 5 100
0 83 35
0 51 16
43 4 58
15 72 23
44 36 59
3 39 86
78 10 74
68 2 52
46 60 36
83 91 7
14 76 30
47 64 34
35 34 94
38 69 36
28 34 34
35 69 65
28 79 45
16 1 45
6 59 84
61 83 100
73 94 88
43 19 1
15 26 98
49 15 31
27 90 10
59 44 69
29 45 60
48 40 89
13 55 25
88 6 48
58 74 96
32 59 56
49 63 66
11 83 86
69 20 95
91 87 78
1 58 51
58 81 91
34 55 72
93 68 86
2 66 36
81 96 76
26 60 73
80 87 77
26 25 85
98 58 65
57 40 6
41 36 59
70 59 82
8 17 58
34 64 33
1 36 43
86 80 90
84 47 36
81 25 12
62 75 75
76 72 26
90 74 13
9 89 90
82 2 18
31 11 47
51 18 68
46 24 6
46 9 16
20 10 83
4 11 11
28 32 3
93 94 2
68 89 2
22 18 2
71 85 49
70 78 98
7 33 27
2 42 69
44 27 27
60 16 32
12 98 70
97 99 62
73 23 1
31 16 32
87 18 16
27 23 68
94 9 83
25 28 47
48 88 93
31 49 19
70 2 99
29 60 21
35 85 83
41 79 56
9 76 5
20 89 53
87 99 56
29 25 36
62 57 49
90 6 35
10 96 56
40 82 33
64 31 99
22 68 96
0 73 36
73 29 88
9 24 17
64 20 10
60 16 53
7 27 43
56 78 83
14 80 88
70 21 7
49 81 5
99 75 11
63 54 3
23 93 98
67 33 27
4 86 94
88 30 86
97 31 75
45 19 1
59 82 96
45 49 87
73 28 34
52 17 54
25 91 44
57 24 40
83 21 48
36 73 61
36 63 20
74 94 82
95 22 60
53 52 73
42 22 19
4 91 39
46 78 37
40 43 2
66 88 37
50 11 85
27 82 1
35 43 6
75 43 94
76 1 42
25 48 58
7 94 67
99 32 40
93 53 17
31 62 81
70 28 18
94 37 45
80 4 36
89 25 32
51 20 26
5 67 6
48 74 83
21 9 86
19 68 12
29 97 54
74 72 69
57 51 52
29 37 51
72 47 66
78 65 7
78 88 95
49 7 87
75 57 90
19 3 53
88 75 83
36 6 14
26 71 67
29 16 97
89 56 28
82 79 56
57 18 86
20 59 56
12 37 3
53 22 100
80 25 85
38 82 42
84 70 80
37 40 11
7 34 42
66 93 41
94 61 92
53 85 10
61 97 37
41 13 14
16 76 58
4 0 37
2 31 34
19 70 42
19 95 63
67 83 98
19 25 84
87 31 21
32 98 39
44 31 80
78 83 13
20 33 66
23 32 43
3 76 56
84 87 71
87 7 23
25 23 41
73 10 71
28 82 8
25 77 96
28 39 31
1 12 87
61 27 79
74 62 50
53 10 61
28 78 4
44 28 90
21 29 63
17 56 22
63 41 88
82 36 9
93 20 3
82 51 78
12 71 39
73 56 85
10 75 48
70 66 42
73 48 14
52 32 22
33 75 60
22 42 23
90 54 48
36 85 20
26 58 48
91 90 52
93 41 52
72 0 50
5 1 57
14 81 60
23 61 81
21 19 69
42 94 40
63 48 6
89 51 28
79 89 14
38 50 26
97 94 24
26 16 94
36 22 89
32 36 82
14 50 96
43 55 39
82 7 69
12 50 83
37 85 95
86 14 55
48 23 49
40 13 86
81 14 18
60 15 39
25 24 69
89 53 76
19 66 83
61 20 16
68 5 30
81 22 44
13 9 96
38 90 93
41 32 36
19 85 53
13 96 94
60 2 3
2 31 77
43 27 40
96 53 84
68 55 23
55 52 36
29 79 21
55 30 56
56 0 75
12 24 21
73 25 67
92 21 4
96 6 57
64 2 76
61 23 66
87 64 31
13 87 65
54 13 20
39 44 69
68 33 46
83 22 58
84 82 68
26 20 58
2 9 30
21 30 18
76 55 46
52 26 70
66 44 39
67 18 51
63 22 22
86 82 42
61 45 63
80 67 90
45 70 63
47 46 31
28 27 58
46 5 86
31 45 64
79 45 40
5 36 97
59 96 80
65 38 68
57 7 88
3 97 79
15 59 11
80 45 36
52 91 63
79 31 91
0 55 15
96 34 3
40 91 75
11 29 88
26 74 72
52 96 45
28 22 81
5 40 31
40 47 30
70 59 92
91 5 16
49 21 43
7 10 79
65 25 83
77 44 6
44 22 100
34 69 77
98 85 73
92 96 94
13 72 30
22 46 70
38 66 59
72 74 43
89 87 6
21 32 62
43 8 44
3 79 99
63 87 7
23 85 88
19 20 89
66 90 3
34 55 2
21 26 96
43 95 65
10 79 59
66 34 31
38 30 69
97 52 94
15 69 61
46 51 27
23 81 4
71 6 29
96 63 89
74 34 31
45 4 97
23 79 72
3 55 14
60 67 20
8 57 22
50 60 88
97 20 77
42 73 9
4 89 10
69 32 97
31 25 1
15 73 77
46 11 36
7 36 77
9 59 82
16 88 17
0 45 40
8 33 25
68 86 61
43 78 4
43 77 96
45 26 69
91 68 95
17 94 47
43 72 28
87 75 8
54 20 6
60 98 98
51 7 73
87 65 4
91 33 74
14 89 72
51 27 3
52 38 72
60 81 19
76 68 84
39 78 77
58 67 85
55 13 84
40 33 74
22 19 49
37 64 73
80 65 68
77 98 100
0 87 59
56 96 20
42 36 94
80 51 89
93 73 27
13 67 86
24 45 87
33 24 85
66 16 35
93 4 54
78 30 67
18 11 50
73 6 66
41 63 15
20 59 2
37 35 82
79 28 33
74 21 49
69 48 99
39 89 93
51 3 2
78 4 35
54 82 19
39 63 96
25 28 17
70 18 47
67 66 26
29 40 97
53 84 70
42 85 50
55 35 32
97 83 15
60 77 70
87 83 39
2 90 12
87 2 66
31 89 1
51 61 88
35 8 76
67 59 9
26 49 18
4 94 41
92 3 85
39 47 83
35 51 26
40 8 7
20 29 34
51 31 39
81 46 64
76 74 15
44 46 18
92 65 20
75 83 2
33 10 74
94 61 91
49 64 60
58 45 61
97 26 69
23 16 3
2 66 8
79 41 60
36 30 2
1 29 36
66 90 93
75 85 63
44 25 46
48 72 72
17 89 50
84 36 42
68 76 37
30 14 77
55 97 83
81 60 65
9 12 68
90 92 87
73 65 22
98 7 26
19 28 33
74 78 100
10 89 69
87 66 26
51 23 82
25 55 90
45 77 45
64 76 91
48 13 81
16 95 85
50 30 22
65 28 2
15 77 28
57 51 47
6 90 95
92 59 69
25 15 65
66 20 35
82 21 15
94 85 92
87 72 60
20 44 86
20 61 98
72 50 37
45 34 48
40 74 22
40 94 35
71 38 83
24 47 21
11 49 11
75 18 80
56 50 95
84 98 5
66 51 60
25 84 78
95 98 46
79 72 34
86 28 46
21 73 43
22 23 27
12 1 12
5 99 60
78 49 4
34 80 21
86 51 34
17 16 46
97 0 39
64 22 69
61 17 80
51 94 40
99 51 93
43 82 21
42 1 45
52 68 15
12 50 81
50 5 49
71 11 38
36 30 22
74 57 67
90 55 44
96 6 8
1 86 36
73 80 97
22 84 57
51 98 30
34 32 51
63 45 45
39 3 80
79 60 15
29 15 50
33 59 70
76 8 94
84 94 59
83 38 88
17 40 88
17 97 52
27 23 81
99 16 8
70 84 71
24 94 88
60 98 6
30 17 20
61 42 64
48 39 99
99 23 9
69 90 9
86 29 88
39 79 48
35 27 31
11 51 22
29 39 90
21 27 13
58 10 53
46 7 90
87 58 92
35 16 7
26 11 64
4 96 53
37 64 10
97 23 53
60 0 85
86 54 54
16 25 84
94 11 70
64 84 40
41 11 78
42 36 33
42 80 45
21 45 39
14 86 85
37 30 40
27 58 33
27 11 64
41 93 82
18 28 15
51 89 77
87 27 55
75 16 58
30 69 3
86 66 64
14 23 17
7 8 18
49 64 56
15 16 83
26 39 28
28 64 47
80 73 77
80 6 43
47 83 77
20 12 93
8 31 2
14 90 44
39 95 61
49 82 75
54 73 12
29 40 5
79 59 45
81 15 6
34 37 37
22 34 7
20 96 87
99 59 20
57 66 65
24 88 2
16 68 68
3 1 47
53 78 32
99 93 62
96 85 25
3 2 52
12 76 41
64 46 42
6 62 47
43 29 21
41 74 4
12 72 64
59 63 67
76 10 79
82 80 11
26 36 42
24 16 96
71 74 92
2 71 23
39 20 51
26 67 70
65 88 92
34 41 59
16 36 57
16 6 23
10 47 84
90 63 63
18 95 22
15 47 77
46 43 59
48 21 60
23 41 87
64 21 36
1 18 65
4 59 46
42 38 29
84 29 38
96 60 90
98 64 63
0 61 79
65 16 10
82 27 68
77 93 83
54 19 97
18 19 1
73 2 82
57 0 41
15 55 98
3 57 48
68 0 12
45 15 70
23 95 29
71 73 58
97 34 36
9 77 52
15 85 90
73 33 41
53 41 26
30 45 60
83 59 6
27 96 41
41 64 20
99 98 54
97 55 13
38 85 13
96 29 4
97 96 14
54 20 5
53 11 8
40 17 21
99 84 2
14 42 88
47 24 57
1 72 94
36 80 21
15 42 11
56 70 40
26 64 96
83 4 9
23 39 28
60 33 36
78 9 92
49 38 49
98 42 97
58 32 42
18 54 6
13 25 22
85 28 68
68 92 46
30 9 77
51 30 78
27 4 44
34 47 42
34 84 47
13 98 19
36 85 52
58 92 40
97 3 71
67 95 1
52 78 47
41 47 60
65 98 78
69 6 9
13 22 65
81 12 38
72 24 12
70 74 83
26 88 94
44 72 15
94 60 65
83 76 20
44 71 9
65 80 11
0 33 92
63 78 41
51 19 71
13 67 62
26 76 35
51 62 73
18 31 34
27 15 84
59 97 64
70 19 25
59 35 65
22 15 22
14 74 72
46 44 74
70 6 14
66 13 88
83 56 74
59 55 40
25 74 72
39 67 51
75 21 99
1 76 58
95 16 83
49 60 11
89 51 6
21 71 63
26 3 82
75 78 27
7 15 29
10 58 47
33 59 59
38 62 99
2 93 89
72 10 33
40 73 93
52 6 75
26 5 97
32 22 20
27 43 40
52 10 55
18 71 69
63 97 71
21 18 21
54 60 28
46 64 16
98 39 48
72 3 25
23 92 52
21 29 61
55 71 62
59 36 99
17 26 56
40 75 60
41 28 59
34 68 36
50 7 75
85 2 33
95 26 73
2 91 28
96 67 78
35 9 12
95 54 26
25 35 2
48 66 72
25 65 49
5 3 50
76 53 70
45 54 38
14 98 63
84 12 22
74 47 89
19 24 96
48 7 24
39 1 58
64 68 16
46 44 89
50 55 70
68 36 6
33 62 1
93 69 90
93 89 4
23 43 22
67 49 21
29 40 58
27 72 48
77 36 39
67 84 65
99 12 23
50 71 20
33 91 7
63 30 32
81 7 80
78 96 44
43 22 68
49 57 90
44 73 28
20 2 33
74 7 9
54 53 78
82 87 8
21 57 63
6 13 28
74 52 24
49 93 95
18 41 22
90 52 68
49 30 67
80 82 58
12 67 30
44 39 96
38 67 46
19 29 15
21 32 45
84 28 83
81 89 21
30 86 29
95 77 8
80 61 62
71 46 67
55 77 91
66 42 20
76 42 74
1 57 73
25 68 6
2 78 90
4 35 61
47 95 97
34 77 89
84 66 28
46 91 37
96 68 31
49 66 78
24 58 73
43 19 46
36 57 2
9 17 42
68 21 99
94 29 64
57 75 1
47 24 92
34 50 95
86 33 71
68 25 90
63 26 98
80 81 89
4 47 54
18 17 82
6 11 24
42 6 32
22 92 75
12 46 67
7 47 73
45 1 14
31 51 14
4 96 49
64 53 48
33 96 68
78 85 1
41 59 60
88 10 56
13 73 35
90 54 48
90 98 8
38 65 72
64 0 38
40 11 59
13 25 71
12 81 23
61 42 17
53 24 97
31 83 20
86 62 20
89 11 41
60 94 38
20 82 36
7 38 70
53 31 66
62 19 46
35 59 55
4 20 75
26 27 86
66 45 69
68 42 69
51 52 99
60 39 59
55 73 92
87 83 74
35 14 64
10 40 95
11 93 47
5 44 57
49 44 73
41 88 5
70 37 12
74 20 44
55 31 12
73 80 32
62 13 27
14 87 74
93 25 37
25 12 28
22 27 51
62 28 66
0 30 44
67 50 53
1 68 89
51 57 64
37 62 87
87 49 84
71 39 33
1 3 65
18 34 78
57 9 61
56 26 83
82 22 27
33 95 4
59 68 35
85 95 28
65 2 61
74 47 51
45 52 71
20 40 2
18 36 77
82 13 48
56 32 41
54 71 64
38 12 80
11 16 5
1 58 1
12 95 80
48 13 39
30 7 28
75 80 17
32 87 36
58 24 87
84 48 1
97 42 87
97 54 96
45 53 47
13 78 19
10 87 49
95 14 46
9 87 14
23 26 8
99 62 99
48 74 94
82 99 73
3 2 44
2 69 82
9 77 22
7 29 20
62 89 21
85 78 48
94 68 75
77 20 32
24 27 5
94 20 99
44 1 38
96 36 65
58 41 12
39 65 21
10 51 49
5 37 33
29 35 23
93 21 22
23 28 18
30 67 56
16 66 31
90 44 46
39 29 80
51 39 79
1 75 23
18 30 78
5 38 54
49 68 89
98 10 16
43 65 40
44 83 57
61 17 52
63 2 6
34 20 15
53 16 18
1 3 19
63 89 36
96 28 15
14 84 6
23 48 46
38 19 60
85 42 39
86 51 9
55 56 62
48 83 14
31 1 69
55 78 84
80 51 9
0 20 57
75 84 74
69 73 62
30 58 77
30 52 72
71 48 4
33 78 65
11 7 27
64 84 16
1 68 67
67 25 26
16 69 96
44 36 15
24 22 89
38 44 86
60 86 8
31 88 49
77 70 42
84 94 40
12 44 88
13 64 67
60 98 51
34 3 75
30 3 19
84 67 26
25 9 55
23 96 62
25 7 69
50 51 95
89 6 74
72 45 26
56 53 45
26 79 68
28 61 94
22 68 97
60 11 92
51 24 91
92 17 20
59 88 81
33 71 40
37 9 58
6 94 79
7 63 17
16 11 57
37 7 82
81 35 36
3 67 4
86 97 51
2 11 97
75 70 97
61 41 85
3 12 20
90 23 61
10 32 50
72 44 10
29 35 24
84 78 60
82 44 87
55 94 91
29 80 15
1 90 65
93 61 21
47 64 98
15 97 22
90 13 69
30 41 5
95 91 21
82 73 47
55 52 66
66 26 86
87 44 93
90 87 19
54 12 26
61 24 39
61 97 6
89 13 49
34 11 15
5 32 11
4 85 72
74 83 96
38 2 88
32 68 98
2 18 65
98 42 43
82 53 3
77 79 66
10 60 52
10 63 77
70 68 81
65 64 91
48 72 75
6 53 45
83 78 44
41 31 17
42 43 29
87 64 3
42 89 36
68 81 86
0 73 84
46 9 1
23 63 14
50 62 48
18 30 61
81 40 5
35 4 54
20 17 61
93 32 13
44 36 15
11 77 35
99 7 42
24 52 36
58 86 57
70 37 90
52 68 83
2 99 25
55 4 6
37 61 92
74 7 40
46 57 94
1 56 84
74 37 60
63 25 58
62 23 15
34 98 18
54 2 69
53 62 41
21 70 50
28 10 66
60 2 100
32 52 74
52 33 73
57 24 96
92 38 87
38 9 26
53 32 80
12 59 92
65 49 51
83 44 57
8 4 52
89 57 10
48 54 24
92 36 84
78 38 13
33 42 8
17 1 83
87 18 5
11 48 45
36 50 89
19 34 64
95 88 17
39 99 40
47 57 73
88 97 22
19 78 89
25 42 81
3 26 98
75 6 48
17 53 31
77 5 22
76 71 89
95 34 26
42 35 97
89 26 3
44 41 98
22 93 49
8 12 47
31 22 4
67 36 14
74 27 32
59 7 94
54 84 61
92 51 78
0 93 77
57 16 9
2 94 16
19 41 80
60 83 63
33 14 87
25 17 79
49 40 16
65 86 39
3 38 26
94 57 20
57 62 81
52 65 2
8 14 58
92 14 16
29 8 18
52 72 17
68 93 46
45 64 53
31 15 64
0 88 21
42 81 78
65 95 50
48 21 29
95 43 10
1 60 22
82 88 28
15 31 77
82 25 23
51 83 71
14 46 70
58 83 92
79 44 78
85 3 90
92 57 10
36 89 25
15 27 32
54 29 32
93 69 31
20 28 44
73 71 26
82 51 6
19 2 91
49 7 63
10 27 2
3 88 39
32 39 89
11 95 94
69 23 4
79 49 7
25 49 4
46 16 18
80 4 9
64 52 31
46 34 83
50 8 68
49 19 26
14 26 43
62 20 33
64 88 11
62 55 87
99 87 11
8 1 98
87 90 56
31 80 44
85 82 7
81 56 27
99 89 90
43 59 17
92 12 62
45 34 80
87 56 1
27 28 49
95 25 59
57 34 48
22 21 16
91 80 93
94 62 36
91 11 2
29 51 72
60 42 40
30 51 46
97 10 9
73 63 91
18 53 27
54 12 97
41 30 34
94 38 4
88 78 53
10 57 50
89 83 55
32 63 66
59 61 10
33 75 98
66 45 27
2 18 34
6 43 49
6 36 17
63 11 4
12 78 95
24 16 17
62 61 52
88 11 89
33 23 41
73 81 63
33 88 72
27 62 62
46 4 8
65 98 39
34 73 47
9 3 60
99 86 95
36 54 84
80 38 53
32 44 56
71 57 46
92 55 24
22 61 12
36 77 73
35 95 38
1 41 79
94 56 4
78 51 88
43 10 57
79 74 61
98 91 31
53 69 49
73 28 70
7 23 38
56 61 13
8 23 89
3 97 97
72 2 34
65 37 5
75 44 78
84 60 3
90 16 37
33 21 60
45 98 47
71 45 77
79 23 26
73 89 47
88 27 53
69 43 28
26 10 35
99 1 23
8 82 89
11 82 24
45 58 55
87 29 83
82 97 12
15 7 50
75 52 95
26 68 9
2 32 54
5 0 41
25 97 100
27 5 83
14 11 32
24 85 2
58 93 50
48 81 5
13 92 46
45 50 60
58 6 38
61 49 39
12 94 22
74 48 49
44 57 76
95 50 3
54 1 71
45 81 75
28 23 39
97 90 20
48 23 84
69 90 78
50 70 89
76 1 64
78 18 22
19 4 21
46 76 95
75 0 47
86 85 46
11 43 57
56 43 89
7 94 52
38 93 37
5 71 42
40 95 95
96 17 50
49 27 78
62 17 83
6 92 97
50 95 29
71 30 15
28 11 42
19 75 37
84 82 88
26 27 43
74 4 16
14 15 87
90 93 74
70 67 60
47 19 30
10 87 4
99 36 53
42 27 90
34 31 87
15 23 66
43 49 20
38 41 30
95 71 39
0 34 14
22 62 60
95 79 55
3 86 37
93 62 52
77 90 86
37 14 68
91 71 5
87 8 55
65 59 53
0 11 52
41 88 26
90 61 83
89 79 67
24 2 49
59 6 11
89 96 16
84 21 68
73 1 9
51 39 9
60 22 56
72 83 15
78 54 44
56 51 18
5 69 17
95 48 84
37 17 91
96 48 23
89 38 4
49 20 20
64 5 18
12 10 7
63 34 33
22 93 77
15 50 58
80 59 41
35 92 68
95 62 78
73 81 62
96 65 73
48 10 70
27 94 35
67 64 72
32 93 31
63 45 69
73 86 71
64 41 24
63 3 91
28 22 99
61 43 98
43 75 68
73 79 65
7 36 93
19 60 55
50 44 27
71 56 89
72 8 81
86 1 86
