30 97 54
68 15 41
7 35 26
98 8 66
14 51 93
3 52 76
37 94 12
53 90 44
4 78 71
0 7 92
26 21 18
79 25 65
43 27 39
94 95 32
9 56 61
94 95 24
13 47 93
80 95 89
23 63 69
91 89 68
53 0 77
56 33 50
79 9 61
74 39 42
22 42 93
65 8 39
69 7 34
45 99 83
74 76 98
78 96 2
13 91 49
75 35 23
89 81 88
80 79 93
10 16 60
3 78 25
50 22 24
44 55 40
45 3 82
82 55 31
12 15 20
11 7 87
52 75 4
98 82 1
70 71 69
31 26 51
52 37 72
36 56 26
52 16 17
95 71 86
6 44 48
48 45 56
6 83 12
98 49 9
66 10 88
56 77 50
99 28 1
46 82 6
1 44 33
52 71 4
44 42 78
24 34 99
29 92 43
26 39 10
35 7 57
25 65 23
24 4 11
35 83 49
67 60 58
76 39 40
78 66 41
21 57 71
45 12 42
57 9 82
17 3 4
91 72 2
37 59 90
46 82 78
18 93 75
31 29 41
92 53 46
41 76 11
53 10 5
31 38 75
85 45 5
51 31 26
19 11 82
12 49 62
80 5 28
16 24 44
53 82 41
79 63 96
14 84 99
72 59 18
65 20 27
97 76 56
28 3 36
14 39 85
84 63 5
55 28 55
48 43 40
76 15 1
42 8 18
43 19 25
69 80 21
31 98 68
71 81 75
91 22 92
39 76 66
97 30 84
15 94 55
8 46 73
5 60 94
89 78 78
49 26 48
59 37 23
3 88 43
42 49 61
18 73 68
8 9 72
57 93 43
24 34 3
8 40 59
71 84 30
7 36 57
25 77 70
98 93 93
16 43 56
64 14 41
80 97 64
27 41 52
22 43 94
21 4 18
77 23 94
31 24 64
71 23 18
93 88 15
18 86 51
77 13 58
17 32 35
80 47 91
0 8 34
10 47 99
55 87 67
54 96 83
63 46 75
84 36 94
92 63 64
3 56 19
14 47 16
45 17 16
29 7 38
96 86 23
59 35 63
40 86 14
46 32 76
59 95 26
35 25 54
21 95 33
40 27 32
4 79 15
67 89 48
41 24 95
11 79 81
43 78 97
66 16 93
50 76 80
58 54 64
27 6 29
65 96 65
34 14 76
0 45 66
53 5 79
57 36 14
31 85 44
46 90 38
15 1 48
52 12 61
79 54 15
43 46 23
17 3 26
26 87 55
17 27 13
90 44 85
37 34 30
10 78 65
80 51 3
46 56 26
86 91 57
18 14 50
29 33 8
29 14 60
74 39 29
38 39 57
74 9 2
14 9 42
3 64 25
58 2 100
79 16 68
80 58 51
51 64 72
15 61 95
45 26 57
38 85 11
85 70 6
43 27 46
56 87 43
7 92 62
37 38 21
11 18 61
70 88 54
64 88 33
16 0 41
45 86 15
34 24 95
65 71 10
47 42 12
1 59 21
63 0 25
5 10 47
63 76 88
83 40 92
52 15 96
99 29 71
66 75 19
13 55 59
71 78 27
33 64 67
48 81 39
71 23 67
81 30 87
28 87 52
47 95 67
64 56 31
82 69 85
86 42 86
64 82 2
62 19 36
17 75 71
0 8 56
28 43 72
38 70 84
12 76 12
11 55 67
76 98 38
86 7 39
62 35 42
94 89 82
54 66 95
43 77 39
33 62 74
75 93 92
81 39 90
94 43 65
38 98 60
91 41 17
59 99 46
67 66 74
84 51 61
93 65 76
53 90 50
65 74 67
70 36 18
42 17 74
67 77 57
87 65 14
14 77 22
78 36 92
31 58 73
28 16 34
11 66 47
22 40 50
62 21 5
6 15 90
67 13 97
82 49 43
98 47 21
12 68 22
14 76 13
4 67 89
59 16 80
69 20 57
62 96 6
3 76 46
59 63 61
86 10 24
28 30 67
14 4 46
72 14 29
85 60 77
68 79 97
49 83 1
70 73 69
36 32 49
62 76 94
6 9 53
71 1 7
39 92 83
96 56 55
77 66 64
73 98 92
21 87 73
8 34 43
69 28 40
86 33 26
99 13 93
11 79 22
95 19 72
2 59 87
73 94 5
48 53 14
97 16 59
73 38 59
27 47 17
72 70 25
64 6 4
27 18 49
7 24 50
99 68 15
40 53 69
34 65 54
24 70 11
71 6 38
77 72 61
20 73 8
82 9 68
0 40 16
48 2 37
3 71 98
94 50 48
61 77 10
83 30 20
82 22 66
86 0 25
43 41 55
73 17 75
45 38 5
85 65 90
68 75 95
62 9 79
56 46 35
32 0 68
90 72 71
70 4 13
45 44 71
53 6 93
86 85 54
3 58 68
32 6 96
22 74 30
97 59 90
90 20 58
21 60 64
27 10 98
42 73 93
71 95 62
70 90 100
69 80 97
82 5 99
19 13 91
6 53 4
14 9 75
4 20 36
42 66 6
98 86 67
61 94 89
19 52 56
59 74 29
70 28 20
36 41 5
87 63 20
40 35 68
0 49 23
99 85 19
57 22 25
0 85 27
15 29 40
45 62 70
40 48 93
42 7 59
57 70 15
44 16 24
88 94 39
78 13 85
2 13 57
10 96 85
99 9 53
27 49 81
56 71 61
26 95 87
27 58 18
21 45 42
8 45 89
3 69 22
18 87 29
52 42 86
82 63 9
14 28 83
23 79 38
96 84 24
85 96 8
91 66 21
73 79 18
45 69 80
89 58 86
47 39 79
42 73 58
71 29 7
38 45 1
16 73 49
15 99 55
0 28 55
74 59 72
13 94 6
8 73 38
87 79 25
7 16 9
76 51 47
88 71 60
54 73 43
71 68 36
18 31 30
41 91 18
30 81 9
31 7 81
31 21 19
75 25 23
22 28 83
23 39 37
97 34 6
8 12 91
55 53 3
84 31 59
57 22 74
59 24 4
45 7 50
81 83 80
0 31 10
7 71 79
80 58 95
84 45 13
96 12 8
88 34 2
1 90 33
29 13 15
97 34 66
3 92 7
51 37 17
20 83 83
82 23 70
19 46 39
44 52 28
93 43 11
96 88 81
85 59 78
99 90 44
96 1 14
51 88 73
40 94 70
48 17 35
42 96 36
59 25 52
73 17 86
31 35 15
80 12 27
50 37 38
86 37 98
12 74 13
67 72 41
73 82 76
96 40 69
71 73 32
64 42 92
1 84 60
91 67 82
92 32 94
69 53 52
48 36 64
98 17 84
29 22 74
54 37 32
68 75 93
77 9 97
56 82 45
14 31 81
39 81 97
0 43 6
74 92 88
54 49 46
95 68 94
30 34 70
69 18 83
41 81 9
21 93 75
54 62 97
71 79 59
42 89 72
26 70 8
33 10 12
31 91 67
63 86 43
5 69 45
29 58 38
41 45 9
74 3 40
7 68 84
50 57 9
11 23 57
18 98 76
37 34 33
64 65 91
10 20 78
4 14 72
67 23 73
37 93 85
99 21 91
68 55 25
79 25 42
65 31 67
97 88 1
38 96 79
67 71 41
30 70 15
98 87 34
35 32 32
55 27 82
63 11 83
61 31 1
45 3 73
75 12 41
72 69 95
3 37 16
33 4 66
20 28 40
86 46 100
42 98 8
67 46 86
39 79 6
14 19 48
24 33 97
15 84 88
10 52 74
29 33 88
88 30 82
15 98 67
42 70 94
42 86 60
13 10 33
15 93 53
7 27 31
38 87 79
25 97 94
12 16 62
20 47 86
48 96 30
39 65 10
87 55 92
13 29 17
3 16 40
61 31 20
60 26 36
23 58 14
90 57 100
3 78 71
28 40 74
7 39 50
58 83 27
52 4 96
47 25 7
60 86 84
43 44 5
87 21 45
26 78 46
46 58 52
49 54 7
63 6 4
61 29 54
88 96 99
6 77 67
10 77 1
41 37 42
81 54 45
58 90 72
96 95 6
67 64 66
88 10 97
43 42 88
11 94 60
49 71 66
27 66 22
43 97 96
86 57 84
17 64 57
85 32 94
83 38 52
58 78 53
11 71 88
20 17 92
86 82 36
2 92 36
91 26 97
17 89 63
55 93 99
32 66 22
38 55 19
72 70 10
32 37 19
30 23 29
31 56 92
56 49 5
64 56 6
3 88 50
14 30 35
4 66 89
76 62 48
13 36 53
16 4 28
33 34 76
31 67 2
15 51 66
44 75 78
44 68 83
43 86 27
89 11 97
15 39 71
4 22 28
8 17 69
80 23 56
56 33 83
28 62 25
29 45 3
21 46 40
52 12 59
38 90 96
22 8 55
83 93 28
20 58 45
72 24 66
45 67 92
0 1 1
52 23 66
41 27 79
96 22 65
57 59 32
73 85 35
92 67 27
31 87 65
85 41 37
87 51 73
81 63 46
27 30 38
48 63 12
17 32 71
73 70 78
20 59 76
77 80 38
22 93 91
28 75 1
6 78 5
30 52 66
89 59 98
63 79 87
95 32 52
53 54 32
68 87 69
96 45 6
59 35 51
32 93 83
43 24 94
49 0 42
85 63 85
90 55 95
4 26 31
88 10 73
1 60 60
60 3 53
55 41 13
17 69 27
80 18 52
64 66 39
92 57 24
35 12 95
57 44 10
20 18 20
0 70 31
46 80 89
70 29 52
47 11 72
70 32 16
38 0 65
3 16 35
18 9 95
20 86 89
74 80 30
50 93 10
87 58 14
95 71 91
0 17 1
51 8 36
62 43 18
64 90 25
23 0 64
46 54 92
11 71 4
37 18 36
8 31 6
50 87 78
48 14 84
54 46 43
9 88 15
61 79 10
35 94 68
42 20 65
51 92 84
65 72 2
61 75 82
4 84 15
38 61 52
23 74 72
10 35 16
46 70 70
77 45 61
45 62 50
31 44 26
93 91 30
72 6 63
46 21 55
91 85 95
68 74 37
9 43 20
3 15 52
37 77 72
71 59 82
4 57 88
34 44 33
71 51 34
76 30 18
47 39 60
36 51 83
36 48 55
26 94 82
53 73 42
30 10 1
88 19 70
74 20 63
53 80 71
32 66 26
31 14 64
38 95 75
68 22 7
93 16 85
43 6 66
14 29 66
77 54 34
3 16 41
91 89 73
26 78 69
22 19 56
35 14 65
24 52 76
82 46 75
76 14 34
53 59 47
46 4 58
8 84 97
99 94 67
49 23 73
92 26 24
72 17 51
35 71 15
94 34 13
53 27 41
2 73 93
63 83 19
45 81 59
61 74 85
77 47 68
21 20 68
99 15 66
5 1 32
33 36 12
47 17 45
12 64 24
11 71 78
79 35 23
81 1 43
47 92 94
56 96 4
74 89 71
79 93 80
6 37 90
75 71 17
53 2 22
30 42 59
43 76 44
12 53 91
84 17 17
52 90 16
98 51 41
26 63 88
79 71 96
82 88 52
15 2 45
75 74 10
9 79 13
30 11 81
68 83 72
82 12 11
63 55 16
13 52 85
28 43 75
18 2 57
41 60 32
89 37 20
39 6 24
42 57 70
27 17 78
81 66 99
36 59 30
13 81 73
5 79 28
23 42 42
50 68 82
46 49 82
58 28 28
84 51 47
27 42 16
19 83 11
17 23 36
8 91 19
56 20 35
68 79 67
49 95 2
17 14 21
2 44 34
13 48 41
33 20 63
30 12 30
61 98 44
34 66 37
71 84 94
75 82 61
39 95 47
31 92 10
37 74 85
58 30 5
52 0 16
59 57 39
69 56 47
15 60 45
93 7 82
33 68 59
30 58 18
65 75 25
63 4 33
59 50 80
7 67 60
86 6 83
20 67 3
95 39 15
39 4 51
73 0 18
94 38 88
34 13 43
26 31 48
20 49 91
93 43 57
42 14 82
38 31 39
29 39 100
96 39 20
76 32 81
48 47 39
5 98 66
87 78 17
32 69 37
46 7 60
98 17 89
19 5 83
6 28 20
46 91 78
72 1 87
3 52 20
26 63 89
48 69 36
3 64 61
74 25 47
20 24 26
50 57 81
91 18 32
15 33 35
91 42 95
29 84 20
34 8 80
81 58 2
28 96 48
40 78 50
7 90 48
92 50 28
86 9 88
16 86 74
8 83 41
92 52 7
76 51 89
58 49 1
29 32 100
68 73 40
99 74 6
81 30 55
62 37 23
52 25 19
90 86 55
21 25 55
80 48 80
77 36 96
80 37 72
97 98 62
9 1 3
26 40 49
6 35 99
18 46 8
8 24 58
40 21 45
99 4 4
28 25 36
84 10 22
95 8 34
45 60 24
74 79 5
59 26 32
63 61 88
33 65 18
99 77 66
99 12 54
86 16 59
51 18 95
75 68 39
57 60 49
32 80 71
35 24 9
88 57 19
99 9 69
66 40 3
48 14 11
93 40 18
36 89 19
1 46 99
71 3 35
25 27 88
82 25 34
55 25 2
52 80 49
22 21 40
4 66 29
71 9 72
86 32 80
30 89 79
22 70 45
60 47 38
90 39 56
39 82 76
46 62 77
76 53 84
59 87 3
82 62 53
57 62 7
28 1 73
27 79 72
49 67 48
71 47 1
65 30 89
93 10 78
15 13 60
64 41 5
46 53 84
66 40 33
70 17 88
41 8 37
41 62 35
63 96 52
56 91 66
31 40 95
96 3 60
38 1 72
66 68 82
71 53 65
24 72 40
50 55 52
53 95 25
69 77 65
13 35 96
17 70 95
23 6 24
51 30 62
37 1 97
55 34 54
51 24 49
63 73 3
87 85 81
26 3 23
