91 44 87
59 37 6
34 63 52
38 66 37
72 99 71
39 51 76
69 63 70
35 16 32
6 43 27
49 12 84
9 59 39
63 2 60
11 33 92
34 6 10
8 69 30
67 32 8
27 74 58
99 87 50
82 66 70
50 58 56
95 24 16
3 29 11
60 32 47
67 76 55
65 73 28
44 61 57
55 46 78
76 37 92
56 99 51
86 45 42
78 86 25
47 8 55
94 35 64
44 90 79
0 86 17
31 56 80
55 20 44
76 63 85
29 63 86
16 56 83
76 16 67
81 12 14
15 45 71
32 56 30
72 78 13
39 79 17
36 85 56
62 35 3
82 91 60
35 53 49
35 86 33
70 38 7
13 16 86
59 17 99
1 89 20
63 96 37
10 33 67
53 78 43
87 88 99
85 36 84
57 96 33
99 74 94
54 47 56
31 53 15
39 13 64
70 92 51
39 70 49
21 98 62
83 29 66
97 75 95
29 91 64
82 31 2
70 91 76
98 60 35
96 54 29
77 23 39
14 66 43
20 23 95
84 96 11
62 39 6
60 53 34
11 58 2
51 99 10
65 87 23
47 42 11
16 55 86
32 87 70
83 1 41
26 58 69
5 68 50
62 98 24
12 16 16
7 2 70
94 25 51
76 95 82
61 59 32
38 2 19
91 90 7
71 46 57
95 19 11
49 43 86
25 34 14
38 63 9
75 45 82
46 27 18
96 32 15
90 68 76
80 17 46
4 89 22
15 46 78
11 46 80
98 9 97
19 13 96
64 29 32
30 37 75
37 22 64
12 58 49
15 28 60
45 85 45
23 51 36
85 18 7
13 8 53
22 87 77
71 99 85
33 66 38
73 36 59
96 91 77
47 36 84
27 30 80
70 41 6
56 41 84
72 31 16
40 29 24
74 35 94
31 16 21
28 78 39
92 6 90
56 20 49
16 12 2
26 54 79
96 9 62
17 45 41
46 4 23
91 93 92
78 25 75
48 67 19
72 23 94
39 94 70
57 77 56
90 68 14
56 88 46
50 96 68
70 7 49
14 96 32
17 2 1
59 33 58
47 68 78
13 67 38
73 66 19
46 48 59
93 98 57
37 92 47
58 45 11
94 71 94
99 59 23
95 17 21
57 62 9
90 31 15
51 27 98
11 20 34
22 89 97
24 14 93
39 62 11
67 19 57
69 42 70
23 6 42
90 41 10
99 35 2
54 93 28
97 38 98
82 3 43
67 87 97
97 40 57
49 25 61
6 76 83
74 49 24
94 52 34
4 66 37
10 26 59
14 31 96
64 39 46
23 39 57
24 72 88
97 98 49
2 26 100
73 6 41
35 49 66
75 54 59
43 88 9
2 13 55
85 31 67
83 22 27
56 5 3
91 88 2
3 86 20
42 53 54
88 31 15
4 84 69
52 51 87
18 16 3
54 33 93
31 33 83
48 50 55
98 24 50
89 46 67
72 73 48
43 11 24
37 85 20
73 56 42
79 1 44
34 7 46
48 59 49
17 81 17
84 64 18
92 85 63
32 36 6
78 1 5
84 92 27
84 49 65
98 49 21
19 83 15
65 2 20
13 14 26
25 75 48
4 28 86
87 65 100
74 16 88
77 94 97
20 13 29
71 47 96
16 32 85
62 91 52
37 33 5
2 25 50
1 60 60
28 23 36
90 92 36
58 32 24
27 35 67
7 77 5
35 83 59
41 53 6
78 54 86
32 28 75
66 1 2
58 42 34
67 14 29
21 13 39
74 35 31
30 22 40
78 76 66
74 92 23
49 34 71
9 8 99
23 3 96
17 24 59
71 47 44
66 15 81
29 69 11
48 38 96
49 96 14
47 4 97
38 97 97
16 88 81
68 31 46
24 30 7
88 19 38
37 36 65
41 38 96
11 56 15
95 87 46
38 4 27
92 56 92
56 52 17
57 6 58
98 5 95
7 70 84
70 36 57
52 14 19
74 35 65
45 7 36
14 39 98
44 69 48
79 0 47
0 86 14
39 35 7
89 33 57
85 83 80
8 32 43
14 13 19
81 53 28
30 61 93
4 1 91
94 49 30
96 0 28
73 3 34
80 94 40
19 93 60
61 28 98
73 3 40
25 17 39
93 72 21
42 73 24
34 5 5
10 81 34
85 73 30
49 33 47
41 91 80
91 85 93
67 59 42
29 75 49
98 30 92
19 24 58
11 58 59
65 11 63
34 87 77
19 67 23
54 36 95
13 74 63
82 41 8
17 21 4
64 50 28
93 14 70
92 21 21
74 11 27
55 98 33
68 90 96
46 95 86
46 3 37
85 96 45
47 24 19
29 65 70
63 29 62
81 13 23
71 61 35
96 17 33
21 80 23
89 12 23
75 50 28
54 44 94
16 64 82
0 69 28
11 20 44
40 19 3
15 98 59
81 56 77
91 85 61
47 17 58
84 47 37
29 31 54
51 42 60
81 28 87
29 69 94
18 83 75
8 83 84
61 38 22
42 71 53
62 2 91
86 78 67
14 41 98
73 40 90
90 94 27
64 79 27
37 42 79
19 93 95
86 66 15
18 37 50
24 60 92
68 32 70
63 37 11
62 5 63
87 21 75
59 53 50
5 61 51
80 29 12
34 91 66
71 49 52
48 45 85
63 24 6
13 77 49
22 54 48
99 68 48
80 41 68
64 48 55
21 53 77
78 91 98
98 47 72
78 97 71
82 67 70
13 89 79
55 46 35
53 1 26
47 51 22
37 49 36
39 88 88
76 17 43
82 70 32
99 1 23
99 56 53
9 95 99
41 53 72
1 63 97
26 57 30
3 62 3
87 88 57
97 46 70
29 96 43
24 42 60
78 36 71
74 54 82
24 43 1
53 16 97
86 63 89
42 61 9
72 93 29
25 90 37
75 52 9
85 57 81
43 90 26
20 30 100
70 65 69
36 43 20
83 72 60
49 54 21
40 41 79
97 44 68
1 60 54
91 3 17
85 62 23
96 6 95
26 92 72
31 39 66
37 61 1
48 6 61
32 90 89
14 98 80
78 14 2
99 48 97
6 98 93
10 64 81
74 59 96
24 44 60
5 78 84
50 94 98
67 42 83
62 89 68
33 7 88
18 6 9
40 42 54
23 32 32
48 92 29
46 97 73
54 7 72
12 8 27
14 18 50
64 16 76
62 81 15
84 52 88
89 74 76
61 11 87
15 71 15
79 25 13
67 75 31
73 39 6
40 81 37
84 2 26
79 9 40
91 87 43
99 92 9
55 34 59
9 52 35
8 14 26
15 55 11
34 14 88
39 78 89
16 55 19
69 15 22
80 85 26
9 46 46
70 1 47
51 36 80
68 77 28
56 90 26
29 78 69
55 31 59
7 39 47
44 1 30
84 88 73
71 64 84
60 94 54
91 15 46
71 84 59
80 63 9
98 5 98
98 50 70
41 64 54
85 40 79
8 19 34
67 85 46
2 3 68
6 64 3
42 29 29
41 15 91
30 27 62
35 12 60
76 72 60
93 34 96
28 23 25
44 66 43
39 44 94
34 68 62
89 54 24
22 21 59
91 53 63
7 55 56
72 25 33
0 71 78
16 72 17
0 45 99
3 57 47
59 85 8
66 79 11
12 54 6
37 2 18
68 36 67
44 78 16
43 25 89
86 93 34
73 19 65
98 46 52
45 14 8
0 7 47
91 60 95
51 89 78
10 82 59
80 63 41
44 77 75
41 2 41
83 34 30
38 5 56
68 99 45
95 71 17
58 27 92
43 18 70
34 79 74
89 77 26
34 15 57
80 86 65
9 29 22
60 61 61
0 65 45
71 60 58
32 61 52
2 37 35
83 3 26
9 44 8
59 81 17
69 54 27
98 48 9
28 86 87
88 9 66
20 17 76
96 88 58
21 47 31
27 39 94
22 45 23
91 23 10
30 11 64
74 18 100
22 20 99
74 7 11
17 39 100
49 98 77
1 10 35
98 48 32
68 24 68
66 47 23
34 15 2
9 35 91
65 72 65
10 3 86
37 12 94
19 2 32
34 92 83
4 79 89
23 82 94
25 98 78
90 40 69
57 26 86
30 39 66
86 54 21
31 40 87
73 51 37
51 18 94
56 28 99
32 12 41
52 64 15
27 26 23
30 16 12
52 30 49
91 64 86
87 59 91
74 80 63
70 71 24
52 4 62
7 48 55
18 79 14
44 61 51
19 71 32
2 5 53
83 26 98
50 9 37
83 71 99
82 22 76
20 69 56
58 90 9
99 76 29
79 33 21
65 43 12
50 36 28
63 38 98
62 70 2
61 0 77
67 10 52
97 64 47
10 76 38
2 21 28
62 84 33
20 69 15
87 67 99
13 39 42
22 25 98
9 63 95
24 97 7
5 1 13
28 31 14
39 23 68
95 30 33
14 19 47
19 96 37
61 3 26
9 14 29
28 88 7
35 63 40
8 68 40
35 74 24
60 43 9
5 53 4
75 7 28
28 70 90
83 67 46
81 18 82
12 55 97
13 30 54
73 78 69
40 5 10
32 26 69
51 3 20
90 95 72
58 87 7
82 48 32
40 5 6
37 40 30
92 99 3
8 2 61
72 68 96
41 43 14
20 53 40
72 28 76
85 16 35
94 66 5
41 85 61
40 66 94
42 14 28
60 17 90
33 20 99
29 57 62
13 81 14
60 3 80
86 97 32
22 97 8
95 70 26
64 69 24
44 24 67
8 60 40
84 32 87
0 40 33
98 76 71
81 5 81
60 87 92
59 27 44
29 39 39
42 51 49
5 40 85
82 81 30
22 57 74
50 78 9
21 71 11
78 52 97
73 30 50
58 76 30
95 14 2
14 78 22
26 33 47
63 37 62
82 54 84
64 46 63
20 86 14
35 16 60
38 27 45
26 27 7
92 75 10
12 10 12
96 47 86
63 58 96
91 79 47
83 13 7
50 16 69
32 77 17
9 7 69
69 10 48
66 57 78
81 36 48
70 35 20
80 45 7
79 44 11
81 44 16
1 46 1
9 38 96
57 42 78
31 10 39
80 14 62
69 97 8
87 15 96
93 52 77
54 11 80
34 99 31
37 8 75
64 54 73
71 82 21
33 92 54
24 75 93
71 97 4
53 10 77
30 77 20
54 95 48
81 28 91
97 67 77
81 46 73
51 21 59
22 7 90
13 3 84
55 1 54
13 15 58
84 22 40
22 3 35
9 30 44
92 52 29
64 74 74
47 6 71
61 99 44
57 93 86
0 41 80
4 61 19
81 44 44
89 83 37
57 59 38
5 55 67
63 93 1
51 90 31
90 57 53
46 64 63
11 44 13
15 58 44
15 79 62
32 78 49
64 38 55
10 73 22
17 5 48
14 72 83
82 87 18
27 40 17
46 48 42
42 39 98
92 9 11
88 35 16
61 33 11
16 34 24
99 21 44
43 65 75
31 54 18
94 32 44
36 57 49
13 11 79
43 94 59
59 63 88
42 17 72
16 35 94
65 0 32
10 43 33
46 59 36
71 85 86
12 49 19
40 61 94
94 19 91
44 82 82
77 96 90
96 2 75
70 90 37
45 93 68
44 80 63
70 51 49
90 91 26
11 16 17
30 32 97
44 2 39
61 40 60
60 78 62
41 82 90
76 48 94
92 2 40
4 67 76
3 25 17
83 78 22
8 72 54
8 54 65
1 56 54
57 81 29
43 48 34
36 92 75
60 4 75
42 59 27
23 11 74
2 69 69
3 14 36
7 69 64
60 80 85
39 1 2
91 80 2
95 57 54
56 23 26
44 14 71
44 32 94
14 61 51
25 35 87
20 17 84
84 61 8
43 45 97
30 78 98
60 20 60
13 89 47
51 42 6
36 0 72
62 81 91
66 31 1
61 96 91
79 0 50
90 53 54
26 75 100
5 91 61
56 27 26
23 69 70
52 12 5
4 15 100
89 34 6
63 23 46
76 70 34
30 89 12
40 71 67
28 81 79
88 40 18
16 78 25
50 95 64
67 46 46
12 56 15
33 22 74
60 87 55
94 34 73
16 15 47
72 30 91
80 85 18
17 23 70
51 72 5
68 11 17
34 39 24
89 95 2
16 61 77
16 47 15
78 60 62
9 25 82
69 74 68
26 30 63
74 35 25
26 80 40
20 70 81
11 39 42
5 64 97
0 55 32
42 83 7
24 18 84
51 69 72
35 7 18
71 58 71
13 93 37
57 25 66
57 44 49
96 77 20
83 7 89
5 97 100
93 82 6
81 40 7
20 92 56
59 58 61
11 8 84
67 63 53
31 67 26
18 15 72
80 39 87
38 3 15
73 38 41
61 16 92
33 88 60
33 43 68
44 84 82
58 42 6
2 44 12
90 14 3
71 82 52
57 21 53
80 47 13
96 35 56
3 48 89
11 1 25
54 56 22
64 46 34
33 4 28
14 26 71
93 20 93
91 18 11
36 92 63
90 68 29
91 58 64
67 55 95
70 32 79
90 43 73
63 25 73
6 78 27
48 54 21
72 55 47
96 77 72
53 84 97
68 66 60
47 12 59
28 72 20
10 44 33
43 55 58
51 32 26
65 95 74
71 5 39
47 69 8
75 18 57
55 17 82
31 93 58
94 35 6
3 88 29
95 7 19
51 83 90
5 44 27
89 5 6
39 51 21
2 96 77
61 9 29
90 21 43
98 93 9
59 69 23
12 89 25
70 98 31
33 48 83
4 53 74
59 52 51
21 19 89
74 99 76
75 44 58
80 87 34
86 68 22
89 41 56
69 99 35
4 25 32
37 27 92
92 35 66
32 15 6
24 56 88
17 6 97
25 92 54
90 28 7
29 95 16
23 53 22
24 43 33
64 45 19
84 71 62
42 90 89
32 0 3
48 72 22
52 58 74
21 92 93
0 17 55
23 37 35
35 76 95
11 73 15
4 61 51
92 60 48
29 81 68
88 45 99
36 19 91
62 3 83
6 20 61
92 41 43
33 5 50
58 9 14
65 53 79
68 89 93
34 65 4
27 18 15
42 10 29
85 49 45
75 85 31
70 41 11
32 25 9
54 63 60
67 19 72
57 81 36
13 27 54
77 34 80
55 24 19
28 32 60
39 90 21
92 95 44
64 56 41
44 11 47
96 70 98
98 29 5
26 19 19
47 54 74
25 33 82
27 72 20
70 89 57
42 49 18
81 17 15
37 64 83
50 25 61
22 28 97
38 3 90
50 36 70
57 32 10
57 50 21
35 54 92
19 55 74
66 52 7
45 39 80
30 67 6
53 63 46
92 83 85
78 29 47
22 2 58
98 33 45
14 8 86
11 16 45
10 22 95
14 40 88
86 79 73
64 11 87
69 0 10
37 50 58
23 75 39
87 3 61
91 97 91
81 83 61
10 75 10
20 38 72
61 71 51
71 32 4
81 3 40
53 52 51
85 83 93
90 60 59
31 79 6
59 83 97
37 93 89
47 46 3
21 23 87
23 63 30
74 10 43
13 78 19
41 51 22
54 69 45
9 3 26
46 1 9
9 49 80
68 81 43
45 63 47
81 83 83
60 58 41
5 87 34
71 3 17
4 73 7
18 31 21
93 43 51
94 79 54
86 0 42
35 21 19
91 45 47
26 45 96
50 5 38
43 9 18
42 73 33
25 30 37
98 50 62
23 15 21
7 66 62
37 33 85
79 26 18
75 9 86
59 74 14
18 44 31
12 10 37
76 16 66
92 59 43
15 79 80
21 60 7
5 69 91
8 81 88
12 99 96
18 8 58
83 95 22
99 17 75
4 36 73
76 93 8
38 25 4
54 33 92
0 15 34
94 30 18
35 24 73
68 90 98
49 10 25
71 96 91
3 11 56
99 31 45
66 27 94
77 21 39
46 39 79
6 71 2
78 24 89
7 10 89
15 59 11
59 98 87
93 62 14
68 17 37
51 87 23
36 29 75
10 93 31
43 37 31
62 65 23
74 61 97
62 3 43
39 95 52
45 48 79
89 62 65
51 20 27
46 7 47
41 14 82
16 93 41
36 89 31
58 49 64
50 31 41
93 28 66
42 31 26
33 62 89
83 8 33
2 18 34
52 65 74
99 31 82
35 33 99
6 92 82
88 30 59
47 1 55
72 37 29
75 58 6
61 36 76
14 34 21
32 44 22
9 66 85
84 36 25
80 96 38
83 85 95
20 47 98
83 42 64
68 36 71
56 63 33
31 10 81
70 26 66
39 14 79
75 33 52
16 64 72
71 10 76
2 52 13
8 73 13
5 52 14
36 56 76
88 25 79
25 33 21
9 23 78
20 88 50
7 69 23
51 71 17
73 13 65
82 55 33
35 43 12
23 60 22
98 90 5
38 86 4
14 51 86
51 15 94
23 95 2
62 89 61
87 62 59
40 20 37
96 45 80
92 68 98
34 15 69
47 74 19
73 48 51
88 25 21
77 79 20
10 11 27
46 89 34
44 57 38
52 33 89
57 56 85
56 53 27
29 73 53
40 73 58
53 61 15
41 56 76
53 36 42
10 44 13
68 51 21
62 63 92
14 62 26
59 17 25
8 96 38
15 76 28
16 6 92
82 54 51
5 7 63
56 36 69
20 74 3
66 77 100
22 67 70
80 65 59
73 80 52
21 86 84
32 40 42
45 0 21
46 86 22
98 56 52
80 90 37
82 72 83
48 43 92
22 49 52
75 47 93
31 40 2
14 17 93
28 33 34
28 2 72
43 3 27
36 75 23
68 48 4
20 73 83
69 70 49
81 47 11
19 70 41
20 84 80
41 68 12
75 26 50
73 42 69
38 15 49
6 62 82
75 88 9
58 66 85
34 1 58
34 5 44
82 99 43
87 5 66
3 95 6
21 4 37
48 69 42
58 9 51
18 95 86
47 62 67
43 81 70
84 89 23
29 77 22
81 84 58
88 63 46
83 27 17
0 92 72
65 67 78
99 22 73
34 77 3
93 79 75
23 80 26
81 55 100
50 86 97
51 83 13
28 78 36
55 46 31
68 0 62
54 93 74
47 0 24
5 65 74
78 90 19
54 73 5
75 36 96
41 31 75
20 40 96
34 26 37
19 70 94
55 69 75
47 59 5
76 26 61
42 86 93
23 70 29
96 64 57
62 82 80
19 99 58
18 62 42
22 63 33
27 90 9
49 1 70
57 97 3
2 85 40
89 11 35
8 54 78
11 72 8
89 43 15
51 18 77
87 40 43
78 24 31
8 35 66
48 85 37
98 14 29
94 25 73
92 42 28
31 45 95
24 46 75
78 39 98
89 32 100
81 74 94
51 67 28
92 52 81
93 32 41
70 67 42
12 73 89
12 55 41
99 69 72
91 39 8
54 87 34
40 78 11
58 94 18
2 90 39
39 72 36
79 77 32
68 31 57
3 65 44
1 21 81
89 96 84
90 7 16
86 32 58
23 98 47
68 23 11
85 75 99
99 89 21
84 20 63
64 80 43
88 55 9
90 75 45
42 20 50
13 51 98
10 83 37
1 34 81
56 67 30
25 89 65
13 72 91
95 70 18
62 54 55
57 36 59
25 51 79
92 98 54
69 61 49
34 67 93
90 80 61
35 50 3
35 36 47
81 97 98
83 76 45
4 46 25
33 21 70
81 36 51
35 88 58
50 18 87
53 9 79
84 0 85
39 40 2
12 15 48
64 38 39
77 54 51
59 25 97
41 80 89
80 86 56
1 28 100
7 91 78
70 86 88
46 2 97
28 31 78
22 5 92
85 22 91
14 50 84
67 80 85
45 71 82
48 1 17
33 17 17
37 21 55
22 37 62
19 90 15
57 61 91
11 47 60
72 66 95
35 96 20
65 30 42
93 56 57
43 62 21
48 56 5
35 76 27
95 46 50
9 2 12
42 30 14
30 3 44
48 0 82
84 75 61
13 91 93
77 62 57
7 98 4
60 27 5
87 22 73
59 96 29
12 16 4
60 32 72
90 36 67
74 76 67
86 11 40
36 82 21
59 48 90
97 39 72
16 32 29
2 80 24
34 32 41
21 12 72
84 43 45
95 2 77
20 77 18
41 92 65
0 16 35
75 31 100
32 98 58
75 4 64
12 54 2
32 98 7
98 75 41
76 29 40
74 12 19
91 6 64
69 22 55
7 67 62
34 4 6
64 87 29
0 87 12
56 13 98
77 3 80
32 20 14
84 53 25
4 8 16
69 63 39
34 5 52
82 17 13
54 47 47
54 28 35
59 86 67
99 94 56
79 37 15
81 46 15
28 77 58
96 53 66
48 35 91
3 65 84
81 20 24
6 67 35
51 48 89
76 3 48
64 18 29
39 1 55
11 10 73
13 27 54
28 18 87
87 3 17
40 98 37
43 86 26
52 3 34
65 60 87
40 25 24
88 24 37
57 95 6
45 94 49
10 27 11
33 41 24
35 50 87
16 98 97
76 73 53
97 25 75
40 34 28
12 10 68
95 15 95
49 59 100
6 34 54
35 38 30
2 3 87
16 45 60
67 96 45
94 0 41
73 5 22
43 86 14
89 8 56
41 12 60
86 39 48
11 45 96
60 10 77
90 99 87
30 73 60
74 34 68
40 12 48
11 13 36
36 24 2
95 94 92
87 18 89
59 66 47
94 45 41
13 99 94
95 15 50
93 98 67
58 77 64
64 28 50
18 78 71
24 94 17
90 18 16
77 43 5
98 57 17
11 26 83
76 51 58
24 33 64
41 1 54
47 1 51
95 70 11
68 99 87
63 59 78
44 20 98
30 49 81
70 6 60
86 23 43
37 46 59
24 12 3
62 85 88
59 92 31
54 15 99
87 1 5
4 71 48
74 97 3
36 47 32
6 84 53
39 37 48
77 67 97
2 78 39
4 99 42
16 23 54
47 75 35
26 66 31
86 66 62
49 98 94
24 38 63
98 36 48
70 77 20
4 82 60
65 64 3
43 42 61
79 83 41
20 13 2
49 23 65
54 58 31
46 74 96
28 91 3
58 13 32
62 48 90
69 1 16
93 30 29
75 13 95
73 88 77
74 22 29
93 18 10
75 59 51
69 3 86
20 90 32
29 2 24
39 50 16
18 5 100
60 42 92
43 19 58
29 88 61
0 64 55
56 96 6
93 35 4
8 5 84
68 69 14
67 11 57
75 30 98
21 29 61
69 75 67
55 85 43
43 24 73
24 52 75
36 21 11
8 43 12
80 10 36
5 87 9
19 68 97
15 83 29
68 10 97
6 82 80
68 31 78
60 41 66
4 23 45
37 53 82
42 63 95
10 71 32
39 67 40
35 28 83
58 47 75
35 48 42
55 44 43
27 63 44
32 58 51
80 0 39
8 74 48
30 83 40
8 87 61
35 27 53
89 47 41
8 51 31
28 83 41
77 15 25
88 33 10
32 51 70
40 1 92
72 36 26
50 80 43
78 54 58
30 71 34
49 99 26
6 0 18
61 23 42
43 41 30
31 71 7
4 30 5
76 78 95
35 30 62
99 94 47
46 59 57
37 10 42
61 80 4
31 91 91
43 87 36
98 17 49
11 45 61
55 89 94
78 88 97
65 34 3
94 20 52
59 75 83
38 67 58
3 31 2
49 55 84
88 18 48
36 88 86
9 46 32
65 2 68
95 21 78
15 90 17
9 30 34
85 1 47
91 19 89
85 54 93
59 8 57
11 44 84
27 20 1
10 7 7
93 56 55
28 27 35
6 7 80
70 63 24
39 46 41
80 65 98
56 88 16
42 78 1
76 41 75
65 37 40
11 3 53
13 61 30
10 68 65
47 32 1
63 60 40
58 20 51
60 96 94
21 91 67
60 97 58
75 68 33
62 83 92
80 53 87
56 1 12
25 94 49
58 30 53
9 22 23
13 75 100
54 76 75
78 94 57
32 86 37
49 93 68
84 50 22
27 24 61
0 37 26
65 55 44
31 39 87
67 14 53
42 72 66
37 7 66
23 95 75
59 93 83
95 62 64
29 47 10
75 44 43
61 16 2
74 97 21
82 30 76
54 4 84
73 23 58
66 83 13
16 20 34
76 45 95
12 17 57
68 45 75
92 10 23
30 1 100
46 51 24
66 37 47
55 78 54
12 59 82
28 87 50
65 26 81
33 72 76
8 3 75
94 81 18
85 33 84
99 77 81
68 90 7
30 37 48
95 0 4
87 45 66
67 28 10
3 94 44
91 31 94
66 56 88
4 90 7
14 98 62
0 81 43
17 53 19
1 97 95
81 20 70
93 82 72
74 24 77
88 9 4
87 64 1
62 70 6
43 60 42
40 20 49
89 54 25
32 68 49
0 26 57
98 6 3
1 79 67
77 38 67
41 76 97
62 36 67
97 84 6
7 10 9
57 48 19
20 66 73
19 46 53
98 14 98
60 86 44
87 55 31
79 34 62
9 11 85
46 27 51
26 75 29
6 96 97
35 96 16
85 99 43
17 26 22
35 7 95
77 62 6
80 76 64
21 71 84
72 38 94
33 95 89
51 47 7
21 35 9
11 16 28
29 69 59
18 91 63
66 53 21
95 54 93
81 15 65
10 53 19
27 39 89
69 98 35
27 40 64
0 71 57
26 60 18
76 77 65
0 99 49
68 95 57
18 15 87
6 94 20
44 35 38
50 44 8
37 31 61
57 70 27
72 82 70
86 32 52
14 64 33
83 44 70
24 26 26
41 12 93
20 98 85
97 46 46
69 97 68
71 11 82
34 53 80
94 90 67
73 38 37
95 79 66
71 54 71
9 10 91
53 34 41
14 19 94
51 40 80
8 50 19
88 92 27
45 63 72
80 95 25
45 17 24
81 62 48
3 79 81
99 74 99
60 56 49
64 39 8
23 74 89
74 92 11
69 20 56
50 14 80
47 23 84
23 18 79
53 62 47
79 93 99
58 76 61
59 39 86
79 80 28
34 99 91
16 98 91
57 73 16
78 47 60
87 98 55
55 98 95
16 32 68
67 72 13
65 4 91
65 86 50
0 98 28
55 21 91
15 10 57
33 78 24
9 35 12
64 20 67
45 98 28
28 63 10
16 2 64
8 68 76
20 93 5
54 17 5
94 56 31
32 76 83
31 54 64
30 40 4
83 40 80
68 93 69
86 61 37
87 40 72
17 56 88
95 55 75
88 49 11
92 74 10
0 16 51
38 28 90
53 1 41
63 44 38
61 5 57
97 78 56
14 49 2
2 90 16
19 54 65
46 19 88
40 10 2
87 7 100
45 31 61
91 11 14
93 84 77
63 27 43
39 90 52
15 77 67
2 76 3
30 10 65
80 44 1
25 51 16
63 82 65
89 77 50
24 48 97
89 68 42
20 80 48
9 1 9
3 63 39
16 93 3
12 66 2
44 25 68
34 69 45
23 48 72
57 59 52
82 26 70
15 92 18
99 77 79
55 37 7
15 67 46
4 67 36
81 87 48
35 64 34
16 79 14
93 9 96
5 95 23
43 11 74
15 38 12
14 7 21
61 55 36
56 57 64
60 35 28
65 4 36
28 41 84
8 76 85
66 8 28
81 41 17
68 96 40
74 64 71
79 98 73
4 62 39
2 89 13
77 75 60
68 37 20
86 84 28
92 8 67
60 0 34
45 15 68
38 0 27
46 57 91
0 15 93
78 8 62
15 57 52
63 53 92
20 4 65
11 41 83
53 7 75
78 74 53
14 28 15
94 73 2
23 32 83
45 31 25
67 90 78
54 79 64
44 40 77
45 23 91
32 46 64
39 59 72
54 48 72
96 12 81
60 44 36
50 72 92
2 19 63
49 23 9
27 47 32
96 82 70
70 6 46
47 35 56
98 65 40
3 79 20
73 59 24
73 87 71
45 88 97
52 98 15
21 69 86
88 59 11
34 3 47
84 33 6
68 78 100
46 54 69
91 7 37
98 9 87
77 14 12
72 29 36
42 28 43
67 55 75
30 12 84
16 27 4
62 56 51
53 39 60
14 99 95
42 45 35
58 44 91
81 1 61
17 35 80
17 51 78
75 4 43
56 34 78
81 95 98
41 58 1
86 24 22
81 87 89
45 67 28
48 45 68
91 63 90
65 89 9
16 66 44
6 18 31
70 20 56
48 35 21
79 30 24
81 89 45
56 28 40
96 0 37
75 60 50
54 96 2
15 12 62
92 1 69
35 59 65
38 70 83
58 32 62
88 67 43
99 50 76
2 51 83
20 81 98
56 75 17
42 6 90
11 61 8
67 11 32
3 71 76
6 33 57
49 32 43
74 83 76
74 30 16
33 5 8
39 5 9
37 56 42
16 95 75
65 95 12
16 58 25
87 27 59
55 68 42
39 42 33
29 0 13
86 38 53
70 26 44
98 63 7
92 14 57
17 94 61
72 63 19
59 90 71
45 99 70
8 15 5
98 49 97
44 24 28
29 56 26
45 25 1
89 74 82
84 24 50
29 46 43
7 55 84
86 43 52
70 1 54
2 53 37
57 81 39
32 23 59
45 63 11
13 49 8
90 36 5
29 47 78
89 64 85
89 41 69
8 58 47
26 28 20
53 96 59
40 46 100
30 93 63
61 3 45
57 58 54
83 2 79
23 8 5
8 9 64
35 11 8
66 40 35
32 88 6
31 50 78
41 73 11
43 92 95
78 38 45
28 64 82
1 88 78
39 27 82
70 89 99
67 6 52
58 24 35
92 5 70
98 24 71
78 18 96
91 43 10
70 55 15
26 70 59
34 76 31
23 83 53
24 5 30
31 61 74
75 57 29
48 65 23
96 13 34
55 41 55
67 86 55
92 60 76
70 57 30
6 37 19
54 22 80
2 53 88
43 46 86
81 26 96
3 14 19
98 84 16
78 58 92
83 72 98
79 64 87
81 84 71
88 34 43
9 82 71
42 58 39
84 5 100
53 82 33
22 70 98
66 70 98
7 82 42
61 33 38
72 81 8
96 43 51
29 67 85
70 8 45
8 34 44
63 59 2
8 48 99
32 90 76
78 66 97
89 96 30
16 91 76
52 99 13
90 92 50
9 23 35
89 64 62
46 63 28
87 6 7
18 74 20
50 71 51
5 82 8
16 87 63
22 94 70
92 85 93
22 6 81
99 90 50
30 77 25
12 5 99
33 39 92
54 72 96
94 71 12
73 29 74
76 67 61
84 74 28
95 71 28
14 36 37
50 80 66
60 50 35
89 5 66
29 18 18
59 79 5
35 20 40
30 77 17
2 78 91
23 5 25
81 10 18
32 39 78
94 2 50
86 30 51
2 61 93
65 4 78
41 46 22
84 20 34
87 3 66
63 78 86
11 79 63
7 59 86
40 81 81
82 25 60
66 84 50
94 96 57
35 9 3
14 90 94
48 84 42
14 11 45
29 25 99
84 47 64
66 47 34
67 4 83
93 45 21
80 37 3
91 88 24
88 45 39
89 46 93
77 17 97
18 4 84
7 42 75
36 76 39
33 38 1
69 8 67
44 57 38
18 6 37
83 81 77
63 59 15
84 12 51
9 29 94
11 88 95
82 83 33
1 47 96
32 52 9
89 33 13
63 56 94
85 20 47
97 23 65
75 89 19
43 52 92
78 3 15
49 31 40
66 44 72
90 18 63
70 65 71
59 89 36
36 24 50
14 53 88
67 96 67
83 77 51
51 7 50
42 64 93
93 92 35
84 29 82
57 43 60
85 23 33
29 21 26
31 83 41
22 18 77
59 43 66
12 56 56
0 12 11
44 89 2
41 48 86
9 57 68
59 98 92
51 71 30
52 68 15
35 83 40
55 86 99
25 70 67
73 85 62
99 6 100
52 21 41
83 18 18
54 81 72
60 85 29
83 68 4
32 97 75
74 87 4
23 78 52
95 34 39
94 2 4
60 19 35
3 35 82
17 33 18
98 26 84
7 2 49
18 28 63
21 96 8
4 0 60
89 81 13
53 70 11
65 55 62
76 94 12
63 23 17
18 17 99
30 98 98
5 42 74
90 79 89
39 2 85
91 10 19
91 4 10
45 50 12
54 1 76
78 29 7
97 21 72
80 72 80
64 53 99
30 93 51
68 34 50
58 77 90
23 97 43
12 89 71
48 22 46
41 35 43
85 12 36
74 28 45
33 78 77
69 39 57
99 35 94
10 8 49
13 43 7
27 54 8
99 67 62
85 91 81
25 55 24
11 98 26
46 65 74
19 60 8
62 1 47
41 9 86
54 64 24
23 12 84
87 90 94
2 54 73
0 50 94
16 95 6
28 72 46
81 23 86
58 56 98
39 59 85
46 78 57
62 35 24
72 69 49
5 77 24
22 31 30
71 82 23
53 7 64
65 84 99
64 5 12
47 30 89
57 92 38
66 26 7
54 10 55
22 1 32
13 16 34
82 37 13
1 93 5
17 58 55
67 43 40
74 19 100
8 86 97
50 13 45
24 11 83
79 75 77
96 10 40
51 57 30
0 18 93
78 75 6
5 50 34
58 29 52
67 72 68
61 93 37
9 30 95
5 56 60
89 51 74
32 49 97
96 80 64
28 75 26
64 32 29
42 99 59
53 69 29
52 69 12
42 58 65
64 7 47
19 36 38
51 90 44
54 13 100
30 10 81
11 62 47
40 93 68
93 58 60
29 22 67
90 27 84
25 34 59
97 10 77
14 7 3
11 86 33
14 36 84
22 88 38
79 11 84
0 3 73
22 41 21
8 76 21
6 79 55
23 90 71
92 39 35
36 81 16
85 59 50
37 17 26
53 82 92
23 26 86
73 57 44
24 4 25
53 86 36
36 73 54
92 13 6
44 28 87
17 97 75
25 68 55
53 14 72
93 16 24
9 59 13
81 90 98
76 73 44
70 92 3
70 74 85
62 56 44
61 40 100
16 6 39
47 34 22
17 77 3
36 51 83
69 95 60
86 82 70
91 72 81
83 51 3
48 70 39
71 97 29
15 85 8
9 38 80
77 72 46
92 21 10
43 36 92
99 32 36
1 54 32
19 58 12
59 1 18
65 8 82
29 85 92
11 87 39
2 34 29
26 27 88
18 20 16
19 50 87
47 74 9
33 3 53
58 92 92
94 78 56
60 6 73
0 91 62
61 87 61
13 71 32
63 67 94
44 88 36
65 26 82
15 25 29
45 54 73
23 55 10
31 78 63
86 37 87
16 77 88
2 46 69
60 76 61
27 5 77
36 76 86
11 82 78
37 76 48
39 11 92
39 68 93
87 82 6
88 14 15
38 30 9
71 56 54
64 63 57
11 99 78
30 25 100
21 96 17
41 51 59
95 32 75
64 69 82
36 23 27
52 88 47
78 33 88
59 14 53
31 9 29
18 42 42
33 24 53
94 38 60
52 35 42
83 49 64
82 66 54
20 86 29
83 9 4
96 58 51
94 90 7
7 6 86
35 73 99
13 4 37
79 81 32
58 12 92
72 57 16
44 63 37
97 35 19
84 17 55
77 10 2
80 70 31
74 7 69
86 40 31
36 19 9
82 3 61
52 94 34
27 64 9
3 38 45
99 94 4
91 50 98
76 85 100
68 84 63
38 80 70
28 42 43
57 72 28
34 38 71
44 88 57
66 15 22
73 19 29
80 11 80
63 17 95
54 14 81
96 12 76
63 83 63
87 1 100
57 80 64
50 90 6
21 0 38
12 90 44
41 85 63
88 38 20
4 68 11
71 8 59
58 93 84
58 88 71
74 43 24
87 42 11
90 10 82
25 99 89
62 51 66
11 75 38
51 65 41
37 77 91
85 50 85
59 4 94
55 12 70
95 53 60
83 73 82
35 91 82
66 37 82
30 15 15
96 39 49
36 79 6
99 90 63
24 13 50
46 56 26
13 84 42
32 61 35
84 68 5
36 93 36
37 64 56
91 34 73
71 19 78
83 9 46
44 83 68
3 99 43
20 8 37
10 70 25
15 35 66
57 36 81
33 93 75
37 74 75
58 83 28
68 45 48
92 73 64
70 57 17
17 82 45
12 70 90
42 28 15
62 43 68
24 70 38
10 54 58
4 91 68
87 36 54
53 34 55
70 32 49
32 84 5
91 69 96
59 49 86
10 75 20
75 14 36
46 9 41
84 88 65
66 32 14
90 24 53
58 60 90
71 47 22
21 95 94
46 19 63
87 75 89
57 6 37
75 2 38
1 68 74
67 55 5
71 60 6
46 90 23
74 48 77
43 21 95
73 97 60
76 36 64
28 7 9
40 67 26
89 3 89
18 47 61
60 91 78
85 64 56
59 49 92
86 54 61
90 74 57
77 69 61
41 8 49
3 72 12
3 80 37
55 92 39
56 88 44
94 45 56
69 19 44
81 23 88
45 64 98
74 15 36
23 97 21
2 42 24
45 12 45
36 94 90
51 15 23
56 73 3
29 79 40
77 34 14
50 60 8
98 74 87
19 33 46
78 58 99
12 29 29
92 83 15
75 98 28
14 39 79
42 45 91
4 69 67
77 89 38
68 22 69
29 89 91
32 40 32
59 68 81
47 55 58
35 73 6
82 66 88
26 0 5
46 71 1
20 10 87
41 84 36
7 90 70
0 2 90
80 93 3
51 56 19
80 48 26
65 78 41
41 18 48
8 77 30
81 91 42
9 11 94
58 41 14
41 72 29
5 51 65
47 16 73
6 77 91
82 28 92
27 81 17
74 27 53
97 90 33
58 50 4
43 9 84
59 25 57
20 34 2
85 32 86
40 18 32
54 5 42
12 90 32
36 63 10
4 83 76
14 3 6
68 67 39
85 15 57
43 8 48
21 77 30
32 23 45
70 19 72
41 7 87
54 55 11
70 61 41
76 99 93
8 3 48
86 45 54
51 52 71
41 31 17
98 33 82
58 34 8
6 97 84
26 5 52
23 78 50
6 70 10
94 53 61
12 55 21
58 97 96
44 31 23
50 74 59
87 19 46
74 10 93
88 65 65
14 34 47
69 84 63
98 25 48
39 90 26
8 81 16
85 94 83
94 88 51
56 47 71
77 96 2
82 41 9
97 11 33
10 37 59
78 83 93
99 39 85
72 30 55
68 58 50
96 17 27
46 60 51
63 97 68
44 79 33
65 72 59
5 40 44
80 14 94
71 72 94
44 55 63
2 64 64
25 77 63
82 48 93
72 15 53
86 98 60
12 68 56
57 0 70
17 26 59
45 75 17
50 66 34
81 10 19
60 16 76
85 11 76
40 68 23
37 33 17
65 64 20
45 49 28
95 66 56
13 0 79
94 62 64
66 80 57
58 93 13
8 81 18
15 51 66
27 86 47
50 15 61
60 25 36
25 78 40
14 42 92
42 77 17
95 94 37
49 75 83
88 70 7
57 73 72
78 68 65
27 99 81
27 4 86
89 3 9
57 49 65
32 9 12
27 10 62
7 98 25
39 20 51
4 32 18
62 90 45
45 44 4
75 41 29
4 30 49
37 87 3
43 92 43
45 36 69
80 57 63
91 58 46
30 64 96
28 95 79
93 86 56
82 24 73
23 98 86
59 94 57
88 79 56
69 30 75
40 67 51
35 83 100
23 10 89
89 35 100
61 66 40
11 51 33
84 88 57
4 38 25
15 8 41
28 16 26
3 80 26
56 88 16
30 90 34
57 88 63
0 28 59
91 53 53
16 30 78
40 18 97
47 10 15
3 63 84
86 91 43
23 8 66
38 28 97
76 71 48
43 79 67
93 54 64
82 99 85
97 88 77
68 49 90
76 59 79
97 50 62
91 78 97
36 51 69
72 75 42
26 23 69
38 37 41
2 67 11
78 52 37
42 56 64
76 52 44
4 8 42
23 2 74
76 70 20
77 57 70
61 45 33
1 57 83
97 58 37
24 2 13
99 92 34
99 21 36
74 9 76
46 53 89
3 29 12
65 10 13
27 19 94
48 45 74
83 33 58
75 86 37
97 98 40
13 6 43
48 63 26
68 41 96
0 45 59
43 15 35
53 3 61
52 59 3
39 40 15
23 3 88
87 53 84
3 5 27
1 53 23
48 29 16
61 24 50
40 66 100
69 20 68
55 33 79
80 60 58
36 61 47
85 73 44
65 77 56
57 95 90
28 37 75
85 39 45
24 49 16
67 53 97
91 21 92
23 54 51
12 28 21
41 59 33
34 94 75
87 6 47
62 92 67
4 9 2
59 50 33
89 43 38
69 8 93
14 65 73
28 75 92
90 93 46
4 37 23
32 91 64
97 65 21
17 45 8
73 2 52
94 63 52
64 41 32
26 69 8
57 89 97
97 27 54
7 5 71
89 74 12
4 39 90
59 51 84
83 39 56
19 93 16
60 54 70
39 70 69
36 72 3
9 78 39
58 75 21
69 72 32
30 64 40
92 59 48
23 25 39
9 37 53
83 56 61
40 23 62
38 61 38
69 99 86
61 3 56
11 15 98
67 3 47
89 10 73
79 39 43
86 42 49
43 17 4
15 83 24
66 10 18
70 21 98
23 94 60
90 89 55
76 3 23
9 93 2
48 16 17
70 68 79
61 49 15
6 44 58
31 2 13
48 53 25
0 52 94
98 69 42
10 86 44
19 44 48
38 42 12
91 5 1
65 30 43
28 91 61
18 53 65
59 76 18
21 84 50
77 1 1
6 37 6
50 13 2
33 52 32
71 49 21
79 24 23
18 85 48
77 44 22
73 42 82
30 68 12
99 25 74
36 75 15
48 43 25
47 28 53
24 28 33
31 79 87
78 3 55
80 34 88
95 39 69
92 12 76
95 50 67
39 30 97
85 14 62
42 93 85
39 38 57
33 56 1
43 0 83
79 31 97
70 37 14
89 1 92
57 1 38
26 60 52
42 26 94
80 69 89
72 45 49
59 23 94
52 80 81
76 40 25
55 50 52
24 57 54
97 71 92
58 51 96
78 66 91
29 11 99
79 41 96
70 85 64
28 14 23
35 36 5
95 72 61
44 24 72
40 75 38
12 14 17
75 89 25
96 78 68
40 42 20
67 63 7
27 30 54
43 29 51
53 8 58
0 89 57
45 98 27
10 75 38
78 8 74
73 44 87
66 58 79
74 64 16
61 98 40
54 48 99
0 96 42
60 99 91
49 70 94
78 59 65
84 79 64
84 2 67
91 6 32
19 85 9
79 36 33
86 43 58
61 15 54
60 19 99
35 15 19
49 69 6
77 4 100
13 35 89
65 79 69
42 98 23
86 11 49
18 47 8
94 71 91
16 22 27
81 13 99
69 21 8
9 6 34
87 38 98
62 13 81
35 80 71
95 39 80
62 32 25
45 69 25
97 35 69
66 39 91
37 98 38
98 9 11
39 73 56
50 75 5
49 83 16
33 93 55
99 82 95
31 23 37
32 22 97
39 69 24
91 53 37
92 69 74
54 77 90
69 32 5
77 97 89
71 48 54
25 19 38
69 2 84
8 51 93
98 42 10
23 58 39
30 74 87
19 85 96
35 58 78
67 11 99
83 71 39
83 96 88
82 99 31
68 79 97
0 94 46
23 32 58
71 2 14
73 96 43
97 56 84
4 51 30
79 89 51
16 97 2
32 95 45
16 78 98
64 85 30
10 19 93
21 46 22
99 86 36
30 58 34
37 14 4
69 93 17
1 55 59
84 25 48
53 24 41
88 36 3
88 16 59
40 81 3
66 45 21
1 69 85
11 42 12
83 64 70
38 42 25
69 93 63
65 30 1
57 43 14
30 72 41
39 76 6
54 30 62
66 74 18
98 83 46
75 53 72
39 52 48
18 33 61
94 72 7
77 29 15
65 68 30
23 42 8
46 13 53
66 80 39
13 48 69
85 83 66
19 46 64
90 17 84
4 53 37
2 42 77
88 28 99
1 55 100
69 20 35
95 57 38
50 95 88
56 25 49
71 91 15
40 29 4
44 61 49
8 23 4
9 39 50
8 66 70
55 3 16
50 28 46
70 47 89
37 95 76
94 95 21
49 36 49
56 3 56
32 99 44
44 64 35
38 11 76
9 63 83
64 84 18
90 47 45
65 96 58
27 7 96
2 10 21
44 7 89
46 44 29
24 76 3
92 70 69
7 91 16
56 50 67
5 9 7
11 9 20
36 19 40
69 92 82
13 32 80
44 31 41
37 18 100
55 13 98
72 71 74
10 20 12
29 76 55
66 53 16
63 67 52
75 56 50
28 29 3
23 47 1
70 41 24
84 88 100
69 28 70
98 5 44
96 36 52
27 18 48
7 89 45
36 2 65
94 71 61
84 87 57
50 87 41
84 98 5
3 92 56
84 20 65
63 42 48
72 58 47
69 22 29
59 78 56
68 83 89
63 56 97
53 16 32
0 2 48
85 49 57
43 29 4
26 50 43
72 77 59
24 11 25
89 79 41
11 94 38
15 14 30
68 96 49
81 83 77
95 64 75
83 3 68
98 74 23
57 23 32
82 55 5
68 15 15
25 92 98
28 37 83
77 52 4
80 48 63
44 11 34
72 67 55
28 21 44
53 69 36
46 65 55
70 67 50
97 7 15
3 94 99
49 65 50
10 59 1
57 64 30
56 24 97
69 82 4
32 30 84
34 77 8
76 74 100
91 15 11
57 34 11
52 23 97
47 13 55
34 16 81
78 98 45
97 66 64
8 12 45
86 16 67
3 77 39
96 35 15
6 44 13
65 87 63
84 30 59
6 31 90
9 55 38
28 31 92
91 27 85
14 7 47
57 25 74
46 93 22
84 46 93
72 50 73
99 76 40
59 83 83
23 41 84
0 66 17
47 51 68
66 45 6
70 47 7
30 95 70
22 78 8
22 17 14
50 4 26
15 60 34
61 35 63
90 69 8
76 92 78
37 44 92
84 42 39
8 69 33
67 41 10
81 69 68
44 83 82
51 83 91
48 41 48
7 68 80
31 63 27
7 32 80
18 21 30
12 71 45
55 94 78
16 67 64
29 56 81
29 43 26
5 36 8
7 94 65
46 76 3
75 17 61
28 68 33
61 49 92
65 36 57
75 52 45
65 58 48
18 55 6
3 43 59
74 86 60
29 35 81
46 55 49
96 76 56
47 64 50
46 40 74
48 79 81
13 23 86
69 48 54
81 94 48
8 83 69
48 81 48
17 11 69
5 84 40
58 22 77
71 89 39
22 88 66
6 96 61
85 93 88
16 7 16
24 83 23
43 97 83
58 50 80
73 67 35
47 60 32
23 85 35
51 46 33
83 5 84
5 23 96
53 80 65
4 73 14
22 28 68
77 75 96
55 68 91
10 56 68
24 18 96
50 53 51
39 36 54
43 0 37
97 73 43
80 9 30
28 29 89
70 22 22
65 84 30
9 24 44
66 7 52
22 38 34
75 68 38
85 40 78
89 80 65
45 30 55
87 62 5
43 89 85
73 28 61
82 62 74
30 53 42
40 36 85
69 20 34
87 45 64
50 41 99
46 70 94
32 26 94
54 73 21
49 50 68
34 5 57
6 61 80
36 56 69
15 42 77
92 21 75
38 91 48
7 18 87
96 77 1
15 69 44
36 97 9
96 16 58
36 64 19
87 3 32
33 10 97
85 1 54
76 65 24
81 8 41
23 67 50
0 21 48
84 58 80
95 86 10
21 33 96
3 38 19
4 75 16
24 79 9
18 14 83
57 13 91
47 68 40
68 6 87
44 95 20
98 44 94
60 22 26
24 95 92
38 40 74
83 52 48
14 2 78
57 61 59
96 62 74
25 72 31
86 74 6
20 89 72
84 10 75
97 40 1
68 85 50
95 44 65
90 62 77
26 72 98
91 41 94
23 65 86
7 90 46
84 8 58
79 16 21
82 24 1
95 73 42
29 25 99
60 73 21
27 99 95
32 34 72
65 43 56
28 70 81
29 90 82
34 91 45
7 1 70
67 55 46
77 71 55
72 29 26
38 54 48
87 32 38
97 84 24
2 26 31
78 38 51
43 72 47
98 37 43
38 40 14
85 90 79
25 6 48
9 39 1
13 93 26
38 20 65
74 22 67
22 10 16
80 27 54
52 89 46
58 73 90
43 58 99
8 76 37
54 76 62
34 72 32
53 18 13
61 78 12
36 64 69
6 33 47
34 69 18
33 25 80
64 34 42
95 86 46
95 3 73
24 69 94
91 34 47
29 19 68
66 89 88
3 61 7
28 5 57
72 80 70
80 65 81
82 80 64
21 38 56
45 34 36
78 68 40
17 21 92
51 70 17
96 51 22
73 22 11
74 37 65
77 7 44
28 0 30
46 66 69
34 36 17
68 95 17
36 3 43
85 44 17
82 75 6
24 55 52
90 38 3
97 84 17
57 58 29
67 35 85
65 1 80
85 89 55
99 23 52
43 98 11
52 33 64
97 47 76
61 20 78
67 87 69
97 50 16
4 29 89
28 31 1
82 26 31
68 96 73
27 56 40
72 14 88
11 61 42
14 31 23
7 89 39
91 22 74
