51 26 58
70 37 5
13 86 27
54 93 12
39 77 53
75 11 28
25 54 35
67 61 45
63 18 42
74 60 69
27 70 57
81 22 88
53 11 81
18 87 85
85 28 63
30 44 67
8 59 73
28 43 69
93 79 35
38 81 41
62 52 37
89 69 52
40 30 1
63 66 47
34 32 35
29 96 34
69 26 36
49 78 67
77 88 31
12 9 82
5 84 56
62 18 99
35 38 60
40 89 60
75 81 79
79 77 58
15 88 11
58 65 34
74 57 21
37 84 30
68 3 62
30 61 32
91 42 51
83 99 10
58 11 5
47 73 25
54 65 15
92 68 100
38 18 71
37 48 21
52 41 4
99 8 74
98 92 56
92 38 54
15 28 56
38 64 97
60 69 74
9 69 47
22 35 18
5 61 38
85 65 67
81 9 38
52 75 1
75 45 6
62 38 42
31 98 7
96 44 23
94 46 74
1 44 78
4 19 14
22 58 61
65 41 32
34 62 92
6 53 67
29 67 20
78 47 17
41 74 32
56 21 65
21 37 97
4 56 55
28 30 92
1 27 43
85 74 77
66 90 8
48 47 21
16 68 19
83 88 75
26 33 88
26 54 83
36 4 21
99 11 60
65 30 36
60 22 11
50 97 73
62 29 66
84 41 40
6 81 48
3 43 39
3 50 5
69 40 92
59 62 8
81 25 55
88 11 11
63 49 9
78 1 34
50 65 68
20 49 70
64 72 74
63 54 97
76 72 34
65 98 56
92 27 56
57 96 99
72 9 71
62 6 51
80 12 5
70 90 75
93 32 64
51 13 79
6 5 86
78 5 20
33 27 73
0 22 66
32 54 2
29 56 29
11 58 99
55 0 51
75 59 36
28 61 75
72 49 47
21 89 34
93 12 20
52 61 30
24 2 46
93 71 12
63 7 85
54 46 10
14 88 53
41 67 34
58 5 95
6 70 97
16 90 27
58 61 45
30 86 48
83 24 52
86 41 26
80 79 18
9 72 99
15 72 67
6 51 9
26 91 40
6 87 84
61 24 79
23 16 78
24 51 39
25 63 2
73 13 31
79 60 48
35 71 67
66 98 4
69 32 9
86 70 31
1 97 66
30 88 58
13 57 27
46 40 60
7 26 83
66 29 29
67 6 18
34 6 13
52 46 24
64 3 53
33 18 20
39 3 38
4 43 67
13 10 98
34 18 16
64 22 91
62 9 6
56 7 33
89 60 92
31 60 83
53 59 19
80 39 88
96 98 45
3 75 33
90 36 52
67 61 20
80 8 99
87 14 83
46 41 70
35 7 76
83 27 50
9 98 38
31 36 81
22 77 85
54 24 52
94 81 9
35 87 52
12 99 57
81 44 36
72 88 14
51 78 53
12 65 72
73 39 64
16 20 91
5 6 52
7 94 30
19 3 6
57 73 99
2 55 28
45 16 98
24 86 42
84 70 34
21 51 89
53 44 10
75 63 72
91 56 61
93 79 38
63 71 10
12 25 100
80 61 86
56 74 83
52 31 15
53 97 20
83 3 100
90 22 34
3 9 66
40 62 100
34 78 45
43 27 64
70 7 12
87 99 66
26 38 6
49 67 99
20 5 48
25 16 67
24 8 73
98 40 66
19 72 36
82 34 73
6 49 97
8 53 54
83 40 18
37 0 65
4 59 71
70 48 91
44 39 75
78 60 29
44 83 10
43 73 78
17 30 61
39 8 88
93 62 73
42 3 51
30 4 6
84 23 7
12 11 89
30 25 2
92 22 62
25 51 9
76 55 41
81 68 45
45 99 36
20 59 22
76 26 22
65 89 80
46 2 42
39 63 52
73 78 20
17 39 32
57 49 47
40 36 87
42 77 60
50 21 11
36 3 5
84 71 7
80 35 73
8 13 20
77 6 18
33 55 64
6 90 41
76 68 8
25 51 11
4 94 82
36 83 8
7 55 69
8 92 68
76 89 91
30 70 48
94 69 87
86 66 91
53 39 95
69 34 36
70 56 21
7 68 28
37 40 18
2 79 19
55 10 18
24 39 31
69 47 57
82 5 94
4 3 77
62 2 3
79 30 43
80 54 98
2 88 23
66 49 12
84 27 59
60 8 60
35 39 76
7 23 57
34 88 88
33 36 95
53 74 73
21 47 75
53 8 57
59 27 43
72 51 77
26 38 58
27 64 67
31 44 68
37 30 65
42 84 10
25 95 52
63 97 6
6 46 69
29 9 25
0 97 87
2 60 39
94 87 33
48 84 86
41 83 53
37 20 90
37 29 78
43 13 98
2 69 25
36 34 79
5 25 57
55 96 47
15 76 20
84 27 86
0 57 8
56 80 61
74 53 7
71 30 67
81 34 13
13 64 20
61 59 85
90 57 37
30 29 10
49 91 55
24 10 58
5 76 31
7 84 1
36 64 9
14 0 35
98 6 68
47 40 2
88 70 64
52 43 15
50 42 25
79 69 34
94 38 49
61 54 32
42 14 73
28 26 32
88 73 86
25 74 4
70 67 81
58 16 30
81 45 31
28 75 67
97 36 86
34 42 6
7 80 71
31 52 29
40 24 96
54 79 34
62 45 15
26 27 33
81 40 5
96 52 70
91 57 55
86 39 28
8 72 39
42 33 66
44 73 48
22 97 69
88 10 76
33 99 55
55 81 74
33 45 34
32 40 32
7 12 3
96 73 55
3 7 46
86 96 41
90 8 86
8 44 8
77 64 98
27 42 94
78 87 10
30 91 62
69 45 3
78 80 54
26 71 91
54 15 43
16 39 59
26 64 14
54 22 25
76 57 19
9 23 7
91 39 70
81 49 15
91 82 5
24 2 3
0 42 54
82 47 2
36 94 97
6 7 92
97 81 59
2 74 44
7 10 74
11 96 29
83 81 80
34 69 68
87 65 41
19 52 73
19 17 22
90 99 87
24 64 26
79 83 10
27 41 64
46 89 82
17 50 84
84 80 32
57 48 40
36 68 20
60 4 56
18 56 96
13 45 10
31 94 19
57 65 47
51 4 20
95 82 35
47 66 81
52 2 60
57 88 43
67 4 73
49 91 80
99 52 50
70 68 6
27 2 63
58 50 81
65 35 39
12 89 95
79 44 28
77 89 26
17 40 54
19 73 66
91 84 81
98 4 12
45 94 58
71 0 94
7 41 96
39 83 70
48 63 31
25 58 74
97 33 67
93 26 64
27 66 47
33 38 57
72 54 45
78 76 14
61 37 86
22 85 7
50 87 26
27 7 52
41 38 53
7 47 78
10 77 22
65 86 39
0 70 5
35 71 26
72 33 88
43 49 3
77 66 39
56 10 6
31 57 24
31 78 94
1 26 66
88 63 50
60 0 10
32 19 86
59 33 87
24 6 55
70 39 39
25 12 87
90 68 65
17 30 87
42 14 81
1 14 48
2 75 63
21 80 62
10 68 33
14 83 23
42 88 63
4 37 78
41 45 9
5 88 95
98 25 43
31 55 61
97 38 80
46 16 23
80 77 29
28 31 85
58 55 65
56 89 80
61 7 9
50 22 8
80 71 3
39 17 21
85 1 35
79 54 5
26 5 69
27 16 15
82 31 40
50 0 78
76 21 25
35 70 92
62 92 66
79 88 69
59 45 55
14 80 40
74 71 57
53 52 24
81 23 40
8 42 33
95 15 31
83 44 31
39 40 72
63 55 43
20 32 87
11 23 25
85 13 37
58 62 10
46 96 23
87 39 51
77 42 83
13 61 31
92 47 83
68 4 38
10 69 43
57 8 37
62 13 47
46 14 77
48 67 81
76 17 64
21 42 51
34 99 48
46 30 66
95 36 36
8 48 66
2 91 26
81 23 2
85 69 49
40 3 100
16 34 40
77 85 24
31 25 52
77 29 3
69 48 51
65 37 19
28 67 44
39 35 67
94 87 79
0 53 66
78 91 51
4 77 72
38 34 50
66 1 29
78 25 32
68 90 82
84 2 5
73 69 91
13 88 50
40 4 48
3 26 26
52 17 76
93 94 79
13 80 81
33 28 36
90 82 76
45 12 8
28 93 15
68 96 4
1 3 6
92 23 72
59 20 59
40 46 45
59 37 39
52 25 79
70 3 31
93 75 18
78 19 86
3 19 64
0 95 99
96 73 3
63 85 4
91 53 88
90 73 42
98 59 83
76 72 78
28 68 97
69 36 68
6 12 58
40 36 60
66 64 54
12 46 37
2 84 60
65 83 18
93 44 24
33 48 74
64 14 88
37 62 90
69 99 9
13 12 13
2 49 70
29 13 40
95 58 1
48 46 87
59 5 89
70 87 24
16 12 87
47 95 85
4 74 65
82 67 54
51 79 49
45 75 44
89 76 87
28 27 61
42 64 28
53 81 42
97 63 38
13 80 35
46 34 76
74 65 77
2 35 89
50 4 6
12 72 25
53 10 43
1 76 27
87 72 39
37 9 12
95 63 57
33 42 26
82 9 64
25 89 7
35 80 26
28 47 77
34 74 14
94 65 16
54 3 63
7 84 48
15 72 23
61 42 33
27 85 36
98 39 83
1 46 100
81 0 16
87 4 30
16 93 11
46 98 66
51 4 58
22 78 95
2 57 14
51 22 91
85 82 39
53 7 91
20 25 24
48 94 82
49 92 51
33 94 47
94 7 75
1 77 20
56 37 73
98 1 88
31 10 48
77 8 36
11 69 32
78 94 92
91 5 11
21 66 32
4 59 27
96 63 41
30 29 21
42 5 100
44 53 94
77 9 41
28 21 67
27 63 39
16 64 73
29 0 23
19 23 16
51 58 60
49 89 99
25 93 55
58 38 40
10 74 76
39 35 26
41 70 48
23 31 33
44 6 6
13 84 50
4 54 1
80 74 64
61 35 77
82 35 22
47 18 84
81 0 72
91 36 98
0 52 40
69 39 72
0 40 18
84 7 4
88 93 3
14 33 1
90 42 100
61 63 94
56 11 32
30 8 10
71 90 1
21 94 81
32 37 87
50 56 75
6 96 87
74 86 43
4 61 76
74 54 94
2 64 19
95 12 65
80 78 93
90 14 68
73 99 50
23 32 40
62 77 43
23 3 33
6 67 96
69 73 71
85 21 20
65 90 12
7 73 38
5 32 57
3 2 64
56 60 96
41 24 49
11 17 21
17 85 81
8 10 65
76 72 6
23 75 48
99 14 30
94 28 7
56 61 11
21 5 18
30 7 56
37 13 2
86 91 87
79 90 94
46 69 15
89 34 51
44 79 78
74 13 24
5 77 3
16 91 46
47 24 8
50 29 86
66 6 28
7 3 37
46 75 75
77 20 75
72 9 72
20 33 33
92 84 92
75 92 78
38 34 36
39 6 93
67 96 7
20 96 99
96 30 7
73 78 77
33 81 19
34 29 7
5 59 86
30 91 83
21 97 13
44 16 88
69 57 14
98 9 72
70 2 98
44 16 89
82 77 79
11 98 42
4 38 37
65 85 91
54 84 93
32 76 71
32 48 43
9 91 57
75 21 46
37 61 64
94 83 52
89 50 93
2 72 39
12 3 63
43 59 42
71 11 81
79 76 13
54 14 29
81 90 93
92 0 58
78 57 79
50 12 100
10 68 3
57 25 71
4 8 57
0 87 6
5 8 60
64 15 90
48 19 92
27 45 57
51 87 3
83 43 31
33 92 90
91 44 63
3 94 27
5 7 50
62 26 62
5 70 25
21 76 91
73 69 20
97 51 81
99 98 95
45 86 24
36 65 41
86 93 20
16 17 66
5 69 97
48 89 34
43 24 76
89 54 87
23 75 30
55 88 58
41 1 64
11 49 96
30 49 35
25 92 60
17 30 67
54 75 69
40 95 84
94 21 36
49 90 7
54 75 81
89 61 89
44 23 45
15 8 2
88 70 27
28 59 4
78 65 7
75 3 19
68 17 29
38 21 88
9 20 37
45 0 36
99 8 48
32 30 58
68 46 32
70 77 39
29 26 22
22 86 67
88 94 88
9 50 84
96 52 53
18 6 24
17 45 64
19 30 27
27 60 87
72 60 33
20 93 73
55 24 35
30 82 51
2 37 20
42 15 6
79 21 61
47 99 24
12 64 6
34 33 23
79 67 32
0 18 66
19 4 45
95 45 91
32 63 46
77 16 75
39 90 50
18 55 1
59 71 81
64 80 23
17 20 35
35 20 21
73 7 36
86 79 83
6 86 21
59 31 92
95 10 80
96 66 47
85 64 23
49 59 2
62 97 75
11 30 95
63 78 14
18 69 94
91 72 86
94 6 69
20 32 45
16 57 28
14 29 100
24 92 58
28 85 29
33 84 8
17 63 84
54 74 55
77 18 42
50 19 79
77 32 57
51 79 87
40 3 13
71 90 80
26 10 90
42 66 66
67 51 42
31 57 79
39 15 88
88 28 1
48 70 60
77 51 58
61 24 91
8 18 69
32 65 56
45 42 74
88 22 16
55 2 90
60 29 34
25 50 25
72 33 60
53 86 30
61 65 30
95 63 10
2 85 71
63 67 23
0 62 78
94 4 1
18 90 94
47 72 50
64 81 70
54 45 14
66 79 55
31 83 84
20 12 14
68 69 53
47 60 12
49 18 88
46 69 24
74 47 56
60 26 93
99 8 91
41 16 50
31 82 21
84 8 62
67 18 24
87 48 78
76 46 55
11 51 18
46 17 25
59 7 21
75 26 12
76 26 77
64 37 70
46 55 20
61 85 33
87 41 91
4 55 6
77 9 89
56 21 49
38 49 37
77 78 23
31 0 18
94 30 44
63 46 93
65 20 56
20 37 75
74 33 65
5 84 26
53 56 34
90 59 49
41 47 87
88 11 82
10 87 19
17 70 100
41 33 54
95 70 97
43 84 71
63 54 14
49 94 81
29 66 6
65 30 36
63 23 96
76 93 23
3 61 49
1 25 42
89 59 42
85 46 60
17 6 71
25 65 53
31 88 46
68 24 38
20 92 18
38 6 40
83 16 89
88 33 45
48 92 82
52 85 98
92 55 33
68 84 71
48 8 26
3 29 66
64 0 20
44 33 5
35 42 80
2 70 23
72 59 75
77 23 16
51 17 47
76 70 51
83 3 60
42 15 88
88 59 90
24 14 71
30 81 65
39 13 100
70 68 67
78 65 2
60 9 17
30 83 62
76 35 43
4 69 66
10 73 53
69 16 37
29 7 49
48 26 14
49 68 44
34 23 29
74 66 2
21 74 5
0 64 28
47 89 40
54 70 54
97 75 16
63 1 65
63 72 4
9 32 65
99 65 5
2 91 45
1 88 9
8 71 26
16 82 43
19 35 83
37 49 88
70 85 29
30 36 78
62 73 65
4 56 61
65 33 72
29 44 80
78 12 4
66 28 97
64 9 55
85 17 10
93 67 86
67 97 17
96 82 18
33 13 67
46 81 98
81 71 21
75 35 61
24 21 34
88 54 13
18 93 100
8 51 99
9 3 54
44 78 58
18 21 46
78 68 68
17 83 63
14 30 100
29 8 66
37 86 84
36 3 84
88 1 79
47 96 98
1 28 100
44 37 89
36 59 41
88 97 90
75 94 84
84 48 58
60 81 56
79 57 49
93 7 8
5 80 98
18 47 77
43 12 4
66 73 4
24 58 54
74 11 80
54 7 83
8 56 99
96 59 62
31 32 58
98 90 59
93 60 53
86 69 23
53 62 76
41 73 74
94 23 61
83 25 98
61 56 22
8 24 6
34 51 38
97 57 33
37 13 81
43 88 28
9 76 59
69 51 80
0 98 3
81 68 81
72 62 27
20 83 34
76 63 75
86 39 72
57 8 25
12 63 56
11 9 85
39 14 51
12 32 79
7 51 24
62 12 100
53 0 38
91 16 3
74 18 59
14 44 75
59 99 99
43 71 57
2 23 37
34 32 100
74 63 14
72 0 22
2 89 48
10 88 23
51 66 85
26 62 79
27 41 11
33 40 97
31 59 68
3 82 68
39 50 86
42 59 64
74 83 94
43 88 65
24 28 26
73 96 92
70 47 79
12 25 83
49 44 93
73 80 8
65 41 46
26 66 14
43 19 8
57 53 90
22 65 19
63 62 91
6 21 22
44 75 43
28 46 75
49 54 69
0 54 85
14 12 71
20 95 48
24 57 10
67 22 9
99 82 9
5 89 64
51 16 20
79 51 4
53 7 5
80 89 79
37 28 68
4 8 8
40 86 11
54 94 16
12 52 33
52 28 8
25 82 11
34 58 36
98 54 25
32 91 36
45 67 60
87 54 94
38 46 31
49 57 46
98 80 7
29 16 62
6 67 23
26 52 96
12 23 39
33 99 78
78 40 66
63 78 55
10 44 58
93 12 19
42 33 8
68 51 15
77 1 64
57 78 63
81 80 13
37 29 48
44 17 87
91 88 72
82 89 43
11 17 11
67 40 33
66 90 57
79 83 89
95 43 23
75 3 59
38 87 40
16 61 18
42 90 24
88 76 20
32 26 96
27 82 84
70 93 42
98 59 6
44 65 97
46 6 32
81 58 54
77 8 65
14 73 86
91 30 52
57 1 42
83 55 40
49 44 83
72 78 44
71 94 50
31 86 89
23 25 32
62 1 79
12 95 52
16 58 62
30 74 95
59 65 49
97 84 56
50 3 74
71 33 90
73 66 65
79 81 21
30 58 78
74 65 28
82 70 32
96 71 1
37 83 69
82 29 83
79 20 37
14 56 23
97 24 63
31 34 34
77 14 42
94 88 69
0 13 95
30 1 49
61 64 21
64 61 24
58 81 28
16 76 14
89 59 63
30 87 20
58 82 49
27 66 83
27 34 54
79 37 85
50 53 65
74 46 14
71 41 37
67 49 11
47 46 85
61 65 73
85 24 57
41 70 96
69 59 10
54 88 25
53 23 92
13 35 27
80 19 75
47 10 21
60 68 73
95 69 97
36 26 56
24 71 87
35 76 7
17 14 92
59 95 17
40 34 59
0 56 47
57 34 15
48 67 26
80 18 51
60 53 50
99 50 2
9 45 84
25 26 64
59 28 26
54 40 10
5 0 29
60 96 84
11 60 11
45 47 41
16 14 10
39 47 53
61 93 93
27 10 72
76 42 85
14 77 21
71 77 69
96 97 19
5 73 82
8 93 87
51 42 24
63 52 16
95 16 47
5 45 55
80 72 42
81 16 51
76 98 100
85 61 31
27 69 28
27 56 97
80 17 57
91 11 83
85 52 89
36 45 6
68 80 79
56 16 38
8 94 78
78 2 37
6 10 2
99 96 90
65 96 29
11 59 32
64 97 49
30 50 5
47 69 5
16 70 43
57 54 96
51 90 71
70 51 39
95 16 39
17 60 47
72 99 33
44 22 18
54 21 95
45 0 84
13 70 43
37 62 49
96 82 22
57 60 3
21 98 22
55 59 50
30 96 38
19 67 87
0 39 17
40 19 71
91 94 34
30 80 2
13 18 97
0 31 39
66 42 90
18 51 36
6 33 21
7 95 46
77 85 3
31 22 79
47 93 89
28 64 42
97 34 94
85 78 76
20 71 70
63 67 21
67 52 31
16 0 5
12 62 15
13 6 68
57 94 68
28 4 81
0 41 26
37 67 9
75 72 29
36 69 92
84 20 81
43 10 28
18 14 21
77 81 28
39 88 67
87 35 79
59 7 82
44 17 100
76 84 81
66 54 40
37 23 93
65 57 5
30 55 77
29 77 64
21 25 37
91 18 87
45 76 85
39 52 22
11 55 55
69 72 73
0 14 78
90 4 53
47 43 14
78 3 93
55 96 44
85 78 99
67 14 25
21 11 67
25 84 6
10 63 28
8 36 40
97 68 72
1 89 64
1 22 29
51 68 92
2 97 90
27 98 29
4 18 51
41 56 90
21 51 80
33 4 89
19 40 86
14 58 44
40 26 69
29 50 48
18 49 39
47 77 74
44 51 59
7 2 29
72 8 22
95 80 100
23 85 25
72 65 52
36 79 53
55 79 34
92 99 37
46 33 93
9 44 56
23 64 72
78 43 4
26 52 5
48 99 14
35 16 68
44 80 42
1 12 46
21 93 77
52 35 30
8 68 99
80 1 94
41 19 40
82 47 15
5 21 99
67 31 43
56 21 73
16 73 49
72 49 1
41 44 6
14 39 67
83 64 23
64 28 99
63 52 66
1 59 19
55 50 93
89 38 26
7 33 76
80 93 11
52 86 79
6 2 90
19 5 62
7 4 27
13 73 7
22 96 45
79 57 30
13 1 15
87 50 57
57 94 76
56 3 5
88 38 14
8 48 44
29 58 12
56 29 64
21 81 77
90 6 6
64 36 3
67 98 2
46 75 78
97 29 17
65 74 87
11 84 44
51 1 48
86 47 30
47 90 99
56 32 90
93 82 87
14 97 75
7 47 89
98 89 51
83 62 25
46 55 73
49 57 68
89 90 5
72 71 84
19 48 71
58 19 23
36 7 23
54 89 23
59 81 93
1 67 32
98 7 85
5 9 20
4 7 57
91 66 71
86 4 58
24 72 48
90 93 34
71 33 75
61 50 52
41 22 18
88 15 68
51 40 59
82 18 77
44 14 31
98 25 91
28 81 70
54 43 53
65 35 54
30 68 67
60 81 20
54 77 29
83 6 28
37 67 16
10 52 25
7 18 10
72 56 31
6 40 40
53 78 96
44 75 19
37 15 48
11 13 35
94 27 38
95 16 50
72 81 48
44 73 11
31 8 46
82 62 78
23 56 18
16 48 100
24 0 40
49 52 31
89 0 99
94 75 10
53 83 97
94 64 93
87 47 67
37 10 39
43 5 57
17 96 7
37 25 45
0 84 45
86 70 61
50 82 85
4 49 52
26 28 73
39 46 17
0 35 10
20 3 44
62 94 54
78 20 2
16 55 68
51 95 100
15 78 68
99 73 93
23 53 12
28 2 12
11 98 56
53 32 15
37 13 34
62 17 3
78 31 74
37 60 38
99 83 78
6 99 4
74 12 23
80 7 61
8 0 70
8 77 50
14 26 13
45 1 24
68 5 65
46 85 39
76 84 96
59 12 2
31 55 92
15 39 85
0 4 96
42 39 87
45 30 7
70 1 76
22 77 45
66 41 76
55 50 15
86 37 19
96 28 74
24 18 26
25 44 12
67 77 75
74 21 89
17 54 72
46 35 74
20 98 3
7 38 80
1 14 28
3 5 85
4 35 89
81 99 99
56 36 83
88 90 22
92 6 78
61 9 30
17 21 34
89 40 41
70 61 80
93 81 90
8 2 97
68 85 17
87 27 66
23 33 87
39 25 48
58 75 51
79 13 14
31 99 32
49 58 57
85 69 7
70 92 87
96 6 53
77 94 8
43 75 28
80 25 46
16 35 38
38 74 19
94 15 55
18 89 1
91 9 73
57 10 18
84 16 33
44 39 55
83 79 53
89 14 16
76 81 95
51 31 7
67 80 68
35 74 48
22 28 92
44 16 81
99 65 6
44 72 42
95 56 10
19 28 16
9 19 77
78 52 34
8 63 20
5 9 9
56 10 46
10 31 51
56 78 55
93 89 35
30 27 45
7 91 32
97 43 84
46 55 84
7 45 6
9 0 86
24 63 17
61 30 89
64 67 80
48 76 67
51 80 92
96 60 37
5 83 43
81 50 1
28 35 89
31 97 56
74 95 34
3 49 16
99 39 36
72 0 18
22 33 83
92 59 22
47 37 90
35 76 75
70 15 79
20 37 99
40 87 29
76 39 10
73 71 13
64 84 16
48 75 18
69 74 76
90 21 90
9 23 73
56 68 79
92 77 42
96 18 43
59 84 51
87 36 94
73 84 68
40 45 55
20 41 20
95 53 57
30 35 53
70 5 71
73 70 22
83 31 82
28 71 20
62 70 65
8 88 63
37 91 62
91 35 44
26 38 17
62 5 20
88 66 16
55 46 47
6 71 68
93 66 13
78 37 45
84 10 19
15 30 46
58 69 100
97 52 60
3 47 70
29 12 78
59 93 42
0 43 91
71 94 44
88 85 86
47 87 10
70 8 11
24 86 31
71 63 92
68 89 42
18 24 18
20 69 21
65 28 69
71 86 96
2 89 43
0 30 27
4 23 64
80 88 30
14 12 44
53 22 7
15 46 12
89 87 10
72 40 24
31 74 25
79 77 31
0 86 93
34 86 3
68 90 15
23 0 63
72 1 36
45 74 67
38 44 53
33 34 92
60 2 20
65 96 1
67 39 59
77 70 23
19 61 23
14 4 5
46 2 78
69 87 82
69 54 3
18 27 23
11 53 64
91 72 4
56 5 92
32 26 88
25 16 34
33 78 28
52 66 79
74 20 93
67 36 19
34 78 42
80 94 53
55 77 11
5 58 32
26 92 83
69 23 95
37 47 63
49 94 82
23 41 55
61 45 63
49 97 36
45 21 81
10 1 69
58 54 83
20 51 4
97 36 54
98 44 30
2 68 22
14 63 4
90 62 5
99 47 18
70 33 20
54 95 9
62 8 47
80 48 100
70 64 81
91 17 5
60 72 99
36 84 29
51 92 63
18 77 17
40 63 11
64 77 21
65 62 92
48 70 25
55 56 26
78 40 10
73 32 50
94 77 22
95 84 77
32 97 72
55 36 49
56 71 60
63 98 40
84 55 30
65 90 76
92 80 21
17 30 88
96 14 33
58 67 53
14 55 18
21 72 14
54 47 37
38 76 43
57 54 59
30 56 45
38 96 8
65 30 73
26 4 93
74 70 98
68 97 63
47 33 1
89 20 21
80 26 64
25 71 28
58 3 41
29 9 51
55 57 32
5 72 29
80 74 13
53 6 80
13 35 51
62 16 46
30 1 73
35 8 34
9 12 17
76 90 47
15 80 84
22 49 6
89 71 59
22 32 80
91 57 74
72 55 8
7 1 30
86 66 54
25 11 60
17 37 35
63 11 49
55 29 53
74 98 92
25 55 99
65 13 67
83 16 100
38 34 19
31 20 19
63 80 65
22 62 51
35 30 78
14 19 32
14 92 28
37 89 90
25 82 70
95 7 50
32 40 10
83 39 55
49 31 80
67 18 4
17 40 51
1 44 85
6 96 18
74 57 56
28 73 12
72 34 95
20 47 23
88 48 59
74 23 56
77 14 94
67 71 17
77 30 44
17 55 43
57 16 75
47 45 38
3 33 84
4 62 75
78 19 75
95 27 3
3 83 98
66 43 10
70 58 95
44 8 37
78 61 27
23 31 26
52 61 3
56 47 80
49 50 91
12 75 59
89 64 47
81 23 56
21 24 52
28 80 99
73 28 91
73 35 91
69 60 96
52 95 20
23 79 79
47 56 94
67 21 94
93 92 94
64 17 62
72 95 89
93 3 14
62 87 76
8 97 73
67 79 38
65 61 9
60 9 19
55 13 18
27 79 69
5 16 12
95 38 98
6 7 64
76 72 38
24 3 77
56 37 24
90 25 14
38 66 24
38 1 13
1 90 27
51 25 22
14 80 95
2 30 41
66 52 37
15 62 6
41 76 53
26 35 63
28 74 38
73 47 30
83 21 77
29 44 78
52 24 35
84 42 27
41 21 25
18 44 93
93 31 54
44 36 77
32 34 59
53 64 94
84 2 83
80 48 84
22 60 98
90 56 75
66 89 1
80 93 72
75 33 47
58 43 89
12 27 90
3 6 74
29 5 79
37 6 69
18 35 82
37 49 8
24 14 40
79 73 36
61 97 50
70 20 50
7 0 61
87 62 73
84 11 18
18 29 91
59 6 98
62 91 57
42 51 12
44 20 66
34 83 9
66 91 98
40 92 17
63 96 85
60 73 3
90 53 37
1 33 11
89 35 93
29 17 35
51 85 2
75 99 25
7 47 57
20 80 26
21 64 87
40 99 27
2 58 84
87 10 12
46 43 42
25 52 96
55 92 6
81 32 42
84 3 79
84 18 74
62 68 30
29 41 18
18 96 25
64 18 5
46 17 79
92 42 55
66 93 81
20 90 36
85 77 82
23 59 78
95 61 9
33 63 85
8 85 99
39 38 43
6 24 35
41 19 5
73 75 28
98 62 87
19 96 78
45 17 69
95 97 10
24 73 73
84 70 99
50 40 8
64 90 32
34 55 83
2 20 85
16 87 85
21 47 83
15 31 87
33 82 67
28 23 84
69 16 32
69 32 12
94 58 43
76 38 37
45 24 96
62 98 6
61 62 8
13 52 77
59 27 61
24 84 55
16 9 53
21 45 47
74 96 74
23 45 63
95 85 32
28 75 58
56 97 50
51 46 63
26 20 6
82 95 41
16 99 27
82 6 50
73 89 93
29 70 60
64 90 62
68 3 13
56 42 73
12 36 26
24 53 55
82 38 29
25 60 52
32 68 76
52 50 18
53 18 76
19 72 56
4 13 80
63 42 44
93 77 73
90 2 23
82 78 44
93 32 20
34 81 49
66 96 46
25 5 29
79 77 7
10 51 94
94 16 1
20 37 33
63 99 87
83 7 38
56 38 23
4 77 81
18 34 97
24 62 54
82 45 37
70 29 72
39 49 2
36 81 65
12 33 20
10 13 45
22 94 95
24 50 94
78 67 55
16 14 12
6 27 97
47 97 89
26 70 12
68 17 77
48 41 59
64 71 85
22 1 71
18 98 65
75 66 31
19 40 11
96 62 74
35 10 29
18 42 61
68 15 58
67 38 60
48 29 12
22 62 3
98 60 49
10 62 36
80 14 50
45 86 23
76 27 21
28 50 47
92 46 40
92 81 67
39 19 96
63 41 18
32 36 4
32 99 2
23 14 32
78 62 14
21 28 98
24 43 88
7 54 52
70 3 14
64 7 19
64 16 19
59 38 82
5 52 15
29 30 99
54 50 26
93 84 25
38 98 70
48 87 62
50 65 80
34 97 26
17 70 22
16 99 21
98 24 69
45 37 56
75 89 31
12 69 2
42 16 11
97 90 76
57 90 45
0 39 29
81 61 12
32 0 4
85 27 88
82 1 75
28 15 96
2 91 83
86 54 28
2 38 10
2 8 32
62 51 16
55 14 76
46 16 8
96 73 21
71 27 12
41 49 45
30 57 59
84 63 80
97 11 25
77 19 53
45 39 22
2 91 89
72 8 38
51 39 42
65 20 26
3 66 91
50 83 92
6 84 79
93 54 12
30 35 64
5 91 99
85 12 34
12 50 63
8 22 22
32 8 3
50 44 76
79 62 89
11 36 62
96 41 66
5 75 97
73 69 92
68 9 53
67 52 39
28 9 68
84 3 58
31 30 22
69 62 72
6 41 83
84 23 91
96 6 54
43 78 56
83 87 92
52 2 51
88 40 91
4 76 76
59 32 89
28 37 83
85 90 43
39 91 56
27 31 81
13 10 86
75 45 48
71 79 4
73 92 96
88 93 32
84 96 95
47 45 21
99 73 56
3 62 16
79 41 14
90 17 82
73 70 16
0 19 83
29 83 40
11 31 50
20 95 31
55 4 47
20 26 47
82 30 32
18 36 41
74 54 92
62 40 37
25 22 83
35 72 89
67 26 10
31 75 60
18 99 64
9 87 66
97 91 52
64 21 63
8 63 83
1 70 93
26 39 77
20 64 15
78 62 37
31 74 92
86 63 72
63 13 18
0 50 44
5 66 70
5 65 46
81 49 76
64 67 69
40 69 62
3 96 76
20 9 8
16 20 75
31 87 78
96 0 100
28 99 62
58 38 78
1 32 10
11 35 73
58 50 55
29 34 94
34 35 46
43 96 26
84 43 29
76 19 10
25 74 57
77 38 36
59 66 14
5 75 13
85 14 23
51 21 97
41 84 20
43 23 79
75 87 85
26 41 73
86 99 11
89 28 14
56 26 5
11 20 92
67 84 83
47 58 12
16 90 65
98 48 70
71 97 8
72 61 2
7 86 90
23 81 15
90 3 53
62 92 22
87 64 98
51 41 71
56 3 14
10 2 54
35 11 86
81 2 77
38 69 58
19 38 77
4 59 94
71 69 8
8 15 68
18 38 51
23 55 22
3 34 14
35 79 12
37 28 34
27 85 56
38 99 6
41 83 78
97 34 90
40 33 72
43 6 23
88 11 68
14 56 67
32 87 24
42 70 86
77 85 87
81 72 69
6 15 93
84 73 29
55 13 32
57 58 94
81 11 46
87 33 73
3 81 32
24 67 14
52 93 100
38 94 94
62 16 86
65 5 98
20 96 54
0 93 99
37 2 93
75 12 75
22 48 100
7 67 21
21 55 78
0 83 25
76 81 48
0 16 17
16 93 31
96 57 5
0 64 53
1 35 5
69 73 35
90 44 65
24 2 8
94 2 8
1 58 98
1 5 10
76 3 64
18 31 74
74 78 73
52 18 56
41 31 73
50 95 60
33 74 83
95 24 50
39 41 73
65 71 17
63 88 66
18 72 85
95 63 97
62 65 74
68 48 37
28 10 51
59 13 40
94 9 20
80 55 51
38 70 25
23 47 38
55 13 30
55 32 39
82 75 90
0 55 10
99 15 40
1 42 43
55 77 60
93 6 44
22 2 79
8 80 6
6 31 64
31 37 95
34 19 63
55 17 74
11 82 94
97 91 44
16 39 27
12 7 6
63 42 38
36 77 6
33 13 10
93 73 93
77 19 70
92 70 86
59 67 32
75 29 88
21 51 87
42 56 89
22 35 60
15 72 59
12 87 54
75 0 100
35 30 63
54 70 96
87 75 1
50 97 96
27 66 34
97 62 77
64 68 66
33 98 61
67 96 11
43 51 88
82 10 84
81 58 50
56 2 14
43 50 31
25 95 74
48 83 50
6 28 11
81 47 21
60 4 19
69 96 77
29 60 25
21 19 52
67 65 49
95 80 5
82 8 62
59 0 11
26 47 41
6 66 92
65 25 2
91 21 78
65 27 28
16 6 1
41 31 29
9 93 24
47 82 82
52 75 35
27 36 17
32 86 8
61 66 32
86 96 70
64 4 90
76 78 62
8 95 33
98 34 20
80 14 61
49 45 98
2 81 20
34 95 16
78 18 59
17 92 61
10 30 76
51 56 47
66 85 30
46 99 15
67 40 49
56 73 59
72 83 35
68 63 21
36 59 39
72 73 97
8 15 96
99 14 3
2 42 87
6 2 58
96 51 42
20 78 90
42 51 85
15 44 31
12 34 99
30 73 69
91 61 86
34 83 75
81 56 69
40 63 30
43 17 63
11 24 27
57 65 58
98 91 61
27 28 42
47 63 24
51 47 44
86 80 20
37 4 26
97 11 33
58 32 2
60 53 7
39 10 9
52 14 5
6 75 15
88 33 34
11 79 81
89 11 36
97 67 88
3 94 15
4 53 74
41 12 5
62 65 79
80 5 74
27 18 27
49 55 82
6 25 5
35 63 95
30 46 76
87 52 91
2 41 52
12 98 90
40 85 77
56 81 77
2 97 94
7 91 13
8 77 77
27 52 75
37 68 94
76 47 86
88 69 86
96 31 31
49 61 70
75 95 4
33 34 14
23 80 31
50 88 14
64 93 27
37 48 94
54 89 27
95 23 93
56 52 80
65 94 11
61 9 79
46 91 58
33 39 79
13 10 87
81 65 82
78 71 26
73 11 66
21 47 9
35 2 77
98 88 77
61 52 78
29 85 98
19 29 62
49 42 74
68 48 78
20 11 63
47 16 45
34 98 9
79 55 69
83 12 26
14 2 30
4 94 55
77 31 81
44 89 82
73 50 63
0 61 23
48 47 45
71 28 67
43 8 31
89 13 15
29 25 86
27 43 77
15 24 66
4 59 68
72 38 6
85 83 14
8 11 6
22 46 30
74 32 67
88 6 82
45 70 79
48 41 65
64 79 65
7 65 58
65 28 31
95 42 35
28 32 80
26 10 23
46 90 11
77 81 41
55 73 89
61 2 60
35 70 71
2 33 32
2 70 23
59 95 47
72 93 29
79 29 93
26 29 38
86 96 33
60 11 73
67 42 90
49 45 32
56 18 21
70 88 20
75 46 44
58 9 97
69 36 97
36 40 100
57 70 30
81 69 81
25 87 53
16 64 77
70 73 12
48 27 60
42 41 14
16 49 50
93 88 97
90 43 23
59 64 59
89 20 34
76 37 72
7 84 1
79 18 52
56 87 77
41 13 99
55 43 1
4 55 87
18 33 70
94 39 45
24 74 75
45 79 19
83 21 92
19 0 24
23 46 50
23 62 16
31 78 27
93 84 2
23 3 78
56 2 76
16 48 65
19 69 22
47 57 50
26 25 65
63 18 17
85 95 60
62 16 10
47 17 52
38 87 71
78 81 34
32 1 94
2 69 95
83 32 30
40 12 75
75 12 22
42 9 85
20 8 12
62 55 14
52 34 44
3 97 78
38 49 93
13 82 56
1 79 87
26 3 5
96 86 71
67 15 7
92 41 26
78 95 76
77 20 41
25 62 82
78 45 22
54 69 11
70 34 86
30 76 29
46 39 5
14 66 34
51 33 41
26 17 9
96 92 64
5 20 70
8 23 11
53 64 22
91 72 83
8 65 32
52 28 45
44 5 94
11 6 32
97 26 95
54 99 77
1 42 63
92 84 74
60 25 84
77 78 8
47 49 98
24 89 75
55 72 84
26 40 30
77 53 50
24 90 10
10 37 71
12 20 6
8 88 99
63 9 64
29 16 61
84 60 97
93 94 86
19 68 21
86 32 36
51 12 38
85 41 51
16 10 92
19 31 25
54 13 13
20 10 27
23 49 60
89 56 52
41 63 49
16 39 89
56 84 61
60 46 92
3 26 26
27 6 49
44 85 100
11 60 1
98 70 60
17 45 90
76 46 2
51 83 31
3 57 22
8 53 9
22 36 4
55 45 15
53 45 52
37 10 94
66 24 12
47 56 54
95 52 68
92 96 48
41 15 24
6 70 99
4 12 51
84 93 73
29 34 65
0 13 23
84 93 33
30 34 31
27 47 54
17 62 20
57 69 98
21 36 40
85 87 43
52 81 73
12 38 73
78 28 20
16 28 17
67 0 61
37 28 92
42 91 90
6 88 45
7 84 71
33 34 77
87 68 76
35 67 17
73 69 84
44 96 66
96 94 12
19 54 64
17 38 81
79 65 83
57 15 66
46 99 91
48 30 10
59 93 15
71 68 65
60 91 82
47 11 39
43 66 39
52 61 5
4 44 9
16 67 9
47 73 72
94 1 99
28 37 88
71 52 92
23 96 8
15 88 49
73 90 98
71 91 36
48 84 19
45 27 4
77 74 30
99 27 66
51 68 69
92 15 8
49 89 32
31 90 52
71 16 49
5 45 76
40 91 79
14 23 82
9 46 82
46 3 44
69 21 90
7 47 39
63 15 82
96 64 32
60 67 33
77 23 96
70 34 83
32 45 86
4 48 14
53 23 92
32 30 6
46 15 36
21 56 24
99 76 42
65 81 44
20 38 64
22 56 66
32 89 20
99 62 100
52 48 12
35 43 76
31 24 56
56 32 95
0 15 98
31 72 59
82 5 1
28 32 34
19 5 30
40 79 35
72 23 64
25 94 25
49 62 55
73 93 50
21 1 89
95 32 54
4 93 37
82 13 57
63 92 82
67 40 58
68 84 84
60 9 10
81 87 59
28 76 53
0 17 9
95 75 5
25 11 91
59 16 29
98 9 14
80 45 88
75 62 59
39 12 39
36 99 16
56 8 94
65 89 88
93 64 50
41 92 91
47 49 91
2 13 80
11 68 5
1 99 97
56 33 14
59 70 3
28 9 56
5 44 72
45 83 45
64 52 75
68 35 80
75 2 74
98 48 71
40 13 71
18 73 20
61 49 63
15 55 17
92 44 8
91 28 96
72 3 26
23 11 25
71 59 51
42 11 56
29 37 61
65 83 43
76 70 72
59 11 11
5 54 3
30 48 50
68 92 70
29 0 29
18 44 67
21 42 92
95 24 84
26 28 31
22 60 55
62 45 7
2 41 34
3 72 71
11 38 35
50 43 36
11 96 54
77 33 68
5 80 25
9 92 33
1 80 41
35 7 24
81 32 95
6 94 47
22 68 86
50 18 20
46 52 48
63 91 98
51 88 53
38 40 2
34 19 87
77 16 28
96 89 19
12 91 34
90 39 25
84 44 86
49 78 22
53 0 34
84 33 13
64 62 78
97 9 73
63 67 48
71 97 79
40 24 3
54 40 19
47 82 30
97 23 51
52 13 18
18 94 13
90 9 57
73 0 49
57 54 45
61 49 10
57 4 12
55 38 79
89 18 7
91 84 6
92 94 24
78 89 38
1 32 19
62 75 27
91 45 29
24 62 80
23 42 43
85 23 25
4 31 4
25 19 70
37 67 33
32 61 88
5 92 88
30 47 54
41 5 96
80 8 40
41 74 59
29 85 2
88 81 5
26 6 89
3 30 49
35 3 21
26 9 89
45 24 45
3 81 72
53 52 98
39 37 62
57 49 51
9 59 11
72 22 24
31 70 46
68 97 6
45 75 9
76 26 99
88 8 5
23 19 16
37 4 39
80 87 86
64 43 76
77 41 49
14 56 14
37 58 78
95 5 71
12 49 100
20 85 83
76 24 26
15 30 23
41 91 2
77 28 71
54 5 17
97 96 49
84 18 22
66 83 37
70 76 25
3 98 69
75 40 94
54 31 52
60 16 32
58 12 42
67 72 84
4 48 44
16 40 65
56 51 17
85 52 99
94 30 24
19 92 76
82 13 68
97 46 8
84 13 50
0 94 32
60 18 40
57 46 19
22 2 26
96 85 74
3 4 91
65 56 81
38 19 67
91 27 92
70 91 72
73 81 84
64 79 11
24 39 96
54 17 54
42 31 19
62 48 86
97 31 31
68 20 100
8 35 84
52 53 47
79 9 13
84 88 9
13 83 5
85 29 61
66 17 11
92 26 22
83 90 96
72 37 21
39 4 33
3 90 82
29 62 91
47 60 72
58 13 22
30 75 57
7 4 25
15 70 9
87 26 61
9 46 23
68 7 43
91 18 45
88 85 7
39 26 29
68 83 2
63 52 16
88 24 72
51 52 23
18 59 73
65 12 88
0 7 33
62 23 42
89 69 39
28 1 89
28 86 45
77 59 17
42 85 6
29 88 16
73 78 71
56 80 99
45 89 6
2 48 49
29 25 19
10 43 91
46 78 53
39 24 36
7 30 11
52 17 80
39 73 24
20 77 28
5 12 18
9 28 36
45 26 20
13 98 35
96 48 57
0 58 76
88 23 11
64 61 26
31 25 3
46 15 43
64 33 10
72 31 82
37 51 92
95 19 88
50 83 69
68 72 36
98 80 45
55 30 39
82 64 34
56 67 25
36 66 7
34 86 40
19 97 30
94 88 88
56 32 73
39 69 3
91 19 29
13 85 76
33 43 85
25 20 42
96 39 49
76 49 55
6 89 82
71 89 66
56 69 45
86 97 23
72 98 19
27 56 39
19 39 13
94 74 77
93 52 88
39 34 27
3 38 37
69 93 32
80 0 77
7 54 68
38 24 40
39 63 90
28 27 84
69 59 8
41 43 95
36 75 61
82 99 16
38 39 97
97 38 42
13 76 7
36 7 20
50 89 46
44 72 17
84 3 87
94 80 87
40 48 62
58 43 92
32 90 79
0 53 32
19 84 83
35 50 45
67 52 4
2 46 55
5 7 18
77 48 75
22 20 37
79 3 91
52 73 70
87 54 20
19 13 20
25 60 15
3 31 26
69 23 63
24 12 38
63 42 93
75 94 69
28 58 64
51 93 34
85 73 96
49 91 53
6 97 70
58 48 90
21 7 7
63 82 32
14 54 91
56 87 99
30 44 90
64 16 48
1 92 79
9 89 26
90 63 94
2 99 18
21 0 46
71 47 20
57 61 2
9 68 50
0 37 20
39 68 14
25 45 69
5 92 66
34 25 47
29 96 86
11 65 67
11 4 44
8 29 5
0 17 7
23 15 55
40 23 82
17 25 84
68 85 44
40 88 83
4 92 25
30 98 14
13 31 57
6 29 44
49 44 30
85 61 14
53 12 54
37 27 80
54 88 56
6 89 28
16 35 81
22 59 83
30 94 68
85 83 42
27 61 87
79 62 31
60 3 42
97 54 5
58 40 39
34 56 52
55 78 65
59 29 66
7 32 42
76 11 1
7 26 73
74 67 36
63 60 50
26 21 51
68 1 12
1 38 37
39 89 19
84 95 87
49 11 42
49 90 23
58 7 10
75 57 91
90 0 54
9 63 1
75 23 3
5 82 17
56 24 65
60 11 95
13 45 39
95 31 85
46 37 38
51 6 51
22 62 62
23 3 81
49 31 95
73 16 1
58 30 99
45 78 94
33 71 30
64 97 26
20 65 17
89 96 41
46 45 37
93 47 57
38 32 51
14 66 100
78 57 84
47 5 84
87 95 25
25 56 12
85 22 25
1 48 90
61 54 38
59 9 48
60 83 79
6 79 18
83 49 78
38 90 72
48 30 55
63 89 15
49 22 89
68 47 84
62 34 28
89 55 37
86 45 26
63 49 28
36 52 78
40 72 13
87 10 6
22 55 85
50 94 45
64 97 70
63 11 13
65 39 46
72 94 82
45 42 90
8 67 9
75 24 19
45 40 35
31 50 4
69 50 40
19 22 17
6 74 19
62 88 66
66 16 14
79 28 38
75 25 6
46 12 8
27 86 30
88 84 3
19 31 3
30 51 34
10 1 35
24 35 62
44 59 53
31 75 96
66 8 60
33 14 98
87 83 78
94 28 20
58 18 25
51 98 92
80 47 9
42 44 92
4 8 83
88 21 61
11 92 82
26 83 70
50 68 41
11 74 90
34 10 72
91 51 31
33 12 11
71 61 97
98 17 65
7 9 13
50 90 27
13 97 14
76 97 66
83 5 93
14 41 5
46 57 47
75 98 97
57 0 5
65 37 60
37 1 86
45 54 75
43 16 11
39 32 57
60 38 48
2 69 22
3 36 16
12 99 29
72 30 1
98 7 67
33 78 60
39 20 52
23 81 78
66 97 16
20 50 85
46 28 73
30 98 36
91 53 1
42 11 8
40 21 46
3 22 65
87 24 50
25 55 52
71 83 1
53 28 58
35 78 79
86 71 55
16 89 65
10 51 21
51 18 94
70 30 5
75 47 36
8 18 41
77 57 29
20 46 13
69 55 30
87 6 33
33 89 87
90 55 25
78 1 73
64 35 65
2 8 93
53 36 100
31 24 64
22 10 81
12 49 75
6 20 60
62 75 84
78 54 87
44 16 57
41 51 90
76 98 77
98 20 71
92 59 50
3 78 49
71 89 16
96 79 80
92 39 84
29 54 45
97 85 90
55 77 11
38 12 29
12 7 9
49 10 29
75 66 35
37 33 59
57 15 31
94 1 34
66 83 96
37 79 84
62 3 69
47 48 3
34 77 31
29 70 35
94 14 79
93 15 44
75 48 9
89 69 76
23 66 66
35 10 67
99 31 54
47 55 56
6 22 88
19 81 63
4 58 17
28 57 54
20 48 2
10 51 9
40 30 50
71 82 88
17 34 74
95 60 48
41 83 3
86 70 41
6 41 9
60 21 48
28 57 76
85 63 8
44 37 73
15 90 90
47 40 41
57 85 94
64 21 49
66 47 54
87 73 98
14 24 6
64 30 51
11 77 30
93 99 23
20 32 27
19 30 15
94 80 15
14 91 90
7 30 54
13 76 33
51 62 38
10 72 22
54 15 90
30 79 16
3 98 33
65 79 42
76 5 20
60 22 2
67 47 4
69 2 2
19 66 73
36 30 21
98 21 32
96 84 70
97 57 79
14 99 32
9 13 39
54 98 57
12 41 75
41 84 87
41 45 50
51 41 54
14 12 83
78 16 54
4 88 64
55 29 10
78 5 83
98 32 16
76 68 15
87 40 50
59 86 74
36 11 52
90 43 64
76 48 31
98 65 62
49 79 74
11 79 85
31 40 56
70 86 16
89 66 3
41 61 23
79 98 56
89 50 92
10 83 31
81 61 34
84 63 34
46 75 25
84 35 71
36 67 82
18 91 3
64 31 42
46 94 60
72 4 35
46 71 49
9 44 49
57 27 75
71 9 26
53 61 16
30 94 20
27 54 80
83 73 46
44 39 1
9 97 35
87 2 25
87 73 14
57 96 90
6 42 38
79 89 6
86 10 7
83 46 73
7 37 6
17 42 98
43 44 19
1 76 65
4 29 45
37 57 43
25 36 67
65 52 86
57 53 99
87 60 35
85 27 40
67 92 92
66 9 4
14 41 14
40 8 78
96 36 32
8 97 68
6 80 37
32 71 65
27 3 41
44 10 53
55 16 54
69 42 55
97 52 63
37 71 97
43 9 57
99 41 57
7 81 32
14 70 44
61 23 2
14 78 95
45 27 45
38 99 82
54 20 18
34 3 100
46 72 42
62 83 16
54 28 20
51 28 39
23 21 61
72 7 92
24 18 13
30 45 53
50 23 9
9 47 51
27 74 36
27 65 55
23 26 43
65 93 72
0 66 31
79 66 83
7 82 68
96 30 47
60 82 10
0 80 43
29 19 42
26 72 7
95 10 6
31 73 50
58 15 77
63 40 93
72 66 88
6 94 24
81 57 29
57 92 61
57 93 81
0 5 69
79 25 45
10 65 7
95 11 42
47 39 42
53 79 31
19 46 85
2 32 44
93 65 41
32 99 52
63 92 88
2 84 77
19 4 19
7 32 41
12 78 86
54 72 66
46 93 55
44 48 47
40 81 26
71 3 52
48 36 41
17 47 7
24 9 54
58 85 19
71 92 80
45 58 1
40 31 62
43 29 31
53 55 90
55 89 47
47 16 84
93 88 7
5 32 39
28 30 12
9 36 90
79 21 36
17 50 98
69 10 95
71 47 93
97 12 94
45 2 32
76 98 13
42 96 56
68 18 1
60 82 74
19 57 2
61 79 5
88 23 30
74 56 30
27 80 44
29 70 15
43 76 98
71 57 77
19 83 75
95 73 30
68 4 100
27 94 88
89 84 46
33 16 43
99 78 28
59 1 85
47 62 2
97 49 40
51 73 32
7 30 46
40 29 29
96 22 88
54 60 51
53 61 46
73 41 30
67 81 67
92 9 45
47 28 8
67 1 56
60 67 26
12 33 97
97 79 60
38 57 98
23 45 75
21 66 60
48 55 68
76 84 61
41 28 58
85 48 59
21 18 2
88 80 39
1 93 61
30 92 3
71 85 63
76 65 56
21 24 75
74 65 12
32 61 26
69 90 32
22 2 8
96 91 26
22 5 76
57 24 14
24 16 6
1 85 51
56 65 84
84 73 74
97 64 78
3 30 31
40 82 73
56 92 81
26 6 71
13 55 1
18 32 95
29 13 29
3 86 60
64 68 45
23 51 18
90 42 45
98 32 40
5 22 74
14 99 62
80 28 3
84 71 80
51 49 85
36 20 96
81 45 81
23 46 99
28 4 28
35 26 43
53 32 65
13 61 10
73 50 37
21 45 72
5 91 31
95 25 87
16 61 3
71 61 51
68 89 82
27 20 15
94 93 84
57 60 53
87 26 87
15 13 92
29 62 8
61 73 3
40 32 46
18 23 73
3 71 50
87 26 6
68 44 26
85 76 12
93 31 53
25 62 26
35 75 40
51 13 70
80 91 75
72 37 13
5 1 59
75 49 19
2 46 2
76 53 21
70 95 95
55 96 30
21 52 15
37 94 98
74 24 83
33 13 29
52 98 16
65 57 38
88 13 34
78 0 9
75 83 10
27 83 87
10 90 31
31 2 23
42 21 44
54 85 39
3 50 10
45 75 54
34 35 48
16 91 95
16 28 40
86 83 82
52 18 52
5 87 57
88 64 5
21 60 87
35 0 68
51 32 72
2 80 84
79 60 92
49 64 79
85 5 9
69 51 19
91 55 67
42 81 67
72 27 68
1 29 66
44 13 57
62 19 88
59 50 87
89 90 68
99 50 43
4 11 81
3 97 44
89 36 65
7 18 12
36 11 82
38 0 70
5 71 15
81 4 91
85 28 54
64 84 77
59 4 67
49 83 68
47 20 75
36 42 62
71 19 43
63 8 39
18 85 60
34 56 86
62 32 78
20 12 88
92 25 59
79 85 24
62 41 8
97 29 86
66 29 46
22 53 14
56 28 75
4 16 50
36 48 42
78 80 63
66 0 70
87 70 24
12 1 12
22 31 45
0 21 70
96 22 55
40 15 90
2 13 15
12 89 2
39 82 29
22 59 66
51 40 10
1 78 99
68 67 27
56 25 81
91 34 98
45 4 78
81 80 92
94 31 45
62 57 76
71 75 44
76 80 14
78 25 6
56 19 16
84 23 11
68 10 69
72 10 54
36 70 89
6 13 98
74 35 71
30 99 80
11 70 84
55 31 69
87 70 12
28 79 10
48 33 47
69 48 88
97 80 14
37 78 99
39 49 4
48 49 11
48 26 97
61 62 24
8 13 95
35 72 26
50 60 66
59 87 75
54 74 18
60 83 74
7 9 73
63 87 62
62 92 19
90 89 67
80 62 78
34 51 94
3 81 39
76 14 99
7 37 73
74 70 48
47 39 86
66 90 92
88 45 54
81 28 25
28 38 70
41 73 66
2 47 89
50 10 82
53 17 86
89 92 100
32 28 17
78 82 35
51 57 93
24 39 21
63 82 60
61 57 45
92 80 15
78 63 63
74 98 48
40 58 19
24 5 72
6 43 43
86 45 25
73 25 98
51 29 60
36 72 24
97 7 88
43 8 58
11 22 88
37 18 25
25 57 15
27 12 64
35 47 16
94 42 11
25 98 43
96 19 35
33 55 100
43 66 53
28 69 63
25 51 70
69 92 4
46 87 91
29 54 46
6 87 58
11 73 60
46 47 78
72 18 68
70 73 43
71 85 50
41 46 74
92 82 86
20 32 45
99 15 1
47 40 67
46 76 13
70 79 46
62 85 15
43 94 13
62 45 57
85 92 75
13 20 22
68 49 30
20 55 92
75 80 15
4 91 50
0 53 38
86 91 77
12 40 32
18 53 43
96 9 81
13 79 6
19 34 100
41 34 3
25 76 50
25 86 15
42 92 68
93 5 31
48 76 49
11 82 8
68 5 73
45 51 8
69 75 39
87 79 59
23 39 36
25 51 52
17 93 54
59 77 3
27 13 1
35 83 60
37 89 88
19 87 77
61 35 61
88 25 69
32 36 97
62 63 30
83 87 83
9 14 18
45 67 100
82 27 5
36 23 80
40 80 70
27 35 91
8 59 51
15 89 79
33 10 37
13 48 96
67 13 80
77 75 29
35 33 78
29 59 36
80 53 16
28 61 7
25 35 8
42 70 62
67 29 56
64 1 37
69 31 14
22 67 37
40 57 73
81 62 11
69 85 66
95 4 63
29 58 83
22 0 47
8 15 94
85 66 71
60 89 23
25 52 70
63 41 31
41 84 55
73 91 18
32 12 65
61 64 37
89 99 66
51 99 94
78 99 14
64 54 33
69 27 33
14 29 12
94 43 73
53 87 23
28 47 3
25 56 53
46 29 29
0 63 81
69 15 97
29 88 68
83 95 44
54 21 66
85 83 100
16 88 83
10 0 22
3 34 10
63 43 25
40 36 18
89 53 70
60 31 81
0 78 67
57 13 87
52 54 71
88 47 57
84 85 45
69 8 51
82 52 8
21 4 61
95 10 9
44 54 38
97 68 29
10 40 93
9 19 48
14 80 87
23 86 5
5 12 79
54 59 64
12 60 42
60 28 10
74 5 79
85 98 13
74 37 18
49 56 53
40 0 40
92 81 35
86 20 24
74 65 11
50 97 87
94 72 23
71 99 35
56 69 32
34 70 81
33 13 89
62 14 71
82 34 58
58 62 62
24 71 39
15 93 100
3 93 18
59 56 40
61 53 38
73 14 36
93 83 16
85 6 43
74 81 94
3 32 88
12 15 45
65 77 90
26 15 95
26 29 80
25 95 74
83 18 44
43 16 9
41 86 96
87 54 66
53 35 37
63 31 88
71 69 22
5 9 62
81 36 74
19 81 48
6 92 4
38 22 40
3 25 12
27 30 90
49 10 39
64 33 36
17 21 32
82 24 25
63 74 10
32 87 47
37 50 50
85 12 61
91 79 59
84 33 13
24 53 39
39 0 32
4 61 44
46 90 54
5 75 29
52 22 62
93 87 100
38 4 97
35 78 3
98 54 96
8 61 6
51 7 22
80 81 77
76 84 59
9 70 41
12 82 46
19 61 22
75 9 79
55 88 85
24 75 31
13 88 85
18 16 15
18 64 54
44 66 25
5 96 10
65 61 50
99 21 62
24 93 95
22 6 85
54 26 44
41 81 54
1 40 9
62 63 65
12 83 18
17 98 91
21 96 11
36 52 52
74 84 16
42 63 7
90 30 33
22 14 7
24 77 1
80 82 36
65 78 61
94 81 38
44 94 9
67 28 55
11 29 63
40 66 9
27 25 11
86 45 25
54 64 51
1 51 25
5 18 38
42 97 99
90 55 6
42 14 95
80 9 78
65 0 77
0 51 36
47 30 43
69 39 84
73 41 58
92 45 73
20 82 38
19 3 31
14 70 35
14 48 83
75 25 29
64 48 74
7 41 78
34 66 45
20 88 84
43 78 75
47 91 13
5 86 99
22 95 92
5 49 94
75 93 20
85 65 96
46 44 6
73 98 74
63 71 11
75 61 83
44 49 27
67 25 20
86 6 60
41 5 29
74 22 28
37 40 69
48 0 24
74 9 82
26 55 6
15 60 62
63 19 17
15 57 54
67 91 23
34 81 22
58 83 95
44 94 55
46 34 16
87 55 66
7 12 83
21 87 98
62 73 1
72 65 38
17 58 48
78 75 85
20 57 5
29 61 72
15 40 31
3 77 35
55 0 65
78 31 55
19 77 39
91 86 22
99 5 70
93 76 28
89 44 63
20 88 72
18 45 63
69 98 42
72 74 31
45 68 20
63 50 36
18 49 40
83 14 86
76 74 60
22 79 9
60 98 40
5 41 86
43 18 76
69 3 75
75 93 47
78 60 100
6 51 86
6 29 73
99 37 9
18 47 51
39 72 90
99 52 61
94 67 51
29 48 80
22 3 37
99 20 61
23 19 30
17 94 55
28 57 58
54 16 100
70 36 74
64 20 72
75 51 8
64 8 6
79 4 1
13 70 50
99 28 51
12 16 8
12 48 55
53 10 17
45 81 93
39 14 58
8 53 96
20 91 68
90 71 9
56 85 15
88 30 57
59 28 9
2 32 41
58 65 30
64 51 87
70 13 85
38 43 26
93 20 88
0 20 88
78 12 96
51 57 5
59 69 46
97 92 61
44 97 37
23 65 43
95 35 53
60 10 38
13 75 84
15 90 45
81 25 97
81 21 66
27 80 25
38 65 46
41 89 33
97 99 91
69 36 65
5 42 3
29 27 90
22 27 64
67 23 24
83 27 22
22 96 19
20 71 14
53 72 70
5 79 3
42 55 62
10 46 37
12 6 88
48 21 40
76 65 38
46 41 98
52 55 59
78 48 39
51 5 36
27 41 2
85 52 87
6 16 82
77 94 20
45 95 75
16 96 100
76 29 73
82 91 68
49 7 86
15 50 15
7 41 67
72 51 53
51 15 72
71 1 90
6 43 19
54 12 84
26 40 98
16 47 21
99 17 8
73 3 99
76 43 36
57 2 11
3 82 65
66 50 67
66 13 26
47 31 8
58 59 63
66 11 99
47 9 35
1 4 24
40 81 48
30 45 34
23 68 16
22 93 16
37 41 98
45 17 71
75 84 82
44 20 98
58 48 32
6 42 29
52 18 56
77 68 22
91 64 13
82 87 100
8 37 33
72 64 46
8 96 85
55 42 3
29 49 67
85 29 64
84 60 16
16 77 71
21 37 4
95 80 15
41 54 35
34 98 88
8 62 30
84 14 14
54 89 68
87 16 87
65 48 72
91 18 94
28 67 91
14 17 49
29 22 24
18 69 61
96 2 86
59 89 28
98 34 41
58 51 40
51 11 25
33 37 29
15 3 87
21 38 17
43 85 14
74 64 17
89 54 27
64 17 26
41 39 39
15 67 46
99 88 69
57 50 77
51 27 30
11 47 47
27 47 5
2 97 6
80 85 100
72 22 68
23 74 34
94 33 79
22 69 15
9 48 50
71 17 5
11 40 50
38 25 16
42 91 48
39 69 99
30 71 74
29 3 94
28 36 40
43 50 59
99 21 81
60 92 48
12 84 78
34 42 49
28 32 82
56 93 13
49 11 19
38 93 66
84 97 23
13 36 36
15 96 19
36 27 46
80 4 86
58 11 50
3 74 11
53 11 61
38 62 90
21 6 28
54 27 44
15 38 77
79 4 99
34 1 87
26 93 58
79 69 20
74 66 65
24 48 45
87 37 8
44 48 57
32 90 67
66 5 26
62 90 3
81 14 77
44 49 84
53 75 64
54 87 31
30 41 45
3 91 83
99 80 9
14 11 33
26 15 63
35 99 53
19 6 7
69 82 81
99 83 18
77 15 6
43 56 97
22 0 9
5 35 43
85 78 47
73 25 52
12 27 63
55 72 85
21 3 98
44 2 26
42 49 98
85 38 98
56 87 24
13 39 76
64 33 41
93 54 26
1 88 12
76 13 63
22 67 87
78 8 5
36 67 85
82 50 98
55 89 8
3 87 49
74 88 38
27 59 59
66 70 98
25 47 62
20 24 90
85 56 71
80 90 13
52 56 3
49 20 12
64 76 88
58 31 60
36 6 22
73 65 36
42 8 63
63 90 24
0 22 19
82 52 27
0 41 66
51 13 72
60 17 15
95 48 42
91 76 52
87 22 19
97 57 44
8 3 50
96 47 28
48 46 50
26 47 82
40 90 6
61 97 92
7 53 53
90 64 41
66 82 5
67 46 48
51 70 80
20 32 4
27 92 25
9 37 63
14 22 100
95 88 18
6 84 16
51 64 73
42 73 77
80 61 19
74 99 38
24 26 23
15 34 72
49 30 20
37 62 47
37 60 47
91 97 85
75 91 21
74 59 41
48 85 69
94 70 70
92 73 92
21 27 9
25 20 36
36 52 20
84 81 71
70 42 13
0 29 6
30 63 31
95 25 89
52 51 29
60 79 45
24 88 46
18 41 37
49 25 32
21 83 34
88 10 90
59 52 72
60 12 93
96 87 78
64 82 36
40 46 2
80 8 84
82 31 46
69 46 58
23 50 9
19 32 88
91 8 90
83 62 15
77 88 86
56 98 55
19 30 66
96 42 87
49 39 45
77 0 86
15 16 55
27 3 30
65 4 66
11 90 67
12 61 61
46 24 35
5 16 75
83 35 30
71 82 75
70 14 85
53 50 70
93 39 68
80 59 49
70 36 22
89 37 64
99 11 4
37 96 54
55 85 45
40 25 51
96 84 80
0 66 76
59 47 71
18 27 38
19 84 34
9 59 47
65 28 60
57 6 86
79 11 61
10 95 70
57 69 64
23 13 14
1 54 46
9 76 27
13 71 49
27 30 80
29 30 17
87 21 71
59 91 88
38 45 51
66 55 57
63 8 18
38 82 1
94 67 72
34 36 31
94 46 17
52 90 71
49 10 97
94 82 56
35 79 65
11 1 33
20 58 33
86 85 29
48 62 52
13 42 91
59 42 43
17 3 85
71 39 63
77 98 77
25 9 2
12 45 43
38 25 34
68 73 12
21 48 53
82 5 37
93 69 64
5 30 90
84 25 25
84 46 53
90 21 44
50 14 43
10 45 39
86 75 71
17 88 26
62 21 58
8 44 18
86 82 7
7 78 52
92 15 41
40 75 21
96 28 74
93 88 4
22 73 90
28 38 41
12 58 36
61 60 65
87 40 19
69 23 34
45 92 89
8 4 2
13 12 86
24 58 8
67 27 1
91 92 55
78 15 98
64 88 35
84 97 92
64 57 28
83 80 86
83 69 42
55 80 16
10 96 48
90 30 76
90 2 81
66 39 67
32 64 35
32 70 65
11 4 53
74 25 62
60 61 61
76 8 83
54 66 58
1 78 1
92 43 90
90 7 8
21 77 86
53 52 91
17 91 55
1 30 63
6 36 88
87 52 37
9 6 77
34 89 88
5 8 5
8 30 95
63 86 56
6 35 12
78 89 64
51 38 67
37 52 72
9 35 21
34 54 53
29 34 50
50 59 69
26 61 47
43 75 7
8 29 10
79 19 48
76 56 93
16 15 19
55 66 16
35 87 30
9 90 39
80 18 15
2 5 12
27 16 14
26 60 42
62 64 49
71 43 76
36 70 59
28 62 41
56 41 78
40 21 90
88 14 55
4 36 77
81 58 87
17 44 2
82 15 100
94 91 25
96 34 73
89 81 87
85 34 62
69 47 64
91 34 38
57 48 6
72 90 72
71 26 30
24 58 44
33 55 73
32 21 53
45 97 23
20 52 44
14 61 18
43 96 43
97 74 3
98 35 11
14 84 44
46 38 86
10 11 12
94 97 99
79 25 12
82 79 36
50 74 25
32 42 93
32 30 49
47 61 36
18 35 74
95 93 16
25 59 78
46 48 94
41 43 22
44 37 88
86 91 61
77 35 27
48 10 62
88 30 84
87 9 77
1 56 33
89 84 38
94 35 81
54 63 61
16 72 74
99 84 62
15 95 99
40 82 87
89 96 69
68 24 29
18 7 99
85 48 100
86 24 70
91 17 21
49 59 21
63 64 66
85 17 4
70 94 87
94 6 87
2 29 5
7 39 97
33 9 27
59 32 18
6 54 92
30 14 23
60 61 72
49 99 80
59 40 58
89 93 85
26 47 98
79 57 60
77 13 81
18 5 88
31 1 65
83 53 46
0 18 51
99 36 1
0 72 38
2 49 23
2 5 96
70 54 79
3 82 30
54 20 70
96 86 69
5 45 58
97 8 27
22 62 37
69 48 82
6 69 1
81 14 18
38 37 11
42 87 80
12 56 68
63 50 34
40 8 34
6 77 38
78 11 74
94 70 48
90 8 59
10 33 6
81 25 48
75 43 27
52 79 6
76 35 15
42 16 54
3 19 54
19 35 82
96 1 43
4 55 4
70 83 93
37 62 40
87 90 58
79 82 75
13 89 70
77 43 99
82 61 10
99 70 89
88 11 87
95 23 72
74 79 29
86 67 7
90 82 97
70 65 17
71 45 12
19 50 78
15 36 76
52 92 19
20 28 32
61 67 57
50 94 35
31 55 66
91 71 69
35 8 16
29 52 71
2 16 85
15 63 14
54 2 73
67 34 16
91 18 69
16 37 76
53 52 48
49 90 20
96 66 23
63 49 64
57 22 41
49 19 97
90 25 72
20 19 8
92 54 57
60 50 57
57 25 30
92 91 9
8 75 47
78 4 56
6 97 76
87 82 6
80 83 61
66 7 18
60 50 12
73 61 89
56 21 58
46 14 52
31 71 69
28 88 88
45 34 7
43 10 20
46 89 86
66 32 26
14 76 2
36 45 29
77 86 64
35 79 24
14 66 99
14 5 51
9 14 69
10 99 23
22 85 7
56 21 72
19 79 12
90 67 18
87 2 45
16 38 94
34 89 45
93 9 48
98 88 30
14 71 24
69 68 65
56 89 39
9 53 36
28 2 11
38 54 51
2 50 71
64 7 24
83 0 69
20 97 33
27 24 41
96 24 14
36 43 6
17 22 78
6 46 85
3 80 98
10 79 31
72 9 66
19 61 31
61 39 45
64 2 59
37 24 97
7 65 91
56 94 41
96 17 85
27 31 16
77 37 15
4 24 89
23 6 48
42 45 54
61 67 33
49 57 33
53 87 43
7 45 54
49 90 87
81 0 7
53 30 53
34 65 91
97 36 90
38 22 33
37 94 53
11 93 25
9 47 77
2 90 27
79 89 95
68 85 18
65 36 3
74 33 40
36 49 41
27 72 78
44 71 11
65 10 72
23 75 13
80 52 71
78 38 60
81 63 67
39 1 34
23 42 31
60 21 80
89 15 99
94 52 43
48 67 32
0 87 19
63 49 37
25 86 5
36 77 25
90 60 49
29 82 38
29 59 51
79 25 83
76 39 93
94 7 96
48 26 34
3 42 37
61 22 10
29 98 43
61 7 3
93 31 21
17 89 92
87 50 20
46 3 85
3 75 73
51 44 19
27 3 13
23 96 3
47 61 100
57 90 84
92 59 35
77 12 55
75 88 3
88 75 36
10 79 92
5 25 36
6 77 19
68 76 18
65 47 52
4 67 9
98 47 79
46 71 94
47 64 56
48 98 50
23 28 86
5 2 53
30 77 71
56 71 18
41 28 4
28 61 80
91 77 89
33 42 3
71 32 56
65 89 16
66 72 73
28 18 62
32 10 11
7 15 32
22 45 27
84 13 22
79 69 42
22 43 62
19 3 4
73 86 68
2 65 96
93 98 72
35 28 38
85 33 2
51 95 71
18 51 71
11 19 67
92 90 69
43 59 91
89 98 94
21 7 17
54 23 41
65 54 50
30 29 48
16 81 100
16 73 91
48 20 75
45 97 41
15 63 62
11 26 46
85 32 57
1 61 80
86 38 21
41 31 38
70 46 2
42 65 98
42 53 68
53 7 39
42 18 100
79 49 80
66 60 46
51 24 97
54 63 7
56 95 2
7 19 2
24 44 79
99 40 23
87 55 22
50 41 82
56 11 16
85 46 82
30 96 99
69 61 77
10 68 73
25 70 50
29 83 14
31 12 50
96 58 74
57 81 30
88 78 86
81 68 77
6 20 66
10 53 29
44 38 28
21 10 67
79 62 79
98 65 46
39 44 23
73 62 88
57 8 70
21 68 32
66 36 97
25 22 44
11 89 75
74 52 81
31 83 99
22 6 38
17 94 29
23 46 29
92 51 99
8 76 86
99 65 58
34 11 16
80 10 23
28 29 78
58 17 91
35 18 86
97 84 29
18 43 28
84 63 79
19 23 28
43 83 78
93 81 27
79 43 70
59 40 57
79 40 16
12 33 32
10 58 20
7 75 75
8 95 61
6 65 41
56 39 24
98 17 14
83 93 26
39 14 24
47 14 76
41 58 99
81 99 61
78 77 42
21 96 67
88 38 98
15 91 75
40 91 59
61 78 74
37 60 90
30 74 86
58 93 51
68 58 22
73 18 46
66 72 35
7 81 90
62 23 19
82 49 61
5 53 44
64 21 61
89 5 75
15 19 13
65 41 61
44 2 25
50 55 79
39 3 5
87 35 57
13 85 4
20 69 71
68 32 24
42 36 20
37 6 76
57 11 60
92 86 21
4 42 27
48 9 59
27 33 19
26 59 8
39 24 96
54 94 74
45 30 21
58 22 16
37 77 8
97 64 98
3 39 55
7 87 12
31 85 24
93 50 62
13 61 80
63 14 5
92 47 28
59 51 91
24 70 82
4 98 43
31 44 22
20 77 90
88 96 47
28 17 29
52 2 75
11 54 34
9 49 27
88 32 70
65 11 68
81 91 18
99 22 93
52 9 82
4 94 81
95 28 15
85 77 46
63 53 48
27 83 14
70 21 86
14 45 25
13 35 6
59 70 97
61 57 75
5 96 27
68 54 35
52 54 26
20 4 22
49 32 87
59 98 87
40 68 22
30 47 72
91 63 37
59 54 100
77 35 2
40 56 60
73 27 82
82 46 7
77 8 61
9 96 89
59 77 32
60 29 1
95 69 43
36 38 55
63 84 68
68 44 7
58 17 69
72 94 52
88 73 15
56 24 28
31 51 66
91 48 62
72 12 62
90 44 82
30 0 20
79 56 56
87 85 43
54 96 21
65 45 55
93 82 41
68 85 43
37 93 52
60 39 25
86 88 36
40 83 53
39 85 58
31 26 90
52 65 91
39 47 89
46 49 97
90 12 99
99 82 7
10 74 67
38 67 13
36 24 83
52 55 66
39 61 29
45 75 34
70 61 79
34 23 45
64 41 59
1 2 54
70 29 42
81 3 5
88 53 65
95 57 69
69 48 45
75 90 53
42 7 77
45 25 1
83 76 33
22 69 6
61 25 13
46 34 37
60 99 87
88 12 72
10 72 72
12 45 82
87 77 9
90 78 38
38 85 42
4 16 62
74 98 90
89 25 81
86 8 40
88 89 45
16 17 92
8 15 76
0 92 73
73 35 81
7 72 24
9 67 6
7 77 56
56 1 23
84 28 50
53 71 87
29 1 20
45 20 32
50 5 51
91 63 78
47 48 76
63 48 49
8 54 44
8 55 32
77 23 27
77 15 28
88 79 36
60 30 58
21 88 51
62 10 96
81 64 69
36 78 84
28 71 23
40 29 84
77 31 59
4 71 81
60 45 11
58 95 37
50 34 83
57 54 50
26 49 4
26 66 69
78 11 38
42 11 66
97 62 89
0 61 99
40 48 61
74 83 43
12 74 60
22 14 35
1 38 20
89 6 73
23 86 39
86 22 25
22 43 1
31 50 78
95 28 62
54 0 43
14 64 88
12 77 20
80 45 84
41 78 43
44 40 28
26 73 49
27 55 98
95 6 30
61 75 18
89 57 33
29 68 88
0 58 83
47 71 20
66 44 44
8 92 50
65 74 27
84 42 71
32 41 6
92 18 82
42 43 46
66 72 75
35 26 25
23 67 15
36 64 46
80 3 80
58 14 51
31 45 41
55 25 51
98 13 39
48 14 78
41 15 33
56 37 4
55 91 26
8 41 57
40 59 37
58 45 48
92 23 48
48 7 29
90 83 60
55 26 54
24 8 100
56 26 49
72 82 87
33 92 63
96 52 15
86 47 71
52 75 85
10 44 40
19 77 13
49 30 49
45 84 9
83 55 86
19 60 11
43 19 75
17 60 4
0 67 31
53 57 88
0 72 82
3 26 19
48 27 85
73 15 81
80 71 10
92 71 57
54 6 38
16 52 60
16 28 89
3 40 83
37 86 10
57 24 7
96 62 86
98 59 67
25 77 38
86 33 34
22 14 60
60 13 48
56 3 53
98 6 80
68 53 40
37 3 77
19 86 71
90 80 2
56 79 85
96 22 51
13 50 49
68 80 32
78 84 52
78 44 71
54 5 40
30 69 4
10 14 22
38 60 86
92 13 69
43 95 12
91 74 76
62 97 4
63 56 70
10 54 17
43 84 14
34 12 47
80 5 26
39 14 95
21 51 27
13 17 21
22 55 2
31 91 68
93 99 41
35 13 78
60 76 44
67 41 20
84 36 100
46 38 28
94 25 42
36 54 27
64 44 30
9 79 81
63 74 96
71 5 70
34 29 39
26 2 30
96 10 58
9 76 20
0 77 91
17 96 2
91 87 2
99 12 52
98 9 30
26 41 6
51 48 50
11 68 53
46 12 58
65 62 76
88 79 7
6 60 30
59 12 15
13 72 88
60 31 54
98 33 96
25 27 64
25 81 75
1 71 34
49 44 35
48 40 19
51 26 35
62 69 55
40 15 12
84 26 96
83 24 96
0 39 66
78 84 70
11 86 71
29 52 5
93 59 22
36 28 99
26 17 8
65 92 15
98 10 100
45 67 58
4 49 91
51 15 22
2 70 55
84 43 51
19 76 5
50 21 98
7 25 4
67 75 38
5 88 87
94 48 17
51 0 32
23 10 9
62 81 83
14 63 1
5 66 7
10 77 12
33 26 45
13 99 43
69 99 27
86 67 52
67 57 47
86 37 41
39 37 92
24 87 9
11 81 71
25 86 84
47 10 23
60 98 45
45 74 54
43 98 87
81 39 1
70 25 5
27 91 74
46 51 57
24 47 84
28 80 4
35 22 8
63 4 13
40 94 10
73 68 21
71 49 53
4 9 36
84 57 74
45 8 50
72 12 44
3 62 88
48 79 48
27 78 9
49 9 70
18 69 45
83 66 74
1 46 13
32 13 40
28 66 31
43 44 29
58 43 7
56 5 70
13 86 100
3 94 6
71 28 31
9 66 18
91 55 92
91 37 65
31 94 35
4 58 17
65 89 15
44 24 97
84 40 34
51 77 91
17 85 6
7 57 90
56 67 50
2 39 62
22 41 87
94 74 48
56 9 16
5 43 71
27 22 63
49 24 5
57 44 85
49 33 33
75 57 2
87 20 42
41 82 40
78 93 47
49 20 31
39 59 100
5 74 85
19 97 89
96 44 41
11 64 21
77 23 53
70 9 92
66 17 2
56 8 34
40 95 20
19 62 43
47 98 54
15 34 83
83 45 84
23 21 34
33 67 4
98 25 47
29 95 98
61 82 81
81 5 77
27 68 96
69 41 93
52 90 39
59 97 74
67 8 74
68 30 95
17 57 96
92 34 41
33 65 71
14 61 84
50 60 97
3 40 61
93 67 37
32 77 5
85 47 56
47 2 71
8 88 84
8 92 16
90 47 84
19 95 9
94 48 13
5 34 78
27 25 27
55 2 21
94 61 69
57 21 65
17 91 22
3 33 37
35 57 32
57 44 76
25 67 3
94 55 7
11 37 33
33 72 89
10 85 78
57 50 92
41 12 65
89 20 47
1 29 73
78 67 12
72 69 28
32 10 17
3 44 54
40 90 33
55 26 8
80 12 46
62 65 55
93 38 48
18 82 63
23 5 47
19 88 49
56 50 49
90 34 33
57 7 51
42 26 55
21 87 93
81 9 38
63 77 78
11 2 2
31 38 99
68 29 1
20 15 6
30 21 14
4 42 85
93 58 64
14 30 34
53 86 80
8 82 77
94 87 88
96 7 25
21 22 55
64 28 85
69 36 87
56 81 80
5 42 73
78 74 31
75 11 42
77 58 96
42 90 70
67 23 42
32 82 81
98 11 98
17 51 72
84 98 26
44 41 6
2 3 4
54 17 34
50 31 82
31 77 57
47 2 62
25 75 19
88 23 17
19 14 50
53 51 43
67 72 8
76 50 18
2 72 69
38 32 55
87 47 18
91 49 30
24 17 3
5 75 1
5 90 2
42 14 72
95 57 82
88 30 80
80 1 47
55 51 31
87 19 46
62 36 26
84 14 13
16 62 81
62 35 39
73 74 66
78 89 8
6 55 92
52 94 53
1 90 73
8 6 40
69 85 47
0 59 87
47 90 61
53 10 73
64 0 39
10 52 88
49 25 30
5 8 75
85 96 59
14 97 75
52 76 81
51 64 99
44 74 37
30 59 1
55 23 18
36 51 58
65 88 15
59 34 46
66 9 49
29 91 75
44 34 86
14 97 5
72 85 54
69 1 12
48 41 15
97 3 65
53 15 95
76 33 57
80 60 8
74 96 36
97 31 94
52 73 65
22 50 98
14 25 68
26 79 60
45 43 87
86 80 29
59 29 34
96 69 65
73 21 37
32 27 76
71 22 68
12 99 82
46 91 12
29 27 91
92 4 5
51 36 82
55 48 39
84 18 44
49 85 86
81 69 16
47 85 30
65 91 75
55 81 1
58 65 82
11 82 77
79 1 6
57 90 90
60 86 11
24 12 73
91 7 76
47 56 61
90 14 90
59 28 55
92 83 59
84 10 65
63 73 85
21 12 2
8 66 49
56 63 75
70 33 77
95 28 100
43 55 37
19 37 87
34 57 72
2 64 17
78 4 86
45 89 29
98 46 63
21 44 45
84 82 13
19 3 6
0 72 23
19 86 31
66 5 77
36 95 94
86 38 5
97 86 60
20 57 86
12 68 49
78 63 58
62 92 8
62 49 46
88 71 76
20 59 65
62 95 6
5 15 23
69 29 22
7 91 72
57 95 59
9 33 24
98 18 7
49 57 18
3 1 22
36 95 60
64 85 55
87 50 3
93 52 96
12 73 92
81 92 92
59 89 74
86 99 29
79 20 53
76 17 3
41 54 40
80 58 56
62 66 73
77 84 22
54 80 94
81 97 74
85 52 3
93 49 77
18 85 73
87 83 14
50 16 54
78 54 70
25 84 99
88 61 50
21 7 67
6 82 94
48 52 45
86 3 67
65 23 64
1 5 69
17 60 76
63 25 16
19 27 49
56 54 50
71 59 79
27 33 66
1 36 32
76 34 68
28 79 4
12 70 2
18 25 65
97 88 38
85 41 45
3 5 58
10 49 73
94 86 97
26 61 41
3 13 36
35 32 7
76 10 52
11 42 83
39 14 93
84 6 96
55 12 50
0 44 91
57 2 4
45 12 95
21 49 25
29 66 100
91 28 55
16 24 73
38 6 95
41 29 80
60 47 19
16 41 51
54 59 30
79 63 3
12 72 45
3 35 66
70 65 55
2 65 25
49 69 10
53 96 49
12 14 66
88 9 78
48 49 51
32 55 7
55 48 89
5 52 44
56 16 78
1 14 68
52 83 82
2 52 41
43 88 62
88 35 94
77 82 6
41 38 79
2 90 70
0 27 45
19 73 21
2 30 56
42 52 58
17 68 76
50 17 4
32 92 31
37 28 74
51 10 64
48 85 87
13 72 86
46 90 60
25 69 63
78 4 28
84 94 51
31 8 20
30 97 97
73 25 76
48 77 41
52 75 31
73 28 99
49 75 49
11 6 59
33 74 45
95 37 45
21 66 13
13 96 64
41 26 77
39 78 14
78 38 71
92 70 62
14 96 88
18 59 27
89 86 16
33 25 13
35 11 57
32 16 16
64 74 76
24 92 29
40 63 44
36 30 75
57 71 15
37 62 16
53 71 49
11 71 12
36 24 67
78 0 74
76 72 85
9 2 39
43 54 32
50 1 27
77 30 84
65 78 49
43 37 47
99 7 7
29 32 30
6 37 85
13 65 32
53 95 52
35 17 24
95 1 75
55 92 11
36 77 49
52 77 31
0 31 39
18 10 11
12 65 91
98 86 88
68 5 68
26 8 35
48 66 49
12 83 3
91 90 8
40 47 77
44 21 38
40 75 78
97 0 92
51 97 72
35 18 35
42 88 92
77 86 73
2 73 12
25 56 75
65 96 52
44 92 93
58 50 86
99 12 74
57 49 21
45 68 41
26 50 88
89 29 58
80 40 7
67 68 53
2 11 75
33 97 90
15 97 94
81 29 95
55 72 83
3 36 56
93 3 10
74 75 27
72 23 94
44 34 27
12 19 50
19 10 87
7 64 37
61 54 50
22 45 16
73 26 81
26 21 38
60 67 18
12 46 64
45 67 23
38 66 26
84 97 38
23 21 31
11 23 31
83 5 50
3 44 85
97 64 54
81 32 36
79 55 19
33 28 8
21 70 91
57 27 81
73 51 35
84 33 65
84 45 39
16 91 70
68 57 72
26 31 10
75 2 24
83 51 77
33 48 21
28 66 94
38 5 23
75 38 10
45 6 16
49 78 12
39 56 10
37 68 8
31 22 59
63 33 77
93 94 19
18 55 36
25 69 75
74 31 31
32 65 43
54 77 64
24 85 35
30 36 35
65 46 75
44 36 21
46 55 52
80 73 71
34 5 54
26 24 73
76 31 4
97 92 39
72 26 40
31 96 45
88 78 73
31 70 43
86 70 55
21 84 30
80 75 23
33 4 47
94 50 38
75 32 88
87 75 94
30 79 10
48 26 80
28 46 100
77 33 68
25 8 84
18 58 95
95 91 99
71 26 66
77 71 75
15 36 7
74 84 73
28 71 87
92 11 81
44 81 95
40 36 62
30 40 29
66 52 100
76 85 70
79 50 81
61 79 16
44 3 31
21 43 36
12 83 30
85 14 33
54 14 65
92 86 27
68 41 94
33 62 27
94 12 73
55 91 68
71 72 11
48 27 37
92 43 97
42 7 22
47 39 94
84 25 49
44 77 52
35 60 34
66 24 35
26 53 26
91 5 95
31 60 50
5 50 23
20 69 98
81 51 70
94 91 69
51 23 87
54 85 94
6 92 89
51 31 65
58 5 40
40 75 17
57 4 41
1 9 43
53 33 3
6 34 28
35 62 94
6 74 68
54 3 73
39 95 16
54 26 52
97 16 92
15 74 13
31 89 19
62 54 58
76 72 60
1 96 98
51 44 49
10 6 88
17 84 57
63 38 60
49 55 10
50 69 39
75 71 7
90 92 8
40 66 22
98 62 32
85 46 24
70 32 41
46 54 78
42 75 88
13 56 27
49 38 27
67 31 9
12 21 40
92 57 40
58 18 88
73 98 98
43 63 61
94 29 90
68 29 91
99 36 95
74 16 18
44 90 48
53 72 23
21 35 6
49 38 38
35 77 71
91 98 68
32 21 30
36 59 43
68 54 78
81 24 11
78 61 63
6 37 63
72 61 23
56 7 15
52 66 85
22 58 29
86 28 30
69 47 53
20 15 90
13 47 90
99 8 60
49 10 27
75 54 53
80 63 4
36 14 71
41 92 60
87 56 37
91 25 11
48 9 55
77 87 55
18 11 9
94 18 53
63 98 36
99 92 37
1 0 8
72 24 59
32 87 99
21 15 63
17 40 61
96 80 80
28 81 2
40 12 22
13 87 65
49 68 91
45 56 50
15 80 30
25 83 90
5 20 57
51 61 9
99 79 52
34 63 6
86 77 51
76 7 11
11 41 71
82 25 43
18 42 16
14 10 9
59 9 34
12 34 91
93 6 12
16 56 69
60 89 97
77 50 33
82 4 24
95 22 99
71 25 26
14 20 86
59 18 33
14 95 61
42 32 31
37 4 9
1 27 12
29 92 50
56 3 18
18 48 66
8 11 49
28 65 88
59 14 68
39 96 14
76 99 45
75 43 43
33 27 70
61 22 84
62 35 93
7 48 15
37 55 51
54 63 53
14 51 88
67 35 11
77 17 7
61 89 70
15 52 38
33 67 86
93 61 5
97 98 60
47 38 46
1 79 74
44 24 26
33 98 4
3 85 49
15 46 57
97 8 85
3 22 8
97 43 80
50 83 86
97 22 42
44 80 93
85 39 59
4 61 89
27 34 52
77 68 63
69 81 8
7 1 24
69 5 48
60 83 42
5 11 12
6 72 11
71 77 81
67 12 89
50 13 69
57 22 98
78 67 17
41 16 4
16 44 44
41 90 66
87 21 54
2 42 74
96 45 71
21 33 47
51 2 95
19 27 1
83 33 47
98 74 61
83 8 25
99 36 38
92 49 23
83 57 41
24 69 6
80 94 20
52 64 88
1 32 3
12 2 59
45 68 45
91 9 37
33 23 75
60 88 63
8 47 50
91 62 74
75 4 91
64 8 70
44 21 57
23 13 57
73 13 32
35 43 45
67 59 70
21 7 23
33 7 79
64 90 73
44 17 27
15 86 17
86 61 90
6 10 98
24 85 46
0 37 22
30 61 94
14 31 7
0 68 40
62 91 72
55 88 3
97 42 77
86 71 86
80 71 78
82 40 9
95 80 97
60 25 89
9 45 82
32 76 77
20 70 88
23 99 38
5 11 59
55 96 8
88 46 86
82 36 85
61 65 56
78 64 69
11 25 49
43 53 66
7 91 13
48 60 4
53 96 17
8 78 22
26 4 44
60 62 43
85 68 69
96 24 19
27 95 92
30 41 97
2 22 27
12 43 28
61 69 50
51 12 30
23 16 52
37 10 21
21 34 44
94 15 5
88 13 55
43 33 90
40 35 12
62 58 6
45 37 2
72 95 19
27 54 41
48 21 27
19 21 45
44 46 67
24 9 37
7 86 18
6 43 94
52 25 87
56 68 75
24 8 6
6 42 73
2 33 98
43 12 28
12 57 23
50 80 36
99 75 83
5 73 77
40 5 60
51 49 95
38 78 7
95 77 24
43 82 76
78 52 11
26 85 77
97 61 61
92 83 80
15 41 9
55 57 93
0 81 35
43 45 96
42 17 62
53 13 25
75 71 8
19 33 37
94 58 73
4 62 43
64 68 82
30 19 100
44 60 22
61 74 95
89 22 9
56 11 10
77 62 10
39 57 24
17 67 83
10 46 54
82 98 68
99 32 26
90 8 46
50 56 16
39 91 35
81 90 43
72 83 88
80 14 83
50 29 94
2 60 52
79 18 48
64 43 51
66 87 57
63 24 52
6 0 49
45 72 79
87 25 57
97 27 56
4 94 25
11 33 94
41 21 40
4 25 54
53 95 49
24 35 1
26 64 43
19 54 2
63 50 96
80 20 39
64 90 73
65 86 95
34 57 94
25 18 16
68 11 45
33 97 88
58 74 90
27 76 45
60 6 88
56 46 28
39 38 84
30 26 13
88 35 28
52 63 12
27 18 77
35 96 26
10 16 69
79 83 43
53 35 72
5 23 19
8 77 15
30 43 7
42 7 20
76 5 9
32 70 81
39 33 71
22 61 12
25 42 14
67 43 41
13 31 18
73 18 91
12 24 97
37 3 17
77 45 100
79 49 33
51 71 5
36 50 10
63 87 72
73 49 54
52 86 86
56 24 24
65 39 84
73 95 2
13 28 61
4 42 46
77 94 30
82 86 65
24 30 80
3 32 32
10 21 100
82 79 38
38 22 48
50 30 23
68 98 68
17 34 79
71 52 7
23 92 44
84 1 38
52 27 48
72 33 35
63 22 42
27 50 9
55 67 30
97 6 50
21 37 54
96 13 65
99 11 99
82 7 53
67 23 96
53 55 27
55 87 5
15 34 51
93 14 69
51 0 13
70 41 59
96 22 14
84 35 56
41 85 53
50 12 31
64 0 49
62 75 78
94 82 29
85 95 49
19 90 98
17 35 14
32 68 75
83 96 8
3 66 90
85 60 30
18 74 3
13 0 3
99 55 56
3 83 40
60 27 14
6 33 55
99 47 5
92 67 5
75 35 48
52 25 12
69 11 9
19 2 59
59 8 10
62 34 15
35 76 69
75 20 34
25 93 38
32 54 45
74 17 72
53 20 52
55 14 78
14 71 42
99 29 82
53 98 75
83 4 66
24 53 88
9 32 53
92 34 90
61 10 100
50 78 9
65 57 17
63 44 46
83 62 19
89 50 49
76 36 83
97 38 23
51 62 80
73 98 92
3 58 19
59 46 79
50 19 4
80 56 90
9 89 61
69 5 88
92 93 6
96 32 45
57 95 66
21 1 58
79 94 92
22 69 30
51 3 35
48 57 24
58 41 47
6 50 6
63 42 22
49 71 87
59 71 84
58 12 60
13 32 36
70 79 33
89 64 63
31 14 51
7 95 28
91 61 5
85 92 46
94 53 8
0 78 54
57 91 32
4 73 34
22 58 66
98 59 64
59 83 88
3 69 31
22 10 51
87 58 18
37 62 100
17 44 74
23 73 35
10 58 17
14 22 82
0 40 56
3 29 8
7 13 78
38 84 3
97 30 96
39 75 15
81 40 87
10 79 3
7 28 46
71 13 22
3 7 15
61 72 81
30 92 51
69 78 26
0 69 83
74 76 71
82 17 3
35 91 24
69 38 44
51 11 33
23 91 60
3 13 76
36 88 30
96 60 78
51 96 61
44 18 35
31 46 68
40 75 37
54 78 60
12 2 90
63 0 29
68 14 44
40 67 79
17 60 86
99 2 65
59 33 15
52 63 21
56 34 96
46 93 47
22 92 57
26 24 56
69 7 4
61 23 28
98 52 100
75 26 12
59 29 68
20 43 27
61 91 8
77 42 45
53 92 58
32 3 42
87 45 43
14 13 6
54 9 43
6 39 51
4 52 97
14 27 73
38 18 42
76 96 43
12 36 19
76 90 64
76 74 65
64 21 12
15 12 6
78 35 22
97 20 18
30 26 85
85 74 62
6 21 24
33 49 59
91 90 99
37 17 48
81 29 83
37 43 20
72 35 64
86 45 98
38 59 46
96 90 91
17 63 47
15 80 30
60 11 73
23 18 55
2 93 48
98 47 6
85 91 20
73 2 52
25 71 29
36 85 59
80 77 3
19 0 87
3 22 46
56 48 96
55 81 23
25 30 45
61 51 24
10 63 87
6 38 46
47 66 23
90 93 80
87 84 55
26 78 9
28 96 86
98 19 35
63 85 17
21 75 6
65 63 73
10 74 29
62 34 41
72 76 57
64 73 89
8 93 58
99 27 80
31 38 24
48 43 43
20 97 30
63 21 93
26 53 99
38 5 33
8 16 6
22 28 97
32 47 66
18 85 82
72 80 13
82 74 13
18 64 78
8 56 8
81 28 73
34 74 62
10 99 27
49 38 98
60 28 21
5 48 95
10 45 28
47 86 99
60 76 55
20 89 71
93 36 57
65 8 54
21 40 48
32 1 86
75 35 74
73 87 95
41 57 24
86 92 31
93 65 10
71 92 43
52 91 49
33 51 88
71 40 6
14 70 92
20 78 44
82 39 31
87 9 44
63 49 72
0 16 15
28 44 32
88 34 88
25 45 29
57 70 7
74 97 36
61 48 17
65 0 50
47 39 32
79 22 53
8 6 90
94 64 36
5 11 87
69 60 51
61 82 88
30 98 24
72 64 60
94 80 63
44 56 60
81 40 37
23 92 71
44 74 84
62 89 71
42 5 30
78 91 15
80 71 83
63 84 29
4 45 58
9 96 40
89 31 42
27 90 31
77 48 14
68 31 65
20 34 8
76 12 21
24 54 78
92 29 60
80 64 98
43 26 75
88 10 24
10 34 42
86 88 27
46 61 55
17 57 66
57 42 2
22 20 23
91 29 84
6 97 65
95 4 39
84 69 60
46 75 26
83 22 53
28 52 71
18 71 37
47 37 78
51 20 29
75 63 61
65 26 95
75 68 58
88 75 4
18 43 6
3 72 13
89 91 48
99 59 18
40 0 5
63 20 99
93 76 53
19 54 50
6 9 81
76 63 31
25 66 30
70 37 98
20 26 44
60 90 88
40 19 28
14 5 100
43 95 81
96 75 93
89 96 65
70 44 97
16 80 46
81 89 78
13 63 13
36 47 7
59 95 9
26 8 98
85 99 79
65 30 64
13 20 85
22 46 44
15 84 2
53 51 90
40 55 6
63 93 64
27 46 92
89 40 37
37 17 74
4 61 78
5 92 38
14 60 21
65 74 78
68 81 42
18 82 93
70 93 24
54 2 98
79 42 40
21 83 94
38 13 6
72 19 68
97 28 63
41 42 62
80 27 85
76 85 80
11 66 33
1 93 60
97 13 23
80 89 85
29 33 10
64 98 27
35 21 58
81 71 76
58 64 88
96 35 52
22 72 76
2 70 17
85 44 49
2 5 10
55 73 60
9 19 2
69 0 18
31 61 23
37 36 68
16 3 89
13 77 19
78 65 33
67 96 92
91 46 21
64 5 45
14 75 67
86 69 1
51 65 54
99 33 72
20 10 27
6 88 12
15 8 50
25 50 81
56 62 32
35 63 8
10 6 19
56 9 57
15 22 61
0 98 44
71 95 12
66 63 57
16 84 37
16 48 44
19 33 99
13 27 43
32 24 29
57 31 79
28 90 89
68 11 1
42 6 19
87 27 99
47 21 5
36 11 78
20 22 1
58 89 85
92 52 84
21 63 83
31 38 22
64 36 40
23 89 52
52 3 62
3 86 79
1 92 80
76 0 61
97 79 90
44 36 13
27 40 56
19 25 36
40 5 51
77 22 45
42 3 22
77 96 95
63 77 54
76 85 22
61 20 27
88 38 21
89 63 93
62 47 47
77 9 92
50 46 72
70 7 20
8 63 56
25 93 44
72 53 75
83 67 71
77 46 63
20 9 80
13 51 64
56 6 39
29 28 3
53 29 97
20 99 82
48 69 24
21 70 79
29 96 37
23 12 62
10 48 8
50 68 83
44 27 27
63 94 27
79 87 60
63 19 37
34 36 96
9 20 95
72 99 47
70 32 61
91 62 11
98 35 73
42 33 87
30 88 14
28 61 3
22 47 50
85 97 89
41 29 1
96 8 45
11 94 32
16 21 38
6 28 21
22 8 99
66 48 57
16 0 6
3 2 79
58 84 62
45 80 50
65 80 52
52 74 52
3 19 25
45 30 3
62 46 61
10 71 68
5 72 41
82 7 26
9 3 61
41 79 82
30 39 75
28 74 79
85 71 28
53 15 66
41 93 66
97 23 34
74 46 58
37 26 67
98 20 13
95 81 85
75 8 44
99 12 68
11 46 39
47 18 72
31 37 19
20 51 22
70 32 57
66 63 44
5 92 11
33 3 26
3 80 6
58 78 14
27 29 5
74 27 9
29 75 6
62 37 48
86 62 50
11 56 61
65 1 98
16 36 56
89 42 65
67 41 1
75 34 11
83 27 62
27 85 88
40 77 29
2 82 58
0 29 4
43 79 70
5 6 19
59 70 4
89 41 24
15 8 55
1 62 74
58 6 39
57 0 52
90 18 94
85 52 100
61 75 94
32 0 38
4 14 25
90 4 56
99 53 45
47 45 96
10 94 55
58 25 23
73 89 62
65 41 12
99 60 19
27 65 51
75 90 8
80 18 97
45 32 1
76 75 62
21 6 93
83 32 41
18 2 86
95 1 17
28 49 95
85 35 92
76 98 21
51 76 41
5 75 91
2 1 39
96 99 49
40 85 84
34 78 60
59 60 66
83 0 25
39 26 96
5 12 91
20 80 55
33 83 71
96 83 29
49 57 72
3 81 6
88 82 26
70 2 61
59 85 88
44 67 30
73 18 24
72 78 72
7 65 97
15 44 50
43 24 75
98 52 75
93 63 8
38 52 86
17 96 47
9 56 54
47 30 30
11 5 11
9 75 1
61 72 6
75 56 35
82 67 54
3 49 40
76 59 1
89 55 100
97 8 93
87 98 62
83 85 25
92 63 16
89 73 11
13 81 5
16 70 33
59 26 2
54 3 24
47 87 60
72 76 55
97 98 17
40 13 5
65 31 24
37 71 34
13 87 49
88 39 51
97 95 1
56 57 79
34 89 26
1 69 96
65 43 50
60 43 87
23 69 19
66 19 24
66 14 76
89 23 17
51 44 65
29 68 61
59 62 20
44 46 11
97 70 45
48 5 41
59 21 4
34 19 52
37 84 50
33 97 1
42 96 41
14 78 46
6 79 25
79 98 10
11 69 40
63 84 54
25 56 73
20 98 4
76 83 41
64 45 38
61 41 36
22 70 65
85 57 47
69 74 74
74 80 96
99 27 66
81 84 41
88 52 49
94 91 52
32 87 88
95 92 66
80 73 51
92 66 92
93 51 10
42 10 74
4 23 26
21 6 59
30 71 18
85 86 87
16 30 98
42 32 91
99 59 81
78 44 69
31 75 90
42 36 83
69 54 5
31 44 55
30 55 92
57 64 55
21 30 98
67 27 62
17 31 53
33 2 13
39 49 17
86 33 21
44 29 99
9 21 55
48 11 46
68 12 15
92 91 31
41 3 9
33 81 49
61 12 57
80 41 76
36 61 32
81 98 52
66 34 51
91 28 22
69 56 82
45 7 87
41 38 89
52 31 64
89 9 6
34 44 68
59 93 68
21 71 65
95 92 56
36 30 94
15 67 72
41 2 46
38 26 45
35 42 56
10 81 66
70 12 73
60 32 57
80 85 10
40 97 84
99 20 1
60 48 62
24 86 9
84 93 60
71 62 59
19 88 70
82 44 58
81 38 99
98 24 75
5 22 85
18 52 15
67 28 53
1 41 80
26 25 24
52 54 68
87 13 14
1 57 28
46 41 94
52 85 36
22 30 77
70 83 53
48 83 82
70 36 95
90 65 30
74 1 39
3 91 99
23 35 53
5 8 67
95 55 22
54 21 72
91 24 71
39 9 77
0 91 38
90 43 11
43 19 3
6 77 25
99 89 26
8 77 98
57 95 41
91 90 83
78 9 63
60 6 22
69 80 99
86 91 15
21 93 34
52 27 28
53 13 18
35 16 2
62 15 55
68 29 4
85 89 5
64 52 16
97 44 76
71 59 68
69 45 38
84 41 2
83 70 55
91 14 42
2 11 80
89 30 75
0 17 99
36 5 3
21 24 34
71 81 39
47 52 73
33 1 18
71 95 18
26 89 62
82 25 83
25 59 70
19 58 47
25 41 45
55 72 94
43 80 14
14 19 18
28 94 35
73 88 97
82 71 52
0 5 77
99 30 20
61 31 57
83 9 12
50 19 79
85 51 11
81 10 99
99 41 97
20 44 1
50 93 50
24 13 8
11 93 23
75 46 13
59 35 36
85 90 85
42 35 19
93 73 60
60 1 2
0 41 15
51 77 88
67 39 2
1 23 5
37 17 58
53 35 99
60 94 42
43 9 73
56 74 41
71 16 46
19 90 89
95 43 68
33 67 13
20 33 12
52 10 31
5 36 81
71 59 23
92 26 97
96 78 100
75 10 31
2 64 29
61 55 46
23 87 58
19 70 18
80 87 2
70 14 25
80 12 23
79 74 25
52 71 34
86 64 39
43 4 66
5 24 11
21 32 12
97 86 83
47 77 72
44 58 1
15 16 78
40 22 87
83 16 88
74 96 68
81 42 7
95 23 89
55 62 21
7 51 17
71 83 66
88 71 5
8 67 60
39 24 96
3 90 3
83 39 46
42 92 66
52 45 11
69 9 49
14 68 55
3 18 57
26 75 43
23 7 78
2 75 31
49 47 20
70 32 96
45 32 79
25 0 14
43 55 77
38 5 15
44 0 24
5 61 81
6 58 59
82 97 59
31 38 19
28 90 65
16 12 81
1 4 59
10 95 10
70 14 83
84 81 95
74 89 47
4 45 68
25 77 11
7 77 60
67 72 50
55 28 4
58 49 97
63 49 22
5 35 92
82 38 62
5 24 45
31 21 79
63 61 65
95 50 43
4 36 75
18 66 92
20 77 98
14 38 36
45 58 26
9 5 73
68 69 77
7 5 47
56 32 82
97 83 11
66 96 4
56 29 98
84 74 76
38 92 86
45 5 3
68 31 100
50 96 66
28 61 76
62 66 58
9 14 86
12 11 57
75 82 38
65 12 31
83 27 79
92 37 7
28 37 74
52 69 85
54 62 1
29 3 7
59 57 21
28 21 86
93 81 81
92 66 16
87 72 64
36 5 22
78 73 22
93 86 65
95 92 63
65 91 40
92 54 1
16 51 59
83 45 46
8 27 11
11 61 40
94 78 44
83 11 1
62 83 91
90 98 21
5 25 72
73 15 66
25 27 27
86 32 26
92 47 100
36 32 41
45 91 90
15 76 80
26 83 75
38 24 63
6 22 2
38 41 10
57 27 21
3 78 56
61 55 4
50 58 16
74 49 46
80 48 44
62 47 86
68 71 72
76 6 63
91 34 10
49 91 7
86 43 36
26 32 8
44 4 65
90 28 37
3 30 22
11 70 19
33 69 34
82 21 46
97 11 53
29 62 10
92 65 82
84 40 21
79 73 6
62 50 84
81 24 70
58 27 40
79 95 39
20 8 34
47 77 52
74 13 42
3 75 79
37 94 60
32 50 84
76 18 12
63 55 83
10 49 81
83 39 7
91 72 73
3 62 64
99 70 28
8 6 54
12 50 59
51 22 53
88 17 41
6 65 86
6 19 77
37 62 48
6 58 63
74 89 54
20 4 95
63 92 17
90 50 13
83 8 88
66 22 86
59 86 54
80 79 20
48 2 88
73 83 76
44 60 58
63 92 97
70 20 4
53 62 24
1 14 61
30 59 16
7 42 14
8 11 43
93 73 29
96 53 25
76 35 84
97 25 44
14 69 66
49 45 95
30 91 57
91 82 53
67 33 84
65 71 59
85 65 33
93 72 39
9 59 22
21 80 58
6 59 6
20 34 76
74 78 1
5 1 99
2 76 15
60 66 5
37 19 78
65 16 52
92 85 87
11 34 79
2 24 65
77 39 61
80 96 3
43 91 42
22 64 38
4 37 77
72 89 28
51 37 89
96 23 65
20 7 80
76 6 27
10 78 37
47 61 44
56 4 64
0 15 83
52 91 66
59 28 9
22 65 95
33 16 70
1 76 76
94 84 43
97 88 23
33 40 29
80 16 86
84 87 9
85 66 27
2 9 3
43 82 89
94 4 94
22 65 96
2 54 94
12 10 15
14 93 34
0 45 18
33 11 29
24 30 100
3 56 21
34 48 10
58 26 37
9 61 41
19 46 6
15 14 87
42 23 73
26 55 3
42 96 41
64 17 24
99 91 7
8 19 8
56 41 13
80 62 60
66 14 16
65 92 26
24 5 45
89 5 68
11 5 26
49 31 5
9 35 87
11 44 31
86 83 85
37 78 51
39 11 37
65 12 41
11 8 60
12 17 26
2 38 100
3 34 19
86 3 74
89 95 63
48 59 71
71 41 56
18 12 45
43 85 9
64 94 84
20 29 72
97 2 94
81 69 56
24 17 10
44 65 82
46 68 99
82 2 75
3 52 79
55 80 11
2 28 34
1 91 77
64 3 61
8 51 82
68 93 56
54 95 53
29 62 97
97 83 68
76 5 55
80 1 6
96 72 67
12 61 52
87 26 69
79 21 57
60 85 33
53 8 8
21 10 73
38 23 58
14 22 7
87 18 91
87 24 19
46 7 90
26 29 8
37 60 44
17 46 57
7 25 59
94 54 80
87 4 100
81 68 96
92 76 6
79 47 74
78 25 36
6 15 42
62 31 51
32 43 64
45 18 38
92 82 78
70 60 39
52 18 30
54 67 65
28 63 78
87 21 53
50 99 60
69 78 85
28 63 34
80 88 87
84 92 36
52 42 16
65 51 40
95 75 44
94 30 28
68 35 11
77 63 37
19 89 4
65 37 25
9 62 66
84 16 82
99 56 45
77 86 46
60 87 95
11 7 28
51 72 5
95 84 13
73 84 66
17 2 95
22 69 21
55 10 43
56 44 93
98 70 41
22 74 52
34 78 86
55 62 11
45 56 56
56 22 65
76 96 51
38 69 83
22 96 38
11 51 78
98 85 78
46 66 68
45 72 82
68 81 62
28 47 88
68 52 29
83 10 24
41 93 91
82 67 92
97 84 18
83 96 93
99 53 62
76 78 10
24 92 25
92 50 65
70 22 80
59 14 8
93 10 18
70 54 77
51 24 36
22 7 90
53 52 87
35 17 49
53 88 99
87 38 86
14 66 41
61 26 63
94 6 81
72 37 70
88 37 20
73 71 54
29 38 88
11 74 38
31 93 67
15 67 83
77 16 90
59 88 50
28 6 83
41 54 39
33 9 66
75 3 64
27 85 13
2 94 22
46 69 64
68 21 10
83 61 83
41 68 99
6 33 83
87 28 100
33 83 92
63 80 68
7 96 97
53 87 1
67 62 73
14 33 25
76 35 74
64 5 77
61 4 84
98 91 42
21 0 57
47 49 67
74 14 11
18 79 54
30 37 27
94 62 97
25 70 10
89 69 100
2 45 54
52 86 5
20 36 38
68 15 88
42 75 43
94 17 77
2 54 71
89 26 77
48 55 45
25 75 56
36 69 78
85 61 27
59 35 13
67 60 56
29 62 71
54 13 41
92 46 71
79 53 40
75 6 81
23 48 58
15 68 83
20 81 36
19 15 19
70 88 5
45 13 41
29 74 35
78 0 80
25 60 10
93 20 51
19 76 49
26 27 60
28 18 7
47 35 86
98 48 63
19 81 54
19 47 8
52 28 80
77 14 60
22 59 11
96 91 95
73 35 60
86 85 22
25 84 48
61 21 13
4 70 71
48 72 56
34 60 24
20 32 66
12 14 7
89 62 95
41 80 12
7 33 96
9 93 23
67 21 14
29 52 71
11 68 64
14 43 30
41 52 31
42 43 23
20 22 21
23 3 62
42 18 33
25 57 86
89 81 46
28 87 84
63 62 82
94 47 12
74 72 6
37 29 85
78 80 60
80 27 41
87 38 3
85 98 93
9 51 33
84 47 47
68 57 13
49 19 1
28 6 93
35 45 6
45 19 93
34 70 24
71 90 42
85 13 39
37 88 14
18 27 57
93 61 83
30 99 59
50 89 99
76 94 47
76 60 17
39 59 28
62 22 28
23 10 10
87 3 22
39 52 4
54 24 39
10 39 26
97 2 31
98 57 90
58 45 23
59 76 96
61 1 34
95 63 10
73 31 85
61 67 21
23 20 73
78 28 85
34 52 86
43 62 59
17 73 3
84 68 21
49 0 37
54 8 94
16 44 33
94 68 56
18 22 5
7 34 15
74 17 16
30 67 80
59 25 63
43 65 76
30 73 22
69 93 59
16 47 14
38 36 88
30 82 66
63 51 9
4 29 96
31 38 23
16 61 42
56 43 50
71 94 47
34 66 27
92 11 97
35 99 14
16 34 73
43 78 18
67 41 22
50 41 92
76 54 61
30 67 68
42 41 69
81 34 27
16 13 6
23 48 65
45 4 67
34 0 57
97 18 61
36 38 71
66 37 72
41 61 6
6 5 22
44 40 1
10 20 62
43 24 80
56 26 28
48 63 80
32 65 29
5 27 37
47 1 48
92 77 88
10 66 95
23 86 38
11 4 74
35 2 36
32 67 1
89 30 20
66 18 79
80 92 66
63 81 76
98 97 54
5 64 85
1 30 37
39 82 63
71 67 85
58 18 20
19 49 18
22 47 22
39 71 72
46 4 53
60 19 2
66 41 72
48 53 96
59 89 90
25 76 95
97 1 88
67 75 48
50 33 6
79 5 10
19 3 90
13 43 81
54 91 100
41 67 40
68 90 34
74 20 32
16 73 71
53 78 89
22 74 23
51 29 37
1 28 75
64 81 29
39 61 95
20 76 9
10 85 35
73 27 78
36 99 93
89 42 41
27 49 19
89 75 55
46 53 68
93 48 95
90 61 90
16 37 44
64 57 63
98 58 94
18 61 94
19 28 21
54 31 46
23 48 57
20 38 16
18 72 29
69 88 13
0 28 24
99 89 34
15 57 19
69 56 31
4 95 86
26 56 7
13 25 38
1 98 3
71 4 96
15 60 22
23 72 62
33 0 78
33 10 64
70 69 63
9 78 71
66 26 52
19 12 19
3 76 76
69 23 91
86 45 50
74 68 4
68 24 76
87 44 31
93 45 64
45 76 100
4 17 31
12 43 35
79 90 81
11 23 6
25 48 28
66 17 38
60 90 58
18 38 86
89 31 49
42 96 12
54 17 51
10 29 25
30 56 83
75 16 73
17 78 22
22 49 58
74 10 94
65 80 44
27 70 22
43 73 70
52 99 67
79 91 20
98 7 99
89 90 50
36 84 92
0 22 38
64 91 93
33 68 42
77 53 19
23 75 20
13 18 80
42 48 23
11 10 3
65 37 50
60 93 7
34 4 71
12 65 83
44 28 40
27 66 77
52 5 64
80 23 59
82 33 92
16 69 37
97 49 71
53 45 38
87 75 71
41 16 60
92 17 60
46 29 84
52 45 62
54 43 37
43 52 1
11 87 12
17 47 30
51 59 41
20 50 80
9 19 23
75 32 29
73 26 86
25 75 85
52 96 69
83 21 64
33 0 20
60 24 15
10 86 5
66 64 36
63 88 81
54 35 46
5 73 13
98 29 81
89 16 94
8 19 64
58 83 84
94 98 22
39 16 94
32 91 82
48 53 87
6 51 65
16 92 84
62 40 23
59 6 60
10 20 10
20 18 90
67 79 19
97 71 22
86 91 8
41 83 60
86 21 92
23 99 21
11 39 88
48 40 28
6 18 10
54 19 51
9 34 48
97 60 27
80 68 34
85 75 91
52 43 76
15 1 88
48 9 47
91 85 30
72 36 91
42 57 46
59 57 60
10 30 49
1 18 57
2 32 23
83 98 61
15 67 33
17 80 48
61 33 13
51 50 88
94 73 95
51 2 98
93 61 31
98 32 91
42 75 77
23 1 33
92 3 80
33 30 95
80 28 76
26 51 10
10 22 49
45 46 53
7 87 19
5 49 82
32 18 70
37 52 32
89 30 84
62 60 42
39 87 81
20 18 10
4 90 69
87 18 38
59 52 63
68 14 45
54 84 7
57 18 32
20 55 42
92 35 37
44 78 71
40 71 76
19 80 91
81 99 63
77 33 67
41 86 78
76 43 6
53 38 59
50 1 64
95 76 70
30 98 91
44 49 71
14 67 69
20 31 92
84 8 29
35 68 97
84 78 30
67 93 81
2 9 16
15 38 61
58 9 31
91 72 65
92 43 42
43 59 77
66 8 83
78 1 31
95 49 24
74 20 27
55 58 5
3 51 72
41 10 19
16 42 85
85 18 41
9 80 16
87 65 53
63 62 71
14 47 26
3 43 95
54 33 32
69 54 25
57 59 8
1 89 95
66 40 46
81 1 51
46 51 40
54 71 90
15 37 13
88 8 15
36 58 59
55 1 60
95 14 62
44 76 62
15 99 51
67 29 87
98 28 2
75 21 100
22 97 99
10 59 64
22 23 4
29 1 67
53 55 15
99 56 18
89 78 77
76 43 23
79 1 73
8 15 37
64 65 6
73 10 40
26 50 70
33 79 97
38 41 23
89 13 76
81 31 3
76 31 29
99 96 74
33 18 23
0 17 60
27 92 8
20 79 64
59 64 21
19 70 48
6 65 60
45 48 83
22 15 51
59 99 7
91 87 73
46 54 22
84 22 41
39 20 31
72 69 44
81 95 42
73 74 100
12 48 82
90 25 83
10 67 46
95 3 53
7 0 37
11 10 7
97 56 39
13 35 75
80 12 100
50 91 35
64 9 49
47 84 98
25 13 40
26 31 57
3 16 80
72 61 97
73 16 34
96 39 48
17 25 73
31 43 54
77 38 55
35 46 14
15 94 69
8 49 91
7 91 88
11 71 55
33 97 34
92 38 6
43 19 81
2 18 53
18 26 32
61 20 25
44 17 89
19 98 63
98 26 45
55 81 73
44 57 91
54 89 98
46 96 74
29 20 18
73 46 22
71 32 8
52 51 42
35 62 26
64 65 44
41 96 94
91 94 19
51 75 5
83 93 61
69 60 51
65 97 64
34 70 17
79 9 71
40 9 52
99 24 14
42 98 88
24 40 21
42 35 11
91 58 27
74 9 43
0 14 96
13 75 81
17 64 33
78 18 29
84 58 67
95 50 20
3 84 74
33 60 17
74 4 28
92 90 5
15 57 51
57 30 21
1 70 13
28 40 33
63 61 31
87 68 20
38 76 17
88 81 91
0 87 34
23 7 47
99 58 14
39 30 92
37 63 42
86 9 80
27 50 3
69 59 100
44 83 83
31 63 32
13 6 76
0 84 25
38 36 54
92 56 60
3 96 19
47 67 41
75 3 61
52 19 100
47 25 99
73 34 96
37 90 87
54 1 7
92 79 91
66 24 40
22 78 87
15 3 74
51 99 91
57 60 34
86 30 43
77 66 68
97 56 67
83 46 26
35 39 14
36 17 58
45 78 86
16 54 23
16 36 14
87 99 45
10 42 16
17 68 73
88 97 8
89 82 93
95 56 85
40 22 28
64 24 75
65 68 97
80 83 68
43 25 70
49 70 60
44 65 66
29 5 46
68 17 48
80 12 80
14 36 17
79 44 16
31 0 58
84 60 65
20 50 41
47 96 5
32 51 94
97 43 3
33 76 41
83 63 74
31 16 92
31 9 66
10 17 31
31 34 33
5 80 36
30 19 44
13 61 99
64 42 28
52 81 92
26 69 93
95 1 90
28 32 18
36 52 28
68 29 100
18 12 63
39 53 20
2 1 8
58 43 94
95 87 56
59 35 31
18 93 93
52 7 42
64 91 37
3 9 55
64 77 96
52 69 12
86 1 4
41 26 98
48 52 9
16 64 73
22 47 77
29 22 87
51 6 53
25 15 4
34 7 73
43 77 66
50 96 27
55 80 96
79 82 93
45 29 89
55 9 88
72 82 66
5 14 72
2 62 66
66 15 5
93 71 67
71 45 100
83 65 19
79 4 14
43 64 70
98 41 41
56 35 11
70 60 86
41 14 28
1 85 1
72 8 20
27 43 34
11 90 41
99 38 20
70 81 23
72 52 19
3 31 99
45 51 78
43 66 56
68 32 16
60 7 50
43 52 88
88 40 33
19 86 25
71 4 43
70 34 8
93 43 93
61 0 74
10 50 46
44 32 42
29 8 83
24 55 96
69 3 39
79 62 17
13 75 86
58 36 77
96 18 97
48 18 78
96 88 41
79 55 79
83 2 79
32 0 83
65 24 31
52 70 76
32 31 83
46 91 55
53 88 39
45 39 45
47 2 17
38 39 38
8 94 38
53 46 81
12 2 37
8 10 69
6 71 31
44 57 100
78 26 80
37 82 37
87 44 50
99 74 6
73 83 94
42 86 49
99 60 22
40 32 95
2 25 5
47 69 53
29 76 91
88 75 21
80 58 99
24 60 90
24 59 34
66 30 60
34 10 13
75 92 64
56 2 24
1 90 13
92 31 24
19 43 24
74 8 95
23 28 70
42 25 37
56 72 15
74 81 66
47 13 30
35 84 37
47 34 67
94 1 36
61 42 14
40 75 27
93 42 58
16 21 30
63 8 84
9 58 98
49 38 92
50 91 30
19 69 12
34 63 8
67 54 2
55 46 39
80 85 45
3 34 72
20 2 53
22 24 25
43 84 34
82 2 96
84 66 12
11 8 55
77 88 30
26 4 98
10 33 32
33 12 63
10 0 49
25 71 53
68 77 26
19 30 54
21 52 29
55 77 82
99 9 15
87 7 51
90 89 54
69 82 93
98 17 28
24 48 23
52 57 55
9 64 18
95 27 79
21 16 83
61 67 6
36 3 60
14 30 19
18 95 27
63 32 58
66 39 40
64 24 12
77 90 8
35 62 47
39 3 7
95 29 23
38 32 72
93 55 90
75 45 62
64 51 98
59 37 98
42 67 44
28 8 32
81 67 43
96 38 27
87 35 67
8 77 3
65 1 60
65 85 89
62 2 40
85 44 97
87 28 15
15 71 11
32 41 64
21 75 89
74 37 39
81 48 47
18 34 45
76 29 13
97 61 43
72 62 89
64 54 47
49 93 98
66 34 98
78 94 3
72 80 85
33 12 15
21 87 41
47 28 79
3 52 43
50 73 88
7 56 78
95 23 92
31 17 46
99 65 67
25 5 5
78 61 75
91 70 52
4 76 84
68 97 14
86 44 12
68 67 26
12 78 34
22 98 9
12 15 96
33 45 11
32 20 86
23 14 13
55 2 99
58 12 26
80 38 25
22 63 44
55 74 92
47 37 4
83 74 17
48 51 52
32 82 96
34 66 5
38 6 39
81 77 21
6 15 87
93 45 53
78 43 14
88 68 62
94 81 10
66 22 40
45 23 27
28 86 86
87 8 82
99 45 36
22 87 96
64 73 86
63 91 92
76 46 28
38 62 53
96 54 26
17 7 86
23 73 17
87 51 90
99 39 41
76 68 14
11 53 46
96 26 75
1 63 93
2 74 98
25 4 14
23 22 69
14 72 67
4 19 56
40 76 2
56 86 87
53 21 44
17 82 80
24 33 45
10 84 82
67 98 15
49 62 81
97 55 67
77 40 81
71 29 54
71 97 5
79 91 38
19 31 12
7 75 8
60 64 4
74 2 65
35 49 100
85 24 41
37 88 36
74 87 55
43 5 17
48 24 81
88 28 63
96 75 40
34 39 17
27 47 39
35 14 23
6 51 11
0 68 17
72 2 70
24 54 90
74 6 60
50 20 80
87 34 62
75 38 50
44 83 23
59 35 74
9 53 98
79 23 9
94 77 77
25 76 32
86 5 29
39 4 92
4 77 71
8 61 40
49 67 45
80 72 23
65 48 51
22 7 47
51 22 22
81 27 84
69 78 61
4 2 46
33 70 51
67 10 80
95 41 31
17 16 81
55 98 57
44 41 4
23 77 83
43 46 25
8 95 10
99 96 45
13 63 66
86 61 14
27 26 30
66 27 30
14 28 20
66 75 71
93 28 5
45 1 2
78 52 51
28 68 2
9 81 22
84 43 50
89 96 67
65 23 97
30 60 29
62 79 1
17 4 36
54 18 8
1 90 57
36 20 8
6 27 62
31 94 81
24 22 22
88 17 83
82 15 36
52 25 25
66 5 51
24 11 13
78 33 37
12 78 60
83 17 73
10 51 54
39 64 96
25 90 82
96 62 30
73 17 55
67 37 95
72 46 3
4 29 98
27 96 89
63 50 29
61 72 23
77 97 6
88 60 83
79 85 27
47 93 21
23 0 80
13 82 77
79 85 80
86 42 46
30 18 36
38 24 22
69 63 14
41 63 73
37 33 90
22 17 21
3 47 62
72 17 89
83 29 95
82 51 68
29 54 11
46 59 78
10 46 9
17 80 45
81 38 38
45 43 94
27 89 62
39 99 27
48 41 78
3 79 13
12 20 20
56 88 62
21 3 11
39 32 77
61 51 15
