42 40 24
33 88 92
57 6 21
39 89 6
51 21 56
82 64 55
14 80 92
36 39 49
4 11 48
76 98 15
82 20 93
61 73 26
32 94 92
21 84 57
84 28 63
99 11 73
84 55 7
93 56 90
36 3 2
88 23 69
73 14 48
47 7 7
4 7 46
58 40 55
99 17 14
65 73 43
18 9 85
25 72 37
25 84 66
14 31 72
73 83 64
29 26 35
93 82 83
73 70 38
39 44 42
19 55 81
19 47 26
56 52 98
4 74 88
58 39 29
6 49 44
55 28 25
78 54 9
71 49 33
99 2 70
75 21 91
2 41 30
25 68 50
63 23 16
56 68 19
18 22 71
26 76 44
17 90 57
2 57 56
32 33 70
74 62 97
41 90 67
73 61 21
70 29 100
71 11 29
56 88 83
75 18 47
13 87 90
15 84 40
48 31 88
74 75 84
73 19 57
98 43 47
63 24 25
60 71 29
30 31 95
12 42 25
28 16 45
99 37 69
30 64 30
23 75 46
98 36 52
23 57 41
58 73 58
38 42 94
18 43 8
6 34 68
35 44 87
34 74 95
88 20 26
14 68 59
78 4 74
45 3 82
10 70 98
11 70 30
4 89 34
92 42 84
97 56 5
96 14 87
80 98 11
63 13 98
65 61 43
85 72 48
63 68 70
85 94 43
67 33 22
95 96 12
31 28 39
79 22 1
90 32 18
38 96 46
60 11 76
57 86 57
85 57 78
35 49 89
55 90 16
97 15 89
7 58 25
41 0 50
35 99 23
41 38 2
11 48 80
48 31 78
49 96 36
17 91 57
33 35 56
15 10 99
75 55 11
16 2 4
12 20 14
37 30 77
26 10 5
6 23 23
74 5 13
93 61 5
23 53 91
59 20 26
26 74 5
25 66 13
24 35 55
76 71 69
93 82 27
14 72 50
64 11 10
37 5 27
20 58 13
0 28 34
44 36 36
97 61 17
99 9 1
34 95 42
41 84 72
76 70 58
48 98 62
21 95 67
19 75 100
27 83 82
19 3 66
36 66 90
44 19 52
85 4 48
57 58 43
61 20 18
98 40 64
1 14 6
9 86 10
69 50 71
63 46 16
19 45 16
34 72 94
62 45 20
99 15 95
4 47 72
36 16 71
62 61 38
64 95 64
79 45 44
74 24 22
90 91 81
75 50 88
6 89 41
76 32 30
57 89 44
23 90 35
87 14 97
18 75 8
63 52 73
74 90 15
12 48 89
56 30 19
59 34 58
91 47 74
78 37 30
23 59 43
61 7 18
3 73 80
67 98 18
54 89 77
65 34 69
73 58 79
61 72 38
18 35 77
61 43 68
9 92 88
51 78 7
67 7 52
38 99 45
38 89 8
46 58 77
46 22 21
58 33 74
68 69 100
32 4 64
80 9 73
37 9 72
0 95 66
3 35 10
50 95 75
39 80 100
74 40 16
42 84 91
16 51 66
74 25 27
38 57 63
70 34 14
65 52 24
97 3 47
59 81 29
91 51 47
24 65 76
21 20 66
69 20 86
69 37 77
1 11 55
32 62 14
71 83 77
22 8 65
47 61 29
7 78 59
28 96 26
42 97 66
85 79 41
5 2 42
87 64 11
31 93 71
40 99 56
71 60 46
42 32 75
51 52 39
75 90 79
75 21 41
40 10 83
11 25 46
20 2 60
2 20 68
55 99 57
10 38 91
48 68 56
97 95 49
80 91 17
51 69 74
85 74 57
0 36 60
39 32 67
44 93 65
55 31 84
41 17 60
20 7 86
92 27 24
0 60 70
16 15 31
27 96 22
60 5 39
62 20 20
86 2 28
13 4 49
59 42 4
33 47 74
95 1 26
19 34 4
80 9 53
74 27 28
77 21 76
55 8 2
77 4 24
54 44 99
38 42 19
95 4 27
61 49 10
31 86 75
54 53 39
45 76 93
94 55 17
28 65 99
63 87 81
55 70 72
57 62 74
6 73 60
82 72 26
96 21 32
40 81 55
42 12 15
87 50 3
23 33 28
91 30 55
22 11 18
72 48 49
53 70 92
65 87 70
99 50 17
10 63 93
60 22 34
10 50 100
84 36 97
86 42 68
49 65 75
13 98 8
88 36 100
80 22 59
81 27 72
7 81 47
54 26 83
76 5 36
4 55 24
58 77 62
89 6 70
93 13 93
79 38 6
19 54 96
19 81 79
39 38 48
97 34 31
80 86 6
20 64 38
14 37 1
87 23 81
97 2 26
51 77 63
34 51 36
39 68 78
19 79 74
46 95 32
55 54 82
22 13 23
92 38 14
55 43 21
86 59 70
22 5 60
39 96 52
38 25 2
37 14 61
8 29 74
89 51 76
63 53 44
96 87 66
42 63 33
82 26 1
83 30 72
69 54 24
21 1 88
93 76 73
23 26 22
99 46 79
94 29 10
10 49 47
84 69 78
76 22 15
83 70 95
45 57 7
16 21 42
27 93 40
1 37 16
76 94 23
25 94 96
69 64 58
92 58 17
26 88 25
66 86 90
63 10 9
31 99 73
24 48 12
55 51 36
86 28 9
71 83 19
78 39 68
95 5 25
37 31 76
63 88 12
95 81 10
26 40 90
76 67 17
34 83 84
21 27 82
87 10 88
26 46 41
93 4 76
7 65 24
21 28 94
71 38 53
11 78 59
22 44 38
97 50 76
23 85 55
36 17 72
87 60 55
55 89 86
39 99 67
98 16 47
56 82 78
3 82 24
55 66 5
71 17 63
82 5 72
72 26 44
82 7 49
97 27 31
16 53 9
28 81 56
22 41 43
47 9 1
29 4 19
20 19 26
92 67 14
75 66 97
34 30 30
49 33 98
33 77 2
72 34 26
57 5 63
26 38 1
94 31 26
4 82 45
63 55 39
6 34 3
43 83 68
34 59 47
69 91 82
4 49 27
45 30 54
62 60 64
54 36 16
82 15 2
99 86 56
26 30 51
27 42 70
87 86 56
93 65 6
90 71 34
83 15 61
34 54 43
46 64 34
99 43 75
91 57 1
8 24 34
41 28 75
55 8 15
66 57 24
75 21 17
27 90 37
37 83 11
56 45 28
13 27 11
32 83 85
37 1 81
17 92 39
3 32 33
12 26 76
61 68 84
41 27 3
30 35 55
24 26 29
66 31 63
57 32 35
72 0 29
70 76 56
51 95 73
5 43 46
69 6 3
21 62 58
4 47 29
36 81 14
61 76 75
23 47 63
77 75 50
29 56 56
82 61 48
9 10 90
38 55 98
2 29 19
35 85 88
5 58 65
50 3 72
8 29 86
96 86 99
41 7 5
31 76 22
15 55 28
94 76 6
31 44 53
8 2 44
29 96 91
59 18 71
45 93 51
71 55 34
6 58 97
34 82 27
94 60 31
75 15 24
26 94 52
64 83 6
98 49 66
30 5 67
38 84 25
15 57 56
52 6 58
89 58 22
97 17 41
21 93 73
70 10 88
15 21 36
87 36 91
50 12 83
67 13 86
40 4 25
37 59 20
83 92 92
49 33 27
75 49 92
5 33 53
30 10 7
4 87 58
51 61 23
96 92 23
7 15 64
84 21 58
21 11 85
42 1 54
21 41 35
7 98 50
86 28 77
89 57 89
66 0 21
72 48 8
12 68 25
86 63 30
69 83 63
81 97 56
58 60 7
45 60 99
49 81 56
23 36 47
28 46 4
77 14 76
64 10 7
51 15 14
38 87 14
69 41 35
39 40 55
64 51 1
90 12 59
54 1 1
65 62 14
84 6 96
42 45 72
89 65 86
2 25 73
49 8 65
92 19 89
96 5 26
49 1 33
86 8 41
99 60 92
74 78 77
54 35 63
3 5 41
66 41 25
12 47 45
3 1 34
26 49 81
28 24 16
43 77 6
95 57 78
27 60 45
80 53 26
64 76 69
41 19 30
60 69 42
5 16 6
42 65 42
39 75 83
53 26 57
26 12 56
43 24 41
1 33 88
59 58 15
27 90 48
66 78 89
13 21 6
40 15 89
11 3 5
90 60 53
77 66 24
83 16 67
95 93 13
37 83 71
57 62 89
3 81 90
52 22 49
99 52 34
45 63 18
52 5 57
52 36 78
22 64 11
54 45 59
67 37 97
79 38 99
7 10 24
8 80 9
99 6 37
8 95 83
34 93 54
43 21 57
78 14 57
45 89 62
68 41 34
19 53 53
31 1 10
93 79 3
42 22 84
35 75 78
74 43 93
40 96 67
55 66 20
24 5 61
5 0 6
21 59 51
54 62 19
37 93 48
95 1 43
55 95 29
61 16 39
77 14 100
54 42 7
67 84 39
5 28 15
92 61 21
88 50 78
10 29 96
83 7 3
3 48 35
2 80 29
11 26 4
87 21 52
17 84 83
82 14 30
12 20 49
33 61 56
60 48 72
58 97 91
90 20 75
63 51 58
94 58 88
45 47 43
30 53 97
29 34 6
76 53 85
44 69 18
1 3 50
49 73 10
93 18 34
25 68 25
71 58 84
54 56 76
19 56 3
2 47 78
68 88 9
65 44 5
15 14 61
93 30 35
48 98 4
23 3 60
6 47 93
54 6 26
90 73 1
41 89 53
9 13 25
52 29 9
64 77 49
15 1 62
5 88 73
25 50 75
9 21 9
48 64 74
0 33 53
91 26 94
52 17 7
24 70 1
21 39 37
19 50 77
21 89 80
46 82 83
54 34 28
77 82 51
94 79 40
36 63 33
65 52 82
59 74 27
61 8 43
74 89 40
93 90 33
56 88 75
28 49 25
7 85 92
92 54 47
45 46 47
46 17 10
57 34 46
74 31 63
38 88 46
79 12 77
37 72 33
30 36 39
59 62 47
72 90 89
56 85 55
25 59 34
50 25 79
31 94 93
96 35 72
43 58 77
23 98 78
53 27 88
89 14 49
26 99 85
59 76 10
77 9 4
23 97 29
20 9 73
88 96 45
2 30 90
95 35 78
96 32 25
29 3 20
74 59 68
78 1 51
51 91 44
27 25 5
55 82 64
82 27 72
90 5 40
35 28 43
27 43 34
93 33 64
3 18 38
33 47 47
18 13 65
0 87 35
27 87 67
26 36 13
64 54 46
56 30 78
89 86 37
90 49 68
69 51 32
56 6 2
75 78 77
46 63 46
33 14 31
66 55 74
57 30 66
12 86 37
7 34 36
36 41 87
56 83 52
63 97 80
40 26 43
99 89 30
72 84 11
37 13 100
8 15 6
68 58 78
73 80 86
12 68 63
2 81 46
44 80 97
59 20 69
84 69 28
18 50 52
11 13 67
25 29 51
12 31 79
49 53 63
9 86 2
62 6 33
41 25 36
65 57 20
52 13 53
68 74 44
69 76 89
54 98 95
38 94 61
5 99 66
45 8 84
17 26 1
7 78 86
83 79 69
88 76 2
67 45 91
51 52 74
12 97 67
32 91 39
66 10 72
17 27 5
75 81 42
74 30 81
45 62 82
77 70 16
3 21 40
47 8 4
53 11 19
81 61 65
70 22 72
99 95 28
45 70 78
71 27 56
64 23 29
46 13 25
39 75 23
42 32 47
54 93 55
31 73 76
65 14 41
2 69 32
46 2 36
80 52 7
32 67 44
34 71 72
3 21 64
8 23 83
95 11 73
30 63 17
83 85 49
31 96 54
39 14 42
56 68 38
60 94 3
23 61 52
95 49 13
19 9 2
20 51 68
69 77 31
55 88 32
22 26 71
12 60 8
59 19 23
36 89 48
98 82 48
4 45 12
18 76 52
79 36 92
59 81 69
5 83 69
69 42 62
14 3 37
46 64 37
52 12 45
60 59 84
36 31 80
0 40 73
19 0 41
15 63 2
67 65 94
0 4 15
24 40 63
66 76 46
75 28 51
87 3 5
68 56 47
26 87 22
26 88 4
59 99 89
76 68 24
85 59 58
25 81 31
33 0 65
33 48 89
7 40 94
49 12 75
54 81 70
16 26 74
72 84 71
72 67 19
93 86 22
92 25 56
93 3 97
36 58 54
23 93 18
46 79 27
64 0 90
28 92 67
12 31 23
90 71 54
82 86 1
86 12 65
13 92 61
83 22 35
30 70 29
32 59 18
20 34 96
23 75 44
0 53 88
46 31 46
23 19 72
68 57 5
87 47 30
54 81 71
34 99 43
86 77 20
12 19 98
78 71 83
7 61 24
81 53 10
43 55 35
2 84 12
71 67 27
80 41 11
77 24 17
58 46 14
55 72 41
69 93 62
13 46 97
35 47 75
20 33 39
29 72 27
35 1 23
15 68 77
45 35 67
45 67 37
48 66 12
55 64 34
92 69 99
67 69 72
92 52 74
95 69 82
23 91 66
47 24 19
26 81 92
37 65 65
55 26 51
34 26 82
18 48 94
18 19 42
83 71 80
56 69 59
7 69 93
1 27 74
87 0 36
29 72 72
84 2 77
36 76 71
15 66 49
14 26 86
33 4 30
15 95 89
45 21 59
4 50 72
55 21 72
29 54 13
35 51 35
70 64 92
50 76 72
3 19 41
74 81 92
9 22 45
88 1 99
22 51 31
41 19 82
85 37 87
63 44 69
29 15 89
47 19 36
47 42 3
73 93 35
96 89 57
87 16 79
70 71 39
33 34 14
27 81 9
55 90 85
7 94 30
99 17 100
40 19 95
72 61 81
21 65 37
4 57 73
93 1 48
64 32 82
94 70 86
23 64 60
86 91 48
3 7 55
96 22 30
23 43 33
91 30 58
51 45 73
75 49 55
13 85 6
33 82 73
91 64 24
29 4 35
20 42 6
52 96 43
43 27 36
56 59 1
81 29 25
80 84 21
74 3 52
88 91 94
57 37 66
45 29 44
19 54 53
33 9 19
1 26 12
41 10 83
65 16 97
39 89 22
28 87 59
0 41 79
73 7 27
38 92 67
97 79 11
21 66 33
82 43 91
24 48 62
17 89 35
84 6 22
21 84 39
67 90 87
84 94 97
32 96 50
68 44 64
57 8 37
7 95 79
14 89 22
52 93 24
10 90 31
9 47 53
8 51 15
54 75 37
45 14 97
47 75 69
44 35 28
58 70 16
70 87 64
63 88 3
1 85 67
64 24 57
8 94 66
13 2 11
9 98 66
53 10 49
24 69 74
2 52 18
96 89 6
22 54 6
94 75 15
46 88 66
5 82 61
48 85 53
20 45 60
64 69 69
95 10 80
23 95 55
29 42 59
41 35 80
4 61 67
2 36 64
27 21 82
41 96 38
38 32 37
76 41 85
78 80 24
83 62 11
38 20 41
68 43 1
86 5 60
16 39 31
51 79 9
76 24 72
37 57 40
58 79 56
76 91 61
1 16 77
10 64 38
4 81 55
52 18 62
7 29 95
6 59 96
49 75 68
50 33 6
12 18 71
5 49 10
16 70 92
40 86 21
99 38 54
17 34 80
72 29 5
45 84 22
62 17 14
24 9 21
16 27 14
40 97 96
40 35 45
18 52 21
99 22 20
34 91 79
84 33 41
55 61 27
80 50 90
31 28 98
64 21 11
19 30 89
11 90 40
5 44 93
50 34 30
30 86 35
94 2 47
35 62 76
80 70 75
51 7 56
34 33 80
2 87 49
64 1 74
69 60 89
69 61 15
59 68 88
38 32 7
13 53 58
81 21 72
33 27 62
89 3 64
8 46 71
12 67 27
69 59 93
70 47 3
69 47 12
43 49 65
64 12 82
0 99 59
26 44 19
85 47 64
68 62 99
37 78 81
24 49 8
41 43 29
3 52 48
38 43 36
44 89 29
47 80 25
81 90 66
5 69 47
58 12 87
28 31 57
77 23 55
33 54 3
50 36 28
58 24 19
36 48 94
63 51 65
27 12 48
78 13 58
87 78 59
77 25 42
16 75 69
26 34 22
31 67 42
80 7 13
27 48 26
66 86 37
70 86 2
62 57 6
72 75 80
83 6 58
53 73 4
50 41 5
4 6 31
80 97 15
92 54 50
99 29 54
89 83 4
24 39 23
26 1 22
45 5 44
59 0 70
75 14 2
67 21 64
15 91 6
68 9 86
20 94 61
44 0 94
95 42 22
13 49 9
64 41 39
10 22 74
55 39 1
60 85 16
53 24 29
22 38 89
49 51 20
38 91 2
20 14 83
78 54 47
70 21 81
94 90 15
18 31 19
62 60 18
28 27 74
99 63 68
82 68 2
53 66 89
99 90 26
68 51 56
89 95 79
75 45 11
8 27 90
74 16 18
51 61 56
23 24 84
17 6 83
20 79 97
34 29 29
41 59 40
85 58 18
23 85 81
41 51 51
80 98 95
14 85 26
45 26 51
82 85 6
87 26 30
78 66 74
36 39 29
17 52 99
10 47 65
94 69 51
27 75 27
93 46 88
87 37 40
17 28 96
93 56 26
58 81 99
74 1 71
28 21 22
57 89 36
1 28 86
94 25 26
47 59 76
59 80 14
28 9 54
86 68 95
73 26 50
10 3 30
90 39 87
25 9 37
78 62 50
43 35 27
2 90 100
63 77 78
20 70 67
4 75 17
69 78 25
37 51 10
85 50 88
33 8 15
80 48 75
82 78 53
96 69 57
36 0 82
39 0 49
79 94 20
51 24 59
31 81 29
32 4 15
91 13 99
58 95 54
45 0 6
29 63 38
69 80 14
37 46 89
25 67 62
67 27 15
88 5 44
6 17 5
91 36 11
81 95 83
63 52 60
9 68 42
26 52 4
29 63 1
70 87 52
13 7 35
15 76 17
87 91 66
62 93 61
29 21 98
59 17 12
29 52 95
30 49 99
28 92 69
76 93 87
73 29 91
45 18 34
5 9 27
77 39 16
95 74 12
87 71 90
29 23 49
78 92 33
88 3 18
3 50 5
32 7 40
13 86 58
69 27 51
17 2 26
10 93 75
4 21 93
50 47 15
49 21 78
84 14 14
3 21 53
71 17 19
44 81 98
49 65 98
49 74 30
14 43 65
7 26 75
51 23 64
19 87 73
72 10 70
19 53 60
46 71 16
66 34 16
10 63 71
20 64 31
13 44 27
83 25 54
43 61 27
9 17 64
65 72 74
48 75 9
79 68 30
69 15 97
48 22 43
57 46 75
92 74 64
64 60 18
43 99 27
81 49 71
21 93 10
25 60 25
62 40 41
88 50 81
73 1 13
85 27 53
21 36 12
26 61 95
93 64 41
97 57 37
0 17 8
6 72 61
49 76 44
44 19 69
25 74 59
25 71 54
2 85 64
92 71 94
34 25 24
26 85 44
33 89 72
95 30 87
5 63 65
99 73 73
65 4 10
82 10 80
24 54 94
50 63 13
99 0 95
71 70 38
6 58 66
99 32 51
5 30 29
98 55 13
23 26 77
44 12 91
3 39 29
12 52 84
38 94 43
73 89 98
6 95 41
89 62 75
35 16 20
33 50 66
36 13 68
61 75 5
64 16 70
13 2 39
46 69 89
62 67 25
50 81 87
99 95 37
59 11 78
72 84 29
81 38 23
75 73 63
31 98 92
53 66 2
49 92 51
50 41 7
76 26 93
33 23 48
6 84 18
87 54 50
76 83 78
77 10 79
92 62 44
25 99 7
54 79 89
85 75 22
61 57 25
15 36 35
54 15 46
14 75 41
17 99 95
92 74 52
76 78 59
73 34 11
2 29 81
83 64 59
45 8 86
25 12 45
73 20 8
79 48 25
66 97 68
71 56 10
12 90 64
40 16 87
82 74 76
72 12 31
73 75 88
17 87 34
15 84 9
65 66 56
28 80 38
2 56 58
68 23 1
39 55 28
45 50 50
11 90 30
15 3 63
3 38 98
85 21 14
19 93 41
42 78 20
48 20 17
67 84 61
86 13 88
16 15 7
48 60 58
63 26 9
90 37 63
3 12 19
29 55 6
55 95 98
25 11 63
60 90 14
45 74 63
87 48 36
45 55 70
27 34 39
9 11 24
27 45 97
65 82 14
12 75 64
30 81 57
55 24 13
88 26 8
27 55 51
72 56 73
59 60 59
4 80 21
73 19 72
67 10 43
81 77 34
32 89 47
68 15 72
80 21 95
45 15 32
40 46 50
38 4 88
90 25 9
87 38 87
81 7 39
73 81 24
37 29 73
72 59 61
5 63 46
18 73 8
72 86 27
95 53 54
65 71 79
8 38 86
78 92 95
75 99 46
91 57 70
8 40 10
20 91 12
8 90 52
96 35 68
12 33 99
78 98 61
6 5 12
18 33 87
61 32 94
48 34 85
33 17 52
19 4 50
35 97 77
89 13 92
27 75 30
84 74 3
36 84 30
18 85 24
59 77 22
61 71 26
56 47 6
89 25 66
92 0 34
7 93 14
71 55 45
9 21 30
51 3 92
45 40 23
0 14 61
18 55 1
14 29 95
5 84 42
87 10 35
50 21 82
78 50 59
75 97 42
31 18 78
63 36 9
22 33 35
7 22 60
3 86 22
61 10 87
90 53 45
15 74 42
3 90 64
11 77 80
32 74 62
60 44 94
38 0 85
90 97 11
27 55 87
38 45 81
10 27 27
77 99 68
77 59 84
68 70 90
91 18 41
41 50 33
80 70 22
98 53 72
91 53 95
59 80 75
91 0 10
80 14 38
98 74 58
76 77 35
28 0 83
48 4 51
5 90 4
79 91 48
1 61 79
48 79 61
67 53 59
34 43 19
60 76 24
50 76 90
23 95 30
13 90 43
91 50 97
38 82 48
0 40 88
49 73 54
21 31 58
15 49 43
30 35 3
1 84 6
17 44 74
77 50 88
77 84 60
72 17 49
77 79 18
39 46 5
5 79 60
20 37 2
0 19 10
63 37 26
77 78 35
80 42 24
76 1 5
85 5 65
83 46 54
0 39 79
86 59 1
3 95 38
58 7 26
91 42 89
91 32 83
66 60 33
28 21 8
7 23 65
71 89 58
85 5 45
41 32 36
93 13 9
31 65 85
92 25 72
35 11 71
43 85 71
34 21 87
63 49 32
29 95 87
37 78 71
76 59 12
87 39 35
9 88 24
9 91 100
33 16 76
62 51 39
11 61 5
55 28 19
81 20 66
83 7 12
95 44 12
0 52 10
55 31 75
85 33 40
69 39 57
95 16 90
42 50 86
31 38 28
96 24 72
25 84 81
23 30 77
90 8 35
67 1 11
35 78 43
80 31 71
17 57 99
86 69 40
3 12 2
26 22 40
62 55 29
22 79 34
46 72 62
54 7 52
91 64 35
49 33 31
97 41 10
9 57 4
55 36 15
67 36 80
73 99 31
85 73 73
35 5 57
14 51 52
32 66 84
17 99 58
96 12 4
92 17 59
71 19 32
93 70 58
99 73 58
58 45 9
49 76 97
87 3 10
1 27 79
58 82 26
75 81 81
6 42 58
49 38 45
62 76 44
1 72 35
77 18 95
75 1 78
52 98 92
24 22 91
72 59 29
42 16 6
86 5 12
47 61 96
99 77 62
51 82 99
30 93 82
58 74 80
36 79 54
1 97 99
27 36 10
60 20 34
59 65 11
58 36 25
32 44 61
29 7 12
93 16 13
41 30 41
58 74 85
56 62 39
26 13 28
20 12 66
45 38 61
60 16 73
68 22 34
73 24 46
64 21 10
64 90 93
80 17 76
76 25 41
49 28 1
66 3 14
61 26 13
93 24 82
68 90 17
73 38 46
49 44 37
9 85 36
20 36 41
79 96 61
8 31 85
62 64 97
20 53 6
22 17 99
99 17 55
29 67 6
65 67 59
34 4 68
22 35 6
60 40 38
57 47 34
93 48 47
70 40 36
25 48 28
8 94 27
83 63 62
30 89 88
2 6 97
63 90 8
93 18 12
53 60 59
77 91 18
81 11 20
73 83 21
41 56 34
59 19 12
58 42 45
11 59 60
63 57 70
14 93 10
27 8 21
3 16 34
18 85 75
38 77 24
89 15 5
60 59 84
8 38 21
87 14 51
51 79 21
70 59 46
87 63 57
64 35 92
94 12 4
60 65 2
1 23 41
30 14 90
59 57 72
72 19 10
71 73 86
31 77 75
4 25 7
35 81 69
92 95 93
10 33 61
22 36 25
44 96 52
1 93 42
2 55 26
19 48 63
82 81 11
5 4 56
26 89 62
25 37 60
3 78 23
41 72 45
48 15 54
6 70 18
37 39 40
45 30 95
45 43 11
23 51 89
63 42 27
40 21 99
24 28 35
57 72 38
76 58 27
95 3 97
36 37 19
71 80 51
4 94 98
89 40 85
20 22 55
11 18 59
45 79 36
13 53 52
15 35 47
19 35 41
99 14 29
65 46 31
43 77 98
10 92 37
26 56 6
24 0 43
47 61 98
88 64 12
24 35 33
56 32 97
33 95 29
51 19 82
95 50 79
46 84 4
79 92 51
28 38 34
69 58 26
19 80 18
86 29 57
42 74 5
43 62 75
43 3 36
48 89 87
65 72 7
81 25 39
9 21 51
95 93 35
60 43 11
36 42 13
39 60 20
34 87 20
90 84 58
67 12 41
85 22 3
36 12 94
75 84 84
46 84 13
37 10 45
61 3 32
36 32 11
72 60 68
16 92 63
61 76 76
60 31 57
13 41 73
73 39 11
81 38 32
68 93 53
57 21 45
22 29 2
25 89 6
58 38 14
45 44 65
64 58 24
39 20 74
59 91 44
7 66 8
73 10 25
86 55 80
28 96 84
56 3 80
93 50 45
55 77 16
31 92 7
25 43 56
23 87 19
9 45 83
35 91 7
20 75 84
33 41 34
56 90 43
9 5 90
3 88 46
15 46 96
75 6 43
5 37 68
11 64 30
25 14 69
95 11 42
6 4 55
98 71 6
75 68 44
33 66 5
23 8 6
70 21 97
2 24 73
69 98 41
47 69 48
49 29 52
22 25 96
57 91 67
43 66 11
78 6 91
26 50 62
73 89 51
23 30 25
96 2 77
73 55 66
76 31 52
71 18 70
59 68 68
12 81 54
12 58 57
76 4 93
48 5 9
8 0 16
7 12 41
40 38 33
1 41 3
6 90 7
85 29 57
91 40 96
44 64 83
13 10 64
63 53 79
75 8 35
66 68 99
37 6 95
46 15 68
39 11 69
76 58 29
30 68 87
5 50 83
41 5 6
71 74 68
11 73 14
85 27 89
86 31 72
37 43 10
14 32 41
47 11 5
58 90 89
7 68 20
57 24 96
21 0 65
21 68 23
56 97 62
47 12 14
2 71 83
20 34 86
39 54 27
2 39 80
99 67 65
9 16 36
84 0 10
32 73 73
82 41 16
12 89 31
44 41 8
8 72 34
85 35 36
43 48 35
12 41 57
23 41 7
25 52 1
82 17 59
37 75 94
8 6 58
27 84 47
30 97 55
63 9 77
26 57 71
81 69 28
23 80 61
36 77 16
89 35 14
70 58 47
62 37 93
70 61 68
41 80 14
30 26 68
81 76 58
13 55 66
15 8 3
48 77 79
92 8 70
86 54 40
0 54 3
14 16 71
92 32 29
50 85 54
28 89 85
44 43 71
34 80 87
59 26 49
32 94 79
42 9 9
21 58 65
62 22 97
0 74 66
91 99 19
42 90 43
48 11 47
49 89 4
50 5 66
86 55 80
46 43 84
48 41 67
68 66 99
73 51 42
94 69 69
28 46 5
49 55 53
70 50 13
19 55 1
77 65 60
34 48 49
3 89 59
53 32 84
89 77 26
16 31 92
4 25 25
99 27 32
32 77 42
69 98 63
84 44 73
12 48 21
25 93 99
23 68 82
64 47 88
8 46 38
92 40 59
53 96 66
7 26 12
32 11 31
20 34 65
39 18 93
62 57 84
65 24 81
5 0 70
3 66 76
62 11 60
25 6 75
42 56 34
51 43 25
81 18 47
85 82 70
86 99 74
87 22 76
66 98 6
78 40 25
64 78 60
94 29 36
28 0 4
67 55 19
29 21 67
21 44 98
18 31 29
65 13 76
94 56 24
80 37 20
13 33 88
29 63 4
60 85 55
16 75 56
75 47 81
68 11 55
81 3 77
59 29 25
65 51 100
41 99 74
41 84 32
39 4 24
48 88 12
99 38 51
25 44 1
74 53 41
52 1 68
99 97 59
0 66 31
39 5 76
90 43 37
4 80 74
12 18 94
10 31 63
92 37 48
94 50 89
79 45 49
