99 88 6
33 15 76
10 17 9
82 98 99
67 15 52
58 1 8
51 86 7
4 62 50
36 42 27
62 2 36
29 55 54
31 54 81
50 83 54
48 57 92
0 66 30
72 82 90
96 61 19
6 92 14
25 23 43
68 79 49
88 1 55
8 24 23
74 23 22
45 58 63
43 63 65
73 11 42
93 61 78
46 88 39
15 96 90
59 55 47
38 68 1
83 34 15
1 38 23
45 80 74
58 44 36
57 52 36
14 56 1
37 85 75
32 90 56
38 11 33
33 4 43
75 77 9
77 45 36
94 69 28
19 89 55
18 25 46
18 90 18
89 56 23
17 83 38
8 34 46
37 0 98
12 53 89
46 39 82
38 61 45
85 43 76
32 15 1
2 54 40
50 70 58
7 65 56
45 21 51
90 8 28
27 20 50
82 19 31
62 7 99
36 6 29
36 98 92
59 21 1
10 80 23
93 2 50
11 16 32
96 92 64
39 29 4
14 79 42
32 35 77
43 55 44
66 39 52
46 97 58
28 11 83
67 48 45
22 43 1
21 18 77
66 56 25
20 58 83
22 84 86
41 39 1
42 53 13
77 80 97
78 53 51
18 90 75
89 50 47
0 65 62
37 69 84
85 18 4
7 33 68
85 35 5
21 14 47
63 29 24
75 45 26
44 78 3
17 23 14
80 70 73
97 58 26
89 84 51
17 82 60
63 58 59
9 8 82
10 51 38
36 86 32
52 76 82
20 67 57
16 44 47
32 24 78
9 79 86
59 93 79
84 92 43
89 1 11
39 91 90
98 42 85
66 0 23
36 40 33
2 23 26
76 70 97
2 78 27
95 54 26
37 54 66
47 35 76
17 8 35
17 41 88
59 98 91
99 71 19
66 26 53
30 93 87
79 42 5
0 19 89
86 7 8
27 50 54
50 32 71
36 68 2
18 60 3
92 44 58
51 55 44
61 98 71
48 92 88
16 33 21
13 12 8
20 90 33
67 5 24
68 20 6
40 46 9
8 92 99
67 40 27
38 95 93
66 79 55
37 43 79
90 10 64
17 15 7
62 42 22
16 5 64
91 75 27
93 63 73
24 80 86
42 76 20
68 12 68
73 38 66
20 91 90
29 54 57
14 92 16
20 99 35
33 17 7
78 86 26
32 63 68
61 80 30
57 78 29
44 23 60
46 53 65
59 52 27
54 17 87
91 93 83
30 34 83
62 94 20
76 23 35
51 12 28
81 11 26
44 98 63
22 19 41
43 53 44
50 16 63
84 90 78
72 5 77
45 5 31
63 36 85
18 93 39
16 84 29
63 84 30
46 92 94
12 21 66
89 26 61
69 42 22
17 4 21
20 83 84
13 52 94
23 14 15
70 8 71
66 12 2
58 16 54
18 44 62
28 86 63
77 62 16
16 46 91
31 54 29
39 50 44
67 10 53
64 70 36
71 55 50
67 25 98
61 50 77
87 90 55
86 29 23
5 25 63
81 44 48
66 55 35
50 87 13
12 79 52
60 98 57
79 48 53
60 29 98
87 71 17
25 95 69
80 55 44
24 25 5
75 47 91
16 51 70
59 26 61
28 88 47
40 77 98
13 91 55
62 66 62
39 80 88
75 33 4
74 77 21
51 27 28
8 82 66
29 0 77
78 97 82
47 24 8
89 99 54
87 50 16
85 40 76
80 4 62
45 14 30
71 57 64
44 61 35
84 85 14
69 54 59
81 48 49
99 71 31
44 22 87
0 29 18
15 32 2
77 72 79
1 64 8
95 26 16
75 59 62
67 33 49
60 24 15
17 24 30
64 25 20
31 35 85
47 33 70
73 53 38
27 30 5
65 69 14
10 14 54
8 74 83
20 67 60
88 52 35
24 21 62
86 77 27
39 74 72
96 57 73
36 2 27
62 34 58
94 50 43
82 7 90
5 66 2
23 59 100
39 25 57
47 30 14
84 0 98
63 98 52
50 22 15
67 91 58
37 39 61
75 18 37
10 74 71
28 2 69
88 27 33
73 71 5
30 78 70
90 93 91
7 25 81
18 71 37
65 71 79
16 92 53
46 9 49
7 0 47
97 2 86
79 35 27
24 15 1
45 6 41
32 20 68
10 30 20
40 61 98
68 55 79
53 82 27
21 90 71
1 60 37
41 50 60
18 69 59
27 84 48
18 41 80
10 57 31
52 67 22
93 22 89
62 30 55
3 74 2
56 87 56
58 75 79
4 60 83
12 87 80
50 55 25
49 41 77
86 82 82
33 38 26
22 2 98
11 70 52
28 25 52
55 84 11
47 36 45
30 15 91
26 92 11
17 34 56
70 35 15
44 89 12
15 19 38
17 25 80
30 72 75
10 82 83
93 73 44
31 95 19
25 23 28
16 55 67
18 72 73
75 98 75
11 4 57
70 28 31
82 9 83
45 10 88
17 48 90
23 85 68
91 80 66
9 76 13
39 32 43
79 97 60
97 89 26
32 85 44
26 77 80
52 98 19
30 69 73
80 37 10
67 60 35
71 18 91
6 60 5
65 56 93
52 57 42
61 9 73
74 92 56
13 88 90
49 11 5
71 92 24
0 77 35
58 42 20
61 94 53
72 19 76
14 20 46
74 91 95
84 30 32
73 60 4
54 41 41
28 71 74
32 5 68
87 94 99
89 21 97
83 96 52
11 4 56
6 53 10
9 28 30
24 80 46
88 83 90
34 15 19
82 88 61
17 69 26
95 11 34
80 69 92
42 43 99
60 70 7
35 56 56
22 90 70
9 76 84
36 92 38
6 56 24
63 29 21
24 38 73
40 28 1
84 34 16
74 18 70
69 53 92
75 4 95
5 65 51
23 49 56
56 30 66
25 17 52
50 21 81
25 10 4
41 38 8
22 6 51
68 28 40
59 42 33
5 19 84
80 79 70
7 28 97
9 3 68
56 3 4
93 34 5
33 80 84
5 48 18
8 85 93
74 56 31
38 45 78
72 88 3
53 34 73
54 64 75
29 22 81
35 92 81
34 73 98
41 12 79
46 63 58
37 45 35
24 72 6
78 73 71
24 23 11
3 40 79
46 40 76
52 16 29
86 78 36
14 81 80
39 60 86
2 40 29
4 51 44
1 3 82
32 70 43
96 59 64
79 12 77
45 9 55
34 73 9
42 69 66
2 19 57
92 46 69
25 15 79
15 24 69
22 56 76
14 87 25
92 19 79
23 42 81
78 45 42
71 98 54
73 67 58
24 26 81
48 61 6
98 60 83
61 65 17
3 61 32
7 18 67
14 68 53
69 92 13
92 5 34
49 82 80
56 63 87
39 19 52
58 16 46
49 98 82
49 36 33
83 29 79
0 19 70
90 63 33
54 21 68
22 68 88
14 32 48
65 78 63
0 43 54
71 43 66
0 15 88
21 68 1
15 18 26
99 74 16
40 71 95
42 48 32
99 97 68
39 27 6
55 68 55
80 89 63
68 97 31
12 51 51
21 20 13
86 34 85
86 49 25
1 66 18
39 6 43
10 57 54
73 11 55
22 33 61
15 45 71
48 11 24
62 96 23
0 75 66
51 9 78
32 17 2
35 28 40
98 30 74
89 95 82
47 38 98
24 48 92
42 93 69
48 92 76
70 34 10
24 29 26
40 97 56
47 7 41
48 66 19
97 18 70
29 77 19
51 35 32
55 94 16
96 79 65
63 15 70
64 21 99
82 24 35
12 29 48
95 84 24
58 14 8
17 59 18
38 99 11
26 43 94
88 94 6
25 74 54
79 80 73
81 15 61
31 63 62
24 72 88
52 2 92
26 95 30
57 37 17
38 90 83
97 73 87
40 45 55
39 61 57
51 92 24
19 97 11
67 47 48
92 62 9
30 28 48
81 39 58
10 31 44
92 63 9
84 32 11
55 14 47
28 61 58
17 20 43
39 91 68
7 74 15
45 12 52
6 76 88
86 20 73
87 90 60
42 46 39
66 91 79
61 15 45
48 43 9
56 85 6
9 26 13
82 33 93
80 45 65
73 35 76
10 23 6
7 87 31
52 73 89
86 52 81
83 79 80
96 91 55
38 10 66
16 11 12
43 71 38
89 7 44
25 78 48
86 63 39
49 31 86
4 94 55
72 93 35
65 14 46
83 79 28
40 1 46
64 0 43
74 93 6
34 17 72
74 67 35
67 12 17
58 90 90
84 40 84
13 98 9
66 85 93
56 39 19
84 46 24
14 11 73
10 38 2
83 23 16
94 3 25
99 85 91
7 72 99
24 91 46
13 86 100
57 81 95
62 84 28
74 59 89
86 3 96
81 45 35
65 90 45
45 30 97
59 23 5
91 95 94
37 79 92
30 4 81
32 28 73
17 97 58
73 67 48
53 92 9
33 32 84
71 56 29
86 55 91
77 88 44
93 6 90
39 56 92
83 56 94
85 71 24
20 12 52
6 14 91
13 90 100
51 85 89
91 58 70
55 89 69
86 2 98
9 61 26
69 77 5
84 90 2
88 2 66
2 67 53
23 18 48
47 57 94
70 15 77
8 17 67
63 36 64
85 22 30
94 68 22
83 49 39
6 43 69
51 64 52
18 81 62
69 4 63
39 82 17
72 78 35
9 16 23
0 81 67
9 7 30
49 61 6
84 67 30
53 8 56
68 56 59
6 14 21
30 14 55
68 72 43
30 37 47
4 61 72
54 24 12
9 18 70
70 6 44
90 31 36
96 11 3
77 13 28
48 37 77
18 73 6
95 36 12
54 76 78
79 80 80
84 90 62
66 55 40
78 27 90
20 89 67
78 74 88
13 56 7
50 59 80
30 62 26
59 2 99
44 99 10
76 68 3
72 77 65
39 29 63
20 54 49
39 12 5
99 66 33
96 41 30
30 35 83
10 98 29
5 51 98
38 51 31
48 46 72
68 93 14
28 66 3
42 71 34
78 58 63
61 32 34
99 37 58
32 61 12
42 0 71
63 72 92
32 83 94
0 89 34
84 90 40
37 81 45
58 31 39
75 67 42
2 93 30
37 77 51
14 33 70
50 35 46
48 9 98
90 66 48
89 82 39
25 67 72
5 6 9
97 87 52
89 29 87
0 84 8
29 7 63
17 95 37
34 24 86
20 86 5
78 52 69
14 62 99
28 34 98
54 77 4
98 18 70
5 76 25
31 62 59
17 48 59
3 47 71
30 0 98
78 5 32
11 40 17
4 21 2
19 67 30
77 21 46
49 83 52
48 55 43
82 39 88
89 11 72
3 70 58
75 34 69
67 36 56
6 69 88
71 16 94
35 28 68
92 51 43
12 38 71
61 51 21
86 65 95
89 80 99
43 50 71
62 21 44
43 59 56
12 83 3
13 1 68
6 22 99
44 95 56
26 45 9
8 58 37
28 60 59
30 45 60
53 78 54
61 20 52
14 71 79
45 1 18
29 95 45
8 51 77
46 85 32
44 28 48
96 19 42
7 51 33
2 61 11
96 68 33
32 9 100
30 81 79
25 1 23
89 93 71
44 68 71
17 15 52
96 79 88
82 77 81
70 55 73
81 44 20
38 37 17
49 23 33
44 17 3
21 48 67
69 12 89
91 52 2
84 37 92
52 38 95
67 31 29
23 30 43
3 87 54
96 8 24
72 21 58
54 23 57
35 38 85
71 91 91
35 5 13
75 38 19
70 48 36
93 95 100
98 32 53
27 43 84
34 8 6
36 5 38
82 47 13
34 57 39
75 61 99
9 17 24
53 90 7
48 65 46
25 92 1
26 51 57
67 75 48
13 0 62
47 16 61
20 10 40
40 53 21
40 87 1
46 80 18
78 58 43
8 99 68
62 24 54
19 85 47
3 10 30
82 97 88
19 41 95
74 40 47
18 68 33
77 61 81
0 2 88
35 36 70
49 14 91
70 30 66
30 28 99
11 99 44
96 6 84
18 92 49
91 81 73
96 10 1
20 89 70
36 72 65
15 63 59
58 59 59
37 15 60
84 2 59
39 79 54
38 67 76
16 58 59
87 4 92
22 35 2
82 25 29
49 73 39
87 77 7
60 56 52
63 95 46
82 29 27
72 69 10
23 20 96
24 82 85
45 80 19
40 99 43
44 7 35
23 88 20
32 67 25
10 32 24
25 76 69
86 44 43
22 43 68
5 54 38
56 55 91
27 98 41
23 7 42
69 76 47
55 53 27
16 90 37
79 18 93
83 4 29
98 26 66
41 26 57
48 17 64
82 7 9
15 7 92
32 55 1
2 77 56
5 40 94
34 44 3
17 83 15
30 1 31
56 99 45
48 27 45
73 81 81
91 10 21
20 44 7
58 67 54
18 9 29
80 16 17
1 67 45
60 37 10
44 37 46
71 24 40
31 0 48
52 94 75
82 6 79
47 55 68
79 43 3
89 78 22
43 57 45
22 27 56
48 95 86
75 96 30
57 48 41
54 97 100
23 12 13
44 34 32
77 0 8
2 72 19
15 46 85
55 20 6
37 13 68
10 72 30
90 82 35
25 62 76
50 5 24
74 28 20
61 34 68
10 67 54
73 96 56
64 94 100
6 18 32
22 50 47
6 61 23
9 28 43
92 31 27
4 11 48
5 26 94
6 9 23
32 29 93
68 97 20
5 65 22
80 16 86
52 1 98
25 48 91
70 35 13
30 57 60
6 51 20
74 11 90
87 58 62
33 95 19
51 94 10
2 85 41
53 94 100
77 63 4
49 57 42
38 69 16
16 90 18
55 80 79
3 91 82
48 55 90
60 61 41
22 19 61
51 29 27
87 33 28
23 52 93
39 77 67
34 20 82
73 23 63
70 31 49
50 91 35
41 85 16
22 63 73
21 0 27
59 6 50
19 91 26
45 22 68
17 1 98
59 82 69
24 56 23
9 12 73
22 82 12
49 26 85
17 41 82
63 95 83
34 50 39
49 45 54
46 77 60
63 56 21
66 14 30
41 79 44
34 74 54
6 62 31
31 91 88
84 22 92
65 78 55
50 68 6
55 23 34
70 60 6
80 57 94
21 25 63
74 41 30
0 48 30
3 18 30
3 0 49
90 88 1
45 4 35
94 60 58
26 24 28
75 41 37
11 64 50
66 75 69
7 42 8
18 61 30
20 91 95
84 71 71
73 67 73
5 80 70
67 81 66
61 86 1
79 99 61
71 0 94
89 32 79
23 62 95
61 99 42
36 80 66
4 85 65
44 35 81
85 46 8
9 23 66
41 12 51
79 45 35
78 0 2
60 88 98
21 63 54
65 85 23
53 43 18
17 43 38
13 14 100
52 98 9
91 98 91
72 22 72
48 45 49
74 19 13
39 62 38
0 22 80
99 89 46
9 16 25
96 16 92
31 89 74
59 5 34
86 31 37
31 54 16
53 98 80
90 6 41
79 93 80
19 97 97
18 35 78
24 16 56
53 13 99
54 39 72
38 98 90
57 87 97
83 5 65
38 35 36
87 43 64
52 7 2
48 87 33
45 85 98
79 23 31
62 3 85
83 80 55
54 37 4
42 59 24
42 47 3
35 58 30
0 31 77
4 35 24
66 80 26
70 75 73
32 89 40
31 93 30
48 5 52
16 2 85
98 2 31
38 18 35
54 96 27
12 21 50
73 75 79
50 17 60
82 90 68
69 36 82
30 88 50
35 87 2
50 66 88
55 42 54
45 0 17
63 72 22
48 20 95
18 93 84
74 15 88
91 7 37
82 48 15
69 15 47
60 98 40
0 48 41
85 83 74
24 87 7
3 73 65
35 82 37
97 84 18
12 62 69
69 4 39
97 33 92
27 23 83
83 4 75
23 90 33
89 14 86
79 86 20
74 17 56
15 37 32
88 61 80
15 11 94
36 80 95
58 32 35
94 42 49
36 65 98
67 47 71
2 72 1
9 74 20
91 43 92
88 3 80
22 39 11
95 18 16
49 50 25
74 56 57
92 99 37
61 70 28
7 26 55
32 78 2
33 20 27
0 80 15
12 85 41
76 10 74
61 26 81
83 93 99
33 64 73
90 52 47
69 30 27
42 20 28
72 15 9
65 6 22
61 7 88
70 38 84
73 0 58
72 22 77
43 61 42
99 67 10
74 64 88
4 37 54
46 66 99
92 67 43
71 86 43
15 11 87
41 74 11
49 62 44
50 37 76
6 96 77
68 90 6
75 88 79
41 12 80
88 97 71
89 39 10
76 80 58
33 45 74
63 1 48
0 1 81
45 53 42
62 23 84
70 7 31
56 51 45
10 96 40
81 30 92
21 88 59
86 53 5
46 62 61
2 8 63
14 98 5
50 44 22
73 72 65
35 55 31
76 56 33
20 1 4
77 91 21
84 76 2
25 75 25
79 29 52
21 83 79
50 22 6
40 49 46
38 26 61
0 53 16
41 71 20
5 83 72
57 50 92
59 91 52
2 62 16
34 73 68
64 46 10
15 19 41
7 37 71
71 85 36
15 1 58
91 22 58
0 91 93
79 17 81
3 20 86
72 37 73
42 93 54
6 74 91
73 57 76
25 46 35
0 45 87
5 43 25
24 72 55
69 35 15
29 23 57
14 93 88
15 93 8
5 80 87
88 36 31
13 14 18
78 50 38
1 22 21
20 4 71
38 39 100
39 54 21
85 71 67
34 74 67
96 97 2
6 10 78
96 47 11
23 30 58
11 70 10
86 11 49
69 29 2
24 30 14
43 84 67
48 21 76
87 83 44
12 52 12
78 23 99
66 3 75
23 96 34
5 67 42
49 39 61
80 71 53
44 75 89
7 65 31
7 57 94
38 37 90
95 98 71
15 94 45
85 96 70
14 76 48
97 89 99
66 64 57
98 25 88
38 37 21
11 93 76
40 52 44
3 59 35
75 1 46
89 58 83
80 68 97
68 4 63
57 51 65
98 92 20
89 22 4
19 52 25
58 3 57
92 3 92
30 56 44
25 9 22
22 18 27
36 17 21
4 55 86
51 1 43
81 6 86
29 0 2
17 35 6
62 40 58
60 21 47
46 66 18
62 0 78
8 34 97
46 78 31
62 69 8
10 56 87
67 77 90
95 88 7
5 13 96
62 4 32
31 92 53
83 64 10
69 8 13
77 45 31
64 96 65
4 58 75
91 52 63
60 28 51
67 91 90
95 60 9
95 69 49
59 26 24
47 14 77
21 99 43
70 86 89
40 6 77
12 73 16
79 19 24
88 99 99
61 13 55
31 99 25
36 25 48
91 53 71
45 41 51
64 53 29
82 0 59
47 12 47
43 94 94
13 87 32
24 74 56
23 47 34
51 30 42
32 21 44
69 22 26
76 30 8
30 91 82
41 76 88
76 31 90
98 85 51
25 79 44
82 73 68
57 58 84
5 93 6
0 84 34
1 88 83
36 37 63
54 11 8
84 78 69
16 14 89
33 8 49
83 98 24
95 54 38
23 28 46
70 27 21
88 2 24
24 54 55
65 24 3
21 90 20
48 28 33
58 43 3
33 91 28
71 24 79
60 54 27
66 31 91
54 13 84
43 26 82
95 62 73
5 87 88
58 77 19
88 3 87
88 79 48
61 84 82
89 1 62
97 67 26
13 67 51
56 39 7
17 73 100
38 77 88
24 60 92
94 87 25
2 49 60
80 63 72
12 63 16
48 76 46
48 53 74
63 69 5
14 11 21
23 5 34
81 20 95
37 61 27
50 20 37
43 63 55
53 41 44
89 28 95
55 4 58
82 17 37
81 88 20
18 70 79
23 99 20
57 89 73
92 37 73
70 88 90
37 17 15
38 64 49
40 74 47
86 66 53
24 9 53
35 49 30
23 56 16
75 41 78
40 95 22
87 49 20
61 37 17
35 84 8
94 23 37
74 11 77
4 15 51
59 16 66
26 43 54
69 99 43
81 21 89
8 5 46
53 96 86
82 8 44
81 72 61
42 60 41
78 88 92
63 82 32
13 2 95
89 10 32
94 99 16
97 30 26
55 85 90
75 88 90
68 93 99
45 24 75
89 36 27
60 58 2
75 0 24
96 92 60
64 60 85
43 55 35
37 99 26
68 21 100
58 93 30
44 50 84
37 71 55
39 91 39
79 63 32
74 7 2
8 66 17
95 13 74
90 88 63
6 21 72
6 49 21
28 34 3
15 56 20
63 23 10
50 91 29
63 73 19
52 57 32
52 94 22
53 37 99
43 84 87
44 41 91
48 21 77
68 57 72
90 52 41
89 35 76
98 72 6
12 10 34
45 62 29
52 56 59
54 93 84
69 86 51
69 10 78
11 91 64
4 66 35
50 73 98
70 0 59
59 78 82
5 69 4
67 73 87
97 47 63
85 49 39
34 55 7
49 88 26
94 55 99
99 56 69
98 1 21
16 37 40
10 58 26
80 9 52
41 43 14
67 59 62
20 1 35
43 82 65
61 21 64
87 77 98
30 27 24
2 61 33
2 44 97
36 4 38
94 0 36
79 87 14
80 0 85
39 56 48
38 78 37
97 2 87
55 20 30
37 58 14
16 85 52
96 11 21
91 45 41
94 91 79
95 85 51
63 8 53
58 32 90
24 20 26
79 13 42
76 48 65
96 9 72
34 90 31
47 64 78
11 89 76
13 64 27
28 85 59
50 44 88
4 36 50
2 98 39
96 12 78
7 23 49
11 36 46
98 58 66
78 20 37
75 33 74
89 51 93
68 48 93
86 3 66
6 97 26
12 23 88
15 56 100
79 11 15
89 36 8
45 32 70
69 67 77
73 36 46
19 28 33
18 8 12
90 78 100
36 95 47
97 93 67
83 80 80
65 99 37
24 1 82
33 74 4
69 89 72
56 41 14
65 48 64
96 27 73
10 20 56
17 85 99
0 61 100
80 31 78
73 66 46
16 3 16
63 64 63
74 19 56
47 41 54
45 63 90
90 89 76
92 61 15
68 56 23
41 56 82
27 4 62
95 83 82
95 50 11
5 20 16
37 48 77
84 99 60
28 11 77
18 7 28
94 92 21
69 8 77
7 67 93
50 71 44
85 95 30
7 35 78
10 96 29
11 16 46
63 30 52
18 4 3
64 90 99
84 56 88
65 0 67
9 89 3
42 54 82
89 49 2
24 62 59
61 85 61
96 17 62
77 59 15
47 21 14
73 6 14
29 43 40
8 66 8
14 9 51
8 33 46
39 37 68
49 80 86
44 12 59
67 14 22
13 99 46
83 78 16
17 28 91
17 16 5
32 62 12
51 24 62
89 39 89
62 19 30
93 6 37
45 23 8
97 37 65
76 86 53
78 52 16
85 48 70
77 76 3
29 69 60
12 88 80
21 34 13
81 52 62
94 7 14
4 14 4
34 90 68
33 36 88
12 61 32
34 23 75
56 78 78
55 10 38
47 49 57
58 88 57
11 51 32
3 43 52
59 50 53
95 3 20
28 72 21
74 28 26
11 6 13
50 29 98
24 72 97
48 89 10
49 28 22
20 59 54
87 18 52
56 99 57
51 88 91
93 56 3
53 24 74
79 77 21
33 4 57
20 45 1
47 73 97
61 67 44
99 0 82
47 45 94
30 64 65
44 4 71
39 21 78
80 65 56
54 34 95
19 59 23
88 25 47
24 76 16
37 45 96
26 17 61
50 15 14
72 98 16
21 19 94
16 94 38
74 83 76
38 27 83
64 45 87
54 70 33
73 99 83
61 67 2
56 60 54
84 18 73
66 60 2
72 51 59
36 14 51
74 12 15
5 9 90
22 31 46
59 87 29
72 67 93
47 94 94
46 54 44
67 47 11
48 69 74
88 51 94
59 11 67
1 96 96
85 23 9
51 16 22
23 76 100
92 21 72
25 7 9
66 0 94
53 6 76
19 2 37
80 55 98
62 13 35
87 1 30
37 92 99
11 45 95
78 38 41
89 7 79
80 41 61
72 67 56
92 61 78
23 40 77
26 84 13
76 92 35
8 17 58
25 84 29
89 62 74
99 24 44
31 60 24
68 88 99
30 69 68
25 94 57
91 79 57
15 91 56
54 63 56
30 84 13
1 5 40
49 61 71
0 8 99
52 97 4
3 10 39
30 71 94
77 33 39
29 23 100
52 29 96
9 31 56
10 4 25
0 14 14
67 61 8
64 58 79
36 21 2
5 74 44
95 91 90
78 92 96
23 63 40
80 25 89
51 64 83
6 11 16
54 20 75
94 10 51
61 2 51
98 12 2
71 51 10
20 71 60
69 84 35
0 7 11
96 23 40
5 85 11
40 2 17
61 59 77
37 86 25
92 49 78
59 92 34
71 19 52
64 25 91
92 26 74
10 28 51
92 96 56
34 59 77
35 30 37
25 92 88
45 63 36
39 60 72
98 43 15
54 66 78
62 94 84
79 23 32
6 8 79
42 45 15
9 40 5
30 56 98
12 93 24
54 84 28
50 70 70
62 25 20
75 8 32
74 50 23
41 25 80
83 5 20
91 77 71
54 22 48
67 62 35
22 99 14
79 70 88
99 59 3
47 32 8
35 33 30
24 39 77
78 88 83
33 58 23
75 83 2
57 12 73
41 52 74
76 96 75
43 75 24
46 97 95
93 77 91
24 2 99
71 64 46
37 2 57
17 95 7
11 5 65
95 48 79
93 27 40
62 32 83
41 98 56
47 61 84
90 23 91
66 30 84
8 58 25
36 47 93
13 39 59
21 28 21
81 12 74
90 70 71
61 8 99
18 57 81
20 27 96
37 99 95
12 80 63
23 67 8
74 47 72
77 31 79
17 27 56
39 9 33
84 28 89
65 45 28
80 73 3
14 98 61
93 72 10
86 63 71
59 70 72
63 77 73
76 28 25
51 55 22
25 51 81
81 65 43
83 50 29
51 20 22
20 24 21
5 14 37
59 38 81
38 91 31
58 36 36
16 35 30
5 52 10
58 24 93
34 26 78
40 5 14
15 97 8
46 76 17
56 11 83
94 22 36
87 93 59
58 85 17
35 32 53
74 56 94
41 19 33
32 9 68
33 0 81
3 94 92
64 31 91
39 98 15
3 87 68
93 19 80
63 39 100
32 47 68
58 90 66
96 25 9
30 69 54
86 80 9
25 7 3
18 78 20
2 26 58
24 50 24
36 0 19
28 53 54
93 57 85
65 6 9
76 63 13
27 42 44
3 50 44
91 58 99
31 66 15
67 2 58
3 51 100
38 98 28
20 40 16
19 42 83
54 19 23
39 22 2
72 19 71
99 68 67
16 18 60
93 18 90
8 42 8
91 93 97
0 8 57
16 5 80
16 92 53
5 25 19
53 38 28
42 31 74
20 84 36
86 44 73
19 37 80
12 2 35
18 48 27
71 2 34
83 49 79
60 36 44
76 72 49
95 11 32
84 71 77
21 20 29
80 58 4
29 62 67
3 46 75
48 86 85
13 0 49
26 28 19
94 87 73
7 25 76
60 11 25
29 80 91
70 97 78
37 24 55
81 28 100
27 69 50
35 8 83
16 13 47
41 34 64
95 3 38
45 7 99
50 67 15
86 18 39
36 52 72
89 29 86
79 22 91
82 59 50
65 32 6
5 72 40
68 65 2
89 81 32
30 9 29
49 88 94
17 52 92
49 65 47
44 29 82
35 31 36
37 57 89
35 87 22
44 88 88
58 34 82
88 57 62
88 32 67
42 22 89
19 46 1
3 43 41
22 60 64
85 47 46
81 30 25
3 81 41
2 32 62
75 83 89
84 40 22
3 19 21
99 58 45
82 9 25
37 86 44
0 18 74
25 81 8
81 62 37
0 57 32
23 94 11
20 91 36
81 30 78
55 62 45
51 78 20
46 18 1
44 51 80
18 50 15
53 6 15
34 3 26
60 24 2
49 75 77
39 27 13
6 85 77
99 0 36
68 55 37
4 66 72
27 25 44
59 69 47
79 14 55
56 81 64
30 54 81
4 44 41
84 10 68
85 55 80
86 29 20
16 42 66
24 7 14
17 22 99
94 83 10
83 88 94
82 35 99
55 76 67
77 4 25
8 73 4
93 46 2
47 79 85
32 6 28
72 99 36
4 97 66
67 69 98
94 9 8
25 12 20
27 94 33
68 65 86
41 85 20
32 23 50
97 33 7
17 58 93
19 98 86
9 24 9
46 60 69
27 88 14
35 45 44
32 2 93
43 33 41
8 29 7
46 68 47
5 85 89
41 93 18
75 69 31
57 92 18
85 2 57
45 50 42
47 14 34
2 83 42
36 31 71
62 43 71
24 80 2
75 29 18
11 70 66
23 91 63
89 85 88
43 96 54
58 25 77
20 0 63
46 85 22
33 80 19
39 17 45
36 21 63
15 97 5
10 45 94
62 89 2
31 94 48
61 34 56
0 83 21
89 70 17
46 58 87
66 46 19
1 29 59
13 45 31
46 18 54
22 18 62
81 55 74
19 15 23
14 4 59
78 56 61
98 31 66
30 48 78
61 82 31
54 96 41
29 79 5
70 97 86
5 86 19
82 77 84
61 55 32
87 20 96
58 11 51
30 69 71
3 67 31
36 96 48
83 98 85
35 10 99
76 74 38
80 79 1
79 38 48
37 59 90
38 14 1
11 41 36
59 72 2
20 2 51
83 78 11
20 26 46
28 60 30
71 44 97
22 40 35
50 35 71
22 81 93
72 64 41
54 74 70
15 38 65
53 41 10
57 66 64
49 32 98
83 85 94
53 86 20
46 85 78
99 28 12
64 20 58
92 48 20
97 34 66
79 84 50
80 37 20
57 11 40
27 93 90
16 24 67
13 53 94
60 54 20
96 67 47
26 4 1
75 33 51
58 75 28
51 55 1
86 49 34
64 70 72
56 87 91
40 29 24
64 53 35
34 43 54
64 71 96
69 94 43
92 17 34
22 63 83
91 44 70
75 45 39
6 35 66
71 91 2
33 83 94
82 32 33
43 53 36
51 22 62
32 68 57
36 99 29
62 39 57
81 91 30
5 29 3
7 52 98
59 26 92
5 3 34
86 9 28
18 97 3
68 6 11
2 56 98
12 14 81
16 27 20
6 59 62
29 42 60
31 48 23
40 5 70
91 73 12
20 30 26
1 56 17
98 25 53
54 17 6
29 50 69
55 73 72
16 18 59
39 8 13
1 76 84
77 67 16
51 20 30
10 62 8
57 50 14
61 5 90
60 16 44
91 40 11
95 78 2
82 44 29
17 64 96
0 83 18
19 18 10
4 34 42
48 87 54
75 5 31
1 8 71
63 90 52
91 62 55
71 66 8
75 97 87
90 31 1
68 19 74
14 45 21
69 41 98
77 80 67
0 91 14
5 54 10
8 91 34
7 18 34
87 48 40
83 35 44
12 50 70
10 17 52
62 20 67
0 91 87
58 64 86
53 5 3
29 6 40
59 66 95
94 74 53
21 93 7
37 39 64
23 51 4
37 77 61
46 55 40
28 99 97
53 75 61
44 67 15
30 13 4
31 22 38
96 42 76
88 59 22
92 56 11
8 83 42
20 91 9
10 4 82
8 90 11
95 99 84
8 38 21
87 59 99
36 89 69
36 82 13
50 86 31
3 50 55
21 23 87
66 13 94
64 20 28
15 74 100
37 20 9
64 7 78
98 90 46
4 52 98
58 15 53
86 25 34
22 6 98
61 16 9
45 64 30
97 21 63
88 71 68
40 78 55
30 98 53
67 19 65
92 27 21
99 19 93
46 2 100
55 56 79
7 74 92
67 68 33
75 12 70
44 48 67
91 23 1
10 26 40
86 94 96
53 78 80
22 77 45
89 13 90
84 75 89
76 39 26
65 38 64
92 88 67
49 33 28
51 83 7
87 40 7
50 94 80
26 20 83
1 93 41
68 48 87
66 58 66
26 44 96
89 86 47
69 80 78
9 46 63
74 69 92
55 45 5
9 29 67
1 66 96
14 74 97
36 50 36
26 15 45
70 48 8
37 31 29
20 65 54
51 85 90
32 43 88
6 44 45
19 83 88
54 60 82
10 12 99
45 60 32
7 0 6
30 59 75
99 82 44
60 51 24
98 51 91
38 65 8
34 67 62
18 85 11
40 86 59
53 64 58
84 21 37
74 99 55
89 79 9
82 20 100
77 90 88
30 31 45
93 80 23
89 56 14
23 34 15
0 56 72
8 80 5
88 4 61
97 40 62
74 92 45
41 93 66
84 99 26
32 13 47
6 67 76
59 62 99
71 27 21
1 66 70
24 90 25
79 43 84
99 79 70
79 85 64
99 93 62
54 20 21
78 65 65
59 81 95
12 93 33
87 53 66
57 39 83
90 2 16
54 57 45
36 14 85
3 53 18
94 80 53
7 56 91
30 39 58
3 97 23
25 90 74
72 33 62
74 71 3
29 10 7
75 16 100
47 72 61
86 92 91
93 6 36
25 84 28
84 36 85
46 65 89
2 88 67
50 51 26
45 22 42
42 5 45
27 83 2
88 76 96
23 63 39
37 90 53
64 47 26
1 59 7
25 6 30
26 63 69
60 66 77
4 79 65
19 79 43
53 81 62
80 75 68
43 81 97
79 46 51
16 28 31
71 28 71
16 3 10
99 19 52
21 81 71
49 4 81
3 31 84
7 65 86
90 15 98
72 27 34
35 65 10
29 55 67
39 59 15
32 14 7
30 43 74
52 91 48
43 30 7
19 24 65
52 39 58
69 78 39
99 61 36
90 50 13
88 70 24
97 65 33
81 43 31
8 20 17
56 48 69
11 54 5
76 16 41
9 8 49
86 63 91
93 99 90
41 93 25
70 31 28
72 30 30
68 43 63
37 45 28
61 24 94
11 84 51
41 95 53
58 91 42
11 13 14
86 97 44
4 52 43
1 18 37
75 2 60
5 77 60
84 83 34
55 38 12
77 96 31
80 68 41
71 15 20
52 28 85
3 75 38
76 71 85
12 23 43
53 78 48
46 96 13
61 18 41
11 76 42
49 36 24
4 93 98
11 21 96
2 29 64
62 87 53
87 32 61
3 80 7
79 3 36
31 85 92
38 23 93
95 43 42
85 45 22
98 31 55
39 19 45
10 60 36
80 99 45
89 51 41
69 64 28
79 74 53
60 43 66
81 73 89
12 48 22
81 31 84
82 48 25
82 25 59
71 32 3
91 93 96
55 68 22
99 94 93
86 94 89
48 52 39
54 27 7
94 10 96
81 30 91
21 92 58
61 66 13
73 11 59
66 46 49
65 31 81
56 89 64
3 90 36
71 21 88
71 58 36
71 79 65
46 71 86
79 77 6
96 74 68
33 92 16
58 45 59
80 83 14
72 21 95
29 3 99
3 8 23
33 95 46
78 36 14
37 59 78
28 5 23
70 85 14
87 20 100
18 75 88
39 65 88
9 39 83
56 20 48
16 10 71
10 50 72
36 47 4
40 39 45
95 55 60
44 63 62
93 65 41
93 1 26
11 7 90
22 8 59
82 90 62
7 29 97
26 70 86
9 23 33
83 3 30
52 63 77
47 20 8
28 34 60
14 24 46
12 39 52
51 22 1
59 41 8
74 21 92
60 90 4
71 31 44
27 7 69
91 76 6
10 9 85
64 21 94
45 33 86
94 74 57
3 77 100
37 96 66
37 80 97
97 88 98
20 26 27
36 67 47
84 9 4
19 57 88
96 95 60
49 55 91
91 74 78
70 25 67
75 87 34
58 6 29
12 11 21
28 62 93
69 66 43
31 85 74
20 87 60
52 27 60
23 87 39
98 48 71
22 30 33
78 99 84
34 59 42
30 91 35
41 28 16
36 83 35
50 23 68
14 58 76
21 48 27
34 75 19
49 30 2
14 71 5
32 47 14
83 28 76
97 98 26
95 20 16
45 4 28
5 43 80
89 97 69
80 35 34
62 17 100
58 19 43
31 80 93
41 14 61
87 60 74
50 89 51
84 69 29
91 92 13
84 31 30
70 48 40
80 22 9
85 54 58
24 2 67
34 40 34
61 46 71
98 5 17
24 56 52
43 15 9
25 62 20
40 44 14
10 85 40
32 35 23
7 73 60
33 6 75
34 3 100
76 72 93
3 46 9
69 86 37
35 4 46
61 70 34
65 51 87
62 10 44
8 64 82
3 44 6
52 97 72
36 67 68
22 40 45
91 60 87
8 6 44
53 89 29
66 63 22
16 35 27
85 67 72
92 16 55
68 41 32
41 20 81
61 18 80
29 15 16
55 90 34
22 52 61
33 63 77
53 90 32
25 88 59
40 61 63
72 56 48
76 88 93
87 2 30
42 16 88
18 95 100
54 30 20
62 9 38
66 18 45
79 65 6
70 31 39
16 25 99
90 4 33
44 81 15
30 80 44
69 89 72
41 83 10
34 78 4
76 93 55
18 95 45
66 55 67
77 94 22
69 29 60
64 63 86
24 75 82
33 12 62
8 75 36
15 31 66
19 38 5
44 45 43
74 2 6
82 34 17
91 1 99
9 28 23
66 31 26
60 54 97
83 8 14
82 16 84
1 59 70
1 71 16
9 4 59
40 23 92
32 20 18
34 21 24
5 63 18
16 96 20
93 13 58
87 82 24
80 83 59
73 89 5
83 50 10
30 66 55
60 1 78
89 84 83
50 66 38
22 20 7
58 86 56
45 29 34
4 44 8
39 59 15
79 4 7
69 78 48
40 7 98
25 26 61
75 44 23
69 40 84
38 5 69
36 31 30
16 39 88
21 87 8
70 94 14
26 35 30
7 28 16
89 10 49
64 25 24
63 71 90
0 14 81
95 92 7
76 77 70
67 97 76
47 94 67
83 10 90
81 46 25
77 42 2
93 34 28
28 84 77
74 88 80
25 72 60
64 11 63
63 22 57
66 15 4
21 53 39
31 29 56
2 23 60
29 57 22
55 38 77
96 14 63
91 64 72
45 29 36
39 3 2
43 18 94
23 39 12
95 78 87
79 73 24
39 45 34
66 47 32
75 17 30
49 63 19
28 2 1
2 52 22
50 92 84
20 51 75
23 17 65
76 96 56
39 68 5
8 49 80
19 37 9
63 97 95
58 60 4
24 85 97
33 81 13
11 43 97
60 48 40
74 9 81
31 29 21
97 65 80
41 62 9
39 6 55
31 40 23
74 76 60
72 61 34
60 20 36
58 4 65
85 20 88
57 85 64
85 97 43
16 87 10
0 46 68
56 2 75
76 91 17
43 37 86
83 80 30
90 56 62
54 63 55
48 11 61
80 95 7
14 87 29
70 14 69
30 98 5
51 36 70
1 33 50
39 75 37
30 89 7
77 63 5
52 65 37
74 66 10
40 42 52
9 85 52
11 72 81
93 60 39
64 56 86
26 30 42
3 23 32
99 93 12
65 39 33
36 76 54
80 59 59
7 99 71
47 99 61
29 19 7
37 34 23
71 66 92
77 39 66
72 30 4
93 38 36
47 18 30
63 9 56
27 71 65
76 42 97
1 58 96
6 43 44
46 53 45
43 62 38
68 32 34
82 5 50
75 20 2
63 69 69
34 81 67
64 8 99
2 39 54
89 57 95
65 47 32
87 79 3
51 14 38
83 35 67
93 31 51
82 59 42
17 81 61
53 87 89
88 11 9
45 27 66
71 5 29
51 28 13
6 5 50
73 69 33
19 42 62
7 25 74
43 98 26
64 25 49
77 15 15
65 6 29
31 86 12
97 37 26
21 66 14
26 42 67
7 53 46
72 31 100
13 87 98
58 97 27
67 44 85
75 9 41
85 26 47
49 19 63
74 97 49
98 12 91
56 93 68
44 81 17
88 22 10
8 23 64
92 36 4
81 49 11
7 0 89
49 60 66
6 12 38
59 20 47
27 44 70
9 65 43
36 3 16
64 79 24
31 67 80
65 61 7
48 5 67
1 15 46
44 71 96
38 65 20
86 96 90
13 70 61
45 19 18
79 78 51
61 34 80
16 85 2
25 63 85
67 81 8
71 92 88
34 43 95
6 85 18
11 43 70
92 4 25
83 41 32
98 92 57
51 15 29
38 36 71
97 47 19
56 59 21
92 25 28
23 38 33
29 66 89
96 42 94
50 72 55
63 68 52
61 45 12
61 33 96
55 81 65
64 0 100
55 16 33
61 66 46
7 27 76
8 81 43
27 98 83
99 25 4
64 74 63
94 22 63
7 45 34
87 74 59
55 36 15
68 56 99
90 56 85
24 19 2
70 62 16
39 72 23
54 50 7
14 80 52
79 18 52
98 87 28
6 56 75
46 43 74
94 63 51
7 22 19
76 29 48
23 56 3
47 50 80
54 36 71
91 80 40
95 18 39
19 11 6
42 58 63
13 46 67
18 81 83
64 10 79
18 43 48
52 63 33
1 27 9
27 53 68
19 37 93
24 2 94
92 21 36
90 78 88
87 93 100
39 90 45
92 14 2
23 58 10
70 64 45
61 85 96
28 15 34
0 28 91
77 72 2
15 24 62
11 74 49
51 25 88
91 49 2
47 73 79
23 70 96
53 57 46
20 80 31
37 25 98
21 27 52
96 19 100
73 14 39
9 38 100
44 23 33
12 71 82
55 33 11
98 21 10
78 40 51
9 48 29
33 9 55
8 25 12
73 65 43
30 25 86
48 98 50
14 51 44
15 61 79
48 80 40
29 31 22
18 45 60
81 43 100
33 47 81
82 35 85
85 27 95
78 73 91
40 44 40
30 84 71
38 70 71
89 87 68
23 60 66
59 77 75
52 40 56
92 71 63
37 20 100
3 83 66
61 64 37
15 6 43
38 93 96
56 0 44
43 73 98
75 0 29
71 1 17
21 73 39
53 76 41
94 87 97
38 26 13
91 26 60
10 56 73
97 93 87
30 63 53
21 38 77
54 36 92
71 22 3
94 0 89
69 72 45
3 29 42
39 79 82
17 33 61
65 97 43
1 44 95
3 4 69
89 39 64
0 90 99
28 70 20
82 6 73
21 11 36
74 98 54
54 65 35
54 90 63
63 69 83
89 85 28
17 44 29
28 86 26
29 18 13
78 96 20
11 24 88
41 98 12
80 19 39
56 0 99
29 32 9
53 61 62
58 67 93
63 58 81
11 43 29
55 79 85
45 31 61
78 41 37
30 92 35
85 86 34
28 41 26
96 26 44
81 54 35
79 44 25
46 22 56
73 90 66
56 90 99
75 36 75
63 17 38
6 70 85
62 46 70
46 50 21
19 38 34
78 85 47
95 15 35
23 77 29
47 68 66
14 79 47
3 47 71
52 51 56
79 75 48
96 80 72
23 46 95
58 24 50
5 26 96
9 57 34
5 36 86
95 40 47
48 53 62
54 10 38
62 93 46
7 28 95
45 47 2
29 30 21
75 21 46
89 9 49
3 59 45
69 81 89
10 61 50
15 55 12
2 92 45
15 63 32
97 38 56
93 84 90
73 8 1
23 59 98
61 50 76
23 0 3
29 75 41
42 68 57
97 47 58
18 9 88
52 18 22
66 43 53
95 18 73
2 75 97
50 21 84
49 67 52
81 92 8
37 55 94
88 41 69
44 48 29
4 72 5
59 91 24
44 37 33
42 30 41
82 79 98
59 50 54
93 13 57
47 89 47
33 6 32
59 82 1
30 38 39
62 66 92
78 54 51
41 73 99
30 38 29
14 79 16
48 20 85
87 91 75
41 26 14
62 70 13
35 16 26
9 35 73
9 86 25
72 22 89
83 48 57
48 45 50
73 93 55
18 52 31
60 94 33
51 44 33
31 51 36
29 60 94
61 35 72
27 45 91
72 5 86
67 53 92
72 42 75
17 25 75
8 4 67
69 14 46
39 74 78
43 10 63
7 50 49
94 3 64
65 90 12
16 13 61
34 88 80
93 24 69
28 89 18
93 5 95
79 2 6
46 2 12
70 11 75
44 43 34
30 27 49
42 87 2
74 66 68
11 53 26
17 62 85
18 79 95
5 59 25
3 50 63
28 35 45
63 33 44
66 56 72
37 18 69
12 75 17
97 27 27
16 95 33
19 35 74
45 58 31
86 63 2
67 57 28
52 64 93
32 55 3
28 71 90
7 74 4
8 68 98
79 86 68
63 53 20
45 22 45
34 71 73
94 39 85
80 93 47
28 92 93
78 76 47
46 82 45
79 39 87
51 34 23
5 40 9
22 28 54
24 66 23
92 12 89
31 42 76
84 94 81
76 70 7
72 3 54
29 68 97
24 92 83
37 16 24
67 73 17
39 75 1
25 61 97
29 93 59
51 12 95
96 28 64
93 7 21
99 98 31
56 74 36
45 54 49
32 66 6
17 34 60
83 69 13
70 78 54
7 64 96
74 5 92
15 39 19
93 57 51
43 98 22
1 89 27
79 83 72
48 64 91
74 66 79
94 30 88
39 52 74
86 71 91
65 73 31
72 55 43
74 44 24
82 83 54
12 73 39
97 80 75
0 58 30
84 82 77
31 17 20
42 90 44
42 75 14
32 13 77
45 77 56
96 84 13
78 75 58
25 50 52
60 32 96
44 91 73
57 67 6
28 65 61
52 55 61
82 98 19
64 13 81
27 81 55
2 89 2
65 52 8
87 56 44
54 43 49
17 6 44
67 97 33
86 1 99
11 97 84
63 49 80
73 49 63
95 68 15
61 13 26
46 26 94
84 55 86
78 77 76
74 19 10
77 79 46
3 70 2
21 82 30
34 62 98
33 84 41
35 58 51
56 99 71
70 39 82
9 75 61
94 72 65
73 15 42
56 41 55
2 38 48
98 28 16
76 73 89
10 39 86
76 56 67
85 87 55
25 31 67
21 71 16
72 21 30
13 27 11
19 64 18
79 18 76
78 0 85
5 54 68
11 86 96
59 97 25
25 95 47
48 78 67
60 63 72
67 51 22
4 51 98
33 12 20
17 93 24
17 92 7
77 95 22
97 70 69
82 73 6
62 25 90
59 81 82
13 11 79
86 33 24
72 35 91
30 0 30
26 9 76
42 87 42
62 73 29
46 94 63
75 66 31
18 47 71
62 52 55
38 98 21
99 5 77
0 39 48
15 1 54
70 8 49
72 36 12
54 45 8
64 23 100
8 29 48
56 39 50
47 89 84
98 1 46
14 10 79
31 11 92
6 70 16
82 28 99
32 71 82
73 37 89
39 52 37
47 73 62
61 54 65
50 35 11
22 44 94
40 88 43
59 85 57
56 84 5
20 84 7
25 68 8
33 52 27
41 30 80
10 85 31
97 94 30
28 83 77
24 33 27
24 62 90
30 69 62
2 22 16
81 67 72
99 23 28
36 70 40
48 78 16
47 91 93
77 17 55
67 1 14
82 8 19
16 66 93
11 57 1
69 26 78
47 14 44
95 71 50
88 98 19
77 32 68
19 75 14
23 13 3
83 61 6
10 48 11
97 36 36
2 11 97
53 38 35
51 7 36
59 37 23
75 67 23
1 29 90
37 89 17
48 93 7
23 16 5
93 83 55
59 38 47
77 85 66
92 99 90
94 9 34
54 74 78
24 89 38
28 49 94
22 71 45
68 98 82
86 10 90
63 28 16
26 29 49
87 25 6
15 13 93
15 76 3
76 48 46
75 46 7
8 37 7
96 93 15
3 69 64
37 73 87
36 52 21
17 19 82
42 79 42
23 80 83
48 31 20
73 61 72
2 88 45
72 96 12
46 72 5
12 91 36
20 65 95
65 84 81
34 25 96
93 34 7
40 82 62
95 51 16
17 82 16
81 43 51
65 69 9
9 11 63
34 93 19
23 1 12
49 64 94
70 85 89
86 62 35
23 43 98
1 6 33
88 83 57
99 59 65
93 55 83
10 95 1
87 92 73
62 9 14
42 68 29
11 46 26
4 52 38
95 61 85
74 56 53
7 40 31
3 42 16
58 38 71
22 74 90
61 36 41
12 15 22
40 63 98
45 18 81
60 19 33
58 44 45
27 58 92
58 51 66
38 8 75
26 99 41
39 72 39
84 29 24
46 0 12
11 79 81
62 65 76
58 73 19
54 47 94
67 31 23
6 39 65
83 35 58
89 53 75
6 86 20
39 35 65
58 31 41
31 44 29
7 1 51
60 68 22
11 92 76
59 24 89
92 25 33
28 56 81
93 21 33
90 94 51
87 43 9
15 46 35
80 17 33
10 74 85
76 2 29
25 9 28
75 79 17
64 84 47
15 8 48
44 59 42
7 47 29
12 78 36
69 58 1
41 13 71
4 78 83
8 31 52
26 38 93
45 47 7
41 97 97
69 53 98
85 51 45
38 82 28
59 71 6
22 60 80
52 57 55
16 50 33
51 16 86
14 3 30
57 26 58
76 38 20
77 93 9
29 92 48
12 52 66
52 46 80
21 12 22
90 29 5
92 65 54
13 39 74
20 35 8
8 24 49
47 93 25
25 38 3
4 13 11
67 46 29
48 8 43
76 11 44
81 96 45
71 15 83
31 37 48
7 79 98
48 51 58
89 84 70
94 67 6
57 60 76
93 43 55
83 91 52
94 21 71
14 23 28
10 82 45
11 21 83
60 15 34
48 21 67
98 43 35
49 26 82
87 40 63
75 23 86
68 77 10
75 21 95
32 64 59
67 95 10
94 72 23
52 59 96
99 17 88
78 54 95
58 21 93
56 55 73
2 82 88
67 38 38
69 84 35
63 25 84
11 1 21
81 94 5
6 10 82
51 27 33
84 15 47
46 74 86
56 3 6
88 50 1
6 4 40
80 94 52
72 17 63
51 81 2
76 57 26
61 28 1
3 35 92
27 37 88
71 13 18
14 96 80
7 98 90
27 25 31
40 68 60
98 21 67
12 97 70
21 41 8
12 55 62
10 52 3
97 9 2
48 15 95
75 5 11
1 95 21
81 98 64
86 78 99
31 0 62
67 76 64
77 41 6
65 95 53
73 20 88
47 2 45
37 44 92
20 45 51
56 13 3
44 83 26
44 60 43
31 0 73
54 84 28
26 71 83
88 59 51
98 18 47
80 96 59
46 36 12
22 29 85
95 84 34
52 22 2
4 73 20
26 21 35
15 44 36
10 78 97
62 17 8
59 5 81
43 84 98
96 71 6
13 99 47
55 23 16
80 19 76
35 42 58
88 29 57
7 87 46
37 67 6
97 67 87
77 94 59
55 54 90
47 68 79
0 29 4
63 28 93
4 81 95
42 35 4
37 79 23
31 34 99
58 39 76
87 67 26
38 61 50
71 23 4
57 42 86
10 33 19
29 21 42
16 17 12
96 29 14
54 74 93
19 71 99
41 38 46
74 80 36
7 74 62
7 52 31
40 75 36
22 73 56
5 40 28
17 37 42
50 9 19
29 54 59
76 93 88
92 80 80
31 17 7
53 87 9
78 36 84
53 75 49
37 70 98
73 5 87
5 28 36
35 79 73
17 16 45
52 87 26
2 97 42
92 49 59
26 12 64
76 32 64
76 1 36
58 17 86
15 62 16
55 45 49
13 98 46
32 79 12
84 86 30
56 97 54
52 59 82
2 51 6
84 23 55
87 83 85
60 43 54
11 72 1
90 83 72
55 35 6
6 91 47
30 83 43
27 7 99
69 31 54
4 3 44
21 52 49
23 39 69
67 34 87
85 37 17
75 28 30
50 14 70
66 5 69
38 30 62
38 30 98
21 66 65
73 16 3
34 90 13
82 35 86
55 15 6
7 55 95
85 59 64
42 80 6
4 44 7
59 62 26
30 93 8
22 94 19
98 79 20
73 70 81
45 78 19
62 23 100
41 87 18
11 94 75
59 39 47
90 87 55
67 81 1
78 1 1
30 88 71
81 59 94
66 9 89
82 3 98
18 24 93
81 60 74
37 70 57
87 85 89
47 64 97
51 44 20
77 14 22
4 62 59
13 73 65
48 62 17
83 10 8
67 97 37
58 26 4
21 49 68
90 42 31
76 80 19
17 86 45
81 66 37
27 73 78
78 69 23
27 96 81
37 50 60
20 14 37
62 84 25
9 27 5
44 7 66
20 7 40
89 94 54
95 17 78
41 78 78
78 13 29
54 0 37
36 66 24
93 60 74
92 96 9
6 81 36
6 41 45
33 26 58
51 46 11
71 4 77
1 63 81
22 17 30
78 12 12
78 98 85
82 92 64
27 76 80
50 91 30
5 80 82
53 47 94
44 61 78
57 13 72
67 85 8
59 29 36
82 66 12
88 21 16
18 78 14
9 98 11
89 72 42
52 68 41
49 78 15
80 62 81
90 53 4
29 20 95
19 83 53
28 0 37
50 24 82
55 86 81
30 82 21
46 1 8
49 46 65
10 40 90
44 5 74
43 67 50
31 19 47
91 36 82
33 67 57
61 53 21
22 83 68
28 91 92
43 0 22
9 64 70
41 9 40
58 78 35
27 62 6
34 64 26
78 88 86
31 57 82
40 53 59
55 44 25
54 60 59
68 66 40
37 87 4
38 56 72
85 57 3
15 46 75
69 33 95
59 88 44
84 68 16
56 44 58
54 7 62
45 66 26
87 76 32
28 81 1
43 82 86
91 68 28
4 45 18
3 9 31
99 73 51
6 3 17
2 21 46
51 0 39
91 14 62
83 8 64
24 96 21
99 50 91
0 16 65
98 80 77
22 34 66
8 16 1
86 71 88
3 80 6
58 59 10
16 98 70
37 2 81
72 91 42
64 59 76
68 82 22
50 72 18
99 79 25
75 4 95
65 60 27
91 57 45
53 24 95
16 66 18
60 49 35
40 8 85
93 28 18
41 34 92
82 87 86
81 0 35
12 9 59
68 83 44
19 38 40
88 41 71
46 37 65
15 77 80
85 17 11
44 41 96
17 31 15
51 19 67
30 67 20
9 55 40
9 40 68
76 28 82
67 1 49
56 3 46
93 20 16
11 3 35
97 70 48
98 96 34
98 83 53
52 29 29
47 85 66
13 88 30
90 59 56
12 56 53
6 64 31
51 55 99
39 23 55
7 70 14
5 89 54
35 51 84
22 52 40
11 47 31
40 75 86
47 79 96
12 17 24
28 69 89
16 63 17
7 98 70
36 14 34
36 74 83
47 32 60
32 50 37
67 89 50
28 95 96
59 34 47
76 27 46
76 71 31
33 71 78
26 34 53
90 83 46
87 34 53
17 62 28
45 72 89
39 49 62
81 0 88
18 86 61
70 38 2
56 86 45
63 61 42
96 26 42
23 16 69
4 50 25
25 87 12
19 91 96
86 53 33
23 16 18
42 98 17
44 63 41
63 73 31
32 69 65
98 60 35
86 46 44
13 46 96
87 68 11
59 2 70
74 83 67
82 42 13
54 77 80
30 65 79
3 77 39
5 14 30
81 87 15
25 96 34
59 76 63
41 72 66
19 2 75
78 18 36
90 12 48
60 67 83
88 18 39
11 34 13
30 33 7
26 76 69
86 42 32
92 6 34
45 43 82
38 73 5
73 35 93
13 47 37
71 13 100
74 33 9
72 71 97
81 56 29
97 55 40
53 32 47
97 10 83
97 6 51
4 78 9
68 94 43
9 49 66
81 62 57
31 97 60
98 17 32
40 3 98
59 14 28
54 6 93
78 62 20
33 17 57
98 35 58
34 59 6
31 41 31
38 31 85
97 79 52
52 21 68
24 43 4
33 43 9
34 30 82
30 57 3
73 99 39
66 23 15
94 96 35
50 26 93
15 73 4
94 22 58
22 20 60
21 78 58
25 41 7
72 91 54
20 65 13
87 24 31
25 31 36
51 62 1
87 59 90
90 68 42
78 80 78
8 44 85
97 83 100
9 22 50
77 53 33
5 75 100
10 2 80
0 5 41
62 51 3
47 44 12
71 4 54
82 0 14
96 47 29
13 79 5
14 2 83
98 96 1
69 99 43
59 25 20
97 80 96
67 84 18
40 19 66
15 41 30
93 38 35
15 30 97
94 18 31
86 66 95
92 0 65
71 38 49
64 29 83
91 13 1
55 56 86
86 73 19
15 11 19
20 11 9
79 4 61
12 6 31
42 39 74
98 34 73
68 82 16
34 49 26
16 27 94
65 88 59
24 64 15
71 18 11
81 49 57
68 1 5
10 36 86
5 67 35
44 36 8
15 38 6
50 97 73
3 89 36
40 97 43
7 4 14
80 1 47
75 17 63
33 84 3
75 51 47
69 14 62
75 30 15
55 3 46
56 75 71
42 1 32
49 42 68
34 46 20
73 46 78
45 11 56
94 56 41
0 12 58
23 70 64
4 54 88
15 36 58
37 86 96
28 6 5
88 72 61
63 39 96
77 33 33
68 53 59
17 93 32
75 90 6
7 33 100
62 70 5
41 63 54
67 73 17
92 85 75
11 37 36
42 3 78
40 49 25
50 86 23
73 81 55
30 74 37
60 19 75
40 90 95
2 41 84
81 57 54
12 5 60
47 70 92
77 46 84
62 90 24
67 34 77
40 87 13
47 89 53
99 13 3
73 57 99
77 62 76
14 70 28
73 44 68
15 53 92
97 17 45
62 79 50
42 84 29
48 99 36
5 3 1
92 28 36
6 97 10
97 47 92
7 5 54
71 12 14
60 53 44
84 36 54
31 4 21
82 85 94
56 52 92
64 53 87
55 92 24
85 19 26
8 60 47
63 31 29
44 1 33
92 76 97
39 23 68
86 9 23
55 17 77
6 22 74
67 6 81
56 53 79
38 58 35
16 24 50
91 88 4
84 68 36
53 41 62
44 23 95
8 21 27
68 44 67
22 28 82
82 47 44
32 44 62
33 44 77
22 4 2
81 39 19
11 57 85
96 97 60
48 53 1
90 23 33
94 63 2
69 71 64
0 65 23
36 22 61
52 61 59
17 81 9
98 33 65
99 73 42
40 56 36
54 40 61
49 90 30
32 35 87
63 60 23
10 68 28
32 74 14
95 58 64
79 41 78
85 66 59
49 40 8
23 71 94
43 67 5
81 15 60
85 34 41
69 14 18
4 74 32
59 75 32
61 3 16
63 8 71
95 32 22
83 84 60
56 18 19
57 92 17
78 48 31
24 46 97
56 94 13
56 82 58
44 21 57
90 78 90
75 31 4
68 18 27
89 53 62
57 85 41
33 60 87
61 43 23
24 76 21
55 38 7
46 38 87
5 41 44
43 5 94
90 37 97
47 28 78
60 51 55
20 31 52
48 49 5
39 38 76
41 38 95
25 32 11
55 95 33
25 71 91
29 26 50
71 99 68
9 92 50
69 37 39
2 74 25
49 37 65
77 39 84
86 63 55
2 40 17
84 52 65
73 99 26
47 93 36
30 36 59
39 4 56
9 69 94
43 97 74
86 54 9
76 98 1
89 36 80
80 77 57
47 98 62
35 50 81
38 21 32
80 30 14
81 2 89
55 84 61
14 77 82
66 41 87
75 20 29
43 24 4
2 42 5
88 20 38
20 12 33
19 8 50
42 74 28
82 12 58
76 78 32
46 67 96
25 36 77
43 85 48
80 76 48
73 43 89
33 65 52
4 19 36
11 98 38
62 75 51
90 82 13
69 95 8
34 48 21
47 71 41
48 16 61
22 32 28
41 96 83
71 27 95
54 78 28
34 8 44
23 8 44
66 28 53
78 59 66
12 35 14
35 71 77
87 5 22
8 66 24
80 2 7
32 68 61
35 93 46
35 92 18
37 71 96
2 53 20
5 74 69
80 93 81
55 92 25
49 1 30
75 24 40
42 60 19
45 30 5
94 11 49
74 25 55
16 2 79
51 96 94
22 26 64
48 2 62
71 28 31
76 49 88
15 81 76
2 72 65
34 53 20
5 66 94
67 95 85
89 49 34
27 14 57
32 62 49
62 60 58
78 74 65
55 7 89
96 37 9
60 50 7
90 71 35
98 32 40
83 52 3
13 27 5
72 58 36
51 38 92
56 12 3
66 74 28
5 83 51
91 56 65
67 80 100
46 14 69
51 4 81
9 95 74
90 25 9
18 11 33
19 10 94
86 78 48
93 89 24
62 71 36
21 62 60
86 59 14
69 55 100
8 40 51
78 90 2
0 6 54
24 47 42
46 59 25
39 71 8
41 60 95
93 74 70
76 18 44
92 15 9
21 11 83
36 34 42
79 76 46
33 11 98
63 62 20
43 17 61
51 46 65
63 9 15
67 40 92
83 63 18
93 6 20
96 29 92
8 30 50
99 77 27
45 28 2
20 6 97
2 42 56
99 84 15
10 41 17
47 15 88
46 54 59
99 72 87
42 87 18
31 99 20
64 4 65
71 51 74
38 71 32
92 87 23
83 47 83
54 33 55
96 50 46
99 6 85
62 76 55
58 2 7
58 51 67
76 87 4
39 76 72
27 39 67
39 0 85
84 58 13
20 30 97
11 16 27
28 37 44
15 85 33
10 76 16
26 22 58
55 15 81
11 48 28
98 66 6
27 52 26
0 59 31
32 16 56
66 37 92
55 50 59
12 65 24
4 24 78
25 22 97
49 66 53
94 87 68
61 17 18
39 36 33
99 79 9
84 19 60
40 9 15
9 51 55
47 92 84
89 70 78
89 59 57
23 85 26
86 30 22
15 8 69
1 39 24
56 9 47
74 84 87
75 26 7
14 65 90
35 71 47
31 24 67
68 46 22
70 57 41
44 95 86
49 9 44
20 24 67
39 5 18
56 0 5
74 39 48
95 43 81
51 85 31
77 41 87
14 53 97
88 57 85
69 41 26
15 62 95
95 96 51
14 94 14
64 8 25
29 1 91
96 41 26
23 79 75
30 88 34
71 52 11
60 31 69
79 24 40
96 28 72
84 97 56
36 73 37
14 73 23
71 24 87
94 87 64
50 57 84
12 86 80
28 80 70
66 9 76
54 18 52
75 50 93
94 46 66
37 50 10
96 1 1
23 53 53
81 70 71
99 25 86
93 56 43
65 61 2
48 61 36
24 97 35
76 97 55
57 90 37
56 90 16
29 73 51
61 22 45
23 60 93
32 90 95
46 5 36
48 8 42
90 91 21
21 75 91
51 8 84
27 58 95
45 90 28
30 28 15
76 55 64
83 16 25
86 96 75
90 15 94
46 7 57
18 66 17
88 23 19
30 80 82
72 74 90
38 72 92
20 96 24
42 90 56
11 88 91
25 83 45
40 81 42
35 5 25
94 29 26
0 34 15
45 22 34
74 35 83
34 0 20
91 10 62
32 86 34
9 79 5
70 3 65
51 48 46
96 81 78
0 32 22
2 9 61
24 2 35
10 19 51
12 46 52
50 85 1
33 41 84
10 29 78
47 72 65
62 93 50
9 27 38
66 77 57
71 19 98
70 68 65
41 16 77
54 32 67
17 14 32
85 78 3
88 35 18
68 67 38
43 64 25
39 44 87
12 46 41
89 67 67
38 75 4
24 40 98
70 15 98
0 70 16
89 78 54
18 52 28
97 19 67
93 2 58
10 54 48
14 23 35
76 21 80
91 5 82
64 53 86
84 21 65
38 9 39
80 84 35
0 54 78
9 11 18
27 37 43
55 90 79
81 34 11
3 43 78
28 49 97
5 81 46
62 79 81
89 19 45
49 99 10
52 51 55
98 96 85
5 17 1
59 18 10
95 65 44
89 68 80
3 38 12
11 67 33
7 92 34
40 0 31
32 86 82
61 23 7
99 42 75
95 50 75
34 51 42
58 14 59
84 66 95
30 37 30
24 92 29
62 63 39
34 79 5
64 49 16
97 20 74
90 72 31
79 1 34
1 35 72
80 46 46
8 61 75
68 35 39
51 34 36
67 68 34
32 89 11
40 73 30
24 74 65
34 1 69
85 26 79
88 79 34
70 26 64
24 87 41
90 68 9
54 23 72
12 14 5
12 55 94
95 48 79
23 73 90
53 76 2
14 74 35
54 70 54
80 20 11
92 58 87
42 0 53
66 4 58
97 48 1
35 8 66
75 95 55
76 95 35
72 15 54
77 76 54
86 21 91
39 64 50
48 17 34
27 11 53
94 59 32
54 93 29
34 42 90
97 20 90
79 84 64
50 35 76
98 15 90
95 37 69
54 24 43
43 48 9
84 72 31
82 14 44
64 55 73
84 98 27
77 62 51
66 38 88
88 3 30
52 26 85
99 64 40
40 98 19
44 66 37
64 27 56
86 23 33
22 77 82
45 66 72
70 9 5
98 54 26
37 14 55
19 88 61
17 41 83
7 62 11
93 46 81
72 3 66
52 99 77
62 0 43
14 92 14
44 10 40
56 64 28
74 51 15
93 35 48
10 84 42
33 32 16
48 49 24
12 0 15
74 96 97
57 41 41
87 98 93
15 42 46
75 53 3
31 86 63
3 52 5
40 54 90
60 41 37
98 19 16
81 18 90
79 93 49
2 46 22
18 53 17
57 21 50
7 29 64
64 27 43
25 14 81
73 13 43
57 83 10
92 93 65
19 79 65
94 88 31
67 85 25
2 53 42
43 22 50
56 66 77
77 26 2
72 98 8
2 3 24
29 4 75
60 7 22
69 36 96
2 27 11
55 64 77
65 62 21
71 75 35
16 89 13
37 62 99
52 38 7
63 35 19
80 54 55
57 28 24
6 55 11
67 41 29
70 63 38
32 36 83
85 35 7
4 7 90
38 77 5
22 11 27
39 78 38
62 49 52
13 28 36
12 67 98
59 47 48
58 28 12
39 57 52
60 11 34
14 91 15
15 77 30
9 91 31
73 47 5
71 7 52
21 98 94
63 53 24
60 18 75
78 3 93
87 77 97
11 63 36
47 94 43
22 98 51
91 74 64
17 79 84
33 30 79
52 13 85
3 35 13
23 27 45
51 21 8
83 56 35
87 91 26
30 33 42
50 20 59
83 87 9
31 40 73
31 38 81
74 87 57
90 27 67
21 78 46
28 84 23
23 1 6
52 25 22
76 13 16
94 3 67
47 24 17
56 24 90
82 39 99
16 42 1
71 24 4
27 59 6
71 48 18
27 24 63
15 8 68
90 77 18
87 66 14
25 78 71
50 60 51
49 26 99
19 0 7
96 21 65
11 6 54
58 23 89
57 28 56
7 38 81
43 79 94
93 46 47
86 53 50
76 73 18
39 87 7
44 20 79
64 72 64
25 3 5
45 5 21
67 12 75
26 71 42
78 98 73
71 8 47
59 21 63
20 64 36
1 7 20
4 59 29
28 72 33
35 34 18
8 44 96
84 8 62
23 88 38
98 61 23
76 43 60
29 39 34
3 61 59
73 54 59
