70 2 40
90 55 8
39 66 62
92 96 91
91 40 85
89 26 44
20 44 5
21 9 25
49 83 73
55 64 28
49 23 7
7 85 81
3 95 94
27 34 49
43 68 96
22 35 30
48 42 84
79 62 78
77 90 15
96 26 100
52 44 91
65 90 60
73 58 84
38 5 72
16 99 87
95 84 88
18 50 41
1 31 26
68 33 59
55 90 80
11 33 43
16 59 48
24 86 83
52 90 82
11 88 60
71 65 44
9 90 20
37 88 10
28 60 74
59 30 87
94 84 14
71 39 74
85 32 71
80 21 3
24 11 87
86 1 15
16 87 44
24 87 15
94 62 23
94 42 75
97 87 4
78 18 9
30 14 61
9 26 98
7 21 95
72 3 1
57 73 84
9 12 36
85 12 85
75 38 83
57 10 94
55 59 51
25 4 17
84 31 58
98 0 2
87 91 86
53 19 60
72 3 1
83 2 84
87 4 54
82 60 7
64 40 87
79 41 59
63 32 73
59 89 36
30 13 6
76 45 47
95 58 51
26 72 26
21 58 69
47 80 25
87 88 12
70 99 88
88 13 94
50 51 13
73 61 64
21 63 41
48 16 31
84 80 83
25 64 81
89 91 74
84 71 62
19 3 53
78 15 19
75 78 32
68 25 80
40 91 21
94 28 11
59 99 60
70 6 84
32 64 51
3 22 58
35 93 93
13 22 49
79 86 95
30 42 57
23 34 21
98 42 25
23 20 29
84 72 65
26 52 77
62 5 7
66 37 88
38 36 17
29 14 12
4 61 25
66 13 81
13 39 77
47 9 18
55 21 8
70 10 31
12 5 77
0 96 57
47 59 51
36 61 57
98 78 89
15 36 95
21 17 28
95 68 30
39 21 25
47 32 28
67 31 78
41 77 14
2 47 84
89 90 74
82 74 66
71 90 33
42 24 10
58 41 63
72 87 81
76 94 91
87 72 68
25 6 23
25 19 24
87 23 22
41 4 39
86 25 70
74 28 76
5 37 80
9 12 88
38 16 48
98 33 49
73 0 41
67 79 92
27 62 21
21 87 62
59 7 34
72 37 25
91 98 100
14 7 26
48 69 34
68 45 4
68 23 23
21 13 58
21 8 89
53 33 25
39 30 30
66 27 32
20 1 62
88 65 69
78 79 80
82 67 89
18 59 21
20 43 79
74 96 52
56 43 51
71 4 58
40 35 47
66 14 25
83 11 9
72 27 79
73 37 47
14 66 24
19 5 83
15 19 89
50 89 8
11 82 11
54 1 85
63 81 6
2 77 65
67 70 83
62 72 37
18 58 85
48 23 95
62 55 8
88 55 83
19 60 6
21 18 53
3 50 29
56 54 41
61 91 39
91 18 99
18 40 6
40 71 79
18 14 85
73 19 3
76 97 99
87 93 64
6 92 97
76 6 35
29 23 55
48 20 47
12 26 97
5 28 19
58 55 34
48 98 70
90 72 2
57 25 71
82 68 40
21 82 54
34 9 40
10 73 40
66 72 73
31 37 84
49 75 65
51 58 20
53 12 75
29 79 22
84 83 61
72 69 4
94 34 40
90 76 2
78 73 35
76 91 94
34 6 34
75 11 60
47 4 73
72 77 76
67 50 8
90 0 12
76 90 93
49 89 73
27 59 97
24 2 15
68 28 8
25 95 35
26 82 37
87 92 87
88 85 36
39 35 29
18 48 61
58 49 71
8 33 57
66 85 67
52 31 73
11 46 67
89 44 54
81 15 92
76 34 12
56 9 78
59 89 2
81 48 65
27 21 7
0 72 16
30 21 40
77 47 99
51 65 99
8 83 55
26 13 69
65 82 28
23 79 66
46 40 82
62 43 100
23 94 84
7 67 81
38 92 74
19 41 79
12 23 55
16 0 98
43 95 37
37 11 50
20 75 1
31 19 91
30 23 55
58 48 70
73 4 10
36 20 81
23 37 95
54 9 62
26 43 66
85 14 48
27 84 62
8 75 9
50 7 71
97 23 35
56 15 17
90 40 48
48 22 34
81 46 30
12 45 43
38 15 62
60 2 26
87 50 1
13 88 42
73 89 54
77 37 55
97 25 64
78 4 84
44 39 11
30 12 92
5 14 55
46 66 70
41 75 36
7 70 68
3 41 13
65 53 5
40 55 36
64 93 63
51 56 96
52 36 85
93 94 49
42 57 63
29 23 82
15 3 14
59 48 50
6 20 9
40 68 40
98 53 78
30 2 42
15 71 13
19 89 74
41 47 49
1 46 40
68 76 53
87 59 3
66 2 49
10 92 32
98 41 57
34 44 66
41 13 10
24 60 88
1 17 73
96 38 19
70 22 42
4 25 41
9 73 54
50 99 46
67 76 10
91 77 45
12 38 55
59 5 82
52 68 12
36 0 27
87 38 80
43 86 4
84 85 81
2 86 97
46 69 64
63 37 26
39 81 52
1 7 29
71 86 92
66 44 51
55 98 80
19 49 31
95 19 53
39 65 77
46 82 19
86 31 68
2 73 88
95 75 56
4 3 94
42 0 41
35 2 59
67 65 92
55 51 16
81 37 15
67 56 7
79 84 52
88 1 28
89 36 41
94 34 35
18 72 53
72 7 24
85 58 27
26 74 71
99 27 79
92 69 61
50 94 30
3 49 76
34 36 48
90 40 65
47 82 36
79 58 65
21 66 41
41 32 5
81 38 8
4 77 15
5 36 34
8 47 97
22 55 60
80 24 64
5 44 9
72 23 93
71 5 38
41 56 4
86 99 86
53 19 21
33 78 10
42 21 66
15 89 98
72 94 81
0 80 89
94 64 62
88 97 73
27 48 64
27 53 64
0 29 79
38 37 99
69 89 20
55 6 64
44 90 52
38 67 71
85 49 11
23 65 85
58 36 75
26 48 27
62 3 8
54 24 10
33 96 62
58 70 12
53 48 97
25 23 28
47 71 15
36 61 78
86 6 65
36 62 80
84 65 11
78 16 89
56 20 35
11 2 91
0 39 78
13 29 94
54 70 71
92 5 71
63 95 32
15 47 52
47 65 67
9 78 43
47 11 68
23 39 5
77 15 4
76 27 49
92 13 25
79 75 47
32 50 82
97 75 31
81 61 74
12 62 96
70 96 80
62 37 69
48 85 17
95 87 100
15 69 50
62 66 77
28 18 70
45 86 87
27 69 85
98 35 93
60 96 89
11 21 65
66 38 11
3 2 42
58 83 8
80 19 1
92 6 5
60 64 100
6 58 93
3 99 79
67 59 68
44 99 84
53 39 93
1 32 73
15 8 40
99 53 90
90 32 95
88 5 57
81 28 96
71 82 45
72 56 48
99 72 89
36 99 48
28 61 30
62 47 51
93 4 38
12 68 60
81 99 1
37 69 85
21 32 52
44 97 54
98 78 67
5 67 71
11 6 3
51 23 22
9 5 44
83 7 89
5 65 44
48 70 58
48 18 13
18 77 28
62 28 91
72 58 2
33 6 53
12 68 78
13 57 9
77 71 43
2 17 49
45 51 61
43 97 62
37 38 64
54 34 83
79 89 90
89 41 100
76 14 33
93 88 49
12 67 62
40 51 39
71 97 11
27 80 11
81 56 36
51 91 49
51 94 56
95 22 74
60 64 29
80 29 55
42 8 38
54 3 88
59 11 72
61 32 50
4 20 58
60 99 5
1 69 24
29 52 100
45 13 60
40 13 56
81 27 9
70 53 83
83 48 27
68 84 31
68 29 33
73 97 20
1 71 54
61 29 61
74 39 13
72 45 53
48 62 3
68 75 77
98 54 76
90 76 56
5 69 46
37 99 25
17 3 86
61 83 39
11 38 58
45 86 69
38 74 1
34 37 25
58 67 52
90 29 10
65 78 49
70 3 76
62 21 18
60 52 88
21 46 19
44 53 63
63 12 44
48 26 23
42 84 78
68 65 63
21 98 97
33 41 10
43 82 21
41 36 57
44 19 25
36 29 82
41 61 8
40 27 51
98 39 86
28 92 94
87 55 98
53 83 11
98 43 22
63 22 49
48 37 12
94 10 41
13 10 68
28 63 12
35 18 32
24 50 49
35 40 87
68 67 62
24 63 65
34 96 42
0 29 36
13 48 10
22 7 71
98 6 78
61 99 99
34 38 15
57 12 72
59 25 23
39 47 54
41 4 32
44 16 78
32 30 75
3 14 78
24 64 47
53 5 32
83 28 90
51 8 67
75 38 73
84 87 27
14 88 57
17 27 70
76 78 36
46 32 53
15 42 24
46 82 94
28 60 100
70 68 15
39 68 67
94 53 69
25 16 75
58 52 24
4 12 42
87 27 82
25 55 47
17 97 10
1 86 90
12 31 24
81 30 64
65 10 65
84 43 42
9 84 57
50 36 26
20 71 48
52 15 70
61 31 66
80 83 46
10 91 24
68 86 100
31 7 29
30 47 46
18 84 65
72 86 51
97 87 9
3 8 40
91 44 52
88 47 5
1 68 62
65 67 37
75 47 92
96 74 99
32 34 37
50 98 80
88 71 54
42 66 100
29 57 74
42 75 83
91 61 76
72 75 40
11 62 57
77 34 53
23 42 20
99 75 34
85 39 47
50 71 33
90 80 41
57 10 24
75 46 11
24 76 36
27 71 83
1 22 55
94 46 32
16 53 44
46 37 26
66 45 27
29 44 30
1 99 71
0 86 32
95 48 33
38 47 84
31 33 44
23 32 41
60 92 41
27 22 57
43 5 39
54 80 89
34 80 46
97 77 37
99 45 47
23 81 82
89 34 48
74 56 74
67 44 67
89 17 83
70 72 3
44 28 53
63 77 49
78 63 49
74 15 21
77 59 55
24 44 3
4 72 16
17 12 27
86 43 19
79 1 55
43 75 18
78 11 34
83 40 77
44 34 98
79 8 85
51 34 17
9 46 10
52 32 54
54 10 27
64 23 22
9 22 14
62 50 61
16 65 48
89 78 33
36 69 63
31 25 26
19 22 95
57 90 5
72 88 13
74 28 70
12 73 73
91 30 59
57 92 42
34 24 72
91 98 100
60 39 2
73 85 1
13 92 67
53 20 4
63 81 8
39 2 63
6 41 29
53 11 28
60 44 63
95 35 13
42 93 81
18 62 76
24 74 11
12 22 21
92 58 2
55 12 78
26 43 69
37 57 72
6 88 86
28 76 23
68 57 10
75 94 52
26 55 90
77 24 65
65 62 78
56 46 92
54 84 92
5 7 3
87 99 84
72 87 22
20 80 7
45 15 42
65 47 46
82 32 93
61 13 68
55 73 86
94 9 93
62 7 16
67 76 46
94 45 56
82 3 19
14 2 2
99 18 64
80 35 92
21 4 50
15 23 88
86 14 11
52 31 10
50 49 85
38 27 13
53 93 94
26 97 80
75 89 39
60 66 57
48 27 66
73 89 62
99 46 7
46 65 14
79 54 15
15 98 89
29 12 11
42 21 27
23 60 82
32 27 87
15 2 37
89 71 19
36 77 86
37 86 27
27 87 52
65 21 59
65 83 65
59 17 78
58 12 24
59 44 12
95 59 19
26 3 98
15 68 96
18 54 87
19 65 81
88 27 55
25 88 26
50 39 94
41 88 89
59 81 92
77 85 98
57 6 9
21 92 79
14 94 12
37 7 12
36 65 23
36 33 33
15 94 38
90 18 84
66 90 84
93 65 67
63 30 59
33 88 71
37 67 39
84 62 93
3 76 91
73 57 11
50 74 43
41 17 98
13 74 83
30 16 100
40 18 34
57 87 86
15 94 42
90 37 11
97 85 51
56 19 18
74 20 50
81 21 45
70 57 43
67 53 91
2 64 74
2 87 56
92 31 68
85 11 56
18 99 70
25 97 18
68 31 78
7 21 48
52 92 3
21 99 50
99 15 10
26 19 85
64 27 42
34 98 25
15 47 12
35 54 13
98 22 25
65 26 75
96 97 16
93 64 99
10 61 29
20 54 71
46 15 98
78 22 97
47 61 7
21 81 5
8 33 36
38 16 59
84 66 81
79 43 9
61 26 96
27 20 76
91 4 56
67 57 29
91 79 27
49 91 6
59 91 16
22 90 56
87 47 44
82 74 46
6 59 32
71 8 3
99 98 19
48 25 2
13 52 57
40 83 10
35 32 84
47 13 78
52 73 55
1 67 92
74 62 44
41 8 48
22 93 35
50 10 62
56 89 35
13 7 16
51 53 10
58 69 13
27 23 66
59 77 73
68 13 88
58 53 61
10 44 73
66 39 4
35 50 13
84 55 78
24 88 53
78 60 12
20 66 28
52 53 45
40 5 3
89 36 99
43 99 72
33 4 23
32 46 58
48 65 93
23 6 7
40 93 21
37 28 7
72 19 18
90 81 46
79 20 56
41 7 39
39 62 73
85 64 28
57 49 69
48 78 86
10 2 87
36 26 34
42 39 49
69 44 56
21 6 60
75 86 11
19 99 64
36 21 41
66 26 75
40 9 93
69 6 27
0 18 60
89 47 77
72 40 75
75 44 89
14 77 3
48 54 13
56 23 31
70 12 63
82 19 85
4 29 40
61 67 25
56 16 76
47 71 93
65 90 54
69 59 83
64 50 1
82 64 40
80 45 89
30 45 31
22 67 61
72 48 4
23 9 37
17 28 99
47 68 45
4 30 7
17 88 38
11 9 35
53 71 2
64 86 98
39 96 99
7 17 97
54 79 20
41 11 81
43 26 1
32 39 43
54 67 20
46 8 21
85 6 71
19 59 37
90 78 17
10 76 82
48 61 8
94 47 75
67 95 53
13 93 84
87 42 34
88 80 49
96 97 91
9 8 6
69 16 6
4 44 98
18 62 61
51 28 60
50 37 31
25 20 64
26 53 53
29 28 54
72 16 39
43 46 21
29 75 84
32 3 93
47 85 30
69 74 76
4 79 15
37 23 10
94 90 58
67 46 3
69 50 49
24 86 55
63 67 20
67 78 53
15 13 62
37 6 26
69 56 33
5 86 21
6 49 28
12 72 62
88 23 55
83 67 100
43 77 47
2 80 53
89 36 83
40 26 96
24 52 22
30 83 47
41 32 88
12 46 38
59 74 33
58 74 93
54 22 63
73 59 10
50 18 46
93 87 37
81 93 16
4 71 79
51 98 62
70 47 55
91 3 93
75 72 41
13 65 5
47 55 42
34 11 65
24 45 99
15 18 65
40 39 28
3 14 27
52 80 51
0 7 64
88 13 48
22 69 76
54 90 73
77 94 92
97 30 9
6 96 79
86 49 33
93 32 24
69 4 13
47 51 5
54 73 52
66 19 77
33 49 9
30 80 42
35 77 12
25 97 59
37 68 88
18 64 4
83 61 65
35 75 28
98 14 10
69 92 90
38 36 32
33 73 44
68 15 42
50 45 80
83 60 72
88 25 70
25 71 44
93 25 42
38 43 47
71 12 53
60 49 85
44 53 43
94 23 87
11 24 55
90 6 82
70 55 58
23 11 4
50 43 55
73 41 47
60 96 55
86 35 24
45 84 53
7 25 54
95 2 66
36 76 91
56 36 29
59 8 3
69 31 61
66 47 48
83 23 70
56 93 67
16 77 28
67 2 2
56 98 75
77 59 14
55 43 83
19 4 7
40 54 29
10 4 51
40 96 67
9 67 92
36 60 42
99 30 33
3 70 23
23 34 26
23 86 71
9 49 11
7 55 88
30 5 60
25 76 70
44 73 23
36 53 57
41 46 17
81 29 9
60 23 44
76 98 87
90 82 85
44 73 21
45 72 17
54 70 88
83 93 83
84 12 60
22 35 69
24 68 59
36 63 90
48 46 72
43 50 40
13 84 21
89 29 10
65 98 18
91 95 32
5 39 43
35 64 19
93 65 60
76 64 27
42 91 93
76 13 61
56 39 62
29 4 10
7 94 74
64 4 35
57 9 43
9 57 48
9 84 50
59 56 67
94 51 49
24 86 16
34 7 8
0 27 54
77 49 46
43 68 2
79 63 69
32 28 16
56 96 32
27 67 12
39 62 31
56 30 44
31 72 58
85 30 29
18 13 75
13 41 42
20 19 63
20 0 36
28 61 55
55 29 48
27 52 82
18 16 50
31 61 49
34 16 46
42 24 32
75 18 48
59 77 86
75 63 66
18 69 20
51 4 2
9 86 98
26 83 52
57 80 62
63 94 81
3 61 13
92 69 45
33 82 13
75 83 67
76 0 100
97 41 70
93 28 69
50 40 46
9 89 19
42 60 35
19 44 87
44 97 95
23 69 62
83 10 63
68 35 37
36 33 6
7 80 36
38 68 2
3 78 6
83 12 53
28 92 64
76 87 96
29 25 98
22 72 55
71 21 76
90 6 67
42 99 30
36 87 21
66 70 91
19 48 57
85 66 13
98 75 23
35 10 27
2 96 45
81 14 12
45 67 20
93 8 61
4 7 31
5 56 24
26 18 84
37 97 53
63 36 95
14 59 53
88 91 20
0 31 22
59 22 51
68 35 31
4 64 21
81 62 46
15 58 56
27 23 88
27 88 22
87 90 91
74 51 68
4 90 4
69 11 47
28 88 91
8 64 38
33 62 83
79 8 19
47 12 74
22 26 98
22 67 18
26 56 53
48 13 26
65 15 29
53 63 73
47 5 60
79 64 90
94 0 24
65 3 28
90 51 74
77 18 84
33 54 33
47 36 80
58 74 42
88 59 42
29 52 47
98 65 53
84 69 66
17 8 69
92 1 36
97 3 51
57 48 68
43 18 53
20 24 49
72 51 2
70 67 2
30 22 76
32 26 22
80 23 67
59 57 48
70 22 42
93 79 92
27 77 89
35 91 57
43 81 38
25 98 23
77 30 49
11 46 34
82 79 80
27 11 60
56 18 18
19 33 68
70 8 31
54 68 45
15 77 8
90 79 6
12 18 14
97 12 82
10 61 76
10 38 59
81 22 90
47 26 11
44 37 28
52 20 24
3 89 48
58 11 82
74 46 39
87 49 92
95 67 79
93 35 33
63 2 51
5 60 95
48 11 33
97 17 98
2 1 91
65 57 95
72 55 80
1 10 13
47 69 79
89 18 74
89 30 48
14 4 39
8 41 85
13 36 67
75 66 37
80 21 91
23 97 61
85 86 93
79 68 75
26 78 58
55 15 38
84 5 100
56 86 51
37 11 65
28 4 8
37 90 34
38 41 95
41 29 4
13 31 5
47 11 15
63 61 88
85 25 22
46 28 67
52 80 94
75 95 64
7 65 61
77 50 92
58 74 24
29 10 47
35 9 9
69 25 26
23 28 18
27 66 15
85 16 66
18 38 28
54 6 56
89 27 83
7 4 19
91 0 6
0 52 20
20 25 27
7 22 73
11 51 84
87 53 83
26 48 87
23 16 25
27 75 87
5 42 88
96 75 90
36 28 92
20 32 23
42 19 3
98 22 87
19 99 1
74 93 8
87 44 16
69 85 66
86 50 96
85 81 55
0 97 36
63 66 34
99 12 66
2 74 12
17 94 78
31 15 83
2 97 46
1 64 20
31 7 17
34 53 92
19 65 95
39 46 95
47 3 66
55 22 46
79 69 8
36 64 52
72 90 42
94 70 49
49 22 20
74 96 33
59 81 9
62 32 52
53 21 18
65 40 67
84 86 30
21 43 24
64 78 25
22 65 90
26 78 76
93 12 28
80 38 75
82 69 82
63 32 85
40 88 36
67 79 44
34 7 10
36 3 31
17 39 44
67 58 66
26 51 90
48 4 75
98 32 76
5 25 99
48 79 29
96 17 75
19 1 47
74 55 85
45 65 45
84 19 88
81 47 49
6 10 36
54 95 27
66 39 21
7 22 30
21 84 42
53 77 26
51 92 55
82 98 1
1 14 17
38 85 80
7 49 97
55 78 10
51 53 50
43 94 4
78 93 32
36 47 21
65 14 12
25 38 75
6 9 72
16 94 23
52 82 68
68 43 6
0 69 54
99 67 15
20 24 60
74 25 45
14 84 78
62 13 65
12 99 21
19 30 34
58 26 30
96 83 35
5 52 83
38 30 90
65 64 62
63 92 34
26 36 99
92 26 62
60 99 91
30 16 52
26 54 27
42 72 25
57 74 14
47 80 40
91 65 41
50 93 52
34 18 65
69 79 66
6 94 94
93 89 54
66 20 12
59 3 90
17 22 75
32 95 60
49 26 42
61 14 72
36 37 26
37 1 30
57 94 92
57 15 6
45 74 7
6 54 29
68 48 57
58 14 50
20 96 78
94 31 81
45 63 20
85 40 31
46 78 33
24 36 21
87 49 70
0 52 55
6 44 67
12 84 25
9 64 87
89 45 31
75 10 12
39 25 44
56 57 80
99 20 42
46 93 21
15 10 80
88 27 48
20 32 36
90 72 60
98 72 40
57 87 56
15 58 12
75 10 1
33 83 21
98 16 21
1 87 14
5 11 15
77 45 4
64 90 59
79 84 39
67 65 53
94 61 56
48 13 52
63 44 37
31 37 33
27 90 40
48 33 64
69 14 62
9 67 79
53 92 73
73 36 46
84 27 10
5 26 8
56 39 98
57 96 57
90 51 43
48 0 30
48 11 88
20 11 31
69 31 41
75 79 81
65 45 81
1 85 46
30 81 75
41 51 84
11 60 28
53 79 25
21 14 73
11 80 7
32 76 47
99 52 61
10 92 44
61 34 3
91 39 73
58 53 40
49 95 68
9 69 50
58 74 79
43 89 77
91 58 5
10 72 71
32 43 69
98 59 47
84 28 93
80 23 20
54 43 93
17 38 52
67 90 18
99 88 32
47 74 80
99 5 89
1 24 69
44 72 27
74 96 25
2 16 41
94 22 8
88 67 82
66 61 63
78 24 88
56 61 83
21 37 7
31 97 5
63 71 9
47 21 84
34 57 67
31 79 38
90 92 71
75 71 66
3 99 32
32 89 83
55 93 50
73 55 15
78 42 50
75 6 39
1 39 38
69 99 49
97 0 53
27 55 9
63 31 11
56 45 93
74 13 56
37 54 25
12 43 16
26 84 62
74 79 62
0 41 89
92 69 84
90 14 27
45 89 46
22 36 76
15 80 42
62 55 80
77 76 89
41 83 73
90 29 65
12 74 85
49 47 27
88 24 86
80 24 74
58 57 77
3 98 50
41 32 69
53 28 18
70 32 97
51 94 81
59 60 92
63 27 64
33 78 70
99 56 49
90 6 17
39 78 62
27 20 3
41 92 11
71 98 4
54 73 88
37 10 84
78 38 58
75 20 96
62 2 63
71 45 71
25 70 87
52 12 13
91 47 17
97 39 96
72 41 31
39 71 17
60 8 28
43 10 23
87 45 36
89 76 27
24 82 15
41 96 51
31 27 56
52 34 21
26 67 52
66 67 79
14 68 15
35 93 13
17 3 79
62 45 72
94 5 44
70 32 26
55 23 68
35 55 59
91 20 61
40 99 17
29 46 89
44 80 81
6 8 40
78 30 91
84 72 19
12 54 13
76 93 45
37 22 72
76 80 28
22 25 19
49 61 62
96 47 38
70 34 58
30 63 45
26 91 89
48 78 40
48 54 3
26 36 59
69 33 53
2 13 98
96 4 65
58 11 18
6 92 4
50 8 35
16 7 83
41 75 42
42 93 32
17 23 70
6 61 21
58 33 79
14 83 77
55 84 69
35 90 38
37 9 38
69 83 51
77 45 31
80 43 18
6 28 95
92 8 16
53 36 68
76 1 1
33 40 61
35 60 50
20 62 52
21 91 22
46 38 16
12 57 33
64 89 27
7 89 76
33 55 86
60 33 16
76 64 54
97 83 96
25 40 69
54 8 76
30 59 49
73 18 15
76 39 9
24 57 47
97 33 68
68 69 59
40 70 49
30 1 95
54 72 25
73 65 90
46 0 46
92 6 47
64 25 5
83 48 41
67 45 73
72 41 66
39 14 1
29 23 66
46 55 25
61 9 71
70 68 41
2 22 79
74 13 15
29 90 39
50 90 20
4 47 68
22 13 87
54 18 10
80 68 13
6 69 77
53 93 56
51 90 79
83 19 64
74 48 85
0 78 81
43 20 66
39 67 24
90 78 83
27 0 9
64 35 15
76 0 14
75 60 65
10 49 48
95 41 19
79 78 5
69 25 96
31 6 3
30 31 21
90 3 19
35 71 18
55 77 2
61 16 85
65 90 42
7 45 62
91 10 24
99 52 77
26 46 4
91 22 18
40 95 47
95 72 5
97 87 41
82 54 4
79 2 76
45 8 74
14 22 47
16 78 45
80 69 26
86 33 49
44 93 28
63 25 94
87 14 26
54 85 18
19 18 50
99 65 73
8 83 9
57 73 35
4 78 80
5 59 42
67 24 15
35 28 17
50 65 80
10 12 51
86 26 25
80 5 48
65 45 48
68 53 95
43 97 54
7 90 73
72 95 79
78 13 69
50 18 9
7 5 37
36 18 42
88 30 15
64 40 80
56 21 21
1 67 30
48 61 81
86 94 29
90 34 91
91 82 18
88 97 65
56 14 66
60 62 24
10 15 26
80 62 10
14 82 35
20 63 10
68 4 98
95 44 16
18 28 50
15 77 32
60 63 34
51 11 72
1 44 12
52 29 54
20 52 67
82 26 59
4 54 50
99 61 77
95 6 71
76 91 62
70 98 31
57 99 23
1 39 43
50 73 26
79 81 96
9 30 65
24 29 25
16 78 10
81 65 3
50 88 3
40 47 78
5 70 8
72 24 5
5 22 90
6 28 82
88 57 45
25 65 62
36 24 22
58 16 17
67 80 74
93 66 54
8 45 77
57 17 22
40 6 23
19 5 11
39 61 35
3 77 22
31 61 57
4 58 32
52 59 65
11 39 84
63 60 73
9 79 80
36 97 61
98 57 34
31 86 58
65 67 4
85 87 1
78 87 18
91 66 100
78 48 29
74 54 77
82 81 82
11 24 77
52 46 35
75 49 36
13 98 54
53 81 10
51 76 24
38 67 31
5 3 81
20 51 50
80 84 94
32 58 56
27 62 43
32 28 35
94 95 97
13 53 14
41 15 83
85 61 37
34 16 36
7 25 51
7 49 44
61 72 24
0 35 86
45 63 60
51 83 18
49 23 11
12 47 72
32 19 66
4 62 42
17 36 60
18 16 43
93 96 86
91 15 86
68 42 8
51 39 76
38 97 25
21 98 49
3 60 86
42 75 21
47 86 10
0 38 23
86 73 11
83 69 83
53 8 5
85 77 55
67 57 45
78 41 33
1 87 65
43 76 81
83 60 61
56 43 61
58 38 39
35 83 21
53 45 92
86 61 80
69 3 82
59 91 82
83 21 35
3 59 49
59 32 83
33 1 23
93 22 91
45 6 23
33 39 49
33 43 98
39 24 24
68 11 12
8 53 51
11 46 99
52 43 53
19 91 7
33 46 66
8 82 76
17 19 69
67 68 12
28 40 84
94 47 27
8 52 84
66 20 41
77 7 33
69 12 75
64 32 31
79 85 87
21 16 82
27 98 96
8 5 25
22 85 96
5 22 66
73 62 80
40 45 29
67 83 9
56 96 72
55 23 94
57 66 3
53 49 43
35 77 73
91 16 89
53 89 91
54 85 46
14 18 94
20 19 83
17 79 74
0 58 90
81 25 61
90 59 47
67 42 14
80 68 28
69 83 58
57 46 16
89 50 45
26 65 19
78 86 37
44 54 71
14 75 69
4 10 95
95 83 35
23 73 8
4 72 19
53 42 71
1 5 23
42 51 21
29 66 38
67 54 22
37 18 40
97 64 63
39 70 60
90 55 9
44 73 21
37 96 81
27 69 24
44 17 12
68 10 93
21 88 52
62 65 59
97 61 51
29 35 65
34 69 26
38 33 25
55 17 21
65 28 83
61 24 37
20 71 87
70 79 31
67 73 49
72 13 51
67 83 4
26 20 27
28 47 15
72 82 38
10 16 13
51 28 32
36 16 46
56 13 33
34 18 58
56 68 2
71 73 42
67 29 18
35 22 78
85 40 63
54 34 23
13 54 72
13 3 7
53 19 81
90 6 17
41 12 38
3 66 64
30 17 28
5 38 18
86 6 82
48 53 17
76 11 79
29 71 9
20 96 32
70 20 31
22 1 95
51 15 95
14 70 46
54 49 51
34 2 76
21 5 29
37 25 22
65 59 87
86 92 95
63 5 89
15 35 46
84 48 7
13 99 37
13 5 20
76 15 12
63 0 49
21 29 59
94 77 94
84 58 11
52 17 49
19 97 58
69 3 71
26 59 52
43 60 48
35 13 3
22 51 83
71 84 15
61 54 16
58 85 82
13 32 27
30 43 24
48 69 7
20 32 63
98 15 62
15 37 14
0 54 14
55 97 86
31 60 4
47 1 45
2 26 100
75 79 40
59 37 33
78 22 44
82 32 68
35 17 13
27 98 81
21 67 93
75 46 80
61 70 16
79 95 20
16 3 100
7 76 1
89 73 65
90 28 89
44 79 23
88 75 71
95 97 11
4 56 49
86 96 73
19 87 22
19 32 91
39 85 71
19 86 83
80 52 47
8 90 74
96 64 98
84 74 88
67 7 13
80 37 83
43 7 4
31 55 37
74 0 77
45 88 72
29 62 85
33 14 96
28 73 13
73 89 57
43 31 39
6 79 70
42 41 93
82 44 64
53 78 69
22 29 39
48 67 74
16 9 12
41 80 98
26 30 18
95 98 89
47 18 41
18 9 62
3 91 47
3 10 25
5 91 94
28 53 93
52 67 77
24 14 25
60 3 1
90 65 20
42 2 99
42 9 100
22 60 85
59 20 10
58 77 63
60 6 38
87 65 71
82 5 32
7 82 65
1 84 56
82 57 42
84 96 82
0 14 24
5 97 45
35 28 94
42 18 52
78 63 37
16 65 79
58 25 74
11 14 80
28 80 28
94 68 75
86 87 73
91 9 98
60 81 60
51 32 61
38 6 18
26 41 44
99 96 90
64 95 95
75 27 67
56 79 46
16 88 23
80 99 52
74 49 7
15 6 18
63 71 11
26 91 84
32 83 6
32 74 69
4 16 17
49 99 88
73 50 49
29 34 89
85 68 80
39 4 3
15 36 3
28 15 87
83 18 3
76 44 63
0 46 86
61 13 98
10 21 34
18 50 67
55 99 48
28 83 54
29 17 7
81 25 77
67 70 51
71 62 2
35 39 82
14 92 35
46 99 76
84 32 12
10 37 14
20 13 32
22 95 86
6 44 10
63 45 4
56 87 100
28 94 86
44 9 19
41 55 79
2 19 82
28 38 99
96 93 52
54 42 20
35 69 73
89 28 80
51 40 93
46 66 93
25 89 83
55 67 42
76 7 64
86 53 12
17 53 29
44 10 56
24 70 37
82 48 52
36 83 71
65 3 28
72 88 98
11 94 51
46 40 77
70 98 66
55 92 98
32 97 11
40 3 99
9 35 52
46 96 65
4 28 8
21 5 98
40 2 92
79 18 15
65 73 99
52 38 25
51 73 83
54 71 74
56 35 69
56 17 19
61 68 92
20 29 46
28 64 83
24 18 14
27 89 29
13 5 25
11 63 89
2 24 42
98 82 42
80 37 84
23 64 27
77 26 48
19 80 42
35 20 53
42 1 31
52 22 79
61 98 7
4 96 1
61 48 81
1 98 65
42 35 67
8 46 90
95 29 3
92 4 92
64 76 91
54 10 8
2 79 15
81 28 7
83 62 70
77 96 96
3 14 85
50 6 52
50 8 57
23 34 33
65 11 63
45 33 40
12 50 79
50 4 95
86 78 95
19 70 6
18 68 15
34 4 31
54 3 19
91 52 59
21 98 29
24 1 64
21 18 59
44 62 17
92 87 95
5 18 67
44 72 92
77 76 77
77 86 56
67 99 79
70 73 91
81 74 94
49 4 95
98 35 21
14 59 80
34 29 50
74 54 28
53 31 66
86 18 93
35 31 11
88 55 56
37 91 39
95 24 87
6 33 48
96 67 3
84 79 58
86 52 12
1 51 10
18 22 68
8 24 98
20 30 63
85 57 74
98 16 68
3 57 40
81 53 50
24 22 44
6 23 7
46 77 65
76 12 30
76 35 37
14 27 44
29 99 52
76 41 44
56 74 11
48 17 92
61 89 29
94 32 4
51 92 54
75 94 35
78 70 26
51 28 55
41 20 29
40 11 35
1 79 82
64 39 10
6 10 79
9 98 26
54 7 62
55 70 56
65 14 8
86 26 40
87 4 100
19 22 53
34 61 99
64 88 9
23 61 36
8 49 68
41 26 76
34 92 9
14 76 66
54 11 72
49 58 83
24 32 90
44 49 66
82 4 6
40 99 59
53 92 93
52 47 45
44 67 96
33 58 27
57 21 21
82 40 24
63 30 37
27 60 87
8 69 8
28 55 75
21 6 13
72 37 40
53 32 25
36 56 74
23 91 78
67 72 9
89 16 38
13 40 39
92 80 87
97 47 75
64 97 76
1 0 16
18 89 32
82 0 13
83 6 14
1 61 45
98 90 79
28 73 15
27 68 95
61 7 39
44 31 57
86 54 52
87 18 17
72 30 26
2 3 92
39 87 81
52 38 31
4 78 69
94 0 65
69 77 36
76 12 37
26 51 32
30 24 59
63 66 51
93 74 99
37 50 56
82 7 57
80 58 62
78 47 27
94 58 64
52 34 47
91 27 11
82 13 47
7 37 41
46 12 66
76 6 41
25 86 11
73 28 58
70 45 54
79 53 35
32 54 3
12 77 82
43 75 37
92 64 42
88 37 34
43 10 34
38 0 58
50 3 68
42 75 77
19 54 62
41 65 26
89 11 11
36 33 75
59 67 36
7 37 33
94 46 79
56 83 6
2 23 68
97 82 9
48 1 26
43 81 5
1 34 77
49 61 72
3 71 98
60 48 80
46 78 35
45 69 5
76 27 3
72 1 23
82 12 5
62 86 76
3 69 44
87 76 57
60 86 62
37 27 94
21 54 6
25 79 77
99 2 4
4 89 68
15 94 60
79 32 73
79 14 84
66 23 44
3 16 13
82 33 46
64 59 21
39 5 86
10 92 95
22 8 25
59 92 39
94 28 18
83 45 84
96 0 80
89 7 20
69 12 19
76 86 24
58 19 11
10 31 3
72 80 57
27 39 72
60 25 75
43 14 53
71 15 59
91 53 54
63 58 16
41 78 74
25 50 30
4 47 34
6 33 22
27 43 5
93 5 67
82 29 39
89 16 3
51 71 81
91 51 95
90 34 16
5 17 68
14 26 91
57 10 41
14 13 13
67 14 38
58 2 8
43 15 26
90 16 97
93 75 60
79 82 91
67 3 9
43 80 88
77 51 27
16 34 94
95 59 34
71 64 49
76 34 33
76 93 17
26 15 62
79 48 27
34 12 82
9 33 48
55 57 99
15 21 51
13 38 18
96 37 3
50 33 91
51 38 49
11 93 52
62 23 32
28 37 96
42 3 83
1 80 54
83 59 9
70 90 7
6 19 23
15 28 23
64 65 9
57 75 10
75 16 69
22 40 54
92 19 14
25 95 73
78 26 68
54 39 12
0 24 77
81 74 88
2 40 78
81 89 62
12 57 30
72 34 80
17 72 23
76 14 21
33 85 27
86 95 75
0 75 15
29 85 75
56 33 31
57 69 82
49 50 65
57 70 96
10 73 4
14 73 94
7 8 57
37 40 26
92 71 80
7 78 99
53 4 29
9 57 69
31 33 46
80 43 81
28 90 99
17 61 98
75 66 2
79 62 21
27 62 27
57 41 54
67 42 44
38 90 29
72 85 40
47 65 3
65 99 87
64 6 24
64 26 42
35 93 1
97 89 24
43 12 9
64 93 23
46 88 84
25 57 94
61 33 10
7 50 74
92 18 61
6 99 30
71 8 2
80 40 14
33 6 13
93 61 78
66 38 32
25 34 92
62 27 67
32 6 40
48 73 54
55 30 1
67 66 9
49 27 78
95 84 94
13 56 95
37 32 32
41 28 27
25 57 66
44 5 8
60 32 99
56 63 56
23 34 36
24 30 28
49 59 64
61 70 99
1 29 35
43 73 17
29 11 99
16 28 16
66 79 6
66 75 96
85 15 69
95 8 90
27 13 6
52 11 90
57 66 79
57 25 17
84 55 68
4 85 14
69 97 82
24 38 6
71 37 88
58 23 90
42 11 69
3 97 8
75 36 46
26 41 63
43 87 14
98 77 98
89 24 87
89 47 43
35 26 18
82 33 54
46 24 61
96 8 82
99 81 64
61 43 61
56 96 83
22 63 45
56 94 72
50 57 16
83 20 80
67 34 39
15 59 6
38 42 75
25 11 23
56 40 2
10 33 29
56 76 89
11 61 32
51 95 51
60 84 95
86 18 66
30 78 54
80 70 46
45 7 2
17 25 21
61 87 56
1 93 41
72 22 44
23 99 65
4 80 27
91 46 55
97 19 38
13 31 98
55 97 46
25 45 89
26 19 91
28 93 84
18 62 30
2 25 29
79 52 25
28 34 97
17 98 13
63 58 91
41 63 89
29 1 42
31 56 1
12 32 66
5 89 86
85 28 86
84 85 34
93 82 67
0 86 71
78 44 64
35 84 74
59 80 43
51 36 38
30 44 82
87 71 95
0 17 67
91 17 14
65 49 5
15 45 48
54 60 97
85 10 100
66 84 30
1 83 68
40 16 95
13 24 17
50 97 73
82 50 28
11 81 13
78 49 90
19 59 65
66 13 73
47 43 45
6 71 22
69 33 68
64 43 80
6 80 95
16 89 81
96 37 11
56 82 95
99 42 53
70 96 41
30 23 53
65 82 53
28 62 44
24 18 24
81 13 30
22 4 38
42 0 28
44 71 72
94 78 57
33 95 81
98 40 19
19 91 76
4 54 42
76 38 47
97 18 73
11 76 16
72 1 17
8 9 85
24 34 25
66 30 67
66 56 23
88 66 30
70 19 96
38 9 93
49 33 72
78 48 79
79 7 6
56 19 43
49 10 80
41 5 91
94 25 17
58 69 45
1 91 11
31 9 51
4 70 62
59 61 99
33 49 15
70 27 55
51 69 44
42 23 64
49 78 16
50 45 12
39 98 81
86 66 47
83 6 3
42 29 7
71 22 76
76 38 92
48 91 25
25 23 39
25 13 20
74 99 19
57 6 67
12 54 35
9 4 91
53 28 4
62 75 70
70 26 89
14 75 10
71 21 95
25 44 21
99 4 83
76 88 33
32 40 35
12 58 55
86 56 60
41 34 65
35 71 99
38 16 44
29 84 67
51 77 10
76 72 45
75 81 56
48 6 57
48 69 95
28 14 55
67 53 98
83 82 37
12 42 20
69 3 63
13 19 47
8 15 78
93 5 78
97 48 2
87 78 87
17 23 92
37 6 94
94 68 74
48 79 58
83 41 87
76 30 48
88 10 94
51 59 49
9 85 17
26 46 37
27 10 76
58 71 62
0 47 72
65 99 93
42 16 5
68 21 73
27 4 48
15 89 68
72 77 33
91 55 1
59 82 26
75 7 40
15 23 71
91 89 11
71 14 52
41 76 19
63 9 46
2 92 51
21 28 70
77 89 100
85 36 90
0 51 10
15 24 3
80 73 71
87 97 28
39 0 87
57 76 18
77 31 68
94 2 40
79 75 50
85 82 50
3 22 49
46 52 71
82 8 53
87 41 52
34 16 7
32 19 97
7 3 32
60 79 78
96 23 16
99 24 76
97 50 33
78 58 13
35 73 94
37 67 75
99 63 90
57 14 21
52 63 71
1 16 3
82 1 99
41 32 29
23 84 97
62 15 87
27 84 84
31 37 65
2 9 69
66 5 59
72 0 51
35 61 49
28 89 73
69 86 74
35 62 70
68 15 60
56 36 92
10 91 58
86 79 65
47 9 58
83 65 94
40 11 98
21 19 35
2 85 87
98 31 28
22 7 91
45 70 88
57 48 91
36 10 49
76 45 19
30 74 75
35 87 96
53 19 35
62 79 58
49 92 93
72 40 16
29 14 5
71 56 3
52 21 43
75 59 21
45 97 43
3 99 48
75 14 44
86 74 18
3 9 25
51 12 43
31 97 92
29 55 70
48 69 64
74 57 8
19 6 45
40 53 89
38 83 66
17 65 4
0 21 98
18 14 44
28 10 53
80 16 8
69 14 63
40 0 3
92 11 100
84 22 71
47 51 79
99 57 17
64 16 98
5 78 70
82 71 46
52 78 90
72 19 25
16 13 74
63 83 28
26 77 77
44 13 18
30 88 21
43 30 75
3 67 98
82 62 59
56 16 14
73 11 78
90 10 21
15 45 22
27 76 14
43 63 77
88 31 17
4 17 80
25 93 7
78 94 45
8 26 29
11 81 43
85 35 25
74 24 38
89 78 54
72 86 78
76 91 33
50 41 60
44 55 20
27 76 88
89 36 78
45 49 29
0 91 66
55 6 90
58 8 92
66 19 87
55 90 28
94 56 95
21 58 33
85 42 45
48 24 10
65 93 45
87 2 68
13 44 58
80 78 83
21 20 38
33 91 93
69 21 38
15 42 10
73 21 96
1 11 36
69 3 77
80 36 31
91 64 13
95 82 75
54 33 23
47 98 53
56 50 40
51 16 79
2 80 17
81 36 45
42 67 92
56 16 91
41 78 42
50 16 39
13 4 19
82 93 70
53 72 6
85 84 44
95 9 85
4 24 7
9 4 80
92 53 28
94 87 80
56 82 19
70 48 44
34 65 54
28 45 64
44 41 61
36 19 91
19 2 34
61 93 95
19 45 53
87 74 94
67 90 92
72 95 62
66 55 92
17 94 31
96 23 90
24 97 87
74 25 93
79 33 11
30 7 36
16 54 67
90 98 63
13 38 30
53 5 57
34 33 85
21 63 70
53 43 89
87 79 36
92 69 17
2 32 42
52 87 56
47 9 35
33 39 94
7 40 22
11 89 32
86 44 40
62 16 11
41 2 86
51 65 40
9 19 37
66 42 5
71 44 30
28 60 2
32 98 55
80 2 71
18 3 53
97 74 62
70 88 37
13 29 23
13 95 1
90 48 54
97 88 48
26 80 76
93 6 12
68 33 56
89 54 7
22 49 14
96 47 95
1 8 83
37 8 17
58 59 65
2 40 99
84 71 18
15 67 69
9 54 11
93 36 94
3 19 44
46 26 85
32 37 34
60 24 20
24 23 70
81 22 23
60 68 89
72 5 55
7 47 67
31 98 36
90 23 79
71 99 100
77 42 45
94 62 46
60 41 96
40 72 8
59 75 9
69 35 97
30 22 56
3 64 4
98 42 44
65 74 23
5 68 67
70 43 78
90 91 86
24 97 10
20 68 4
54 77 20
87 9 49
26 68 100
31 46 52
82 34 75
75 94 38
53 49 49
1 19 17
45 25 21
18 61 40
89 98 48
86 52 87
54 31 91
60 13 50
16 96 52
7 60 70
60 20 95
29 25 15
95 9 81
52 9 51
49 54 54
65 17 81
18 8 60
95 75 23
6 67 98
87 65 99
83 89 40
42 46 64
84 66 2
7 60 40
22 80 12
2 48 80
49 23 43
7 85 13
76 7 66
55 0 59
84 3 8
70 49 27
23 55 13
85 54 37
16 73 6
45 48 50
67 8 63
50 48 82
38 10 67
45 11 46
39 18 78
46 49 90
47 37 5
45 35 48
30 72 42
51 29 26
