70 56 77
38 9 38
37 94 91
91 58 1
13 86 44
26 52 53
3 6 1
12 19 10
41 39 62
48 79 2
36 47 7
8 84 14
44 13 41
41 91 57
25 98 31
3 92 59
65 64 25
78 77 25
37 94 26
3 7 29
76 73 69
46 72 21
35 73 18
13 51 67
51 53 99
80 20 17
16 37 3
77 9 34
41 4 55
65 46 3
46 73 94
92 36 32
61 6 94
17 22 97
59 50 3
66 11 95
45 81 70
93 59 23
27 41 29
71 90 97
21 22 63
67 10 18
15 18 57
96 72 71
88 66 13
1 37 40
64 34 76
19 32 85
9 93 23
33 38 16
81 51 1
61 91 96
22 9 32
55 25 78
67 65 87
52 69 20
38 20 13
10 74 43
38 7 59
41 49 22
98 12 84
88 41 50
6 92 39
71 23 10
84 45 76
91 29 7
80 15 64
41 35 14
12 45 94
98 92 82
16 41 38
31 28 70
67 24 72
26 34 73
70 45 78
87 22 17
1 19 45
31 87 59
1 92 24
45 62 69
38 19 9
62 47 56
39 16 79
85 77 7
65 19 51
59 33 82
51 54 86
16 28 10
86 52 21
53 55 18
9 83 25
66 28 68
15 73 23
7 42 80
8 39 29
29 9 68
98 14 60
39 66 81
38 94 33
13 45 47
82 62 94
9 74 19
20 25 71
73 55 11
75 4 98
85 31 19
56 29 71
62 17 51
28 92 45
53 34 87
46 38 19
95 84 32
24 7 2
23 67 91
8 31 19
15 83 25
21 13 25
40 80 62
74 95 83
91 84 89
34 23 67
22 23 62
5 77 40
88 30 9
95 92 56
28 49 1
78 93 76
34 95 18
28 86 98
35 97 23
4 85 15
81 10 98
18 51 72
50 45 60
96 7 95
92 77 99
42 26 100
47 72 88
18 28 39
95 38 30
85 92 74
73 45 63
89 7 8
74 8 40
12 3 63
49 67 51
54 29 5
83 70 43
50 21 61
21 6 60
18 65 18
62 7 88
79 35 96
88 78 26
34 64 4
88 64 61
52 13 79
25 63 15
21 38 96
22 63 24
85 94 41
63 34 48
38 53 81
21 29 26
30 17 59
21 82 71
7 27 23
42 37 42
87 43 11
84 55 47
42 63 79
84 49 61
75 20 58
5 8 7
55 69 49
18 25 55
25 5 44
18 68 77
58 9 67
17 59 44
88 29 66
20 53 81
19 74 94
66 24 57
51 7 5
16 86 66
18 45 26
62 30 37
68 3 49
15 27 70
48 63 70
7 25 10
30 73 77
5 69 33
38 1 97
58 81 69
19 34 69
58 38 91
19 81 52
31 55 79
6 29 20
32 45 56
36 9 94
48 0 41
38 11 33
38 23 61
96 42 99
70 80 82
47 34 37
0 13 43
64 31 18
52 2 11
80 10 99
7 31 87
80 11 95
50 81 5
38 33 37
25 24 79
28 40 5
43 72 45
99 63 43
6 97 61
69 6 23
83 29 73
24 54 90
10 82 25
77 62 37
26 62 37
92 98 21
84 45 1
67 50 8
84 65 100
47 62 36
53 92 87
7 16 40
76 91 57
23 73 26
55 34 18
26 99 86
65 44 2
3 5 89
9 6 75
98 22 51
56 65 24
66 87 24
27 64 18
89 62 30
89 31 38
63 16 33
24 13 49
53 4 26
70 80 75
28 76 24
87 70 42
79 27 93
41 33 91
4 52 1
7 13 97
25 34 85
42 7 65
70 27 86
43 52 17
83 65 2
72 42 36
84 82 98
1 86 94
17 39 55
41 83 37
44 29 98
20 96 93
20 13 47
53 18 56
87 45 81
1 77 9
86 92 48
20 62 95
76 43 76
71 7 14
95 24 70
93 33 83
91 24 31
71 51 17
14 48 15
68 60 27
48 97 40
75 79 33
99 50 94
99 31 32
2 91 1
24 63 5
44 56 11
28 34 46
42 14 84
7 62 63
27 17 47
43 37 37
33 81 52
12 11 62
66 77 53
83 34 36
94 66 98
60 96 17
36 59 97
9 46 67
77 48 83
86 21 17
88 45 77
35 92 18
4 70 8
59 73 1
38 37 31
0 63 67
70 19 37
14 70 15
91 39 81
64 76 47
93 44 26
66 56 52
27 42 18
17 3 71
58 51 65
94 81 53
85 15 1
88 80 96
15 55 33
67 87 100
96 32 74
98 88 57
1 54 22
79 96 7
11 6 50
62 38 100
43 40 12
43 81 24
60 74 14
25 79 34
95 0 54
86 82 22
6 88 68
57 29 49
25 77 70
93 14 87
80 46 25
31 85 72
54 63 30
66 30 44
38 3 36
12 83 31
59 41 38
45 78 33
44 50 21
59 79 64
37 47 98
41 36 62
79 58 54
25 78 2
83 29 72
45 99 55
68 53 95
2 47 72
63 66 18
23 60 7
83 91 24
72 89 90
78 22 86
85 72 18
96 57 52
71 40 24
19 4 42
79 73 57
22 3 42
72 25 40
86 56 68
89 3 11
37 46 56
34 3 36
43 23 60
96 56 10
91 47 69
67 41 29
13 31 29
4 97 11
67 0 31
4 78 7
98 85 10
52 71 51
33 4 1
94 98 53
96 27 8
14 85 55
42 16 87
60 51 60
18 7 89
21 63 95
75 33 87
85 28 44
10 64 64
33 5 27
54 82 17
94 55 19
98 15 25
39 91 19
37 35 13
96 43 15
27 54 41
27 21 2
46 26 36
86 69 87
61 93 3
30 12 77
17 70 85
3 84 9
74 24 13
60 87 34
1 10 25
64 8 48
58 25 54
59 92 8
59 13 6
89 10 37
16 55 45
59 66 11
73 1 74
84 42 52
59 61 67
95 59 41
74 45 23
23 90 18
19 59 70
20 11 67
36 56 88
2 48 77
20 23 25
24 93 55
42 7 86
85 97 56
36 43 25
62 92 10
64 63 61
6 15 24
81 13 30
50 22 6
37 53 91
75 25 48
30 8 12
41 8 42
18 7 83
8 65 50
80 75 9
90 93 10
98 81 75
22 0 59
69 73 11
55 85 38
3 88 80
51 63 25
37 40 27
91 3 96
61 34 27
11 93 36
92 98 93
90 19 54
30 3 9
76 17 2
68 70 31
32 9 1
1 85 87
95 85 29
65 56 1
62 71 92
24 56 40
71 22 64
63 45 3
39 94 65
13 92 40
18 35 85
0 86 22
63 93 79
66 59 86
83 70 34
65 27 21
22 36 60
1 95 99
11 58 49
20 32 35
55 14 6
14 10 53
9 62 59
61 52 26
43 78 21
67 57 8
80 91 34
75 70 100
70 36 32
98 28 27
96 76 48
18 34 27
83 73 74
50 99 24
50 36 84
46 0 64
77 34 79
65 5 83
80 49 26
46 48 60
45 40 85
27 38 15
25 24 43
14 78 9
97 66 60
92 15 8
45 6 79
92 57 28
50 31 70
64 79 52
79 0 25
14 80 16
87 79 69
79 65 50
21 40 73
42 17 36
18 58 6
72 38 29
52 80 16
3 14 39
81 95 64
58 81 88
72 8 100
99 57 25
55 99 77
78 17 100
6 85 51
99 95 18
13 2 17
33 6 31
86 81 83
42 2 90
68 53 30
82 53 89
45 46 88
99 81 75
83 22 3
94 45 82
27 69 2
3 81 63
81 48 5
67 3 74
33 32 82
93 6 75
54 18 72
14 83 17
87 88 56
66 94 85
85 50 91
56 5 58
98 94 83
8 74 71
95 3 88
55 56 23
38 26 5
55 68 48
69 85 27
12 32 40
42 22 45
84 26 55
2 11 73
22 71 48
7 64 47
89 14 89
96 43 68
55 14 86
96 50 91
87 50 79
71 73 43
86 91 93
5 56 47
78 86 74
21 61 13
23 73 82
43 76 44
19 9 58
1 75 31
54 39 11
23 62 32
17 13 85
78 97 79
0 1 97
98 75 58
38 11 18
95 85 50
69 51 64
34 96 9
81 7 89
94 70 87
25 60 87
24 61 78
93 16 92
10 32 90
86 33 91
2 12 34
40 34 88
82 71 60
29 92 97
15 88 37
10 33 42
59 0 23
88 20 19
2 62 2
74 98 88
42 52 69
27 6 4
47 17 43
91 53 3
88 27 26
29 57 52
58 71 76
40 44 11
67 17 42
91 79 68
79 73 88
25 44 31
54 36 92
92 48 43
79 88 53
90 38 16
49 93 13
15 69 18
98 75 78
26 18 100
3 93 10
33 42 50
44 60 39
17 76 44
68 97 86
20 65 58
18 39 92
92 75 66
72 31 24
6 84 14
50 15 94
30 83 51
86 92 65
19 77 47
75 91 55
76 55 73
14 41 33
37 29 53
40 38 5
78 4 28
94 25 20
9 34 35
34 22 100
41 26 39
40 21 8
63 54 64
65 70 1
69 81 17
21 40 78
8 50 8
77 64 2
35 79 52
53 83 3
49 52 66
92 89 71
16 73 85
4 74 9
84 70 46
45 93 54
21 88 65
29 69 11
98 83 80
33 79 92
51 39 25
70 56 49
52 47 31
33 54 5
40 62 9
60 70 60
39 63 56
56 75 79
20 74 64
97 57 78
55 51 91
88 50 15
58 32 72
56 76 79
12 74 59
37 68 28
19 60 40
28 70 77
67 80 18
77 83 72
72 33 43
2 14 33
30 23 72
29 32 53
41 10 2
0 60 19
86 52 56
8 69 98
82 55 56
9 45 38
82 80 36
42 49 69
94 11 55
17 12 9
56 6 38
3 34 36
64 94 22
74 75 13
33 70 23
60 66 17
30 7 38
83 71 83
14 31 16
85 68 36
35 91 65
4 65 87
15 54 17
74 67 84
19 70 23
90 85 15
2 74 62
53 21 1
63 3 26
7 43 21
9 43 55
49 74 61
69 87 25
66 97 99
49 34 34
91 84 57
1 22 69
77 31 20
68 7 43
24 75 36
83 84 74
63 2 20
0 30 86
35 93 6
2 11 76
36 76 55
51 22 29
59 55 56
84 93 81
4 71 79
95 64 60
85 27 58
49 24 86
69 3 5
58 89 66
8 26 94
49 93 35
66 80 95
23 88 64
2 91 16
88 83 38
34 90 35
52 39 5
13 62 23
16 51 20
5 45 47
97 77 44
83 38 52
3 85 70
34 40 81
55 44 61
10 54 21
53 1 25
12 63 70
85 25 35
27 71 22
6 20 17
71 31 76
33 16 72
56 43 1
53 48 37
67 72 81
47 11 65
27 37 71
77 72 66
93 82 76
53 16 87
23 84 34
91 61 6
31 57 29
7 50 91
8 62 58
16 33 56
25 29 82
28 77 12
42 91 21
79 37 47
61 55 88
40 81 21
85 67 26
81 36 85
83 85 71
61 75 42
35 70 27
29 71 42
46 24 4
64 30 8
10 38 49
63 49 37
30 67 96
98 39 25
60 79 37
84 76 98
88 94 13
47 68 85
28 0 20
21 84 14
18 54 3
11 44 28
50 94 19
7 22 100
82 44 28
5 33 70
44 20 72
98 70 52
27 62 10
31 77 98
43 81 42
10 87 2
40 64 67
22 97 97
26 14 99
57 62 51
66 52 79
66 53 17
0 79 76
3 77 60
21 40 85
99 9 70
48 36 94
69 0 20
63 25 92
91 32 24
25 1 96
48 91 4
25 81 40
43 12 68
32 30 38
31 74 98
47 83 82
84 13 43
0 10 1
36 53 18
23 39 29
23 20 12
41 3 41
52 15 71
66 9 28
29 28 26
2 11 56
98 86 54
83 27 93
18 84 84
36 98 52
92 58 20
16 95 43
90 37 26
43 24 21
2 88 46
71 30 88
26 25 81
40 95 93
73 46 85
2 31 62
9 45 60
16 86 58
40 93 9
60 4 41
98 20 19
97 96 34
78 70 91
25 83 2
82 91 92
59 95 29
64 55 99
37 94 82
71 41 85
78 54 59
9 61 85
41 5 22
56 19 3
15 22 68
41 7 72
41 97 23
88 76 66
97 33 26
71 75 8
46 45 43
82 66 58
80 57 51
46 88 24
60 77 75
22 15 67
89 92 1
15 52 51
0 71 63
74 88 78
83 97 43
80 87 94
73 35 43
45 40 87
86 51 53
36 34 56
13 24 88
86 19 43
5 82 23
35 31 42
55 89 77
46 50 30
79 63 43
76 34 18
32 69 84
27 28 58
24 21 57
37 85 62
27 33 57
83 59 11
25 27 33
6 8 78
38 20 50
80 29 39
94 41 1
11 79 51
23 14 32
79 42 51
99 85 76
44 62 39
87 67 54
42 27 85
76 87 55
4 32 74
39 3 16
24 93 8
95 70 86
78 8 47
45 19 71
15 64 57
91 71 35
5 57 48
26 7 96
16 38 28
71 24 52
99 81 20
67 27 67
13 23 31
71 25 88
76 69 62
77 0 39
89 20 60
59 38 96
11 70 76
26 51 92
46 54 97
87 57 35
13 88 26
1 92 97
61 78 9
19 68 67
56 96 85
37 50 27
47 54 58
73 96 54
81 41 37
95 12 54
3 9 11
73 49 11
58 94 86
99 0 11
13 28 14
73 93 58
77 42 64
30 44 85
64 5 93
82 44 76
46 17 89
26 69 98
77 10 41
6 70 7
84 90 35
26 45 17
4 48 63
67 8 4
25 74 84
4 50 97
68 80 92
25 57 61
84 8 30
29 8 64
95 83 61
93 5 74
70 22 57
1 23 83
31 58 64
60 44 5
41 25 7
89 29 87
9 10 62
31 60 89
28 98 58
50 68 49
84 92 85
59 10 71
6 21 30
94 2 98
40 11 39
36 55 28
6 59 82
26 25 77
40 31 64
71 40 91
31 92 94
43 9 35
77 41 1
10 4 33
58 6 7
66 92 34
48 1 22
61 37 31
48 61 9
81 14 54
43 73 11
24 38 96
27 8 59
31 12 25
61 27 36
59 22 70
37 25 37
16 59 85
4 63 62
17 68 15
55 33 59
34 25 89
9 83 34
9 88 97
61 95 10
96 62 76
42 40 40
82 78 79
3 84 3
45 10 57
92 87 53
43 54 73
72 12 9
20 16 1
12 56 87
15 78 82
98 27 20
75 99 43
60 90 6
60 88 73
13 47 69
55 49 7
19 44 79
44 17 22
38 42 86
23 44 18
94 37 21
35 36 15
53 56 25
77 9 73
74 40 44
88 4 23
4 43 53
27 96 9
99 46 50
62 84 58
99 7 80
45 19 91
59 25 74
40 80 95
40 50 64
37 0 78
84 45 64
6 13 68
78 17 70
20 53 58
28 22 51
27 11 24
83 9 41
15 18 71
27 74 70
28 84 20
35 41 77
75 61 71
75 65 53
89 29 83
92 71 3
70 67 17
97 91 41
76 80 7
41 74 54
60 74 57
97 13 25
36 33 100
56 94 98
14 78 87
85 4 89
9 20 9
54 48 29
26 90 47
24 34 57
45 16 54
14 23 34
34 58 26
94 75 69
1 47 88
63 64 1
84 11 67
74 82 54
58 70 31
36 23 32
37 45 38
99 65 15
31 65 55
7 65 91
87 81 46
47 36 37
38 15 78
65 25 15
12 33 91
50 55 43
75 93 83
12 20 20
42 93 4
37 51 10
26 70 77
49 84 50
74 58 32
61 57 42
6 92 40
31 71 59
99 69 100
4 49 79
87 51 25
16 17 27
87 49 27
25 54 53
82 31 4
55 90 89
66 16 77
98 67 50
49 92 82
29 92 93
75 5 67
70 22 77
6 98 47
68 75 44
83 14 59
85 65 89
95 62 42
97 25 66
61 89 31
76 0 56
90 85 84
74 83 17
63 92 94
75 30 79
64 19 50
21 55 96
24 73 54
43 66 30
43 66 6
98 92 22
18 1 47
52 26 14
2 68 45
61 67 5
38 88 81
56 84 99
59 60 49
75 39 63
0 76 99
24 79 10
92 89 71
79 27 99
72 30 61
60 36 8
8 17 84
13 72 37
47 18 84
11 33 21
9 28 69
14 57 73
35 5 94
4 13 46
14 65 66
21 95 33
40 22 52
88 71 50
91 45 67
3 10 18
19 31 92
36 29 15
45 64 26
99 91 44
94 70 60
95 85 52
69 60 75
37 6 85
77 81 24
10 70 23
51 94 2
54 63 49
90 6 75
24 22 47
98 62 37
82 75 57
80 90 88
95 34 75
20 8 1
46 31 43
91 17 27
30 33 22
89 0 62
64 80 31
62 51 94
80 53 92
73 6 68
24 98 30
96 9 6
12 74 40
81 35 51
76 13 100
52 24 86
6 78 68
0 19 1
13 3 74
31 17 47
63 8 94
25 59 3
48 69 74
36 15 50
5 70 99
99 78 49
52 36 2
67 78 2
65 15 13
89 8 97
85 12 100
71 92 94
33 66 86
84 22 7
83 26 76
93 26 30
32 79 31
10 26 71
55 33 28
24 66 39
57 59 98
83 49 79
66 82 95
93 34 67
59 81 30
70 62 40
66 73 18
55 18 34
44 95 4
35 61 27
55 79 95
3 60 2
14 5 8
91 19 65
56 83 60
99 41 98
56 53 26
86 82 65
13 72 82
72 71 80
49 25 77
14 79 77
68 54 46
27 41 48
29 61 49
59 6 13
47 33 66
83 28 30
84 28 48
74 9 96
17 94 82
81 19 53
55 76 31
98 23 44
46 76 27
8 76 18
89 67 86
15 37 65
20 86 22
71 9 77
46 36 78
40 3 86
51 25 25
37 74 67
66 74 87
36 33 100
57 96 29
25 30 60
10 68 89
0 50 3
29 18 15
28 84 96
62 5 10
49 87 25
64 52 8
34 28 62
75 97 7
45 96 25
27 85 41
32 42 64
80 28 92
95 31 86
64 96 19
88 7 63
24 98 23
60 90 80
35 26 20
6 27 35
48 77 2
9 20 49
30 74 5
15 42 69
95 50 60
47 83 7
46 94 98
22 47 8
56 77 10
3 10 20
55 3 28
91 67 18
36 24 47
88 59 89
77 35 4
70 35 47
14 48 8
98 63 2
12 63 78
70 72 70
54 80 96
72 63 11
39 22 62
68 82 35
85 59 71
2 39 30
72 58 69
5 75 29
31 56 45
77 40 28
89 58 38
1 23 77
93 33 74
78 33 83
98 73 38
39 47 27
25 61 99
31 30 97
75 28 26
93 62 22
19 95 47
58 7 23
73 76 1
41 32 51
58 4 40
95 36 34
66 78 25
8 62 75
32 30 72
1 58 19
95 24 16
3 60 25
56 15 85
87 13 99
98 90 4
60 76 8
10 16 61
4 76 93
44 62 54
98 15 66
16 26 39
0 71 100
31 74 69
44 57 53
52 23 2
18 76 53
62 34 95
29 89 27
77 75 100
47 74 70
35 6 98
80 3 41
84 86 20
26 27 18
58 42 53
4 87 66
89 82 13
90 25 28
1 9 1
7 23 50
91 94 36
97 96 47
3 17 63
16 92 18
9 98 8
2 74 83
70 49 8
57 98 71
86 3 77
41 51 67
65 57 28
98 51 46
25 63 10
97 48 28
54 34 56
23 99 19
42 73 64
84 16 65
49 90 48
4 50 35
64 90 37
70 67 73
54 4 1
62 65 7
3 16 50
67 12 9
30 29 36
64 86 71
2 21 13
70 69 32
94 51 3
81 40 97
79 41 55
32 49 90
68 91 8
89 45 87
60 9 18
20 38 37
75 49 89
91 60 4
87 75 63
89 69 79
42 80 95
49 69 99
44 3 50
93 7 83
81 12 20
54 43 98
99 32 95
3 22 55
8 60 60
85 96 53
41 36 98
93 9 8
89 94 51
44 65 15
4 46 52
69 65 97
8 98 66
37 11 94
36 49 53
10 54 86
58 56 23
85 86 72
24 63 21
39 98 76
71 53 23
74 69 94
2 41 74
98 37 47
26 35 99
98 93 93
47 58 47
52 89 69
0 82 43
86 47 96
32 38 21
74 8 86
40 19 88
66 25 27
35 12 7
5 97 29
58 17 9
36 21 71
84 96 36
63 84 73
74 64 69
44 51 3
87 44 29
96 95 48
13 41 95
30 45 52
3 47 33
84 94 14
48 24 42
11 84 42
46 8 6
14 86 6
20 92 32
38 37 81
6 85 53
83 63 30
41 16 79
87 22 95
40 42 78
94 7 17
87 96 20
18 36 72
34 77 5
36 91 9
79 23 25
22 31 1
29 24 29
25 97 5
77 69 41
33 89 75
50 67 83
44 16 65
79 94 18
84 54 95
84 14 51
24 73 40
57 73 71
28 72 43
72 26 57
84 47 31
99 38 7
32 20 87
49 63 95
74 77 95
19 47 51
51 50 26
17 50 70
51 93 19
22 7 26
43 64 5
56 65 29
24 67 19
29 9 86
40 0 37
91 22 87
20 87 24
84 9 35
59 28 68
90 98 100
83 77 60
59 84 33
74 50 35
96 30 91
73 14 8
16 25 36
47 31 40
15 20 35
71 44 96
38 32 28
84 63 63
54 67 76
27 89 86
12 30 16
67 11 85
53 33 9
34 95 24
11 27 92
6 45 58
38 92 44
13 24 24
70 0 96
67 72 13
88 8 16
56 66 47
63 39 28
93 58 90
89 41 48
26 2 67
30 91 94
81 72 97
58 11 51
84 68 57
0 64 66
76 61 72
74 30 19
88 50 23
21 50 95
5 28 1
27 48 35
96 84 67
6 91 7
14 58 45
89 61 16
66 93 42
44 16 25
12 49 79
60 45 40
26 53 60
81 22 17
97 21 7
89 93 83
23 55 10
54 17 20
90 28 43
73 99 74
67 31 4
79 88 7
5 54 54
26 72 76
72 94 66
20 28 27
96 59 20
27 21 99
31 37 8
40 99 100
50 6 41
71 19 70
64 68 61
28 64 39
27 54 42
33 75 66
85 71 15
86 51 5
31 15 60
32 9 84
77 84 74
21 75 82
72 58 99
90 56 29
41 44 77
14 94 38
29 74 20
15 64 20
53 23 63
4 83 8
10 40 34
96 93 97
40 60 99
95 23 96
30 3 74
53 0 59
26 82 26
86 29 23
36 21 7
25 8 77
4 10 66
40 10 60
98 73 93
65 50 77
23 57 87
51 17 5
54 7 71
52 36 42
30 77 90
61 33 45
47 33 80
86 83 84
58 16 41
12 57 76
63 4 70
55 35 91
15 70 91
20 45 71
89 39 57
63 52 56
32 89 46
66 94 59
22 68 7
69 91 80
76 46 47
80 65 25
83 30 25
46 64 23
72 46 11
5 2 6
90 59 76
40 2 57
67 97 33
24 52 31
95 14 32
42 24 22
22 24 14
69 28 58
65 63 12
5 61 93
26 92 81
23 84 25
37 36 57
96 75 61
55 94 94
21 93 16
28 18 100
15 2 49
29 44 14
32 4 76
1 78 63
81 62 64
47 89 68
83 53 29
84 65 29
47 52 83
85 97 88
30 56 29
49 47 65
69 85 39
22 20 65
52 26 39
43 92 33
2 5 35
99 20 77
68 24 18
28 10 71
77 17 30
17 22 76
72 45 73
21 39 54
43 58 7
33 82 14
66 62 44
6 47 78
40 63 65
44 7 78
59 12 38
96 74 63
54 94 58
85 22 36
79 26 91
51 48 61
0 13 89
39 32 18
32 40 25
80 14 87
23 7 60
48 87 39
62 99 97
76 93 68
98 57 96
51 55 92
58 2 8
34 62 98
60 71 8
83 45 73
49 31 16
38 0 94
3 51 1
32 88 61
75 68 26
72 3 21
83 3 61
56 44 46
9 34 38
21 27 59
10 62 55
19 39 84
56 72 85
29 45 22
66 14 18
91 73 72
42 47 42
65 42 81
49 86 22
20 81 1
55 10 12
80 88 58
9 33 82
20 6 51
1 41 62
50 94 22
40 75 70
67 87 12
64 93 90
20 21 97
4 58 22
26 61 84
84 79 24
71 73 90
21 50 48
86 31 65
49 69 14
52 95 33
47 64 95
16 37 77
54 98 81
53 0 16
15 90 59
20 7 92
51 0 94
31 79 63
58 40 73
51 1 66
73 69 95
84 20 72
75 82 44
70 95 57
76 4 46
95 57 60
90 41 87
53 99 28
62 79 79
47 54 9
7 23 91
20 60 24
78 94 50
37 85 57
91 95 53
69 99 48
13 74 80
63 68 91
10 42 4
35 85 29
51 47 72
94 95 96
45 66 81
64 78 47
75 63 3
91 34 32
46 22 56
55 17 75
56 21 32
82 99 4
1 39 32
40 93 78
43 31 13
35 43 62
91 64 63
41 16 71
37 61 18
39 83 92
99 43 83
82 80 34
94 3 92
32 82 33
38 45 72
85 14 57
61 18 48
73 25 41
87 62 94
44 92 47
52 6 31
37 73 77
27 11 52
19 27 32
44 3 5
42 78 96
87 52 48
14 90 16
49 14 70
78 86 20
16 25 67
72 14 33
39 47 60
73 3 68
57 24 14
60 2 92
65 34 96
11 62 66
0 98 6
93 63 30
12 95 64
70 98 34
46 0 20
64 61 52
5 3 69
12 69 68
65 77 56
13 41 54
96 92 51
23 78 43
21 26 32
31 43 59
44 81 9
41 49 59
32 81 27
83 53 50
4 48 40
23 21 43
19 90 15
55 87 27
80 14 63
58 99 44
44 20 16
8 38 100
37 77 61
58 81 51
76 97 7
48 55 40
71 32 40
95 37 93
59 31 11
3 12 15
32 48 17
97 64 22
53 27 56
14 85 72
7 98 94
39 79 56
17 83 61
63 94 76
39 98 12
89 44 83
41 83 3
1 5 82
6 66 78
32 3 26
4 15 80
33 12 40
3 24 91
35 72 83
47 41 79
38 77 18
55 54 27
83 29 83
7 3 67
61 41 19
25 72 41
44 30 33
64 98 11
75 33 69
92 75 61
43 56 63
7 66 100
17 15 33
74 44 85
84 63 1
99 69 94
41 93 40
39 56 75
94 84 49
58 62 73
72 43 37
3 61 74
54 59 75
67 57 56
38 18 17
90 25 66
69 59 53
95 75 92
27 70 94
13 5 58
41 7 15
53 69 75
0 53 67
39 53 97
15 21 46
88 11 20
45 68 59
19 24 12
54 57 47
56 85 51
7 75 5
94 13 95
68 8 63
77 21 14
97 72 77
64 68 59
88 93 89
79 81 42
49 84 70
22 53 28
72 93 1
91 0 57
65 37 68
71 68 17
69 22 92
4 13 10
96 49 56
16 98 53
92 13 73
34 19 71
88 41 58
35 7 46
24 58 79
31 56 59
5 99 32
1 76 12
59 10 45
48 74 66
63 41 18
84 12 47
74 32 87
80 77 58
25 86 22
63 20 38
61 56 22
29 90 72
18 27 54
40 64 60
59 96 36
75 87 57
2 7 44
56 33 77
70 89 50
92 99 53
55 0 98
39 97 59
67 83 3
10 11 9
85 2 3
28 46 67
42 98 26
49 13 4
96 75 75
56 87 34
58 80 96
47 13 87
68 78 95
66 28 58
65 64 59
46 37 34
48 17 88
19 9 77
78 89 63
7 15 44
0 97 86
96 83 74
83 37 28
69 31 80
92 96 24
85 52 27
37 28 45
78 28 10
67 97 80
17 32 7
7 12 100
3 49 84
9 45 65
48 33 1
77 80 63
74 86 49
94 74 94
49 32 36
3 81 3
51 99 13
23 74 90
73 89 95
21 34 76
64 53 67
2 50 17
73 74 81
32 19 53
63 7 95
49 6 61
63 30 28
25 57 8
5 80 50
5 94 46
30 70 90
41 43 37
66 43 68
7 95 9
35 12 37
31 11 92
51 88 2
55 47 17
11 63 93
3 0 50
80 78 88
70 56 85
23 41 22
13 99 37
66 14 7
69 36 65
51 71 10
46 24 90
10 39 46
72 96 62
89 8 47
4 40 10
58 47 8
61 73 98
44 94 86
0 42 47
42 63 95
51 17 44
85 8 10
47 83 28
15 25 45
21 41 18
6 12 72
82 42 21
48 0 69
8 20 57
34 88 36
67 52 69
41 5 76
4 40 84
85 28 45
21 74 77
5 22 34
9 20 30
80 66 13
92 93 22
76 81 39
30 15 22
21 86 68
50 23 63
94 53 20
27 19 92
86 14 67
94 48 45
35 72 7
60 97 66
0 50 28
70 35 53
93 76 26
0 89 62
56 41 89
9 20 28
48 49 69
14 79 18
65 27 91
27 28 54
41 66 86
7 55 70
20 71 71
29 52 41
33 73 100
1 54 61
54 17 52
98 77 69
92 36 32
32 8 68
0 78 91
68 92 32
59 9 7
26 69 85
65 96 31
40 91 96
39 77 64
89 40 51
33 21 64
3 89 25
53 46 49
49 92 7
81 56 84
85 60 50
11 28 27
65 8 50
4 62 9
5 21 8
40 57 23
87 42 10
33 75 7
85 64 37
29 16 21
92 19 72
54 32 5
17 77 28
8 55 59
26 53 93
66 78 71
58 34 65
21 43 14
96 37 53
23 75 92
20 25 33
43 42 98
36 8 13
40 13 1
32 51 44
53 37 4
80 98 12
73 52 39
20 42 18
51 57 49
2 84 60
11 32 19
28 80 79
93 29 73
78 35 33
30 1 5
12 71 25
23 62 66
43 21 18
80 73 4
11 81 77
60 92 32
72 51 49
36 79 20
25 88 53
80 35 11
21 62 2
76 28 23
77 69 85
42 56 91
34 82 97
41 26 2
14 50 94
29 8 6
26 10 69
21 40 83
27 35 5
79 54 95
82 92 76
43 98 66
36 15 11
13 72 97
19 66 8
77 46 37
85 34 49
87 2 72
26 67 78
81 95 87
67 87 8
17 51 21
13 5 34
50 77 62
52 83 62
48 69 97
95 72 67
27 29 67
47 1 25
86 24 10
33 20 84
81 69 70
78 19 18
88 54 29
48 64 100
37 85 31
13 27 25
73 67 1
12 78 27
44 39 4
5 54 4
24 36 14
26 92 44
76 37 87
81 2 30
96 66 83
35 25 96
77 46 52
25 18 3
32 65 13
96 46 32
33 85 64
53 31 26
30 2 92
22 96 58
65 66 44
92 79 31
1 75 84
67 30 96
28 15 8
31 89 30
15 18 25
63 16 94
34 86 96
92 20 13
74 85 49
54 71 63
26 87 22
65 81 22
50 49 31
67 40 72
31 52 15
79 73 1
76 5 37
46 48 1
20 82 56
7 1 93
66 35 38
73 78 62
75 55 24
72 52 90
86 87 94
68 91 58
67 41 23
86 95 72
99 55 99
81 39 14
50 99 83
39 16 14
51 94 41
69 98 88
91 5 35
81 20 75
46 72 84
61 19 83
76 15 34
60 71 69
16 68 2
8 9 92
29 79 93
74 54 28
85 19 19
5 36 19
60 48 96
29 52 78
7 98 92
64 6 4
10 57 28
72 46 57
61 66 23
83 54 24
83 69 90
63 57 60
39 50 50
35 62 5
6 49 37
26 7 81
46 17 20
85 54 50
95 84 50
97 62 5
73 71 93
28 46 81
21 91 48
1 54 21
80 63 42
17 9 99
33 46 55
14 78 84
37 91 39
59 76 92
6 15 13
44 19 78
65 77 12
25 71 93
30 35 22
49 56 81
57 37 56
96 0 76
5 35 67
32 5 17
96 25 100
8 95 2
21 32 47
53 13 22
44 79 54
20 7 28
19 93 94
23 93 90
41 23 45
57 54 90
70 4 66
39 65 17
1 37 29
69 52 35
61 6 25
19 9 8
27 11 62
70 9 52
66 38 62
73 19 20
7 17 3
20 45 61
89 25 45
17 59 15
42 66 2
60 62 97
54 65 2
15 99 65
44 20 37
53 99 59
12 67 45
75 41 40
29 48 75
55 84 90
67 44 74
23 35 37
32 57 82
68 71 74
81 57 80
87 37 45
99 4 93
40 59 82
36 15 81
68 89 37
63 32 23
80 32 94
71 74 81
83 96 90
8 20 19
33 47 49
52 73 39
81 70 85
18 69 94
87 6 72
42 67 77
36 38 25
95 22 19
25 12 71
69 49 70
16 67 56
34 55 62
26 23 81
96 7 64
15 54 8
88 66 70
98 43 60
70 22 12
40 24 3
90 26 72
18 12 35
64 44 74
51 37 26
54 35 3
20 13 47
11 69 73
41 1 52
42 57 66
95 90 14
64 91 47
2 6 74
76 24 76
36 90 11
88 36 63
42 97 7
1 9 48
66 9 91
69 38 41
97 68 65
25 32 93
23 47 31
51 23 5
41 89 24
62 66 15
56 64 15
67 29 70
60 95 3
65 10 91
2 63 95
97 77 20
34 57 23
37 84 68
62 94 41
29 34 29
16 54 32
76 83 33
49 74 78
55 53 69
95 51 89
81 6 51
62 54 76
48 36 29
70 72 39
65 92 93
48 83 61
38 40 24
44 77 47
79 58 64
0 63 6
85 73 40
23 53 13
62 90 81
1 40 7
68 92 38
27 45 100
49 74 22
52 32 23
46 59 32
61 95 63
97 74 76
63 41 56
65 46 30
96 38 5
64 55 94
88 90 62
5 26 37
6 58 79
63 77 95
18 41 33
71 0 28
64 9 48
86 96 31
5 89 13
98 35 50
1 29 66
72 23 49
96 29 53
47 62 9
40 38 95
54 39 24
57 19 68
9 53 89
37 7 13
97 11 8
80 51 9
83 23 57
89 73 51
64 1 92
69 12 41
17 62 83
48 52 7
79 85 21
64 17 27
82 55 11
97 25 46
62 76 75
43 85 68
92 5 49
52 78 31
42 77 21
67 68 77
88 81 16
23 25 51
14 12 19
7 38 47
17 72 86
30 48 69
24 0 35
43 2 2
40 58 60
6 90 11
68 72 2
37 56 30
86 50 22
75 40 56
81 27 55
66 0 81
94 51 18
71 5 71
0 21 21
45 40 33
61 26 7
48 79 48
10 83 4
15 33 93
41 67 39
72 3 5
78 98 13
26 90 68
16 85 78
12 94 16
53 77 82
84 13 38
52 14 89
79 7 41
84 45 15
87 66 73
9 97 15
44 90 99
75 73 85
36 83 60
69 10 23
14 31 26
5 99 21
12 71 85
87 98 61
71 8 35
1 98 16
87 99 67
10 14 13
51 41 91
33 8 20
82 18 57
55 21 6
32 64 56
98 55 56
16 41 98
38 84 17
0 19 16
55 82 16
54 82 41
49 33 32
99 94 16
94 55 63
45 38 29
75 8 10
56 23 84
3 67 61
28 29 22
79 99 6
96 41 22
27 42 43
83 75 34
56 36 19
54 40 88
22 28 66
15 53 44
18 33 99
50 15 64
88 45 97
96 77 100
4 72 28
79 8 56
50 58 66
74 53 16
21 97 20
35 75 44
22 68 86
12 58 34
70 61 57
15 46 80
79 43 26
10 77 50
77 33 53
57 79 53
51 80 94
58 95 19
31 97 40
43 4 19
47 88 46
58 18 54
4 23 76
9 91 45
22 70 28
94 25 11
12 84 26
3 27 31
24 16 80
40 64 57
31 85 26
4 93 30
82 57 64
12 41 69
34 66 15
67 92 13
9 50 92
75 55 19
13 93 41
73 11 38
46 15 35
96 73 58
88 66 67
88 43 11
73 65 43
80 15 66
17 21 33
96 9 97
40 18 38
35 9 71
1 32 70
59 8 33
17 29 61
59 21 64
48 46 17
51 76 6
20 58 58
23 55 29
44 13 6
88 27 6
82 98 28
9 32 31
94 55 27
74 61 23
85 4 15
18 44 63
27 46 68
91 95 89
40 95 23
31 61 67
17 57 63
21 60 12
0 90 9
70 48 49
57 23 31
8 60 53
86 11 24
18 0 32
26 99 97
4 39 47
1 33 74
1 67 37
53 94 85
17 93 83
20 98 7
56 89 84
16 87 75
21 33 87
84 28 92
1 80 9
81 17 57
92 40 9
52 67 58
80 69 78
79 18 29
0 75 24
82 36 9
67 92 90
72 78 80
17 54 41
42 54 11
93 87 46
34 18 17
49 76 40
86 91 45
54 21 52
33 48 1
45 84 61
13 17 45
53 40 86
82 2 16
50 73 46
97 71 40
95 41 71
54 32 65
19 61 59
8 34 68
21 15 10
38 70 68
84 41 82
95 14 34
89 48 90
10 86 68
18 66 44
46 86 48
86 10 34
38 34 20
18 49 49
40 7 13
46 15 41
40 51 71
66 77 64
39 70 75
72 4 74
65 63 76
86 32 71
5 89 75
31 68 23
83 97 96
33 67 19
46 29 29
82 90 32
87 55 11
2 72 79
41 9 51
30 64 3
88 0 14
38 47 52
45 2 15
58 51 18
23 80 19
0 1 85
57 59 68
49 79 53
12 49 75
15 69 48
21 93 41
59 81 27
27 84 33
63 40 69
21 88 61
75 92 33
0 77 80
27 80 51
24 65 56
37 6 74
92 84 59
51 40 54
68 91 74
63 40 17
86 68 88
53 43 54
5 76 76
27 39 89
3 20 48
66 93 13
93 37 20
68 77 88
82 59 23
78 64 67
43 58 22
40 16 37
19 88 42
4 6 64
32 93 7
41 43 16
16 32 10
12 18 95
95 8 22
98 51 71
36 99 46
59 4 60
2 44 57
67 1 44
83 7 45
60 17 93
36 47 2
24 6 50
10 14 27
26 68 6
17 32 23
19 91 92
23 83 83
98 31 98
43 18 5
77 28 24
68 79 2
43 94 33
78 2 35
89 16 22
56 22 9
45 51 36
72 88 24
15 7 38
68 73 19
46 90 81
60 23 62
22 6 71
2 57 72
41 61 15
43 44 88
76 25 25
20 94 52
89 73 22
58 97 47
13 71 27
42 41 20
10 66 14
4 93 87
89 64 9
