28 37 32
72 30 23
2 55 79
45 93 69
97 71 59
4 12 51
35 18 65
76 2 19
92 23 77
75 26 93
23 41 82
83 71 19
75 14 95
3 5 37
87 98 25
96 0 31
84 95 81
13 76 15
80 97 25
45 26 78
31 70 85
68 77 95
19 54 59
55 4 95
89 90 29
83 60 41
64 22 18
76 56 58
86 28 79
72 79 86
48 94 81
48 58 67
77 39 10
32 1 11
39 61 13
20 44 21
50 26 81
36 77 27
92 67 68
24 60 23
21 10 47
20 92 83
88 69 83
63 88 82
45 29 58
3 47 95
86 69 35
13 27 90
40 29 1
12 23 36
58 83 63
77 53 46
16 85 1
69 35 87
93 60 15
6 88 30
20 99 76
10 96 24
84 60 9
12 59 60
22 82 53
36 79 27
37 35 53
71 33 69
84 51 20
47 48 72
46 29 67
80 66 83
51 79 86
77 31 85
14 19 96
84 26 25
91 84 78
51 60 79
30 73 47
79 71 14
6 94 78
55 65 66
12 11 37
66 13 86
24 85 57
48 32 34
8 36 48
4 18 66
48 13 46
77 60 10
64 82 86
14 91 43
57 13 18
23 43 31
96 91 97
6 81 42
55 13 19
59 69 51
71 77 100
44 33 7
74 62 52
49 17 68
3 6 8
61 24 69
68 73 38
20 30 17
99 36 18
24 69 34
59 73 21
95 98 76
26 4 89
22 24 100
66 2 81
24 70 70
57 28 39
89 10 80
6 91 92
67 89 3
67 95 22
38 31 71
33 42 45
6 75 2
38 61 24
29 12 32
51 36 50
72 71 65
74 73 9
82 84 56
73 4 18
69 65 78
66 96 85
62 86 37
42 70 74
1 90 75
50 67 65
11 20 61
45 41 54
49 89 59
39 84 8
33 75 86
73 53 14
7 62 50
54 71 94
70 78 1
53 59 91
77 39 6
25 84 54
25 7 76
28 51 28
23 32 78
58 5 65
11 53 82
77 25 16
82 73 45
17 86 9
22 96 17
68 32 78
8 86 79
52 12 70
68 66 63
15 88 97
37 66 71
41 64 36
5 33 94
52 49 18
27 37 48
67 69 6
18 87 61
34 77 5
15 76 67
92 41 35
78 50 77
16 56 3
85 40 74
56 73 66
85 55 44
2 48 82
43 16 8
7 47 60
51 55 66
30 41 47
34 99 52
21 54 50
82 3 42
86 46 57
89 69 52
18 22 62
34 45 12
76 92 68
95 10 76
57 1 39
60 88 85
11 56 60
32 57 84
73 26 48
6 37 39
62 29 60
71 64 87
67 8 42
65 44 8
91 5 35
67 88 49
89 75 51
71 86 18
9 24 42
21 30 49
3 78 37
41 52 92
78 31 35
8 22 38
30 69 58
14 16 66
24 81 31
84 70 61
34 23 58
35 29 43
3 83 30
36 63 58
3 0 49
97 58 85
66 23 66
14 95 22
35 64 15
57 43 77
52 43 90
5 59 92
92 34 53
39 67 18
64 94 11
93 7 70
75 73 31
13 17 33
0 64 6
65 27 18
12 15 10
21 69 48
34 59 6
75 33 17
9 87 100
33 55 48
72 55 75
3 37 98
92 64 47
49 57 45
74 52 31
69 25 33
88 67 20
51 92 4
34 38 73
73 34 35
59 38 14
19 49 56
88 79 44
33 11 78
3 58 22
55 77 91
45 35 15
51 65 9
48 15 73
86 71 100
63 99 11
90 27 75
83 76 36
16 6 74
2 96 9
22 93 46
53 82 20
33 55 99
97 18 91
47 69 63
58 2 63
91 40 95
95 10 7
62 14 24
81 38 56
75 48 41
42 18 71
0 33 61
28 29 40
8 91 100
75 7 43
53 77 13
65 51 1
64 38 15
4 13 60
81 50 13
41 37 20
84 0 10
66 59 62
59 78 84
85 38 42
78 67 97
54 94 50
17 10 29
19 7 59
30 42 63
12 40 38
55 77 53
11 29 59
49 44 17
60 14 78
1 27 66
23 7 82
62 72 41
25 51 51
1 15 66
13 25 56
88 20 42
63 17 64
4 33 33
88 40 47
50 63 81
89 5 90
15 36 77
13 0 46
67 75 98
64 91 40
53 37 11
61 92 47
45 99 22
80 55 91
23 99 8
95 35 48
63 74 44
53 31 59
68 39 82
93 37 2
47 37 12
49 52 93
6 78 9
53 33 66
62 20 71
17 83 22
62 49 46
8 52 77
20 97 50
49 78 41
19 53 70
16 83 96
68 38 83
98 67 28
0 74 26
90 56 62
29 17 33
52 65 80
72 35 51
12 71 90
32 64 88
9 15 79
77 43 25
50 76 72
45 6 15
34 88 8
70 26 56
38 90 52
57 69 26
83 86 6
14 26 97
14 27 98
2 48 61
41 58 17
60 13 16
51 7 54
51 27 72
57 61 67
64 86 20
1 94 36
27 61 94
12 91 67
61 24 46
74 6 55
24 69 88
48 77 41
42 7 79
54 71 99
64 19 83
81 46 45
68 93 87
4 26 44
71 31 45
19 21 37
93 81 1
48 52 20
30 82 37
72 25 14
2 48 85
75 67 17
21 24 90
86 82 83
47 20 95
85 88 91
37 42 95
77 60 51
59 58 47
9 57 26
4 88 61
4 72 41
24 99 79
77 99 55
88 7 61
45 62 34
14 64 31
28 72 32
2 53 76
55 84 10
32 67 79
6 42 22
31 17 40
60 41 3
68 51 16
59 52 74
50 65 11
27 33 50
33 9 34
33 8 3
1 99 96
66 63 20
1 94 17
74 91 43
19 40 30
64 78 51
92 94 49
49 4 23
99 95 70
97 66 40
69 33 92
33 5 6
4 20 7
91 11 92
42 10 9
99 36 3
91 63 90
28 88 8
45 19 85
83 86 74
61 80 89
4 73 42
38 88 41
39 77 3
28 63 43
91 14 11
23 18 77
67 51 82
41 90 87
7 46 10
46 16 88
70 15 55
21 39 67
83 7 19
97 64 96
15 91 58
17 89 76
56 75 22
18 48 61
74 27 71
95 32 4
54 23 25
3 20 58
73 62 23
34 89 56
40 12 60
27 24 93
13 35 12
89 20 100
8 60 84
83 11 81
93 7 48
49 83 28
9 74 86
0 66 41
46 83 83
47 59 56
67 49 54
75 11 84
88 51 39
98 47 91
17 84 90
18 86 25
32 98 82
17 82 62
62 51 13
64 3 55
60 44 36
13 30 11
19 51 96
32 64 23
87 88 63
17 50 26
94 12 46
14 28 4
95 60 40
15 9 82
58 53 83
67 22 90
65 50 1
43 87 14
79 94 22
95 8 41
43 72 79
80 34 53
79 23 77
16 22 68
30 10 98
42 41 4
91 63 39
68 69 17
72 6 39
53 40 21
80 40 65
4 7 84
2 49 32
26 7 17
93 49 69
44 28 60
73 32 65
0 93 66
36 46 100
58 93 4
94 84 64
91 24 11
66 58 30
38 33 9
51 79 20
69 94 37
6 8 55
17 97 13
5 56 16
90 51 23
26 18 47
37 31 5
3 67 92
34 11 22
94 90 27
18 88 68
57 34 66
85 0 16
19 82 56
3 71 47
6 48 54
80 33 75
60 43 35
83 30 20
77 97 63
38 93 33
53 62 90
70 79 40
28 57 90
98 34 42
64 12 20
87 12 10
14 74 77
76 43 86
84 85 52
29 45 47
29 5 13
39 25 89
65 5 81
16 47 79
19 77 42
27 34 53
5 70 59
10 93 96
3 17 60
55 44 20
10 13 49
98 59 94
53 84 75
83 13 80
5 32 2
0 80 12
43 90 40
99 36 16
72 17 19
47 2 3
72 61 31
31 88 32
30 94 55
53 12 50
79 98 69
97 77 96
55 92 76
38 59 69
41 67 66
88 12 94
78 62 93
24 97 74
80 10 60
59 16 50
9 91 87
30 67 5
51 32 32
27 28 64
76 32 61
63 16 87
54 32 50
66 8 17
63 29 80
42 60 76
18 86 67
41 43 23
11 98 54
20 11 95
43 77 3
0 38 88
5 14 43
14 10 68
19 53 93
1 7 41
48 40 66
18 3 25
32 46 95
63 10 60
73 11 73
25 21 52
27 70 52
88 21 91
85 40 15
39 99 52
75 82 41
75 32 4
76 62 31
31 38 87
36 77 52
49 11 23
66 58 35
10 15 37
95 93 3
2 16 75
13 93 75
91 39 60
4 50 5
97 89 94
78 36 24
6 98 77
12 41 36
61 59 7
41 67 6
82 6 78
78 46 39
46 10 77
9 21 85
99 57 53
22 18 28
21 61 51
86 20 41
53 63 68
83 70 13
71 17 98
96 77 80
43 22 88
98 52 83
61 89 28
60 23 4
81 59 73
95 32 31
73 13 87
27 73 79
9 50 27
45 83 34
57 4 33
84 98 99
56 94 28
70 43 17
10 22 28
0 42 16
42 80 89
88 17 70
83 35 25
9 87 40
55 87 67
45 43 46
40 62 60
70 78 21
58 72 83
97 38 39
90 49 71
98 15 79
85 48 42
67 28 87
98 33 43
8 23 81
34 17 51
25 9 70
98 47 8
15 17 91
6 47 43
4 13 66
88 69 48
44 50 58
31 12 12
33 79 25
45 24 31
96 55 6
79 96 42
46 14 83
33 47 98
81 4 94
48 16 27
67 50 67
82 10 59
13 94 62
19 17 97
47 0 71
43 45 94
14 73 86
34 17 58
74 22 32
28 11 14
77 53 35
38 44 56
77 65 48
48 27 98
81 35 66
30 18 75
21 53 24
23 33 2
56 13 38
94 83 12
5 82 94
76 40 34
43 91 49
67 0 62
61 7 40
35 25 86
8 37 54
95 98 55
9 18 18
14 95 70
65 60 89
8 98 56
35 50 19
79 51 70
13 82 53
43 84 66
65 39 23
33 41 71
71 47 84
5 74 9
81 8 63
95 22 76
41 45 37
73 90 91
13 93 34
21 17 87
85 58 15
16 34 86
11 13 87
48 32 80
42 58 39
83 13 48
95 70 66
32 78 70
85 79 69
18 79 33
4 3 96
91 31 36
38 17 99
19 30 40
78 76 56
26 97 79
79 13 75
31 58 99
57 86 52
71 75 30
36 98 95
70 82 36
78 53 30
10 7 2
76 97 75
22 48 76
67 94 96
9 77 17
88 1 23
84 18 42
9 54 39
43 11 64
93 87 91
55 87 55
44 9 40
64 96 64
93 17 59
2 43 18
90 70 48
31 25 61
88 2 88
29 3 67
41 95 54
42 22 7
64 70 70
85 13 17
27 0 51
56 62 100
4 56 64
81 23 72
64 81 26
74 98 39
61 65 3
65 62 18
31 65 70
70 13 66
48 36 18
13 75 56
58 35 22
44 14 89
73 33 54
48 51 9
8 72 83
95 30 51
59 23 75
50 12 23
24 27 85
41 29 59
69 4 3
44 60 51
56 76 28
0 20 24
39 85 35
36 45 29
28 64 46
37 54 100
67 55 86
67 18 59
19 18 83
23 74 67
85 57 18
39 86 81
48 84 77
0 46 52
76 20 62
28 14 38
85 17 40
93 50 15
8 46 80
64 53 9
75 78 62
14 55 69
54 89 52
0 85 35
34 46 72
71 36 60
67 58 40
98 91 95
86 20 8
67 99 3
5 93 22
77 11 29
90 14 69
88 14 53
81 72 100
75 85 9
46 55 24
52 8 59
56 83 55
95 54 11
19 72 43
95 31 56
79 14 42
29 24 9
31 68 29
97 66 96
98 64 70
64 43 20
55 2 37
20 17 77
93 67 59
22 0 2
25 12 45
51 25 83
34 13 14
27 13 72
87 17 71
70 79 6
35 22 94
84 13 48
23 95 30
90 38 22
99 44 25
15 43 8
58 91 95
28 36 87
97 24 43
17 93 23
4 7 63
67 82 15
89 23 74
15 34 40
5 91 36
31 79 61
23 33 17
38 36 38
1 32 32
78 3 24
47 37 15
78 12 57
50 18 63
9 61 2
23 50 49
82 45 28
62 17 26
7 83 15
36 58 68
11 0 60
21 11 1
94 47 14
98 39 13
50 54 92
33 88 73
15 79 26
99 71 31
44 12 4
90 19 31
62 10 1
63 28 2
94 12 15
34 41 29
6 13 15
99 96 82
81 98 43
73 72 3
55 41 83
29 14 7
41 10 59
2 98 42
82 95 51
64 16 37
53 93 95
53 20 28
93 15 61
89 6 40
19 46 93
49 14 53
5 23 29
24 0 57
55 86 52
3 61 3
20 87 27
94 40 37
21 96 42
1 81 93
37 77 20
23 33 7
65 64 47
65 9 33
55 3 21
1 16 93
34 27 32
81 20 31
66 13 27
41 89 79
99 56 70
75 6 47
34 11 82
6 75 84
54 8 88
92 2 93
91 77 5
49 70 32
62 9 55
78 49 89
23 63 29
48 89 91
77 72 64
15 8 14
14 25 95
26 33 21
18 17 49
66 55 29
0 10 6
0 37 89
18 82 44
80 53 49
70 54 70
55 85 51
21 70 83
65 17 43
28 20 90
38 91 15
17 70 86
86 84 94
95 59 88
12 2 88
86 42 21
46 3 30
14 76 4
43 95 59
57 19 41
44 98 91
24 31 12
39 88 71
78 95 64
72 40 74
84 12 49
78 33 7
97 41 85
56 10 100
9 49 64
89 98 88
57 19 95
83 47 23
97 91 29
45 35 77
48 62 91
70 46 73
41 78 66
40 42 4
7 29 32
32 0 26
96 86 24
99 42 46
91 83 26
25 17 14
33 72 26
18 70 67
93 96 83
2 85 81
60 24 75
63 22 78
58 90 77
36 20 49
60 53 2
35 79 57
78 57 19
58 70 2
91 88 34
77 2 92
31 29 76
65 6 16
10 39 87
21 66 43
35 28 49
55 35 6
75 83 27
39 26 73
27 68 31
76 72 66
62 40 50
1 82 21
88 74 20
2 45 34
60 52 82
56 22 48
39 45 19
50 14 30
88 37 81
74 73 62
25 87 71
25 61 80
97 69 84
85 24 71
45 10 61
69 21 97
17 22 40
52 63 32
58 24 43
61 25 1
71 79 87
74 2 27
57 24 93
26 60 55
70 47 41
69 37 3
24 0 55
47 61 58
6 80 86
8 94 90
10 73 53
36 40 92
65 99 60
6 84 33
66 14 62
49 48 55
27 21 1
33 97 80
17 55 91
24 65 62
3 7 30
60 58 11
75 45 57
38 17 97
62 26 65
73 77 68
19 79 56
33 79 6
42 76 20
23 68 79
47 39 94
68 25 29
45 8 25
92 66 82
16 40 51
27 42 27
89 23 23
48 7 84
11 72 14
63 0 58
15 27 83
55 41 42
21 83 60
51 3 95
47 94 20
53 5 55
7 31 24
18 67 39
95 96 16
96 27 7
63 37 36
0 53 7
9 30 88
42 62 80
56 89 34
16 34 58
83 39 40
57 94 60
9 38 99
0 86 63
2 24 25
15 79 10
58 16 37
67 17 92
90 59 12
63 87 44
86 39 44
21 85 69
34 77 49
59 13 7
93 26 77
49 4 73
76 81 76
93 15 82
63 92 82
84 60 91
37 15 52
32 90 61
2 20 93
90 53 18
92 46 42
39 59 86
82 51 59
41 46 98
0 10 85
85 29 30
90 47 53
99 32 27
59 33 24
36 78 2
7 8 51
45 16 92
97 43 64
32 8 33
33 7 42
31 20 61
2 55 20
41 42 98
33 92 60
16 66 3
18 82 35
93 20 32
83 28 74
45 62 29
71 99 46
12 52 33
12 87 90
37 42 100
17 40 40
14 18 37
44 16 64
60 67 12
13 99 71
15 3 7
35 98 16
62 66 81
91 86 24
1 90 17
22 0 89
64 77 49
11 49 50
27 21 82
69 58 96
58 13 32
84 18 80
10 11 92
20 59 34
27 81 99
61 92 73
17 3 70
91 83 17
56 29 31
64 8 14
99 48 76
64 98 31
81 85 65
32 77 56
77 62 33
35 51 34
83 49 67
14 19 11
86 38 46
4 83 73
81 22 37
60 10 87
74 75 80
21 61 50
50 7 38
43 54 89
59 95 33
87 62 26
2 1 47
56 83 19
36 77 37
37 75 61
93 5 77
86 44 49
24 8 11
39 40 75
43 29 43
11 21 80
55 84 7
53 45 53
39 90 51
40 49 34
68 8 38
83 28 60
36 10 78
39 82 58
94 61 98
49 61 21
90 65 12
48 51 14
37 63 41
34 57 21
72 90 90
36 17 19
33 90 85
42 29 19
98 4 91
75 82 58
78 51 21
21 67 85
18 14 46
44 19 37
60 81 66
9 76 64
6 48 30
99 58 73
3 2 46
67 30 77
80 36 44
55 91 71
43 11 98
63 34 33
39 14 45
95 12 6
28 38 84
50 94 48
19 97 84
99 43 32
68 40 74
34 28 62
86 34 71
20 93 17
27 3 22
6 57 31
73 70 67
68 66 33
17 8 16
12 93 46
58 49 54
75 91 57
83 45 71
60 78 73
90 58 65
80 85 62
99 30 89
81 61 31
99 15 6
24 18 98
2 39 56
19 25 54
49 89 83
11 34 80
53 92 9
16 5 1
42 67 63
32 97 67
37 44 76
64 44 15
77 61 91
64 82 72
47 38 27
8 6 100
61 87 42
96 2 16
7 84 5
45 22 33
71 6 15
49 18 61
82 38 76
18 85 42
46 45 45
36 74 63
39 56 25
78 21 1
13 97 33
20 96 27
46 62 96
97 51 99
12 30 69
86 44 59
54 21 72
21 52 43
61 19 78
42 61 2
10 77 62
11 28 47
59 75 36
13 47 53
28 74 79
2 37 63
39 16 63
25 60 93
19 79 33
3 5 41
16 19 92
28 81 90
43 13 18
12 49 43
53 42 69
48 23 93
35 84 17
44 0 69
99 77 42
5 34 19
51 47 14
97 8 16
5 40 61
61 25 60
81 13 5
4 89 26
15 16 71
36 62 51
63 39 79
86 51 93
93 38 7
12 79 6
80 61 40
76 11 74
26 77 52
73 56 89
4 30 85
87 94 27
43 49 15
83 13 8
97 37 71
95 26 94
32 3 14
98 14 28
71 27 63
87 74 89
25 51 50
99 75 37
46 3 19
28 32 38
75 23 52
57 80 47
14 28 50
4 44 25
74 72 97
61 27 94
16 47 12
74 98 2
96 15 85
62 55 57
17 91 33
85 41 62
48 54 20
29 11 91
83 29 23
24 23 26
25 53 88
52 55 22
88 82 43
52 86 13
43 89 27
70 99 12
43 16 37
97 17 88
67 92 61
76 18 15
59 8 20
58 52 48
43 67 38
15 67 93
82 96 13
98 99 71
54 13 74
39 15 1
11 36 85
6 93 11
62 40 70
34 55 54
12 3 83
29 61 1
93 97 15
38 80 93
19 55 68
81 23 22
81 2 86
2 41 85
0 97 8
76 0 88
55 24 46
12 33 24
24 53 69
17 48 88
27 67 3
53 27 65
53 50 51
13 8 79
97 59 73
37 16 11
45 7 85
0 21 27
86 96 53
97 46 100
22 86 44
7 85 1
41 71 40
19 83 70
0 29 58
0 85 98
7 27 27
37 74 64
55 44 2
8 90 34
95 67 84
26 95 77
92 27 94
5 83 8
96 88 25
17 0 75
69 59 4
39 40 36
33 38 25
31 34 99
10 15 15
19 79 21
99 86 25
15 58 32
99 7 73
97 70 1
71 21 54
13 10 62
84 7 2
60 19 32
18 22 64
14 53 99
19 9 69
2 6 75
45 66 66
41 50 23
96 38 66
6 67 52
56 72 64
58 48 12
85 18 26
15 6 10
31 10 30
39 61 81
88 29 76
1 75 17
28 72 80
93 42 57
61 83 69
98 23 17
9 5 21
18 19 89
89 49 69
34 13 86
70 20 10
87 98 7
53 21 35
92 30 89
15 98 89
65 98 60
81 8 86
24 93 50
35 76 94
16 32 64
11 17 51
40 60 94
48 40 10
32 93 51
32 96 63
12 67 87
54 84 12
49 47 65
70 44 22
92 47 54
95 43 97
45 94 70
98 78 63
0 85 13
48 81 100
7 54 52
86 82 64
67 26 55
79 86 14
59 74 69
99 96 74
81 51 82
57 99 52
73 48 94
4 30 13
26 97 12
7 6 67
9 49 94
26 89 57
90 42 42
38 28 26
2 26 27
84 55 97
42 55 61
83 44 63
34 20 71
47 67 90
97 29 15
2 50 84
1 56 47
71 23 53
99 48 18
34 9 48
24 38 35
65 95 82
43 52 8
41 87 82
95 64 34
54 53 36
10 32 60
6 88 79
96 45 16
2 3 78
99 77 72
68 95 64
64 0 58
25 82 48
54 99 16
36 93 63
16 82 81
2 65 23
12 18 67
68 63 58
43 75 52
13 90 51
33 27 65
62 91 86
26 25 48
20 60 58
82 11 34
67 18 86
25 4 6
43 23 71
78 69 66
44 37 88
6 95 4
46 56 58
40 77 46
59 78 14
76 71 60
67 61 30
55 5 42
32 19 63
35 66 35
68 33 21
26 60 44
3 23 20
11 23 34
27 56 15
59 10 66
54 45 30
31 61 27
29 51 51
7 50 72
49 73 57
75 27 70
11 96 16
27 24 62
6 13 74
70 62 95
23 34 24
91 70 33
11 36 32
18 42 93
3 87 91
36 34 61
81 7 37
46 99 86
63 54 89
28 19 18
74 11 32
71 32 78
52 68 42
66 21 40
84 83 94
31 38 40
66 6 40
27 35 97
58 51 22
10 99 88
19 50 68
69 72 13
2 40 15
26 2 3
60 12 65
31 77 87
56 78 49
79 59 47
77 60 54
98 14 75
57 21 76
4 8 11
4 66 42
99 40 92
12 29 36
86 50 13
74 85 46
61 27 19
38 26 38
71 23 15
53 36 25
90 22 58
5 68 73
19 82 43
43 63 4
43 44 55
95 51 34
59 81 93
69 83 53
38 71 97
93 31 69
38 7 80
53 54 89
44 47 30
11 2 71
65 76 9
21 27 26
91 52 22
15 91 65
26 54 44
12 69 47
81 17 100
61 72 72
10 46 84
67 74 86
27 61 19
19 48 52
61 85 46
93 79 88
82 73 85
34 79 91
79 27 73
89 15 1
32 35 23
55 50 37
29 52 38
38 79 44
90 8 100
64 91 69
30 84 64
39 18 19
48 77 12
47 79 7
3 83 69
46 18 46
13 15 2
69 80 65
4 80 18
84 96 49
55 85 57
51 4 46
76 3 20
37 59 73
37 17 67
45 0 51
86 61 9
13 67 55
24 5 100
93 34 95
42 78 40
82 36 46
66 49 98
50 33 85
78 33 62
58 77 64
78 40 12
31 70 40
89 68 58
69 72 77
67 12 51
73 29 56
95 23 7
95 2 53
17 85 78
76 20 80
20 25 62
4 88 19
25 98 6
83 81 100
74 10 98
20 1 47
53 51 9
94 23 96
1 88 4
2 24 16
54 51 95
14 34 14
78 44 60
9 29 34
14 12 19
56 95 50
61 4 14
26 80 93
39 25 53
54 31 93
50 71 99
46 29 23
51 72 10
11 17 25
11 85 24
31 75 89
7 87 93
71 47 63
42 34 57
86 2 48
70 54 100
88 10 37
4 30 68
85 12 98
78 7 46
84 61 15
86 39 64
26 52 49
6 69 48
20 39 41
42 15 20
89 36 55
60 65 68
57 10 44
95 84 41
14 49 17
22 51 31
1 92 32
79 38 96
79 14 38
28 21 99
8 47 26
93 85 54
58 19 81
35 55 75
25 53 83
57 24 27
36 38 43
72 15 67
4 22 53
55 11 65
9 56 41
5 13 54
96 49 34
61 34 70
88 73 27
29 39 79
91 72 44
30 73 80
78 11 56
96 40 54
91 49 71
35 4 75
8 6 36
44 41 55
7 4 66
82 47 9
54 87 10
81 32 1
52 95 11
89 3 30
39 14 18
29 3 61
62 56 53
59 20 51
44 11 73
77 19 94
27 44 87
32 48 54
51 38 1
64 25 94
93 19 53
52 37 19
31 35 68
6 66 63
68 99 60
11 67 21
9 38 97
8 95 92
99 59 24
14 73 23
90 30 5
28 76 26
87 58 51
9 14 10
24 93 92
83 78 51
38 52 81
5 80 73
4 61 27
40 92 15
87 1 97
13 92 5
43 14 52
51 35 98
47 61 91
82 13 80
57 5 34
10 83 50
88 25 36
60 34 16
63 88 50
62 77 26
41 85 5
28 36 68
64 60 31
89 8 48
69 37 46
60 2 67
91 80 80
9 35 52
58 81 9
65 12 72
4 3 37
73 11 62
47 73 13
89 63 11
40 29 85
67 72 50
23 35 40
72 35 55
72 35 3
22 26 26
45 18 74
62 20 61
90 42 53
81 51 13
19 68 62
28 78 81
91 82 68
86 88 84
6 87 95
83 67 51
81 45 26
22 92 51
5 59 39
91 7 69
5 58 3
74 85 85
15 68 67
63 94 48
85 19 46
32 29 68
76 68 88
82 55 76
44 12 73
38 49 48
83 12 83
62 90 10
56 73 19
71 10 40
85 79 22
36 41 10
92 73 18
57 71 30
33 51 16
79 65 100
64 77 68
22 17 62
93 35 40
33 5 30
62 55 2
42 94 64
2 42 67
86 24 66
19 97 90
64 67 61
55 87 30
1 40 22
42 13 78
30 54 16
69 21 13
14 45 1
45 43 97
31 8 59
19 26 66
41 3 54
67 77 19
53 35 44
11 9 82
62 15 50
50 87 17
35 33 14
96 68 96
13 99 86
90 23 43
71 93 48
84 9 11
2 31 27
19 76 37
35 59 44
37 86 57
91 84 73
44 50 21
90 29 44
71 52 1
62 71 1
55 74 80
9 19 37
59 42 61
23 25 20
70 34 15
11 66 43
79 65 16
21 53 94
91 0 2
47 6 1
10 39 90
82 28 64
97 76 50
2 71 22
44 14 42
60 35 23
26 68 36
22 58 42
82 11 98
18 99 51
13 97 46
61 24 56
27 3 94
97 2 23
32 48 71
27 13 33
71 81 42
58 38 79
91 71 56
63 82 70
78 10 21
40 27 32
60 58 61
92 46 18
74 26 20
42 91 19
12 4 59
73 47 35
58 33 9
66 38 37
15 51 31
66 52 95
58 87 22
61 76 15
96 13 61
98 75 75
12 72 10
73 66 83
11 74 31
35 64 8
12 35 81
42 72 56
87 99 43
22 46 67
41 90 88
80 24 11
41 12 36
12 28 12
72 56 79
20 89 58
52 22 56
81 12 49
86 63 28
2 48 97
56 8 57
87 60 17
71 66 22
92 29 48
13 49 76
95 85 63
5 67 24
47 51 73
53 23 30
37 59 77
24 32 48
23 25 83
97 42 62
18 19 16
95 52 6
72 76 8
5 3 78
67 73 50
72 93 66
90 50 92
96 37 98
60 47 24
1 82 22
93 9 98
95 15 8
87 55 36
34 43 46
47 57 77
82 73 53
96 5 22
7 97 30
60 3 100
32 96 95
47 73 8
43 77 9
54 46 6
64 23 39
73 92 20
8 83 72
90 86 74
21 32 95
95 94 55
99 64 86
58 85 71
63 73 37
88 87 24
17 82 47
48 19 12
69 49 85
62 66 90
96 48 57
32 41 83
63 75 30
85 47 87
71 54 91
82 48 68
44 34 71
48 79 82
67 39 6
71 40 74
70 6 55
21 8 28
94 62 41
42 8 85
10 47 51
0 78 36
90 19 20
15 71 94
75 19 87
95 96 41
52 42 89
52 13 68
63 43 32
86 78 1
49 78 59
65 91 100
8 60 56
2 40 47
6 13 89
50 17 41
93 84 49
60 78 93
64 48 87
99 18 43
64 53 76
32 94 81
67 71 31
24 18 78
54 92 46
39 40 35
32 2 78
47 32 93
51 38 53
78 20 40
29 94 12
48 75 29
31 40 85
69 55 73
96 40 59
75 83 8
78 98 3
1 97 34
96 52 24
25 41 48
19 87 79
23 78 75
80 55 46
93 44 73
96 84 33
98 68 74
47 46 23
30 99 82
23 51 25
56 98 51
22 45 6
80 0 2
97 98 44
56 4 65
65 5 12
91 3 2
51 61 40
83 69 73
4 94 92
67 48 24
89 17 49
65 75 5
46 35 21
97 87 98
16 72 62
31 47 39
24 56 94
7 66 99
94 10 14
40 71 60
44 57 60
65 14 32
1 37 91
81 27 8
9 29 93
28 47 88
8 61 45
42 92 21
84 40 70
5 29 92
69 22 61
51 73 12
80 63 55
2 27 92
11 48 54
88 81 3
42 31 63
7 91 78
69 70 69
13 15 65
73 94 11
20 5 33
49 63 25
29 72 84
53 23 12
71 26 98
23 94 9
30 42 30
96 55 1
43 96 60
82 20 33
43 14 10
29 48 94
32 27 66
65 48 36
18 76 86
4 25 75
14 80 30
51 67 76
65 48 94
67 73 57
57 55 81
76 34 74
64 53 100
20 99 15
69 51 31
40 49 21
29 86 56
29 38 55
96 93 69
91 46 58
88 45 91
97 70 15
9 49 16
79 8 45
78 91 24
68 30 66
56 34 32
30 2 30
9 29 30
22 90 92
89 50 75
39 80 24
13 54 81
42 94 2
14 10 17
91 84 59
87 39 63
93 88 72
62 87 78
58 21 90
8 77 27
74 99 61
78 96 11
1 42 43
36 54 23
0 79 76
26 93 21
4 75 87
60 13 84
51 10 18
86 82 26
80 2 22
33 75 63
69 27 36
15 6 35
74 67 47
93 27 49
25 98 87
68 35 64
93 9 50
4 54 76
39 50 100
83 95 50
22 34 21
35 71 40
71 42 88
57 52 72
86 42 72
48 52 32
89 75 9
81 61 90
9 57 70
93 63 53
10 24 95
45 55 4
14 59 48
57 36 81
93 59 57
68 66 99
24 69 35
47 57 47
47 79 9
11 3 95
33 56 97
18 96 86
23 37 58
79 15 36
6 52 61
54 95 88
16 45 88
95 1 1
46 6 46
54 23 23
64 1 14
99 37 68
17 20 9
73 3 89
86 65 19
25 37 2
49 55 20
28 81 1
24 18 90
56 54 40
22 29 63
53 47 78
71 81 81
14 21 82
87 24 33
17 28 15
48 88 53
96 27 68
33 85 38
8 1 9
40 77 77
37 31 9
35 26 66
42 15 98
16 47 68
53 46 26
8 39 90
31 75 72
39 23 49
37 50 32
38 98 68
48 6 38
32 68 39
70 52 10
83 50 68
53 54 23
24 13 86
42 39 71
66 46 4
62 70 47
65 8 33
51 15 33
91 11 26
22 98 6
78 35 37
39 83 18
61 10 93
31 68 73
24 33 27
56 11 23
40 71 73
23 93 22
74 80 88
54 65 38
52 27 71
49 4 9
75 6 4
88 77 61
67 74 71
28 91 74
95 29 81
52 26 61
9 53 98
65 78 32
79 18 66
13 88 12
20 18 6
51 20 91
82 11 64
16 20 95
7 27 52
17 56 34
5 87 50
6 98 68
88 18 74
37 43 50
93 40 26
97 2 81
75 31 67
7 69 3
84 61 22
24 99 61
67 48 37
39 16 88
30 87 58
35 74 50
82 75 45
15 89 53
77 65 14
59 64 9
45 7 92
5 35 35
22 9 14
12 68 42
71 74 95
90 13 67
2 11 25
76 40 71
62 74 48
46 59 75
83 45 37
80 27 100
58 79 29
83 70 62
37 22 45
26 45 8
50 6 100
56 37 32
9 24 5
15 1 3
36 16 72
11 52 58
36 1 62
65 52 35
25 14 57
28 27 45
4 7 4
97 39 22
44 16 95
26 78 43
53 63 30
30 54 63
66 26 13
36 20 56
47 56 81
72 19 57
42 94 76
37 11 54
17 76 58
48 64 8
26 37 18
0 57 71
90 48 46
66 60 54
40 13 38
50 37 81
96 83 1
62 81 22
43 69 8
17 66 35
60 58 35
63 37 77
3 4 37
71 95 14
58 77 13
57 70 15
75 13 80
10 32 4
84 43 80
3 36 92
34 69 10
31 73 38
86 75 67
31 40 20
31 42 46
14 51 65
60 25 97
88 74 15
74 29 83
40 88 56
33 47 78
69 25 95
12 86 72
13 93 21
56 52 8
7 97 88
50 70 20
67 50 25
42 0 19
46 62 85
99 62 82
70 38 86
32 9 34
82 68 8
51 31 66
68 66 33
17 0 50
50 8 69
12 30 97
42 91 8
77 7 34
70 87 5
73 54 40
61 66 94
77 44 73
75 3 54
50 17 24
94 85 74
94 64 100
0 1 72
38 80 84
87 15 98
85 75 71
16 38 27
76 72 15
49 68 86
93 48 78
86 74 10
69 18 71
71 83 13
52 24 42
33 34 48
84 26 34
81 98 31
72 75 75
30 95 45
28 49 20
10 36 17
25 56 94
95 80 86
15 88 13
79 90 37
21 19 3
17 57 75
16 69 39
62 87 19
76 36 100
66 23 94
55 1 95
67 2 14
58 78 86
66 71 1
4 12 51
22 51 96
96 9 9
5 7 63
22 78 86
14 62 22
26 82 79
47 16 12
66 95 72
81 63 50
55 42 37
99 5 75
9 94 87
58 30 82
71 10 1
65 30 25
27 74 43
85 88 10
75 99 41
3 89 13
58 53 75
1 89 19
75 1 41
96 31 35
51 66 9
12 85 57
23 42 17
64 23 22
18 95 31
87 25 51
92 25 54
83 51 23
71 85 45
92 74 72
2 68 15
8 75 19
32 25 90
83 53 97
0 92 13
86 15 33
95 19 22
17 42 70
6 60 99
95 3 8
41 53 86
1 27 3
71 37 80
58 6 12
92 22 67
33 94 93
25 89 6
76 48 62
51 65 59
51 5 81
3 54 66
67 92 44
73 85 19
0 85 12
91 35 22
73 31 56
39 32 8
87 90 1
79 77 67
85 28 22
15 32 95
97 3 89
21 93 74
0 11 69
4 89 7
41 66 60
64 16 59
88 85 94
92 62 65
88 44 67
46 52 21
11 16 59
48 8 74
73 77 83
5 19 15
34 12 91
28 23 71
26 76 66
99 36 45
9 76 89
83 57 11
37 1 89
19 8 31
51 11 48
10 87 37
32 35 4
42 79 2
47 98 87
80 67 67
95 51 42
31 28 8
18 59 7
38 64 35
48 3 18
32 36 73
60 27 97
12 69 77
95 74 92
4 7 68
26 58 40
76 40 85
49 88 18
6 17 63
62 41 35
94 18 4
15 26 18
8 7 76
22 88 39
2 28 10
35 34 51
13 82 97
11 53 72
7 34 15
86 30 84
79 62 12
74 48 22
53 98 58
66 48 5
61 11 31
6 88 47
23 53 79
23 81 62
86 91 94
15 67 94
42 13 13
94 97 5
56 21 73
72 82 41
13 28 7
98 80 87
64 34 74
78 46 9
47 39 35
99 98 87
30 68 37
24 27 68
24 62 99
53 39 9
61 97 52
27 23 92
18 64 36
41 36 40
63 8 57
64 78 2
89 14 47
83 36 67
48 27 90
67 66 75
58 52 97
45 60 54
16 69 50
12 63 82
33 72 69
87 26 18
23 37 11
4 92 59
27 44 56
84 57 23
76 55 73
13 57 33
78 99 36
13 53 39
58 18 27
81 36 86
56 81 22
45 83 36
44 88 23
0 8 33
95 25 34
38 79 73
22 51 61
42 14 46
13 77 87
56 80 43
76 86 63
63 91 7
19 87 43
72 28 47
2 78 16
48 72 24
70 11 25
97 73 25
9 54 67
4 30 88
23 8 20
0 19 4
33 5 98
32 87 12
2 99 79
72 33 62
68 79 55
4 69 32
57 74 79
51 62 8
43 88 71
82 21 61
95 75 70
26 76 72
24 40 97
97 48 65
46 73 29
84 51 57
53 93 93
23 8 82
87 41 29
25 77 33
92 30 11
52 58 59
88 42 22
83 13 53
33 71 34
79 45 16
97 39 25
58 87 92
85 7 51
27 81 97
21 54 12
61 32 27
60 7 51
20 93 10
43 82 88
86 47 7
87 56 90
66 84 98
94 46 63
59 73 31
63 45 86
64 94 17
88 23 19
66 62 79
58 84 46
56 51 83
49 96 71
35 93 48
26 67 10
98 89 23
87 55 84
81 28 17
80 44 1
28 40 52
70 17 30
30 35 100
64 29 15
19 76 97
33 60 17
88 38 60
93 91 90
21 25 7
3 59 8
34 48 98
95 41 24
61 35 80
18 84 40
49 61 28
34 73 32
75 2 25
72 21 59
70 42 31
59 4 16
16 48 96
13 24 21
32 29 97
91 52 11
51 6 13
58 75 8
87 67 39
32 4 97
70 95 31
91 24 92
62 75 45
7 36 64
76 60 82
61 54 43
97 85 5
67 78 79
59 24 16
35 72 82
23 80 37
24 85 25
98 76 33
99 91 28
27 5 74
41 20 95
73 31 3
89 12 33
50 91 18
97 7 70
81 47 23
71 0 87
9 25 25
1 74 72
96 25 46
20 47 34
8 92 4
31 79 52
97 16 53
83 63 42
4 14 15
85 76 18
81 25 89
17 78 85
65 16 41
72 10 45
47 18 2
83 29 26
20 55 82
6 33 19
26 92 11
18 13 52
49 14 37
16 44 42
85 7 34
37 98 90
10 53 64
18 72 97
38 69 94
59 72 29
2 17 33
65 57 49
46 26 84
65 3 55
29 15 41
61 38 45
56 13 28
25 99 25
78 7 54
26 40 92
61 82 50
77 42 65
54 6 53
94 79 16
47 94 2
42 94 26
80 92 29
62 21 5
23 29 22
84 59 47
57 26 97
25 11 27
36 29 60
79 38 7
55 15 65
12 9 54
41 38 87
2 21 28
64 96 78
4 81 29
75 91 21
18 19 73
46 23 3
39 18 24
52 97 74
17 77 45
72 40 5
79 88 84
92 18 81
93 68 97
95 56 23
67 65 10
25 69 5
57 83 98
92 38 75
36 51 17
31 50 40
11 93 93
46 83 5
13 51 67
66 90 48
80 59 76
89 98 13
0 68 77
16 24 89
16 22 34
25 93 95
98 6 96
6 49 39
82 54 35
91 82 46
51 3 97
19 28 57
90 13 11
67 96 86
20 86 76
59 57 92
76 87 22
30 82 81
0 75 35
98 25 52
40 14 69
50 78 80
26 29 42
45 59 28
36 54 83
66 85 53
53 92 56
99 35 22
30 67 96
54 47 90
92 65 84
75 11 21
88 39 47
4 55 21
50 32 20
16 47 75
79 60 73
54 51 53
6 69 76
6 11 66
22 92 61
40 81 44
4 70 20
59 67 3
60 4 80
37 6 24
94 1 51
67 50 26
96 99 33
45 9 90
94 74 91
84 24 77
1 7 46
68 73 96
79 65 17
36 70 92
1 39 38
68 96 31
8 26 38
37 94 34
48 37 40
66 79 69
18 10 52
50 48 71
74 23 13
11 83 90
32 77 48
48 98 22
50 20 50
25 14 41
87 29 93
66 63 97
91 43 61
20 87 58
32 15 26
18 79 60
5 13 69
1 40 54
6 25 38
62 61 11
12 93 94
46 69 11
4 21 96
49 11 9
65 54 6
32 15 79
20 33 27
36 74 10
65 56 98
53 31 68
29 4 8
0 26 23
47 39 42
57 30 50
14 80 98
12 24 78
59 73 43
73 14 9
63 49 55
91 15 97
38 36 28
28 22 14
43 47 7
69 14 8
69 65 28
98 75 45
48 5 31
17 11 40
69 80 75
70 26 13
71 2 53
36 89 46
89 12 16
40 58 28
27 65 44
83 60 54
47 33 50
81 47 61
97 68 84
17 95 97
89 77 75
87 31 44
63 21 14
56 4 94
36 57 10
52 74 17
86 45 30
24 67 45
31 47 10
2 44 2
74 51 33
35 84 40
21 86 8
41 90 64
16 10 87
84 83 8
22 85 82
27 9 57
55 39 83
2 51 8
41 64 13
62 19 76
69 79 77
36 19 17
35 91 49
75 65 16
69 28 1
52 13 82
83 73 33
54 27 70
46 90 97
53 80 3
73 47 18
61 39 83
94 36 62
74 80 62
57 47 37
63 83 99
17 77 88
16 23 89
18 88 96
51 18 49
2 74 80
76 47 60
13 47 74
54 59 15
80 55 80
63 79 95
