4 29 87
38 2 35
22 93 68
28 20 41
44 57 29
64 6 19
65 77 16
69 93 34
88 11 25
8 88 24
99 27 85
30 28 12
82 19 13
93 28 53
74 45 31
13 68 32
5 3 77
46 75 58
92 40 47
79 51 79
48 36 84
37 82 74
28 67 76
49 3 81
68 47 79
34 43 20
49 54 20
56 61 83
61 88 40
4 5 88
68 49 67
82 48 45
26 5 66
46 53 78
68 5 2
20 4 42
33 82 4
47 16 9
97 98 39
49 6 33
45 41 57
9 92 36
87 8 26
35 14 92
66 32 69
5 79 25
71 79 71
70 40 56
19 93 81
29 75 44
27 93 14
21 7 7
8 10 13
33 17 65
51 21 1
6 85 36
29 76 96
76 74 38
97 98 25
35 96 93
92 93 68
66 51 19
53 32 30
7 13 52
27 83 5
42 57 72
78 80 29
67 52 72
1 28 53
1 90 98
74 63 22
54 60 40
36 93 43
62 20 31
60 59 79
76 9 97
19 79 9
79 68 47
10 26 88
24 36 32
22 87 83
10 70 28
21 64 44
85 6 39
91 75 50
32 28 58
77 8 85
90 85 85
40 1 77
7 49 72
54 32 8
10 0 33
71 5 40
94 89 92
16 49 93
66 3 48
30 99 75
38 19 5
17 75 74
87 28 59
82 51 94
77 79 70
40 6 58
52 33 21
34 86 31
14 49 88
30 62 41
69 86 66
84 25 67
72 79 65
13 41 26
6 78 73
40 26 47
56 39 17
36 42 26
79 10 37
28 42 48
15 29 81
99 59 88
93 87 77
77 17 83
75 4 63
99 23 59
30 54 75
89 25 51
32 51 62
66 18 53
63 69 54
6 67 84
2 49 89
45 14 13
38 40 92
6 9 64
66 38 20
24 11 40
59 82 96
88 33 45
25 97 99
9 77 47
20 19 12
92 54 67
99 47 99
88 26 77
69 99 52
96 69 12
77 37 75
30 58 48
70 37 78
40 99 27
58 70 48
35 70 59
84 90 39
63 78 65
3 96 97
98 88 65
47 9 15
55 31 75
58 65 22
65 94 40
94 72 89
86 97 4
90 86 45
32 83 69
29 93 37
92 36 46
52 57 27
88 63 67
36 66 22
58 50 53
31 0 92
8 83 75
97 27 97
16 3 61
54 70 9
35 3 15
84 87 53
59 57 50
3 20 91
47 29 66
8 86 70
46 90 58
76 45 65
27 40 73
86 79 52
16 90 79
93 48 45
16 47 81
69 33 21
87 42 98
33 39 100
75 24 66
12 28 18
87 82 63
42 55 4
72 27 44
40 41 27
49 43 14
41 78 70
82 48 3
6 46 99
92 64 36
84 49 88
72 65 39
46 10 43
3 91 64
57 22 26
26 58 15
47 49 19
54 69 69
81 80 17
42 95 28
69 57 87
64 69 22
84 65 30
95 46 40
77 70 3
38 12 29
9 23 82
2 51 8
22 88 74
26 27 76
61 3 28
86 69 77
0 71 99
54 21 87
55 9 18
20 23 7
58 22 17
63 32 15
98 81 66
43 92 62
42 65 95
9 79 57
68 81 25
70 55 18
32 11 31
63 0 86
25 58 67
22 49 96
62 1 40
99 5 28
56 98 58
2 77 49
87 19 26
4 22 15
24 68 72
42 51 76
61 37 44
82 70 90
54 11 45
8 9 51
48 54 20
4 5 9
71 48 6
59 55 55
33 76 50
8 34 67
6 35 98
94 41 94
51 38 51
87 5 31
61 42 42
57 27 7
85 22 45
11 38 100
66 97 42
74 1 73
61 57 81
74 46 55
77 31 42
14 61 63
42 7 68
18 55 96
31 22 55
45 15 71
14 0 95
7 39 56
69 97 9
41 32 40
59 4 10
33 76 43
75 6 55
91 34 19
91 66 44
22 19 57
53 28 66
70 4 7
14 44 78
6 95 88
73 72 42
52 90 28
8 11 82
15 73 7
99 44 27
84 36 85
60 39 54
15 79 30
50 0 16
75 80 1
58 82 90
71 99 100
91 44 10
84 74 64
40 41 75
89 94 79
52 19 23
90 81 60
16 21 15
51 9 100
3 86 41
44 55 59
50 84 30
16 87 57
57 15 28
75 74 68
28 44 26
86 89 10
7 29 77
65 39 34
92 44 91
2 43 68
8 88 89
47 56 94
89 70 53
43 28 42
60 94 17
9 10 96
15 45 100
56 42 51
1 89 14
70 96 25
37 32 51
45 72 45
55 68 74
79 94 12
25 17 41
77 14 68
63 77 47
25 54 58
88 32 21
14 99 83
22 89 25
51 59 10
7 8 72
4 57 96
60 23 71
69 57 62
58 16 5
12 50 31
84 36 33
59 68 91
67 63 97
77 74 24
49 83 97
78 68 63
95 97 65
47 62 50
28 21 84
21 53 57
22 98 58
12 31 59
6 48 77
46 73 12
20 37 7
1 60 16
81 65 34
95 40 21
33 55 10
26 19 79
11 41 79
31 72 14
66 3 65
80 43 34
94 39 11
78 1 47
94 25 12
22 32 64
90 32 1
21 79 88
17 42 13
74 50 50
53 68 44
28 76 78
95 10 76
18 20 16
19 50 7
6 86 49
80 54 81
72 34 23
87 29 93
78 34 86
60 2 31
13 79 47
77 81 1
76 35 69
46 31 55
9 17 10
85 53 45
37 77 48
86 73 52
45 62 57
9 33 73
65 71 71
96 15 40
79 28 8
96 16 2
95 67 47
43 81 54
99 68 98
69 88 31
52 6 98
54 34 95
7 14 92
23 96 45
94 39 96
49 62 48
14 8 60
16 38 99
73 41 47
83 65 74
25 89 74
26 78 75
93 96 34
36 99 61
28 76 4
93 16 36
90 48 40
41 9 89
24 56 68
44 22 47
11 54 65
7 35 7
41 5 4
8 0 32
2 27 61
81 88 46
15 26 37
92 61 65
45 35 17
73 25 100
34 2 94
18 71 2
84 86 95
92 94 17
67 22 37
47 35 32
19 43 48
79 35 35
22 92 60
57 43 36
15 70 37
34 98 32
14 13 70
59 93 20
4 49 32
37 76 90
4 57 92
19 5 90
65 43 37
82 7 92
4 12 3
88 46 49
78 11 81
97 21 46
37 34 60
3 66 38
19 12 33
20 64 42
48 8 48
38 17 100
26 7 41
63 2 79
34 94 46
96 49 94
98 67 17
5 34 99
83 24 70
53 44 18
54 21 78
64 49 33
82 53 91
2 93 56
95 38 63
7 97 35
15 45 95
81 15 6
22 60 89
6 55 91
37 45 44
59 70 3
88 15 33
13 96 83
68 48 4
39 64 25
61 46 70
81 5 4
45 85 61
45 57 18
15 23 68
10 7 19
85 74 60
52 26 7
93 25 35
74 8 46
2 1 47
66 50 100
13 60 48
72 90 95
25 26 82
7 73 13
77 71 26
35 81 46
9 21 35
62 39 25
23 64 99
37 67 50
19 31 30
50 48 25
97 68 31
71 36 99
57 42 11
21 59 44
85 30 71
50 97 47
41 3 64
36 37 29
75 67 36
81 42 55
6 20 75
55 23 23
60 44 70
66 80 98
70 79 88
78 1 63
91 16 3
71 53 10
59 38 29
53 94 89
51 12 32
40 43 62
61 15 87
89 41 33
80 66 47
42 32 16
61 87 46
85 61 69
64 26 53
35 53 27
28 45 2
92 20 13
41 5 20
28 90 49
63 90 87
76 32 38
60 95 29
11 41 96
14 29 82
5 75 72
74 75 66
83 75 95
1 44 54
24 65 43
3 47 82
45 31 77
62 40 99
24 60 46
1 17 3
47 67 69
58 87 83
7 2 96
42 18 98
0 45 25
3 32 95
8 20 59
93 69 11
46 51 65
42 49 52
68 56 38
48 33 24
77 67 63
78 45 54
92 50 94
83 48 79
72 94 33
76 60 59
80 72 42
82 48 63
19 13 48
80 44 13
38 18 16
40 65 67
28 1 8
94 26 34
97 92 80
96 56 62
99 28 89
98 66 45
84 91 40
49 11 8
28 44 41
97 24 18
51 65 78
34 5 19
11 81 51
60 13 16
6 47 32
12 37 75
0 84 85
70 54 90
90 88 81
32 43 51
44 42 6
19 44 16
72 17 73
10 96 44
13 96 92
45 92 80
72 99 30
59 84 40
79 36 76
11 53 80
39 14 21
79 82 25
0 52 51
73 85 80
86 39 61
10 79 37
30 99 21
65 49 93
4 70 62
13 15 37
87 69 93
65 14 97
18 56 7
58 97 73
46 30 62
95 2 23
18 88 47
46 86 26
94 4 1
99 26 27
69 28 67
35 90 28
56 89 43
64 46 54
98 31 77
66 55 88
22 63 85
20 55 64
77 54 47
58 71 10
29 94 67
46 69 6
25 40 66
90 61 4
31 76 10
34 62 27
11 16 6
30 36 23
16 41 19
36 77 44
99 18 12
44 41 79
52 74 37
83 92 41
12 54 27
48 70 74
79 48 95
96 6 15
44 40 76
14 35 53
73 79 43
55 74 59
62 48 78
99 5 94
4 89 79
75 83 49
61 19 42
39 90 11
26 80 11
35 12 66
19 61 33
40 18 52
36 87 39
5 6 20
55 66 83
82 20 41
57 25 91
37 4 8
63 23 14
24 76 23
21 53 28
95 54 18
37 65 56
35 52 25
55 95 82
29 59 72
88 9 30
50 9 88
70 56 57
5 47 66
76 55 44
40 5 71
1 48 73
20 21 87
12 61 31
74 64 49
76 40 74
28 51 77
61 57 69
78 1 88
39 23 28
0 19 6
89 35 39
74 83 46
73 64 96
69 81 38
48 81 68
70 52 36
10 46 69
38 27 69
3 69 67
51 93 15
0 48 87
17 20 67
26 0 77
1 61 92
72 43 10
37 26 80
84 17 60
73 92 88
10 28 46
3 59 14
7 9 39
76 44 73
85 48 62
9 48 98
77 47 21
93 83 41
52 84 79
86 70 13
31 84 70
97 75 31
51 96 75
61 73 96
84 76 51
17 12 8
66 16 52
29 73 16
34 5 15
46 24 12
42 32 100
57 92 24
62 93 55
21 5 18
1 20 82
18 75 54
59 63 92
46 75 99
75 59 39
17 46 32
1 3 5
61 85 71
23 14 14
69 55 60
7 94 51
35 96 78
7 75 34
69 62 92
82 29 22
8 51 21
77 65 83
26 99 67
5 26 87
23 33 49
55 79 85
16 69 5
71 14 68
24 56 30
19 7 5
62 96 1
96 2 85
94 78 2
68 99 64
30 62 1
45 56 47
32 67 8
33 43 82
7 54 16
14 39 35
94 0 71
8 40 80
99 18 49
82 30 44
5 23 67
26 66 31
12 8 20
34 15 71
60 16 15
38 5 97
70 35 77
94 4 97
23 86 99
7 97 42
67 96 61
85 78 63
29 55 34
88 95 60
91 92 64
96 66 29
21 63 68
23 29 19
16 29 90
95 5 100
71 27 73
18 47 22
34 98 6
0 74 91
65 83 5
3 76 78
76 71 73
53 22 33
53 65 67
54 3 25
97 74 77
9 43 23
50 22 82
46 62 47
59 4 61
63 54 8
23 16 12
45 58 60
15 56 38
11 3 14
41 94 74
29 58 43
42 99 44
34 80 63
61 32 17
96 1 34
76 49 73
69 15 8
62 73 2
42 83 88
26 51 79
41 60 47
80 75 49
46 95 32
87 39 61
90 26 35
52 86 53
55 52 35
16 96 1
91 2 55
0 17 68
79 23 70
9 87 34
79 42 28
17 10 59
91 20 66
96 36 49
46 28 52
65 10 36
9 1 9
24 12 30
70 15 44
51 58 94
75 19 87
91 26 23
36 68 17
34 25 35
72 81 41
85 76 1
22 50 47
85 58 72
13 68 6
57 60 80
36 8 27
73 49 52
94 37 40
90 49 37
80 12 87
44 94 92
94 13 69
48 51 76
52 13 40
46 6 54
69 54 35
70 48 87
59 14 48
27 80 73
86 3 2
71 92 94
79 49 83
9 91 71
83 67 50
84 32 93
94 83 33
29 54 39
29 88 49
80 91 56
75 10 60
84 77 59
76 59 31
53 62 19
20 22 3
26 39 11
55 32 81
40 62 84
70 29 79
30 37 31
64 75 48
96 25 62
74 69 63
79 85 10
88 97 76
63 54 41
4 56 89
68 1 20
54 13 17
99 82 61
66 15 84
99 90 62
59 48 97
69 55 93
14 34 47
87 2 94
29 96 94
57 47 63
40 72 75
35 30 17
44 10 27
92 35 5
27 2 69
11 33 62
3 83 91
71 70 43
83 9 45
71 18 17
20 52 91
60 23 85
37 12 7
80 81 41
65 46 82
51 42 45
76 41 99
59 54 71
75 12 43
25 70 1
19 28 25
24 82 6
56 60 62
14 28 35
28 11 42
92 62 29
84 2 51
1 23 2
92 37 7
7 49 69
24 96 1
30 38 29
32 5 3
20 43 12
64 72 47
13 74 87
40 80 91
84 85 67
63 76 54
13 97 6
95 99 7
46 29 87
97 83 90
44 69 81
8 99 20
90 51 39
89 37 98
20 89 93
41 67 51
13 84 55
50 44 54
4 11 28
74 28 76
40 44 1
36 99 56
58 56 69
59 22 62
27 28 88
77 16 21
63 67 84
96 31 7
49 6 13
86 34 40
23 77 2
79 36 75
51 59 25
18 24 20
64 57 40
76 34 63
89 38 36
39 9 83
18 41 100
97 45 29
23 52 35
97 65 81
9 80 25
8 9 93
56 15 17
70 77 49
29 9 98
72 45 61
62 5 87
87 30 98
1 49 24
79 74 73
27 12 71
9 29 68
13 58 76
97 58 84
41 43 57
53 86 19
74 23 18
77 79 8
70 91 22
44 24 65
5 25 21
38 88 4
84 49 37
73 25 12
37 76 60
74 59 87
96 40 47
88 35 15
78 40 37
66 97 82
68 54 46
74 31 51
67 47 28
69 34 52
71 37 83
87 34 90
38 56 83
59 81 99
33 35 6
84 75 92
32 49 9
63 84 95
25 56 55
48 7 46
12 85 86
37 73 31
80 4 7
22 60 95
42 1 46
42 70 11
15 64 60
0 16 42
93 57 30
17 94 20
12 51 46
99 25 14
89 9 84
38 85 67
31 45 79
38 44 50
51 18 70
27 93 2
20 25 30
95 71 93
67 59 92
44 65 43
57 84 24
57 41 30
93 63 59
73 72 90
26 56 27
44 80 61
80 5 45
78 82 61
44 81 9
42 90 32
48 12 10
54 1 49
99 5 10
89 92 42
73 99 70
83 91 42
77 54 24
52 34 34
96 11 77
22 80 78
54 2 55
32 8 61
62 9 33
53 4 86
5 77 80
51 54 25
61 7 33
35 3 12
31 39 84
85 66 30
70 34 64
3 85 35
53 70 32
65 26 63
60 85 14
35 90 63
49 14 14
55 60 29
75 35 59
79 45 62
86 0 53
76 75 97
43 76 82
59 81 91
47 58 34
78 26 90
23 7 1
70 75 21
5 53 9
35 43 82
2 19 29
80 45 100
6 83 63
93 37 50
52 29 94
82 52 72
78 68 34
88 19 23
39 54 25
10 57 47
49 21 99
68 61 89
65 50 41
82 88 11
87 81 16
45 86 12
23 1 53
47 77 60
12 48 90
26 12 39
35 77 15
39 5 28
36 30 10
31 84 65
47 9 10
3 31 45
10 88 20
43 21 45
38 2 62
63 77 36
33 70 14
21 44 69
96 85 58
59 1 21
35 17 62
81 95 79
63 21 24
57 4 30
23 59 10
63 47 73
87 66 4
17 69 97
48 58 30
57 60 63
40 62 10
49 84 13
91 15 48
0 23 23
78 0 74
66 42 56
18 53 84
25 63 81
63 87 46
43 17 12
34 57 96
69 14 2
11 74 76
5 20 49
39 44 31
63 15 100
55 86 7
83 58 32
48 43 37
94 41 59
56 44 47
93 41 42
94 95 10
55 78 94
90 30 68
57 46 95
30 46 4
76 74 60
46 30 15
54 67 2
86 39 84
92 28 23
50 26 77
13 0 17
13 47 89
95 87 100
71 94 54
89 4 62
27 92 17
34 2 17
53 59 6
98 40 2
17 67 89
44 9 3
39 65 24
70 35 22
30 93 47
79 72 39
82 45 98
14 56 92
95 90 47
58 50 9
32 85 80
85 92 48
29 54 86
44 32 57
54 41 14
83 17 84
35 69 79
76 88 58
43 94 90
99 73 42
89 15 29
8 21 96
61 95 73
65 52 93
8 78 15
95 88 46
53 5 60
68 92 78
4 81 12
51 97 33
15 59 54
29 58 46
16 66 90
67 85 69
27 2 40
99 79 60
95 35 76
50 87 62
35 98 21
87 89 50
1 73 52
93 71 18
56 16 71
26 52 46
65 1 15
76 54 82
19 81 91
21 73 17
72 52 97
69 65 30
66 40 60
1 73 37
79 39 49
50 10 63
91 67 33
46 25 23
80 33 34
61 80 49
65 91 61
7 90 45
23 53 89
8 99 38
23 98 6
39 44 35
0 67 30
66 22 55
64 79 75
66 3 99
18 27 70
73 21 96
78 65 99
38 12 67
19 13 31
44 8 70
50 60 45
53 75 88
79 29 76
51 3 18
29 50 13
38 39 30
50 67 76
33 61 17
31 82 30
72 97 31
38 70 69
45 95 25
25 8 11
15 78 19
95 50 97
35 50 22
2 52 81
85 86 65
2 95 52
27 96 96
5 76 66
45 40 37
80 15 59
74 40 41
73 57 35
8 76 52
87 48 46
60 25 19
94 74 60
12 6 70
68 22 50
94 86 78
88 14 12
90 54 18
81 1 33
80 40 57
40 4 93
39 90 62
15 66 17
67 16 74
50 25 27
36 78 13
64 0 60
62 61 56
67 80 2
8 95 35
26 66 30
83 5 96
32 37 75
40 63 48
67 52 6
58 1 39
99 25 74
9 41 90
33 24 51
61 95 88
82 79 40
41 78 9
18 87 31
63 88 54
20 74 95
4 86 49
13 8 71
15 99 14
9 30 100
9 25 72
85 25 78
76 4 55
83 11 8
42 26 81
7 88 79
15 31 90
28 88 88
77 27 97
79 98 82
25 24 65
52 85 42
22 4 89
71 41 59
60 27 27
79 10 59
43 82 81
23 75 82
69 38 59
71 14 6
78 60 4
2 91 99
5 43 47
63 7 35
77 40 52
87 27 18
85 73 44
40 31 82
38 20 33
30 75 23
43 8 88
66 23 1
15 8 10
77 86 55
34 49 24
60 84 8
51 88 97
73 91 92
61 28 92
24 4 44
3 39 13
73 75 28
25 95 12
9 66 98
20 74 45
58 66 72
38 19 48
63 19 94
21 39 28
87 16 56
22 50 68
22 53 13
5 62 11
16 0 91
45 41 71
85 46 48
68 3 11
52 20 16
89 2 43
51 23 84
72 68 63
39 8 55
37 26 2
46 56 58
54 20 4
15 72 32
75 31 22
13 42 34
50 47 99
93 13 87
64 95 36
9 43 43
49 7 81
20 59 69
6 76 83
84 7 68
68 72 55
39 14 59
61 54 14
83 27 88
42 88 30
48 4 27
70 65 57
52 16 69
48 64 28
47 46 66
59 30 4
44 1 18
40 20 5
43 65 1
40 72 10
69 44 59
63 26 74
31 14 49
39 91 1
38 46 51
9 34 70
28 95 12
79 37 39
92 38 17
66 85 34
20 29 33
55 42 96
26 2 19
46 77 76
4 15 76
23 66 100
25 10 83
42 38 29
39 9 3
29 61 37
87 3 3
51 7 28
82 54 13
53 40 22
46 16 96
18 15 19
75 49 38
22 26 74
52 25 3
53 78 60
39 76 62
5 18 55
73 96 33
51 76 26
62 74 37
36 55 42
8 53 8
17 77 55
1 85 17
15 53 37
81 29 85
24 43 75
87 5 14
19 98 97
61 66 71
90 21 100
43 33 56
43 44 68
82 85 57
30 71 34
73 72 3
47 49 80
21 92 26
76 80 20
43 54 80
55 28 64
76 53 59
15 38 71
0 17 23
7 12 4
22 38 6
12 9 80
78 68 98
37 47 28
48 35 7
7 48 62
35 25 73
64 37 23
46 36 85
29 17 13
86 27 72
60 85 98
15 14 47
51 32 68
76 95 20
80 79 21
52 72 36
8 38 55
84 57 51
88 60 76
49 51 43
52 55 15
50 46 90
71 26 52
30 9 41
91 98 40
73 66 13
34 59 74
78 18 39
90 59 56
65 60 30
15 8 37
96 29 3
83 24 17
10 54 36
34 31 66
55 16 2
41 7 12
26 91 17
17 62 74
52 58 28
11 15 52
14 92 56
28 23 53
82 78 72
46 74 21
93 3 2
83 14 67
46 42 88
52 7 14
90 66 21
58 1 42
62 7 100
31 16 71
24 17 94
97 58 25
51 2 95
64 92 50
95 73 52
94 57 56
41 66 71
77 26 23
46 26 47
0 69 46
96 7 10
96 30 67
23 37 34
74 2 5
84 69 56
75 87 3
0 87 34
37 64 22
7 59 87
63 78 85
58 17 58
59 88 28
47 29 4
0 3 81
74 21 30
10 83 62
90 61 87
34 17 88
13 53 77
72 52 39
58 96 55
39 94 56
96 54 91
19 96 7
67 26 65
52 56 94
57 59 36
80 41 76
83 3 44
98 81 40
5 28 51
35 50 87
28 10 41
10 5 43
30 78 94
90 6 60
82 17 49
21 95 13
6 58 90
30 84 76
80 2 22
70 25 50
61 38 12
75 39 62
66 86 100
78 4 90
89 8 18
83 72 83
37 75 85
63 85 32
20 25 89
86 40 12
17 39 61
17 10 79
90 45 100
33 97 21
9 92 21
78 67 99
2 70 79
78 97 63
61 23 14
60 3 45
62 35 58
29 14 34
93 98 70
25 18 95
83 0 64
53 29 78
22 94 49
83 1 42
71 80 20
65 13 16
49 66 55
26 33 98
43 31 50
13 72 46
69 50 51
47 63 62
78 89 89
68 33 52
99 44 12
52 61 66
39 19 8
33 77 41
37 89 72
66 42 42
50 57 39
27 13 42
92 0 97
50 99 32
10 30 40
95 29 18
2 52 48
20 41 34
39 74 26
81 62 76
91 7 66
86 8 2
64 38 28
66 79 90
33 68 66
34 74 66
61 73 90
25 62 34
86 6 41
94 57 64
77 50 33
96 7 75
26 6 48
9 67 72
66 89 53
98 53 70
47 48 59
19 72 17
7 39 68
67 39 19
73 54 88
90 67 23
80 27 39
41 38 80
49 18 76
42 38 34
86 39 44
91 1 93
54 14 91
2 87 63
9 33 39
55 53 21
21 62 35
16 11 12
54 23 10
45 12 53
21 58 9
58 69 82
42 50 100
27 91 94
47 74 24
43 10 1
1 67 9
44 79 34
37 94 11
83 13 79
2 71 48
41 28 33
2 67 6
71 34 46
3 41 71
90 10 97
46 49 74
73 56 24
48 74 33
30 19 77
52 39 86
19 71 21
49 5 47
2 9 42
22 29 71
25 23 22
73 70 14
73 0 65
49 29 12
39 66 76
61 32 35
76 17 10
21 84 8
60 36 69
86 51 3
30 15 4
6 34 33
38 88 36
88 49 54
62 37 53
6 84 89
42 40 13
23 64 13
31 91 62
98 28 10
32 68 73
57 85 34
38 99 60
3 41 52
70 30 88
54 86 96
78 66 30
73 93 56
54 68 97
60 80 97
94 87 9
52 89 1
6 49 2
9 99 2
58 98 69
50 23 93
9 68 32
18 25 43
67 52 23
41 91 57
57 22 19
38 11 4
32 71 80
42 11 15
27 58 67
40 59 32
91 14 94
29 57 46
7 96 7
78 24 81
10 52 70
44 99 12
29 4 43
87 15 45
72 26 65
55 30 88
82 34 12
48 46 44
47 67 28
62 37 66
36 56 84
56 68 58
78 43 43
24 97 73
23 11 92
26 72 29
89 88 50
3 62 59
36 13 10
52 12 12
49 42 23
97 33 4
45 59 56
49 22 99
51 41 44
34 93 13
77 15 84
71 17 11
98 5 96
72 84 56
11 31 15
15 50 21
24 82 54
92 82 78
61 6 93
51 90 72
26 66 90
59 93 20
26 15 78
75 95 44
15 80 16
13 84 19
8 69 66
36 99 11
75 63 4
21 70 59
84 8 87
10 46 18
61 89 44
30 16 11
81 39 43
89 29 52
43 34 41
2 7 92
4 55 58
11 16 59
23 85 91
47 76 19
34 7 6
84 64 40
39 53 56
19 14 49
60 15 3
15 38 7
82 32 88
68 29 87
24 42 67
9 40 59
5 94 24
0 69 6
54 78 2
52 30 20
9 86 70
10 34 90
18 74 3
90 53 11
59 42 9
76 64 46
37 82 14
68 7 46
83 48 74
18 75 64
82 20 74
2 20 98
51 60 81
80 88 16
66 99 4
65 30 41
35 18 7
36 68 42
84 5 66
13 68 14
41 31 56
73 26 6
64 10 86
93 8 76
63 44 14
24 92 43
83 67 74
68 50 99
13 42 50
1 78 76
56 45 48
6 98 51
30 83 10
62 55 96
22 8 80
24 18 33
51 33 9
21 62 36
10 81 83
62 77 37
47 27 33
84 81 91
77 24 36
39 24 50
26 77 3
38 97 45
46 29 1
90 15 33
4 50 2
24 41 33
82 34 4
40 69 1
50 30 78
75 25 55
81 62 19
73 17 63
16 24 50
94 11 31
13 62 94
90 32 58
39 3 40
32 58 4
62 42 93
62 35 42
34 80 76
87 59 79
21 79 41
92 42 23
64 91 68
7 48 91
34 95 52
28 96 58
24 52 61
6 13 95
5 93 37
92 2 32
25 93 68
85 62 56
49 99 99
91 7 67
37 27 25
5 83 53
64 54 47
54 66 81
73 62 54
20 46 88
47 5 28
96 44 94
64 26 64
55 74 86
43 79 78
5 41 62
1 48 66
38 2 79
13 84 71
70 93 53
80 84 31
79 54 70
94 30 93
8 64 45
84 13 2
23 55 9
46 1 27
62 90 74
55 8 98
69 82 20
51 49 96
21 10 84
86 99 95
73 66 39
79 92 97
47 87 54
95 7 59
39 86 1
43 88 11
0 44 86
82 24 62
97 22 53
68 2 24
30 49 50
92 20 78
48 70 40
11 29 83
46 58 82
28 85 1
46 97 82
65 27 59
97 67 54
41 27 94
92 50 50
30 56 38
9 40 18
58 47 85
23 79 19
72 26 46
17 96 44
55 78 31
98 86 34
52 96 71
4 6 67
71 0 50
93 54 1
4 98 24
89 1 99
4 93 81
6 21 83
25 76 73
16 79 38
35 47 59
40 12 7
94 53 98
92 90 72
31 17 33
89 41 8
25 67 91
64 89 70
71 79 38
16 26 23
59 25 25
42 97 49
58 2 93
5 81 24
15 7 80
45 95 86
30 0 100
75 44 15
83 79 26
0 97 41
9 60 45
92 62 14
80 52 31
95 10 43
73 99 79
88 7 88
27 8 6
27 40 74
95 75 47
99 93 54
89 3 4
67 47 35
31 46 88
29 93 63
47 3 16
18 43 31
79 32 32
68 79 23
63 73 44
8 89 47
81 30 36
70 14 28
80 77 58
88 74 74
47 3 100
61 58 68
5 10 7
40 66 19
54 96 65
83 15 26
10 32 49
31 53 100
94 35 76
11 71 16
34 11 64
41 9 57
94 25 77
51 89 35
81 14 65
5 72 61
88 85 28
77 35 70
99 4 30
76 96 43
85 27 44
92 30 61
46 96 5
86 17 2
16 78 50
71 55 46
98 7 23
13 26 34
68 94 57
45 77 54
26 11 37
19 16 55
95 25 88
80 10 2
71 24 3
61 88 84
21 95 56
84 48 33
53 43 46
23 16 17
54 23 60
5 78 54
61 32 8
76 66 51
18 74 7
13 68 44
23 12 26
73 42 57
87 95 74
84 0 9
0 59 14
81 86 60
81 40 28
2 54 37
92 76 44
76 63 72
73 79 71
19 83 63
71 62 56
98 92 40
10 67 58
2 68 47
36 52 77
89 88 52
25 21 16
25 33 50
26 71 15
73 55 73
98 71 31
99 59 57
3 57 24
25 82 42
56 48 70
99 89 8
75 88 85
93 82 97
56 49 64
44 27 73
90 10 54
93 88 93
5 75 10
34 68 76
3 9 8
21 54 19
99 58 47
54 17 93
43 68 62
22 12 17
58 90 51
7 55 38
41 81 71
43 53 60
54 44 96
11 40 52
66 77 31
33 34 93
35 62 25
33 36 78
95 72 2
89 48 35
4 68 93
8 78 56
4 74 24
21 78 56
85 51 92
64 78 10
85 24 72
30 86 89
29 77 1
0 53 92
32 15 53
70 21 32
62 25 3
61 37 26
37 48 55
61 99 53
39 9 98
95 96 59
89 48 1
62 61 41
49 30 46
98 0 79
69 74 79
68 58 84
46 69 79
63 24 82
15 0 3
6 65 53
55 48 93
13 25 30
52 91 95
56 1 32
66 56 64
18 69 32
14 76 49
8 83 20
47 78 64
91 93 36
90 88 56
58 0 68
96 49 89
10 31 31
22 31 24
9 67 76
35 27 89
8 65 95
68 41 7
2 10 57
21 36 20
23 81 95
17 58 46
10 22 33
62 72 70
44 67 65
9 53 47
13 17 16
87 60 8
21 86 97
94 20 51
22 32 37
45 49 24
90 64 98
89 90 92
87 93 21
90 57 43
51 91 68
57 9 18
89 74 8
78 15 34
52 60 65
57 56 79
23 6 85
69 82 50
40 43 53
52 54 86
1 69 55
60 34 36
87 62 55
76 14 24
25 79 30
80 42 52
39 8 93
97 38 41
71 22 87
37 94 69
2 66 72
18 45 86
50 17 85
36 14 63
47 12 25
14 37 17
49 37 53
12 96 75
78 26 4
81 75 35
52 90 85
14 4 83
82 1 32
73 28 99
21 83 42
2 45 22
26 53 70
63 60 79
95 35 100
49 51 73
32 46 3
58 17 87
63 24 31
65 12 53
15 24 12
21 72 9
43 67 53
29 37 100
25 52 42
42 29 59
64 24 8
64 23 49
88 52 5
92 31 70
13 5 95
26 87 48
37 57 69
3 33 53
64 29 90
23 57 42
5 32 61
57 33 68
12 86 45
18 34 72
67 38 87
39 60 2
54 14 17
91 17 57
5 55 89
83 41 63
29 39 58
4 52 29
82 48 20
70 46 48
85 14 80
17 59 6
25 58 24
54 17 69
47 85 63
66 23 32
87 94 16
62 60 62
75 5 8
31 84 59
63 2 41
60 5 64
47 7 34
72 6 23
92 65 53
28 8 67
12 96 22
31 81 1
87 39 47
98 33 97
35 52 27
55 84 62
87 88 22
77 17 97
38 39 50
71 30 72
53 94 81
59 85 6
45 63 61
39 81 9
46 34 5
98 52 80
81 2 79
67 99 40
96 36 90
81 3 72
52 56 57
78 98 40
32 31 83
40 55 88
35 29 24
19 16 75
64 56 23
31 30 19
13 61 64
43 56 20
84 36 79
81 82 19
76 97 31
31 93 37
63 46 38
45 8 70
33 86 47
84 20 56
39 75 50
83 61 10
66 89 95
33 0 73
41 79 25
92 83 32
52 53 9
69 27 53
73 52 86
0 79 100
43 46 34
71 32 26
54 74 54
32 22 78
19 48 54
16 90 10
67 72 97
13 62 55
16 84 78
18 71 23
62 23 76
21 80 26
11 47 36
99 93 13
76 29 54
12 69 10
31 87 35
1 54 12
71 92 30
44 90 46
23 27 7
71 88 81
43 53 90
39 35 33
32 16 78
84 82 86
7 43 64
24 67 70
18 24 72
74 42 27
15 50 16
83 76 56
38 8 72
82 23 20
63 92 62
30 92 40
45 13 90
74 29 37
99 1 25
47 7 55
18 99 71
38 61 87
31 89 81
74 50 79
33 54 42
33 98 51
52 98 6
42 7 64
44 76 88
38 96 76
5 38 22
63 82 6
95 14 6
35 81 61
32 25 92
13 15 13
20 44 68
1 54 45
17 99 17
58 51 29
17 1 77
94 7 1
69 29 29
18 17 18
98 36 58
55 34 75
21 25 99
84 22 57
39 34 57
9 34 68
13 12 82
60 93 10
7 92 10
96 99 40
53 66 49
76 17 85
44 69 93
13 6 37
84 42 89
11 14 79
0 99 42
83 40 59
44 61 9
3 25 64
87 48 26
30 77 43
10 90 53
29 88 77
97 79 36
18 27 11
18 11 48
2 86 60
66 89 16
74 68 92
56 69 94
11 1 78
99 91 62
52 49 17
30 48 19
53 95 92
90 46 10
25 57 19
49 12 23
46 45 23
60 21 75
66 2 33
83 64 27
3 24 8
44 54 35
84 6 88
83 57 18
81 50 55
6 3 86
64 98 8
79 8 44
12 77 3
1 55 77
50 78 46
3 61 24
84 79 6
7 93 12
40 9 15
33 75 91
88 99 71
64 82 37
45 63 75
7 53 44
13 87 73
75 91 57
80 33 34
62 51 95
35 15 77
17 6 9
62 4 35
1 2 81
42 74 45
43 13 48
7 39 82
14 70 6
31 72 27
79 53 99
9 67 13
20 21 43
83 97 8
26 81 34
28 73 24
23 38 27
65 53 77
45 43 7
15 31 99
40 1 33
9 57 88
90 49 37
3 11 8
65 89 24
33 1 33
55 46 100
2 26 53
45 16 87
92 83 32
99 51 24
35 69 36
52 94 96
18 5 55
93 41 84
17 54 10
35 34 24
18 55 14
93 44 28
43 97 12
68 15 48
60 29 83
17 33 15
26 34 84
50 23 8
54 52 84
12 7 51
70 12 56
55 6 5
94 20 42
27 76 43
63 73 92
98 16 69
63 65 51
59 11 100
72 29 25
12 13 47
93 79 89
67 61 28
10 87 83
22 67 96
95 84 79
87 69 75
79 11 52
74 59 30
96 52 55
12 82 63
50 82 57
84 80 60
53 58 1
74 4 52
43 22 14
52 57 95
26 50 26
29 47 25
64 54 81
62 81 28
80 27 77
77 31 43
86 48 91
13 65 30
75 74 63
10 17 60
87 82 62
36 32 11
10 9 50
72 16 80
70 30 76
15 63 97
10 11 24
81 31 86
48 5 4
20 30 36
20 25 16
16 22 44
83 85 19
36 4 60
97 63 99
82 93 89
24 85 80
9 67 61
5 51 12
12 70 15
83 60 46
54 29 94
95 29 65
95 86 91
95 3 19
49 47 34
38 19 29
63 17 22
57 1 48
11 22 46
12 54 60
2 71 4
60 45 52
88 68 49
63 54 88
54 56 10
60 65 7
23 67 87
60 3 33
75 76 83
68 47 92
58 14 61
77 95 60
55 82 16
91 48 39
98 65 34
83 85 2
8 96 93
76 61 81
28 8 4
93 36 84
32 65 69
99 43 82
75 68 38
77 42 62
16 62 75
57 80 90
51 34 9
9 43 50
42 18 43
2 27 83
32 45 91
57 65 67
93 40 99
29 33 71
73 43 27
44 35 92
82 47 46
48 49 10
80 31 13
6 49 42
43 51 92
26 15 95
60 13 18
57 68 73
7 28 30
37 16 81
2 5 55
17 7 50
83 14 11
61 72 78
50 13 60
56 94 60
79 53 45
39 46 73
3 86 32
70 78 55
69 90 65
91 93 62
13 70 57
2 44 84
89 73 77
53 38 13
24 55 26
72 22 44
40 50 36
22 10 66
34 35 49
89 51 66
8 83 82
47 39 84
76 95 88
32 91 92
42 82 59
40 34 95
75 2 19
43 8 83
88 8 7
7 29 81
37 18 28
13 72 74
54 90 80
99 66 9
8 82 42
83 32 76
72 26 60
91 33 93
98 48 6
83 9 47
47 23 29
32 98 70
24 14 76
14 9 33
27 71 19
75 47 15
93 68 2
42 56 88
37 33 70
65 62 95
39 28 12
31 74 86
45 98 30
28 50 81
78 66 97
59 14 69
94 48 48
55 56 50
52 4 22
89 25 5
33 85 94
58 65 53
5 54 10
51 54 12
52 87 79
65 91 19
59 67 13
96 37 60
49 86 8
4 10 77
18 51 49
17 18 96
44 81 71
55 76 39
75 33 82
64 76 73
11 38 38
95 37 84
26 73 86
43 92 43
24 92 92
20 62 45
27 60 26
91 85 56
40 82 37
40 77 20
30 8 37
61 77 78
95 44 93
21 2 40
95 27 43
18 2 21
79 91 28
19 8 22
30 44 85
71 87 12
71 98 62
10 54 3
8 56 37
29 31 99
38 73 31
1 52 6
75 87 91
14 62 61
60 65 85
76 36 70
82 44 29
38 47 2
84 13 29
96 75 79
59 3 64
73 3 22
66 86 2
35 61 42
65 34 32
93 88 66
31 20 99
27 87 89
49 26 86
5 81 14
76 84 9
91 8 65
38 29 81
91 97 70
89 44 23
42 7 1
51 85 8
99 10 54
84 97 73
39 52 8
44 89 24
49 3 6
40 69 48
18 8 18
76 19 21
85 91 72
43 56 68
34 68 76
18 66 63
85 13 87
85 46 17
72 50 43
60 9 56
76 75 81
57 44 75
44 95 75
87 86 1
43 62 28
18 67 44
70 53 46
53 22 17
58 49 56
94 43 56
8 69 43
86 50 94
16 95 13
38 91 99
79 45 16
1 4 66
15 44 81
7 82 20
47 76 57
36 62 6
75 51 89
62 14 87
61 40 90
74 3 3
35 1 14
75 85 5
57 97 69
37 69 58
39 61 6
19 91 20
45 95 5
73 75 67
13 9 6
63 59 2
57 5 83
39 9 35
58 59 39
58 6 43
84 65 24
49 41 89
87 92 24
23 1 22
32 45 71
14 73 94
58 30 20
33 77 65
22 93 21
21 71 73
67 20 75
59 46 50
93 87 70
99 93 31
89 3 48
27 89 2
30 19 38
74 91 33
63 81 22
80 96 60
65 43 18
14 11 51
31 45 76
76 33 59
86 63 47
51 76 29
95 35 80
5 22 33
95 60 9
60 42 69
2 77 44
3 28 13
22 43 41
11 42 8
45 35 41
43 74 97
79 65 16
14 74 31
83 34 15
27 21 4
5 65 66
23 36 26
31 22 45
82 43 70
58 68 32
97 4 26
58 43 46
28 14 94
36 11 3
94 24 68
66 62 66
6 39 98
74 71 55
17 25 22
77 40 96
31 59 78
85 42 79
44 80 91
31 69 9
19 41 6
86 66 51
87 3 16
43 42 38
38 66 41
68 51 4
60 78 81
4 26 14
66 42 24
26 55 35
52 36 71
65 67 19
42 25 17
70 50 37
15 19 75
2 84 71
42 71 2
9 92 43
72 85 73
46 91 83
20 88 14
97 42 15
39 70 39
67 28 64
16 75 53
58 28 16
19 35 87
22 78 99
33 6 72
64 36 99
37 68 12
28 60 12
32 68 31
80 81 50
20 2 40
1 28 57
38 39 68
98 68 77
68 16 29
3 48 21
99 10 38
0 89 40
89 33 4
27 17 63
1 15 64
95 75 13
37 79 98
93 3 45
32 52 92
7 33 75
97 34 30
74 35 80
27 60 78
52 28 80
37 63 34
71 1 2
44 13 78
94 6 84
12 77 18
48 79 20
25 14 78
21 77 78
19 39 32
75 91 23
83 85 60
97 8 39
33 4 57
65 33 56
53 25 33
51 23 85
96 66 100
45 27 32
85 92 35
78 13 65
91 50 86
64 23 93
71 99 7
94 9 34
8 50 36
50 10 8
60 93 95
13 58 92
69 48 81
51 43 46
66 32 52
55 37 10
84 6 79
77 12 41
76 88 98
50 95 72
73 29 72
42 11 59
30 46 1
43 8 63
6 24 40
93 91 4
97 91 69
29 82 79
26 25 85
75 2 47
88 30 29
72 14 48
86 92 23
39 30 36
19 47 24
61 51 92
30 23 33
0 32 39
84 88 58
87 43 56
23 42 75
92 25 47
82 89 60
11 60 37
43 2 13
78 2 34
32 14 86
4 5 61
44 80 51
12 52 61
58 43 35
74 4 94
55 84 35
44 75 76
78 28 51
65 2 1
5 3 65
98 32 35
37 39 17
40 55 35
24 58 81
43 41 75
35 0 100
8 7 17
40 53 100
20 24 5
34 91 48
11 22 67
70 53 94
33 36 41
23 81 34
39 91 24
66 71 47
86 0 28
77 93 37
60 76 77
48 90 45
49 51 75
82 90 28
69 31 28
92 68 27
70 42 2
25 36 25
53 61 27
7 24 45
4 77 38
23 27 4
5 95 62
87 71 74
0 64 7
51 31 13
95 77 46
8 1 64
4 22 76
48 93 8
33 16 53
57 87 28
54 96 21
97 15 59
18 70 67
77 72 16
95 80 6
63 17 91
15 37 26
66 13 84
27 89 46
80 60 40
7 4 46
80 50 89
80 36 21
29 45 50
19 41 11
84 39 2
99 52 88
46 10 60
11 23 93
61 68 38
34 18 96
58 83 72
21 61 51
92 17 28
68 57 99
98 16 46
48 81 12
92 33 41
11 81 4
51 95 27
9 7 27
56 34 83
21 60 16
44 63 77
55 42 21
64 31 19
9 53 37
5 12 88
9 13 33
3 70 89
37 72 62
94 86 17
57 67 36
47 29 65
53 27 14
68 57 72
16 84 63
61 92 2
99 92 96
2 65 84
38 4 90
24 69 83
15 17 87
38 4 6
12 99 99
45 32 42
98 17 99
30 33 70
55 63 13
48 10 16
75 48 23
33 28 7
75 42 83
57 13 62
73 46 3
79 65 55
14 7 25
67 29 75
88 26 91
49 74 83
68 51 1
2 63 56
78 13 77
15 54 100
89 82 2
53 8 34
6 54 36
68 90 13
90 81 71
10 36 39
82 28 4
11 58 74
76 80 80
94 48 58
59 11 19
5 34 51
45 56 51
29 97 48
98 61 56
75 71 91
14 46 92
42 45 32
60 93 22
86 48 76
3 93 38
57 0 11
19 51 3
27 43 28
89 34 35
56 47 64
59 55 99
83 25 61
23 86 11
19 20 41
83 97 60
96 17 62
17 93 90
49 41 16
80 82 89
66 89 16
91 66 48
87 21 29
52 81 96
16 28 47
70 12 82
66 3 62
34 43 76
44 99 68
10 1 41
40 98 5
37 51 18
41 11 16
27 66 5
76 94 76
39 0 50
67 27 86
4 78 67
81 94 68
70 88 74
73 67 14
59 65 1
4 1 64
44 74 30
82 57 30
73 29 80
55 92 14
48 24 75
73 56 91
7 38 2
6 17 24
81 51 10
72 18 66
77 67 29
40 1 77
22 84 5
96 80 4
31 61 14
41 24 42
92 72 46
60 81 72
68 31 11
53 34 32
73 92 76
79 45 83
93 40 44
89 11 72
35 67 76
28 53 83
91 46 67
7 0 7
13 72 33
10 98 57
77 3 31
35 37 7
70 44 34
97 58 96
18 86 67
35 54 99
70 69 97
60 19 64
36 87 12
85 10 83
85 94 44
12 55 16
73 37 7
84 95 21
40 24 5
13 10 69
91 2 85
83 4 28
37 41 15
8 67 91
45 21 13
55 66 34
68 96 36
34 71 37
77 60 76
82 26 53
55 37 76
57 76 25
66 32 74
97 89 94
74 7 96
14 25 86
72 35 49
66 85 80
27 40 39
50 67 40
0 80 87
11 15 32
81 32 26
97 71 34
30 2 80
56 54 54
89 3 54
81 76 14
33 78 93
27 91 75
19 49 3
16 33 54
96 75 85
59 36 33
67 48 60
66 99 26
47 82 30
2 35 1
55 5 69
69 53 90
67 96 5
61 19 48
45 51 7
50 17 26
16 37 20
70 22 47
33 58 39
23 36 13
16 90 19
10 67 39
3 66 20
1 44 85
47 6 88
0 71 71
9 13 35
64 62 6
83 26 3
39 0 54
11 33 9
20 47 38
86 64 5
59 27 5
89 28 34
13 37 77
86 25 7
48 8 96
44 96 44
31 17 16
13 88 97
94 30 55
14 89 72
61 74 87
34 42 7
72 32 45
87 63 25
12 8 100
28 66 71
27 57 96
37 80 34
84 40 44
14 33 10
72 41 55
78 96 22
74 52 78
20 93 2
26 21 93
44 75 5
38 81 10
27 79 94
7 85 99
38 72 43
98 59 54
56 7 53
76 43 96
37 30 46
96 61 63
90 99 50
43 10 21
15 8 24
71 56 48
2 29 42
99 45 14
38 27 47
7 12 88
43 70 66
22 39 65
20 21 89
84 14 87
42 29 71
56 92 56
69 43 10
9 49 11
40 62 44
61 57 45
96 84 84
95 25 32
10 6 12
79 74 89
82 12 27
34 26 85
39 18 26
42 58 10
28 97 10
46 52 4
27 39 30
84 22 9
45 96 90
78 92 89
8 30 69
74 59 44
41 71 30
2 47 41
45 10 64
21 50 38
5 40 89
43 51 46
82 93 96
54 85 34
42 48 4
88 9 92
22 56 56
11 7 58
17 55 7
32 98 15
8 56 83
77 28 62
1 56 38
94 70 66
45 14 99
67 19 53
52 16 58
45 82 12
60 18 6
85 42 31
8 27 19
58 87 81
32 21 68
46 64 25
81 36 38
19 68 58
51 72 85
63 46 13
49 63 19
21 41 19
72 5 43
66 91 19
36 40 76
46 55 22
99 97 79
67 94 66
78 34 22
50 95 65
12 36 23
74 63 48
28 13 5
25 99 35
50 78 2
94 34 10
42 86 15
55 4 24
2 19 64
45 95 74
39 10 1
87 17 19
41 54 47
30 50 14
27 78 57
61 98 65
91 42 11
45 56 22
71 35 65
51 81 53
66 65 75
61 73 39
35 13 13
32 71 39
63 34 33
76 89 41
27 26 73
28 7 98
90 47 51
7 45 63
32 73 66
15 51 51
23 41 97
4 78 76
14 48 39
60 23 87
40 61 82
27 21 37
40 88 69
74 3 13
15 99 46
97 14 62
38 0 83
43 99 88
13 69 86
61 15 39
31 45 68
58 22 80
44 18 99
25 46 53
33 49 42
64 60 18
43 93 83
31 15 86
8 35 3
69 15 17
51 17 46
10 28 86
99 19 68
65 5 100
27 92 44
3 86 45
95 73 67
61 92 26
23 40 91
77 71 61
53 57 50
28 7 65
32 89 91
45 98 100
4 12 19
92 33 22
36 98 41
76 84 31
26 40 33
83 52 95
36 76 90
37 33 99
29 51 23
98 68 35
56 95 79
58 68 86
19 48 41
41 4 85
43 45 7
69 49 17
11 72 95
7 47 36
46 95 93
80 71 20
38 79 26
31 98 3
0 83 11
31 87 86
23 48 48
90 55 27
34 24 3
80 83 98
52 72 13
12 75 33
96 89 9
43 66 36
64 63 36
98 50 36
52 8 45
37 32 86
98 33 79
94 45 23
74 26 36
59 90 50
88 19 76
38 52 75
22 76 22
71 2 47
21 86 53
27 97 72
59 86 47
38 66 60
39 14 12
62 44 38
41 1 3
17 70 13
76 49 92
2 10 49
38 95 66
34 11 62
1 26 16
69 35 60
53 94 34
36 82 82
28 36 82
52 72 83
32 17 81
58 62 93
46 80 63
25 78 19
64 75 4
86 95 59
86 6 93
84 20 44
39 68 15
94 9 68
84 81 34
51 63 28
35 54 93
47 29 57
31 55 85
8 72 99
77 1 51
54 63 5
90 32 36
25 99 55
46 86 61
28 81 97
73 56 30
49 44 92
49 69 57
52 71 39
57 15 38
62 68 73
18 31 61
47 56 14
22 40 44
48 61 38
92 10 36
71 97 34
21 14 39
46 18 74
28 93 9
25 45 78
35 87 69
96 26 41
76 4 60
81 46 12
0 30 20
88 86 19
41 73 66
2 8 97
74 64 87
18 95 76
86 3 48
38 44 81
38 22 7
67 68 5
95 30 24
20 9 54
56 5 55
26 28 71
83 47 57
3 80 72
35 73 2
73 0 24
15 46 4
66 16 62
93 4 80
18 56 46
83 45 79
22 31 99
71 87 97
30 90 38
28 47 20
93 26 97
31 52 81
88 37 93
28 66 22
16 28 48
88 21 42
72 3 85
89 27 62
68 1 26
36 40 31
10 48 7
58 12 91
45 67 46
0 77 80
69 83 30
99 85 60
92 2 96
55 17 40
42 99 6
4 1 11
27 57 93
18 52 76
82 88 98
37 15 79
51 6 99
95 10 8
48 45 63
32 45 71
74 34 52
53 38 44
69 37 49
90 44 49
43 70 71
94 54 39
84 29 65
71 34 14
88 6 24
45 99 75
67 73 59
17 86 16
87 61 41
56 96 13
96 88 77
35 98 90
49 58 20
3 12 70
70 47 9
28 85 69
76 32 47
55 65 96
13 33 34
22 35 4
55 6 33
25 7 22
39 9 52
67 54 41
67 85 18
35 74 26
95 35 75
4 20 2
10 58 95
70 59 33
91 96 57
55 85 81
80 64 62
28 39 45
26 39 63
28 26 84
19 91 52
66 76 37
64 2 36
94 63 5
7 94 64
64 91 9
3 76 89
89 1 39
18 77 54
60 15 23
50 39 1
83 59 33
45 75 93
76 56 86
36 70 33
60 35 84
23 51 94
73 33 65
18 57 20
10 1 1
80 2 16
61 33 52
93 57 96
90 71 81
38 13 10
56 9 59
83 60 62
53 12 8
41 60 89
39 71 44
95 33 41
96 87 68
61 20 63
38 69 5
57 73 22
76 37 79
56 61 1
60 40 55
52 11 11
25 75 2
97 76 44
9 30 90
86 10 25
98 6 42
87 13 63
28 4 5
73 29 96
17 33 23
21 30 66
87 22 45
72 38 27
41 81 80
88 72 47
1 36 54
13 28 83
50 11 94
79 90 78
15 96 54
2 56 5
69 31 50
11 60 11
55 29 99
52 27 6
22 37 6
78 84 47
10 56 79
31 79 80
14 81 79
6 17 13
88 32 7
33 28 96
61 45 9
55 90 18
54 24 78
95 90 45
45 19 28
62 2 24
15 16 93
69 97 2
14 54 19
37 27 5
0 85 49
17 36 60
35 20 47
31 36 79
43 26 20
22 3 65
33 77 18
85 64 21
76 88 48
48 67 21
82 92 22
36 84 76
12 70 32
45 97 90
1 68 2
43 37 25
38 26 45
3 72 84
58 15 68
33 52 83
67 60 22
45 75 99
70 82 52
4 67 96
21 30 53
88 32 1
64 68 29
54 77 18
93 38 3
22 55 31
77 70 19
22 14 52
78 97 88
3 68 36
96 72 71
9 94 92
88 25 57
2 51 76
33 35 81
39 81 39
82 32 61
87 26 15
25 63 29
42 68 79
54 79 67
49 25 60
31 4 71
98 42 46
88 25 33
91 79 96
17 22 88
19 42 8
29 72 62
43 15 100
16 84 32
82 48 88
72 78 33
51 72 88
38 79 49
0 18 92
4 90 94
71 74 48
13 30 53
72 80 18
71 96 7
87 63 92
18 4 1
91 77 91
39 46 46
10 71 71
17 40 64
20 49 98
57 34 79
66 0 5
32 17 64
21 68 26
15 35 54
36 0 11
11 9 64
1 36 25
10 8 91
29 77 55
61 28 2
95 10 60
44 50 39
27 14 69
42 6 80
8 3 32
33 96 46
3 32 15
25 70 17
37 73 23
68 43 42
92 94 84
72 55 28
8 36 4
73 20 72
93 62 72
39 57 6
80 33 45
81 78 78
53 18 46
50 0 50
1 90 78
14 60 66
35 1 92
64 29 3
25 16 64
22 36 58
98 76 19
49 73 17
21 85 20
47 45 13
11 64 55
14 83 52
45 61 35
25 18 81
65 40 97
41 35 18
54 57 47
52 3 90
50 99 48
36 58 61
3 72 79
45 87 92
42 17 99
3 89 38
99 38 80
36 84 30
74 69 16
23 89 21
78 26 99
88 11 3
76 48 34
13 1 17
35 60 55
7 15 50
71 67 21
33 71 90
69 53 52
68 81 97
47 1 8
84 5 70
34 43 72
87 27 94
37 60 41
97 4 14
41 4 19
40 10 2
33 28 80
80 79 16
85 46 45
9 50 12
12 51 69
71 53 39
23 17 55
47 68 27
74 28 44
23 34 74
17 59 50
12 75 68
14 22 76
95 45 37
36 34 12
99 45 52
12 68 64
88 63 56
52 19 26
7 9 41
96 44 18
13 95 70
68 78 20
45 46 23
8 9 89
54 81 20
41 61 4
46 18 69
49 66 25
17 73 64
0 11 72
74 17 50
59 8 40
20 58 9
47 83 23
68 14 71
35 64 92
19 21 92
29 98 52
6 88 96
91 27 80
10 4 24
59 70 15
60 6 100
80 47 63
66 0 34
87 8 5
5 28 33
80 51 84
65 54 53
83 4 42
87 98 12
95 38 14
96 26 47
91 56 18
13 63 93
92 6 31
9 77 1
92 72 88
43 88 55
37 84 19
10 9 1
62 70 16
41 63 56
52 85 74
30 40 5
42 59 40
52 15 85
81 8 44
51 94 95
68 41 10
62 69 49
33 69 34
81 13 48
99 80 22
9 7 42
14 22 54
70 77 59
31 81 9
80 41 58
37 96 43
29 86 45
23 66 99
45 85 45
23 71 82
3 79 70
48 33 46
32 77 40
40 64 8
93 30 69
51 99 32
66 88 59
92 91 38
77 84 83
89 48 48
36 51 28
2 15 49
12 51 13
43 24 27
84 23 84
56 23 5
78 72 98
59 71 77
1 64 65
47 6 72
63 81 51
7 42 80
23 76 38
45 58 60
55 50 11
40 42 77
93 20 90
17 22 54
21 2 92
35 77 19
3 88 7
58 37 81
2 69 96
96 81 24
57 94 1
98 34 9
16 62 56
48 25 52
48 32 94
21 81 99
81 16 45
75 47 37
10 16 53
1 59 52
61 47 75
7 53 74
24 53 62
93 25 44
57 47 1
51 3 68
41 85 49
78 82 3
46 1 10
17 68 51
12 87 95
72 96 38
90 99 63
39 47 63
22 96 51
19 50 27
0 20 10
40 31 20
11 84 35
74 23 44
61 33 4
61 99 10
52 74 63
27 47 79
88 86 98
42 12 76
11 19 46
15 69 70
33 71 9
48 23 24
96 27 79
55 41 84
45 4 75
19 75 13
31 14 13
70 84 69
62 68 12
42 86 40
47 54 77
41 64 53
74 90 20
60 21 66
17 69 83
53 76 10
63 9 16
26 14 22
71 81 44
88 28 41
35 66 35
55 50 3
65 91 70
98 39 7
89 23 49
50 32 37
37 30 98
22 98 73
36 83 95
78 96 38
94 87 81
18 50 42
9 17 68
85 98 72
78 98 88
72 90 84
24 22 2
37 54 38
5 59 41
92 70 75
27 7 45
99 72 43
42 7 17
35 39 22
98 49 91
68 58 70
38 37 11
13 67 96
57 92 48
74 23 81
25 57 51
80 91 35
44 46 21
41 84 9
64 20 33
76 21 59
2 70 25
46 33 12
41 15 67
31 89 84
60 79 77
48 85 27
82 67 85
3 67 45
7 28 20
51 11 90
74 50 96
10 41 92
2 87 51
58 21 61
70 36 66
34 75 24
54 9 79
10 72 56
39 35 80
94 0 25
98 94 6
92 98 63
37 32 23
93 94 12
79 13 64
82 4 9
27 20 12
19 26 51
27 84 45
19 15 60
58 84 99
37 78 32
70 26 20
81 86 34
53 46 71
78 95 82
78 5 99
93 55 50
99 81 80
85 66 92
44 86 15
83 23 54
24 99 28
85 79 39
93 8 72
24 53 10
43 53 95
81 37 7
18 30 21
57 78 94
45 91 10
96 15 6
73 14 82
9 46 25
87 31 75
28 20 21
57 51 67
58 50 21
85 2 18
40 18 40
1 91 74
16 50 74
14 2 4
68 28 41
69 98 53
4 0 64
8 47 5
87 93 41
28 46 49
1 95 21
65 67 32
96 50 15
83 56 47
2 38 73
57 48 3
40 97 53
28 88 40
64 9 92
96 58 50
8 12 97
48 26 33
17 46 34
80 35 62
54 91 77
62 88 89
10 61 15
55 33 51
71 69 8
4 88 87
42 69 49
71 26 34
73 43 86
72 39 52
81 91 32
23 26 36
14 13 39
60 24 82
57 33 21
54 17 59
90 71 12
92 46 17
16 34 92
7 82 9
99 4 66
63 24 15
