21 95 59
68 36 72
66 17 2
68 40 9
50 96 29
52 90 61
6 89 35
80 37 24
81 90 62
65 92 66
63 55 9
46 99 60
1 6 91
65 9 49
57 34 100
75 17 29
38 39 3
44 81 93
44 90 50
39 89 89
37 69 86
18 34 16
51 78 42
28 9 77
50 51 48
51 94 2
25 95 77
71 75 67
21 81 44
69 63 98
7 4 73
23 32 55
61 15 55
92 2 70
54 61 60
30 98 60
6 55 61
93 15 76
83 48 66
43 19 78
88 61 65
57 56 44
69 76 95
21 66 20
61 17 58
37 81 1
58 70 17
70 67 48
81 88 97
74 45 63
74 97 29
51 91 11
14 25 4
2 32 87
94 85 24
68 30 24
68 6 52
95 17 97
22 48 88
38 43 53
17 74 96
58 26 39
14 8 49
52 22 64
1 49 67
60 55 23
6 7 4
12 20 92
98 18 60
32 68 13
44 81 99
7 75 83
99 95 45
59 20 59
3 72 7
31 5 46
29 43 74
97 95 58
3 50 94
73 20 80
82 30 4
18 2 98
81 3 88
93 76 100
12 10 47
39 23 40
40 79 54
43 86 86
15 5 28
7 32 56
45 2 35
77 52 8
43 56 11
96 90 62
56 60 15
8 93 75
79 42 17
59 99 20
85 16 58
37 83 61
82 98 6
68 16 90
79 24 25
0 16 15
71 66 55
5 65 93
30 0 48
51 39 7
80 41 19
97 2 2
72 23 20
89 44 14
11 85 76
45 25 78
54 60 35
49 56 60
46 19 58
2 22 96
90 33 71
82 85 66
52 39 14
63 91 24
30 76 30
18 49 3
15 97 59
25 66 69
22 27 100
45 26 6
29 97 8
75 82 18
99 20 4
62 78 56
22 57 95
26 55 99
69 40 28
92 96 19
52 31 82
85 53 23
83 24 87
40 83 95
38 14 100
16 53 87
77 1 77
91 81 63
96 9 78
25 3 61
35 1 40
57 18 22
77 33 38
71 86 24
48 31 45
37 81 97
95 31 37
3 51 17
4 32 80
89 44 12
48 0 91
24 84 19
55 62 72
85 53 6
12 50 64
58 29 100
49 22 37
61 85 61
34 36 54
47 41 80
68 61 92
84 5 82
59 58 10
68 95 64
78 90 5
52 60 5
42 95 17
63 1 44
29 96 26
64 10 89
53 72 48
30 22 62
28 96 60
12 16 4
18 90 89
56 27 56
82 19 66
61 77 11
9 87 44
79 75 64
39 47 93
42 86 30
35 98 69
19 8 43
23 19 51
98 3 54
41 26 28
13 59 83
29 77 62
36 13 99
66 86 35
24 65 54
1 19 69
72 40 5
47 78 65
25 24 45
44 22 58
48 93 50
5 98 38
24 65 42
75 9 53
77 2 3
59 39 90
78 62 17
99 52 99
73 79 14
87 78 63
48 6 74
83 45 24
10 61 64
27 44 21
12 57 52
85 35 24
74 36 35
88 45 82
42 28 100
51 75 21
69 10 30
88 99 96
69 71 77
14 70 56
34 32 96
98 21 64
53 77 37
43 3 96
42 90 7
74 48 9
98 82 19
60 74 83
73 83 15
25 20 45
51 14 12
10 6 62
78 88 65
90 22 25
42 31 71
31 62 98
90 78 34
16 53 8
73 63 95
49 22 41
87 17 41
82 73 98
54 57 72
79 54 48
33 51 79
16 88 51
49 33 44
30 3 73
83 90 55
84 94 39
93 46 43
30 88 3
76 33 10
45 70 62
5 76 47
30 74 82
78 19 67
18 13 85
83 43 48
20 83 62
37 52 57
45 47 46
1 39 96
79 43 50
38 18 95
79 43 71
28 85 33
8 32 20
54 84 6
29 65 51
46 72 41
52 26 63
31 93 26
18 74 46
33 71 40
50 91 20
41 51 91
11 91 52
3 82 25
57 48 20
9 28 91
85 22 75
94 27 19
10 27 30
17 54 47
6 60 28
36 62 96
72 21 89
12 46 83
46 61 41
48 77 1
69 68 22
58 15 33
4 45 72
84 47 1
55 66 96
14 98 29
62 83 11
36 83 72
92 26 64
91 79 83
26 89 20
32 82 83
58 68 96
68 42 53
52 35 16
18 22 53
51 69 67
0 76 16
85 59 29
19 1 97
57 84 68
33 80 83
86 25 53
27 38 39
37 79 25
74 47 6
90 30 70
25 82 43
42 26 39
40 0 58
96 3 52
69 72 61
29 6 72
63 8 65
29 12 23
53 48 19
42 3 9
18 54 2
47 21 54
26 14 72
82 63 82
28 75 43
64 85 31
31 91 85
55 64 67
29 31 10
82 65 37
77 47 79
93 33 68
65 36 15
96 36 12
67 14 95
85 77 21
12 83 71
5 92 5
25 19 59
65 0 61
40 13 83
73 86 50
80 52 47
68 58 54
26 43 96
5 7 37
12 60 27
96 67 6
15 71 74
12 35 65
18 61 97
15 50 29
23 96 92
21 47 81
87 72 58
10 96 50
50 0 71
19 35 54
94 64 86
69 95 24
42 56 76
25 31 72
13 56 1
16 78 7
58 9 44
82 22 49
21 2 84
70 52 91
42 26 99
0 98 42
60 22 55
33 30 77
98 95 17
26 14 51
13 27 7
65 64 24
77 97 29
88 22 94
48 60 81
3 48 16
34 84 71
5 13 100
45 86 43
2 98 31
32 66 61
12 68 20
10 38 66
93 55 53
15 82 38
23 16 20
40 56 10
45 23 58
63 94 19
8 97 74
23 52 100
24 6 86
18 61 76
29 23 93
67 52 51
7 27 5
63 28 83
39 83 21
83 62 38
9 50 45
77 71 96
47 43 49
32 11 58
43 53 98
38 49 60
42 7 64
3 6 29
32 98 9
52 22 37
76 27 99
52 92 81
41 47 57
39 62 47
49 69 82
28 57 64
70 49 38
54 24 65
43 56 34
31 51 53
42 76 23
72 47 15
3 36 43
70 14 21
82 88 59
30 44 71
67 2 10
59 33 12
62 18 33
10 5 87
53 87 98
22 97 25
93 22 38
63 38 81
95 1 9
2 81 69
43 61 92
49 47 3
58 34 14
6 5 56
81 27 5
77 58 100
69 37 42
1 43 64
22 72 59
35 43 8
39 27 17
83 99 77
2 1 20
10 94 54
71 77 31
42 31 70
21 61 25
37 43 96
86 81 44
88 56 58
92 73 69
11 95 2
98 45 64
12 90 50
92 52 13
57 30 51
71 95 23
46 55 83
3 39 79
8 15 50
31 44 86
4 17 73
7 29 31
72 88 66
99 76 45
20 25 94
25 4 11
15 50 76
98 16 100
37 2 43
39 40 43
10 46 71
59 69 52
1 48 30
23 15 43
26 28 100
24 85 10
52 25 87
99 61 17
27 69 16
86 19 82
4 50 54
98 57 12
34 99 16
24 66 71
58 24 61
6 82 98
96 46 8
46 55 24
36 66 91
34 12 98
52 91 39
86 42 23
24 63 49
75 3 10
74 73 23
67 8 66
44 26 73
50 71 99
55 57 85
84 27 18
32 93 53
69 10 44
69 90 56
44 10 21
11 95 50
58 91 5
74 94 43
20 55 48
70 26 78
49 52 29
93 16 53
53 99 38
96 93 43
98 82 56
73 41 94
59 70 68
89 60 77
91 8 70
99 15 16
8 37 89
44 73 48
41 22 34
50 85 80
51 69 83
6 42 5
74 53 42
91 33 82
17 26 42
65 30 92
38 50 77
81 2 94
87 53 41
97 77 69
19 45 50
17 25 24
15 52 2
60 2 1
34 40 35
43 87 40
85 74 92
26 41 57
76 0 16
52 97 70
27 7 55
36 32 65
33 52 20
50 67 18
92 84 1
62 25 9
27 20 81
15 22 7
8 82 28
35 40 34
53 32 85
60 34 8
69 95 74
71 11 49
19 31 90
36 59 82
50 71 73
51 67 82
80 0 39
78 82 87
30 98 5
84 61 98
23 91 80
62 89 96
60 95 31
67 57 95
79 43 72
99 16 38
6 97 60
74 10 49
54 92 22
65 50 73
5 90 24
64 84 49
1 63 94
53 88 41
96 20 93
50 71 78
31 45 70
99 17 32
5 92 60
61 77 40
20 12 53
1 92 34
70 66 79
61 86 53
21 19 31
2 79 77
39 47 96
40 28 92
57 70 67
51 76 3
90 43 41
41 39 41
22 95 95
80 78 33
32 7 89
99 87 79
83 7 2
47 42 14
67 84 88
9 38 16
86 7 57
47 76 14
81 82 52
33 16 31
39 47 91
7 70 86
47 70 68
33 61 50
0 49 54
15 96 40
4 87 98
27 66 14
99 21 8
87 49 28
60 76 93
8 41 20
58 33 10
4 17 22
42 75 56
60 40 37
90 76 9
44 64 96
34 38 78
5 40 41
84 27 15
57 53 23
36 51 31
46 27 67
69 74 45
3 97 66
26 23 44
16 99 1
36 6 99
10 6 6
52 32 59
2 10 11
26 61 96
43 99 53
35 80 46
46 80 65
2 12 49
71 49 31
68 82 98
85 44 66
51 37 33
27 77 36
32 91 96
73 55 9
40 68 16
0 66 21
97 42 84
54 30 11
74 0 32
46 42 64
6 54 87
98 20 67
97 39 12
28 1 43
11 53 84
94 9 1
65 8 72
70 84 4
64 38 6
61 77 18
92 45 54
66 89 43
14 40 25
93 53 73
10 67 9
62 33 6
54 85 78
53 87 20
49 26 7
0 78 34
22 46 84
30 81 10
31 94 85
21 95 84
96 25 89
46 89 37
69 17 23
59 78 62
44 41 62
47 80 64
50 44 26
69 18 32
2 87 85
75 66 58
21 41 50
1 54 67
15 66 69
56 85 63
20 27 32
53 41 85
30 93 40
54 66 71
30 39 93
51 60 68
3 69 89
48 69 97
64 99 70
0 46 80
83 89 92
99 59 74
93 66 57
96 99 32
37 98 44
31 35 96
27 47 24
8 5 32
58 24 87
13 79 47
71 80 9
13 28 34
81 0 61
23 5 74
65 3 88
76 68 56
67 61 11
8 23 87
84 31 6
47 49 34
50 33 71
39 7 43
5 81 37
87 79 80
3 80 54
26 28 81
50 14 20
90 88 41
66 43 69
0 10 60
35 65 50
80 35 84
46 76 41
83 32 73
1 25 21
72 3 93
3 63 18
0 25 10
28 1 10
40 58 86
25 22 99
34 20 48
76 69 28
50 48 76
42 49 17
54 14 72
79 65 25
80 56 95
55 36 77
13 74 13
21 90 95
28 21 13
72 82 32
13 40 87
29 9 50
29 69 11
63 59 99
46 51 76
52 72 84
25 39 35
68 71 51
56 20 28
4 71 45
10 57 94
55 70 68
49 46 22
55 67 13
85 14 98
45 8 65
17 15 42
42 47 38
22 73 48
61 93 88
39 73 3
49 60 42
95 78 16
43 27 97
12 97 29
61 91 31
0 57 27
60 16 12
91 57 49
34 59 88
15 57 75
3 80 53
2 72 52
99 75 71
45 95 19
42 66 93
61 70 92
50 74 82
32 16 89
89 88 83
8 9 11
55 40 84
18 33 15
11 77 2
16 82 30
60 63 18
29 77 51
82 30 23
61 93 41
1 91 91
32 58 91
63 18 35
70 40 7
80 85 23
55 66 95
80 57 37
64 30 39
12 22 42
53 81 82
33 94 14
54 9 78
75 10 49
45 95 21
41 85 90
71 34 76
48 17 96
29 83 21
13 94 31
48 98 42
44 54 31
4 42 8
36 16 53
52 5 26
88 71 48
27 91 17
31 36 29
42 39 10
28 33 39
59 32 21
1 61 91
15 39 19
51 37 8
33 70 25
22 66 19
82 96 48
26 43 61
7 58 14
36 84 4
25 96 32
56 15 55
22 64 27
67 62 25
13 96 4
0 78 60
86 50 47
54 98 84
22 15 47
3 37 32
6 54 63
84 33 33
32 26 45
21 77 66
70 56 2
61 47 12
10 80 39
82 42 82
67 46 36
62 71 66
74 7 70
70 10 31
73 26 37
76 14 27
50 26 37
69 25 46
17 7 69
52 99 73
94 55 25
2 76 27
61 10 33
96 51 26
46 30 92
0 54 53
10 87 24
30 46 51
44 85 74
99 96 5
24 22 56
34 23 69
35 54 16
8 60 92
53 91 63
71 47 41
43 34 62
3 45 9
87 63 75
95 18 48
9 56 46
18 16 62
44 63 34
32 88 49
98 95 7
67 14 32
18 56 19
39 94 7
28 46 88
56 35 38
12 52 70
40 94 92
50 45 49
12 30 99
61 55 34
32 75 23
50 36 79
51 79 15
83 97 81
74 71 62
96 23 90
98 50 64
23 12 45
52 7 43
34 77 68
83 5 43
72 71 15
71 33 65
7 60 2
84 1 22
61 70 74
59 3 53
37 10 97
23 54 77
17 98 94
1 3 11
75 78 21
35 66 36
2 37 74
63 7 71
15 18 92
71 97 60
86 26 67
69 18 52
33 53 78
23 75 78
67 55 83
51 80 15
13 50 38
37 97 94
70 83 71
75 3 89
0 70 89
26 29 69
99 16 66
96 94 36
91 57 62
22 21 33
83 25 19
47 67 33
81 18 22
14 82 24
77 63 45
7 81 75
23 57 30
64 42 26
19 79 14
92 34 69
89 51 35
56 80 67
33 42 81
98 69 15
12 14 52
85 34 20
53 33 98
87 76 85
87 62 98
6 40 41
4 55 26
6 80 1
79 64 99
97 99 43
72 37 2
48 66 92
58 66 31
31 41 33
68 73 77
88 43 53
18 1 1
52 5 17
43 61 64
26 91 53
29 9 39
77 82 46
7 23 15
83 25 78
16 33 14
34 74 2
71 16 93
32 6 36
35 7 23
36 85 46
48 85 64
25 45 88
11 42 84
19 3 2
94 95 43
70 50 53
14 80 87
53 20 42
42 40 42
49 9 90
17 27 4
57 50 48
73 32 7
72 67 63
66 23 77
68 45 78
20 87 22
60 97 80
29 68 87
73 14 70
4 96 92
28 88 16
78 30 19
24 1 86
38 88 8
18 25 31
52 61 39
33 6 34
66 90 80
84 37 98
36 40 24
65 52 80
88 3 55
24 72 52
95 26 98
13 38 19
19 47 72
62 17 81
70 25 91
10 82 32
4 45 74
9 18 68
78 54 87
41 55 26
95 96 61
56 99 59
2 10 72
24 58 45
32 15 86
85 8 7
42 32 27
35 89 90
57 28 88
61 43 31
68 74 92
73 9 90
48 98 53
66 65 13
73 71 36
2 83 81
66 79 96
59 24 91
1 91 36
54 38 71
85 19 39
88 0 45
79 77 54
64 87 74
93 12 20
23 70 48
55 47 66
46 24 21
34 97 85
46 29 8
98 71 11
86 26 7
5 35 89
17 63 98
85 3 58
80 9 88
78 41 62
66 8 79
31 9 65
57 11 33
87 38 18
95 90 58
58 48 19
25 42 13
89 0 56
39 9 37
43 31 71
7 79 26
0 62 37
84 87 29
97 39 59
95 3 42
4 17 26
71 78 63
3 19 67
48 93 98
88 87 3
68 43 40
16 38 53
69 27 57
79 67 90
9 47 80
40 78 33
70 12 25
36 6 70
6 66 47
48 29 85
59 98 86
71 26 59
63 65 89
20 94 34
13 52 84
26 80 49
33 86 5
2 13 98
69 6 88
74 98 97
46 31 49
83 87 57
83 93 47
87 76 20
9 47 56
97 69 16
76 12 27
7 46 100
59 60 84
52 9 22
92 40 91
62 8 71
93 86 40
26 36 27
14 80 46
23 5 6
91 22 47
34 22 15
41 25 11
35 85 51
61 23 60
1 67 70
20 9 97
55 14 77
9 37 69
56 23 2
79 44 6
78 70 4
45 51 81
41 34 49
42 51 94
93 95 87
78 88 14
25 95 78
55 20 10
33 96 42
86 39 41
29 19 25
40 96 50
99 12 51
7 64 51
17 20 38
58 80 81
26 30 60
46 75 72
58 92 59
29 92 8
59 77 69
60 48 98
75 52 21
37 93 42
11 49 60
15 1 23
66 19 29
19 17 55
66 14 30
1 80 4
45 93 17
17 18 43
25 79 86
30 33 48
29 31 14
39 0 50
73 16 98
60 30 37
36 50 98
51 41 83
3 78 26
48 31 74
3 47 50
4 55 59
19 85 13
87 73 5
22 63 44
55 60 92
52 33 98
43 52 8
28 41 59
51 42 34
50 97 7
9 26 20
63 48 93
72 54 77
77 17 73
44 1 25
12 4 71
83 98 45
79 42 88
84 42 53
17 91 44
56 36 71
5 68 48
97 19 84
88 9 88
28 22 37
90 99 6
22 87 41
93 5 28
67 60 98
43 31 16
19 94 44
36 51 30
83 49 41
40 43 90
39 51 28
28 92 32
47 74 100
36 82 29
91 90 48
43 78 34
95 2 41
77 14 3
68 4 97
79 85 8
88 54 99
71 85 83
72 54 10
43 2 22
36 41 18
95 57 48
25 67 73
52 42 27
52 12 14
8 72 40
25 49 30
75 87 18
66 92 71
77 21 50
74 46 35
79 16 16
19 21 52
22 74 80
6 28 79
31 26 63
17 31 40
73 83 44
32 11 84
74 56 69
82 64 41
34 16 42
71 44 31
36 8 83
42 81 4
92 76 87
71 34 2
82 92 88
14 94 67
50 58 89
90 89 27
91 37 27
47 33 27
97 85 42
68 55 39
48 34 97
93 47 37
12 55 72
47 48 95
49 32 10
85 90 24
30 58 31
67 79 38
66 18 3
54 0 31
61 32 31
70 42 7
86 48 12
43 68 26
55 6 57
84 75 100
64 67 63
72 94 52
42 76 24
30 92 11
39 28 32
7 77 76
46 75 49
25 92 51
44 5 49
38 26 74
11 32 35
30 49 77
31 57 79
27 86 24
29 97 98
61 78 84
87 34 87
99 88 70
27 38 44
51 56 13
32 58 7
52 88 55
28 90 45
53 65 23
6 32 25
10 92 73
94 60 20
43 52 8
83 58 61
45 40 81
49 86 82
53 44 72
11 92 23
9 38 56
88 73 60
85 90 67
48 27 52
6 24 93
19 71 58
82 23 14
9 51 6
24 14 21
28 77 2
26 47 91
36 46 80
88 17 16
57 76 39
52 28 47
40 11 96
90 9 79
55 44 14
17 12 21
30 36 57
59 51 36
0 49 88
88 22 53
79 9 89
21 78 37
75 19 43
76 97 38
43 46 14
69 12 82
28 26 83
54 48 82
88 80 82
2 51 70
59 11 21
87 21 88
11 6 49
70 42 33
92 32 83
41 80 11
15 11 73
77 56 28
75 68 45
91 3 11
45 31 52
40 11 51
99 14 26
54 91 65
65 80 3
12 78 80
18 83 45
84 49 61
19 91 43
82 87 90
55 63 17
57 83 3
63 42 22
10 94 59
75 59 55
58 80 47
98 38 30
27 75 5
11 95 16
41 29 61
2 3 21
39 34 8
19 9 16
90 92 92
54 8 26
57 88 50
17 55 19
11 99 35
8 46 91
61 11 59
58 15 98
48 27 22
1 56 72
69 15 88
47 75 94
62 91 2
79 13 52
6 29 43
55 16 93
82 5 27
21 75 63
97 54 17
99 59 71
42 12 15
68 67 97
99 30 26
7 11 57
10 40 89
41 87 94
81 95 13
61 79 5
45 62 61
52 11 99
45 57 92
16 29 66
96 72 15
23 73 36
7 19 62
32 28 5
38 69 98
80 52 35
44 75 36
33 86 33
10 45 45
18 48 18
48 82 26
70 49 24
1 61 14
46 92 17
3 7 87
63 16 60
31 83 1
72 47 36
37 60 61
71 32 37
77 2 13
68 3 84
31 61 91
28 61 57
22 92 45
99 36 33
11 85 29
21 67 14
75 84 96
83 9 11
84 9 2
79 73 71
29 7 35
26 53 49
19 58 81
80 32 7
80 94 57
69 68 96
6 7 90
96 70 11
34 35 66
52 53 5
59 25 36
65 2 87
75 70 76
38 84 60
83 61 63
87 0 44
30 31 6
22 9 9
37 20 79
53 38 93
29 1 56
44 73 67
40 33 52
72 50 68
21 90 76
8 41 99
35 8 43
86 79 99
53 70 48
58 49 11
60 51 54
75 83 77
32 26 48
92 23 17
54 82 4
12 87 60
18 3 23
67 48 20
49 15 60
36 22 36
40 79 99
39 77 34
44 0 48
24 28 33
97 9 81
62 51 67
41 97 46
46 31 78
8 72 99
5 64 98
65 11 74
51 37 10
8 66 72
36 14 74
7 8 68
95 36 69
40 72 78
28 54 69
27 17 76
54 39 25
84 85 64
19 58 17
8 69 85
4 78 30
65 77 60
55 25 95
23 75 23
53 44 60
61 87 40
67 92 5
15 16 52
8 50 87
3 75 53
35 79 100
38 62 26
99 96 38
25 74 36
15 33 23
98 93 46
9 37 33
36 47 76
36 56 16
5 93 79
71 8 76
57 97 97
28 65 69
12 41 70
24 77 82
46 71 79
64 71 58
55 91 74
79 18 75
53 24 33
27 65 34
89 73 53
47 2 87
33 92 53
45 74 95
42 12 21
20 45 51
43 19 96
9 1 97
13 20 69
53 7 65
27 41 27
77 38 43
6 40 3
18 82 76
36 14 1
17 3 17
86 0 42
23 95 94
11 9 41
39 53 2
50 25 82
62 60 87
92 37 3
35 79 44
14 24 84
55 60 16
80 91 95
98 29 38
73 20 93
87 10 45
74 28 90
29 33 46
43 70 95
63 84 31
28 22 64
68 87 82
31 58 11
27 56 25
74 70 44
77 51 10
3 73 18
50 88 26
77 94 87
51 8 64
7 46 14
77 42 16
47 36 72
95 21 71
57 6 82
68 43 57
64 20 33
63 87 16
99 96 50
4 69 52
53 18 15
70 11 59
38 9 45
77 26 47
1 64 69
68 38 18
43 14 16
4 85 75
92 15 59
14 83 69
9 44 80
5 63 15
77 93 77
42 54 99
94 21 20
19 26 75
64 28 67
30 93 81
77 22 89
51 33 77
49 50 75
51 40 46
9 15 40
7 76 91
48 37 14
2 74 6
62 67 6
77 84 45
45 33 2
98 31 15
24 46 71
21 55 21
4 68 12
76 2 69
33 57 45
29 38 78
6 90 58
57 71 86
84 41 28
91 64 65
92 0 72
74 78 31
97 31 14
88 75 27
17 96 96
26 36 47
56 29 45
92 15 39
51 54 1
49 63 30
90 58 13
41 94 19
62 73 28
84 1 81
76 48 21
18 27 48
45 32 14
22 50 22
99 72 82
90 79 47
2 64 22
6 35 38
21 2 26
93 46 32
90 76 15
30 83 76
44 2 79
15 84 98
19 53 82
93 72 24
45 35 40
96 34 27
80 84 25
65 11 44
21 72 74
57 4 10
87 26 8
65 69 81
84 29 17
30 82 35
78 31 3
65 71 17
60 32 26
7 44 4
41 71 34
2 5 66
56 1 100
48 32 15
24 61 24
22 71 86
42 23 62
53 57 79
76 73 2
6 4 54
87 5 35
68 69 20
45 18 22
36 75 42
46 2 9
88 44 74
11 21 97
40 30 50
0 57 85
7 85 86
46 22 59
78 34 84
50 33 65
35 87 53
32 81 35
49 21 17
55 77 93
36 76 10
40 12 15
35 6 38
41 57 40
66 2 15
49 76 72
54 39 76
50 9 17
19 55 44
15 97 41
51 34 12
88 90 42
16 15 68
7 72 89
34 30 34
41 98 81
50 33 49
22 73 67
90 65 36
57 56 30
87 79 95
42 62 34
67 23 72
31 62 98
76 23 1
52 11 25
53 46 95
4 92 1
42 95 56
59 91 39
24 11 32
27 87 69
65 23 12
68 94 72
18 40 95
94 93 30
68 96 28
63 55 7
7 39 66
37 12 22
63 34 69
31 34 50
69 50 69
28 69 24
69 46 79
29 40 11
69 5 56
58 7 47
38 14 50
29 32 96
54 46 96
96 53 6
75 92 2
3 29 89
88 64 15
96 47 87
65 22 29
65 31 61
35 83 71
36 39 16
17 57 6
53 3 93
14 88 51
41 2 90
57 80 59
67 70 61
11 41 71
96 69 29
6 89 91
26 23 73
13 24 71
12 83 16
50 24 50
4 75 36
28 81 93
49 77 94
9 43 14
83 79 11
17 86 55
45 8 35
32 5 19
54 32 5
22 20 27
6 60 42
31 54 25
18 0 62
90 8 52
60 6 64
63 21 57
3 74 54
22 28 27
49 72 34
11 67 58
79 11 72
68 0 41
71 32 55
88 61 9
10 72 33
68 75 16
97 6 93
85 92 4
19 56 24
17 63 16
15 60 70
34 3 41
19 39 59
46 26 59
61 29 55
1 9 6
36 74 12
35 15 46
35 15 97
86 46 58
21 41 37
28 78 99
14 94 5
96 38 15
29 66 26
15 16 69
94 21 94
48 97 83
74 45 74
39 47 27
43 94 13
67 49 41
53 16 53
16 30 56
47 26 73
29 60 68
52 46 69
26 24 28
91 96 65
36 82 38
28 85 55
79 31 19
66 20 96
16 61 96
52 28 50
76 31 40
36 45 68
96 97 15
22 13 36
69 65 81
23 39 71
18 92 24
90 71 45
88 44 86
13 35 94
28 13 40
62 19 61
48 59 37
81 80 67
22 72 82
53 20 8
93 89 84
23 39 50
32 30 6
87 4 92
71 74 74
23 68 9
77 95 91
82 32 72
4 30 72
49 47 94
96 19 10
