60 37 63
84 38 2
35 75 16
49 57 69
70 13 12
51 61 48
93 63 53
63 9 30
34 72 4
77 88 54
7 88 57
76 73 58
35 38 57
93 20 82
12 2 26
28 78 18
67 27 83
8 54 9
66 15 75
9 18 93
3 73 85
50 36 88
82 7 4
4 2 94
85 90 78
35 76 74
96 13 64
98 32 34
81 68 15
42 58 91
3 7 12
0 82 39
85 30 78
11 30 96
97 75 53
40 51 15
94 39 56
89 53 28
35 74 9
66 33 86
25 31 91
31 37 80
88 54 19
94 15 62
71 47 82
72 97 72
0 83 18
16 45 64
22 11 31
9 21 29
79 60 57
18 42 68
33 70 8
72 88 43
56 92 13
47 19 27
2 96 50
83 43 71
1 36 19
28 90 90
58 92 98
71 58 42
1 64 72
80 41 47
58 6 1
13 63 13
65 54 91
6 33 3
46 50 36
9 23 89
98 16 66
11 14 38
67 39 57
90 74 52
56 86 57
67 14 56
58 46 50
1 30 70
37 71 61
28 31 85
55 91 8
26 28 30
5 0 25
89 66 41
20 37 23
62 51 81
87 78 68
1 74 86
52 34 66
59 18 92
61 39 59
75 1 77
96 77 93
95 12 26
69 14 85
43 57 1
42 81 40
0 19 77
28 84 65
4 96 38
96 92 35
45 71 95
15 54 50
33 71 15
8 5 50
53 24 33
62 38 51
29 58 7
20 67 53
44 99 12
62 86 88
92 97 43
19 82 28
79 71 57
33 15 98
24 61 93
86 36 47
90 4 71
71 68 10
99 87 48
79 54 82
68 84 6
29 68 19
66 99 19
76 12 77
86 51 97
93 30 24
35 91 15
78 21 26
81 95 58
75 46 90
28 3 82
43 76 17
36 72 92
95 6 77
64 51 92
73 37 62
13 88 20
32 75 5
68 48 18
66 56 95
91 28 67
76 39 60
1 49 67
48 92 80
87 54 32
59 85 59
13 70 79
57 26 92
52 87 50
85 59 34
96 22 63
84 32 95
84 74 81
66 91 35
69 26 62
47 29 39
93 78 63
72 21 27
2 75 67
98 92 72
41 37 6
29 34 19
65 24 43
6 78 23
15 66 29
41 99 24
22 77 22
42 56 79
66 98 47
92 37 51
47 37 63
15 18 96
68 86 37
19 55 18
61 53 70
27 83 92
38 34 17
21 97 14
21 69 59
82 73 88
12 11 6
77 80 43
80 62 90
95 14 98
3 83 27
77 90 59
69 55 33
41 3 33
19 95 17
89 34 84
44 89 85
3 60 64
62 87 86
66 6 100
75 10 49
7 31 68
42 83 59
48 96 49
7 90 18
58 92 9
46 47 73
97 72 98
32 16 7
44 59 34
71 15 44
63 73 96
28 95 13
47 70 84
30 74 89
98 31 61
73 45 49
89 20 29
58 42 70
82 87 90
78 85 83
57 40 81
85 62 17
39 69 48
85 29 72
97 25 55
14 5 20
36 28 68
92 37 54
58 80 52
11 68 99
78 82 91
45 51 21
88 65 66
15 87 66
90 59 29
1 25 32
15 35 100
13 10 22
9 43 8
14 0 85
92 52 5
81 49 46
87 32 38
50 90 15
30 74 19
18 40 2
68 65 74
54 22 75
82 50 68
48 14 87
99 82 24
7 56 96
82 2 54
59 9 25
48 82 30
56 60 77
47 65 43
13 11 19
5 60 28
7 16 80
70 54 63
22 32 21
1 97 28
43 77 13
92 97 18
94 80 24
5 42 32
55 79 88
54 48 32
25 9 54
22 61 97
53 62 67
75 42 12
15 97 20
79 19 67
13 25 40
82 54 34
30 54 27
55 66 31
68 78 88
88 31 8
58 87 7
18 40 89
25 19 50
11 44 44
24 99 27
70 9 52
71 39 91
38 59 84
35 82 39
19 60 1
65 10 94
92 91 45
71 79 83
44 22 56
88 40 52
0 15 99
79 52 97
85 41 90
64 82 14
30 97 70
38 74 97
60 80 43
30 34 84
48 52 47
23 89 65
51 65 96
69 68 63
77 31 90
59 21 5
8 93 52
99 96 41
32 71 85
38 77 90
60 23 25
98 59 11
48 92 73
25 86 38
73 65 67
92 52 37
84 38 96
97 87 9
87 15 76
6 56 12
34 53 83
48 53 71
55 77 13
83 14 23
18 39 51
37 58 11
17 56 100
11 95 24
84 81 62
15 76 34
98 82 71
66 62 1
95 12 32
71 84 32
74 35 89
76 94 9
43 58 69
60 62 96
16 34 77
62 83 74
0 45 31
83 73 36
7 5 40
32 55 57
72 46 9
50 68 53
20 15 70
26 91 52
32 91 92
21 81 48
70 3 26
81 70 6
71 94 97
32 36 5
30 55 61
66 96 13
58 5 59
85 60 61
33 67 74
65 95 50
36 91 70
90 58 78
96 32 81
45 63 42
46 10 18
16 68 84
11 86 93
25 89 4
40 37 63
95 82 24
41 21 38
63 72 72
32 81 69
13 3 57
12 4 79
37 15 21
95 79 12
14 23 32
64 84 13
36 6 28
10 73 98
70 36 88
99 40 59
30 48 73
94 57 18
86 44 55
17 71 68
24 10 18
61 83 21
29 86 64
74 86 27
49 18 32
45 71 47
43 77 88
10 44 44
54 35 78
3 20 44
48 18 85
59 56 86
86 17 54
1 24 49
86 33 10
53 97 49
67 78 99
52 61 23
10 64 29
75 26 76
91 48 24
25 13 7
57 36 48
27 37 1
28 58 15
11 76 63
43 25 83
81 15 16
78 97 66
99 31 89
38 48 20
81 58 82
11 71 23
61 86 46
97 16 20
79 30 14
43 13 51
75 65 54
72 67 73
23 13 98
75 26 36
47 72 99
50 68 73
98 97 73
4 12 89
53 88 64
14 86 97
73 90 97
88 97 4
51 90 69
64 91 64
57 39 45
19 26 11
23 30 77
72 58 97
39 74 5
73 94 71
11 85 51
46 38 64
37 46 65
25 47 96
91 69 54
52 90 76
46 99 99
22 31 39
79 30 52
72 99 29
12 22 8
18 78 75
39 41 38
91 65 40
93 29 59
55 82 29
89 57 75
92 64 77
93 26 26
66 0 71
75 94 91
74 42 38
31 24 38
63 22 94
90 34 15
60 42 94
73 26 16
85 47 64
20 21 67
50 37 66
23 15 23
50 6 82
48 1 6
81 26 88
4 66 62
52 28 10
64 5 9
71 20 1
2 29 72
57 50 27
3 19 86
14 2 91
84 70 51
35 3 84
23 79 11
21 35 55
40 53 82
67 47 62
75 24 37
88 67 63
56 13 67
16 68 57
21 42 70
59 16 47
91 89 93
8 45 90
3 97 96
39 67 31
12 3 58
54 19 78
50 83 93
98 25 56
43 17 24
39 10 1
15 5 30
2 17 11
88 9 63
94 88 78
34 88 67
43 95 88
57 92 3
95 91 55
13 3 37
57 8 72
31 40 78
77 85 88
82 4 53
25 44 14
5 19 100
64 26 17
49 43 60
76 33 99
12 74 6
49 28 98
67 79 4
71 49 64
40 15 65
35 14 82
41 16 84
60 61 20
30 86 34
34 43 95
56 88 21
27 80 52
97 20 52
10 38 53
66 2 34
69 73 65
19 60 35
58 75 100
89 30 83
3 25 17
19 13 38
14 39 94
65 23 66
63 19 90
4 6 4
0 25 31
7 80 21
90 53 60
56 31 84
85 19 9
40 14 46
2 89 3
96 80 8
95 96 10
44 63 42
82 61 28
34 4 67
37 86 47
78 83 3
88 23 52
17 64 99
24 84 79
24 57 92
75 20 37
54 42 13
44 17 37
11 57 51
10 58 84
36 1 33
38 5 7
73 21 30
68 50 62
26 63 35
42 72 24
48 10 95
42 37 62
81 87 39
48 53 25
59 49 15
7 56 5
80 29 81
82 98 69
17 71 86
7 71 79
28 80 93
0 10 42
85 33 65
4 42 42
5 42 14
27 44 20
53 61 49
33 94 4
68 51 99
49 58 74
95 32 27
61 11 29
40 32 2
97 58 95
6 52 77
93 96 11
35 46 49
92 77 8
94 58 28
14 42 83
25 1 99
24 22 28
94 25 26
17 42 69
39 83 47
41 20 16
48 65 47
56 92 44
55 6 89
82 64 21
56 68 14
95 52 12
93 5 66
54 80 35
98 7 13
33 91 9
75 90 42
8 1 82
50 57 30
62 16 45
61 82 42
89 36 64
9 96 7
45 43 90
67 54 32
97 52 53
93 81 22
37 28 85
24 76 22
97 5 24
74 59 94
76 48 31
12 66 54
80 5 13
5 24 77
61 3 7
68 69 68
36 48 65
83 37 33
9 10 21
73 41 56
32 9 87
98 39 11
90 32 59
46 77 39
68 56 61
68 3 15
68 14 33
38 75 64
29 8 43
64 74 51
84 97 15
83 66 73
57 85 8
26 90 27
98 5 72
53 97 92
80 41 62
59 16 99
64 11 22
49 8 44
99 13 2
9 38 25
45 5 100
86 24 58
28 68 60
31 32 15
77 55 62
71 1 36
2 54 52
36 29 95
70 27 3
18 7 95
82 0 8
70 94 42
44 78 45
78 22 27
73 57 3
42 66 19
1 13 37
97 22 79
42 23 22
62 61 38
95 76 93
92 3 4
83 78 81
14 51 35
62 94 97
80 55 81
13 36 35
50 61 18
14 36 96
66 85 29
69 57 38
28 31 81
13 16 83
22 42 81
52 17 29
71 54 83
60 98 13
95 7 69
70 77 33
3 93 84
7 97 7
62 74 98
75 63 31
36 47 4
23 9 32
30 47 90
18 51 25
27 19 93
5 96 64
97 62 63
26 76 16
61 23 86
52 99 41
31 90 22
25 23 1
3 28 28
17 19 63
4 89 97
36 46 72
98 76 15
25 58 34
71 72 12
98 16 21
39 91 38
92 85 14
53 87 94
84 49 99
95 48 20
74 80 98
6 14 22
1 10 55
78 55 85
15 5 54
89 51 13
11 40 70
1 67 86
46 0 71
79 67 64
81 86 32
67 77 85
49 91 2
67 11 27
81 5 72
49 41 23
71 39 57
86 84 75
51 79 72
66 94 51
55 88 98
40 96 91
49 31 22
79 57 96
86 7 37
55 69 57
57 37 99
7 79 8
94 70 53
15 40 48
25 82 92
79 31 70
45 36 68
84 90 53
45 8 71
76 47 78
32 10 12
77 2 81
67 21 27
90 32 19
3 2 22
51 87 87
25 1 47
10 33 60
23 64 74
29 26 91
23 37 18
43 81 52
88 47 57
90 69 91
37 6 3
15 8 5
38 22 2
16 19 16
7 83 41
69 80 68
40 51 61
59 71 17
85 65 32
26 79 55
77 60 70
72 99 3
65 96 24
40 91 53
55 43 38
18 69 40
4 34 95
3 94 52
62 28 5
64 53 3
23 18 90
36 94 41
41 1 5
70 65 14
68 97 64
11 69 94
50 90 31
98 45 20
82 64 41
92 9 37
44 95 8
56 21 64
45 16 35
75 0 32
74 49 3
18 62 63
68 41 74
55 19 85
91 21 28
25 22 28
3 24 42
30 97 45
51 82 48
77 52 19
49 75 50
21 7 58
57 49 37
66 72 62
21 40 89
2 91 81
48 34 80
70 93 67
25 24 90
30 81 87
10 55 27
35 99 13
80 91 15
62 88 66
82 71 20
60 5 3
77 67 44
30 2 95
57 21 92
71 45 36
70 26 88
24 78 22
24 62 70
85 3 77
57 62 33
29 75 94
27 21 98
16 83 93
83 30 73
55 67 15
26 39 26
72 14 54
62 7 29
88 79 14
51 60 27
48 74 41
8 9 21
87 42 70
15 26 7
24 39 75
98 30 46
25 16 77
87 56 74
27 94 9
96 78 20
42 80 74
28 54 23
35 10 28
24 72 1
2 30 13
48 84 45
49 18 22
58 91 16
43 24 32
7 72 58
29 22 98
34 27 98
37 89 13
21 82 25
90 70 39
1 33 55
61 0 89
89 51 4
65 85 83
70 64 4
75 26 37
72 62 90
8 91 64
81 43 72
23 66 92
13 64 75
11 41 67
42 18 37
23 32 70
87 32 39
90 1 77
91 25 6
16 22 17
54 22 78
46 7 86
71 61 88
73 75 50
67 23 6
12 70 95
75 55 5
74 61 68
94 57 94
86 61 33
98 77 50
44 4 90
6 22 71
69 80 83
52 83 77
99 96 26
23 60 92
56 61 12
52 60 100
91 2 75
7 37 22
81 49 48
59 44 4
68 31 92
33 81 87
26 20 74
23 63 71
65 78 92
51 99 34
99 46 89
55 53 31
90 1 31
12 23 32
28 72 29
40 93 25
70 54 43
56 94 6
54 71 10
64 8 91
83 91 22
93 50 48
11 80 28
67 38 9
84 27 57
18 85 57
63 35 86
36 48 45
37 68 57
90 20 12
72 18 32
21 57 15
39 87 66
78 85 67
54 91 47
36 0 17
92 78 76
76 46 35
99 11 48
6 15 40
2 82 91
94 38 42
5 95 26
54 2 64
80 60 6
67 85 69
45 40 53
64 79 67
49 55 48
62 39 73
29 74 37
98 6 24
48 85 12
36 18 93
7 77 40
84 97 28
26 30 70
6 42 17
48 34 55
40 41 37
38 22 52
24 88 30
92 13 67
78 28 44
24 54 23
1 39 19
24 99 64
56 47 5
57 19 15
46 41 8
11 30 61
0 16 1
95 83 38
71 64 73
52 33 66
15 97 75
51 61 52
32 73 79
0 24 51
69 1 68
38 31 20
28 84 71
83 2 54
59 96 11
97 76 31
95 11 72
26 91 7
54 16 5
48 33 4
69 78 45
34 5 46
49 69 23
40 15 71
55 97 50
45 14 40
31 92 38
91 77 23
73 90 62
53 45 64
27 48 98
82 16 43
30 88 28
3 75 39
29 48 20
74 41 30
54 44 9
63 30 24
1 81 59
75 91 75
82 79 39
72 74 22
89 91 51
57 71 8
87 64 10
12 66 62
2 30 71
38 66 56
84 34 14
65 81 67
2 35 42
70 84 23
13 27 32
13 75 64
12 16 82
69 78 32
37 82 4
84 65 18
12 21 79
56 41 76
3 11 57
52 0 67
31 20 79
79 70 93
86 90 76
92 9 88
46 44 63
62 69 99
16 20 82
94 64 54
11 38 56
22 5 14
60 31 99
28 84 20
29 21 41
19 91 65
12 8 84
51 19 45
50 72 3
65 28 60
74 82 2
75 91 4
23 87 67
0 33 91
0 85 78
10 91 38
40 19 63
1 30 49
46 5 38
88 32 95
42 22 29
19 2 87
91 22 69
36 88 18
49 8 62
99 90 62
28 9 95
38 2 19
6 99 94
52 90 49
66 5 92
85 37 96
83 46 37
14 37 67
72 63 22
20 48 84
0 61 25
18 1 14
21 68 86
64 62 55
17 29 40
56 42 80
71 58 23
32 54 66
6 44 78
77 73 27
80 18 3
46 49 85
86 83 43
49 89 25
67 9 100
10 39 97
28 88 22
0 45 61
20 25 68
2 90 93
45 71 55
44 25 61
9 4 65
21 10 22
71 89 8
0 31 97
63 69 87
33 51 88
28 77 3
12 83 53
41 99 11
67 65 42
33 56 71
42 0 32
84 22 72
25 61 77
54 7 8
7 70 13
81 28 46
60 73 85
0 42 25
78 27 71
66 9 87
36 86 73
52 84 58
83 73 96
19 88 99
42 6 75
60 35 97
37 50 38
25 62 37
77 81 15
36 7 65
68 28 83
55 24 83
93 65 33
84 87 49
81 25 87
81 9 51
8 10 42
34 59 74
18 67 13
87 55 51
3 4 78
82 25 16
94 50 55
14 48 34
49 75 58
78 47 28
38 2 94
48 13 87
19 46 57
87 83 51
95 19 54
73 6 86
45 37 34
98 70 68
57 0 99
2 87 35
32 96 57
49 29 19
20 64 62
91 16 15
14 17 21
70 47 29
25 65 95
44 29 65
22 50 22
21 56 57
44 47 19
46 42 28
9 20 43
26 36 30
26 41 22
42 34 41
90 57 65
6 12 39
3 47 3
75 77 5
57 17 84
76 45 63
49 75 52
98 48 68
37 67 63
56 84 45
48 99 82
27 69 77
72 46 87
59 81 36
21 48 65
53 97 23
60 55 15
35 25 94
53 72 57
58 67 20
71 47 59
22 30 83
97 78 41
67 38 2
64 14 23
2 21 85
69 6 93
79 3 70
41 91 75
32 40 34
35 62 24
19 36 82
86 56 2
57 98 12
80 40 24
59 54 95
72 66 100
89 9 83
73 14 26
45 14 92
94 65 77
36 47 61
88 64 97
34 39 98
77 65 68
92 53 28
53 80 95
34 76 32
70 69 73
70 64 17
14 5 31
65 28 95
75 58 48
44 93 47
92 13 66
9 80 47
71 45 34
19 13 95
15 74 65
87 48 13
74 94 18
51 87 95
85 4 16
53 31 69
97 60 8
87 70 68
54 29 37
41 89 89
83 42 74
68 31 10
53 93 73
4 95 53
78 31 73
13 31 6
79 17 1
79 90 50
9 51 39
77 57 90
85 51 40
0 89 97
62 3 55
22 36 32
53 56 3
45 85 92
16 70 5
81 25 65
68 96 97
85 23 3
26 66 17
68 69 86
19 14 15
52 37 73
80 17 91
79 20 17
76 52 37
36 25 95
48 6 57
12 65 82
9 5 80
99 35 72
21 77 9
39 79 93
25 78 28
96 78 11
96 67 78
93 69 20
15 91 20
78 68 81
43 95 98
77 51 46
87 71 100
80 39 86
56 24 26
6 85 3
66 16 75
95 80 35
70 63 81
77 68 60
86 41 91
71 62 23
51 15 43
37 71 83
81 59 15
36 10 15
78 45 47
18 49 24
76 70 72
93 55 16
32 26 13
84 66 38
0 36 59
11 9 50
66 15 50
6 84 20
13 32 19
79 16 15
26 79 12
14 24 48
70 25 71
95 64 95
44 73 65
36 30 18
16 31 64
92 79 17
91 46 1
84 1 87
7 30 37
60 83 52
61 86 50
7 19 81
39 46 51
31 70 82
4 26 12
54 34 64
64 20 16
76 32 93
84 33 21
9 24 27
18 2 8
38 76 15
19 20 14
75 74 40
81 35 60
17 22 68
75 1 40
54 8 30
37 50 83
75 73 21
6 12 67
78 56 37
80 17 74
41 62 57
79 50 82
3 85 68
61 7 43
91 45 11
21 47 12
91 95 11
94 85 87
47 56 6
54 18 2
8 62 24
34 74 38
14 70 69
3 56 68
15 83 4
77 17 52
47 57 28
67 33 34
50 59 19
60 49 41
77 17 36
50 71 65
37 80 65
85 22 53
71 6 15
3 86 81
86 41 53
37 82 27
48 97 24
65 98 95
24 98 47
66 99 13
17 22 33
56 68 63
65 13 54
88 74 42
69 60 99
88 32 99
39 84 20
43 22 63
23 14 87
69 47 9
19 77 53
30 20 18
91 63 71
14 13 20
72 85 51
52 19 37
67 91 93
30 93 46
85 36 21
20 81 12
94 55 57
49 70 99
56 67 92
64 58 36
13 24 92
95 5 84
96 18 98
95 3 57
71 27 53
61 76 100
38 13 33
12 91 36
60 11 17
53 83 4
90 73 16
50 31 55
62 14 71
60 93 41
74 51 84
29 41 40
74 93 97
62 43 86
20 19 82
66 61 31
29 48 47
24 65 87
61 65 25
70 31 55
29 17 78
94 4 62
60 81 62
31 15 64
22 50 84
88 10 83
23 68 82
74 22 80
11 15 71
2 1 70
90 92 51
92 59 90
39 33 98
92 31 74
6 86 3
51 89 12
89 26 95
73 62 90
81 19 62
82 20 72
92 94 38
53 32 95
45 8 83
5 63 17
10 94 31
54 94 54
14 11 56
19 54 76
48 53 100
59 79 60
57 55 59
17 81 94
87 51 6
55 69 32
55 0 60
60 61 83
7 71 63
37 36 2
52 48 89
79 22 21
33 25 37
45 74 20
29 14 68
87 77 87
67 61 22
65 31 2
28 16 36
57 24 5
47 31 48
39 81 39
16 61 80
30 17 80
73 67 79
85 20 27
84 97 69
2 52 71
80 69 37
23 17 5
37 45 79
35 82 56
11 26 54
40 0 17
0 60 19
37 36 65
29 99 11
96 5 20
97 47 92
54 40 96
18 23 29
71 48 88
59 22 92
96 11 22
30 40 51
92 9 10
82 23 45
11 75 77
69 38 89
38 96 43
64 15 93
18 39 44
36 60 83
58 88 76
23 37 72
94 25 87
43 84 62
1 63 15
71 51 25
57 32 69
70 71 61
25 59 6
7 53 13
85 13 2
35 43 41
64 76 74
3 88 32
93 13 96
8 27 83
94 7 64
38 0 76
63 40 1
50 65 44
20 30 97
1 70 24
80 40 70
41 59 44
69 25 18
45 52 14
36 85 14
17 77 87
79 46 51
45 36 54
37 65 5
95 19 68
13 4 16
56 40 31
22 57 2
62 6 91
53 11 20
67 89 100
74 83 85
62 38 3
97 29 14
14 55 44
7 10 50
51 43 37
98 11 60
17 48 59
54 44 6
14 57 80
16 72 99
82 85 6
53 6 12
17 10 50
6 22 77
26 52 69
76 43 12
64 9 17
14 80 73
58 25 3
78 23 44
41 21 23
98 81 37
7 34 2
46 7 60
44 18 88
57 9 11
30 6 66
78 20 28
52 25 86
33 59 22
3 55 65
56 77 21
51 59 41
66 98 93
44 78 58
24 97 37
44 62 86
60 78 57
19 43 99
55 56 21
61 59 6
34 96 91
84 82 68
45 94 28
23 77 93
6 73 44
53 77 38
87 75 41
70 48 25
62 27 85
5 98 69
64 66 82
79 71 87
33 13 21
3 37 30
83 6 93
3 39 22
84 71 58
65 39 12
38 11 69
43 88 7
68 59 89
15 41 34
7 81 26
61 94 34
68 71 73
67 63 74
84 35 46
82 73 3
96 19 18
4 97 42
45 83 11
32 7 36
68 70 28
66 45 16
92 46 77
78 63 27
28 94 63
6 4 96
26 7 69
44 59 72
5 49 42
61 51 82
48 10 57
79 86 22
53 47 71
0 33 70
37 60 31
33 36 39
53 17 81
76 86 9
34 48 42
99 11 13
51 7 62
44 76 61
9 25 40
1 11 35
20 72 61
57 62 24
3 79 45
77 4 18
55 80 96
68 47 25
40 20 24
51 52 70
75 91 63
95 12 81
69 76 12
92 63 77
48 16 100
17 49 27
0 25 55
8 41 39
68 12 79
0 11 88
61 14 96
66 63 79
66 38 95
55 16 31
34 83 61
27 1 57
44 50 78
68 72 95
10 12 19
99 45 55
76 18 62
22 29 68
75 81 58
47 77 69
72 38 64
75 83 66
77 10 45
66 20 70
64 28 89
28 86 60
14 25 11
85 84 95
39 55 79
48 19 4
0 71 50
58 90 22
97 79 88
25 77 83
71 80 33
36 12 71
45 64 57
83 9 16
54 22 49
89 70 37
50 40 80
54 87 79
92 60 11
62 78 75
64 78 54
43 62 95
63 90 49
15 1 17
12 23 83
57 7 54
12 91 17
6 90 41
43 41 83
2 94 47
57 44 88
16 13 24
18 91 13
97 82 32
34 5 9
95 5 58
13 36 34
18 40 82
56 75 52
44 69 59
8 87 66
88 19 13
6 63 99
51 35 15
71 79 32
74 71 74
29 81 3
18 27 65
12 54 18
88 30 53
78 0 35
30 48 87
92 13 63
78 51 95
43 97 57
48 21 29
5 97 25
17 77 49
66 87 53
62 52 95
11 62 32
26 6 64
80 29 43
37 85 96
18 39 15
14 61 25
41 36 24
81 86 37
22 11 79
74 75 75
23 19 99
61 50 2
15 7 43
21 7 24
68 14 96
92 47 22
67 23 38
98 76 2
20 35 17
90 65 79
75 52 64
49 16 63
68 81 13
48 53 95
3 4 28
86 67 52
87 82 67
54 68 9
17 45 45
68 33 31
88 7 39
95 79 29
52 97 58
84 12 10
89 12 20
2 33 49
62 60 88
21 16 81
80 87 10
98 73 31
5 56 76
55 30 69
14 40 49
37 70 77
57 39 78
76 9 94
33 51 84
17 97 6
66 55 100
45 97 23
22 53 3
20 26 52
51 37 29
17 25 17
88 57 26
94 23 73
17 88 35
81 72 9
97 58 65
83 13 87
69 2 50
90 23 36
96 47 41
55 7 7
56 94 28
20 18 72
53 99 29
87 46 90
76 9 69
76 41 89
30 87 18
28 12 42
40 27 79
4 95 5
79 37 93
23 91 72
78 9 22
18 41 71
52 71 100
52 57 55
2 70 94
87 13 80
90 73 36
81 92 42
79 23 31
91 30 16
95 20 36
4 71 6
97 68 92
31 24 39
32 90 29
44 10 42
60 48 68
77 5 58
77 68 30
94 68 79
41 48 47
71 89 26
47 92 68
92 46 14
18 93 97
22 52 42
56 45 18
36 31 13
23 19 59
33 4 27
83 31 32
54 61 2
43 69 10
84 9 91
10 9 34
49 36 54
4 49 82
97 14 13
12 64 4
96 68 57
16 22 50
9 39 34
14 48 80
22 38 93
99 11 62
20 66 72
28 12 75
3 94 55
26 19 64
20 28 38
17 16 33
95 61 66
71 64 32
78 16 57
0 42 42
49 54 79
50 83 75
10 92 74
25 86 6
22 35 98
28 33 19
37 44 13
84 43 34
97 98 39
15 80 34
91 79 38
81 10 97
74 44 29
43 41 53
78 48 1
82 91 67
54 52 32
33 45 39
94 82 27
90 60 28
93 5 67
25 39 99
38 60 40
94 13 48
20 66 64
2 61 87
48 81 43
6 54 39
7 22 23
54 39 24
52 72 4
25 71 100
7 26 30
3 54 42
22 56 6
87 31 20
53 47 28
2 62 53
30 63 78
10 24 86
90 13 62
3 43 10
63 33 37
23 47 29
15 49 15
90 98 56
63 32 94
6 74 99
30 18 24
41 11 76
92 71 79
68 1 36
76 65 39
51 68 32
0 52 84
66 38 42
65 46 97
53 92 56
1 95 87
64 61 92
53 24 90
71 50 73
95 76 91
0 91 29
85 37 25
70 21 100
22 13 92
13 8 81
66 62 70
10 97 32
84 74 41
27 68 40
87 54 24
67 29 28
95 94 88
61 20 99
89 29 62
17 92 3
85 27 80
2 26 24
60 41 93
97 75 2
72 94 25
53 57 5
10 98 46
87 68 72
78 65 1
88 51 24
24 15 14
18 8 33
47 66 20
52 97 70
18 85 31
43 68 74
53 92 45
62 45 43
51 11 7
21 67 30
9 66 20
98 44 69
51 84 83
2 79 40
37 57 81
13 32 71
62 19 25
55 86 26
2 34 10
75 38 25
63 3 2
99 10 11
41 0 62
70 13 69
22 54 6
9 62 19
75 50 25
15 45 12
87 23 72
44 98 31
32 53 52
76 85 92
44 59 87
98 15 22
18 7 50
15 10 90
22 49 50
47 67 90
47 65 69
4 20 45
5 56 45
85 25 46
46 38 91
39 6 89
64 4 89
69 88 53
27 30 94
57 98 98
20 54 35
76 81 72
5 45 19
62 67 96
66 9 89
72 19 61
54 57 99
52 81 96
92 70 53
38 23 99
50 99 42
28 91 21
17 60 83
85 65 35
24 27 82
65 67 53
18 41 54
2 66 33
83 12 32
34 50 56
99 13 50
55 12 45
13 82 63
32 71 55
66 89 5
62 40 21
59 51 34
54 55 94
11 77 28
42 83 91
33 28 35
38 51 52
64 86 54
21 9 76
19 29 18
68 66 56
20 27 9
49 35 67
69 28 79
18 9 24
51 35 48
62 84 5
36 79 10
86 78 58
17 80 9
5 79 22
47 2 93
49 89 75
68 35 7
67 83 17
69 92 8
46 63 25
20 91 68
61 95 94
64 74 45
39 88 77
11 46 87
35 29 44
56 81 18
8 83 57
54 6 32
93 36 54
42 18 12
84 50 60
67 85 69
61 15 94
37 12 54
25 55 100
7 16 60
39 72 66
51 85 47
45 87 18
92 10 75
28 93 48
55 90 52
75 77 98
65 78 34
94 49 89
11 45 51
13 0 25
43 78 47
25 55 62
13 90 66
63 7 79
37 11 53
10 1 5
36 94 68
89 1 98
71 97 30
25 1 15
37 32 26
59 37 14
31 61 6
2 57 95
7 49 37
69 23 32
8 66 13
25 41 32
33 23 80
50 41 37
81 17 4
67 30 65
11 47 25
37 74 59
2 13 94
16 5 81
57 44 21
91 69 62
90 7 10
26 6 10
84 16 54
49 22 21
98 96 62
49 79 39
34 29 76
46 50 65
30 37 55
59 45 94
8 42 72
50 65 56
94 44 58
59 42 81
2 88 38
29 94 32
23 92 12
93 77 69
0 96 62
99 90 31
48 78 85
8 92 12
5 22 70
50 49 6
68 31 24
99 88 92
14 63 98
22 14 49
50 42 64
20 98 32
45 77 76
76 54 17
92 59 58
55 90 83
51 12 7
93 85 90
17 0 11
75 85 89
83 31 44
26 73 61
58 0 100
50 40 26
65 61 5
13 24 10
45 62 73
62 29 31
88 57 99
9 13 35
62 11 91
14 45 72
41 16 98
95 39 92
74 32 7
95 48 75
28 65 3
61 63 84
97 43 81
45 94 91
76 21 78
27 51 93
3 96 9
49 67 97
83 30 38
32 91 88
43 42 52
7 54 91
0 57 74
28 44 60
1 27 63
70 41 68
82 7 38
55 8 79
43 58 2
88 13 40
39 84 79
84 75 8
43 79 37
14 38 25
54 7 44
8 60 20
32 72 40
1 75 28
69 4 95
61 83 21
90 24 4
62 73 37
50 5 20
55 50 34
32 24 57
35 5 74
53 23 73
85 74 32
77 0 67
77 87 63
31 37 38
38 58 50
15 51 82
52 49 11
26 90 31
79 23 34
93 59 66
59 25 20
51 92 45
18 71 8
11 17 91
50 57 32
45 54 38
45 88 82
57 76 14
30 77 47
47 79 22
0 69 27
13 65 14
6 63 46
1 66 99
57 45 81
61 54 59
28 99 70
27 56 96
29 87 65
21 41 89
7 80 26
12 8 39
76 57 16
69 21 68
72 20 83
54 87 92
47 8 60
96 94 42
64 61 68
44 33 83
74 17 19
15 2 94
40 20 29
52 24 91
13 27 25
9 82 15
18 74 61
63 41 30
77 3 27
20 5 19
58 4 50
55 23 49
28 62 61
27 92 66
91 24 61
90 30 39
12 63 60
38 57 74
85 68 65
75 79 19
81 71 5
77 35 16
21 25 27
82 16 7
2 75 68
95 37 5
72 2 69
92 1 13
76 18 12
18 61 99
75 52 27
34 77 39
82 63 84
70 21 79
85 54 11
22 31 64
65 12 57
31 10 68
26 96 97
85 91 86
61 7 60
18 91 10
69 83 21
54 72 91
35 87 51
28 6 71
96 43 90
43 65 19
93 86 58
33 82 66
75 11 60
70 22 99
27 64 50
94 21 100
2 38 10
2 60 81
98 29 75
40 77 57
76 13 17
99 66 5
25 40 85
78 6 96
84 16 94
81 32 26
8 72 92
81 82 83
79 70 75
85 29 58
26 8 21
26 17 78
5 44 42
87 21 17
59 74 10
92 21 70
98 22 31
8 21 12
19 72 11
78 58 2
9 86 83
43 74 56
74 16 67
97 91 10
32 34 67
32 78 56
19 79 82
19 59 1
99 73 67
60 54 20
61 93 28
24 96 25
42 46 77
57 74 41
97 84 62
64 55 1
1 53 13
57 94 54
83 62 85
98 13 75
30 23 33
2 57 99
69 72 12
84 70 67
31 33 66
65 53 83
65 58 48
29 35 17
75 16 75
12 54 20
95 77 44
52 19 75
36 44 7
43 17 90
74 29 23
46 95 84
47 48 38
66 85 64
32 84 77
20 87 61
20 43 94
58 68 60
49 11 30
23 76 69
13 37 63
13 51 35
37 64 1
61 99 81
53 68 81
88 76 2
91 36 62
90 45 5
82 17 21
68 86 92
3 72 60
28 51 3
22 62 58
89 28 40
3 88 49
43 66 25
32 91 35
83 39 58
73 84 49
32 94 14
32 10 66
79 14 78
85 24 45
36 86 22
6 13 14
63 83 97
26 30 1
13 36 43
37 79 62
54 15 46
80 2 45
67 8 13
46 26 64
71 3 41
21 89 100
42 92 37
60 72 85
8 10 70
64 99 72
89 83 26
6 8 43
99 88 84
75 56 1
49 7 69
44 76 82
61 98 13
41 62 86
90 49 80
57 30 92
28 88 59
85 59 83
53 55 25
82 76 59
7 28 93
23 49 17
63 90 89
75 77 85
64 68 36
52 94 8
67 33 36
38 86 7
69 90 28
1 38 93
14 62 33
77 61 13
28 77 71
84 55 25
46 9 100
79 86 6
42 92 6
70 18 61
22 83 11
31 76 43
8 60 16
30 68 97
33 69 49
40 39 92
78 30 76
4 44 5
16 92 48
17 60 99
12 66 46
2 56 26
54 35 11
16 22 39
23 44 26
28 29 35
26 72 10
0 80 45
63 73 33
38 93 39
33 8 42
32 20 62
27 31 12
47 8 75
72 6 89
18 27 8
51 33 14
58 51 32
29 90 26
64 66 59
95 86 47
57 89 35
94 44 62
29 13 81
34 53 72
27 80 86
56 35 28
7 35 23
24 6 43
58 61 84
71 25 6
77 56 14
97 92 8
97 20 49
58 16 33
0 79 61
46 78 61
28 19 16
29 14 95
58 67 80
39 93 35
33 57 93
78 24 85
6 16 39
48 60 1
76 95 26
54 29 16
12 46 18
49 44 26
92 99 3
23 27 52
33 99 65
85 79 59
85 53 61
24 90 72
4 36 77
34 27 52
59 99 93
20 12 85
80 63 81
31 72 21
56 85 66
99 17 98
29 91 31
26 11 5
54 83 58
94 71 41
13 51 9
38 94 86
51 24 66
26 44 33
4 36 100
6 56 99
81 79 84
48 97 99
89 7 21
84 14 23
39 59 30
60 27 4
13 56 20
29 61 75
70 88 48
29 0 69
18 86 60
25 48 60
78 14 48
17 18 9
56 8 35
23 98 91
25 43 10
99 32 88
31 88 6
35 81 46
54 85 100
5 7 20
9 22 20
52 61 48
27 37 63
71 13 3
64 92 13
85 27 57
81 11 23
55 38 7
65 33 60
44 2 64
17 55 30
50 70 95
35 13 57
79 65 58
64 41 4
90 3 79
59 64 72
35 40 24
95 13 96
89 13 18
19 5 24
69 80 94
6 58 30
32 55 85
80 94 86
27 53 79
42 92 20
2 61 1
1 2 49
80 53 94
44 83 30
60 3 89
18 81 27
52 13 80
21 96 47
44 37 61
88 29 62
98 9 27
68 30 10
30 14 81
45 38 78
8 2 27
97 99 6
81 1 43
9 93 42
60 1 51
45 66 48
1 82 96
14 83 37
58 97 1
12 82 58
50 41 25
5 65 24
77 13 73
63 9 25
35 90 70
66 80 26
85 63 62
10 60 7
0 49 37
99 23 71
59 77 96
39 7 52
3 73 4
9 1 38
51 86 69
21 19 63
74 73 26
11 82 1
19 33 3
44 60 60
99 31 39
12 86 96
9 27 84
0 25 60
77 21 3
76 80 47
73 43 56
9 66 37
38 1 81
98 53 40
22 48 53
68 88 17
63 44 19
89 29 37
50 42 17
41 44 98
31 0 48
6 0 43
72 61 72
49 34 64
53 16 3
90 23 13
80 35 90
5 51 71
10 97 99
97 2 93
23 58 51
48 34 20
69 87 60
11 16 64
78 11 31
78 64 99
99 88 8
90 38 72
30 49 97
30 94 3
86 42 74
70 8 86
90 1 95
60 19 14
50 32 81
21 59 14
12 51 97
52 24 59
44 23 33
23 38 53
70 19 26
87 84 54
14 92 19
74 55 50
8 15 57
60 70 67
41 33 15
86 84 57
81 40 15
9 95 30
63 5 74
83 7 71
36 74 66
75 97 32
26 35 43
90 54 84
2 28 16
98 90 79
51 78 9
97 27 10
21 43 99
16 48 81
74 1 79
58 96 57
81 95 96
62 53 85
67 21 58
24 69 1
47 87 43
3 79 74
46 57 79
51 86 7
20 67 10
28 63 18
4 73 48
55 65 71
36 99 88
68 39 53
13 80 91
97 56 92
6 50 16
7 14 66
6 52 54
82 3 99
0 72 3
32 8 68
66 16 77
6 73 26
96 89 18
10 2 94
98 81 5
81 42 21
39 57 32
85 87 84
28 9 2
5 74 67
50 44 15
85 61 51
48 16 84
11 15 76
58 64 34
59 86 4
5 11 21
57 94 87
75 56 13
9 14 35
34 86 78
38 65 62
84 90 1
7 66 16
33 82 49
14 44 99
32 3 29
86 89 61
98 74 58
35 19 21
75 69 63
56 64 97
94 87 13
48 13 18
2 59 46
31 39 16
70 40 50
97 59 24
53 67 91
38 99 6
17 46 11
85 6 53
39 23 8
56 92 62
72 97 59
8 55 46
40 71 31
67 51 61
68 10 39
70 61 65
63 35 25
48 77 40
99 86 2
5 94 35
40 21 90
57 27 64
52 32 43
32 69 10
95 6 61
92 26 88
96 94 95
87 63 59
51 43 93
82 76 89
81 33 6
15 7 40
85 59 75
20 61 29
38 99 70
35 8 13
49 32 40
17 52 68
58 31 86
36 50 72
34 58 31
47 2 13
7 56 57
48 87 40
50 48 47
57 40 98
35 6 98
58 81 19
57 38 26
55 13 5
49 3 29
89 91 52
75 96 77
48 3 79
81 2 73
79 20 80
45 93 41
75 92 61
90 27 93
72 12 35
21 20 37
0 54 1
62 66 45
98 87 100
91 5 39
7 59 51
49 61 42
32 21 51
37 27 80
25 18 87
55 81 34
19 20 84
59 17 51
10 31 96
53 60 2
44 25 88
37 28 32
89 53 81
72 48 28
92 88 72
22 14 93
87 63 64
41 68 16
30 71 37
22 33 27
70 59 42
53 65 56
78 5 65
96 51 41
70 27 21
95 59 15
73 6 2
96 20 37
49 14 21
31 18 46
28 98 66
58 15 19
16 33 87
14 92 10
45 63 3
12 23 29
61 9 49
27 66 21
81 13 31
54 35 98
21 53 82
81 12 10
80 88 9
67 53 53
95 12 7
16 32 23
59 30 87
34 31 13
19 9 88
8 15 71
70 66 13
5 0 19
0 62 92
76 74 5
66 33 92
50 9 24
5 40 42
4 94 45
6 76 75
35 73 50
51 42 64
32 83 100
36 63 62
17 55 14
93 65 91
39 36 90
56 33 28
11 76 29
61 20 87
63 57 24
44 52 4
70 85 68
22 4 66
98 15 57
86 68 2
25 21 61
24 27 19
73 36 56
1 4 12
31 89 35
95 49 32
49 11 83
40 10 11
83 36 58
73 4 24
24 62 59
58 85 82
23 59 41
60 51 88
74 47 51
84 72 38
41 23 56
95 35 81
61 82 79
61 6 30
34 77 47
85 30 99
78 60 94
27 77 98
80 63 69
2 99 20
6 54 11
35 64 91
35 73 18
42 82 8
6 33 94
34 28 82
45 84 56
45 49 71
44 25 83
16 79 21
28 11 92
26 41 1
22 70 61
27 45 20
22 46 18
34 53 10
25 70 58
40 64 37
83 72 3
47 20 73
15 81 25
78 72 22
62 45 84
13 53 31
25 59 33
20 27 52
66 94 40
92 27 64
41 60 89
5 10 5
67 31 13
89 40 2
52 88 57
95 9 48
90 86 75
61 81 67
44 34 41
45 66 53
46 29 70
54 43 98
32 74 44
6 45 12
2 93 24
66 36 59
85 46 73
19 23 3
48 2 100
73 23 39
50 25 5
17 98 83
71 40 6
39 15 41
4 80 52
64 30 44
37 35 1
41 33 94
0 42 81
70 13 69
5 32 1
18 64 28
8 30 47
13 99 17
66 40 45
56 96 89
35 17 77
47 79 88
28 19 87
87 83 1
94 86 59
59 23 69
13 7 17
48 91 24
96 26 5
0 82 1
19 17 12
97 84 58
81 44 73
62 28 39
56 8 100
45 53 45
40 89 14
39 45 60
11 87 77
52 65 31
72 63 36
54 38 49
37 82 63
37 45 47
56 27 37
89 61 99
34 14 92
92 40 97
42 98 23
39 6 1
60 53 91
11 37 13
62 42 53
60 87 49
25 29 59
18 28 15
93 22 55
74 40 93
9 96 62
7 75 23
30 75 96
98 10 71
38 26 52
22 73 27
31 92 89
0 92 32
16 28 67
83 54 11
28 40 57
2 50 55
29 66 86
79 69 36
26 98 56
33 62 24
38 85 24
32 63 31
19 75 54
64 41 46
72 34 19
40 96 11
94 8 99
35 13 70
49 42 62
88 15 40
72 63 100
63 36 37
87 27 4
50 28 3
69 48 95
66 52 48
52 89 61
22 5 44
54 93 54
9 78 100
13 4 1
32 34 23
73 35 59
17 20 46
6 94 87
56 49 26
3 71 49
64 39 44
15 90 78
43 87 26
36 89 79
95 79 17
33 10 44
71 28 38
9 36 82
11 45 71
51 75 44
88 26 42
80 67 99
95 77 45
56 60 37
35 48 13
13 72 37
26 49 65
41 58 58
39 13 75
45 25 87
55 39 25
71 50 8
45 9 74
22 63 69
4 41 10
4 52 77
16 35 53
31 56 73
56 19 77
87 7 95
50 48 42
14 49 27
69 90 74
98 83 67
83 68 65
97 69 3
69 28 87
78 85 18
38 81 70
45 17 80
1 4 55
62 93 38
42 43 42
68 98 95
58 91 15
40 83 34
76 0 32
20 53 67
88 95 12
78 21 16
25 72 94
51 83 55
77 18 34
13 96 70
84 78 2
7 96 17
78 96 22
70 0 44
17 66 21
0 82 18
1 74 74
47 19 16
48 60 17
64 95 66
9 60 67
93 58 83
88 12 80
15 11 78
47 78 50
48 67 39
84 34 4
66 35 34
18 76 42
29 43 18
14 9 58
6 4 45
83 7 53
44 5 37
71 72 8
5 73 43
16 24 58
72 92 76
38 80 87
23 73 97
78 55 40
16 99 83
92 79 82
44 60 93
73 53 70
16 22 89
21 26 33
3 8 61
76 0 32
78 52 48
29 14 42
75 19 46
35 48 69
29 36 92
14 44 78
38 60 34
86 58 58
34 97 42
30 61 88
82 0 86
95 93 70
66 60 26
61 66 19
28 49 83
36 57 28
56 41 86
45 86 9
76 89 17
11 72 11
36 45 6
67 71 45
39 40 90
19 13 86
18 79 32
78 23 74
30 48 97
8 80 1
44 13 47
30 55 42
80 2 58
46 76 39
78 42 96
99 18 54
54 7 37
54 36 65
0 10 26
24 16 99
38 32 71
75 92 68
47 83 28
79 42 66
5 23 97
53 33 79
90 84 26
31 54 93
79 15 61
81 11 4
48 31 61
86 0 36
6 87 28
21 59 57
54 24 71
25 44 43
15 64 86
62 22 43
11 93 89
46 24 66
12 49 69
97 32 35
84 89 52
72 81 61
71 91 40
5 40 89
33 31 91
98 37 2
30 95 36
24 34 12
89 68 95
64 77 53
23 75 29
32 82 21
44 48 50
1 62 31
65 17 5
64 60 74
39 89 26
45 49 31
63 6 47
31 54 42
49 55 55
88 42 18
27 68 85
0 69 30
5 10 35
91 45 76
65 71 86
88 22 96
44 26 89
92 57 41
46 41 33
94 15 89
70 46 17
1 16 50
17 31 88
90 17 68
20 14 11
20 59 65
45 0 67
9 6 15
44 88 10
61 87 1
33 18 68
22 94 96
85 38 43
26 73 76
16 48 29
43 95 24
1 22 75
76 98 15
5 47 81
63 73 34
69 13 41
23 87 5
94 42 45
47 63 90
97 9 49
69 97 8
1 75 90
5 27 26
65 44 17
81 65 97
42 35 54
67 78 93
55 50 11
67 34 87
89 76 89
20 22 73
97 51 30
9 31 60
61 18 44
32 69 48
9 32 47
7 13 35
17 75 56
76 63 78
92 20 25
25 7 40
26 20 55
14 11 31
98 91 23
14 94 93
77 54 78
15 80 69
59 0 17
78 42 50
35 74 89
10 50 60
39 76 26
36 62 62
20 83 41
90 16 5
46 12 10
59 30 36
35 82 86
48 0 19
24 92 51
5 47 13
90 52 10
84 68 8
92 4 75
78 36 50
8 13 13
99 38 77
47 43 12
27 77 10
8 33 52
32 45 13
37 85 73
58 3 7
89 40 64
95 43 67
31 39 60
99 62 91
83 47 1
4 73 85
47 82 32
0 34 90
37 67 82
94 42 53
59 34 19
46 61 48
0 93 56
57 72 97
97 4 59
54 84 85
39 80 72
96 74 58
67 65 95
44 62 47
68 24 93
42 41 68
3 1 10
49 5 1
87 73 6
37 31 32
45 40 13
36 74 88
1 40 95
9 42 87
7 90 25
63 0 35
13 56 34
3 79 47
28 66 25
46 17 100
21 22 42
42 3 77
87 59 32
75 58 23
15 1 49
9 98 99
28 83 75
89 56 36
53 54 12
80 87 84
11 58 12
6 65 1
51 31 71
1 46 61
83 67 83
57 5 55
50 94 8
18 30 5
21 84 35
28 17 35
33 67 46
83 3 52
5 49 2
83 46 60
34 62 5
99 47 39
33 9 29
53 40 31
59 65 2
15 77 85
39 66 88
67 80 93
75 92 41
46 65 32
25 73 62
37 46 21
24 69 69
40 79 86
74 0 64
1 34 97
10 23 47
1 42 47
48 43 3
0 66 86
7 40 30
14 73 71
61 13 76
74 62 5
55 67 83
99 79 97
23 91 30
34 20 71
98 85 61
21 96 22
4 80 63
41 11 48
29 23 81
11 72 5
78 85 13
95 63 20
94 9 76
8 51 4
25 9 20
11 26 94
85 26 62
19 47 44
39 24 82
34 23 26
92 7 83
94 2 43
41 36 22
65 12 59
67 31 13
62 16 62
45 61 99
3 70 65
73 54 30
13 37 26
6 59 64
69 56 62
38 94 38
39 20 72
48 10 65
35 25 55
34 70 69
31 57 13
38 41 22
96 89 35
2 89 91
9 69 56
22 8 75
24 62 80
38 87 94
52 60 90
73 48 53
15 16 29
20 24 22
89 7 93
67 2 48
39 59 42
31 30 37
64 17 62
92 93 76
21 92 60
47 56 4
60 78 25
70 45 49
85 42 81
22 38 84
70 11 71
60 69 58
88 47 72
53 7 71
0 65 18
39 55 24
83 91 49
28 18 16
46 78 48
23 68 17
50 0 82
61 97 3
92 28 15
3 96 32
47 32 29
17 57 2
63 46 72
31 39 40
40 83 40
72 41 95
5 11 3
45 90 79
69 82 58
29 32 17
42 77 85
5 3 66
74 46 43
4 58 5
58 91 17
82 16 70
55 10 52
81 29 35
87 40 82
5 71 22
75 7 40
6 86 14
25 37 94
9 71 84
80 6 66
36 59 46
29 89 4
48 53 57
84 52 7
91 5 8
43 24 48
78 37 36
26 30 21
72 45 95
56 9 32
85 59 67
88 38 87
9 95 49
20 65 76
25 86 87
73 47 70
49 48 72
34 6 56
58 3 61
24 89 61
30 29 61
9 77 34
79 23 34
98 5 16
40 38 44
78 29 62
10 63 27
21 53 53
43 17 58
24 96 5
98 2 74
30 35 27
36 68 84
61 3 74
64 42 22
93 53 13
48 10 92
64 46 24
92 25 38
17 33 24
11 42 3
84 94 49
96 62 98
18 94 79
17 10 82
47 20 4
39 15 89
79 91 39
76 50 81
12 24 71
64 61 19
38 67 38
18 73 86
31 22 28
84 79 8
31 63 4
1 5 42
99 85 14
62 53 27
2 41 69
9 20 19
6 30 40
23 73 49
8 78 35
5 11 43
64 40 100
67 89 5
87 99 1
86 70 97
10 90 91
28 39 16
39 32 6
93 58 50
88 29 86
93 54 81
37 78 94
44 31 18
70 32 94
42 30 92
68 64 34
41 92 12
92 18 85
90 42 53
24 89 3
28 65 77
65 56 51
6 27 29
82 48 98
7 31 45
17 61 4
11 29 96
2 60 8
43 30 69
10 15 43
47 21 52
39 19 90
14 73 81
47 32 62
35 99 61
91 44 100
17 40 52
92 64 59
83 61 38
61 97 15
11 31 52
93 51 76
61 91 90
83 69 54
33 91 84
61 46 50
57 60 13
18 28 25
17 46 2
77 62 39
5 22 51
14 39 54
64 62 75
98 80 80
99 14 61
11 30 51
29 23 73
71 67 67
15 36 71
55 90 84
83 98 64
74 95 89
92 86 15
79 62 16
88 96 18
46 82 24
4 86 21
79 8 91
32 37 94
6 63 19
89 74 92
92 90 89
73 97 96
49 80 89
27 38 93
42 1 26
37 36 73
99 32 20
83 66 93
36 61 49
33 31 38
7 65 29
60 94 50
48 90 100
40 56 97
78 59 34
51 34 27
2 71 44
16 79 91
91 14 78
50 85 87
82 88 99
0 19 74
98 48 1
86 75 36
91 32 81
97 89 26
57 68 91
3 95 55
92 50 2
40 7 27
34 75 54
71 81 23
57 12 16
58 62 29
27 34 51
28 17 91
92 54 67
58 12 12
27 65 94
87 77 98
49 66 73
26 89 8
72 42 80
74 98 44
79 4 61
33 66 43
53 16 15
67 80 50
71 66 100
41 82 29
27 91 18
83 43 48
14 97 72
53 14 17
40 23 11
46 81 12
56 55 82
17 64 31
72 41 38
25 47 39
40 85 10
6 40 94
88 26 38
79 5 7
64 93 69
71 67 76
52 5 67
63 39 8
5 49 26
21 0 89
72 53 75
10 1 44
22 0 46
64 30 80
27 38 91
40 74 90
19 38 15
62 49 94
1 9 43
39 24 11
14 59 53
40 21 81
47 49 16
23 72 56
24 89 33
85 79 9
50 2 6
23 82 3
97 58 2
6 66 94
97 75 82
30 13 9
87 33 86
73 11 8
96 36 16
55 49 39
77 6 5
43 54 56
82 27 35
75 81 37
21 37 33
25 94 9
62 6 48
84 73 16
90 52 42
51 59 20
82 5 92
82 96 63
65 57 68
22 95 2
8 46 49
9 72 84
49 35 4
76 27 95
83 10 85
94 23 89
85 32 12
95 8 68
39 60 7
53 92 15
14 99 84
36 62 30
5 2 47
37 52 69
99 61 74
3 61 34
58 64 54
47 87 57
42 51 81
2 14 96
86 77 71
44 72 70
44 47 2
37 61 67
85 40 20
84 69 46
12 8 28
33 10 84
54 3 44
88 46 79
61 24 18
27 66 48
8 83 2
93 38 18
70 80 91
9 4 76
47 44 60
96 68 13
76 96 55
45 33 68
19 62 18
87 77 34
28 29 33
29 90 74
90 81 54
4 64 75
3 12 90
24 89 32
66 59 3
49 33 47
60 71 61
4 64 22
2 86 59
55 47 26
15 57 48
26 90 79
64 68 48
76 16 9
75 39 58
28 41 53
36 15 3
24 70 27
55 34 52
85 77 94
69 20 83
91 72 49
3 24 89
42 67 84
52 91 2
20 55 100
82 50 70
44 46 96
11 78 46
91 72 2
72 90 36
75 37 76
42 17 9
62 94 77
87 92 19
89 53 15
78 23 41
4 49 42
28 41 71
8 45 90
4 14 90
58 1 54
0 8 70
83 24 73
76 11 53
48 29 83
41 21 25
16 32 83
67 22 77
85 93 54
88 40 68
28 33 63
63 42 14
15 64 100
41 14 5
11 81 72
26 38 22
42 79 72
25 7 69
86 38 20
2 12 1
31 51 92
95 4 70
63 86 37
47 89 58
97 81 36
70 8 2
77 35 57
49 79 35
76 15 68
25 19 84
53 15 76
9 15 6
62 39 80
42 90 68
90 8 17
6 11 77
88 93 76
45 99 37
56 38 2
53 32 99
37 51 14
12 56 8
51 81 92
89 35 75
98 20 33
32 86 62
43 90 19
46 47 29
55 90 88
94 85 62
80 13 63
18 68 17
57 49 74
44 59 100
42 32 93
69 95 36
53 61 30
60 31 70
31 44 33
74 35 13
97 40 41
2 48 5
12 50 20
66 79 27
6 46 62
34 11 92
53 23 94
78 14 95
91 73 46
13 78 45
61 11 90
6 1 74
73 52 93
50 2 12
47 95 30
68 18 76
8 49 98
85 32 57
8 69 79
91 7 36
26 95 37
36 84 23
85 41 69
76 57 21
57 87 80
90 2 55
68 8 28
92 91 69
75 43 43
64 3 4
7 85 7
5 20 10
23 56 38
79 49 8
65 45 22
75 16 45
23 68 93
28 39 96
10 75 96
22 13 40
87 68 63
88 12 78
86 92 42
14 41 44
4 93 61
15 62 79
34 85 20
83 45 60
25 15 13
61 63 24
48 18 22
71 68 49
91 3 95
84 36 30
77 29 14
90 36 90
87 41 98
77 14 62
96 13 29
40 39 72
19 5 92
42 98 40
17 0 100
83 86 15
1 75 38
52 25 39
43 68 30
36 69 84
40 91 100
7 34 10
56 49 16
80 67 75
74 41 42
94 64 73
68 5 20
44 80 50
27 5 78
82 60 35
66 17 3
78 9 29
8 18 12
2 51 33
64 3 49
96 99 21
75 76 13
93 44 44
80 56 3
7 93 11
63 83 21
13 94 77
55 16 6
96 44 41
47 94 33
63 65 81
5 39 23
26 33 91
97 5 20
61 4 29
27 16 20
40 30 4
74 83 33
11 3 80
59 13 85
76 77 77
53 67 31
43 63 7
15 1 87
73 75 89
5 88 73
49 95 86
78 45 37
81 93 3
95 42 49
78 41 20
43 6 21
51 13 72
1 0 100
81 90 53
6 48 56
68 76 8
17 45 35
6 34 37
93 88 58
29 27 4
14 43 10
27 41 61
96 17 29
4 0 91
2 9 30
18 27 95
41 61 67
68 32 62
68 30 65
46 28 98
76 23 76
52 63 62
8 55 54
19 84 51
63 96 66
25 40 55
22 71 34
80 37 92
6 87 53
25 27 11
13 62 35
63 40 55
98 79 60
63 53 63
25 43 96
32 88 89
87 56 4
3 60 47
60 62 86
19 7 49
57 22 100
43 11 65
9 94 78
73 32 2
24 13 69
17 16 30
87 5 75
83 42 67
44 94 25
40 85 20
50 2 36
65 3 74
45 83 56
22 25 85
87 76 87
50 84 2
55 31 55
40 25 86
51 77 29
32 77 39
86 37 25
17 44 37
9 3 78
7 64 48
1 55 71
33 35 40
28 3 16
71 28 79
32 56 67
38 69 97
18 59 41
90 88 53
44 53 61
22 72 20
58 90 18
90 71 33
23 49 15
99 17 13
14 75 52
60 75 75
57 63 80
80 99 43
77 94 61
94 42 70
4 74 53
69 22 98
86 64 51
24 66 63
80 90 64
14 97 96
95 98 41
68 46 49
26 97 29
89 95 72
40 65 59
65 34 46
59 25 98
50 27 80
78 2 69
41 56 44
76 67 34
92 49 29
45 48 24
34 42 25
37 42 78
85 62 64
44 23 89
29 54 30
56 7 52
48 86 83
97 15 63
58 68 27
60 13 2
60 84 16
80 59 20
5 99 99
8 58 80
41 58 2
13 81 96
77 74 14
77 88 6
58 84 86
54 62 79
25 97 16
39 94 69
78 53 24
46 4 4
68 81 10
61 14 85
44 90 64
42 39 83
19 73 100
87 39 32
78 26 25
2 1 63
23 56 14
66 93 37
17 53 19
12 61 97
27 36 44
7 85 24
55 92 89
17 79 94
83 85 5
48 16 61
19 46 81
71 4 35
41 63 37
77 24 8
55 83 17
72 40 84
85 53 99
63 26 45
41 23 37
97 46 66
39 87 33
35 43 34
23 90 54
12 27 99
82 70 87
14 21 75
39 54 90
84 98 41
57 71 3
89 91 93
55 9 5
34 21 42
22 23 39
89 93 7
90 89 40
53 61 63
39 15 1
12 34 53
25 62 54
46 69 100
76 37 43
30 87 10
82 24 47
87 45 56
7 54 76
67 13 54
30 83 14
23 13 74
72 66 58
54 47 81
83 52 88
72 97 27
81 18 27
72 22 72
76 81 6
28 95 47
26 8 69
16 59 26
97 61 63
0 52 44
34 90 36
70 47 18
35 5 86
3 78 74
69 25 48
6 86 52
48 67 8
84 22 26
82 70 95
91 86 65
49 53 31
72 90 40
37 32 12
82 23 61
21 51 39
51 14 92
39 12 7
94 99 73
22 15 38
65 76 2
22 73 12
77 24 70
40 81 62
18 55 78
84 55 89
89 82 1
61 43 39
39 28 20
40 84 32
49 20 52
28 89 88
99 64 83
23 58 5
22 63 78
30 19 3
10 66 22
13 29 37
62 9 52
19 26 93
88 25 16
27 44 70
33 12 80
11 1 40
23 22 29
6 95 57
71 51 46
76 5 43
12 24 10
99 65 55
46 92 65
64 98 12
92 5 16
19 31 48
77 0 52
99 93 45
59 65 55
23 38 70
10 63 44
39 32 10
36 90 54
71 45 77
81 23 31
81 44 79
53 66 24
71 67 63
83 69 54
95 44 40
14 96 91
52 54 6
30 54 55
22 19 58
64 69 60
83 99 78
78 20 44
26 47 12
69 27 17
1 88 15
4 12 91
63 4 18
93 10 51
9 19 41
78 70 39
81 32 15
99 12 72
4 18 11
88 46 10
24 34 64
49 48 71
11 14 64
61 33 78
95 9 38
96 32 94
3 93 26
45 88 89
34 77 10
7 4 99
73 29 21
59 8 27
16 35 99
89 16 5
28 44 88
24 67 15
43 76 53
9 86 95
5 3 39
19 23 27
7 50 60
74 9 6
23 3 48
30 1 73
22 95 69
42 54 56
33 11 72
97 98 93
79 17 60
58 22 75
71 19 60
34 15 27
57 75 35
24 83 6
23 17 85
48 39 34
7 57 81
77 9 20
16 49 90
67 37 2
74 71 67
13 10 4
5 90 48
22 32 96
42 26 18
56 7 22
63 43 76
60 75 22
43 4 69
3 87 92
48 58 20
29 31 22
21 97 72
11 66 77
41 17 80
72 46 10
2 81 59
77 47 94
67 27 26
86 4 75
77 75 2
83 5 53
2 65 11
94 22 8
0 59 50
45 31 7
79 98 64
72 66 38
26 83 25
2 71 25
29 9 32
89 83 59
15 88 36
11 60 36
65 19 48
24 60 9
5 73 49
41 68 35
81 34 6
20 37 41
64 54 64
64 82 98
51 8 59
25 50 96
72 8 95
59 84 45
50 49 75
89 20 1
31 63 34
26 50 26
11 52 87
36 70 57
25 1 41
98 26 100
55 36 81
16 1 60
58 70 25
88 44 34
24 68 17
28 16 66
51 73 78
9 55 28
39 80 53
79 67 63
87 11 83
34 99 32
47 19 96
14 16 79
1 22 72
77 9 84
16 87 76
94 52 82
80 45 25
21 32 41
68 93 17
99 87 27
30 79 8
39 25 65
91 82 42
19 30 36
84 94 9
25 35 62
3 90 73
0 34 55
28 71 71
83 34 14
62 47 51
86 74 8
65 96 35
9 22 38
92 74 99
52 71 36
5 9 20
17 81 40
6 55 1
73 9 53
33 56 9
50 24 90
36 71 40
78 79 59
90 20 47
58 67 10
47 95 68
91 39 67
69 90 47
13 65 62
18 11 38
20 79 19
75 99 25
22 51 92
63 21 5
8 87 71
11 45 64
64 45 84
72 97 82
21 75 60
85 57 10
66 78 43
96 91 41
1 15 95
12 61 36
3 13 65
92 28 66
12 87 60
9 33 98
86 49 53
38 37 91
31 49 64
87 92 4
46 51 73
45 63 79
41 0 80
48 76 20
27 47 8
58 45 45
95 37 29
87 5 41
12 95 11
56 13 69
61 22 6
25 75 49
4 69 44
74 20 23
64 70 72
77 39 58
20 89 7
27 87 11
8 89 96
6 47 53
72 40 65
77 78 50
52 15 12
27 63 88
48 44 39
73 41 7
39 19 84
4 60 80
27 7 13
31 53 79
73 48 27
46 55 71
62 30 20
39 50 80
83 65 64
86 23 88
93 62 89
32 91 73
93 33 80
86 64 94
49 1 68
16 29 74
63 89 40
77 26 51
47 21 94
57 6 46
70 71 38
58 36 62
60 76 28
64 39 83
36 40 77
36 79 78
50 23 94
81 11 24
41 30 52
83 25 36
66 71 26
34 19 83
96 74 65
36 52 36
83 66 6
42 70 11
66 27 76
38 80 40
42 72 56
0 77 41
28 39 32
65 92 81
84 22 57
81 9 95
73 51 73
87 73 48
48 80 47
73 36 58
70 14 87
14 95 30
99 53 31
56 86 6
57 29 59
91 12 97
83 58 76
32 91 18
89 98 22
44 62 26
31 47 14
41 12 78
37 19 7
76 95 47
50 11 70
85 43 42
54 20 86
24 97 57
26 75 1
24 43 69
6 22 2
55 99 96
12 87 69
79 60 63
62 45 91
10 91 1
27 55 57
38 84 97
26 53 8
78 48 17
50 91 100
64 29 9
45 86 63
34 21 79
9 39 60
28 50 94
88 26 4
0 28 66
11 66 69
62 97 86
88 8 20
84 57 52
90 94 78
88 83 97
51 74 61
46 35 37
41 70 53
39 87 45
72 75 28
74 85 52
72 88 18
93 66 70
60 11 47
85 66 90
67 54 13
21 63 32
17 81 29
23 70 4
67 96 100
38 95 93
98 53 13
72 21 27
34 40 40
9 48 72
37 31 30
69 34 67
17 10 54
50 42 34
84 31 81
19 18 99
8 39 63
94 84 89
50 97 24
70 48 69
51 33 5
7 45 84
46 1 39
92 72 41
12 33 21
54 60 11
40 49 26
45 43 9
98 21 92
71 46 52
29 47 54
49 73 33
20 41 21
98 62 6
25 91 75
29 11 48
40 32 74
72 55 17
59 26 62
6 65 68
75 31 72
8 93 75
19 84 15
31 80 58
1 39 9
86 42 19
89 44 89
94 1 83
9 14 96
52 93 32
95 46 26
34 17 59
63 45 36
40 50 41
37 87 88
53 10 7
75 11 66
73 5 64
53 85 85
93 67 31
54 13 30
40 73 65
13 2 32
21 60 97
17 90 30
31 68 85
37 67 96
94 96 21
33 11 81
2 36 95
99 32 77
92 95 38
66 13 94
18 41 60
54 87 67
76 30 5
48 14 76
32 42 55
70 30 47
35 66 82
60 89 27
54 95 95
94 56 54
88 70 85
57 98 38
30 50 98
44 68 72
19 72 83
49 95 80
72 62 71
71 93 37
38 1 2
12 85 98
