9 43 23
6 7 20
37 43 30
49 24 77
85 77 92
79 81 6
77 31 43
37 59 52
15 63 39
14 0 36
60 53 28
46 32 40
96 41 60
82 1 87
71 20 30
57 35 100
15 37 3
41 64 23
69 59 65
39 56 27
90 74 54
98 46 20
32 40 97
27 43 43
73 5 74
57 61 56
30 54 50
28 18 78
34 17 60
60 35 19
27 17 86
52 59 62
31 61 14
28 42 21
28 65 64
58 1 83
97 22 33
20 78 39
93 55 94
86 17 22
38 51 31
46 93 33
90 80 63
36 28 25
23 2 64
25 37 55
24 92 4
5 44 83
96 19 41
95 28 22
43 19 72
55 61 71
87 12 86
56 32 90
67 8 95
47 97 81
61 72 9
39 50 47
12 46 39
40 18 1
72 86 42
96 68 1
48 61 56
74 25 3
79 67 29
32 11 17
56 85 18
29 55 79
56 19 19
22 92 46
47 26 65
29 66 87
67 93 92
98 64 25
34 81 66
39 31 44
32 42 93
84 3 25
61 51 42
62 94 38
62 61 16
95 53 34
99 39 55
47 71 39
87 48 89
37 80 29
86 13 23
15 71 79
29 26 5
95 30 34
86 71 77
36 71 54
83 64 29
65 15 26
63 45 44
75 54 59
57 35 4
64 16 65
51 97 14
29 70 74
87 45 69
84 94 92
58 21 38
12 73 80
44 52 77
22 45 82
33 52 98
82 5 59
91 25 34
71 21 29
94 83 76
62 81 53
76 73 57
38 51 68
61 54 56
99 53 35
64 66 94
27 18 49
81 91 11
57 41 92
4 25 33
70 38 97
53 0 3
98 2 94
6 27 78
40 11 96
34 84 90
82 94 97
6 10 38
97 90 15
63 65 22
80 25 66
49 47 1
86 80 4
95 18 3
25 5 40
43 54 100
90 27 42
64 97 93
50 55 39
26 91 99
81 74 6
68 13 1
62 14 53
26 95 80
92 14 70
61 33 58
43 8 62
79 22 55
20 83 49
82 30 1
31 7 71
73 77 95
98 19 71
5 24 52
30 24 80
71 61 25
68 35 71
20 9 56
65 60 70
35 71 52
72 24 91
91 0 76
81 63 41
89 81 70
58 1 2
0 51 69
95 8 93
24 81 1
3 77 26
29 15 90
59 43 93
11 50 91
56 22 10
61 27 76
36 32 29
27 53 51
85 95 55
41 6 32
65 36 74
74 68 15
25 88 31
77 28 63
19 67 56
78 56 19
23 51 60
51 82 93
82 40 30
38 14 39
68 85 36
42 26 52
19 42 45
0 34 86
81 98 83
7 93 6
3 26 16
19 8 42
0 49 13
79 70 78
57 1 27
8 57 27
14 38 13
4 28 67
21 47 22
80 67 87
93 9 52
30 28 82
29 87 29
60 21 99
18 99 86
49 81 17
24 95 75
41 34 81
30 69 68
28 73 45
58 76 40
72 56 54
38 74 50
62 20 45
63 70 80
42 48 71
0 3 84
29 28 46
33 81 30
9 33 33
20 57 44
37 16 58
89 64 70
13 84 57
84 14 83
2 51 61
12 20 4
3 0 59
13 9 6
49 22 80
55 2 17
49 71 94
87 93 20
14 9 53
14 70 88
56 87 60
68 10 57
35 79 84
32 7 61
95 26 68
4 29 70
7 96 63
72 24 58
94 77 57
6 89 84
97 1 50
90 61 56
99 53 52
59 42 7
47 49 73
43 16 94
14 34 65
29 84 87
17 3 82
82 35 42
76 59 44
37 67 28
44 85 90
80 56 28
99 53 33
76 41 46
99 19 53
51 30 3
39 83 58
17 35 99
56 91 55
36 37 26
91 2 71
98 17 54
79 25 42
27 81 6
15 85 24
96 91 21
94 3 9
45 81 48
46 54 11
40 4 76
65 24 49
35 90 39
19 42 2
9 45 5
31 71 52
53 8 64
58 89 54
90 91 81
54 47 75
6 24 92
0 9 63
68 55 76
67 38 6
40 30 4
11 33 51
47 88 80
91 72 98
75 93 41
17 57 45
91 47 82
13 77 41
38 85 65
71 68 85
55 43 31
98 57 82
19 14 26
78 65 76
60 96 96
52 46 74
37 47 27
10 47 79
76 23 96
74 85 39
44 74 30
86 60 57
86 57 59
59 37 15
45 30 19
99 1 85
86 19 15
14 65 42
20 73 15
81 23 30
62 66 41
47 12 50
66 26 53
52 66 83
83 0 19
29 71 27
44 47 82
76 54 83
95 29 85
88 73 91
38 97 92
13 60 85
97 92 2
77 7 39
66 37 29
71 12 84
7 21 62
36 31 60
61 18 98
82 2 50
32 11 77
75 50 94
64 86 67
44 35 89
4 75 61
2 58 36
12 25 74
8 24 25
1 45 30
71 58 53
99 42 91
28 18 87
96 11 12
80 77 76
52 7 84
46 20 95
92 53 28
61 86 18
77 49 22
68 37 92
86 43 27
1 11 20
67 8 45
74 86 97
77 38 1
23 97 37
87 40 36
55 33 33
29 48 42
13 20 10
92 31 67
22 10 53
55 88 35
32 34 6
44 80 20
54 10 85
27 60 73
21 84 59
86 26 5
80 6 20
45 37 28
59 15 52
20 59 26
43 10 41
81 72 55
22 80 27
63 59 72
16 45 100
86 51 32
34 66 39
78 69 81
98 3 7
16 19 34
34 59 63
69 41 60
59 57 85
58 10 64
0 63 18
16 11 66
97 47 34
28 82 81
81 26 95
67 5 44
98 50 98
69 56 97
82 19 22
99 24 82
63 89 79
17 27 48
46 21 61
63 98 87
80 84 70
82 52 73
52 78 1
82 91 66
38 82 89
69 7 39
0 19 41
14 54 96
50 24 63
51 25 4
78 21 72
95 87 13
13 70 15
86 57 26
54 90 59
13 11 45
53 57 79
7 93 7
31 79 98
98 57 48
15 54 29
23 41 64
81 33 13
56 19 36
88 15 30
81 6 50
78 46 68
56 40 75
82 40 59
14 66 83
97 20 63
41 29 37
84 34 86
68 29 40
72 81 91
40 88 33
9 52 14
81 0 76
64 30 69
57 42 17
95 78 21
74 58 93
8 66 82
91 61 95
76 7 98
84 27 14
7 51 49
96 85 15
13 59 42
91 54 25
32 81 89
99 52 27
80 18 31
56 71 47
40 10 95
63 37 97
19 84 88
33 82 90
34 74 20
34 22 52
44 35 8
72 51 35
79 35 80
8 66 51
12 75 50
25 54 30
4 25 2
19 30 19
75 73 92
11 75 55
17 95 73
20 19 47
94 95 34
99 14 18
55 10 7
42 34 13
46 72 31
35 65 14
3 18 62
30 0 99
33 10 35
3 15 62
27 55 3
25 73 100
10 77 35
51 74 74
68 53 23
45 63 87
76 63 40
64 99 8
92 66 55
8 41 58
47 81 33
41 39 63
11 36 63
46 92 72
61 27 20
20 41 53
94 90 96
6 30 10
2 81 73
6 96 96
68 50 17
41 1 42
57 97 12
77 61 32
99 61 60
95 32 32
2 81 68
6 18 34
56 31 98
98 76 31
46 38 89
66 59 20
60 73 31
89 93 6
10 44 5
65 11 26
51 12 21
26 52 21
98 19 75
10 97 58
24 59 39
37 92 45
12 32 76
87 5 43
79 9 51
66 52 88
11 2 26
77 80 89
27 18 30
5 43 92
89 13 41
39 7 50
80 84 67
8 23 2
38 77 48
64 88 23
12 55 3
98 33 79
29 15 86
19 36 71
91 42 59
4 95 25
77 85 89
4 10 76
84 89 38
86 5 57
48 3 100
85 64 81
99 32 10
23 81 72
68 99 59
99 87 65
98 9 37
81 9 91
51 61 51
98 65 100
63 15 36
92 48 75
21 84 37
39 0 49
1 38 72
39 85 62
77 50 70
10 88 31
50 91 82
62 60 10
8 59 80
21 81 54
78 60 18
94 22 88
95 26 72
61 62 3
71 81 69
34 7 88
45 59 33
30 82 23
43 88 70
35 64 88
77 5 75
61 0 88
91 43 38
37 32 91
98 9 29
39 71 46
38 37 48
57 85 45
43 73 40
85 4 18
70 77 73
66 4 25
58 35 16
76 55 41
76 55 82
67 24 63
42 64 49
18 62 92
31 41 56
94 28 59
45 28 47
99 77 47
47 61 37
57 8 79
81 73 28
2 61 49
88 99 75
90 22 85
82 86 55
44 91 84
93 24 34
7 88 98
91 60 86
52 9 21
16 86 79
28 65 33
9 79 18
83 98 97
58 32 82
16 43 79
78 44 26
69 7 54
61 39 60
60 90 20
99 30 60
63 16 5
72 32 95
13 65 61
68 9 93
82 56 60
87 50 25
55 27 49
47 20 54
52 7 34
38 9 97
59 74 88
44 59 98
3 33 52
59 17 56
6 62 30
44 58 92
35 13 28
65 6 61
93 45 37
67 75 16
94 76 70
19 6 17
89 41 92
92 44 80
0 37 100
84 73 41
97 65 95
70 79 69
85 74 52
9 70 100
4 75 64
30 47 3
33 50 90
7 99 33
92 86 1
40 39 56
60 13 86
58 85 34
61 34 43
35 85 91
75 42 90
54 2 82
5 20 36
33 84 27
17 23 80
70 94 18
45 57 6
89 13 13
66 43 16
61 43 72
0 17 20
78 66 65
17 43 40
83 46 100
45 70 71
2 3 62
85 5 9
64 59 90
59 48 4
82 10 23
18 93 56
19 18 61
4 22 19
43 66 61
30 64 52
94 87 29
77 82 35
82 11 14
96 41 16
9 43 43
14 2 67
12 53 56
70 99 18
78 37 86
13 42 39
92 51 71
67 70 50
22 1 55
74 82 36
38 11 80
82 18 32
79 91 18
95 41 78
65 59 82
3 33 14
47 60 51
22 42 4
62 22 57
94 49 75
53 29 56
84 96 24
96 62 87
6 10 74
82 73 45
44 8 64
32 10 92
70 59 22
1 82 67
73 54 94
69 13 69
72 44 6
5 88 23
17 8 83
37 78 55
64 25 28
25 30 46
80 3 95
67 90 98
44 1 7
40 45 57
5 57 93
74 36 5
3 81 71
63 28 67
47 84 4
20 60 11
67 44 15
78 42 7
43 73 11
12 95 29
67 68 55
35 0 99
21 97 97
56 32 28
75 92 66
58 92 61
14 59 47
13 53 36
84 43 70
79 21 98
3 45 27
24 1 21
50 91 20
50 61 44
72 83 11
4 64 82
30 57 57
13 49 45
48 45 53
58 13 37
78 94 16
47 65 17
76 60 17
54 7 71
58 59 22
73 26 45
82 16 27
73 94 2
47 52 35
12 59 54
45 88 19
18 67 61
3 9 14
69 27 33
12 89 41
5 89 41
36 56 43
3 52 40
58 44 65
53 43 93
33 30 38
96 82 64
92 58 15
89 43 24
66 89 64
87 43 60
42 61 95
19 81 35
32 22 95
53 62 7
16 77 47
43 29 47
1 53 51
6 76 31
85 60 34
76 92 85
30 63 75
95 94 27
74 37 74
53 13 1
99 40 58
39 65 35
69 81 28
14 52 53
29 6 50
7 37 31
73 88 24
8 16 3
91 49 19
79 45 78
59 78 88
47 37 14
72 57 26
78 96 17
3 32 88
83 94 94
37 54 66
6 16 11
35 19 51
67 81 35
93 71 4
87 8 75
49 85 30
19 98 80
69 31 27
78 64 85
4 44 82
17 66 37
94 65 30
70 2 54
22 80 93
4 11 66
80 10 53
69 16 2
30 8 66
64 25 35
34 61 99
48 13 68
72 84 98
5 1 100
15 81 55
41 91 67
2 22 84
19 3 14
22 12 29
99 70 33
10 31 31
20 98 45
60 92 61
99 86 11
57 32 84
88 67 32
32 90 83
20 89 90
56 73 47
83 27 5
3 23 96
52 23 81
67 35 15
42 84 66
34 77 54
73 56 3
39 75 70
44 65 95
11 0 22
59 19 31
89 22 45
13 84 87
69 17 69
37 93 96
97 65 33
9 22 35
19 84 6
48 37 41
10 25 85
12 84 94
11 72 11
70 12 73
87 88 55
42 69 15
79 67 3
36 78 85
62 49 23
61 3 1
7 17 61
53 33 82
54 23 46
30 56 57
81 12 94
48 59 57
20 44 59
14 80 31
25 0 19
37 16 35
93 22 17
98 20 51
43 66 63
20 42 95
11 79 54
28 19 78
57 62 15
15 92 90
47 58 2
80 6 52
10 13 69
19 8 59
77 86 59
81 50 29
47 49 53
66 90 48
14 59 36
60 14 90
33 90 73
64 34 39
97 77 88
78 38 84
62 84 31
85 14 40
0 92 91
83 50 55
57 51 37
18 6 100
85 27 65
74 73 100
29 58 17
48 89 70
6 30 27
0 16 77
66 56 75
77 42 77
19 55 15
74 23 63
53 2 84
44 75 13
80 89 39
66 82 48
10 78 41
24 57 64
54 79 85
48 99 70
96 29 30
16 97 34
21 95 90
13 32 98
20 91 33
13 71 61
60 7 97
72 29 54
34 12 31
33 58 79
3 38 75
65 32 7
66 96 41
30 1 1
7 5 30
42 29 13
79 20 3
43 81 77
7 53 67
87 13 39
86 11 19
91 19 33
9 20 9
46 47 6
1 84 57
18 40 3
3 92 64
80 12 54
74 46 61
21 72 21
14 31 83
75 56 84
72 83 81
42 49 74
22 73 71
28 93 53
34 19 8
58 73 95
9 65 44
58 26 76
4 20 32
68 79 35
21 32 45
85 36 54
71 51 43
30 51 29
52 40 44
49 59 99
28 37 47
40 36 80
55 72 8
18 77 57
25 56 47
80 36 75
47 45 89
72 45 70
88 13 90
77 19 4
65 40 62
17 78 98
49 11 51
48 17 51
47 24 89
52 54 6
39 38 15
49 74 95
29 80 27
2 94 53
18 30 41
72 59 80
6 97 95
4 16 81
76 77 32
7 16 8
1 46 34
34 76 59
14 96 86
12 33 80
17 9 89
10 64 36
7 10 51
60 50 99
99 62 63
62 38 19
33 25 44
63 27 42
43 59 37
49 61 95
87 45 51
59 37 60
37 95 97
30 45 78
83 55 26
68 75 94
91 68 3
82 84 64
44 96 89
21 76 3
21 60 20
66 51 59
92 25 4
37 22 92
92 17 72
33 76 65
26 30 37
94 77 38
0 76 30
17 74 41
82 25 93
86 12 59
92 7 72
98 17 91
70 55 20
72 26 35
7 63 27
38 75 21
83 92 70
81 66 67
22 90 48
94 8 47
87 79 27
36 14 48
16 91 11
22 39 37
83 94 63
19 76 81
60 49 33
55 26 45
78 16 55
92 63 67
14 95 38
47 66 18
50 93 37
54 51 73
79 64 8
40 23 50
4 87 26
2 28 53
31 19 99
95 42 29
91 35 21
75 32 63
28 84 64
72 27 27
22 89 5
60 21 66
84 21 19
79 93 53
39 81 41
33 84 21
82 13 80
12 0 62
47 96 16
62 12 29
67 43 63
99 21 77
56 87 5
12 99 33
8 67 93
46 17 40
58 23 76
49 71 38
24 70 12
24 20 24
62 17 59
66 59 85
27 8 94
4 50 10
66 61 40
67 20 94
62 20 80
11 45 71
91 66 39
88 38 88
14 51 62
95 86 52
65 32 18
24 76 8
28 97 17
90 46 1
63 79 52
20 64 30
15 57 67
31 13 28
10 73 91
18 17 12
61 48 22
29 24 61
13 83 54
19 99 22
44 42 82
13 20 37
76 45 43
58 85 14
84 37 28
73 0 29
50 16 82
39 30 2
59 19 96
67 64 85
73 68 59
81 9 79
53 24 24
6 93 63
52 63 70
29 71 69
27 32 16
93 20 41
20 88 84
91 28 56
47 21 56
35 61 41
34 22 23
9 13 97
31 66 38
79 20 49
73 63 93
45 52 65
30 56 73
47 30 74
23 65 45
72 32 100
25 46 42
27 4 4
6 81 98
1 47 95
48 29 30
81 11 9
25 19 34
0 55 66
38 57 34
54 44 26
73 16 64
67 63 42
30 56 29
25 58 16
1 41 26
75 4 93
40 32 43
44 53 75
69 66 54
22 97 38
90 68 95
31 45 44
4 58 68
96 48 68
29 49 80
46 86 5
18 45 33
5 72 24
52 58 29
9 20 67
86 48 88
69 61 40
32 21 62
35 95 65
6 56 55
14 41 17
47 2 3
52 23 47
72 27 4
42 2 95
3 19 100
70 6 50
72 70 61
58 21 45
55 63 34
79 36 73
12 59 42
24 21 9
10 80 98
22 72 81
43 30 39
42 17 28
99 70 8
8 50 23
59 70 31
85 74 19
49 37 68
39 75 32
34 90 12
99 91 8
30 32 1
69 57 55
85 71 68
31 84 27
92 69 2
15 80 19
89 33 40
34 30 53
21 78 63
1 75 83
74 46 99
52 41 75
80 69 77
62 45 2
13 35 55
11 75 1
62 91 74
37 95 88
81 6 57
33 93 42
13 91 15
87 11 87
82 18 72
77 56 81
1 22 39
88 38 96
67 26 44
51 95 34
17 88 13
9 99 37
6 24 92
28 44 75
70 9 27
0 69 44
35 17 33
5 28 22
67 38 47
23 52 79
42 54 62
64 12 66
55 60 32
63 32 15
58 99 19
45 54 86
92 19 85
21 34 87
15 41 50
28 65 70
80 36 8
48 55 37
35 30 44
56 1 26
31 41 15
30 99 20
21 36 59
52 27 25
74 78 32
24 75 14
87 38 13
54 10 91
67 92 4
20 36 85
75 71 55
36 63 100
54 66 58
98 13 5
45 39 77
79 63 12
78 4 49
80 11 88
23 76 90
76 47 37
89 99 97
55 0 78
14 70 28
74 3 2
12 68 18
48 8 35
39 2 89
69 85 76
85 91 10
43 67 37
62 25 54
38 20 19
8 67 68
27 42 78
45 4 55
40 32 51
62 16 33
51 67 80
59 31 58
11 18 24
55 77 61
62 27 82
55 19 49
26 70 71
88 50 36
60 9 24
29 43 93
50 71 47
48 8 51
26 27 51
46 59 64
42 76 68
6 53 43
18 71 4
30 38 59
5 79 40
94 73 91
51 91 98
29 67 55
77 32 94
72 39 82
80 83 57
49 41 45
70 73 6
70 52 57
91 81 68
23 83 32
59 91 75
35 57 96
88 24 54
5 70 98
38 91 1
83 51 48
47 16 55
98 84 92
28 70 58
42 69 94
54 43 73
7 14 5
50 11 13
70 96 15
93 95 33
46 53 37
3 41 12
50 57 40
41 3 89
26 49 98
26 69 95
3 91 1
67 24 1
70 31 8
63 66 66
57 19 5
18 7 19
68 57 94
90 80 12
64 26 68
82 39 17
95 9 98
0 60 78
11 87 44
9 85 70
38 7 49
4 46 56
94 59 36
3 10 20
3 43 64
6 74 75
68 93 11
17 66 29
55 39 95
18 20 84
59 35 45
74 11 76
36 65 27
3 14 20
52 30 47
11 29 95
13 54 88
31 51 21
3 78 8
73 96 88
55 47 82
44 6 12
75 16 78
94 52 97
29 85 92
61 82 14
44 21 87
37 9 69
22 61 63
31 58 6
54 48 66
67 19 13
47 42 57
58 3 69
54 18 25
43 4 3
55 16 46
8 73 29
29 1 52
68 13 7
56 13 4
22 42 59
53 36 21
58 65 100
56 53 71
31 88 100
31 95 54
23 5 86
64 67 25
66 9 67
94 72 60
34 40 71
5 8 4
47 35 61
38 66 6
19 55 39
57 77 88
2 36 58
14 44 58
89 53 8
18 13 48
40 41 28
49 54 97
21 17 83
50 24 49
50 45 10
24 76 14
74 29 5
43 59 3
40 87 88
97 20 25
51 15 95
61 13 26
19 73 30
67 28 9
73 91 93
94 20 40
79 26 63
53 33 56
98 31 18
55 81 44
97 40 35
17 95 60
12 32 54
25 52 78
25 70 89
50 77 23
98 59 56
31 33 30
41 40 52
47 27 60
86 52 7
41 76 96
90 84 88
40 59 37
59 31 3
47 13 58
27 66 29
39 95 49
6 68 28
65 40 17
92 73 100
43 34 50
73 20 44
55 87 67
83 1 38
5 50 64
3 66 68
82 3 6
63 45 79
84 17 13
47 96 42
13 80 78
7 70 80
31 99 93
44 64 81
65 6 16
90 58 68
2 37 46
30 72 84
87 68 78
26 87 32
50 32 54
92 37 16
85 39 43
46 88 86
70 93 97
38 77 98
17 53 24
13 29 10
68 76 90
22 72 10
27 64 90
48 59 53
52 24 43
2 56 51
33 19 72
28 34 90
35 32 48
64 13 88
64 20 33
50 84 54
76 12 44
39 83 31
78 32 95
92 96 88
73 82 54
18 16 76
79 64 38
9 12 50
3 50 56
7 58 29
59 4 83
37 13 35
19 69 23
59 50 17
48 97 2
31 44 22
32 43 51
97 68 16
45 0 83
96 17 44
45 38 70
25 6 22
11 47 38
1 60 91
4 48 31
34 88 44
8 93 13
81 48 87
62 43 46
12 17 61
12 23 14
85 45 86
59 40 51
37 28 24
79 25 43
72 6 99
86 61 4
58 99 60
17 78 17
59 52 91
85 81 63
46 22 81
80 15 55
54 34 45
98 31 84
83 13 9
8 83 80
90 76 20
14 98 22
93 87 72
78 37 99
28 8 95
52 63 33
52 54 88
47 16 31
83 1 30
71 40 72
87 71 94
28 29 86
58 16 32
5 66 89
95 91 3
58 6 88
39 92 29
4 3 45
97 36 30
15 18 33
48 33 1
66 83 99
28 27 55
93 88 48
68 53 11
60 81 61
35 67 76
8 75 100
18 39 61
5 75 32
87 23 77
40 4 48
38 83 9
8 73 78
78 70 58
78 14 7
29 43 25
40 49 65
31 96 98
71 82 23
21 24 46
55 56 55
17 1 57
15 49 20
92 52 41
7 60 45
65 17 55
80 62 14
98 95 91
32 29 93
70 36 80
77 85 27
15 30 58
38 88 40
62 98 22
67 3 77
31 64 45
14 39 81
61 43 48
46 26 93
78 65 61
28 95 66
92 33 48
96 60 54
59 37 55
15 18 26
89 0 26
62 51 61
40 17 63
73 33 60
79 62 100
1 24 42
13 5 78
81 69 86
98 55 53
11 25 77
49 82 97
79 86 74
31 97 29
82 47 88
11 83 55
59 13 70
94 64 56
92 1 37
37 56 40
23 84 78
56 62 68
99 67 79
51 26 81
24 57 80
81 26 18
17 30 24
76 66 51
80 51 16
48 67 60
16 96 39
25 4 60
21 32 59
65 20 64
40 33 69
53 89 65
41 19 51
12 43 88
17 72 54
52 46 10
86 19 88
15 50 86
16 57 10
55 17 1
9 38 33
87 35 2
78 96 1
74 50 97
25 56 57
16 48 11
17 0 66
88 12 26
42 92 70
43 74 3
26 3 99
68 46 34
91 8 81
30 84 53
48 8 54
89 73 28
60 38 20
42 39 56
12 19 8
20 18 1
0 67 44
9 51 47
14 52 30
28 26 9
89 80 86
91 37 44
63 59 47
75 57 100
50 76 90
91 95 48
24 49 8
59 3 45
39 23 52
55 9 92
84 36 75
91 97 4
32 6 63
65 69 98
90 85 15
32 98 51
24 86 34
35 41 39
43 90 33
17 83 96
98 10 29
3 51 96
37 82 90
18 33 34
28 51 24
15 87 51
61 31 45
81 53 92
71 53 99
72 91 47
59 15 42
12 9 93
95 16 49
6 90 69
72 87 38
12 95 79
5 34 95
74 65 18
45 1 56
50 40 71
2 32 53
97 59 20
12 46 84
95 80 75
23 31 17
18 55 97
46 0 74
20 63 25
37 93 73
99 50 60
27 48 81
64 86 6
38 49 100
53 16 59
19 68 78
58 35 64
54 16 52
62 74 49
2 80 92
31 94 75
40 19 87
17 66 34
7 86 49
56 32 12
73 7 99
33 75 24
79 57 64
52 63 29
78 75 50
90 8 5
64 31 85
10 1 78
70 60 19
78 10 64
54 71 63
2 72 70
27 93 58
56 93 88
33 86 76
15 30 72
67 55 82
20 72 41
60 24 11
41 89 60
63 34 77
14 35 45
38 56 24
44 18 98
44 50 91
72 70 3
11 62 29
78 42 55
30 93 100
20 29 4
9 19 62
13 24 87
25 61 92
22 76 26
4 75 81
25 49 47
39 22 36
84 87 75
47 5 36
2 54 23
88 43 58
92 50 13
48 19 92
93 12 48
2 90 58
59 22 45
71 8 63
13 65 53
57 62 88
5 82 62
97 8 15
69 13 72
51 40 79
64 33 12
44 63 98
97 56 85
25 6 8
21 74 48
59 7 38
43 11 46
21 12 53
25 59 21
38 64 73
80 97 6
72 20 6
70 64 78
96 66 6
87 98 56
8 18 5
52 47 98
94 91 35
98 88 99
67 53 93
79 48 48
73 42 96
15 83 32
20 50 64
62 71 21
96 0 49
15 84 48
51 63 14
29 74 64
75 22 52
96 78 85
89 43 38
0 70 39
35 4 66
88 36 84
89 17 1
62 18 16
3 81 51
14 59 82
69 55 43
37 86 61
69 59 42
72 91 8
73 78 34
63 27 4
34 74 14
54 18 48
26 77 45
65 19 67
13 45 20
87 81 17
40 42 13
76 9 9
98 94 26
30 48 67
61 88 12
78 91 59
31 60 20
92 89 49
50 58 51
79 3 98
12 70 3
74 12 7
1 84 99
21 61 49
20 91 94
42 70 21
33 54 48
81 74 75
9 69 41
59 11 34
10 99 41
24 75 52
48 27 21
33 27 30
97 93 7
91 53 33
35 39 30
18 37 39
95 84 89
0 61 68
80 96 65
63 93 20
74 13 34
83 82 46
9 29 93
78 58 54
12 9 76
47 29 91
87 62 10
22 74 99
51 75 69
17 24 51
50 74 63
99 10 91
75 16 46
78 86 44
40 67 54
10 57 38
80 73 17
26 98 40
94 23 43
42 85 69
95 46 87
17 89 37
16 65 21
52 78 80
83 62 50
33 92 58
56 97 52
18 69 9
32 3 78
33 61 82
15 27 6
97 57 52
68 99 57
8 89 70
99 49 4
38 49 30
51 42 73
62 73 84
85 48 50
6 70 31
58 76 18
96 59 62
80 76 31
42 46 7
31 91 18
58 37 69
83 21 61
45 50 45
67 53 71
50 72 61
29 10 16
22 25 9
72 44 11
64 5 70
42 60 37
62 79 93
37 95 2
61 5 31
29 44 73
3 70 79
69 53 96
95 76 100
21 42 100
8 27 93
74 93 61
26 74 35
42 95 30
32 9 84
84 33 55
77 89 23
70 59 21
29 47 48
90 64 56
92 66 8
84 23 90
46 40 61
12 87 2
1 39 39
17 37 37
2 44 16
70 65 36
82 66 50
6 97 6
53 32 5
63 89 74
65 59 66
90 34 27
84 64 19
27 16 26
5 64 20
79 70 24
91 22 56
59 18 86
37 48 56
86 28 68
87 77 90
83 72 26
92 59 52
67 48 93
48 38 42
31 87 26
23 38 12
64 30 17
33 17 94
9 66 67
32 52 31
51 83 49
42 93 89
50 9 95
12 73 48
81 51 86
47 87 20
82 31 93
32 53 31
20 34 38
30 50 87
40 15 19
62 77 94
78 76 55
86 35 32
22 8 28
43 1 7
83 99 33
77 24 97
0 35 56
80 81 77
69 32 88
6 93 12
13 59 98
93 14 38
49 65 57
42 54 81
93 81 55
14 8 43
30 51 19
89 45 27
35 26 94
54 2 3
65 14 27
78 12 76
66 47 65
70 7 18
99 79 52
84 96 91
82 44 84
84 2 45
83 86 61
15 45 59
0 77 94
48 62 14
25 1 11
44 33 99
7 17 63
51 2 67
88 62 75
64 68 24
88 48 65
99 51 1
9 15 23
0 22 28
82 80 67
11 83 24
8 60 85
66 88 57
23 1 72
69 15 64
19 21 49
84 37 25
22 63 61
50 66 19
79 12 43
52 4 78
0 9 13
66 81 2
59 99 5
34 60 5
34 68 99
74 51 86
81 59 72
22 64 74
70 17 54
22 5 40
64 88 18
34 93 47
99 28 65
39 11 85
99 28 72
79 11 9
64 2 10
14 35 32
68 16 66
74 99 52
1 67 81
4 11 38
73 34 59
45 64 54
84 5 71
3 62 97
72 77 16
36 89 100
74 4 45
73 80 69
30 46 17
30 2 33
9 51 6
16 6 52
29 96 90
93 78 67
55 72 16
73 69 88
44 96 32
28 96 92
1 72 35
90 15 23
53 44 60
51 12 78
90 10 46
20 80 67
93 89 50
81 2 36
76 94 27
94 84 76
52 39 15
34 62 50
17 74 93
80 97 80
7 37 97
50 78 51
28 26 20
96 5 14
28 91 68
26 4 74
63 77 17
19 78 66
18 57 97
91 17 26
84 52 10
24 98 49
6 13 31
98 76 16
39 30 5
30 51 96
42 81 22
99 80 36
66 59 92
22 63 19
99 63 86
35 34 5
2 11 63
84 17 99
70 30 19
72 11 27
0 83 19
9 12 17
78 89 86
33 64 89
67 45 34
82 92 89
79 32 55
39 12 97
64 52 93
68 73 24
18 26 88
75 27 66
71 92 29
87 37 92
58 38 49
97 55 75
10 66 83
40 99 29
92 2 72
28 43 56
89 48 89
38 9 1
26 47 3
80 78 25
3 46 47
60 33 95
13 18 4
29 97 99
77 40 21
44 65 75
61 8 60
1 21 16
5 99 39
36 24 13
15 57 76
33 84 86
82 23 58
98 30 79
27 3 17
14 15 73
87 91 81
67 92 90
43 83 94
94 90 37
94 45 28
89 4 34
83 66 28
98 48 95
0 89 24
94 0 82
90 93 5
47 10 88
99 80 42
77 9 70
47 31 39
25 67 9
23 89 90
51 84 55
96 75 85
81 90 43
50 51 64
15 22 46
52 2 12
82 28 46
39 83 99
60 98 54
98 71 84
46 9 29
58 75 21
24 31 99
0 10 21
51 14 56
71 85 11
66 70 88
14 0 78
45 1 29
68 53 86
53 62 72
42 76 69
65 17 58
17 26 92
52 37 3
64 83 65
4 16 21
3 95 70
71 87 22
95 2 87
71 46 87
53 42 53
85 32 75
31 9 3
82 41 6
65 75 35
79 74 67
19 91 78
25 4 23
19 78 54
95 30 10
38 83 40
55 45 68
24 35 50
25 20 42
7 47 27
58 66 64
30 40 82
97 19 95
45 38 13
84 73 100
42 69 71
30 86 43
96 9 90
57 47 39
32 54 60
6 10 59
22 23 54
73 44 53
28 18 38
67 52 40
5 19 44
2 97 48
62 80 89
48 19 77
29 31 26
79 43 92
8 16 93
26 46 56
49 22 94
24 39 73
55 82 24
17 87 31
51 30 55
7 71 83
74 46 89
62 76 40
52 28 97
74 80 42
50 45 77
62 64 81
55 30 35
79 48 28
40 93 81
82 30 33
99 53 55
21 71 57
56 77 35
11 86 80
16 44 53
50 12 29
2 43 59
49 5 78
7 60 65
71 77 33
11 94 66
15 19 26
30 72 71
87 28 72
26 5 55
98 33 48
3 8 32
1 7 25
47 14 25
45 21 86
51 89 48
68 94 50
29 73 56
25 51 21
44 76 29
58 20 65
93 99 16
79 0 95
32 69 43
91 31 74
79 4 66
55 66 80
73 69 26
97 33 47
95 68 31
0 96 43
25 30 95
17 15 83
10 67 69
98 35 68
73 38 68
7 95 35
50 21 73
21 94 18
81 76 50
45 46 12
62 68 55
14 99 1
22 57 20
75 6 7
28 10 91
51 65 13
17 13 24
0 14 32
29 60 53
34 54 7
39 74 76
75 5 65
10 55 43
17 57 64
50 2 84
47 19 43
66 8 78
21 39 5
49 26 39
74 54 6
8 65 95
7 79 72
77 45 75
74 11 34
34 30 30
51 55 69
66 31 27
73 32 84
87 68 55
87 22 18
97 16 88
5 21 6
88 95 18
86 3 15
34 12 30
41 5 40
98 57 69
66 91 82
8 40 48
48 53 81
69 17 12
80 94 84
0 16 12
37 74 62
31 56 81
29 68 30
56 28 98
94 89 75
75 86 86
31 81 9
34 91 52
87 13 77
40 13 29
19 10 36
42 40 58
77 12 2
91 47 66
81 18 64
20 43 22
82 34 80
72 55 16
39 47 56
46 26 79
43 93 59
66 3 9
48 86 53
37 30 25
6 21 78
79 92 42
90 83 85
91 75 40
98 37 23
36 97 14
49 14 72
84 85 13
19 48 31
37 17 82
0 26 70
7 49 85
28 50 67
90 96 41
35 92 23
68 40 92
67 88 51
89 5 17
95 77 69
22 54 69
65 3 52
79 25 29
91 65 92
50 31 18
86 88 89
97 87 19
88 95 84
56 68 50
75 5 66
72 48 11
92 65 64
43 94 88
91 60 50
50 86 75
27 5 46
76 81 85
76 81 8
48 23 37
43 47 80
84 95 87
56 27 50
22 75 58
30 75 34
70 22 60
68 4 13
14 55 53
34 15 2
12 68 17
97 46 48
40 37 97
64 78 53
75 63 30
82 90 95
67 68 60
2 60 7
50 18 96
54 56 8
52 34 37
41 8 71
8 64 19
31 57 30
9 40 53
92 12 17
45 51 87
88 56 87
33 11 5
35 4 77
71 20 55
16 11 65
43 54 52
54 91 89
51 98 75
56 10 35
6 55 24
57 84 10
27 68 23
0 68 86
90 27 79
49 60 32
31 57 4
13 11 71
37 13 84
82 66 1
63 75 83
77 54 80
82 55 17
10 99 52
96 1 58
88 85 52
96 54 5
61 20 83
63 47 23
84 64 35
84 63 94
94 66 83
40 34 9
6 37 40
84 47 88
94 64 16
56 33 22
85 40 33
59 55 66
0 73 2
10 14 2
47 10 53
1 49 85
42 73 78
16 66 50
69 33 62
12 88 76
94 11 34
69 78 64
19 75 48
77 19 27
89 88 31
60 91 68
98 51 15
58 30 51
98 38 20
99 41 37
91 33 17
61 41 11
66 21 18
82 76 45
30 42 9
22 25 32
65 71 15
48 95 47
95 7 5
43 49 33
56 5 77
79 67 50
81 12 50
81 31 67
9 13 44
44 7 56
85 69 93
71 16 92
37 50 39
50 33 14
66 56 57
38 95 38
5 82 15
1 70 35
99 10 48
55 65 61
57 90 1
76 62 3
21 0 92
37 33 10
42 82 51
8 93 93
35 19 16
92 27 76
90 60 35
99 11 21
4 76 76
99 55 30
38 32 21
60 18 13
85 98 14
95 82 100
65 50 23
24 70 52
53 61 94
32 68 34
68 95 58
22 33 33
94 88 54
93 61 82
54 42 3
18 84 25
97 65 6
25 58 79
33 63 40
48 67 79
49 44 51
40 7 27
30 54 82
93 13 22
13 14 91
24 68 90
78 62 8
6 80 45
49 7 41
72 17 80
91 5 58
52 73 36
83 2 8
59 52 44
31 32 56
68 71 66
15 46 37
75 25 52
8 64 98
51 71 51
76 10 30
50 32 33
65 24 65
96 95 36
62 44 25
94 56 30
41 46 56
46 96 18
19 7 91
29 51 21
46 29 13
93 23 13
22 1 27
6 39 12
31 53 90
22 79 4
3 40 12
3 52 35
91 82 36
14 78 83
15 16 70
49 7 6
63 20 72
15 97 56
75 7 64
86 95 78
56 47 37
17 42 80
49 95 79
55 67 49
75 83 54
29 37 15
31 21 43
57 10 3
81 34 89
17 91 14
94 59 48
62 4 50
77 62 57
56 84 46
23 94 47
37 65 86
1 8 49
69 35 89
73 2 95
47 19 37
18 35 45
10 64 49
70 59 3
81 59 80
5 70 79
83 14 73
15 12 98
99 77 91
35 0 55
18 84 32
99 36 62
59 50 44
44 66 36
15 46 85
79 34 94
48 64 12
92 19 15
64 73 93
94 22 35
66 2 20
47 36 2
2 71 3
1 86 22
82 62 2
76 94 26
15 68 39
18 15 77
50 60 8
37 89 85
39 67 2
9 65 24
99 7 33
38 60 8
55 89 70
79 30 15
24 99 3
63 31 56
10 62 84
43 30 98
59 86 74
87 94 37
48 9 49
16 76 80
36 85 14
63 43 72
69 49 38
62 21 77
57 84 17
17 63 94
5 90 15
97 78 55
41 17 4
15 7 27
30 61 59
26 71 94
93 14 45
54 86 47
89 7 29
34 42 81
4 12 23
99 16 41
63 5 69
47 19 81
29 56 47
91 28 85
21 65 51
78 9 11
23 22 66
8 27 35
24 14 42
78 75 25
79 18 84
10 75 73
8 27 86
36 23 80
94 4 39
36 13 56
37 18 2
93 72 55
26 2 45
65 88 93
20 26 68
81 34 78
13 14 95
37 3 86
15 93 8
1 56 88
82 75 4
13 7 80
34 68 73
46 2 100
57 2 74
30 23 45
15 46 23
1 6 21
71 88 24
73 93 14
64 78 83
17 12 84
23 67 3
82 4 18
43 60 61
43 54 56
79 91 29
9 40 75
73 60 12
47 44 83
66 40 50
57 31 53
14 51 76
80 40 24
86 94 44
81 2 53
96 64 31
22 96 37
72 48 46
98 40 43
2 44 90
29 56 34
29 71 9
21 49 65
9 67 92
1 15 57
3 94 59
82 58 36
21 9 38
30 74 38
83 89 59
25 77 81
95 20 100
71 58 16
29 3 92
99 72 83
12 17 1
27 50 37
37 11 80
93 63 7
90 94 43
28 65 91
52 57 61
66 2 53
15 26 38
64 21 7
11 56 90
35 65 54
22 50 91
61 8 17
25 7 72
17 23 32
94 75 1
29 89 71
32 62 56
46 43 23
67 21 67
35 79 25
94 71 41
0 50 4
81 82 25
34 39 30
97 45 95
8 6 68
76 84 93
4 79 20
60 38 26
43 17 2
58 2 71
25 83 100
83 35 50
87 80 42
32 14 10
34 8 86
90 74 92
1 26 3
3 37 57
53 51 17
18 96 50
62 22 81
34 67 49
17 82 56
97 90 33
13 17 81
65 21 93
84 29 33
27 34 59
28 11 73
69 81 76
60 85 93
62 34 96
47 73 47
76 94 52
71 17 22
15 33 29
70 75 29
53 61 59
18 72 17
53 54 48
37 7 48
65 70 18
93 23 68
26 80 5
29 74 66
90 63 22
70 11 97
75 65 42
19 14 16
4 17 56
10 81 55
39 45 20
2 56 9
40 24 54
5 8 25
50 86 34
79 26 68
11 67 92
16 24 88
0 84 87
48 23 21
40 1 61
99 58 62
55 47 62
6 74 97
88 4 64
58 33 54
89 98 4
20 78 23
25 28 83
50 40 75
98 50 64
3 84 53
16 24 83
48 30 50
26 53 39
29 22 85
11 56 54
75 84 72
18 27 73
44 0 79
84 70 13
56 73 37
65 27 5
83 97 51
80 4 49
71 40 31
69 0 91
52 84 32
32 39 62
43 93 44
60 27 21
98 42 7
38 77 88
21 34 63
25 73 95
39 9 87
32 13 51
21 75 15
19 86 45
57 54 18
37 99 69
70 45 77
15 69 76
89 95 14
97 16 41
17 53 67
25 95 64
60 68 78
68 5 3
59 0 46
82 63 33
18 84 87
3 81 68
31 39 69
21 57 48
35 12 87
88 57 85
66 93 77
82 83 9
13 88 31
28 63 80
52 20 64
26 81 39
97 50 42
10 38 98
93 34 18
64 12 40
73 17 27
70 40 64
47 52 76
50 89 13
86 18 53
96 75 53
79 50 64
4 44 22
24 18 7
11 95 69
3 43 98
13 60 11
82 0 34
63 33 37
17 3 24
16 15 54
97 34 38
55 88 14
62 27 66
1 39 35
84 33 20
84 94 44
55 45 13
94 45 7
22 37 90
63 26 57
85 53 66
73 26 42
16 34 38
17 53 83
69 23 39
25 48 89
38 76 29
42 99 51
55 43 72
66 74 7
7 98 44
36 79 86
59 23 4
1 27 63
76 0 25
34 67 59
42 9 100
4 90 16
87 91 80
85 73 71
31 94 11
38 51 57
51 42 65
63 93 73
34 11 64
88 71 36
24 34 54
79 92 43
98 78 4
84 29 42
37 38 98
13 74 61
90 28 91
95 48 16
53 82 65
83 45 50
98 38 49
63 1 30
6 19 44
33 16 88
65 38 8
66 3 61
52 85 45
17 47 18
28 9 78
39 11 79
86 76 4
91 69 9
14 91 85
75 22 51
34 56 36
29 45 19
63 56 77
75 25 66
11 20 44
39 71 92
9 65 52
65 39 78
33 77 14
18 26 38
98 78 2
57 43 10
5 21 18
15 30 17
61 48 66
11 29 47
19 75 33
27 3 73
16 18 86
91 72 26
60 78 45
57 77 28
25 86 63
72 62 63
57 67 42
73 28 84
80 74 40
33 95 70
94 60 3
88 13 85
16 9 24
42 76 60
77 55 94
65 20 47
13 88 39
40 7 9
31 51 14
35 9 24
1 10 90
2 88 38
1 94 99
77 57 41
17 16 92
12 91 18
92 80 88
47 5 84
0 1 56
56 35 82
82 92 61
22 66 6
43 59 65
80 12 26
37 85 64
92 57 79
68 19 50
74 40 59
62 9 26
30 66 91
55 68 27
84 27 51
59 94 43
83 72 31
91 10 85
89 51 100
15 45 59
38 95 36
83 88 98
20 88 29
15 65 97
71 13 24
70 85 85
93 90 18
99 48 81
11 76 80
61 32 84
25 90 83
14 57 18
3 9 31
19 81 24
52 0 69
2 22 81
20 47 22
95 89 78
74 49 9
56 64 5
13 83 40
37 32 36
61 65 30
71 78 37
56 40 92
91 37 56
27 35 59
90 27 100
7 88 93
88 42 61
92 93 17
4 41 58
59 21 95
7 44 4
44 9 67
88 4 83
56 34 33
2 43 17
67 37 23
66 75 84
29 13 59
55 71 87
49 31 13
88 30 93
34 37 13
76 38 75
61 76 96
19 20 66
64 10 65
51 4 29
46 28 69
86 19 20
80 49 3
68 38 26
74 4 25
93 14 40
28 43 32
30 19 77
35 32 57
74 99 14
8 10 46
13 63 28
99 16 37
24 52 75
89 11 30
62 70 39
3 68 18
98 21 97
40 39 86
15 92 75
24 16 18
4 20 9
10 96 6
75 23 22
71 47 95
42 60 72
24 21 27
97 5 52
44 81 7
85 14 35
23 46 64
88 32 86
43 64 23
34 22 92
17 46 21
61 72 75
79 7 35
26 46 18
14 58 41
93 69 79
59 57 46
4 3 97
26 67 83
8 71 21
37 57 51
56 25 47
64 52 14
52 75 57
57 3 63
32 64 94
17 22 31
60 31 75
28 80 38
4 82 27
88 78 84
4 94 15
84 52 58
51 43 66
5 49 43
13 89 21
77 41 55
96 21 64
16 63 9
10 54 29
98 5 14
69 4 46
8 38 29
53 23 92
53 96 36
43 46 3
86 30 64
40 24 35
43 94 78
15 5 20
13 65 50
88 47 69
0 83 91
34 45 89
99 81 67
1 60 56
7 97 10
18 45 36
94 22 97
85 1 56
7 45 95
9 69 42
89 51 99
51 55 36
79 52 38
67 55 90
33 49 88
72 75 18
20 53 91
85 48 42
88 58 20
4 49 62
82 15 84
94 39 74
62 80 91
63 35 84
95 60 88
4 40 11
39 82 57
95 18 99
20 24 8
60 33 88
93 69 7
82 50 95
50 20 73
35 71 73
7 85 89
49 80 47
84 7 19
73 96 33
11 95 19
95 86 55
1 19 13
53 62 59
37 54 34
20 53 59
92 71 70
92 16 97
77 1 63
83 15 74
37 1 83
20 90 96
63 50 45
9 21 44
63 45 31
21 14 59
62 3 72
4 79 32
30 74 34
59 34 11
27 51 26
17 60 70
66 76 56
85 40 28
60 28 58
65 51 42
42 65 12
51 46 25
1 83 64
71 16 54
24 92 98
9 41 53
60 53 34
53 46 91
82 19 84
77 12 58
95 51 24
23 81 65
43 86 76
45 58 88
93 77 26
0 10 53
49 25 17
72 52 94
69 24 61
74 98 75
72 82 97
0 70 76
91 59 91
9 15 81
72 20 12
16 17 84
84 68 57
99 26 63
80 64 8
96 94 3
76 19 34
80 46 28
82 35 95
38 47 54
44 58 49
9 87 50
0 88 62
16 54 79
79 56 56
15 28 14
21 84 100
48 71 90
79 5 89
86 2 32
90 91 27
40 43 18
33 0 47
31 37 66
44 98 28
84 3 14
80 33 14
68 49 99
42 75 22
6 7 68
19 88 84
99 30 63
60 46 29
69 99 42
66 91 71
66 34 85
78 27 61
37 25 79
31 88 75
98 92 26
16 72 49
35 6 32
91 67 5
14 98 25
67 53 99
93 99 56
7 95 23
80 67 97
33 73 98
98 83 30
90 59 87
55 11 48
91 30 86
68 2 43
25 82 67
20 88 25
39 42 52
29 5 69
37 60 79
83 34 73
25 72 30
24 14 3
94 44 31
45 77 81
99 86 35
33 1 78
93 19 28
5 74 80
93 56 84
58 20 76
63 74 90
76 48 76
87 63 11
87 3 55
29 44 7
58 60 68
50 24 80
11 95 22
0 35 38
67 28 42
90 92 66
44 9 41
35 41 87
7 86 3
98 0 64
24 80 91
73 47 35
58 84 73
42 54 38
51 44 26
72 7 6
4 41 76
70 37 72
26 27 83
48 67 72
12 55 41
13 10 56
69 58 35
32 54 62
64 96 62
84 63 57
73 28 54
66 37 94
6 31 46
73 32 3
1 59 6
23 75 37
82 23 38
92 61 94
16 7 92
82 59 93
57 30 51
0 16 35
32 0 72
3 83 57
57 17 41
48 0 50
77 57 31
49 8 30
86 65 28
17 63 80
68 40 71
92 0 1
61 79 72
72 33 36
80 21 33
37 8 76
92 40 77
93 57 89
8 6 11
35 14 19
44 39 74
95 10 83
40 37 33
47 98 27
31 80 28
4 67 94
17 28 78
45 34 41
25 10 84
77 91 64
54 59 86
89 40 40
65 82 38
34 21 87
49 40 86
65 53 53
40 71 77
68 20 63
80 41 49
61 92 61
88 62 32
63 76 87
14 39 93
34 0 13
60 62 30
92 82 83
78 29 98
59 61 1
5 37 94
15 2 8
25 30 28
56 99 96
30 96 60
35 57 70
39 57 58
89 8 33
84 5 58
40 96 53
29 82 7
2 51 84
25 56 95
75 74 8
35 19 34
25 35 98
36 79 79
11 60 29
62 40 99
39 94 100
23 58 15
21 55 28
12 22 82
47 21 8
84 57 55
20 3 30
51 38 2
91 97 13
7 88 93
20 72 61
40 16 49
57 53 90
74 31 16
61 59 26
72 13 40
53 16 84
11 64 12
38 46 50
73 54 79
64 20 13
50 91 49
48 89 54
19 43 87
83 53 21
63 73 10
5 74 54
58 98 3
6 15 75
75 84 11
71 76 77
69 49 10
41 97 48
15 14 27
3 88 20
57 39 30
14 54 61
22 38 57
26 72 53
43 62 27
25 3 54
91 41 19
19 72 2
72 45 87
45 52 36
10 94 97
57 65 67
14 73 78
31 33 63
33 20 24
25 57 77
20 93 58
13 29 66
63 29 65
29 90 62
20 85 35
13 41 29
14 72 89
5 85 66
50 32 61
52 27 8
27 60 27
83 47 35
9 7 68
82 78 6
54 82 2
21 52 85
5 86 95
9 38 12
77 84 79
19 71 20
43 89 53
46 17 60
48 67 62
22 51 60
41 0 96
0 17 19
18 66 48
5 11 48
23 2 84
25 6 33
29 71 83
9 22 13
17 33 89
63 61 16
90 97 54
47 83 17
14 88 29
51 1 13
71 26 71
43 65 64
51 91 100
10 57 8
96 73 16
81 34 37
47 60 10
26 80 36
78 72 88
2 16 34
50 90 7
23 60 85
51 84 55
67 4 59
8 14 17
99 36 35
22 32 97
12 21 18
15 17 77
45 5 12
26 96 17
75 7 87
44 69 47
22 23 3
80 33 32
95 85 91
56 72 48
32 21 17
18 15 60
51 88 44
53 40 51
54 20 63
28 88 16
43 48 95
52 85 41
32 73 38
46 12 70
57 1 74
82 57 15
20 45 88
70 99 75
77 94 81
62 96 41
17 16 11
85 50 44
19 56 99
94 61 29
43 53 40
48 74 29
30 94 21
34 68 50
68 52 46
27 30 59
7 55 84
23 37 71
91 72 97
57 76 59
31 19 30
21 81 57
91 74 6
0 19 42
94 63 76
60 61 24
59 11 49
53 69 33
61 30 90
9 20 26
37 30 51
38 88 50
23 1 30
64 71 49
29 12 54
7 67 33
72 30 6
46 24 87
80 0 18
2 51 73
44 94 26
93 7 10
41 0 26
67 0 27
67 77 43
29 66 50
17 7 73
43 79 36
70 22 87
38 67 75
99 86 87
2 77 4
9 5 21
28 96 75
78 81 11
52 94 91
47 65 85
90 42 80
84 82 31
65 87 51
97 57 81
43 80 100
76 92 14
69 9 68
6 34 6
64 28 33
56 95 27
31 76 91
45 65 71
39 20 1
13 1 80
99 97 12
45 39 23
81 39 76
80 22 90
99 49 72
84 82 91
14 98 84
18 88 16
98 15 50
52 9 40
94 46 42
76 25 37
0 76 54
3 56 46
41 68 82
85 70 72
33 2 58
63 33 26
56 13 34
28 73 40
45 78 2
58 71 100
98 84 37
38 84 97
30 48 12
19 72 62
10 17 59
81 33 66
69 77 17
82 67 82
11 52 73
58 63 89
15 22 75
89 46 92
67 33 93
18 25 91
82 37 2
35 14 13
95 47 67
68 8 87
95 70 19
21 86 93
53 84 6
15 93 88
29 39 49
87 12 83
38 31 55
45 72 50
28 33 8
39 77 25
55 23 57
39 96 33
48 86 98
42 75 21
54 66 59
25 12 44
2 21 57
49 59 43
62 97 51
47 58 24
61 53 41
56 68 11
92 13 81
68 16 30
27 20 48
53 7 30
0 93 40
53 19 88
68 79 2
79 45 34
70 30 20
73 56 6
17 95 28
57 55 96
36 29 51
55 43 1
10 43 38
34 37 18
32 61 54
50 41 70
53 37 29
93 46 62
23 90 88
55 22 56
16 43 48
34 32 42
32 57 50
46 38 25
34 13 74
96 47 48
51 66 3
31 16 7
70 92 49
50 44 1
43 83 48
48 65 93
1 70 30
71 96 36
48 40 32
85 36 56
40 11 56
74 92 26
39 73 64
39 43 36
58 64 85
62 68 10
67 74 33
86 10 92
81 5 27
30 92 18
3 71 15
30 60 33
94 28 40
64 70 23
5 95 96
86 95 96
60 99 5
22 78 32
3 2 18
93 96 42
96 71 78
28 15 15
21 41 50
38 54 69
66 23 42
86 17 4
14 97 74
70 95 65
4 19 15
15 36 96
20 2 78
59 75 85
55 98 70
31 86 97
35 30 70
40 84 41
43 97 15
72 85 84
39 50 73
25 58 35
12 11 10
79 60 85
10 3 98
29 70 15
20 68 71
44 51 65
54 48 41
58 40 89
81 2 35
7 45 85
68 99 66
0 88 73
75 69 34
41 36 80
19 62 22
70 82 27
47 36 98
47 63 49
21 52 98
13 91 40
22 45 71
26 78 77
68 85 1
19 45 74
29 76 26
15 91 54
95 79 15
40 62 69
62 18 77
65 84 54
99 71 84
82 52 95
7 37 13
34 85 2
20 68 8
40 25 14
32 65 98
47 63 8
73 2 88
13 82 28
10 90 31
9 68 56
44 54 50
31 7 9
99 40 6
79 51 5
37 78 59
29 4 76
31 34 100
80 76 26
10 33 65
92 47 66
51 48 93
44 46 27
17 60 87
45 42 29
53 69 82
71 18 91
96 17 60
32 18 33
12 71 50
50 74 49
23 47 55
39 41 8
25 5 100
21 77 50
41 19 51
54 19 34
66 4 4
34 42 53
24 63 12
75 84 16
82 36 36
64 60 70
56 83 11
95 72 3
45 86 79
32 33 69
46 22 53
44 43 67
30 34 80
12 96 55
21 92 91
94 50 82
27 79 54
51 13 47
58 49 70
87 66 38
64 99 91
17 63 33
90 8 98
74 33 22
96 59 47
56 0 3
25 30 77
28 3 37
62 16 14
97 1 74
25 1 74
99 32 74
84 94 97
68 76 44
12 53 31
50 19 9
90 18 75
91 25 21
15 65 25
38 51 27
6 2 40
78 14 25
34 24 51
82 62 68
88 87 39
72 51 80
6 71 83
24 43 6
29 8 30
27 5 44
57 56 20
4 79 98
49 53 3
13 21 4
80 77 100
96 22 63
90 71 2
94 66 79
30 58 86
87 80 82
23 53 73
3 41 12
22 77 76
27 95 33
2 28 7
5 46 52
73 83 80
4 72 53
19 33 66
91 12 62
77 40 93
74 75 44
87 53 56
22 36 99
57 25 66
96 23 12
41 51 34
31 67 14
16 42 90
96 43 54
35 18 52
75 42 64
38 32 79
48 47 26
80 53 21
11 20 41
24 97 24
98 27 3
57 15 30
92 48 55
40 42 57
59 32 64
74 0 70
38 80 12
14 78 40
58 52 61
65 38 22
84 58 83
48 28 47
68 79 86
44 46 74
79 22 88
74 12 6
29 36 34
4 78 24
40 21 12
49 47 57
49 13 47
29 24 92
85 33 20
5 33 9
65 64 6
14 10 14
53 65 62
39 81 28
58 67 37
73 89 17
4 89 94
35 79 97
24 73 31
96 8 94
94 83 48
86 63 5
94 30 72
29 35 51
44 22 15
89 33 25
76 63 78
75 72 28
38 73 92
8 90 81
80 33 97
16 93 37
66 82 54
56 42 74
87 68 37
98 79 89
27 39 42
24 32 39
15 92 5
9 48 7
92 50 69
52 96 12
22 69 38
71 34 12
80 77 8
99 65 40
32 44 14
28 55 28
88 62 59
85 58 19
72 55 34
58 25 35
12 73 87
71 59 56
52 50 1
16 15 68
42 95 47
86 29 58
86 12 15
96 65 33
92 77 38
40 36 33
46 80 26
30 33 13
61 19 13
74 26 77
63 93 61
24 32 83
80 98 47
3 9 31
7 65 7
46 13 12
65 9 94
98 64 51
44 18 11
66 41 39
85 27 96
39 62 87
20 59 67
17 32 10
49 6 74
53 28 13
95 1 6
96 11 32
31 80 50
32 15 21
48 83 71
62 4 67
21 31 87
5 79 82
54 76 72
88 18 100
54 76 24
26 47 54
71 4 100
82 30 46
59 22 6
60 2 9
0 30 57
37 8 94
27 1 19
73 38 63
87 24 49
82 29 4
84 17 60
40 31 75
34 19 31
2 24 67
43 79 34
72 51 28
64 23 99
26 83 77
71 58 13
44 82 23
38 34 16
42 0 9
89 81 26
53 93 91
80 76 39
61 42 19
71 86 43
14 12 61
69 74 82
39 5 35
67 48 97
69 77 27
13 39 93
94 71 20
47 2 34
43 87 52
79 90 72
1 4 55
60 2 6
85 48 67
25 42 42
83 33 87
52 61 60
18 83 40
84 85 34
28 89 91
46 61 33
78 68 25
32 36 93
61 53 91
21 37 17
98 34 93
28 82 28
62 30 46
48 26 18
2 30 43
90 18 24
30 74 49
89 43 39
72 70 19
95 86 8
38 48 48
43 31 10
6 75 25
58 79 70
52 61 29
82 95 74
10 38 61
43 50 39
11 15 90
40 78 86
31 15 38
55 99 41
76 60 81
83 18 83
92 52 14
91 18 95
4 1 92
78 49 66
90 92 15
95 32 65
40 21 39
16 68 99
2 42 71
21 86 1
41 35 66
91 57 86
52 85 12
3 5 38
50 47 43
66 83 95
76 15 68
18 52 95
25 64 68
95 3 86
71 36 24
32 89 84
67 55 83
56 94 92
19 73 83
17 88 2
79 27 51
41 98 10
59 62 40
78 39 93
9 39 19
90 39 35
49 0 25
23 68 95
93 80 26
60 27 48
10 16 93
99 73 27
66 12 54
19 15 29
89 4 46
98 13 12
17 1 86
58 56 27
62 20 35
55 48 25
39 42 35
63 73 59
50 94 36
48 16 79
11 29 35
69 90 53
31 98 11
84 68 42
63 25 61
64 87 25
0 42 88
40 87 16
42 3 29
89 16 47
22 74 6
14 78 31
36 59 33
5 8 4
68 80 80
94 9 52
58 60 55
39 75 66
51 16 28
68 6 84
85 90 12
77 59 37
94 91 12
27 44 59
37 9 74
4 52 21
44 30 47
77 28 19
34 99 13
45 17 23
3 30 30
11 74 22
27 40 88
90 87 7
78 6 19
23 39 45
31 91 94
68 70 29
78 37 96
77 19 59
25 59 31
58 91 31
71 19 40
79 19 47
96 23 12
80 12 46
25 59 90
42 11 76
36 94 18
72 60 55
42 26 46
53 26 26
49 0 99
71 52 84
33 58 9
90 79 60
41 52 39
29 95 69
96 64 7
30 40 36
6 8 14
41 3 59
76 12 93
23 90 15
88 79 98
89 92 72
58 50 26
25 97 48
25 89 54
39 17 100
98 31 58
50 80 55
39 98 87
85 90 33
0 85 20
92 16 67
63 43 11
30 37 31
71 40 49
74 81 64
28 23 78
38 57 66
19 62 1
62 37 63
30 74 48
51 36 13
83 78 66
42 25 68
24 8 97
63 22 83
0 69 53
36 99 75
86 32 55
32 90 97
61 57 65
49 75 83
16 55 74
27 94 76
98 16 52
99 0 76
64 1 31
44 80 9
1 22 49
60 18 66
26 85 59
77 4 87
49 23 59
83 24 31
50 38 91
18 61 76
79 33 52
28 24 23
73 61 12
18 3 48
66 81 5
76 51 44
38 44 4
97 43 44
86 64 6
39 20 58
75 20 33
30 33 28
17 0 44
52 41 3
59 68 4
15 79 48
97 73 2
35 80 35
94 35 10
44 39 80
36 80 98
65 8 92
51 56 90
37 9 62
98 63 29
28 39 13
16 89 85
73 39 49
73 71 77
30 82 27
0 54 55
36 6 25
99 14 55
49 20 92
43 32 4
59 86 91
48 20 27
9 20 66
83 23 65
4 88 42
84 34 93
3 86 73
66 72 1
73 52 87
31 47 75
25 24 37
89 79 50
83 94 98
25 47 6
74 55 57
7 77 17
32 64 87
53 34 15
36 21 72
59 46 6
61 98 29
13 5 2
5 51 33
95 54 99
73 91 10
28 4 89
99 61 35
47 94 44
10 33 97
36 38 18
98 12 99
16 78 43
82 63 66
71 34 98
80 31 29
10 59 28
20 31 63
3 39 16
2 30 74
52 18 81
92 36 80
29 2 40
90 71 77
46 31 35
39 93 8
68 20 15
7 94 87
90 40 53
87 42 37
69 92 48
67 68 32
74 55 88
76 79 27
37 8 58
9 55 74
96 30 75
66 31 25
29 63 38
60 79 44
59 64 90
98 79 91
6 97 65
42 23 82
14 62 59
0 45 41
22 44 67
99 18 15
34 42 29
55 40 90
36 89 7
34 45 17
0 9 33
48 69 50
5 32 91
29 8 38
73 71 62
57 7 61
31 76 39
50 86 38
11 28 80
30 96 15
91 1 51
2 61 84
89 66 49
10 40 38
94 40 14
86 74 25
23 6 98
24 72 24
31 45 10
1 53 64
16 33 21
22 48 83
13 66 22
83 9 91
81 56 56
87 38 34
73 96 42
9 96 52
79 73 46
48 72 96
52 66 71
14 79 7
88 40 37
24 88 33
48 49 88
19 62 81
23 21 85
5 99 13
76 43 44
16 2 67
67 72 63
4 87 35
18 66 78
78 71 24
91 71 6
62 74 17
65 37 78
57 52 36
41 66 70
9 65 56
78 49 39
54 22 95
55 30 34
34 26 41
58 69 15
43 79 77
12 82 8
75 85 77
89 59 35
84 90 1
95 43 26
11 54 73
26 0 100
30 0 97
33 17 86
82 24 71
4 40 48
57 99 10
22 34 60
21 4 85
12 5 35
79 54 82
24 68 27
76 29 68
35 48 100
61 68 8
6 68 11
62 17 65
84 72 76
67 19 4
47 45 38
11 67 58
7 91 31
12 67 27
29 77 37
19 0 16
99 78 92
65 97 44
31 29 36
56 43 93
71 86 88
87 34 50
54 96 51
84 67 83
95 37 13
50 9 48
18 34 80
82 88 5
11 52 67
84 91 62
89 15 39
78 94 89
75 56 74
76 47 60
21 3 40
54 23 4
71 37 100
57 18 71
90 19 35
14 49 4
95 59 83
63 96 48
71 18 2
16 80 13
57 92 55
90 5 74
66 24 83
18 4 61
68 84 63
95 7 32
68 27 82
82 17 10
21 36 76
49 66 75
78 59 84
89 13 34
23 55 69
18 70 36
95 74 23
32 4 92
20 92 91
28 43 49
16 64 49
59 49 87
81 0 67
81 39 3
99 87 84
36 31 12
84 14 51
87 23 76
97 20 58
11 84 22
78 45 90
51 87 36
18 65 58
14 69 47
37 54 92
76 65 78
22 60 18
96 97 13
7 36 68
91 89 84
52 31 70
52 92 86
7 4 57
24 27 60
10 32 2
15 99 76
1 4 26
43 65 10
96 48 36
91 45 25
70 43 62
5 24 7
96 1 57
2 45 79
45 96 87
69 59 8
78 5 73
71 31 63
20 69 56
84 58 56
23 10 75
11 43 28
47 27 6
33 6 66
24 16 47
29 17 79
87 48 93
85 97 67
89 55 19
77 87 60
52 45 68
43 74 29
94 86 88
47 76 12
4 58 22
36 23 46
14 59 9
8 21 29
25 7 35
8 6 84
10 37 43
60 39 87
22 24 95
41 87 38
37 68 21
51 35 75
78 69 34
76 31 91
69 65 83
76 95 59
49 5 26
70 95 31
71 2 58
25 59 26
19 90 44
84 20 47
96 33 94
53 71 30
56 62 65
8 74 82
64 9 60
78 61 41
63 93 61
1 12 39
84 57 21
93 74 96
1 66 76
21 91 89
0 30 16
57 50 51
76 68 48
37 20 35
4 56 7
17 33 34
91 23 72
46 52 56
43 77 15
19 16 48
77 63 100
59 27 82
91 46 54
3 35 7
27 17 8
32 53 28
15 87 7
48 19 3
21 36 83
34 81 22
87 54 54
85 25 89
85 4 44
85 55 67
6 84 79
3 7 76
79 7 50
59 29 34
81 80 68
23 70 55
56 81 89
87 14 49
33 28 62
77 46 91
88 2 89
51 67 82
98 34 97
53 76 22
55 66 60
34 16 47
80 25 29
61 63 73
40 69 25
81 3 97
96 57 25
87 10 67
47 65 3
76 8 81
64 37 26
60 46 13
6 62 96
14 20 92
12 96 49
63 5 82
79 21 86
91 73 54
8 39 34
1 41 71
56 53 37
3 75 55
74 58 18
30 24 20
34 6 20
5 25 93
73 94 81
36 93 96
1 79 78
88 31 21
65 43 48
75 85 44
69 19 64
97 71 25
75 66 85
38 36 76
15 53 4
38 15 3
32 90 60
94 33 67
95 90 77
51 65 13
90 41 32
38 57 81
10 12 63
44 79 44
3 26 16
86 24 27
60 65 31
23 12 39
46 74 27
48 12 16
35 65 96
4 64 77
20 76 18
84 92 82
51 66 53
7 39 75
88 74 64
51 12 51
14 34 6
34 0 45
67 26 81
29 37 31
89 70 98
4 68 11
95 98 13
97 59 11
13 65 82
90 31 68
76 80 4
31 56 8
56 72 36
13 68 55
40 65 47
37 26 22
56 22 36
9 29 23
24 61 94
33 30 67
38 85 16
64 27 97
7 25 13
34 87 88
92 41 96
35 67 60
16 54 61
78 57 67
76 4 56
55 89 57
93 98 23
93 86 64
0 30 62
96 2 17
63 84 23
85 63 31
43 22 21
27 48 37
77 83 32
63 21 94
83 87 7
89 35 13
67 64 41
41 75 96
7 9 95
97 64 12
19 39 24
65 76 98
36 20 99
95 22 96
68 77 55
5 3 90
95 92 28
64 10 74
41 32 11
41 18 54
82 7 17
10 7 33
9 27 70
92 72 71
19 72 6
63 31 44
1 92 29
31 67 55
34 5 78
26 85 50
46 72 19
89 42 88
75 99 33
54 18 15
88 43 61
98 41 58
60 41 11
28 76 57
25 78 46
57 78 29
14 75 67
35 42 17
76 42 4
35 3 18
79 70 11
56 82 91
98 26 20
94 42 28
96 79 28
93 42 24
90 20 39
85 86 79
37 56 23
78 62 99
8 80 10
86 29 68
89 7 86
3 60 17
8 18 60
80 63 83
1 33 54
60 45 79
34 28 17
83 25 18
65 18 34
40 11 37
34 65 66
65 43 15
69 96 70
29 48 4
91 1 100
60 96 46
82 46 46
93 81 20
56 74 45
2 96 5
1 64 33
58 33 97
26 83 65
25 12 73
14 81 50
11 15 76
55 19 96
49 81 35
6 76 93
8 15 43
52 89 17
7 32 23
59 48 97
8 48 18
38 87 79
72 51 32
25 59 62
66 10 36
57 78 20
40 9 66
81 42 89
98 18 90
53 1 94
17 27 49
38 40 71
6 24 79
92 6 54
92 78 87
48 61 14
77 94 34
18 35 84
75 42 64
85 58 21
91 59 77
69 92 21
4 77 2
12 34 80
79 20 34
79 39 97
65 66 61
65 39 33
63 21 48
9 69 49
81 48 29
99 44 45
2 80 48
70 76 66
48 94 76
56 83 73
61 56 50
62 18 84
72 2 22
19 16 81
43 8 16
6 28 88
40 82 99
94 93 59
10 36 2
36 41 57
50 80 76
70 8 83
88 92 11
36 85 42
69 21 23
4 19 83
10 53 39
94 51 97
48 29 46
5 23 54
57 97 18
72 3 24
10 18 30
9 12 20
74 58 20
85 72 16
59 24 12
42 39 38
32 10 39
47 24 33
65 52 2
97 23 72
47 39 15
81 39 40
67 63 52
26 20 89
48 5 89
49 70 80
81 5 84
21 53 29
62 79 70
55 66 55
89 30 77
2 33 17
58 44 54
80 84 83
8 53 98
33 44 2
31 13 71
27 52 84
23 39 88
21 8 88
91 44 96
79 39 44
61 15 51
40 32 26
78 63 21
26 84 48
30 29 67
21 52 24
57 36 62
55 42 75
82 42 2
54 86 48
34 19 68
33 93 15
66 25 56
20 13 88
82 30 4
78 54 31
16 48 19
59 15 26
91 10 100
7 20 44
78 10 45
35 77 15
60 64 26
66 29 12
14 53 79
10 95 1
47 22 42
10 82 41
89 28 96
69 50 55
15 44 28
0 77 49
91 30 91
90 38 3
87 35 9
75 77 34
62 87 54
92 40 79
10 73 32
2 64 80
79 63 20
16 89 1
21 84 17
86 29 2
58 25 94
80 30 30
59 36 65
46 96 77
64 30 79
11 85 70
20 28 19
79 88 77
56 44 97
20 64 26
70 52 16
53 99 47
88 47 45
97 41 71
33 86 51
81 72 11
18 2 77
88 33 46
48 52 63
7 57 53
99 97 77
62 56 55
38 55 95
79 32 73
35 38 35
93 12 97
20 88 90
54 67 10
13 23 36
80 51 58
41 95 53
1 17 88
40 32 3
38 29 21
68 35 70
57 24 94
37 86 43
73 81 37
77 60 45
30 25 31
94 1 7
26 53 68
22 66 92
75 7 66
8 17 59
24 95 74
64 47 87
89 35 80
64 52 75
69 53 6
51 52 26
17 94 36
53 74 52
99 77 19
25 49 84
72 82 6
75 74 35
86 14 31
7 88 25
47 63 45
16 69 10
36 14 73
95 73 81
11 13 74
32 61 37
69 39 3
30 0 96
72 82 44
78 12 45
13 78 36
66 78 30
53 42 85
2 31 29
58 19 31
84 10 23
12 32 35
63 82 74
70 0 40
16 40 85
1 53 55
65 86 73
55 9 67
71 37 54
40 28 27
37 83 16
56 52 73
26 7 21
1 77 36
61 52 29
12 67 23
68 43 68
99 69 71
23 4 84
51 38 90
41 73 59
13 3 78
74 51 25
17 60 20
38 71 57
66 70 62
75 2 66
44 6 23
62 15 44
83 91 79
58 49 55
76 27 38
51 71 53
7 55 28
65 11 26
66 15 37
95 23 50
90 13 38
95 31 6
15 38 87
82 46 47
91 98 80
2 14 69
31 49 51
64 37 43
74 30 37
47 28 74
98 0 3
72 1 7
87 19 30
75 62 18
27 87 26
79 40 82
21 69 79
38 93 57
0 72 85
73 24 58
5 15 29
94 73 59
15 48 10
65 78 35
31 92 97
75 88 11
12 54 100
41 3 48
47 51 82
88 35 21
33 36 24
22 97 38
4 18 66
40 61 1
31 99 34
19 56 28
33 50 94
84 37 88
20 79 4
55 7 80
88 55 65
43 76 59
0 91 32
27 17 43
69 13 96
41 46 39
38 55 54
54 58 9
20 23 30
15 19 20
54 12 96
48 87 57
54 3 25
94 11 56
15 50 68
29 65 52
7 15 72
73 58 51
30 32 38
97 36 74
63 76 78
75 9 40
90 19 58
65 92 51
71 31 29
89 67 98
35 52 37
23 75 40
37 90 55
60 9 6
81 95 81
7 72 74
76 83 17
97 53 81
42 4 88
80 84 98
12 23 83
20 38 66
28 16 100
92 51 9
14 29 3
3 21 27
5 0 55
29 33 86
87 48 12
64 55 81
79 89 80
24 67 36
5 91 77
45 4 3
29 17 3
69 27 69
55 78 42
77 15 40
58 24 39
73 80 48
59 97 100
12 56 16
32 46 50
31 44 83
57 40 7
23 71 1
88 53 50
29 96 84
59 30 85
36 18 28
57 16 60
68 98 2
92 73 59
65 2 35
26 87 35
24 0 2
62 35 62
52 11 26
86 19 59
70 52 32
40 11 94
8 55 97
71 54 55
64 92 60
52 95 21
84 10 45
35 71 96
98 91 53
38 66 63
96 36 67
84 60 80
80 65 36
82 15 75
46 94 68
72 47 53
8 33 94
19 89 16
30 5 13
16 85 43
17 59 37
56 86 7
47 2 86
96 70 96
60 48 30
46 15 79
11 79 37
82 20 34
64 34 12
20 46 31
65 63 67
96 80 75
65 23 66
86 8 64
57 53 80
90 59 62
59 38 68
85 19 49
26 31 29
70 50 7
28 1 66
4 51 35
19 81 54
93 44 19
55 33 58
8 57 12
34 62 53
7 61 87
70 17 84
8 31 88
31 16 71
57 45 27
73 29 61
29 71 3
13 1 15
89 60 47
44 67 1
77 94 47
63 54 52
86 92 25
63 92 7
62 73 71
46 99 44
82 96 18
65 29 16
24 96 1
83 21 79
22 65 15
36 6 11
4 60 68
8 76 77
82 75 29
95 79 28
9 63 38
63 98 6
82 87 42
38 58 63
66 90 49
36 62 28
52 62 10
99 73 69
11 71 69
29 73 23
66 33 65
74 41 51
80 62 38
19 50 16
54 45 62
92 5 42
48 47 52
83 1 55
34 95 34
48 31 11
67 25 99
23 66 44
50 71 60
72 41 87
14 61 26
68 78 34
84 97 57
19 69 62
0 20 28
14 90 44
71 60 65
80 27 31
77 51 11
11 59 52
32 21 67
42 95 5
31 79 44
94 68 27
84 65 38
13 36 32
59 3 93
17 3 90
77 52 39
46 77 12
91 25 4
40 86 99
30 93 73
18 88 68
13 43 65
50 74 55
53 71 82
27 66 30
38 72 5
83 32 10
63 32 49
48 33 24
22 36 41
79 87 72
15 46 41
75 69 18
13 56 71
78 61 37
70 38 50
32 20 36
40 36 37
78 23 74
45 67 67
17 19 31
84 83 33
99 23 72
91 98 97
49 18 89
6 86 49
50 37 87
60 3 39
22 71 22
35 16 27
93 70 33
41 76 72
74 76 28
70 51 86
75 58 24
17 78 46
16 60 47
41 76 9
35 4 97
14 45 16
5 85 97
25 6 65
99 36 1
10 85 75
62 92 56
75 16 41
91 69 39
26 85 81
35 33 29
56 29 4
97 26 9
41 96 69
2 78 5
12 49 8
33 23 50
25 57 68
6 51 72
27 57 31
45 24 84
62 64 36
19 52 79
85 73 48
34 98 98
48 79 46
1 70 24
77 15 91
58 38 100
88 79 100
73 55 97
89 36 69
13 88 75
91 88 54
96 82 13
44 74 91
8 49 62
79 40 8
84 32 46
88 73 3
30 77 10
39 23 34
27 26 32
8 79 42
47 99 30
34 92 95
94 16 80
75 99 96
51 42 15
7 64 15
23 22 29
32 74 65
18 77 31
9 96 64
33 78 23
61 77 53
82 64 62
50 47 8
88 14 9
85 98 28
85 59 57
18 34 29
7 95 74
62 2 85
2 28 6
74 6 42
94 39 17
53 26 57
45 69 38
46 52 26
79 36 74
39 94 6
54 27 90
29 63 32
28 99 65
68 39 50
67 2 50
60 44 67
53 89 2
62 52 94
65 38 55
50 16 91
68 36 39
83 59 37
1 16 55
35 47 76
74 34 10
96 54 95
5 30 44
27 90 21
78 47 95
68 30 49
50 40 26
42 94 38
18 33 56
77 73 84
98 88 83
59 80 24
62 97 61
30 36 1
62 93 45
39 48 51
77 56 47
81 79 65
80 0 74
96 73 63
18 44 66
36 9 27
55 8 64
18 63 39
79 62 84
80 40 54
29 69 76
85 18 31
13 61 63
33 93 34
27 64 4
45 8 56
20 85 88
33 18 13
80 53 54
19 74 66
72 54 49
0 77 27
8 53 44
33 67 17
62 15 61
97 54 43
0 32 86
38 24 41
96 76 60
48 33 77
46 52 7
13 97 49
94 88 5
0 73 26
4 8 48
72 13 20
89 32 12
68 88 32
2 4 8
9 42 28
43 69 94
73 28 67
80 13 4
95 4 71
7 9 48
14 52 88
46 77 35
94 4 19
72 42 57
49 37 60
35 13 10
94 25 78
28 58 95
46 40 73
74 47 6
87 70 79
66 39 80
3 68 10
44 68 39
0 83 72
68 51 58
39 88 72
7 30 49
60 58 89
0 41 49
36 11 54
97 75 62
81 51 14
90 36 70
95 5 46
55 71 19
24 1 38
15 28 8
2 15 98
60 11 68
23 31 44
53 83 3
7 92 51
39 36 7
75 50 75
82 29 25
11 53 84
37 34 69
97 17 49
12 32 90
71 78 78
74 14 24
24 95 16
75 36 77
70 35 4
71 23 50
55 58 78
11 87 16
71 83 86
64 40 22
70 80 20
97 1 89
80 89 13
79 29 92
76 7 86
20 27 86
47 0 42
88 64 79
12 7 41
29 62 30
3 77 99
65 43 64
74 64 94
15 59 47
57 64 87
35 40 20
56 70 59
2 6 92
28 48 44
55 20 42
70 4 68
48 76 26
45 21 16
83 77 50
99 73 60
81 62 47
59 7 6
21 43 6
45 23 86
88 52 62
92 80 8
69 22 90
89 38 48
70 78 74
20 72 50
79 50 32
32 81 67
88 74 36
51 77 1
80 7 54
89 24 13
58 67 93
46 58 5
90 1 44
45 37 87
98 47 33
87 33 20
36 73 79
88 78 50
31 61 70
99 97 29
84 95 27
63 0 2
10 62 42
29 87 46
81 4 89
96 37 67
36 9 20
93 20 63
65 6 40
61 76 61
19 13 95
62 40 16
54 62 10
30 21 38
55 47 44
81 38 86
5 50 60
76 58 77
80 53 49
66 76 61
7 9 88
3 53 74
29 59 51
53 3 33
76 37 31
57 48 65
5 65 13
48 43 67
44 12 94
68 87 5
55 54 40
80 73 91
89 83 2
67 92 68
88 21 10
46 13 41
40 91 96
92 90 73
8 89 23
76 7 5
11 18 4
99 71 1
52 99 24
97 39 8
11 42 73
64 77 13
44 64 47
18 41 12
0 17 61
67 44 89
58 8 20
77 56 52
49 38 27
57 50 31
40 43 73
84 19 58
99 30 5
31 63 53
18 49 49
62 78 90
96 30 57
32 60 69
98 99 61
34 52 99
72 11 91
47 72 74
69 7 39
31 66 77
99 86 64
73 60 53
87 3 38
31 69 69
13 20 36
98 0 13
21 47 66
77 6 85
82 78 73
13 26 25
29 34 12
61 73 29
59 66 3
80 89 91
82 37 70
99 88 51
0 92 13
50 77 66
25 15 35
94 21 54
11 81 13
80 70 24
73 47 7
21 99 82
10 37 52
30 15 47
96 38 63
70 67 74
93 4 49
27 8 18
92 28 13
41 85 29
12 62 90
41 88 98
69 50 52
61 29 9
16 40 19
83 69 7
13 71 90
37 68 90
81 80 87
1 74 33
30 92 70
92 16 83
39 85 43
94 60 23
7 70 69
71 47 47
9 52 44
73 97 10
39 97 84
13 94 34
16 35 57
18 89 8
87 19 5
66 1 87
17 64 91
72 30 56
39 12 36
84 59 6
88 60 3
67 40 34
60 47 9
58 7 59
37 26 86
31 98 84
21 14 55
40 89 83
75 73 55
44 17 76
28 62 96
96 85 31
11 8 30
23 43 1
83 18 64
52 47 67
7 69 5
62 4 1
89 69 16
56 65 93
81 83 68
72 9 29
24 19 69
75 24 10
88 66 53
32 57 60
0 57 21
83 72 87
98 73 34
56 5 50
73 42 87
61 11 85
59 74 55
74 91 93
10 77 30
83 66 38
22 66 5
34 32 55
14 57 24
36 85 76
66 76 46
12 56 34
17 97 82
18 57 68
37 12 3
0 47 13
37 57 43
76 24 12
61 14 86
89 47 19
58 46 61
8 82 28
20 76 56
42 13 61
14 16 17
44 97 90
0 41 85
49 47 52
12 24 6
44 24 9
27 23 31
24 69 55
46 7 49
32 82 88
27 10 55
62 78 94
25 16 61
1 81 53
42 58 76
8 33 57
18 29 82
22 33 70
22 6 10
2 51 69
11 13 57
2 92 61
90 40 60
99 78 62
1 8 63
18 82 99
45 40 72
23 50 66
17 78 80
43 67 2
73 45 3
7 48 69
24 66 79
9 38 6
33 14 93
85 16 91
7 22 20
75 19 54
59 31 12
16 73 24
57 78 65
37 15 30
82 8 89
62 88 63
57 92 87
14 35 47
94 79 30
51 25 15
95 4 33
24 47 78
84 92 86
84 69 81
27 83 3
38 82 50
9 32 16
65 47 54
66 30 47
2 40 16
99 0 26
43 17 76
76 21 57
58 24 80
75 44 66
1 63 52
4 22 13
86 80 83
2 67 58
86 22 20
43 80 22
28 4 40
22 70 12
68 16 2
40 4 87
39 14 92
62 5 37
5 45 98
21 80 69
96 84 30
62 1 23
92 82 8
15 7 21
91 35 3
29 90 4
51 78 54
93 39 39
92 23 61
5 74 8
61 12 4
91 64 58
50 77 9
26 24 16
66 42 90
43 67 64
43 30 13
80 7 64
65 29 4
55 86 14
22 91 10
76 66 66
70 43 56
92 85 99
38 92 1
48 1 20
93 30 75
11 87 51
47 24 51
18 1 22
2 78 71
23 44 20
57 43 80
10 48 2
73 77 85
61 91 62
90 74 34
34 47 3
47 19 71
90 20 63
37 18 61
20 53 38
17 57 13
75 55 60
50 32 11
29 36 52
14 65 81
59 93 84
97 74 82
29 4 96
40 31 74
14 80 51
75 35 10
78 51 16
79 30 21
65 82 70
93 77 34
35 68 21
54 41 19
23 67 47
0 17 27
87 80 64
23 45 11
83 8 15
6 99 47
78 47 13
19 41 92
95 4 89
61 23 100
84 45 55
76 26 23
98 25 41
22 20 45
49 31 16
33 77 10
18 4 65
94 17 35
78 33 87
48 91 65
54 90 34
9 78 54
31 87 48
35 32 44
22 8 26
17 5 75
40 25 1
78 12 87
43 94 47
73 42 29
61 45 84
73 78 45
23 12 91
39 60 19
98 46 32
69 26 27
11 21 75
32 98 8
77 26 45
42 83 15
1 56 19
43 87 50
97 17 39
24 34 22
9 87 27
81 74 90
32 98 43
79 43 16
63 51 9
91 70 82
44 0 42
57 42 4
94 66 70
72 2 42
73 33 95
9 13 88
16 15 31
78 56 40
59 46 86
96 39 29
12 43 95
41 16 5
76 84 51
85 52 40
32 53 84
54 73 97
24 8 26
61 59 36
78 74 80
77 67 19
73 31 27
67 91 71
36 26 26
98 36 29
31 35 92
58 0 33
88 64 48
74 13 69
81 37 5
65 38 100
87 61 74
29 35 9
28 4 61
47 77 90
68 64 37
16 41 43
96 52 50
47 64 16
97 91 72
42 30 2
17 92 65
80 23 65
64 30 3
37 50 21
99 93 61
95 30 11
83 25 94
14 4 99
79 51 87
57 91 71
38 28 48
36 39 20
35 10 27
73 68 44
31 8 14
86 2 17
85 2 33
94 77 54
97 19 86
72 43 23
75 25 51
8 33 93
84 47 58
48 52 7
78 86 35
28 93 36
57 99 59
99 94 63
41 55 49
47 93 85
6 39 66
70 17 28
74 51 16
48 37 91
85 79 34
40 52 4
17 30 98
40 5 75
77 74 79
94 6 5
66 52 97
11 98 88
43 66 22
87 61 99
23 11 90
13 47 74
87 55 22
82 0 96
57 67 74
18 75 58
32 61 8
96 80 63
69 68 88
6 59 94
43 18 98
78 12 25
58 96 85
76 33 74
89 16 6
23 25 27
77 79 62
1 77 85
60 14 88
89 74 30
72 4 14
16 6 1
24 84 18
6 95 33
93 40 97
67 55 100
71 46 7
31 2 15
38 13 4
0 4 21
10 0 13
93 71 88
6 82 99
61 49 96
59 35 40
61 89 4
67 42 48
66 4 42
9 27 95
90 1 95
59 43 47
26 56 73
15 20 56
53 92 39
17 82 78
13 73 12
72 68 12
49 58 42
8 49 96
25 19 90
44 0 50
73 89 32
14 45 47
95 68 53
23 37 77
25 74 69
25 21 19
5 60 1
21 22 73
9 62 28
23 74 21
74 34 26
12 80 76
71 97 33
23 12 2
77 9 39
30 60 39
21 90 65
31 96 34
45 56 18
6 89 28
71 73 75
78 21 41
62 42 53
48 84 35
65 79 47
88 61 93
28 15 71
28 81 34
14 80 48
79 45 53
65 67 5
26 40 87
93 96 39
88 17 26
47 29 53
90 27 35
49 22 95
77 5 95
22 90 49
71 82 5
83 60 81
72 8 30
9 72 34
55 82 100
87 11 96
13 43 42
1 71 87
50 28 62
79 27 2
52 55 68
31 63 74
83 61 86
88 20 38
98 16 70
65 96 22
28 54 77
56 4 55
22 17 15
35 66 63
52 18 22
25 86 19
12 17 17
24 19 84
33 68 36
32 19 57
66 20 100
93 52 10
64 40 5
78 36 55
56 16 88
79 50 59
93 34 56
33 51 15
74 34 3
2 23 1
80 1 19
36 39 13
96 32 53
66 9 13
57 39 88
43 32 27
26 65 5
16 41 72
49 86 19
29 64 43
2 4 26
30 60 17
46 35 13
87 89 90
48 60 82
28 75 65
62 10 31
79 55 30
76 9 14
76 82 24
15 69 17
56 53 72
95 32 7
2 68 1
74 79 47
53 84 71
64 40 86
0 94 44
46 26 19
6 84 29
10 92 24
51 2 37
80 58 25
49 28 69
69 86 12
98 26 85
46 45 80
66 49 63
45 50 54
46 38 82
25 11 37
34 84 37
46 12 64
77 91 88
37 70 98
4 45 3
41 61 76
9 63 42
48 10 45
24 11 20
92 72 98
68 98 75
73 63 87
36 61 92
11 13 12
72 2 9
43 89 28
55 70 10
63 27 88
24 99 97
70 63 33
54 19 32
92 74 29
34 65 14
99 52 58
24 39 78
63 93 71
93 76 71
77 70 50
50 4 3
37 6 5
92 31 27
47 84 65
70 32 20
87 41 57
45 77 72
81 71 45
35 13 14
27 79 75
48 85 41
38 70 100
75 19 11
67 82 67
76 32 34
48 55 89
5 65 22
10 79 29
52 65 99
56 33 58
53 55 100
69 8 59
71 77 47
45 27 3
85 95 91
60 12 22
65 37 58
92 16 94
19 86 46
38 77 53
38 9 18
42 70 83
14 95 30
50 76 88
93 15 84
39 74 43
86 48 12
4 9 5
39 18 81
50 17 53
90 93 56
80 63 93
15 77 78
25 85 52
73 57 74
2 64 66
9 8 53
91 75 88
34 94 70
12 69 92
10 69 25
69 64 59
66 46 13
89 23 62
86 7 21
11 27 76
20 85 47
34 25 44
30 73 91
81 18 97
27 7 79
83 43 47
74 47 80
50 77 3
11 87 37
68 46 74
35 47 4
92 29 15
26 0 92
62 90 59
38 97 46
28 54 90
11 16 97
62 17 46
12 60 66
17 68 61
86 7 29
12 9 70
94 46 36
22 36 51
35 83 99
33 92 16
14 47 57
62 10 1
25 2 8
95 41 90
93 67 34
36 68 37
38 97 3
82 59 62
75 1 16
67 77 75
36 40 55
25 58 21
80 76 83
47 36 76
27 15 59
90 54 74
30 18 28
32 39 95
20 81 29
64 83 100
56 36 1
97 88 38
83 95 12
92 23 82
65 31 91
70 25 54
32 99 27
53 67 77
65 53 42
30 12 95
92 84 65
57 84 91
5 98 55
5 65 82
22 92 22
94 51 69
92 13 69
88 91 75
95 28 45
59 90 75
85 53 6
74 73 20
59 97 64
81 53 10
27 87 66
56 45 77
68 94 78
66 98 1
12 7 65
55 18 38
68 38 70
51 21 55
67 48 43
48 25 6
56 80 71
79 44 14
35 71 81
72 92 25
82 55 89
43 39 52
95 88 70
97 62 57
4 79 22
51 80 80
32 2 1
34 35 48
48 11 12
80 0 90
90 69 69
31 8 46
4 0 45
53 61 21
42 1 32
78 83 100
51 10 41
58 0 35
93 21 70
66 25 55
74 54 55
58 40 39
78 61 97
65 73 15
84 65 68
93 97 7
91 86 38
97 63 94
21 93 91
3 71 34
29 69 40
77 3 98
27 47 53
10 71 98
40 82 27
48 92 79
64 74 19
7 77 53
85 17 92
58 50 94
52 7 19
97 28 4
40 85 27
44 61 79
61 69 56
82 41 9
59 3 61
46 81 61
29 47 32
94 63 70
1 20 12
59 36 68
16 51 37
74 3 84
25 89 61
12 15 86
32 9 3
78 45 20
41 94 53
87 61 40
66 82 36
84 3 71
76 30 85
45 13 94
91 61 48
14 16 40
43 51 31
6 20 46
13 89 36
11 88 10
44 13 53
24 99 74
20 86 26
26 47 15
34 57 77
39 87 34
21 25 14
64 68 36
33 52 86
18 79 69
64 3 24
30 36 37
15 91 96
84 51 96
50 54 59
4 92 32
10 30 87
87 72 72
96 63 46
93 40 86
21 65 42
11 36 60
45 65 14
6 97 88
98 69 21
42 20 91
43 92 63
35 41 80
13 99 41
29 6 77
72 73 54
9 7 52
43 61 36
91 56 32
3 8 75
71 72 16
26 70 30
83 12 99
90 47 87
66 45 10
62 42 72
75 61 71
9 59 42
13 28 60
8 31 44
15 29 1
67 1 45
87 45 25
85 26 62
66 48 43
68 2 78
39 34 83
91 35 93
20 84 78
34 1 40
34 95 63
87 5 80
31 68 56
82 59 2
58 79 46
37 35 91
84 26 60
12 62 4
71 13 60
58 84 70
22 71 63
68 66 97
58 87 71
99 43 42
79 41 18
10 18 90
68 36 35
73 8 76
21 85 100
23 27 15
57 58 70
77 25 100
91 85 65
55 87 52
69 74 71
82 84 7
34 52 42
9 76 34
70 93 26
10 29 66
59 93 97
54 12 80
85 83 66
50 62 88
94 18 88
54 76 9
87 3 94
43 14 38
48 35 73
60 63 93
99 35 71
75 53 76
47 4 74
73 54 23
26 79 8
64 56 28
10 21 6
55 29 24
53 96 44
11 53 44
1 39 67
35 67 6
74 48 64
64 4 59
14 24 67
89 10 92
48 93 98
63 28 56
61 84 13
7 72 83
72 78 31
56 41 64
77 32 36
89 37 44
56 0 15
41 82 14
27 66 44
1 17 69
43 79 18
73 71 34
95 29 58
84 48 15
97 68 40
28 7 36
60 8 47
72 61 61
37 63 36
32 5 57
37 68 34
80 74 70
87 4 39
92 27 27
65 9 54
39 58 6
98 0 75
81 52 1
98 56 16
48 1 73
13 2 14
61 89 92
20 98 85
2 26 46
17 68 2
17 39 43
42 39 99
38 83 19
87 51 13
81 80 98
43 52 73
1 16 66
84 85 68
56 38 17
80 75 28
65 62 85
55 43 68
11 80 27
24 30 10
42 91 9
2 55 12
61 10 53
55 79 93
38 12 21
48 77 61
60 9 36
8 54 37
9 74 85
84 11 93
15 79 72
74 45 39
17 26 66
53 27 84
49 88 84
27 7 76
52 31 51
76 86 14
61 70 78
12 14 57
61 17 38
9 39 94
44 28 71
96 15 58
97 80 6
95 17 75
93 36 20
31 95 7
54 7 56
76 35 46
69 2 67
63 52 15
74 40 29
5 66 68
23 5 40
46 55 82
30 93 55
94 74 42
28 69 60
54 62 77
58 21 37
2 97 48
28 11 4
71 43 56
25 9 62
22 32 62
13 74 56
83 23 51
2 62 94
5 25 22
1 51 84
44 41 87
46 64 23
15 59 10
79 88 44
2 54 1
57 25 66
67 33 13
99 4 19
28 34 5
40 96 53
16 21 19
82 7 18
82 81 13
29 28 10
39 68 94
77 50 43
18 72 87
54 73 79
36 51 49
38 79 77
40 4 25
97 58 81
30 38 83
61 64 11
94 81 77
60 14 59
93 50 48
98 97 89
29 40 98
89 78 11
91 17 65
56 31 3
46 71 43
49 96 68
35 85 6
43 7 69
54 42 34
29 2 20
27 73 49
42 84 36
38 42 91
0 16 1
52 89 30
66 74 71
10 82 75
55 86 21
58 93 41
25 48 14
18 84 56
87 75 13
45 40 51
74 3 10
49 80 2
46 99 33
25 22 39
41 19 66
75 84 56
97 96 75
91 97 13
80 68 59
67 31 10
19 33 31
63 59 98
43 10 29
56 50 37
88 0 27
96 94 34
99 32 3
75 33 80
5 3 87
44 79 79
92 89 34
19 16 41
94 8 79
9 6 81
29 91 27
6 91 59
19 61 75
14 75 90
99 33 22
97 12 2
14 32 17
68 60 88
90 86 77
0 27 8
32 21 39
59 58 21
39 24 14
47 21 6
62 52 21
4 28 40
17 53 81
51 29 63
87 11 7
45 17 52
78 84 5
16 65 30
60 97 47
17 65 40
90 84 88
20 49 57
37 76 4
29 78 25
38 1 94
84 38 53
55 64 67
56 8 97
75 20 39
18 27 28
67 29 55
0 11 65
13 45 34
4 25 50
22 26 33
86 44 22
39 3 71
20 7 96
69 53 3
13 38 36
10 73 16
26 54 36
32 33 70
18 36 12
18 79 11
70 82 46
2 18 7
67 84 80
38 29 12
83 59 32
3 11 53
10 77 73
96 65 58
26 20 38
50 17 85
10 6 1
73 86 81
71 73 44
27 88 84
86 53 51
2 30 19
91 57 53
52 57 95
33 47 21
51 33 83
58 98 100
20 68 62
25 90 61
98 92 71
44 65 10
69 51 65
83 13 36
68 41 42
84 6 8
12 23 94
73 57 44
12 68 31
65 64 47
55 78 64
17 21 44
88 0 2
4 99 78
15 63 75
23 44 18
13 8 4
78 19 80
99 94 71
97 67 96
89 5 46
31 38 51
93 76 35
53 18 8
92 9 22
50 42 61
45 96 57
31 12 84
1 37 61
49 52 89
8 40 19
90 10 98
93 32 21
52 96 62
23 39 97
90 64 17
97 81 48
29 46 61
23 71 43
76 8 16
2 4 80
6 3 49
95 27 71
38 69 32
17 44 39
64 5 53
29 59 47
50 20 42
46 4 74
61 98 73
26 68 29
62 78 91
13 61 44
33 23 10
85 40 43
78 1 7
69 8 52
81 50 52
78 62 79
83 5 100
42 29 64
73 70 49
89 3 81
83 88 8
50 12 83
72 18 92
97 82 59
65 35 39
68 36 27
26 84 72
35 42 39
43 76 17
10 86 72
31 84 71
46 31 72
34 78 84
86 62 99
92 95 1
69 60 44
40 34 27
68 25 58
26 39 71
87 63 4
26 41 21
8 10 72
28 0 14
42 71 25
60 0 70
29 16 70
79 32 76
44 59 54
95 22 84
33 68 96
27 45 8
18 84 48
56 83 15
7 25 85
18 99 32
6 1 18
58 14 89
66 27 1
48 18 38
90 75 78
10 99 15
33 27 53
91 6 40
24 15 67
70 60 62
7 29 29
1 86 100
90 15 76
25 34 25
87 67 73
82 42 65
10 33 76
76 47 28
73 79 78
2 99 42
16 9 81
52 9 72
62 30 39
48 21 60
15 13 62
36 70 49
81 62 5
71 22 7
45 6 97
7 51 41
91 74 75
86 34 27
14 10 50
71 11 43
74 56 87
58 36 70
18 25 56
5 58 81
71 52 10
89 19 62
4 91 94
8 72 84
62 70 18
82 81 100
83 74 62
56 4 49
71 25 67
80 13 64
83 89 86
99 75 61
87 32 36
6 11 64
72 29 35
88 2 69
76 26 44
25 34 88
16 64 96
57 51 51
61 85 13
49 98 100
46 22 55
36 49 98
6 72 28
36 92 56
16 23 67
47 43 21
73 37 99
27 80 66
33 19 70
47 8 13
20 46 5
8 2 30
0 24 46
83 65 5
59 33 72
79 72 19
43 22 92
70 75 29
25 3 21
23 24 75
84 2 68
15 71 95
26 39 57
44 90 8
90 53 16
49 52 46
74 36 84
74 18 27
66 40 68
86 48 47
2 32 48
64 20 37
92 84 59
94 28 21
46 49 79
22 45 28
90 44 9
41 30 84
68 45 77
14 21 89
69 47 33
59 45 46
31 93 52
98 18 31
80 69 1
24 64 85
43 95 19
72 1 45
86 22 57
99 16 35
29 93 28
7 56 10
11 17 13
19 64 40
75 83 14
45 25 66
26 35 92
1 2 22
26 10 62
15 54 57
62 84 62
50 45 71
16 91 77
36 42 39
31 8 100
53 18 59
17 59 72
47 31 54
13 32 43
14 97 78
6 64 56
1 41 72
13 12 60
14 96 24
30 81 73
33 40 21
99 7 32
75 22 41
41 51 10
63 75 70
8 9 77
35 18 96
86 67 18
32 29 18
64 41 68
40 51 71
5 77 86
69 40 73
25 84 64
14 89 51
11 51 97
9 41 81
21 88 11
35 43 35
91 52 51
75 32 81
59 46 7
80 19 9
3 50 76
96 33 69
11 50 11
10 84 56
31 68 37
35 66 14
77 38 47
70 11 32
25 50 40
67 28 31
93 95 96
38 90 43
89 56 48
53 93 99
85 48 12
50 2 63
40 12 27
30 36 89
91 22 55
7 43 21
43 82 48
84 21 78
62 16 80
14 96 97
90 36 22
7 70 4
34 2 23
96 29 25
95 66 55
50 8 46
79 26 9
77 54 36
57 27 31
76 52 25
62 42 42
43 6 1
28 58 57
6 76 26
64 90 99
27 77 61
62 41 7
96 77 10
33 14 75
12 31 94
74 77 19
29 79 59
97 11 71
60 24 28
73 91 46
51 0 12
54 95 14
20 90 22
99 69 41
87 68 37
45 43 47
66 67 71
16 57 91
29 34 77
23 1 87
66 33 64
75 83 52
60 80 5
45 11 40
2 23 99
20 95 81
98 44 22
65 8 64
31 4 5
74 70 97
4 19 42
99 38 79
70 8 60
48 30 29
37 67 40
43 24 7
20 56 3
5 6 61
17 4 35
81 46 49
43 8 28
50 26 94
8 53 50
71 43 77
82 51 9
13 97 64
41 25 18
28 32 60
51 17 31
0 79 15
77 19 74
83 58 92
17 62 5
71 18 91
53 12 50
74 71 20
47 29 83
88 13 55
39 79 8
98 47 32
67 0 15
56 29 20
9 18 61
67 86 33
52 85 16
31 72 58
15 65 93
43 84 52
43 74 95
71 54 35
60 5 18
24 45 61
28 96 84
85 90 51
57 33 55
87 5 10
70 47 64
92 97 9
3 24 87
23 22 74
47 70 73
3 0 55
56 67 49
70 5 90
38 41 49
25 90 47
11 73 69
30 69 96
78 96 94
36 81 78
61 9 66
69 2 58
29 43 23
12 55 1
27 66 19
0 75 66
78 6 83
66 77 10
11 83 72
14 63 40
53 28 62
41 80 9
87 63 9
45 58 100
24 47 97
20 16 6
82 28 83
9 18 70
35 49 24
15 33 88
84 37 87
36 96 57
84 27 87
21 69 91
6 37 52
67 36 100
17 5 26
63 28 82
2 23 57
12 72 72
19 90 79
26 64 87
56 67 43
33 96 91
32 93 86
73 25 77
20 19 26
53 88 29
78 26 51
10 89 81
97 36 14
29 85 7
99 5 56
20 45 20
37 64 29
30 50 12
9 44 53
31 4 25
78 63 3
3 39 43
99 0 14
52 22 47
44 46 58
91 47 66
21 59 70
19 81 96
4 15 27
95 86 65
22 55 47
23 39 90
98 19 68
12 59 24
33 24 63
30 46 87
35 67 99
13 75 24
99 3 97
83 89 19
84 12 24
38 98 72
65 15 8
63 55 38
37 18 100
20 78 96
80 71 85
37 3 86
32 76 95
38 42 75
28 48 85
83 5 7
34 54 47
70 35 52
86 96 30
64 62 79
57 11 54
35 46 69
7 74 21
56 83 63
3 11 59
60 5 47
84 33 1
80 61 51
15 60 46
78 17 1
37 20 64
32 90 96
75 96 25
99 1 21
32 92 80
80 91 82
29 85 57
47 22 20
33 49 12
60 21 43
45 46 22
89 15 34
73 4 23
56 44 57
64 82 57
49 56 82
16 15 5
3 55 78
35 32 50
26 90 70
74 5 38
27 15 91
19 44 87
31 66 28
30 65 2
14 47 2
84 38 89
46 98 61
46 66 84
95 2 49
53 73 77
73 26 35
51 9 9
20 69 8
23 15 96
90 4 14
21 10 95
4 72 83
23 88 82
62 98 29
64 80 9
50 19 31
6 56 5
43 13 94
49 13 62
54 74 63
48 73 51
75 79 4
39 19 24
3 21 59
53 54 95
95 7 32
87 3 13
97 27 44
88 67 37
72 37 77
3 79 7
60 66 42
25 15 83
45 13 86
48 54 8
22 68 32
42 29 17
8 1 61
15 71 12
83 85 14
54 90 33
16 82 34
69 6 51
31 25 73
38 51 85
84 24 57
47 57 65
70 2 51
59 14 34
6 95 40
64 55 9
56 30 77
16 87 63
50 68 76
31 10 76
75 96 48
71 57 12
48 69 77
24 79 45
83 35 54
1 78 37
18 88 38
80 9 13
19 98 29
8 40 80
99 40 77
96 27 100
88 61 42
14 15 87
53 44 50
52 80 80
41 47 5
33 77 53
9 64 32
80 21 94
86 58 51
73 63 7
63 94 27
43 23 22
37 65 72
31 67 61
57 89 100
36 78 50
40 22 97
6 61 28
94 60 43
68 18 86
61 98 61
72 96 18
97 25 57
1 67 27
14 25 49
89 79 5
31 41 78
53 86 64
54 50 19
79 61 10
57 77 44
84 58 57
77 36 69
52 15 30
12 15 79
39 17 43
79 92 27
61 28 68
7 19 73
47 70 48
95 70 26
4 64 81
32 9 11
62 16 90
50 79 60
55 31 44
85 60 14
96 28 38
0 83 45
81 21 76
17 88 88
65 13 36
92 17 92
9 35 69
78 85 47
15 0 79
44 68 67
48 25 65
17 65 84
1 47 66
37 73 61
2 23 41
72 53 61
32 2 27
68 51 93
66 70 4
10 68 44
81 85 78
13 83 65
37 83 50
5 67 31
95 90 66
33 2 69
98 94 69
98 53 21
78 55 92
18 21 50
97 2 9
2 87 12
2 97 82
84 56 12
25 86 55
24 17 15
91 48 92
0 2 23
50 96 78
0 49 27
89 18 85
97 9 72
94 28 6
16 44 93
11 52 5
37 93 26
89 59 45
23 54 35
87 85 37
60 37 68
51 85 22
3 46 35
79 81 96
50 84 37
41 91 71
78 8 26
2 75 41
51 99 60
2 99 33
98 92 68
72 50 9
59 57 21
71 24 91
24 69 57
85 7 30
24 65 3
95 30 95
82 33 82
83 50 39
38 90 58
52 15 60
93 90 52
59 81 54
4 7 69
0 13 37
38 34 24
26 49 93
76 62 82
17 79 16
32 5 56
4 26 28
2 72 61
87 62 95
72 76 42
39 65 53
46 83 15
52 92 36
94 27 27
14 45 9
20 23 19
44 18 8
48 62 35
89 88 26
68 26 35
12 19 37
4 85 40
87 65 66
71 6 50
85 29 75
97 60 32
75 73 55
99 25 2
94 24 69
35 85 6
52 60 39
32 77 85
7 59 81
67 97 70
95 81 93
27 73 11
99 71 13
58 83 84
11 60 79
75 45 63
84 80 49
14 66 74
63 72 24
36 23 92
0 47 49
31 52 62
28 13 46
79 72 96
11 3 9
74 34 25
38 60 55
22 43 49
67 41 51
2 99 10
29 89 23
75 10 24
5 39 93
95 47 48
67 6 89
89 22 5
79 98 96
51 23 14
81 63 91
94 15 37
18 20 65
49 94 24
51 54 27
12 28 36
11 27 55
53 90 55
78 94 92
40 53 92
6 81 14
62 29 39
9 96 82
81 63 35
92 10 92
99 68 49
30 91 88
95 37 40
15 4 41
16 96 89
39 2 41
19 5 39
82 40 53
94 0 70
17 97 73
99 89 59
91 21 66
41 38 100
46 44 54
95 84 51
33 1 75
86 24 35
44 40 49
63 65 9
58 3 17
74 63 29
5 91 79
60 4 27
84 15 2
64 38 91
39 2 12
73 82 44
3 73 87
15 85 32
28 60 49
70 85 88
32 12 4
34 8 78
58 33 37
36 89 39
34 22 73
55 69 50
54 29 31
26 24 89
93 87 58
54 20 89
93 54 12
73 45 24
66 86 22
70 12 33
44 60 83
44 49 1
9 48 92
66 22 34
44 5 83
88 11 100
58 39 57
23 1 70
13 0 90
16 50 46
96 39 60
5 23 56
78 74 55
5 76 2
39 99 61
44 38 4
15 92 43
73 24 83
78 7 49
22 82 13
90 16 21
10 17 36
4 77 35
99 56 74
57 7 23
16 17 29
52 46 89
45 33 72
46 63 31
67 37 38
92 28 34
2 37 85
18 31 39
52 31 82
67 78 8
83 23 33
15 97 41
36 50 30
71 9 26
3 41 79
76 88 10
65 55 24
29 73 67
41 28 39
91 83 45
25 30 6
83 90 52
86 14 83
13 67 87
19 8 4
83 81 73
45 71 96
55 46 15
78 76 84
77 2 14
44 34 76
32 37 94
89 62 86
79 91 18
22 92 43
12 0 36
1 9 90
73 75 79
70 34 38
9 3 59
22 7 99
80 21 89
82 45 83
71 60 58
4 3 15
75 26 57
41 39 35
76 93 82
45 42 43
15 3 52
97 89 27
45 19 1
3 5 90
22 84 84
11 40 12
59 43 15
34 59 30
15 32 100
66 38 23
99 77 53
0 59 7
13 80 90
18 83 98
25 68 81
15 73 88
37 41 70
41 74 97
5 0 7
10 70 68
29 15 88
80 97 31
48 5 69
39 42 2
26 62 12
26 70 60
57 97 59
59 2 55
53 88 59
73 7 7
76 86 13
71 64 23
97 29 47
86 98 63
81 29 82
65 46 99
38 12 36
92 50 94
93 91 22
31 86 66
30 81 43
93 1 55
8 63 22
10 76 54
97 1 85
14 13 7
51 65 91
90 40 26
58 39 92
24 35 40
61 43 68
6 87 26
9 61 78
24 11 46
75 45 20
64 44 95
89 63 66
59 95 26
78 99 33
