40 78 26
63 79 77
59 98 23
29 76 46
3 27 50
52 83 33
16 73 12
13 20 84
9 40 84
55 74 10
38 76 96
79 83 14
22 7 16
86 21 61
36 27 48
30 87 49
30 59 50
12 31 74
73 88 57
95 85 9
89 12 15
28 80 100
83 90 14
25 82 71
5 66 28
32 12 19
81 83 91
56 95 28
78 65 69
66 31 84
43 85 36
2 42 59
92 68 63
34 2 18
21 87 52
73 88 80
95 77 81
24 57 10
99 53 99
97 39 48
49 55 53
42 31 7
56 39 50
18 69 19
81 10 59
89 94 20
18 31 2
78 42 56
13 17 39
1 94 29
72 7 43
4 88 67
96 57 21
64 7 17
36 78 40
56 99 9
99 59 67
40 98 46
45 40 45
0 75 56
66 79 66
82 2 53
28 21 52
78 98 18
88 76 21
95 79 45
66 35 85
44 51 35
4 51 64
94 25 19
78 55 1
77 7 60
2 32 60
92 63 35
78 42 14
73 28 93
14 2 53
39 55 45
97 94 78
40 77 67
76 31 41
70 57 52
91 19 6
88 58 22
46 36 16
71 7 72
81 29 37
77 69 29
83 82 82
7 21 72
87 72 2
55 1 76
48 24 24
98 95 18
32 78 43
62 74 76
45 58 79
35 8 22
21 58 8
30 10 50
13 20 6
8 80 67
52 38 96
61 96 89
88 13 79
63 51 21
36 59 72
26 16 37
52 80 89
1 50 25
33 32 2
5 14 94
2 96 26
7 31 6
10 17 73
14 71 39
70 23 100
99 77 92
85 78 18
55 26 77
49 39 82
21 97 28
96 92 47
29 72 44
88 65 85
56 23 59
91 65 88
62 64 51
83 21 45
21 26 17
19 0 94
29 31 84
36 80 35
45 7 38
70 25 54
69 36 15
46 78 100
44 10 3
35 66 74
32 66 45
45 35 68
77 51 38
58 47 32
28 79 97
83 72 16
33 55 81
93 63 48
7 58 22
10 3 73
33 8 33
46 82 76
19 53 20
22 7 59
91 49 96
89 73 27
30 62 9
34 50 27
87 80 32
24 2 77
28 67 13
23 29 50
14 71 22
19 26 50
23 56 62
20 71 35
63 22 52
27 53 42
44 13 74
80 0 11
30 95 74
48 51 99
43 13 66
30 93 60
53 62 10
83 40 71
7 31 52
48 63 59
32 97 83
68 34 56
80 12 6
45 92 76
97 89 80
49 37 65
61 58 70
53 33 52
57 99 94
36 93 90
70 56 42
61 59 17
46 77 70
0 96 56
82 11 44
12 59 31
49 32 65
28 70 1
92 85 12
36 25 66
97 84 58
53 13 63
40 17 42
35 54 42
26 4 62
78 5 36
56 91 82
67 44 75
68 41 49
1 22 58
96 22 3
33 38 21
39 88 73
47 10 24
78 0 40
46 29 91
47 87 95
13 14 54
5 94 47
62 38 3
98 53 78
75 61 97
74 9 36
51 80 79
55 3 4
11 83 95
37 36 94
54 98 16
95 97 33
24 85 54
30 12 77
82 97 9
70 33 67
33 62 87
31 42 7
50 32 23
67 59 19
13 18 27
10 97 65
16 65 35
1 81 81
31 34 78
64 89 6
0 96 84
62 2 11
87 32 13
65 71 79
42 19 28
80 54 5
64 45 3
47 31 75
18 5 33
87 9 26
73 38 35
73 67 79
54 52 82
32 69 86
37 8 16
37 99 54
46 74 64
11 98 63
31 12 9
11 80 73
68 46 85
86 6 7
91 59 3
15 96 95
74 93 31
6 59 26
21 67 54
19 5 82
19 97 59
60 63 52
31 47 80
70 72 100
1 43 8
49 99 76
18 61 84
37 7 71
58 89 91
91 78 52
80 71 99
91 69 53
78 36 24
97 19 71
38 39 77
63 45 9
84 79 68
24 12 30
79 47 47
46 58 69
71 63 11
67 6 32
41 6 79
62 84 44
66 23 39
62 37 66
81 99 26
65 55 75
41 59 43
27 82 3
6 48 71
0 61 19
16 74 75
17 8 67
35 29 85
67 4 83
42 6 92
78 33 72
81 67 3
66 5 49
26 8 87
5 26 42
28 83 16
48 99 66
77 92 51
46 88 4
51 44 70
44 60 48
24 74 20
47 63 84
91 38 16
95 90 47
46 51 93
68 40 58
69 14 96
79 8 68
11 27 85
25 64 7
71 76 40
34 55 19
64 0 57
59 73 97
17 39 21
53 35 35
38 57 33
13 40 84
42 32 45
70 55 97
62 2 21
98 50 72
46 81 50
85 17 26
95 48 66
41 62 48
35 28 23
72 52 73
87 81 87
40 36 39
23 29 67
48 80 49
28 73 29
10 98 26
85 92 26
57 72 51
62 74 65
92 60 95
25 93 92
48 23 53
87 22 15
88 58 25
98 31 47
63 80 88
23 44 17
62 89 85
34 44 96
21 92 92
42 43 87
79 50 57
65 84 61
77 14 86
81 3 79
87 43 64
95 43 57
71 58 46
88 25 30
54 33 86
49 77 12
34 68 87
14 78 61
79 63 42
56 17 24
32 93 76
79 76 10
86 89 86
28 65 93
48 91 69
75 25 47
53 85 10
91 70 86
89 9 19
17 88 49
54 7 89
5 28 97
29 86 9
62 74 74
60 41 46
78 30 28
73 59 97
8 90 56
71 90 27
59 85 50
35 1 83
11 18 49
98 59 20
6 18 21
11 9 61
98 39 20
0 40 31
49 77 14
35 75 87
64 96 76
51 96 96
29 20 43
31 2 81
75 19 65
46 97 96
25 81 17
92 1 24
58 71 64
13 80 67
17 77 18
91 75 58
98 62 71
12 0 95
77 95 86
55 73 87
82 7 68
41 87 75
43 13 78
89 49 53
72 52 56
38 76 21
93 43 27
65 25 95
49 99 52
39 72 73
81 1 96
98 65 90
81 43 57
36 9 96
32 66 75
69 50 25
33 19 69
0 9 85
37 14 22
91 7 68
46 22 21
31 17 14
3 60 6
33 1 60
50 58 56
82 41 54
57 47 29
34 33 18
6 42 89
53 20 86
82 92 60
69 54 93
66 11 44
80 93 86
18 54 69
0 90 41
65 40 79
40 13 60
11 85 59
21 72 35
74 86 100
34 40 86
30 96 29
40 79 19
29 4 63
66 31 37
21 58 49
98 63 82
20 18 51
57 44 37
86 28 76
13 34 29
44 9 46
52 97 26
75 26 55
12 3 26
11 55 82
86 87 43
97 88 6
54 6 70
77 34 11
69 31 87
3 71 45
91 7 87
91 77 86
75 36 11
87 44 89
12 1 82
17 42 96
67 32 80
72 1 93
25 51 98
90 46 32
90 28 2
11 16 65
20 71 79
42 2 76
48 6 61
49 58 20
16 75 97
65 66 64
20 22 56
75 10 29
28 52 15
31 85 76
53 18 84
28 66 25
67 63 77
49 29 10
6 96 67
31 54 65
10 31 48
66 29 85
57 78 22
28 71 31
61 13 94
11 54 81
4 43 48
46 84 71
54 90 46
38 94 57
69 9 81
48 13 70
31 67 32
94 72 8
73 84 91
98 77 86
59 72 93
19 41 35
76 67 5
39 90 74
21 6 99
40 83 68
84 10 34
75 99 34
89 52 48
65 73 35
79 74 53
39 66 56
0 69 66
93 58 42
6 70 28
45 91 86
71 91 82
10 47 67
97 7 90
7 46 4
60 48 78
80 73 10
49 12 87
71 65 97
69 58 66
92 44 61
54 40 82
40 71 30
81 34 98
49 11 77
41 3 65
14 93 91
73 46 83
89 29 43
82 85 49
8 58 85
28 41 55
33 28 4
84 82 36
96 91 66
36 51 19
0 20 59
73 51 5
71 4 100
66 25 68
46 67 95
54 94 24
74 91 74
13 7 86
37 85 93
59 32 28
93 86 20
94 1 77
49 31 80
76 61 94
91 24 21
87 49 98
25 69 28
97 42 88
56 37 20
22 2 43
7 5 74
0 23 2
66 19 32
49 70 99
92 22 18
85 32 64
63 74 94
37 26 45
25 86 4
89 24 33
97 47 45
29 56 3
74 56 52
56 81 80
93 69 12
65 98 31
44 16 7
58 52 58
57 9 87
35 78 54
71 69 79
17 9 80
92 53 25
9 34 37
11 28 44
90 75 35
16 87 95
25 78 78
55 95 58
62 70 78
51 44 10
74 53 39
88 56 24
0 38 87
60 52 78
56 72 6
12 93 10
65 8 7
69 54 69
49 2 30
55 29 15
39 33 93
86 38 84
51 69 97
11 77 22
79 82 77
64 98 6
33 14 16
24 48 46
74 51 54
12 93 88
34 21 59
39 69 29
35 76 97
36 29 53
36 44 86
44 99 1
16 30 37
31 41 5
82 89 73
87 4 55
90 12 13
86 80 30
22 9 95
49 64 75
63 49 65
83 34 99
74 15 52
72 8 25
75 74 66
6 97 87
22 96 41
32 4 16
32 23 24
56 1 95
34 49 86
17 80 99
20 64 82
61 99 8
65 9 10
48 59 35
76 79 75
95 49 10
87 52 68
51 22 33
55 3 29
83 20 32
64 62 35
62 23 73
98 47 66
83 92 4
56 88 46
63 52 34
44 48 3
32 72 57
94 65 87
1 3 48
94 22 41
92 10 33
88 57 90
37 78 58
35 9 62
4 98 1
14 82 73
66 67 56
29 99 47
22 4 41
59 62 67
20 34 24
95 52 44
61 5 10
37 59 60
6 13 96
3 78 6
58 65 18
27 77 10
9 8 38
40 13 28
84 50 25
67 29 51
95 83 91
87 4 64
2 52 9
16 49 77
74 9 13
44 86 36
77 22 45
37 48 23
72 25 7
76 91 36
87 81 67
12 15 28
32 18 62
81 94 10
8 84 7
98 71 21
44 3 97
66 28 100
98 99 7
87 71 15
13 95 42
8 92 61
57 85 100
82 70 3
37 45 41
62 78 97
53 38 48
71 38 35
67 84 24
70 54 50
24 6 51
77 59 67
57 1 48
89 26 10
80 28 44
79 42 52
24 84 74
9 11 95
90 79 56
71 27 4
5 9 77
94 49 79
82 91 11
83 98 67
72 28 100
22 58 85
30 48 87
44 78 23
61 29 5
99 5 81
58 63 22
77 56 92
91 31 85
92 17 16
17 2 88
56 63 70
22 80 52
75 53 47
2 32 41
32 1 52
97 39 24
66 52 10
79 73 25
39 22 29
88 85 86
43 13 53
52 64 70
39 54 22
73 69 65
71 56 47
33 23 64
72 16 24
57 39 35
96 12 19
57 11 100
37 42 72
51 16 75
20 21 81
30 26 31
25 0 17
38 80 80
82 60 13
14 73 30
9 36 39
76 43 15
80 70 64
60 53 57
45 8 54
60 39 50
43 98 55
82 24 91
40 46 69
22 87 4
54 79 24
13 28 11
65 13 18
13 56 24
3 48 42
16 29 75
43 92 34
13 26 66
12 75 64
62 11 70
54 35 35
50 40 79
88 50 77
70 58 95
58 88 81
32 38 26
46 43 88
30 12 45
40 42 95
28 37 22
23 79 80
22 33 95
69 53 68
98 38 68
73 12 81
99 81 30
36 22 52
11 58 59
80 65 37
17 44 81
85 73 79
36 7 52
69 7 59
5 0 38
17 16 45
96 67 61
54 58 24
15 68 86
1 22 13
43 50 29
60 12 49
40 98 59
62 54 77
28 34 34
77 18 72
80 90 2
3 31 76
95 93 95
82 35 77
34 14 91
57 33 29
21 59 53
70 72 84
21 70 70
18 4 85
54 11 64
60 31 44
99 48 2
91 63 11
98 34 53
58 48 49
84 64 62
90 0 38
53 47 26
89 52 94
34 48 1
58 8 22
68 14 17
73 75 43
69 24 35
70 67 4
48 60 37
15 16 54
30 14 87
58 42 89
51 96 96
79 43 41
28 24 86
35 48 67
46 89 61
1 64 38
38 86 95
5 41 79
8 64 46
73 39 35
68 89 49
74 98 47
34 51 33
31 13 53
40 42 82
98 41 88
95 43 31
46 68 44
20 12 72
79 10 76
42 9 97
95 53 22
44 20 84
21 49 26
25 51 70
52 81 86
95 84 13
20 90 38
32 99 43
62 78 59
5 56 85
97 81 85
35 82 42
67 63 40
25 36 80
99 79 63
17 97 17
31 8 67
4 81 15
43 60 59
65 19 71
93 20 53
27 57 86
29 21 51
83 16 19
31 64 11
85 73 19
44 40 80
46 29 81
79 65 43
69 30 12
45 6 33
10 77 18
73 45 49
84 81 27
80 89 32
78 9 48
58 19 97
22 49 1
80 64 48
85 65 52
3 42 55
88 35 64
40 1 46
66 78 87
8 85 65
85 3 95
96 25 44
53 64 24
60 61 2
65 50 56
70 83 20
52 0 68
20 70 55
48 65 92
22 8 43
43 67 40
28 39 7
52 30 40
56 3 25
44 42 9
58 2 81
24 74 43
60 5 50
24 38 62
43 62 50
80 57 81
61 31 10
91 61 3
97 17 50
97 34 75
44 72 9
83 3 25
23 16 38
10 72 69
76 6 87
9 59 25
28 49 31
20 95 22
47 93 87
44 69 59
22 8 95
41 1 66
12 19 12
79 49 13
91 69 89
68 53 96
79 63 66
47 99 51
88 45 9
63 71 48
82 87 5
78 15 24
20 1 16
5 9 23
52 0 89
44 18 26
10 91 90
6 49 72
8 33 11
86 23 83
75 84 5
62 71 23
82 32 62
13 30 63
46 37 44
93 39 34
57 70 29
25 99 82
16 50 80
28 21 53
2 58 96
34 21 19
13 35 79
10 87 46
97 45 17
78 48 46
89 80 10
67 3 91
83 40 51
89 79 45
10 5 79
34 99 49
28 60 59
45 28 20
87 55 12
35 90 26
43 7 30
66 29 64
75 65 56
55 24 68
52 93 35
74 73 97
76 46 3
96 77 72
30 37 37
82 9 20
8 45 29
25 67 35
54 3 77
36 49 75
53 80 45
94 71 4
5 35 42
45 31 98
92 47 39
42 19 27
59 86 78
95 91 91
76 20 85
6 97 38
83 29 47
20 72 81
58 3 10
79 19 52
95 59 19
39 23 82
74 79 5
60 87 64
61 82 81
84 70 33
32 37 50
29 6 49
95 50 4
0 69 84
61 71 98
75 98 1
81 73 77
94 33 81
44 69 1
20 69 96
85 3 92
36 73 69
6 27 72
33 81 41
13 17 60
50 90 61
82 26 78
64 90 3
9 10 74
1 70 3
17 68 86
12 56 23
24 95 18
25 57 57
18 64 6
28 62 99
65 11 29
56 33 6
11 84 71
59 98 27
6 75 21
55 93 59
33 26 72
54 23 72
61 68 58
3 10 89
93 66 68
92 5 8
59 36 33
30 58 20
84 21 73
39 65 50
98 83 72
93 36 63
41 63 67
12 89 72
50 77 2
58 32 23
37 15 11
92 35 11
33 45 39
36 50 5
73 0 8
70 3 78
13 50 52
29 17 49
82 47 100
77 34 61
86 72 5
46 75 20
68 76 58
85 29 67
60 94 32
38 31 35
96 41 97
6 19 43
22 4 70
80 18 59
3 42 40
46 26 84
72 1 39
43 13 51
61 91 18
90 27 18
98 47 16
36 56 11
77 56 29
14 28 58
54 75 61
39 37 96
8 21 12
0 90 95
42 99 60
46 45 50
54 41 98
21 94 56
23 41 24
88 91 95
15 94 88
20 10 55
74 87 33
32 68 98
35 4 39
48 47 27
84 50 76
81 84 73
99 4 71
20 45 34
22 73 62
92 57 31
35 12 72
6 19 66
91 31 14
6 37 81
5 69 59
69 18 79
70 27 52
17 46 67
1 97 82
99 93 85
44 1 30
51 75 5
7 36 55
53 8 79
32 61 12
11 67 21
79 91 1
69 53 38
4 5 66
69 18 2
19 44 95
59 36 36
8 2 83
23 7 87
53 90 98
38 94 16
87 20 19
52 97 100
64 53 94
8 36 27
14 75 98
5 1 87
58 50 56
8 34 53
13 64 47
81 89 10
83 99 67
10 25 38
96 83 35
49 77 63
4 23 5
92 19 61
20 53 80
98 41 32
7 79 21
19 18 10
89 42 16
37 47 95
80 97 4
42 71 53
45 24 91
5 99 51
77 31 69
8 22 72
34 11 58
72 57 13
74 9 62
97 93 83
58 33 49
17 87 65
44 48 53
25 77 32
41 67 5
23 72 36
60 62 60
36 13 60
72 2 71
39 69 26
85 90 9
70 9 97
84 40 68
7 83 10
51 65 17
36 10 97
97 7 2
42 98 18
25 9 60
25 9 8
45 71 20
94 29 82
11 55 87
27 62 28
41 20 6
77 98 41
1 23 87
71 44 97
71 75 96
64 97 19
41 94 46
71 16 44
3 69 78
53 93 85
55 2 44
42 12 10
73 36 39
27 43 63
64 80 15
6 49 36
40 19 61
0 1 94
85 20 88
60 7 90
86 93 40
83 25 97
73 30 42
47 10 2
75 3 62
52 42 95
36 95 80
2 64 17
77 50 47
28 93 84
32 69 3
93 58 80
86 64 99
89 5 83
52 39 81
34 92 56
27 48 71
13 88 33
98 11 55
97 57 47
49 23 38
15 8 41
18 71 8
37 87 11
1 85 67
58 73 85
76 88 69
62 65 96
17 46 89
11 33 98
48 98 45
52 33 18
78 99 95
42 51 5
17 93 69
52 62 82
38 77 2
17 30 19
74 72 1
15 70 99
48 9 86
45 97 6
21 78 58
70 12 79
69 99 19
44 88 23
52 96 93
69 28 58
14 98 58
41 60 62
5 29 47
86 26 9
28 36 98
69 33 43
98 88 44
66 24 56
24 44 9
2 82 10
54 93 37
31 24 75
9 54 13
45 41 6
81 94 47
11 30 47
49 14 28
6 55 51
49 50 89
58 44 53
91 59 8
25 59 16
5 57 74
49 39 17
6 72 52
73 98 31
88 6 86
94 76 32
65 10 72
68 4 35
77 50 15
47 19 7
96 48 84
33 69 60
34 44 39
33 15 76
82 8 68
62 63 51
76 99 73
82 96 36
16 35 3
57 12 94
10 32 86
20 58 3
49 71 62
82 4 7
70 32 39
97 11 57
12 14 28
63 17 12
74 13 61
72 59 85
84 63 5
99 71 14
30 81 85
70 92 34
96 46 24
30 36 72
56 92 98
82 94 51
12 13 63
27 61 76
37 23 21
96 29 20
11 97 85
81 19 29
63 47 19
60 7 32
74 51 59
24 45 27
96 76 49
19 88 82
57 23 72
31 69 27
49 59 1
14 40 47
98 60 50
18 34 15
93 58 6
87 36 39
76 50 91
73 94 43
28 66 83
23 58 24
50 85 96
8 50 63
21 81 93
14 8 100
97 87 74
36 52 76
96 51 87
50 95 23
54 33 99
4 99 14
45 55 18
46 37 51
37 48 84
41 38 56
54 50 82
23 8 81
56 46 33
19 83 79
55 42 44
9 38 70
96 48 93
95 59 97
73 9 31
3 87 91
68 78 89
78 20 27
9 94 78
25 10 90
71 59 48
45 82 66
68 74 95
72 48 33
23 56 86
69 51 14
28 44 70
40 6 13
69 52 74
14 50 12
52 23 56
95 31 53
71 18 88
3 59 26
16 85 24
22 7 58
86 13 79
72 18 10
20 37 41
44 75 70
68 45 32
11 10 48
89 5 54
75 93 76
77 31 78
34 32 58
56 46 42
47 14 82
55 64 63
2 53 13
31 22 16
82 67 11
48 92 56
66 37 82
96 63 84
66 94 29
17 10 85
80 62 39
72 67 28
2 40 83
20 67 63
41 14 52
12 72 58
56 41 40
43 7 6
71 49 59
92 29 77
24 75 15
80 84 31
35 75 11
78 20 39
37 15 3
42 32 99
88 5 73
98 27 59
6 5 80
43 83 43
64 2 81
77 74 69
48 30 100
94 49 17
35 2 39
10 98 65
77 87 37
73 78 50
75 2 7
7 73 74
0 42 95
25 78 39
0 86 61
97 70 79
89 28 60
90 32 65
92 11 74
46 91 46
78 56 82
14 37 23
15 80 84
97 9 96
17 87 7
62 35 38
4 14 68
83 63 79
45 72 39
22 21 83
44 30 30
1 81 59
6 33 35
48 2 80
19 8 37
13 52 13
91 49 76
36 20 72
54 48 1
95 16 50
71 46 90
82 84 47
27 19 62
28 65 2
37 31 12
58 9 68
16 84 70
35 5 90
2 62 15
69 25 49
35 95 30
28 33 24
30 42 24
69 70 32
16 19 62
14 54 90
34 10 70
22 28 7
95 72 4
14 0 70
5 7 28
84 69 95
68 99 60
97 88 56
84 82 56
94 13 11
36 54 90
35 68 55
73 75 49
18 68 97
81 40 92
76 32 63
65 22 47
92 80 49
63 13 90
56 34 92
70 86 33
12 83 60
11 84 84
53 18 23
53 27 65
6 51 37
57 98 59
96 92 85
52 74 44
29 35 71
53 92 12
22 51 65
56 93 24
17 2 21
94 9 67
45 25 77
98 78 44
46 4 59
28 65 36
43 73 9
0 36 90
86 37 64
85 22 61
16 89 40
15 20 56
99 67 53
28 4 64
58 49 3
19 54 13
54 66 60
81 89 83
34 80 39
39 20 14
1 67 28
16 99 6
34 27 92
60 21 2
79 95 30
36 37 48
65 91 60
37 63 88
81 78 48
24 74 94
65 8 86
45 15 45
89 84 5
87 37 69
64 48 31
49 61 33
16 56 8
13 55 100
2 42 88
96 4 33
39 96 51
78 83 83
47 89 42
13 65 87
50 77 69
58 99 18
33 37 35
89 20 35
48 76 49
67 96 89
41 96 35
95 96 19
51 93 74
43 92 85
6 69 59
85 15 67
0 76 95
6 76 41
91 75 50
60 42 70
23 38 75
52 89 68
42 65 45
80 51 92
56 44 42
8 56 51
87 63 72
97 26 89
98 43 99
94 46 1
79 85 55
50 30 22
74 3 6
39 98 94
51 83 19
1 29 19
37 22 70
35 30 14
8 74 80
92 59 90
39 32 72
71 93 53
51 37 32
75 19 48
99 42 55
45 91 1
74 24 37
78 5 27
71 39 81
69 19 94
66 39 49
99 50 31
85 8 100
10 68 31
26 52 70
95 20 22
80 97 83
85 2 11
62 0 81
26 9 24
35 69 1
68 69 2
95 53 74
27 19 2
45 13 45
12 39 18
64 98 66
28 44 59
50 73 61
31 99 32
45 42 91
62 48 30
38 31 47
86 77 71
92 58 80
89 44 25
0 27 26
20 72 27
49 48 79
18 53 67
60 74 11
22 43 79
95 90 80
32 18 89
46 38 66
80 97 41
35 39 89
54 4 86
24 8 58
98 34 58
76 72 25
52 8 25
83 49 27
20 28 10
16 30 94
29 83 99
23 52 1
6 15 43
15 95 55
64 50 15
90 2 42
4 90 64
98 78 90
3 19 38
8 57 53
53 10 5
24 46 71
53 25 77
57 90 45
12 77 90
6 88 67
16 32 75
53 34 57
36 88 49
34 67 29
93 76 23
71 18 88
17 49 57
67 73 41
74 46 62
87 37 38
1 33 94
99 81 46
97 65 61
87 48 96
26 6 49
68 95 35
44 12 50
90 33 80
9 94 22
99 95 43
65 56 22
55 65 85
87 96 71
18 32 6
23 56 93
4 89 13
45 4 59
87 85 32
85 37 45
97 49 67
78 19 69
14 92 15
70 9 87
28 95 79
26 38 70
73 1 14
79 36 75
26 60 8
61 40 33
81 29 49
34 63 96
89 70 16
83 88 27
41 57 53
12 74 29
37 91 51
58 53 84
34 89 13
42 16 11
38 58 31
9 13 62
13 5 58
0 90 11
99 64 37
61 49 60
93 27 29
27 0 15
53 77 12
42 98 78
74 28 33
66 88 34
18 52 47
85 89 47
51 29 25
48 38 37
96 9 93
67 41 20
77 94 64
96 18 29
43 23 50
49 90 69
40 7 65
65 69 71
95 60 8
84 15 67
11 29 19
17 38 86
45 42 99
49 66 86
93 37 69
34 41 84
65 18 75
80 51 44
82 56 36
93 58 80
92 74 76
45 3 70
68 71 45
32 24 73
51 71 17
7 38 38
42 58 89
6 49 81
75 42 90
56 47 3
39 62 19
97 38 96
69 54 30
1 69 22
29 82 33
16 64 48
58 12 85
5 75 42
46 10 4
58 41 2
57 47 4
53 50 3
68 84 43
44 78 66
33 17 43
79 63 15
64 9 48
71 59 17
66 2 49
76 0 37
24 7 93
59 57 100
0 92 10
23 73 71
23 38 53
97 28 53
19 33 14
61 51 72
27 60 99
58 20 18
86 38 26
91 40 96
18 2 97
93 9 29
66 53 72
8 46 44
61 68 66
6 47 44
92 6 65
40 78 22
65 36 62
66 56 33
6 26 42
60 98 61
20 68 15
85 66 59
75 33 28
23 93 58
39 63 39
34 4 95
18 16 72
53 67 46
55 13 50
55 87 98
22 58 19
79 41 90
42 14 39
96 54 57
22 28 54
43 6 38
41 22 44
16 56 62
37 40 12
53 84 32
89 90 86
59 91 85
34 80 19
93 70 75
29 0 85
67 97 32
18 69 56
3 73 95
17 66 9
77 97 83
99 50 80
77 11 73
14 94 44
98 79 87
78 36 35
76 8 95
26 66 95
79 44 97
19 5 53
96 29 14
0 77 66
0 89 83
67 3 13
27 53 89
37 65 5
17 60 32
97 34 3
57 7 86
66 86 52
30 62 75
78 74 37
1 51 44
71 12 42
57 23 35
0 81 1
52 38 24
64 69 37
15 75 21
3 4 78
59 37 50
11 38 86
13 2 23
36 38 62
17 97 23
98 11 89
14 68 38
74 57 85
22 9 73
26 27 17
93 32 54
15 93 72
2 65 95
57 25 10
87 3 56
71 95 83
2 52 83
57 37 19
78 0 48
51 54 17
81 41 31
71 55 44
54 66 32
74 17 43
9 2 47
64 46 24
10 89 53
9 98 40
36 5 1
14 55 5
88 75 28
25 28 24
38 13 66
51 89 73
91 76 7
95 72 43
0 74 14
51 72 87
37 34 51
59 46 54
34 97 52
80 65 64
84 75 93
43 70 77
43 55 83
75 17 16
1 75 12
54 66 68
51 44 61
45 82 18
44 38 54
41 31 8
79 36 1
80 92 3
20 40 60
59 63 9
76 94 73
85 33 82
23 21 76
95 42 95
1 41 42
7 51 99
66 24 78
49 18 74
55 45 36
30 39 62
99 74 34
42 66 27
88 94 83
2 50 28
44 19 61
1 3 77
4 57 76
46 42 80
80 66 91
34 13 12
48 68 69
70 12 10
46 19 25
90 33 42
20 7 99
57 32 89
29 43 89
49 88 56
55 69 49
20 50 27
55 44 54
92 23 24
79 12 34
88 43 28
66 50 96
39 63 2
48 2 12
83 68 100
97 74 73
7 76 35
50 97 17
87 84 34
49 13 53
74 38 42
95 78 8
90 93 74
15 21 99
75 93 86
23 31 48
26 5 82
90 5 48
18 33 50
47 71 49
21 66 1
66 86 58
16 58 21
61 43 4
82 71 12
83 75 58
8 94 5
41 27 90
64 56 83
57 74 40
30 78 55
74 34 85
3 93 53
89 37 68
58 79 17
79 67 34
49 99 72
1 77 54
5 24 92
49 37 10
62 48 12
9 5 51
95 61 57
59 26 12
0 44 54
54 42 59
37 39 67
28 72 66
23 29 13
29 43 59
46 72 85
46 73 100
33 44 93
72 48 31
78 7 91
27 61 81
42 95 52
69 66 85
86 21 56
65 18 8
59 51 39
24 86 33
55 31 31
75 25 67
77 59 93
95 50 13
86 95 28
8 64 85
6 79 91
69 73 70
13 29 89
73 0 10
19 15 28
4 69 77
57 67 78
38 97 11
68 91 92
4 68 28
96 10 54
22 64 52
93 32 49
49 85 100
85 36 75
47 9 9
66 34 34
14 66 24
63 52 94
73 57 30
15 81 44
64 51 33
99 80 20
55 99 51
42 58 6
17 49 33
83 46 44
37 60 4
26 81 93
49 36 74
92 86 79
9 18 27
9 53 37
31 90 47
83 76 37
64 28 52
98 5 55
29 98 50
88 67 35
78 55 65
98 44 8
66 50 94
99 24 87
38 11 70
64 21 83
11 79 32
33 22 27
40 95 88
31 47 44
90 42 77
76 43 3
68 55 79
44 39 1
59 67 62
31 65 77
27 42 16
37 79 90
19 77 100
69 31 58
6 81 84
46 56 12
1 92 48
32 22 55
24 68 34
47 89 62
80 33 71
42 16 25
22 79 43
95 74 29
49 4 63
88 74 95
33 80 75
25 52 30
77 57 36
95 47 68
59 72 82
8 64 23
74 0 83
64 94 37
3 52 2
89 4 66
25 6 30
80 98 5
64 19 72
77 86 38
66 37 10
26 42 23
77 26 26
72 26 9
32 68 73
29 27 52
30 75 62
22 70 19
45 34 34
34 65 26
15 74 77
68 97 61
67 13 68
86 69 45
86 46 52
55 71 77
43 58 75
72 8 50
73 9 88
22 37 62
30 79 16
79 7 70
78 1 66
94 48 43
86 53 68
95 24 26
58 95 14
39 68 6
66 65 3
55 36 61
32 9 68
74 42 40
81 59 50
39 8 70
46 35 77
62 0 92
14 93 74
32 73 51
2 74 35
92 88 40
97 49 65
21 36 18
60 33 5
3 52 32
31 14 96
96 47 60
33 82 15
53 54 11
39 13 87
26 9 49
41 90 93
40 51 63
16 10 69
3 58 52
34 8 3
8 71 65
75 25 64
19 55 76
95 13 4
43 59 87
7 75 75
6 38 77
12 48 92
47 37 2
66 63 69
70 73 65
94 4 93
64 50 59
24 37 54
73 93 87
65 82 83
19 49 8
66 36 24
27 17 58
37 55 94
16 12 8
28 80 24
27 54 44
9 54 89
68 86 2
89 66 97
49 41 37
54 27 81
41 42 98
60 98 77
18 15 17
83 12 37
44 64 43
65 61 7
32 20 61
53 95 36
67 99 27
68 96 2
79 61 22
78 43 37
62 15 6
9 23 84
54 23 77
90 2 58
3 17 65
90 92 34
71 5 42
42 41 20
33 2 74
0 80 15
81 13 17
93 3 87
57 41 49
43 72 84
3 21 51
28 73 63
41 65 58
61 93 9
19 26 25
65 26 63
8 48 95
79 61 30
30 82 56
40 55 66
95 49 31
33 22 10
43 26 84
19 70 40
37 65 13
88 1 15
27 34 48
9 71 63
29 9 86
22 56 94
10 93 51
75 9 19
21 72 100
85 70 63
88 42 77
59 31 28
20 62 19
64 0 93
0 46 61
81 63 6
80 72 91
19 37 62
42 27 26
39 49 76
26 3 65
78 79 77
52 49 85
83 72 90
11 47 88
38 5 56
10 52 89
73 98 64
48 55 56
61 5 45
24 83 59
84 82 5
20 1 42
48 6 88
58 33 38
75 63 49
65 57 34
62 75 16
43 89 8
46 54 16
45 7 50
35 43 20
87 35 3
9 83 67
34 73 51
2 17 96
86 2 17
29 16 48
97 58 38
9 33 9
93 65 95
85 11 46
73 99 26
40 29 14
4 72 13
42 94 19
63 76 1
65 54 90
91 36 39
40 71 11
63 31 91
72 23 35
38 34 81
19 54 51
30 29 89
74 11 57
9 77 93
18 98 75
31 40 91
76 7 60
33 26 90
14 19 80
0 70 5
98 71 75
8 78 24
76 10 77
89 36 35
98 51 50
4 95 19
22 29 21
15 68 1
79 47 18
82 39 86
24 70 58
44 93 46
30 91 64
11 30 65
15 79 58
76 44 2
17 52 49
68 23 51
38 4 64
40 36 74
3 39 58
67 7 50
25 79 30
75 98 15
48 33 33
66 11 20
95 53 17
13 40 44
6 73 39
84 56 50
52 18 28
37 13 6
80 58 68
60 88 58
24 68 79
95 63 62
99 13 1
33 40 82
28 26 32
59 80 13
59 34 84
52 84 24
23 80 41
53 57 39
37 48 7
65 55 25
80 11 82
49 1 98
80 79 3
13 9 13
39 69 81
63 59 20
93 98 69
9 11 37
49 15 61
0 72 64
77 78 12
68 66 100
2 88 7
89 96 45
49 72 93
15 87 93
75 78 32
60 31 56
96 9 31
98 84 58
5 33 87
30 40 16
22 19 90
39 45 14
5 39 46
12 59 22
0 28 44
63 69 25
5 83 50
61 68 19
9 48 55
25 44 93
16 34 24
54 12 2
12 47 83
23 81 48
35 72 64
68 19 98
71 35 43
13 0 4
80 69 73
36 39 44
41 71 91
20 32 4
75 47 41
13 45 11
72 61 78
83 4 53
3 84 27
27 66 93
63 78 37
54 28 63
59 52 15
8 74 94
14 90 5
12 22 82
88 37 71
87 12 28
14 72 53
24 90 72
16 68 97
85 66 45
61 24 24
32 3 40
64 97 88
28 5 26
28 29 94
56 88 92
6 7 76
95 96 30
69 11 58
2 24 42
5 69 53
76 15 23
52 72 93
56 23 53
50 49 16
23 42 61
81 88 70
40 61 8
5 3 62
39 28 39
75 30 66
48 20 51
82 11 50
99 98 75
48 86 22
25 91 32
90 35 58
79 53 99
14 2 87
70 26 25
2 51 94
51 62 50
6 96 70
10 30 84
15 63 25
78 8 49
60 83 26
46 93 91
3 88 17
61 59 31
19 5 20
46 94 15
28 8 86
48 59 93
51 22 38
47 79 34
83 7 67
81 0 79
81 39 32
66 44 12
28 43 21
15 58 59
46 73 12
17 90 14
26 80 76
70 6 87
40 54 76
62 72 35
45 85 68
37 53 74
90 78 79
53 10 97
73 96 69
1 68 21
40 75 32
82 0 16
57 4 40
69 12 81
12 30 19
85 93 70
56 5 79
76 47 89
84 10 46
7 30 79
94 29 80
79 41 21
20 51 59
61 33 44
70 13 69
69 2 61
11 17 22
57 60 27
57 8 35
36 37 29
78 39 41
0 52 89
86 36 49
44 46 82
70 11 37
26 22 15
65 4 61
16 71 10
44 31 48
57 9 4
31 94 59
6 41 22
58 46 84
10 73 69
3 60 65
33 43 76
0 86 76
71 68 43
32 82 54
25 69 88
33 34 88
50 76 78
46 76 78
41 63 60
57 12 100
79 5 98
47 27 56
25 8 96
4 88 74
76 65 55
99 31 73
45 87 32
49 85 73
9 90 15
4 86 94
79 93 53
53 28 36
47 28 40
16 75 68
13 49 35
43 11 91
19 44 37
21 6 30
85 36 9
65 0 64
4 45 29
28 92 99
41 84 3
81 88 37
42 22 50
70 5 83
0 96 30
64 1 72
92 3 73
61 21 45
27 81 38
74 31 48
99 16 82
57 47 100
71 22 77
20 41 53
7 33 72
46 26 9
93 13 91
49 50 14
90 92 59
96 32 3
35 46 2
2 63 20
29 49 6
42 37 56
21 24 88
29 21 7
55 84 16
84 15 61
65 90 29
86 45 14
12 88 34
83 90 99
70 25 10
58 30 86
30 37 84
40 44 83
88 78 26
44 79 86
71 8 46
49 40 58
23 37 5
83 38 8
54 68 86
50 26 27
26 73 43
82 71 10
31 34 93
12 11 66
47 4 22
68 18 83
98 14 78
4 91 34
84 47 33
76 34 32
95 40 90
65 14 56
96 22 61
25 43 15
82 78 2
88 91 79
97 78 18
31 29 28
0 25 38
56 59 39
67 2 30
60 37 26
23 76 89
38 33 79
6 17 96
57 38 32
80 33 20
45 30 53
36 42 98
72 83 32
60 88 52
9 77 70
93 63 87
68 31 16
4 30 3
80 25 50
57 63 72
65 18 91
59 54 92
49 52 2
87 80 20
26 19 55
88 14 90
93 48 48
37 78 72
86 32 89
15 14 30
53 50 80
40 21 73
74 3 77
96 73 96
55 69 38
10 11 31
6 61 15
26 27 70
22 98 71
86 16 10
91 24 87
87 18 76
94 7 80
7 75 31
26 18 54
8 84 90
90 9 94
63 83 13
9 57 38
70 46 30
27 10 53
86 4 19
33 16 48
95 92 95
2 19 95
22 40 79
52 93 93
49 43 96
76 37 30
91 94 7
26 38 77
45 93 55
16 88 40
49 86 74
9 40 77
76 8 16
41 4 5
79 61 50
70 31 34
99 16 47
10 64 60
89 65 37
23 73 55
66 72 8
2 0 57
20 76 61
37 25 99
13 25 61
34 45 34
66 3 73
44 64 16
7 81 49
4 60 21
48 70 66
34 11 98
13 42 46
6 86 90
18 52 42
6 79 19
61 75 85
36 2 3
81 95 28
19 64 19
98 39 22
27 11 74
12 55 2
17 80 51
40 11 67
43 78 30
29 85 70
85 21 91
89 30 88
24 67 99
52 58 58
30 70 94
15 86 76
70 63 24
13 0 58
71 87 7
89 65 20
15 85 7
26 57 13
88 44 74
45 21 29
50 90 49
24 0 57
36 87 21
28 58 53
97 1 39
83 90 50
41 2 69
89 71 75
31 48 17
37 86 33
44 72 12
93 8 76
40 64 85
52 21 49
20 33 97
35 47 50
39 11 12
65 88 86
87 1 7
40 13 75
60 28 93
49 8 46
27 18 71
34 69 99
62 82 51
11 61 34
95 97 17
74 5 71
80 22 7
88 86 30
65 63 30
65 33 55
71 82 11
22 33 43
35 10 60
94 20 84
64 98 74
84 66 64
60 43 12
98 97 58
24 94 35
80 67 100
37 15 46
13 7 48
36 79 88
35 60 22
66 21 26
62 89 94
25 41 29
81 48 55
39 31 21
20 58 25
41 18 3
69 61 55
83 49 14
47 13 18
12 95 69
37 4 90
72 12 41
30 93 76
73 15 89
39 82 24
95 72 32
61 8 43
76 24 7
92 27 26
47 77 77
99 14 31
86 31 6
25 8 71
99 8 59
87 97 12
21 61 91
96 49 44
30 17 51
56 87 84
11 93 69
53 48 79
27 97 58
16 61 50
73 50 3
87 45 16
65 45 7
73 92 36
71 29 97
31 87 58
48 83 4
79 45 84
43 83 74
26 43 81
3 31 87
53 57 30
27 28 94
12 77 58
75 15 38
36 47 91
2 40 45
80 17 4
60 27 31
7 11 18
71 19 36
87 76 37
34 30 34
88 68 6
49 57 73
26 44 25
34 40 16
16 38 71
3 5 65
43 64 18
4 62 2
1 30 63
34 23 89
78 62 6
3 58 12
6 14 18
55 45 74
60 28 43
80 33 12
81 46 10
50 78 10
24 34 8
3 71 11
81 30 85
18 85 90
62 58 81
79 12 70
75 97 76
47 81 37
4 72 72
5 44 73
65 67 77
32 35 4
18 66 68
61 5 62
90 42 10
35 86 91
14 52 19
2 67 18
86 0 77
34 79 27
69 22 32
40 66 26
34 57 44
46 44 39
85 87 56
75 20 3
85 26 61
16 98 87
83 53 17
58 17 39
1 60 32
47 43 42
6 60 57
93 51 64
20 55 97
93 83 24
14 63 97
45 47 64
88 8 72
12 0 12
59 26 6
55 94 81
38 62 52
12 18 93
57 37 82
65 41 98
32 15 56
69 12 6
0 98 67
61 72 75
82 83 2
52 99 57
66 8 49
83 78 85
46 85 30
48 56 21
54 25 62
66 31 86
76 52 43
78 5 24
29 14 94
14 40 20
44 78 45
4 32 48
68 89 42
81 92 60
60 84 78
32 53 85
83 74 58
96 27 95
6 37 75
81 25 89
4 59 87
22 62 13
98 12 87
52 4 84
17 39 55
24 3 31
38 6 47
57 82 27
37 90 96
52 16 28
31 8 82
64 6 60
47 92 64
13 63 43
89 79 93
7 29 95
83 31 12
83 0 83
16 2 91
62 14 52
93 75 16
60 83 47
85 97 9
11 55 98
25 53 82
42 9 89
19 5 88
80 96 96
78 8 15
68 62 95
57 83 68
46 4 4
61 90 74
33 83 2
17 29 26
99 37 85
5 14 29
16 45 40
37 24 32
80 13 25
31 27 10
35 94 36
11 60 69
94 39 19
79 68 39
70 79 16
43 15 92
20 57 70
98 82 58
47 67 43
28 46 52
11 3 24
92 32 80
96 0 61
16 73 1
6 89 67
39 49 6
93 51 69
53 70 51
48 50 95
30 86 17
29 91 37
78 0 68
91 73 81
53 59 79
13 95 61
99 22 38
22 5 91
89 47 42
80 13 14
95 32 54
19 33 64
31 13 42
37 38 9
32 74 99
51 67 15
74 13 72
30 0 49
21 57 31
96 89 48
42 69 5
50 11 90
50 94 76
62 10 36
6 88 46
51 32 33
97 5 49
10 38 71
5 37 77
66 17 70
12 43 83
52 41 24
96 46 28
72 66 16
71 57 66
19 79 48
35 87 11
37 94 96
11 90 89
60 1 55
71 74 95
12 69 63
14 79 34
40 33 12
82 29 55
23 89 90
59 98 8
10 8 88
38 3 92
2 96 2
78 76 99
73 96 51
43 56 56
59 25 28
32 12 30
38 2 91
94 5 85
31 28 92
37 82 12
67 25 34
59 52 39
68 8 37
66 97 4
25 20 7
40 13 64
87 48 53
98 57 35
68 79 73
9 73 96
2 25 12
66 77 24
17 0 80
76 68 48
40 42 30
66 57 79
76 35 49
2 18 73
73 11 86
71 68 60
52 56 89
32 14 19
72 41 49
58 97 60
92 88 42
12 44 48
75 28 65
23 91 49
84 83 90
0 86 26
14 22 33
39 36 42
25 72 5
49 38 60
9 76 90
96 38 70
98 64 17
89 43 13
40 47 87
43 26 35
48 93 65
18 45 20
48 11 89
36 67 55
6 35 92
79 19 89
93 53 17
49 97 14
82 5 20
65 72 65
14 19 7
62 76 83
36 38 19
19 6 60
2 66 21
66 91 85
21 51 81
47 68 71
42 97 49
39 47 15
15 98 53
93 70 81
99 92 20
19 74 56
92 57 62
83 44 13
94 55 13
42 84 73
20 28 42
23 15 38
18 20 42
53 45 80
93 84 54
38 88 19
59 25 90
93 68 75
34 65 25
37 20 33
9 4 32
5 28 95
44 92 75
37 24 97
63 74 79
86 38 86
50 74 6
89 79 12
83 66 91
57 63 51
44 66 60
79 61 19
15 31 92
27 37 7
71 41 79
29 58 78
38 0 26
81 13 62
15 4 3
77 93 25
6 72 70
52 2 82
82 24 10
32 67 88
5 31 43
11 1 73
41 98 62
89 5 63
26 99 49
12 56 50
41 98 27
53 94 6
14 9 27
21 30 32
25 16 4
59 49 91
32 27 36
92 23 51
23 29 81
82 64 91
3 39 93
55 53 93
77 5 36
24 62 16
63 35 69
97 75 97
41 11 93
59 55 69
4 72 10
30 32 59
16 39 71
95 81 56
71 61 29
77 64 31
96 16 4
53 70 99
17 4 81
12 52 80
93 69 20
11 85 46
18 64 45
54 24 53
60 78 55
93 39 94
23 30 51
14 43 84
57 72 78
96 80 3
80 19 68
48 6 27
42 98 81
7 43 45
14 12 63
56 45 55
51 4 99
82 75 28
53 40 34
3 99 5
12 29 62
67 43 33
51 58 77
89 0 96
62 13 81
29 77 54
1 3 89
86 15 57
75 25 57
92 91 79
98 95 57
57 31 33
34 94 80
35 87 47
78 0 25
63 83 97
7 85 57
97 70 29
72 53 83
46 78 61
67 34 9
35 72 3
44 49 24
5 46 98
48 61 14
31 42 18
97 32 44
37 78 83
16 14 67
85 8 12
79 1 95
71 6 21
77 67 36
63 26 94
44 37 40
53 55 49
49 83 24
56 31 3
93 71 64
41 47 7
34 63 62
12 26 62
53 9 49
77 20 83
25 90 88
84 10 32
53 66 92
28 95 26
84 12 47
42 60 54
17 87 72
83 74 57
84 76 40
18 36 5
86 3 54
1 96 81
51 74 32
59 56 3
69 55 10
44 5 99
40 26 34
19 69 52
83 95 70
77 2 67
94 31 37
91 22 61
81 56 79
43 87 60
72 84 86
7 20 41
79 27 25
68 12 87
47 81 44
67 52 9
44 15 25
23 3 63
13 58 83
27 51 50
4 36 47
5 91 67
78 65 44
61 83 79
89 0 22
64 6 10
78 81 55
93 75 32
6 91 23
51 41 95
39 56 8
68 74 28
86 50 81
85 38 56
90 66 51
2 42 86
41 68 99
20 32 19
72 64 46
67 80 23
64 18 9
61 62 41
49 20 52
81 44 64
54 42 29
6 77 43
20 46 48
93 94 10
37 39 18
33 80 47
40 21 97
12 59 40
71 67 56
22 46 79
0 48 90
77 22 73
3 42 51
39 4 97
6 4 79
33 8 27
19 55 66
94 77 36
1 43 67
58 99 60
35 73 7
87 35 22
20 78 65
33 60 80
56 76 36
93 0 4
47 4 20
55 20 55
35 63 17
8 45 54
2 56 86
55 32 53
86 66 54
69 67 76
30 70 73
62 61 64
84 96 17
50 7 74
48 49 90
24 54 51
14 35 64
37 50 19
72 12 49
71 17 70
14 92 97
24 3 83
67 92 26
35 58 82
20 31 43
87 89 87
85 86 69
89 79 67
12 48 13
23 92 34
41 18 16
44 74 7
13 35 18
70 98 26
20 84 42
74 25 97
89 33 68
95 76 84
49 7 64
24 39 36
14 40 6
84 39 33
64 32 56
50 84 3
58 19 1
71 90 94
94 80 91
30 78 31
0 20 31
39 9 35
44 98 64
11 8 28
42 62 83
57 20 100
44 57 99
6 53 28
35 2 89
43 47 21
16 2 83
41 22 9
37 30 82
36 98 81
79 39 20
12 53 29
25 4 70
2 12 7
87 60 15
52 77 95
78 55 49
13 42 60
45 26 81
53 76 64
0 5 48
51 45 99
21 7 62
65 59 46
79 81 97
58 69 62
69 97 99
25 19 43
22 80 86
73 16 9
46 67 11
30 53 27
85 92 65
94 91 63
55 17 31
25 29 89
94 72 58
61 56 50
7 12 83
7 85 90
83 81 72
64 28 4
36 88 56
30 32 39
28 68 45
57 94 88
43 50 14
67 69 83
42 92 4
74 44 95
36 72 75
38 24 63
4 59 18
15 9 69
1 83 47
36 43 70
8 24 38
76 7 6
39 21 91
32 55 58
48 42 69
71 30 21
83 10 66
83 64 65
39 93 75
30 77 11
61 76 48
95 12 94
94 5 42
14 20 9
29 68 12
6 74 29
61 12 24
74 65 13
30 53 50
42 65 59
16 57 73
24 22 10
56 97 65
4 36 97
8 78 49
31 4 95
14 11 24
66 70 63
76 38 52
93 64 15
17 80 33
71 18 93
35 28 32
99 98 79
48 63 27
85 8 90
12 94 61
52 68 60
31 3 28
85 11 33
46 6 12
76 44 35
96 31 66
32 83 86
42 75 26
91 34 15
82 31 7
2 95 49
68 94 8
5 25 94
25 46 1
45 65 90
53 95 31
0 56 97
51 92 65
95 58 41
99 0 1
80 54 2
93 9 12
36 76 5
91 98 80
19 87 100
29 96 36
90 12 61
52 4 4
75 79 91
28 2 76
12 60 39
38 41 17
89 9 37
72 43 30
20 63 1
33 97 99
88 36 92
21 24 59
81 88 25
8 67 12
78 89 54
6 74 96
4 31 95
90 71 8
58 34 27
32 56 71
13 31 28
42 82 78
48 94 34
84 58 37
15 49 56
68 35 25
16 75 96
54 35 20
16 70 75
83 66 19
10 8 79
50 7 4
94 31 76
94 78 11
63 67 62
27 55 1
7 11 100
98 33 67
94 81 79
50 16 9
9 86 79
20 34 47
68 70 84
85 88 60
19 10 2
28 75 69
57 71 49
74 61 67
4 68 72
79 10 53
59 65 4
94 87 32
62 59 49
63 76 69
57 47 19
19 71 81
45 38 29
27 84 3
81 85 54
0 95 30
1 70 2
14 98 97
64 8 83
73 21 86
74 58 1
21 55 12
74 77 83
78 4 23
10 81 84
97 1 43
60 97 89
97 38 94
69 67 29
2 96 71
1 18 31
98 54 63
4 18 18
44 28 13
57 80 24
40 11 25
28 55 37
80 2 62
93 80 16
8 47 44
21 24 38
71 98 22
64 38 89
48 18 40
32 30 60
39 75 67
40 77 88
46 3 2
7 74 29
97 74 74
93 60 92
93 76 14
47 77 60
92 49 90
55 8 95
39 51 94
13 97 64
17 12 49
31 14 42
8 69 79
5 29 64
84 86 28
76 47 39
9 79 42
99 13 14
30 50 29
96 39 58
28 84 95
80 8 27
8 2 60
89 38 20
53 48 18
77 67 96
9 53 71
90 49 72
48 68 6
89 75 51
88 84 91
10 22 9
91 15 59
30 18 56
98 66 29
84 68 30
29 86 68
41 51 63
75 25 14
31 78 74
68 69 18
38 53 56
43 54 32
99 45 55
39 1 97
65 27 41
92 6 58
61 81 60
85 42 9
36 18 5
51 27 70
62 90 35
79 13 4
12 59 97
17 61 61
5 29 45
89 79 39
71 23 100
68 37 36
18 52 14
21 17 51
52 53 93
23 76 87
25 57 41
28 44 51
40 23 25
30 75 44
17 14 9
46 6 35
37 81 88
54 63 61
35 57 19
73 27 68
38 24 59
81 12 57
10 79 99
2 26 35
18 3 11
55 90 13
84 9 74
4 88 4
39 33 14
54 26 8
84 86 6
30 58 41
30 75 48
73 60 67
42 29 10
36 79 99
0 48 15
88 99 80
53 6 9
9 53 1
81 79 75
2 52 61
87 12 61
96 2 56
78 71 63
87 8 96
15 83 60
5 63 88
46 47 79
73 91 89
49 92 62
16 45 78
16 6 79
75 53 76
35 94 68
13 52 1
87 6 19
45 63 17
81 58 10
3 0 99
95 82 23
72 40 39
13 75 61
36 15 65
48 53 39
94 79 77
57 25 39
93 85 74
63 70 91
58 70 68
98 97 70
7 56 75
32 5 56
6 26 54
98 91 56
89 12 11
28 40 81
81 9 96
3 79 21
41 55 26
88 68 57
35 68 40
79 12 80
78 30 1
90 63 19
12 45 73
28 23 56
77 7 32
20 32 65
42 93 39
96 25 43
53 51 13
81 78 5
40 21 15
57 45 78
20 27 58
20 18 22
62 67 97
57 47 41
32 19 47
85 36 90
42 79 87
36 12 8
18 89 51
61 31 84
90 70 37
0 53 29
6 39 70
89 56 35
46 37 65
18 57 91
93 33 76
13 57 15
75 44 4
27 83 19
62 12 59
27 42 41
0 22 42
34 91 94
55 7 90
32 55 51
75 93 90
9 97 13
40 23 66
87 77 12
98 57 27
36 25 34
94 66 75
78 34 98
37 17 31
89 71 30
92 47 42
85 89 89
78 68 95
60 77 16
31 30 78
48 53 27
58 79 39
27 56 90
90 70 86
89 48 86
51 20 27
12 57 43
51 82 5
88 69 88
30 21 10
82 6 57
13 3 63
60 35 86
35 3 56
68 84 55
75 23 28
1 15 94
4 78 9
61 8 74
59 63 92
64 30 18
18 80 40
0 87 5
9 25 88
41 27 65
2 55 43
28 8 29
84 75 56
95 90 90
80 5 67
98 11 100
57 54 81
67 8 14
14 6 32
50 57 52
11 40 56
31 58 93
91 93 70
47 98 49
53 30 70
3 59 61
69 73 11
79 78 23
95 30 71
27 4 60
21 90 84
56 86 71
25 92 43
51 7 99
17 49 2
35 94 24
62 24 28
67 9 47
90 29 22
38 56 98
28 13 21
18 46 59
45 69 18
56 79 84
81 30 93
62 50 1
80 87 91
84 87 39
42 19 40
27 21 20
80 78 5
18 65 51
52 85 51
6 88 35
5 56 33
80 58 81
76 18 14
5 48 16
51 19 21
25 29 46
0 59 15
29 82 47
17 19 43
41 30 28
55 61 10
11 52 89
40 17 89
24 15 55
43 12 68
89 16 54
18 81 85
90 26 68
63 42 9
60 61 1
23 15 47
17 8 57
34 38 64
0 39 26
93 48 78
73 59 10
77 70 49
49 60 44
22 7 97
42 39 54
26 62 55
75 79 73
55 88 30
72 49 66
13 52 100
30 28 32
19 90 44
0 36 84
12 70 44
38 22 25
65 77 86
42 44 67
99 50 48
62 11 11
63 15 74
39 76 59
79 58 6
61 19 8
41 84 69
19 15 73
99 32 98
41 64 66
13 98 80
0 69 8
47 27 86
62 52 51
35 84 65
6 67 23
48 36 30
43 77 95
36 66 88
83 69 62
0 47 70
5 86 90
72 77 97
60 15 4
37 73 70
23 92 24
34 97 51
78 49 58
72 46 41
10 45 37
26 8 2
31 97 66
45 13 22
76 88 54
86 32 94
25 62 72
59 68 60
66 46 11
32 26 45
84 30 94
17 51 76
51 75 95
60 1 84
48 56 40
25 73 2
14 6 94
69 49 74
22 89 46
43 10 88
53 88 65
23 76 61
69 98 6
94 49 91
88 76 96
13 43 97
34 59 27
3 17 88
89 86 82
68 47 78
32 62 87
16 46 78
41 97 6
16 75 83
57 43 85
25 93 36
51 41 99
82 74 90
73 12 3
13 5 33
86 13 68
41 42 48
82 30 74
8 7 33
44 23 58
95 68 86
30 34 65
16 62 82
63 19 31
23 44 81
50 81 24
31 68 32
85 55 84
68 37 19
47 76 78
0 76 59
32 33 88
68 89 38
42 17 39
26 55 86
52 18 12
20 98 87
45 56 87
50 6 58
99 98 83
9 90 72
17 29 77
68 3 56
95 52 34
84 97 34
24 34 27
90 41 40
48 66 41
66 46 62
7 56 14
73 11 95
54 86 62
46 43 71
42 88 91
49 65 77
22 88 95
21 41 66
16 52 24
0 69 92
28 17 99
89 53 3
34 32 78
78 36 68
87 32 45
70 45 44
96 52 96
68 88 4
10 80 61
62 85 72
82 4 10
12 87 2
65 49 29
7 96 37
93 19 92
45 90 83
68 56 40
63 94 5
22 39 57
69 48 58
96 87 14
40 68 24
37 22 40
87 43 36
42 86 55
22 47 83
75 52 97
11 77 88
82 85 5
67 4 14
5 25 47
57 25 25
10 70 70
18 81 97
1 83 53
77 69 14
83 42 52
91 33 68
72 20 15
30 43 58
69 8 57
71 29 9
99 4 83
73 3 45
2 70 99
55 22 62
99 10 36
81 71 25
90 49 3
80 96 40
86 89 81
74 62 66
39 33 30
75 45 48
66 92 66
4 48 86
55 73 44
99 35 97
86 95 88
85 96 22
3 5 10
4 36 59
6 41 71
7 61 39
22 54 49
82 20 16
53 23 85
75 11 100
88 71 73
39 10 100
46 45 11
60 33 31
42 74 75
70 12 91
82 33 47
36 47 55
42 45 50
77 0 35
73 53 9
0 93 82
64 67 64
94 19 91
89 23 11
21 19 93
11 67 86
55 1 56
68 8 4
61 82 18
24 53 55
56 0 30
38 29 92
17 77 76
61 29 82
2 43 7
81 67 46
93 69 50
5 57 92
77 10 73
14 29 96
82 38 94
4 6 23
74 95 18
6 8 41
53 73 45
21 99 49
43 17 46
50 39 34
20 51 65
9 57 53
57 70 24
68 73 73
42 25 62
47 71 84
42 44 38
86 0 10
66 4 82
11 34 45
36 31 51
14 17 72
89 8 28
24 1 35
25 29 6
64 74 37
22 8 4
64 37 68
7 59 13
32 3 63
5 28 78
80 4 11
92 28 100
99 57 43
85 70 84
37 76 62
52 86 81
44 81 71
89 12 94
94 89 6
55 84 62
17 89 100
50 52 82
8 15 45
59 15 86
97 69 59
27 4 52
23 96 51
33 55 75
34 30 62
11 72 85
18 67 51
76 12 24
76 63 47
31 79 37
46 11 63
77 71 52
9 58 46
80 20 82
92 67 22
32 96 2
78 50 98
55 6 25
69 49 15
89 43 29
11 80 93
11 83 71
96 3 26
9 68 33
23 38 3
54 7 13
2 45 95
2 77 8
37 43 8
32 57 43
95 40 68
64 62 16
22 30 2
37 18 21
9 0 34
36 16 29
19 57 4
57 38 65
94 93 61
0 85 70
23 14 26
34 64 61
22 49 57
43 24 25
60 0 13
27 71 76
67 39 15
44 91 55
40 84 70
93 35 93
90 52 100
29 49 59
74 59 96
13 86 28
75 17 1
45 9 23
46 4 23
58 84 89
89 64 15
42 93 22
74 94 93
16 85 4
96 69 26
33 64 62
43 16 7
50 90 63
40 65 69
37 62 70
12 94 80
18 46 95
23 7 29
67 33 56
78 0 82
6 24 40
27 52 60
32 88 79
42 47 70
4 63 12
1 88 28
17 35 55
7 8 79
2 94 75
67 64 70
49 73 93
41 34 50
30 21 82
49 95 6
8 35 11
70 66 29
1 82 87
38 61 41
47 63 92
64 75 62
13 92 28
26 9 43
98 97 29
45 34 53
62 40 13
77 10 75
63 32 66
25 72 63
17 46 78
41 72 50
32 12 40
66 75 15
14 71 40
71 34 67
34 62 75
79 71 28
93 64 41
0 48 78
82 60 10
38 0 17
89 60 90
74 44 48
18 56 77
7 45 22
2 23 43
63 68 80
51 61 17
26 61 34
42 90 87
23 87 25
89 84 15
81 74 70
83 8 16
4 30 60
60 37 95
39 33 60
20 19 10
55 32 30
23 42 91
33 8 67
18 92 72
30 42 98
47 62 38
35 59 32
57 90 9
96 45 9
59 63 62
40 58 25
44 54 7
87 1 87
86 90 63
27 55 58
58 56 25
49 76 78
73 32 2
41 81 51
59 29 18
26 5 26
84 65 57
95 40 58
91 68 56
71 3 76
52 57 2
41 12 26
26 27 27
83 22 68
3 35 85
14 58 5
1 39 33
66 96 10
11 42 88
55 99 13
1 45 15
38 92 17
33 88 18
15 96 45
35 89 90
66 4 27
27 2 89
5 30 32
72 29 72
44 18 73
61 30 66
42 54 34
3 38 86
88 51 88
70 76 89
30 97 18
72 43 8
99 44 81
50 8 70
81 79 88
32 87 12
90 69 97
99 73 46
75 13 47
95 25 14
50 79 28
93 70 4
36 50 80
22 68 44
96 21 64
67 97 69
23 95 26
63 84 67
38 11 7
62 46 26
27 44 71
98 12 55
9 20 90
93 66 34
64 7 97
82 73 29
60 31 26
74 66 75
31 74 30
61 84 31
59 82 20
84 40 27
52 93 49
53 50 32
25 30 85
92 88 64
17 69 24
17 52 49
92 82 12
75 61 87
60 14 35
48 71 88
89 50 100
48 13 31
35 17 68
61 53 41
68 60 46
3 83 22
53 29 7
71 78 35
22 51 36
54 68 90
1 68 57
83 22 21
98 37 33
2 60 50
11 41 92
69 19 90
78 28 88
85 73 22
90 62 29
68 20 18
98 40 84
12 10 6
97 17 13
63 69 39
25 35 2
93 38 36
26 75 95
61 83 45
69 89 78
44 8 53
20 29 36
73 96 55
89 3 96
35 82 22
70 2 98
79 83 27
81 76 3
90 3 26
60 14 26
42 41 96
57 12 32
53 93 89
59 23 44
94 60 58
35 38 24
9 40 9
94 21 81
50 22 75
39 48 76
59 63 9
48 96 28
8 51 5
62 69 95
90 71 31
54 89 99
34 32 41
90 43 63
54 71 5
84 61 81
78 12 55
9 91 62
97 58 4
79 72 69
8 32 80
14 46 79
62 92 74
54 86 33
80 18 74
37 50 64
69 45 23
46 89 37
51 55 74
23 42 46
71 75 75
69 95 52
47 10 8
61 95 48
48 61 15
87 10 28
88 11 71
7 93 18
90 7 61
40 25 50
9 93 11
97 62 30
89 10 22
34 73 9
64 56 29
77 98 57
24 93 43
83 23 33
94 6 56
8 47 44
47 13 16
64 74 9
8 92 70
11 99 66
9 3 18
25 53 70
59 66 78
39 13 50
0 14 23
33 62 86
38 12 48
97 69 95
33 45 89
57 88 32
58 24 14
80 9 27
0 79 36
92 35 37
23 32 54
8 93 54
64 43 92
78 4 32
31 34 21
28 18 19
70 12 83
23 26 89
64 80 13
58 84 100
68 2 83
48 92 28
43 86 38
50 5 92
6 51 85
1 75 10
50 18 78
46 76 97
83 42 42
42 83 59
35 10 24
13 45 51
66 63 79
53 54 85
58 66 76
9 58 14
87 61 86
8 47 68
38 55 21
75 67 13
4 98 84
74 71 73
71 49 46
34 98 45
78 40 4
19 9 66
17 60 20
45 51 81
60 93 56
91 12 48
56 41 20
40 31 78
60 3 75
68 44 76
84 6 36
74 38 94
68 26 53
51 77 93
72 43 100
75 55 84
39 91 26
30 35 45
24 69 21
19 30 5
84 23 57
98 97 57
99 69 81
62 72 66
57 73 54
33 68 55
51 17 14
17 99 79
81 1 38
23 89 71
75 28 49
18 25 67
60 56 3
47 90 54
40 16 44
64 72 50
24 85 24
27 10 64
92 2 64
32 8 80
13 6 35
1 40 96
96 16 93
33 99 26
69 28 18
14 70 23
54 75 58
50 62 16
37 36 51
81 64 89
98 96 5
98 25 71
40 71 94
26 40 4
66 38 10
27 18 57
27 45 68
43 90 16
13 35 37
56 31 60
16 91 94
16 84 27
53 35 94
22 18 83
13 66 44
63 70 71
93 22 75
7 19 19
48 60 60
24 57 16
9 85 13
6 81 75
3 14 83
37 90 24
22 73 32
90 82 34
68 66 9
55 94 47
80 25 19
60 91 77
70 59 31
99 36 2
25 2 91
44 15 53
31 63 47
80 7 8
77 54 7
58 49 89
65 92 69
13 37 87
91 3 53
22 69 64
42 82 82
39 24 2
29 74 74
52 77 40
34 80 80
11 92 37
46 48 43
94 85 38
6 50 37
28 2 47
58 40 40
94 16 69
36 20 28
67 93 69
13 58 81
71 93 13
73 10 97
83 38 92
92 9 15
86 52 97
20 54 12
70 41 96
6 44 82
76 81 68
99 27 95
23 7 81
89 13 22
96 32 80
18 22 83
22 62 17
59 67 3
61 55 75
67 62 81
69 84 44
64 38 95
37 8 75
48 42 23
89 67 38
73 6 89
63 18 32
98 91 42
65 47 80
78 20 23
71 98 31
59 12 48
87 98 78
39 41 4
45 25 6
52 43 45
50 46 76
17 65 81
2 33 8
93 44 70
12 81 67
48 4 29
20 78 96
56 53 15
93 97 83
60 13 36
52 82 58
58 21 6
48 19 8
69 59 40
93 19 18
53 83 67
13 89 86
97 98 73
87 54 48
56 84 66
73 36 14
5 2 55
86 92 36
37 32 24
19 37 71
84 35 74
30 59 4
64 46 69
15 97 42
35 94 87
84 48 17
77 91 66
85 88 62
94 48 15
47 27 39
63 82 53
16 34 83
60 16 76
28 44 24
40 5 30
42 73 50
71 30 8
24 80 88
34 99 66
40 87 23
87 52 18
37 72 67
36 21 62
90 48 87
80 42 13
36 67 28
6 60 49
41 33 82
24 6 83
50 71 67
92 14 90
5 99 97
91 94 23
93 50 93
73 13 60
26 70 67
29 54 44
10 35 77
14 10 17
74 45 32
48 16 68
90 41 58
30 57 8
88 20 75
83 72 65
30 3 2
47 66 69
43 17 67
76 39 87
42 36 90
66 1 40
87 93 99
81 67 12
75 98 44
16 94 34
64 24 20
25 46 44
55 41 92
31 94 83
91 75 85
86 74 22
66 58 19
36 9 16
89 60 21
83 11 11
30 92 1
91 60 24
80 22 98
58 57 16
52 95 36
40 23 43
31 58 30
18 97 60
99 41 96
4 68 54
55 34 35
70 6 25
73 14 29
99 83 62
84 81 76
31 61 69
36 92 16
14 18 52
79 44 44
62 89 69
87 13 49
12 70 90
77 36 36
65 34 73
62 77 55
80 12 9
1 73 100
36 25 29
30 92 22
38 2 75
23 63 71
30 45 1
1 16 82
93 1 7
17 0 67
74 50 9
74 52 33
77 56 28
99 73 36
42 26 65
60 21 82
17 8 91
19 50 53
87 22 36
64 18 6
66 39 54
23 74 66
87 94 70
83 16 33
96 35 22
15 8 81
92 48 44
37 31 94
66 79 72
19 29 3
92 67 44
96 20 8
21 81 12
42 58 56
83 28 11
30 52 84
28 92 26
42 93 79
53 88 72
34 38 79
75 73 67
71 79 36
65 57 42
79 34 97
18 5 81
47 10 67
40 7 10
22 14 45
65 82 60
39 36 59
30 66 98
25 32 76
90 15 82
7 66 81
73 50 50
3 97 81
25 85 51
15 39 63
79 5 38
8 59 21
47 81 80
33 12 49
50 13 87
86 70 51
22 78 82
1 94 81
82 93 27
74 25 91
94 53 98
81 91 36
27 92 70
49 1 1
16 61 76
14 18 27
2 51 73
24 27 70
10 80 79
76 10 73
83 70 90
99 11 65
9 72 17
45 99 10
12 84 45
57 64 74
96 43 1
17 10 35
0 61 88
37 21 31
11 98 90
39 22 21
38 2 55
55 50 97
0 22 85
28 79 80
16 74 78
24 85 19
71 7 90
14 73 32
74 44 31
99 80 15
61 24 77
30 20 45
97 38 55
21 17 74
20 12 55
17 5 47
66 80 9
57 16 36
47 88 33
30 46 25
43 77 49
55 97 6
26 30 57
7 63 48
46 42 9
98 58 77
98 70 97
42 16 14
96 17 24
40 1 91
22 20 56
99 83 78
13 76 55
93 57 17
31 47 25
19 14 15
50 97 5
48 88 75
89 72 4
78 22 76
0 37 92
4 15 80
5 60 38
62 71 98
8 84 45
19 54 14
23 28 5
22 91 65
93 76 33
53 14 89
66 25 67
10 49 21
32 18 23
26 65 96
14 77 13
89 33 89
24 15 96
6 62 97
47 38 20
78 76 46
25 44 38
79 70 83
64 11 64
68 47 14
16 88 92
90 87 2
15 18 88
29 85 84
62 3 65
94 39 99
47 7 25
94 5 64
40 3 88
38 90 94
22 11 67
24 98 60
55 53 9
85 90 8
63 5 86
59 23 21
73 31 99
80 55 42
84 58 94
11 83 49
34 25 18
70 75 12
54 28 11
49 89 27
53 74 19
56 47 40
86 33 1
1 64 25
66 22 54
24 72 83
35 86 68
87 2 54
64 41 17
75 38 10
83 3 2
28 81 86
88 5 32
23 4 98
74 21 74
97 98 63
94 84 12
33 16 60
35 57 100
47 69 49
4 73 86
30 8 30
0 40 72
73 75 94
14 80 3
87 94 83
14 38 42
54 60 8
44 55 19
0 4 5
53 1 84
15 77 83
23 13 69
30 21 17
57 0 89
86 21 83
21 30 91
9 2 74
0 27 40
55 81 93
85 7 98
99 70 70
5 68 48
3 77 85
65 73 75
65 87 80
15 57 94
39 92 83
6 24 57
52 48 6
40 82 37
59 49 91
69 31 32
37 91 13
68 12 34
26 64 36
24 76 32
79 71 4
66 21 60
36 99 38
48 2 20
28 19 51
2 76 53
78 33 84
15 52 66
28 82 90
0 66 51
64 62 54
11 25 31
95 75 57
18 8 4
79 2 87
33 9 48
68 70 13
1 66 45
94 67 15
72 8 20
74 21 57
51 47 78
69 58 100
97 17 66
75 29 80
4 98 36
7 53 15
76 35 82
72 57 32
71 28 12
81 75 1
70 44 72
50 16 81
64 73 43
83 71 20
10 46 40
19 27 87
76 65 63
10 75 25
26 87 25
84 70 4
70 12 77
15 9 89
70 72 67
50 25 98
32 0 30
52 34 27
59 94 56
79 0 90
17 31 4
69 71 84
11 15 35
33 75 71
82 73 58
87 70 86
66 92 86
2 7 6
1 37 19
13 74 95
13 0 86
55 33 87
27 33 49
23 73 100
83 1 14
59 30 37
26 31 18
60 82 94
76 62 65
12 5 74
26 43 39
52 34 53
19 1 2
54 9 85
37 51 98
11 67 22
4 39 50
91 19 45
10 57 45
57 24 39
7 14 84
95 76 28
31 84 70
88 65 89
51 44 49
48 65 72
63 29 13
62 6 52
82 69 79
82 60 40
19 20 91
8 32 17
7 54 7
96 85 66
76 87 92
20 10 69
15 86 33
99 7 20
87 81 72
41 63 45
14 58 49
8 67 47
15 29 32
46 23 92
4 56 47
60 8 68
98 26 65
11 66 36
84 31 67
25 78 64
26 76 8
37 80 93
61 48 13
9 91 72
73 62 95
0 54 94
42 68 12
84 1 88
95 1 93
30 8 9
33 34 66
39 47 33
87 15 83
67 82 42
67 89 37
33 79 94
90 42 27
30 34 97
26 82 73
20 90 93
20 73 21
51 54 41
99 71 11
69 44 87
23 21 20
83 3 14
23 68 93
45 6 40
74 86 55
39 85 62
66 84 91
8 85 6
63 65 22
51 96 24
99 86 15
45 8 96
26 33 30
17 21 93
84 62 32
0 34 92
55 41 5
84 27 51
2 61 50
20 91 11
94 4 93
78 30 10
48 64 7
41 1 92
25 36 23
79 42 89
33 45 44
61 40 68
3 78 8
6 96 27
60 77 16
20 75 72
5 20 46
34 70 74
81 47 37
45 62 79
55 82 62
33 52 73
30 17 22
24 89 31
92 30 85
5 64 92
48 32 46
75 70 66
2 34 16
64 66 52
99 6 29
84 4 21
53 1 44
2 81 66
48 13 74
10 23 13
84 98 59
58 71 91
55 41 28
43 92 15
31 41 3
97 20 89
26 58 39
15 69 27
15 91 5
4 59 41
34 31 68
84 82 82
91 68 1
58 36 98
59 67 20
96 97 99
96 61 61
66 82 56
10 49 81
16 84 15
90 25 80
47 46 14
8 68 7
39 78 49
10 98 6
4 94 65
30 73 71
51 18 70
35 53 30
31 52 93
5 88 22
61 68 47
20 9 4
83 49 10
3 27 93
8 74 61
91 97 84
18 77 72
36 18 32
52 82 90
46 69 32
38 14 97
15 70 86
17 88 84
3 79 66
39 11 48
5 68 1
46 50 82
66 4 62
14 8 34
62 25 87
89 85 68
19 1 55
57 50 65
78 60 60
13 7 74
46 73 85
15 35 50
6 62 85
22 54 61
12 45 72
92 84 36
28 56 86
77 89 50
95 42 11
29 41 39
77 11 46
84 88 52
93 68 45
13 80 42
22 13 57
10 59 55
45 80 92
76 89 21
6 96 71
48 64 91
32 31 36
78 89 16
40 28 99
44 78 16
45 78 55
89 16 17
88 35 58
2 84 28
89 18 99
56 85 18
12 29 67
4 9 47
5 62 99
35 95 41
73 2 20
12 2 80
28 81 13
80 11 36
44 99 11
27 22 65
52 37 98
19 73 62
72 48 74
82 50 44
70 86 67
23 47 73
30 99 17
79 82 44
27 46 79
1 60 99
77 23 43
16 12 8
19 98 67
54 34 43
70 25 12
96 72 43
40 96 10
50 92 16
79 89 39
84 76 25
55 0 15
87 71 48
8 14 31
54 53 46
0 34 49
25 16 56
95 23 96
26 24 37
63 1 46
71 31 65
31 17 40
73 80 4
92 53 67
75 91 80
4 66 2
30 44 39
24 79 16
75 99 90
34 12 76
24 18 24
58 38 31
3 67 6
24 87 9
71 42 8
34 3 8
3 92 68
32 60 56
91 24 97
76 98 89
46 58 35
64 82 1
62 86 89
65 43 100
35 52 64
63 57 8
90 87 7
46 76 82
45 64 18
39 3 92
83 98 44
58 1 38
21 40 42
67 84 32
0 74 99
71 75 31
31 22 31
26 37 58
65 70 15
9 87 75
13 99 79
59 99 30
58 64 55
55 54 98
20 87 13
35 42 58
10 87 46
82 61 55
58 81 20
53 45 33
86 35 93
21 43 49
53 40 18
97 19 9
33 3 4
79 67 65
78 11 14
1 76 58
44 29 36
80 65 72
98 58 42
69 65 85
0 93 27
23 45 90
27 56 76
94 30 89
25 32 27
92 6 91
64 18 60
1 54 66
7 80 33
47 54 89
1 72 56
33 17 11
91 86 22
70 58 86
93 34 54
91 98 30
43 71 17
20 54 62
89 73 26
99 4 72
79 0 95
18 67 62
15 65 20
54 31 63
64 41 44
29 68 75
70 97 28
35 36 74
16 70 31
74 84 46
93 94 86
62 74 54
73 77 36
76 21 53
19 73 10
90 88 38
74 27 15
65 67 77
25 63 100
26 68 85
19 26 93
28 36 89
83 26 96
8 62 68
53 55 24
18 55 76
61 38 28
88 22 60
70 98 76
3 65 8
34 61 27
69 49 90
35 40 44
92 7 20
83 26 7
38 94 54
64 93 63
76 78 8
98 30 73
47 81 70
38 63 67
24 78 76
62 77 93
65 21 4
52 86 56
64 94 63
32 35 17
40 66 31
5 30 31
11 45 34
36 1 85
24 3 91
46 35 71
11 49 56
80 52 84
24 62 80
14 12 61
64 5 96
70 74 71
84 35 69
98 8 64
27 65 10
57 45 3
42 55 38
43 22 19
15 35 75
43 5 42
37 60 55
77 3 98
86 9 11
35 89 51
