89 39 37
8 70 74
69 36 21
81 97 81
92 46 8
60 92 2
25 58 87
15 2 49
82 31 68
86 73 45
47 10 4
92 18 87
92 85 99
27 3 66
17 69 20
57 36 13
68 2 30
6 22 12
69 95 6
31 99 42
18 76 77
26 89 87
60 68 17
86 59 93
19 23 40
47 34 39
90 69 43
18 99 57
11 90 49
73 80 73
99 11 41
24 8 2
84 97 4
99 15 85
7 97 26
23 38 55
61 85 17
11 62 2
31 0 46
1 77 75
90 72 87
68 60 5
65 92 99
73 74 27
81 21 30
86 28 6
26 15 5
96 9 21
32 71 95
79 72 33
63 70 59
25 45 30
90 29 52
87 77 72
37 53 78
79 47 46
64 21 13
48 50 38
74 90 1
52 87 21
15 18 70
36 98 10
23 77 23
39 92 71
56 93 90
36 44 31
87 24 66
83 71 97
24 20 93
70 51 89
47 99 52
51 28 82
93 38 21
40 7 74
35 32 100
36 18 25
58 75 48
44 75 16
76 80 42
46 25 89
23 16 82
56 68 45
29 41 97
74 25 96
90 67 68
19 34 93
82 72 75
61 45 10
78 93 23
74 22 23
82 32 71
14 41 5
1 25 79
8 21 96
29 53 19
67 78 54
37 69 20
29 93 94
26 3 68
77 13 10
11 93 8
81 55 76
36 90 72
97 88 47
98 52 49
38 64 47
34 19 54
48 29 26
95 30 23
77 36 20
58 77 53
75 88 34
98 4 18
70 97 90
59 34 22
36 75 100
72 26 70
12 85 80
63 94 60
5 97 1
31 83 93
91 20 92
72 38 80
59 57 86
56 12 44
41 0 46
74 90 66
55 9 43
84 55 62
87 54 59
23 80 36
78 48 39
48 85 34
33 71 58
75 34 17
51 35 84
18 2 77
13 81 46
35 59 21
21 92 86
44 16 12
41 28 3
37 18 88
90 62 10
28 11 20
49 73 22
5 8 45
31 57 25
5 94 28
32 24 52
23 86 81
8 15 52
19 60 20
99 82 75
74 60 21
51 18 87
54 59 29
19 88 68
57 77 13
93 77 54
29 95 68
52 11 18
77 21 31
89 99 3
93 92 55
52 14 84
84 6 40
77 55 78
67 48 2
10 68 61
65 93 34
11 95 36
69 3 76
72 59 44
92 50 40
32 35 59
98 81 80
20 78 95
23 26 79
25 45 15
62 51 68
21 10 30
75 85 34
96 35 85
92 7 100
39 25 81
35 41 53
91 57 73
33 46 18
14 56 43
84 26 54
11 58 47
83 47 85
84 56 82
54 97 100
10 19 95
51 13 88
87 20 24
34 99 30
10 63 86
53 27 79
68 26 84
44 62 8
15 41 76
90 16 2
86 75 7
72 26 97
2 59 31
23 79 94
15 65 14
70 54 6
60 96 19
85 32 4
49 17 96
67 15 99
89 50 58
65 29 92
27 97 77
19 47 16
5 98 31
42 0 15
70 72 10
77 68 38
58 49 18
10 9 62
51 81 57
66 68 36
1 39 38
78 26 96
26 54 100
66 92 89
47 27 6
51 70 2
0 31 21
92 68 76
72 7 4
98 23 30
55 79 57
65 73 59
46 38 12
39 0 81
7 70 18
33 67 22
51 85 81
23 79 2
15 45 92
46 19 40
57 70 89
19 32 73
82 86 13
70 77 23
95 48 98
97 27 49
67 13 53
40 43 41
66 40 79
30 40 30
35 81 89
39 41 90
31 88 33
98 77 19
69 99 7
43 13 42
56 15 88
13 69 8
57 7 42
89 64 1
98 77 21
23 88 20
35 28 81
94 48 86
76 77 28
55 68 22
64 69 94
0 5 93
26 29 36
28 74 53
59 34 98
97 61 40
6 9 43
24 14 94
96 44 3
72 35 1
69 32 30
98 5 34
93 95 69
30 56 99
50 37 14
12 97 22
95 54 19
31 70 51
83 62 76
11 95 57
33 8 78
63 92 89
85 4 94
92 13 80
4 38 21
24 67 36
17 22 21
63 71 24
3 88 55
12 78 34
62 19 69
42 3 72
65 26 57
11 71 25
94 40 61
76 73 17
72 93 48
12 14 37
61 86 25
88 39 9
39 47 96
22 25 91
29 42 26
97 23 4
17 96 56
67 3 68
84 75 71
92 50 26
29 42 66
4 94 33
89 37 90
25 23 98
4 32 19
48 51 86
73 84 62
91 61 51
29 80 100
83 3 47
66 91 28
64 23 2
13 66 47
31 92 63
26 20 65
65 18 76
55 65 80
2 31 58
38 89 11
86 46 86
24 69 100
54 26 9
90 9 33
94 9 4
48 27 52
47 3 16
73 1 86
42 36 10
93 86 40
15 47 39
26 17 86
37 25 58
71 11 45
9 90 23
16 74 20
83 29 88
56 71 99
66 56 22
1 53 52
89 52 36
48 38 53
94 32 97
72 88 1
77 94 7
79 69 87
45 76 38
96 1 12
84 77 2
90 78 83
72 86 3
73 90 41
75 16 83
51 12 5
24 60 22
34 80 75
82 58 26
92 54 95
65 68 69
6 22 66
66 7 87
41 32 2
40 81 66
38 6 56
1 8 53
47 10 31
23 82 74
64 7 88
45 69 36
71 44 39
46 57 2
38 71 4
37 84 7
16 67 31
46 22 13
84 76 33
61 41 87
26 22 55
78 38 64
51 30 73
78 41 89
73 96 50
34 60 100
35 79 25
81 24 91
50 3 22
1 52 42
90 15 37
77 22 3
13 27 58
23 32 12
93 16 43
3 85 89
36 20 51
7 99 58
91 77 55
23 83 34
39 15 51
0 78 45
88 52 91
84 22 98
35 48 79
59 41 16
61 99 15
20 43 43
92 13 14
51 40 21
10 0 75
93 6 21
85 51 19
70 87 43
63 53 51
38 11 6
99 89 74
53 0 78
62 80 29
52 4 60
42 70 85
72 47 44
16 57 83
35 2 9
95 32 86
43 49 10
18 68 61
92 20 12
37 57 69
39 49 27
35 59 87
53 17 76
54 68 45
24 29 30
0 73 19
85 33 4
50 56 48
76 37 21
57 24 44
21 82 45
70 57 86
72 54 9
63 20 87
40 8 97
47 20 75
78 19 64
79 93 75
16 15 1
57 69 46
24 17 94
62 94 21
14 80 66
83 51 87
24 87 20
93 33 99
85 54 32
98 45 20
10 34 32
40 17 46
62 52 60
6 71 27
94 82 18
26 10 31
7 76 12
2 41 60
31 47 20
39 75 17
62 57 9
32 69 34
66 44 10
54 77 5
6 34 5
29 86 5
7 61 100
99 16 88
18 89 71
78 66 51
7 97 81
92 21 7
85 83 57
7 61 7
26 50 32
64 68 78
33 18 61
94 36 43
44 21 58
89 99 29
23 21 72
88 73 6
12 6 84
48 91 62
81 57 52
88 32 43
49 36 7
55 66 48
1 27 89
92 13 5
27 21 12
43 2 40
4 89 90
0 59 91
99 19 80
26 78 66
67 39 70
49 33 60
98 22 54
72 74 78
18 75 65
25 29 75
2 68 98
56 40 68
4 47 86
57 48 78
36 44 13
92 2 23
14 17 2
20 72 57
41 63 20
72 90 89
96 45 94
99 57 95
32 51 72
42 92 29
19 78 61
27 2 44
60 35 72
6 18 86
47 85 13
10 40 94
68 81 80
82 10 53
85 10 45
33 77 67
52 78 61
48 86 99
38 53 14
7 85 4
81 64 83
2 5 39
61 68 76
85 50 4
78 10 31
79 21 92
50 13 96
21 2 45
81 3 77
23 8 76
50 80 87
76 54 52
21 74 43
13 83 3
60 4 59
78 44 60
31 14 3
67 75 89
68 86 23
2 63 28
56 14 27
75 47 75
62 91 27
86 46 21
51 52 54
20 31 89
94 46 97
5 13 47
26 27 19
31 63 48
18 49 85
20 34 68
8 44 6
22 11 1
96 64 78
77 92 78
75 32 24
32 23 22
71 98 96
45 76 60
75 45 40
62 44 20
80 87 19
15 65 97
54 19 4
14 85 78
2 82 45
62 23 49
76 26 30
98 87 14
58 7 95
57 7 49
47 54 72
92 75 55
6 20 22
7 41 1
93 2 40
6 19 80
25 30 97
87 67 93
6 94 73
2 69 64
92 75 96
69 67 90
38 71 50
28 33 21
88 65 88
34 62 43
88 33 44
51 37 78
52 46 49
93 66 97
11 54 63
77 42 37
3 87 41
15 90 51
2 14 67
38 74 10
99 27 87
6 48 99
42 96 54
50 33 8
33 74 17
47 88 86
17 55 58
72 79 70
96 60 76
58 30 42
98 61 48
35 98 70
52 40 77
71 49 71
32 45 56
31 85 46
19 75 49
95 24 92
22 51 44
80 73 19
32 78 49
96 18 84
81 86 32
12 24 84
85 95 3
45 25 5
13 2 44
14 2 63
8 25 18
14 48 100
64 4 76
88 15 47
83 79 65
77 45 55
79 28 82
5 23 82
83 40 21
68 66 77
56 70 22
32 88 82
11 5 37
87 77 52
83 12 99
11 90 20
50 27 89
53 31 57
59 32 43
56 26 32
51 55 3
10 27 53
32 54 28
82 69 16
41 52 50
30 32 76
58 86 15
62 96 72
74 56 91
74 36 44
48 60 93
28 84 91
62 48 29
94 5 75
86 25 92
34 92 69
29 62 56
0 21 57
6 45 73
5 47 25
43 9 26
79 57 4
94 42 51
8 29 33
92 44 77
27 39 83
40 9 73
78 58 73
15 80 35
89 33 20
11 32 86
63 53 41
91 32 24
3 79 38
53 49 30
34 15 48
81 74 42
2 78 18
67 82 61
50 8 26
46 69 3
24 7 97
32 90 11
35 40 48
89 98 51
25 83 36
87 3 58
33 72 67
94 21 58
70 24 20
97 49 44
69 36 4
34 44 100
34 53 21
65 52 69
99 31 32
75 78 1
17 15 78
95 3 86
32 5 61
71 50 60
30 27 2
44 49 2
56 17 28
0 19 23
29 45 90
65 24 53
97 77 21
55 34 22
46 11 12
0 89 90
32 25 81
38 63 32
26 55 93
66 35 85
84 91 7
6 28 40
80 67 71
71 0 74
56 7 59
90 74 69
23 27 33
56 39 91
1 5 35
54 14 100
3 5 75
79 87 9
86 77 44
31 74 47
38 73 77
55 21 78
34 29 33
63 82 39
14 52 49
6 66 17
20 7 63
14 75 12
52 15 63
51 64 74
57 30 25
59 50 69
56 50 93
81 51 31
43 90 87
62 68 98
76 15 87
42 78 37
97 15 27
12 69 71
83 1 64
74 40 5
52 86 75
25 71 43
40 72 15
60 86 49
89 4 87
38 11 62
92 6 10
38 48 66
53 21 83
38 28 100
49 82 42
38 1 36
38 53 44
70 24 9
59 25 4
61 55 37
43 46 16
13 4 63
57 55 34
96 11 65
36 45 52
66 58 64
2 64 74
58 93 83
8 91 70
86 54 34
51 43 80
35 92 85
40 45 92
59 2 8
26 16 100
56 14 41
1 69 49
75 47 9
4 10 63
56 92 80
81 59 63
10 2 65
99 44 27
12 29 32
15 3 89
2 28 65
50 17 79
92 21 77
66 1 75
36 7 45
87 50 67
41 36 42
21 47 76
64 82 68
0 9 46
11 41 78
45 60 85
79 39 2
34 28 93
75 26 74
47 73 24
22 27 2
38 84 44
10 70 70
80 61 7
23 7 40
97 74 33
69 54 40
99 46 4
35 51 97
50 12 54
67 29 15
80 99 11
0 24 10
7 71 37
53 51 62
40 23 9
67 63 11
98 63 23
42 64 46
33 12 98
88 40 81
95 61 15
26 13 46
66 19 14
41 58 28
51 92 10
80 83 53
66 3 31
17 87 19
72 63 45
38 24 80
36 94 14
29 90 62
44 65 23
94 31 58
96 46 86
43 70 53
57 32 58
57 81 6
33 65 43
45 77 40
98 56 64
12 79 11
86 44 60
69 6 95
50 82 26
9 63 52
51 34 72
39 21 85
73 85 65
12 87 96
92 57 63
35 68 76
8 72 45
65 14 21
50 57 83
85 31 14
31 23 22
11 4 38
74 92 37
64 32 32
66 37 54
38 2 18
99 35 17
15 17 2
9 15 77
73 98 76
88 20 37
67 27 95
6 10 65
82 36 48
30 37 1
38 76 90
57 61 26
80 0 28
61 17 93
52 66 91
26 70 42
92 29 17
65 1 26
14 87 82
43 48 10
99 61 21
28 98 79
55 5 50
44 76 40
52 56 43
47 86 96
3 62 24
48 53 61
90 30 5
62 73 84
99 25 14
71 61 76
85 35 21
31 22 56
26 76 79
91 46 80
83 45 51
99 43 81
31 63 30
96 10 47
6 26 100
51 62 86
59 63 16
7 36 44
61 74 33
36 43 39
38 19 74
67 95 16
67 65 90
10 99 1
38 47 13
87 48 50
59 9 69
84 94 75
70 78 21
0 60 76
83 1 75
66 26 95
86 59 20
22 80 98
52 78 31
65 39 22
7 6 17
79 54 61
72 23 35
3 19 55
76 41 75
48 73 1
84 37 3
79 52 22
70 33 49
97 80 56
96 66 72
31 40 13
67 37 77
64 24 56
68 47 78
37 97 21
31 98 68
37 85 76
72 29 67
89 34 90
37 11 26
17 4 83
80 64 85
92 62 69
93 88 18
36 75 37
39 47 90
39 48 14
10 78 50
90 13 82
75 87 35
95 24 87
71 18 72
78 77 26
98 47 26
24 62 5
78 2 21
58 18 84
3 22 85
89 45 37
17 54 75
79 73 77
92 13 20
15 51 12
42 52 94
17 22 55
56 0 91
19 4 98
78 62 65
76 44 77
42 43 91
42 4 73
83 97 38
5 21 74
54 30 63
8 29 67
43 39 48
71 79 32
15 85 39
69 50 91
99 83 48
51 7 97
81 71 28
0 51 25
28 53 49
15 63 91
88 78 70
25 63 99
33 77 18
48 58 56
78 84 4
22 77 85
8 57 97
59 47 20
55 5 6
98 94 93
76 10 70
21 18 99
19 29 37
46 35 25
4 8 65
79 69 37
82 46 3
79 78 2
38 55 88
68 43 57
84 30 33
36 60 72
14 10 33
11 15 31
75 47 60
12 63 52
45 27 61
97 60 85
35 92 68
63 89 70
66 48 67
96 61 97
1 92 32
31 46 9
28 84 24
63 64 41
28 99 44
44 85 66
10 11 59
45 88 50
80 92 92
85 43 89
29 21 97
97 48 36
24 53 14
90 2 59
29 35 71
11 86 87
47 43 38
1 65 52
75 3 9
25 93 24
12 78 22
0 66 25
82 73 48
50 20 91
28 34 90
77 6 29
52 64 42
73 65 85
53 35 71
34 17 85
25 43 21
39 73 70
1 30 44
94 78 71
63 61 34
85 5 80
68 78 73
77 24 93
52 91 42
0 47 91
19 61 91
75 20 59
41 72 72
71 27 37
87 6 60
3 66 86
12 68 17
0 53 55
34 92 82
22 71 56
71 83 52
85 20 38
80 52 82
96 55 25
25 1 36
65 36 80
25 17 40
56 93 36
93 55 53
38 77 3
95 20 11
92 16 43
68 57 9
73 45 88
45 11 74
57 81 25
62 79 13
48 97 97
84 70 51
36 43 85
18 62 88
30 56 76
73 61 22
93 71 45
53 79 82
69 99 67
79 58 10
53 22 33
34 62 45
70 33 77
34 59 40
86 69 26
17 26 25
82 15 12
74 13 86
12 84 12
9 38 63
60 93 47
47 32 8
24 50 43
94 20 78
4 25 75
65 58 73
49 61 50
11 90 1
25 88 73
36 83 53
24 25 54
77 5 28
20 7 63
66 35 18
80 36 14
35 71 46
21 31 75
38 11 58
99 98 49
64 93 64
70 72 66
10 19 61
63 59 88
34 19 53
34 96 80
4 70 9
15 65 69
63 12 55
24 1 85
33 3 6
52 93 3
31 46 67
34 1 58
3 50 35
70 10 78
72 23 12
5 66 56
55 17 2
84 15 85
60 81 33
70 42 72
58 33 61
16 82 78
25 39 92
16 21 64
20 2 16
46 72 49
47 78 63
20 64 22
11 1 53
94 43 31
80 92 92
30 31 87
14 69 21
76 87 55
36 86 48
72 34 7
45 68 70
96 86 7
32 79 65
8 13 64
99 13 2
91 26 66
9 37 58
34 77 29
83 67 14
58 59 26
65 10 57
52 75 86
77 20 41
50 68 22
40 83 64
40 83 74
97 11 62
56 23 22
94 27 56
64 66 68
39 83 93
6 35 26
98 4 69
16 42 75
93 11 93
31 96 28
63 56 40
92 27 73
37 40 38
93 99 77
59 63 48
92 94 75
72 2 9
54 38 28
48 63 22
34 22 52
37 89 70
98 91 3
99 25 48
44 63 8
99 67 11
12 53 71
92 31 35
59 15 48
49 81 72
38 94 64
28 78 9
44 97 67
91 23 47
10 24 65
55 35 24
26 53 31
78 34 83
31 68 86
87 62 82
41 98 34
18 69 41
97 65 8
90 56 55
11 51 85
32 94 44
55 87 70
83 91 69
68 44 53
48 79 39
20 11 58
34 22 37
64 54 77
13 73 54
60 19 90
86 79 10
25 53 95
7 54 53
17 39 85
54 61 42
66 34 85
54 76 65
48 67 90
4 74 72
60 50 72
68 9 12
78 80 25
98 4 65
71 85 97
90 30 76
62 15 86
98 27 16
73 14 72
17 23 61
4 76 83
61 55 9
52 59 7
8 93 91
1 12 49
37 6 87
14 84 80
29 49 63
89 6 47
20 92 26
23 89 47
96 24 74
82 83 22
85 83 87
30 85 3
48 60 33
0 14 13
45 80 2
80 7 91
14 9 85
17 62 85
83 11 47
15 52 56
5 61 10
32 85 45
66 65 21
27 39 94
23 19 15
70 14 66
72 41 56
27 56 25
70 47 28
76 2 78
76 22 95
15 72 11
58 80 3
36 4 11
85 71 1
69 82 80
4 81 50
51 54 77
89 4 17
22 76 62
53 51 51
55 62 80
41 68 61
33 90 14
28 38 4
70 96 52
89 79 55
23 83 16
64 67 94
20 44 3
65 39 86
53 11 38
18 60 69
49 85 8
27 25 50
98 5 25
74 15 24
75 36 34
18 81 64
42 15 95
50 74 14
95 38 52
80 83 88
73 8 34
75 67 36
54 94 3
84 83 90
2 41 41
38 7 9
33 5 46
82 85 60
3 5 19
72 86 17
32 31 30
85 49 58
99 78 71
46 29 78
35 42 35
59 50 69
97 84 11
98 17 23
55 96 2
12 7 35
95 62 81
17 7 3
4 69 94
17 82 99
19 43 4
45 50 74
67 4 64
85 37 11
4 47 80
40 47 56
43 50 75
59 61 84
48 35 51
98 15 42
60 40 8
74 61 37
89 22 88
5 9 17
44 43 42
11 93 22
69 9 27
48 41 29
6 2 19
43 93 88
83 52 70
90 80 38
48 55 27
13 70 63
3 98 59
71 1 70
86 27 15
14 45 25
34 77 76
54 88 91
8 67 33
6 89 50
42 98 19
22 41 74
37 89 39
54 6 5
15 0 43
53 57 16
85 15 27
33 22 34
38 77 10
10 8 100
61 22 73
97 1 18
72 66 74
90 83 26
30 2 61
25 14 20
39 16 32
51 41 56
51 14 80
45 77 94
57 4 68
97 95 46
27 48 49
54 81 92
13 79 12
21 22 92
88 20 16
13 38 47
56 31 16
55 43 83
64 22 55
60 89 7
26 8 22
79 41 77
6 10 90
0 28 91
2 34 4
21 62 55
80 43 98
10 17 38
96 32 30
3 90 77
66 0 95
64 63 52
96 45 95
91 75 69
31 3 57
87 43 42
44 71 56
18 65 72
1 71 80
39 2 71
19 47 8
39 6 11
9 62 4
31 95 41
42 31 55
22 24 2
9 33 61
80 92 16
61 75 53
11 67 12
45 13 97
81 42 14
91 23 71
82 91 62
40 71 63
65 30 51
2 69 57
21 42 10
11 3 44
5 45 43
13 72 24
63 65 72
93 52 9
81 19 87
69 36 39
68 92 11
19 67 8
42 0 37
43 77 21
40 12 43
96 7 9
14 27 13
21 44 37
97 58 50
40 38 28
27 87 38
20 70 33
78 17 69
57 76 16
22 30 85
1 24 82
24 62 9
7 21 87
1 49 96
52 55 58
43 54 100
42 36 34
72 43 78
77 72 45
86 81 63
6 46 45
34 41 87
15 64 58
40 27 26
2 99 76
98 10 96
99 95 69
93 96 87
38 90 5
45 56 98
50 10 77
86 75 42
39 52 21
84 70 12
92 40 55
9 74 81
10 4 5
99 30 99
64 26 83
51 24 85
17 7 74
39 36 73
16 59 44
23 96 78
78 5 30
51 30 1
30 32 3
52 87 81
89 96 63
29 98 83
67 40 5
36 43 20
61 56 86
0 86 56
64 24 65
74 18 94
28 5 100
65 26 2
31 89 61
42 5 48
24 58 20
13 80 19
87 83 6
87 68 8
42 4 89
23 30 91
51 3 15
24 48 6
58 2 96
11 52 87
50 0 71
48 53 69
73 11 3
95 14 24
11 84 14
69 63 76
10 65 25
96 60 97
53 10 18
24 13 42
4 33 97
32 77 27
10 28 100
60 23 15
33 82 98
40 47 11
5 80 6
84 49 25
88 98 8
66 60 94
15 43 97
23 96 16
61 37 2
2 87 9
3 50 14
7 69 47
30 17 92
62 29 23
40 48 51
10 79 68
23 7 27
36 39 94
9 41 91
69 85 49
80 65 59
68 2 2
51 24 45
85 28 16
26 79 32
71 99 46
22 70 77
92 33 89
42 44 55
99 52 85
45 82 56
10 45 37
47 64 51
9 7 31
92 30 63
16 74 15
58 33 4
9 70 75
77 97 68
32 13 78
63 12 36
10 3 63
45 30 68
86 83 68
44 19 85
64 49 2
96 31 84
9 66 88
96 0 70
42 19 19
76 24 28
99 79 59
70 56 77
58 44 52
19 0 34
47 82 18
43 94 67
48 49 43
83 1 99
20 54 53
58 10 90
44 1 21
3 97 29
20 43 20
84 18 70
7 26 64
16 49 62
76 86 1
57 71 66
19 57 50
78 89 49
51 82 17
51 35 70
64 35 100
87 78 11
49 12 46
70 52 56
97 49 72
12 95 86
62 41 40
91 76 32
92 9 30
97 91 28
25 41 74
61 86 8
82 19 69
52 84 46
56 92 58
34 66 68
86 15 9
2 94 75
33 10 28
33 51 16
67 26 39
31 78 18
81 6 81
84 98 51
79 7 18
72 32 36
69 9 44
78 61 5
76 34 65
12 67 53
10 13 32
52 22 52
19 23 60
61 92 86
78 96 6
79 35 23
65 24 23
38 73 28
49 11 20
74 95 69
70 96 27
72 58 41
18 36 45
98 93 92
31 8 69
5 27 55
64 27 75
70 51 99
45 15 43
70 33 90
30 63 72
71 86 90
47 9 41
45 88 42
94 44 34
84 93 55
32 53 38
28 40 36
11 16 35
70 50 27
60 52 94
56 97 5
16 2 35
63 91 46
38 64 57
75 22 68
32 72 61
22 28 20
37 56 71
79 95 43
91 29 81
4 45 30
49 41 7
17 39 20
19 5 48
66 51 57
46 21 54
3 12 49
38 2 36
60 20 74
64 88 52
85 53 77
45 31 63
85 36 85
66 29 26
33 42 90
33 3 78
28 97 40
8 58 7
83 68 21
94 79 35
51 4 44
13 21 2
97 7 69
53 63 48
8 36 77
71 56 49
71 95 52
31 55 39
98 56 39
7 47 33
33 85 59
36 34 18
66 73 78
25 52 72
10 20 17
79 32 38
78 7 26
75 47 97
17 18 93
61 95 42
44 46 57
37 14 49
15 74 40
91 73 62
19 55 50
54 41 56
7 20 98
69 2 2
42 67 52
69 72 86
31 59 63
8 91 62
16 0 94
40 57 67
60 91 52
82 52 13
43 41 10
41 1 61
24 50 61
61 45 14
18 30 41
30 59 45
18 16 82
94 15 18
65 39 27
30 4 16
80 24 22
53 79 85
67 30 61
9 71 43
1 19 65
44 76 93
83 12 28
63 97 74
49 42 77
94 67 38
63 26 79
90 2 96
25 44 72
4 14 19
34 47 41
4 41 7
84 78 52
74 43 47
66 70 37
84 1 15
79 65 4
15 25 21
48 16 56
34 69 93
39 42 27
67 49 78
36 27 65
86 14 40
4 52 48
11 8 4
49 39 99
18 88 96
42 68 37
12 37 91
85 63 31
35 23 60
55 59 25
41 7 47
46 50 68
71 56 27
51 13 36
38 76 9
42 52 89
57 81 67
62 31 13
14 59 1
93 90 71
77 66 8
41 58 45
32 16 98
5 1 32
44 85 92
4 11 26
99 39 61
5 94 49
39 45 32
79 50 12
1 81 91
87 17 51
76 59 37
79 70 51
49 32 32
41 37 57
2 38 38
88 64 26
17 33 49
28 64 46
75 29 100
34 85 41
43 55 59
20 88 9
12 68 88
93 90 64
65 38 11
23 12 67
57 52 28
78 71 22
23 78 23
61 17 28
91 87 58
60 35 16
52 3 82
57 9 91
62 53 51
24 31 55
69 22 32
71 55 8
11 44 35
5 3 66
59 50 69
66 74 25
72 39 46
3 86 88
45 68 63
69 61 17
17 70 90
95 6 59
34 77 79
89 39 4
90 66 97
81 35 21
80 39 100
17 43 95
19 25 43
14 50 76
61 55 92
83 10 98
87 20 28
70 86 50
92 54 85
63 16 26
33 29 79
33 50 50
17 42 89
35 83 34
66 4 100
77 70 54
6 49 78
78 91 59
88 82 41
9 4 18
76 6 64
46 12 81
13 46 44
73 84 38
98 28 84
88 78 87
6 77 72
15 81 65
89 27 77
26 66 70
23 88 77
24 95 26
82 89 35
29 10 30
41 19 90
67 72 88
19 86 60
29 95 6
5 9 83
80 54 57
20 61 56
39 75 36
89 68 58
94 43 51
26 47 66
66 10 56
85 60 98
89 77 100
16 17 68
66 30 6
89 48 90
42 58 56
66 62 20
5 99 83
15 16 35
99 28 82
60 96 12
0 81 15
95 54 17
91 87 56
63 17 91
18 20 59
79 76 73
83 94 82
10 27 13
39 17 25
88 19 61
28 42 99
87 62 47
22 10 28
31 36 67
13 35 96
4 43 70
33 41 15
18 63 70
33 98 85
1 83 80
22 53 96
8 89 55
30 23 14
66 45 64
7 10 83
57 77 54
76 55 52
27 96 27
65 83 92
29 78 20
10 18 4
71 41 60
90 9 16
57 11 25
72 55 93
74 97 79
86 52 50
46 7 55
24 88 92
9 56 79
80 23 18
13 33 54
80 34 21
94 69 86
59 39 5
30 36 11
9 42 59
91 97 21
39 4 51
62 22 30
97 99 61
40 44 37
55 95 68
83 38 84
65 36 72
86 69 84
39 75 19
17 6 4
21 4 65
18 82 45
79 65 82
34 56 96
96 36 86
66 3 74
50 54 4
36 29 34
56 92 8
79 57 28
72 34 55
23 34 80
2 26 64
88 63 23
41 21 97
97 73 46
29 99 73
18 90 39
80 17 75
0 58 46
43 75 58
40 59 59
21 71 66
13 23 39
55 98 2
71 32 28
0 29 39
67 9 51
98 66 54
87 16 7
46 60 23
39 72 60
49 36 38
1 95 44
86 32 41
11 10 62
96 94 21
41 98 30
4 0 56
48 15 35
93 26 35
81 0 48
94 97 77
66 70 75
89 1 45
85 99 25
97 2 73
38 36 99
81 76 44
18 74 5
71 22 99
74 38 57
92 1 19
5 79 9
59 95 42
32 2 50
79 50 7
72 1 56
5 78 63
17 65 82
57 78 57
39 91 76
85 41 55
66 84 4
35 45 43
97 13 95
91 96 26
69 13 14
77 29 75
15 13 96
33 61 47
46 38 27
56 60 41
16 26 67
9 88 41
69 78 76
8 49 48
31 17 13
98 94 39
24 48 1
87 77 82
12 48 75
66 56 43
96 88 14
72 98 34
89 38 20
90 59 12
41 87 41
41 71 84
92 1 91
57 92 96
26 91 9
23 7 9
4 95 15
68 3 71
32 51 14
43 7 72
26 99 24
10 44 50
31 68 27
8 68 58
51 17 94
47 46 50
5 87 17
58 18 36
84 34 80
73 4 51
57 91 45
69 7 100
76 20 80
45 80 80
26 67 17
81 27 42
86 97 34
19 90 50
4 84 46
40 29 53
19 85 30
46 91 89
11 69 66
80 4 39
43 70 41
28 77 89
67 19 89
67 70 98
59 84 28
91 64 54
69 84 2
53 89 78
98 25 19
37 11 60
87 32 76
81 99 5
17 42 25
71 36 27
56 84 39
43 20 33
98 16 96
57 62 47
83 15 77
2 5 20
93 7 4
77 97 86
66 54 55
79 49 89
47 6 73
34 52 75
64 83 77
2 71 7
92 20 49
4 95 24
98 51 89
21 98 44
91 98 78
51 72 96
15 58 96
71 85 73
37 76 1
32 16 79
50 24 69
58 64 73
22 6 60
92 43 78
66 33 7
58 36 32
36 93 71
5 89 19
35 9 41
59 55 61
67 85 24
94 69 87
71 51 94
98 64 75
91 79 6
19 27 92
0 17 39
3 45 2
33 15 19
42 14 62
11 66 27
61 63 34
33 51 29
45 8 85
59 83 41
99 63 71
92 29 9
78 93 36
61 58 81
88 59 36
46 96 14
78 3 50
24 33 69
28 13 16
10 42 15
61 89 86
30 96 36
75 40 34
50 35 24
1 12 41
49 67 97
14 53 69
88 42 45
33 11 59
68 52 34
80 88 10
94 77 97
99 10 18
25 24 73
25 92 46
38 36 13
35 6 81
79 64 12
59 51 48
25 10 30
63 28 29
50 34 37
31 78 38
3 92 51
65 52 15
99 54 100
26 81 60
61 38 68
2 46 54
67 96 16
54 86 99
67 9 27
85 86 35
52 44 29
43 27 57
77 91 40
88 81 51
11 3 1
16 88 36
55 70 31
7 21 88
13 48 83
60 34 39
97 4 7
7 99 76
48 94 17
42 15 4
58 7 47
30 12 35
91 21 49
29 95 31
26 69 4
18 61 88
94 16 26
71 39 100
39 11 31
75 52 29
92 75 41
73 86 89
64 56 53
82 8 40
66 62 99
28 52 35
92 70 37
8 25 81
1 86 76
48 7 99
33 58 26
37 33 97
39 49 19
62 29 39
3 12 23
55 12 13
30 19 5
82 90 39
52 62 70
13 52 23
13 89 61
24 20 85
50 51 90
94 92 88
66 44 67
96 63 95
45 87 46
82 85 76
9 99 42
70 13 41
10 65 47
34 63 25
87 32 13
7 30 90
45 97 6
1 83 91
21 49 71
48 71 86
82 68 3
24 4 20
49 24 24
64 81 81
17 52 53
15 0 86
48 34 80
25 71 94
30 34 36
28 29 93
60 81 59
31 69 40
41 51 30
84 57 64
32 24 78
1 63 8
49 84 57
98 52 4
50 15 57
89 42 19
88 75 69
44 77 67
73 17 68
20 93 47
32 14 49
58 25 87
18 14 81
64 77 58
93 70 37
53 60 7
58 12 26
20 79 68
56 68 100
69 12 21
41 81 56
94 28 2
59 69 75
71 4 46
81 34 19
4 80 83
62 42 95
9 6 30
94 30 59
18 91 49
71 59 19
89 66 99
62 69 13
24 48 11
29 92 30
73 31 32
22 26 96
75 71 7
76 0 61
98 72 16
52 45 56
27 99 91
70 78 44
80 20 97
15 30 65
52 37 64
80 12 43
57 59 92
5 74 100
86 72 50
89 31 64
46 14 91
99 24 79
67 14 88
71 61 76
97 25 42
52 44 50
2 73 48
77 41 40
58 79 100
4 28 27
66 15 52
2 37 73
71 22 100
76 16 46
15 88 43
66 67 4
71 54 84
49 48 70
90 14 3
60 70 57
20 25 26
74 81 61
40 93 4
55 81 82
67 90 22
26 41 34
63 78 58
27 73 65
96 31 41
69 41 59
60 54 60
61 91 94
7 0 83
11 24 5
74 89 76
46 48 39
38 2 61
36 57 40
17 9 76
80 73 31
23 5 98
51 14 77
64 67 75
46 53 65
42 22 49
63 29 41
88 70 6
96 54 51
64 40 40
76 13 53
33 99 2
32 37 73
42 22 57
78 82 43
83 46 26
84 13 73
12 90 2
68 2 72
86 71 74
64 82 34
90 62 27
48 11 70
20 24 78
75 64 84
26 0 78
79 81 32
92 91 42
79 59 36
97 60 44
44 45 2
72 76 23
38 66 47
40 78 46
3 93 65
63 58 79
24 23 66
38 22 79
45 19 31
25 3 23
50 29 30
31 53 96
45 14 89
76 29 65
56 86 6
93 17 3
6 0 79
92 63 42
5 97 11
67 16 1
24 13 39
25 22 61
97 68 18
76 9 38
81 72 69
29 82 73
68 83 5
73 9 91
9 36 86
4 57 82
53 28 75
42 23 42
42 35 18
66 63 78
29 99 98
36 52 55
15 24 52
60 35 24
51 15 17
44 81 16
51 40 94
32 22 50
61 75 71
77 13 44
91 53 80
40 34 36
57 39 75
35 26 89
72 70 51
88 6 18
41 87 1
92 44 11
10 39 78
63 37 99
29 9 90
41 59 33
91 34 96
42 45 12
52 44 52
1 28 97
37 12 47
31 87 31
78 8 65
42 62 20
80 73 46
49 5 36
30 45 90
36 38 25
47 75 66
50 43 30
31 93 93
67 64 88
33 97 96
55 95 48
57 49 88
54 40 56
99 8 60
89 32 27
65 5 9
35 26 61
62 33 57
61 27 56
53 48 79
87 3 20
87 90 10
64 69 79
88 47 9
69 18 72
44 15 19
33 96 47
22 98 14
30 15 94
30 61 73
76 81 74
50 35 90
12 94 54
68 9 48
96 31 65
56 75 13
24 92 60
48 82 11
62 51 60
20 33 86
47 70 70
59 85 44
1 71 72
5 39 78
86 95 100
44 23 73
42 5 82
42 29 43
94 97 95
58 29 68
24 1 68
81 39 33
99 52 84
55 40 26
82 79 59
14 64 84
68 55 12
26 1 99
1 4 91
11 45 88
56 79 84
84 87 81
68 11 95
47 62 53
44 11 51
16 48 18
71 48 34
76 42 21
92 94 16
73 46 82
60 85 64
18 75 97
53 68 23
49 67 46
70 9 78
42 3 37
81 68 56
27 20 49
68 87 60
95 29 58
90 22 70
61 94 80
97 40 96
12 40 66
49 14 23
49 81 59
10 89 41
95 38 86
63 93 33
66 73 42
33 68 67
7 90 100
58 65 53
32 55 86
71 5 14
50 47 26
86 4 27
65 74 11
90 44 25
18 86 87
75 60 9
22 70 88
39 14 16
61 43 13
60 54 46
58 46 10
5 50 63
43 8 70
34 41 20
62 45 14
86 3 78
16 58 80
74 95 43
55 20 65
65 76 6
60 4 68
25 51 9
45 43 1
34 12 22
68 43 99
33 78 10
33 30 82
19 4 3
93 33 95
21 64 52
9 52 6
44 2 30
68 16 69
63 78 63
43 6 80
65 88 9
61 90 20
11 87 63
12 22 21
27 54 73
50 65 83
84 28 76
4 31 93
0 73 97
29 92 15
10 41 53
8 81 4
49 85 40
33 25 76
18 65 78
60 74 3
78 50 54
34 55 22
71 90 42
51 80 7
70 60 62
12 5 84
90 79 43
77 23 58
6 33 39
46 25 85
13 60 97
27 10 18
75 96 33
24 63 15
86 4 3
38 61 35
3 43 15
86 90 26
58 89 19
6 70 28
37 77 54
32 53 98
29 89 24
50 86 61
14 47 10
72 87 8
77 96 65
86 1 92
84 81 26
71 8 96
87 11 9
20 33 74
18 46 86
45 56 67
82 48 62
32 27 2
85 33 84
10 30 16
35 99 73
51 35 18
6 62 84
66 71 85
78 17 59
99 50 34
97 33 25
18 42 8
71 60 46
30 52 73
38 98 96
13 75 94
33 80 19
45 23 86
73 59 49
11 79 82
44 78 27
19 27 32
51 63 6
80 14 27
23 66 65
47 11 74
24 83 87
24 29 24
32 35 51
7 5 67
11 51 40
35 72 60
19 11 81
28 77 50
8 74 77
68 32 76
22 52 92
34 23 30
66 40 37
28 30 37
84 3 16
85 27 13
86 43 18
62 43 55
82 16 17
62 44 3
57 8 65
41 72 39
31 71 20
88 24 34
22 71 16
75 11 48
48 26 53
88 5 85
3 65 87
76 21 51
7 12 14
88 73 86
32 11 48
38 2 76
33 82 34
80 46 17
99 13 15
8 2 78
78 60 84
49 20 98
87 81 53
69 22 39
69 83 99
0 43 51
48 22 54
73 31 24
82 83 59
76 53 68
5 92 90
8 40 64
32 8 83
84 52 92
20 42 98
39 98 7
58 74 82
75 42 5
32 67 24
80 5 35
61 34 21
86 33 44
49 58 63
29 63 60
2 24 58
60 95 95
73 0 13
69 56 59
7 33 22
0 47 65
57 98 27
55 74 96
92 28 30
66 78 34
65 83 59
47 4 81
35 66 73
14 58 64
96 91 18
69 88 78
7 47 53
64 34 59
53 10 62
55 63 77
53 16 36
42 95 32
90 68 12
41 24 25
34 68 84
95 50 6
90 7 71
49 43 60
26 14 36
51 48 76
57 4 95
80 20 41
12 25 8
39 1 35
52 61 3
84 41 25
87 71 89
34 95 13
50 72 48
6 27 95
50 64 57
70 80 95
17 53 62
77 66 42
5 26 75
98 59 48
43 24 44
77 25 54
1 86 42
17 0 100
58 22 12
26 61 44
95 81 79
68 70 75
7 67 89
92 91 75
97 81 97
5 39 11
55 33 7
68 81 76
97 83 1
87 35 33
82 49 85
41 82 66
95 46 39
83 81 41
98 74 93
1 51 7
50 67 28
41 40 54
40 51 52
88 52 71
34 12 78
85 30 40
31 97 89
23 95 55
5 23 38
57 28 81
54 11 9
78 72 59
4 83 81
39 98 62
67 11 57
88 45 60
62 70 63
60 12 35
14 65 40
68 97 33
77 66 49
15 86 2
43 19 3
72 8 33
92 59 18
49 1 41
38 83 96
46 18 54
93 78 41
22 68 4
81 74 31
55 89 57
87 20 5
1 58 46
44 67 97
57 29 29
92 94 29
34 45 52
65 36 54
9 84 88
63 48 31
52 41 79
6 69 5
5 55 60
64 82 42
42 87 76
56 5 72
12 20 35
81 26 17
70 82 18
30 2 5
92 72 54
36 53 75
96 30 12
74 8 71
61 23 64
73 98 73
24 19 77
40 90 15
82 71 95
7 86 74
92 38 8
98 21 46
0 99 36
6 4 7
46 91 31
88 0 48
70 92 78
95 14 50
93 91 41
18 86 35
28 42 79
90 42 8
2 93 75
56 10 15
4 98 87
39 14 52
28 66 46
94 84 69
81 63 18
58 46 57
50 88 53
43 94 62
42 18 81
36 51 66
60 4 14
38 27 36
99 6 67
97 46 38
2 9 2
76 70 11
15 40 47
15 99 79
65 5 43
58 27 74
71 49 55
6 4 28
59 26 89
79 71 18
47 66 24
16 50 75
21 79 57
51 26 13
11 17 11
44 71 2
91 61 67
6 67 97
72 97 13
10 90 46
77 85 19
96 95 32
33 43 30
41 1 5
90 51 39
59 14 47
41 32 17
52 37 45
95 16 51
83 79 74
43 75 93
21 15 9
6 22 73
93 39 58
53 80 39
16 47 68
0 9 40
6 98 7
94 69 4
68 46 18
68 92 21
87 18 62
87 41 73
47 85 7
10 74 34
74 33 83
18 35 86
59 90 12
61 2 80
26 59 48
44 47 88
58 8 23
29 54 9
0 4 92
33 79 57
37 63 38
6 83 3
16 72 35
32 17 27
11 87 58
2 86 85
12 49 49
77 25 63
12 73 57
43 22 14
92 88 37
83 48 53
91 11 90
90 46 50
85 72 19
44 79 32
42 4 92
32 70 37
77 67 69
83 90 6
10 20 73
89 3 94
52 28 17
28 65 52
99 93 16
0 88 46
29 32 98
37 80 47
56 48 3
81 95 11
56 73 72
37 16 72
78 73 80
18 20 21
59 54 6
57 1 69
6 98 75
20 53 31
3 64 43
49 99 55
52 15 97
98 90 40
71 90 93
84 98 22
18 79 20
3 99 49
52 74 55
16 98 89
90 0 81
13 93 36
0 14 36
75 14 57
30 3 7
46 77 27
58 89 51
23 58 32
72 68 59
65 70 4
22 6 91
43 32 75
62 47 20
50 58 82
74 67 24
9 92 35
44 9 1
90 0 10
54 94 74
60 45 59
9 73 76
13 46 93
74 22 65
81 21 44
63 72 73
8 77 49
37 85 4
2 37 87
52 61 99
27 7 31
91 24 84
74 49 22
89 37 82
43 54 29
61 90 80
59 67 36
53 48 27
38 34 45
99 1 3
75 23 42
30 16 81
37 69 76
73 36 66
26 56 34
85 19 8
23 45 5
92 59 75
58 62 74
89 4 33
79 2 45
45 98 91
24 68 99
18 79 100
69 43 68
16 24 61
70 53 34
47 69 30
46 61 94
71 32 36
18 99 21
13 51 72
18 43 32
44 76 12
78 99 11
47 75 60
60 68 67
25 61 25
59 4 28
25 53 67
92 54 83
36 88 76
76 86 59
92 65 88
17 51 65
96 27 42
35 3 70
64 22 1
38 91 67
35 66 67
23 70 77
0 76 100
31 71 53
33 74 52
14 40 20
59 46 44
73 85 84
66 63 66
54 57 46
70 29 65
67 65 39
49 13 52
55 28 26
25 70 75
41 42 74
29 24 95
79 95 29
71 39 27
18 10 24
5 77 80
38 86 59
41 62 85
74 13 97
19 94 38
50 90 8
55 11 90
54 72 9
25 15 48
19 70 91
11 39 77
35 4 68
5 79 59
8 22 26
3 7 38
83 96 97
32 78 5
36 77 13
46 11 26
7 24 31
22 16 66
25 41 48
3 21 99
99 85 63
65 42 42
96 33 31
42 29 23
99 82 25
63 53 88
66 63 56
64 21 4
42 39 11
73 36 66
15 51 69
14 46 67
2 75 79
39 80 47
44 89 49
21 91 2
63 44 5
18 4 90
4 31 42
77 83 53
26 42 88
98 39 24
36 96 37
65 82 96
90 88 46
53 61 58
92 13 14
24 58 36
73 92 67
4 66 41
5 65 19
70 87 91
76 11 59
93 49 91
80 77 39
69 81 66
73 26 57
29 50 80
74 29 40
70 29 6
63 8 97
33 20 94
20 19 4
59 66 87
9 84 25
61 69 57
59 25 46
44 91 69
16 18 39
33 21 34
79 66 6
99 86 97
51 50 75
61 81 84
22 3 71
82 0 49
57 47 60
41 54 90
31 18 73
2 47 81
6 61 84
29 96 34
33 43 88
92 32 17
45 6 83
60 87 30
85 45 94
13 33 64
98 89 45
64 50 73
6 11 62
27 44 14
84 44 58
13 18 53
9 57 70
54 30 44
25 82 4
26 43 3
24 74 28
52 1 94
27 70 85
99 22 5
73 47 86
83 84 90
5 68 19
25 68 68
89 4 79
45 5 26
44 1 8
28 20 27
16 3 40
31 78 72
20 70 20
73 51 36
25 54 55
9 89 39
91 45 49
21 75 31
44 96 40
22 39 38
46 91 16
41 59 85
63 20 14
47 61 66
16 75 94
41 22 95
17 9 37
92 7 72
20 17 34
5 9 70
28 50 38
91 53 80
14 15 66
6 43 61
27 41 64
71 56 62
42 85 3
91 3 50
34 9 18
21 44 79
49 31 39
75 50 74
98 65 98
82 84 93
84 40 14
59 9 88
45 59 93
84 36 23
46 79 81
32 94 52
50 89 56
99 40 44
39 62 15
47 75 82
74 62 55
25 7 43
20 76 46
10 17 61
24 56 53
51 93 88
15 83 3
48 32 79
70 38 78
90 2 26
76 82 90
9 39 78
97 41 45
49 59 16
17 81 9
32 94 64
3 19 5
56 28 79
95 46 31
1 75 86
17 39 34
27 49 74
61 5 49
34 7 51
48 57 40
30 62 30
18 25 85
19 40 65
60 90 53
85 6 61
7 22 39
65 9 24
36 73 14
25 79 41
68 76 89
65 57 78
41 77 61
25 52 50
69 33 55
62 24 91
82 34 77
75 39 61
61 59 85
10 51 93
13 86 93
9 15 56
74 76 14
74 31 98
57 77 42
80 27 94
51 6 9
0 45 23
47 10 65
73 61 24
83 40 65
58 97 41
28 58 86
36 90 91
3 95 14
96 10 82
65 31 80
0 70 58
12 11 28
76 46 92
1 37 42
43 16 12
95 14 85
82 16 50
88 4 46
2 76 83
62 31 99
68 34 49
80 38 32
44 49 11
52 4 23
75 68 79
63 89 58
41 2 69
53 46 37
83 68 92
79 50 55
72 5 4
92 14 81
66 47 84
27 36 67
37 40 87
10 57 63
16 67 37
47 72 62
20 60 14
72 28 59
0 78 83
34 78 61
98 52 59
13 62 84
75 42 34
24 97 22
75 54 65
90 43 96
93 36 20
34 89 3
39 65 14
50 26 42
96 78 74
92 45 32
94 47 86
74 96 3
53 19 10
62 21 46
66 62 76
10 51 98
83 46 52
99 69 51
87 58 82
59 83 51
12 70 67
86 87 63
2 50 42
50 95 87
19 40 75
11 12 24
64 65 20
94 93 82
83 54 16
82 41 71
82 76 63
58 89 41
58 53 53
27 34 16
49 34 75
40 62 92
17 55 2
42 1 65
96 91 65
22 60 21
24 44 9
26 64 7
58 62 5
91 57 7
16 95 24
66 26 85
35 85 53
78 63 14
81 60 85
60 79 14
19 28 75
72 16 42
10 0 83
70 71 10
53 3 47
36 56 99
47 65 12
50 21 60
38 28 72
41 9 26
45 9 73
1 19 99
98 29 56
71 33 83
9 42 61
29 40 8
93 71 94
30 24 67
19 4 19
29 23 56
0 65 86
76 34 11
20 23 96
10 71 91
59 25 41
11 19 66
47 80 71
12 32 65
69 16 100
20 15 16
77 67 81
33 56 76
87 68 12
22 13 72
51 55 84
75 78 20
73 2 36
58 59 78
16 30 80
45 97 43
4 50 18
40 21 98
73 11 26
16 25 25
39 45 40
72 82 73
49 66 60
97 75 36
24 78 10
0 1 90
59 79 95
50 59 32
47 29 90
34 97 48
82 92 11
80 90 43
8 60 64
81 63 99
4 62 93
91 44 52
15 23 1
7 45 81
71 19 80
64 3 30
50 64 51
78 48 96
1 57 18
19 38 20
95 89 98
82 88 57
11 22 30
44 6 3
77 18 46
20 44 52
16 56 23
3 38 28
84 75 12
37 56 7
29 24 3
9 2 29
80 98 20
69 44 17
49 52 34
82 1 28
6 69 81
31 83 37
36 95 39
95 89 67
11 24 52
13 9 72
21 49 89
99 17 70
63 6 27
69 74 23
23 59 27
39 78 98
78 39 42
28 54 53
66 36 1
41 14 23
50 18 96
75 3 30
63 62 99
31 45 34
28 36 61
36 27 10
74 8 76
36 66 1
1 46 88
43 88 62
97 66 44
91 63 76
74 43 7
6 65 32
77 76 72
80 26 80
1 15 26
83 1 1
77 19 43
41 31 32
94 36 93
77 28 11
43 69 2
29 35 21
13 69 19
54 19 65
86 36 29
84 55 70
42 2 9
20 54 33
59 27 69
2 74 44
11 26 100
53 52 65
16 73 58
58 25 55
35 57 89
42 21 61
55 52 85
1 93 8
11 86 2
0 44 54
37 26 1
92 35 75
42 55 76
33 10 39
2 28 49
65 53 28
69 46 3
56 35 62
13 39 73
77 99 28
84 4 24
92 40 50
19 41 42
62 78 67
56 32 41
38 40 56
25 86 42
67 24 31
0 17 6
30 45 61
50 49 57
3 80 7
97 79 97
35 15 28
36 11 94
76 65 10
85 36 1
19 1 64
86 5 83
16 27 39
75 74 16
90 43 31
40 2 62
50 8 78
38 40 73
44 61 54
77 40 12
14 79 74
4 65 21
14 98 2
64 49 30
79 72 90
9 5 96
26 89 58
97 75 58
43 31 42
83 92 53
28 38 44
84 64 28
62 82 11
49 66 64
94 52 53
38 19 4
84 18 15
24 20 82
36 0 63
83 51 93
0 10 2
34 33 87
8 22 10
44 14 3
21 17 22
48 89 54
40 75 60
97 28 25
12 70 42
60 27 33
49 19 79
71 12 15
74 18 17
95 2 62
1 56 54
11 56 6
44 80 48
2 99 59
61 57 54
26 55 74
52 95 23
77 3 35
59 60 84
17 26 76
91 45 39
2 92 60
57 80 70
6 42 74
32 79 42
70 38 36
39 16 63
26 14 71
90 17 75
81 85 25
30 45 13
1 75 50
97 19 5
31 59 88
64 45 73
78 24 90
28 31 80
91 37 55
97 67 26
75 36 62
75 61 88
98 60 88
30 76 35
41 78 74
51 73 12
17 39 65
94 42 9
31 32 2
4 16 6
24 66 63
92 62 87
90 95 33
33 94 6
74 84 9
49 93 51
45 43 97
62 72 78
9 56 32
34 52 8
25 10 52
88 49 76
45 34 7
2 21 70
32 11 7
5 16 55
97 96 73
94 23 77
62 4 91
84 47 86
67 75 89
65 30 35
21 52 62
71 79 60
14 38 9
60 37 2
96 68 60
0 99 62
93 42 75
72 12 41
88 85 3
43 15 43
99 90 48
54 35 99
51 71 24
5 14 57
62 50 70
84 25 64
60 68 80
3 15 57
97 91 13
14 42 28
3 68 76
58 98 56
41 22 39
49 40 63
70 59 14
18 91 54
88 61 50
72 64 68
94 13 60
51 61 93
22 72 64
39 54 88
2 10 3
71 38 42
69 29 57
17 71 53
25 29 29
2 21 88
97 78 96
94 52 95
86 75 83
92 93 26
92 8 48
59 64 94
80 20 35
53 85 75
31 93 77
88 41 31
33 90 18
33 45 5
14 52 52
95 63 19
6 95 50
83 61 59
55 61 64
46 90 60
36 90 86
71 20 32
94 4 44
2 88 12
69 39 47
59 73 61
68 59 58
7 36 83
44 95 28
26 9 43
35 91 21
93 22 89
72 97 98
9 12 42
7 4 55
98 8 14
38 10 59
29 19 58
91 74 78
62 13 6
51 89 53
61 51 88
14 12 90
63 57 2
1 13 66
84 42 74
64 12 73
41 96 48
52 32 54
39 35 100
80 69 39
8 97 62
92 53 4
5 97 72
25 68 3
36 18 82
2 30 18
73 3 94
83 33 62
96 78 35
45 89 27
94 96 47
4 52 13
45 9 47
87 17 21
92 39 96
45 62 83
75 63 35
42 91 74
4 65 55
46 15 40
63 11 53
9 69 22
15 43 56
20 11 90
13 86 68
72 62 94
11 23 58
5 52 10
42 98 28
91 33 80
26 75 8
3 73 34
34 41 71
0 20 72
27 44 89
23 63 88
95 3 49
27 54 84
8 29 94
61 73 77
93 85 48
72 35 12
61 9 78
27 75 64
82 7 23
88 70 21
11 87 53
10 55 65
63 62 81
41 0 24
16 24 3
97 50 35
1 3 60
57 37 24
95 25 64
52 26 19
26 91 39
85 52 37
57 64 93
32 73 78
32 64 9
15 43 18
83 86 74
59 67 42
72 97 11
81 15 27
8 63 63
34 2 72
80 50 66
29 37 16
31 54 57
15 66 26
78 63 52
99 49 7
82 68 37
81 93 53
0 92 32
66 76 65
26 41 75
59 16 77
41 26 76
44 36 18
22 74 98
82 24 43
43 96 89
4 53 100
62 33 97
91 96 7
29 73 86
33 48 42
89 18 10
53 31 63
89 98 28
18 4 27
99 70 35
39 84 9
97 12 52
0 90 59
74 63 5
29 49 59
46 69 38
21 89 81
93 84 22
33 73 29
69 60 85
71 91 94
14 31 3
71 50 83
27 94 60
0 95 29
69 49 31
94 71 51
97 35 12
78 14 72
26 58 47
94 40 75
85 15 80
6 66 68
72 66 70
47 51 100
24 59 26
92 18 54
5 88 46
86 19 74
40 52 16
42 60 47
93 2 93
56 91 71
83 30 79
65 58 6
95 22 45
57 13 56
77 82 92
57 36 3
91 81 86
11 38 7
71 42 57
84 0 34
81 45 66
12 34 31
65 11 19
51 71 18
53 88 29
56 34 89
7 18 34
8 43 10
75 28 92
8 70 68
61 74 39
64 34 84
38 90 20
69 16 97
17 25 11
25 4 78
56 6 11
59 77 18
94 61 78
36 3 98
87 44 3
93 79 17
0 53 45
11 97 49
22 37 74
77 18 15
74 37 28
65 38 48
85 52 14
77 61 38
36 55 98
32 6 4
74 56 61
82 56 82
37 38 38
8 19 22
70 35 82
90 47 48
74 27 27
10 79 47
84 79 38
22 28 55
18 11 22
6 98 52
83 81 95
91 65 83
76 45 83
2 74 12
13 93 23
13 80 94
83 41 71
94 4 57
93 92 54
22 32 35
90 11 29
8 27 57
42 79 30
5 25 26
57 41 19
47 67 97
42 97 12
10 7 42
47 39 4
60 52 40
46 27 89
13 95 86
97 57 12
42 1 46
75 7 38
19 80 82
0 44 9
4 52 44
34 42 17
57 18 91
23 83 78
86 72 68
21 48 41
73 66 33
44 93 89
81 3 10
68 39 45
68 42 41
65 87 74
39 82 34
31 12 58
14 43 84
27 36 35
29 83 10
74 65 7
89 74 86
91 5 95
92 97 87
69 36 37
28 38 30
89 82 27
36 19 72
46 18 24
96 12 58
47 24 83
81 79 78
14 13 5
48 37 58
71 1 74
65 90 19
43 99 19
82 21 30
33 94 97
54 6 31
74 39 89
7 39 93
31 34 71
12 75 58
11 30 53
25 45 38
54 46 47
7 15 93
82 88 35
48 26 46
15 16 50
71 17 46
98 97 8
22 21 48
48 1 60
23 61 43
77 22 15
28 68 56
90 56 74
3 59 22
64 65 3
17 79 83
71 91 94
13 54 75
72 69 3
87 20 72
83 84 59
27 23 48
34 0 74
9 25 37
68 84 27
27 51 58
75 47 51
40 1 49
80 46 19
54 14 50
4 64 90
7 3 46
68 76 3
70 46 58
58 74 37
26 36 27
2 8 91
78 17 94
58 38 50
99 80 83
56 35 10
4 83 44
48 11 68
34 89 62
73 99 50
2 44 3
2 56 93
2 31 13
9 74 77
86 85 60
8 58 52
58 16 77
97 40 43
41 77 78
30 48 13
95 5 48
79 52 32
95 80 12
11 95 10
94 71 19
68 60 6
93 64 54
33 31 8
26 60 72
13 87 72
60 84 22
2 1 96
82 49 25
37 51 90
81 35 14
74 24 48
52 4 4
42 33 86
75 89 62
11 22 41
25 63 34
10 5 10
8 5 14
87 75 6
98 33 79
77 12 8
85 40 93
72 20 79
98 21 87
0 33 43
65 90 47
25 23 57
71 38 26
16 0 9
35 84 89
32 36 16
91 4 81
61 17 87
85 52 56
92 25 60
62 30 29
6 75 32
49 4 92
75 59 39
24 81 3
80 78 86
25 82 34
87 63 10
77 8 2
76 41 58
71 50 13
50 39 58
99 79 94
29 73 40
70 20 37
86 38 39
74 25 61
6 22 31
44 8 19
49 85 22
3 20 71
57 19 55
67 83 5
63 21 49
29 71 55
21 34 37
76 35 94
39 41 92
83 6 73
14 19 27
39 4 26
60 88 93
64 35 92
8 46 78
90 19 92
49 92 64
94 77 25
98 83 9
41 36 1
88 39 33
23 2 78
36 68 80
86 99 70
96 28 80
14 2 44
39 23 89
67 59 38
82 69 40
69 38 44
94 64 95
64 52 89
38 58 15
60 99 1
95 83 18
80 84 16
94 2 10
50 13 68
28 38 59
84 78 18
40 39 57
84 1 66
64 9 14
91 98 1
22 38 99
98 27 42
45 66 2
65 8 47
67 1 89
30 23 86
11 28 68
26 43 76
97 60 92
29 3 83
32 1 43
43 82 96
98 42 65
47 15 74
4 56 40
76 24 94
0 32 27
83 73 60
7 18 30
42 25 19
45 1 68
50 16 57
66 36 22
16 81 66
75 50 98
60 36 77
3 50 33
37 68 77
14 2 53
4 67 3
98 27 87
12 64 21
96 9 95
19 4 87
81 32 4
7 59 64
14 29 47
90 25 76
36 16 78
91 53 43
58 18 88
32 39 6
58 87 19
66 50 31
87 20 21
58 69 27
15 87 63
72 57 45
93 35 54
36 14 44
7 35 34
24 30 86
67 82 91
1 34 40
87 26 32
90 50 33
11 93 4
9 87 73
99 0 91
25 61 87
78 21 26
92 21 86
89 9 59
30 60 14
28 47 21
4 32 5
46 52 32
21 93 63
10 81 51
52 58 38
64 48 33
45 96 14
99 21 84
14 65 63
51 53 60
71 72 36
12 7 70
82 86 26
80 52 15
4 31 62
30 94 73
52 56 29
20 33 66
79 84 36
99 8 61
17 41 32
33 62 75
98 99 42
61 39 69
57 80 89
65 37 83
66 50 93
35 36 89
64 92 46
20 96 50
82 11 63
52 63 79
95 83 3
95 38 39
61 13 48
62 45 83
80 14 20
95 87 74
27 81 32
96 61 72
73 66 93
27 0 75
30 35 77
73 14 31
36 50 21
20 80 32
35 30 99
50 82 19
68 52 26
87 10 94
56 82 95
14 68 26
42 69 22
81 95 81
18 44 61
73 64 72
90 36 80
47 33 6
42 79 58
82 4 19
68 23 82
63 55 99
52 21 66
86 80 15
59 79 63
28 26 59
1 12 20
35 84 24
72 25 22
58 29 20
82 45 43
58 90 49
84 78 92
70 12 54
39 32 84
74 46 84
76 99 31
98 29 53
2 90 46
45 61 28
75 34 12
52 31 74
1 8 55
32 86 2
11 38 75
14 77 30
83 48 34
91 76 66
10 54 59
10 24 65
99 19 82
55 13 86
67 62 84
19 99 79
19 94 5
69 4 65
48 49 25
56 51 26
59 57 34
85 87 50
66 99 76
84 10 16
90 78 9
11 80 26
32 48 21
4 94 83
66 4 71
46 11 95
31 7 27
13 94 70
83 91 29
64 18 2
65 83 8
14 12 4
25 93 53
68 90 82
16 44 18
63 11 50
15 39 16
93 20 25
4 5 75
54 19 83
97 26 95
22 51 42
14 95 15
97 52 27
35 85 27
35 51 89
37 9 99
2 5 65
49 7 98
71 35 74
33 62 76
5 18 82
74 17 52
27 36 22
43 9 3
12 60 10
98 94 33
92 62 41
15 89 65
0 71 22
27 88 88
64 40 95
80 84 93
38 7 83
97 40 34
38 28 5
9 20 50
4 2 34
80 77 98
55 52 91
90 58 84
48 36 41
90 32 81
82 0 83
88 6 67
6 8 33
58 54 88
14 74 66
53 51 82
5 62 92
2 34 96
43 6 84
55 95 81
10 73 40
71 79 42
44 36 32
81 20 92
15 70 61
21 96 97
43 12 10
63 88 48
56 48 28
48 19 13
41 21 100
35 60 68
24 49 10
54 23 88
36 9 8
9 84 26
63 61 87
90 39 1
59 90 100
4 21 68
65 50 35
12 14 66
13 80 12
13 31 63
30 10 86
45 24 74
72 52 60
41 85 79
89 46 21
62 52 53
66 33 10
95 26 38
67 72 46
49 77 68
24 74 9
87 47 44
24 64 50
56 71 73
39 26 80
14 83 36
1 3 2
4 34 76
17 61 16
68 12 1
29 21 7
78 26 19
53 47 81
36 43 46
91 98 26
24 67 16
64 90 45
2 55 67
81 52 28
99 77 57
39 19 70
6 99 46
59 7 12
21 44 21
98 78 17
22 94 27
91 17 32
50 84 82
11 36 8
87 28 73
29 9 39
79 31 23
65 71 65
49 98 37
27 52 19
75 45 41
20 34 65
68 76 8
74 24 31
47 89 10
12 99 48
86 12 34
24 38 39
17 39 22
82 58 31
68 83 18
54 22 16
45 66 46
39 66 65
34 95 94
54 17 21
88 52 26
78 79 41
40 84 91
78 98 87
9 57 59
99 31 95
12 11 18
58 21 76
96 20 76
99 73 4
34 32 100
83 67 63
94 42 35
7 92 82
19 51 77
13 37 19
81 24 51
64 8 14
76 29 87
5 98 61
25 91 20
70 36 64
47 98 4
42 27 16
78 2 93
26 35 67
65 28 39
58 70 13
64 17 54
60 42 4
98 71 58
44 23 61
71 16 12
92 26 78
38 66 30
62 3 18
43 35 81
61 50 77
23 17 63
76 52 97
31 50 89
51 1 12
2 62 9
63 68 27
41 47 30
10 69 65
82 40 69
93 8 64
36 15 58
51 0 2
82 37 77
60 9 57
64 73 80
6 21 28
23 44 49
73 47 3
50 59 48
14 93 42
72 54 31
40 38 7
75 85 47
36 44 46
3 36 6
7 67 29
7 2 48
93 49 59
49 16 27
22 90 32
18 57 1
97 42 79
93 29 25
18 59 65
15 44 77
65 35 72
50 61 31
24 23 17
5 76 47
66 23 11
87 45 40
26 61 77
60 9 13
9 25 70
89 7 95
90 52 9
59 42 5
14 94 86
74 57 35
26 15 95
99 74 83
25 61 8
40 85 11
65 50 41
51 16 48
34 30 48
53 44 62
89 45 75
7 55 80
0 24 3
32 2 21
91 55 96
5 93 53
9 53 86
64 0 39
73 46 94
13 80 92
5 3 48
92 91 21
94 26 15
94 5 88
56 53 78
44 61 78
19 12 33
13 16 83
9 64 21
39 43 7
29 7 17
52 99 3
60 25 87
5 43 49
32 30 85
23 26 34
71 27 94
40 53 12
66 71 68
24 77 86
78 62 42
30 43 10
62 38 18
43 30 28
70 2 98
97 98 37
69 65 54
12 33 90
74 35 27
78 25 10
17 19 29
43 25 99
74 66 82
73 24 86
70 87 37
99 2 17
53 0 79
47 29 81
22 60 4
3 10 60
60 48 75
32 21 96
67 20 80
45 29 13
8 4 45
65 30 25
79 5 81
6 94 51
78 80 20
1 62 27
16 97 15
52 23 6
92 8 51
8 60 27
80 28 47
92 66 68
16 92 84
91 0 44
1 69 64
88 53 2
70 96 19
12 37 34
47 26 15
89 3 39
4 42 66
29 80 9
42 44 11
84 51 88
89 65 42
59 94 93
91 15 52
28 57 65
31 4 76
54 46 62
70 95 56
89 13 11
50 14 86
4 0 88
73 37 3
64 76 83
70 54 18
4 6 41
65 5 72
88 37 39
89 97 64
21 69 18
11 56 36
32 31 96
19 6 72
88 8 59
28 62 100
15 79 89
38 14 47
67 77 87
36 50 100
70 90 7
77 61 16
51 84 93
4 70 82
51 96 70
22 10 59
53 73 14
2 39 37
8 28 96
12 41 50
61 95 19
58 25 94
82 1 51
52 32 56
23 43 38
21 40 50
36 89 77
88 83 66
88 84 93
34 59 39
69 94 89
5 82 1
74 4 95
90 30 89
53 37 17
5 41 6
68 76 48
8 40 40
66 92 57
61 83 34
33 86 24
29 26 4
66 32 46
18 13 5
23 59 32
54 64 25
98 0 55
28 21 63
92 64 58
19 70 69
17 33 69
44 83 58
65 90 11
70 58 56
1 98 89
34 6 55
15 58 26
2 53 74
44 40 77
46 4 12
39 60 3
29 56 53
87 19 27
72 98 2
82 31 49
25 34 14
2 84 54
92 68 69
87 78 14
38 80 22
12 59 16
42 22 92
49 73 70
6 36 26
57 94 57
42 74 20
1 55 28
6 67 92
2 77 90
27 32 72
24 9 38
36 69 70
68 77 29
21 9 27
89 44 10
69 95 41
38 71 9
4 29 7
15 69 57
25 70 46
37 65 73
27 21 17
10 17 11
80 67 44
18 23 75
66 72 63
17 1 13
17 16 62
11 68 4
92 1 57
84 68 57
94 33 34
46 69 3
56 19 77
88 39 97
38 95 83
84 93 43
45 57 79
44 14 44
70 53 19
10 27 93
27 29 36
2 20 21
11 77 93
2 96 91
29 40 15
59 57 52
29 40 54
73 84 55
50 59 96
31 93 31
1 10 79
64 0 68
12 6 77
10 17 14
82 85 38
49 63 68
26 14 60
48 67 87
46 47 86
85 42 74
35 17 88
5 50 54
56 16 78
64 2 78
64 6 25
69 39 37
57 58 95
29 55 4
52 26 26
66 32 88
20 65 3
48 3 39
83 35 77
29 99 88
84 32 85
26 71 39
32 52 90
9 73 29
93 88 93
93 51 74
63 2 57
36 69 87
75 36 77
0 53 87
91 26 39
57 82 46
50 77 59
49 10 93
6 39 17
27 39 34
67 65 82
34 56 84
47 84 87
32 2 95
56 28 92
66 93 93
49 15 20
57 50 13
36 87 54
34 6 65
94 93 46
34 87 84
70 13 27
69 81 15
56 50 33
89 96 15
28 87 31
96 68 14
36 88 29
45 39 90
1 3 56
70 37 56
84 9 72
85 33 90
38 5 76
57 88 24
67 58 100
24 33 81
6 23 65
18 37 20
80 24 14
20 39 19
96 16 6
96 39 63
31 29 48
55 10 46
55 53 83
3 14 24
61 43 62
3 27 74
91 88 16
98 48 65
71 33 42
87 5 72
42 37 47
36 96 94
90 31 63
11 2 33
34 62 48
4 52 24
79 5 75
45 60 42
24 98 90
78 25 15
41 80 92
55 53 75
11 66 63
59 68 10
48 29 79
31 54 46
76 88 82
35 7 87
36 87 40
89 31 38
58 18 66
49 28 50
4 32 31
80 67 74
59 0 31
43 10 47
34 52 11
27 98 51
29 50 8
5 86 12
79 63 99
14 88 17
43 93 36
58 0 12
41 56 10
58 82 47
79 13 14
11 92 4
72 71 65
86 28 5
84 60 96
47 57 32
34 43 85
77 82 52
70 49 35
26 47 66
22 5 33
81 52 77
70 84 93
97 49 95
84 14 89
98 93 42
5 61 49
95 33 41
49 83 11
84 37 43
53 56 45
84 37 10
13 92 11
86 11 81
47 45 67
32 53 75
19 2 49
88 41 21
20 50 25
75 18 38
20 3 100
63 43 4
26 71 49
39 26 74
27 29 67
8 95 87
76 5 77
78 25 72
98 62 24
16 51 39
74 43 40
82 56 99
70 43 53
60 25 86
99 77 95
95 70 8
34 32 90
38 75 72
92 54 28
97 87 45
6 96 89
55 56 85
26 98 40
96 66 57
50 98 22
79 18 32
92 13 93
89 0 22
70 3 27
63 59 10
47 16 62
62 2 70
52 91 24
81 33 26
4 70 67
42 63 62
53 84 80
83 84 44
52 58 41
50 74 89
91 62 3
62 72 36
47 68 54
88 20 10
75 46 36
11 35 53
63 69 31
22 11 42
3 12 99
85 64 16
56 53 35
92 95 29
95 12 53
77 11 72
64 65 20
44 50 91
69 10 68
38 16 19
93 26 26
42 70 52
52 42 74
88 13 23
19 5 23
68 31 97
25 92 2
77 8 99
25 72 38
50 64 41
45 51 5
59 9 60
4 90 56
68 67 8
51 6 91
14 61 8
18 40 41
75 5 62
10 44 49
77 58 11
13 92 37
90 40 33
95 61 4
56 81 89
32 2 74
54 23 78
69 70 13
14 87 76
89 21 78
91 68 50
38 12 25
24 8 55
61 84 41
6 21 77
10 95 89
59 82 20
32 64 81
65 34 30
23 22 9
62 41 31
40 91 31
93 55 79
31 56 25
20 36 84
20 78 95
60 89 69
59 29 92
13 51 63
43 75 48
23 36 43
9 54 21
80 4 67
43 5 13
71 76 81
90 8 54
46 61 36
61 1 52
24 65 47
42 19 4
66 92 34
59 58 38
63 64 66
48 81 84
35 81 32
34 29 32
32 10 22
67 20 52
92 38 79
66 40 39
94 49 78
14 36 55
46 62 70
1 95 47
50 8 30
51 90 83
49 0 2
99 73 1
15 90 54
41 89 14
40 1 29
27 76 14
53 50 40
75 46 29
99 80 69
55 28 76
28 67 31
2 96 45
48 99 75
61 3 12
8 65 92
99 40 79
32 16 11
91 29 57
22 8 40
43 11 29
40 48 16
52 63 15
16 83 38
0 26 17
98 65 14
68 22 93
42 69 23
10 84 22
66 86 97
10 86 8
20 15 31
31 64 35
95 4 32
73 16 76
59 82 46
76 38 1
92 80 98
20 54 29
93 45 77
76 48 2
75 96 75
60 2 79
62 0 1
19 1 55
66 68 90
3 50 72
22 55 71
16 50 89
16 94 28
9 83 83
80 98 37
6 17 28
34 99 60
11 92 98
24 22 39
0 15 61
47 12 74
51 6 72
24 57 48
60 93 27
78 36 23
52 3 13
25 4 73
25 60 95
88 48 10
37 41 11
50 53 3
57 71 27
31 66 82
34 9 46
95 80 34
35 14 93
41 79 43
3 72 14
93 15 57
69 95 83
71 6 74
53 44 33
98 11 48
54 48 14
83 1 8
21 50 75
77 31 60
40 76 50
57 33 95
68 27 76
21 69 86
98 81 6
81 29 14
38 0 51
14 6 89
4 72 18
45 76 61
59 36 37
63 79 93
56 80 93
32 91 34
31 46 100
72 26 99
0 65 17
84 71 38
22 85 35
57 18 82
13 65 95
9 76 77
11 87 73
32 50 86
28 35 15
20 59 49
21 27 86
78 12 43
28 71 46
57 15 100
53 20 68
48 27 35
67 72 8
75 47 5
42 49 84
30 11 43
29 7 12
97 24 61
18 78 77
58 38 45
27 64 78
94 50 26
18 25 18
83 45 51
65 24 81
47 32 76
63 17 80
47 48 91
0 4 97
48 76 96
6 87 100
6 66 19
7 68 99
89 56 84
68 84 26
75 72 37
64 18 58
25 64 68
24 46 69
61 42 69
53 70 79
42 60 49
94 70 19
83 95 36
85 48 14
26 72 20
93 98 41
92 82 94
29 33 47
5 88 29
2 14 3
83 74 6
67 2 8
0 18 5
44 41 41
67 15 69
89 18 53
63 74 2
92 81 14
12 48 81
36 35 95
97 28 83
97 84 63
13 61 37
3 9 7
41 30 32
90 66 37
37 73 31
48 51 6
31 73 84
40 98 81
18 77 10
90 51 57
28 55 58
18 20 76
92 41 58
77 9 23
71 74 94
68 76 33
56 32 18
81 99 43
34 99 29
28 88 50
21 96 77
32 69 25
50 63 75
17 7 96
96 35 24
27 48 13
27 92 85
66 20 52
80 60 7
7 1 90
96 81 75
78 0 72
53 26 67
86 52 78
26 46 1
70 52 55
15 75 13
46 82 31
51 34 20
60 62 28
97 22 30
21 8 50
24 55 10
33 1 58
16 30 44
52 98 11
4 92 23
91 72 21
50 72 56
88 2 64
32 19 98
59 77 42
17 0 37
51 26 24
59 67 48
60 36 32
29 84 76
53 56 82
50 93 34
12 56 75
97 93 70
3 77 79
58 18 60
94 68 6
4 74 13
49 57 48
2 37 59
55 7 64
39 96 59
36 14 100
29 19 31
22 54 48
92 89 86
4 59 13
81 20 51
62 83 47
1 75 79
76 80 63
54 97 87
26 96 8
29 16 28
15 32 91
98 96 35
59 77 3
93 58 14
71 0 18
85 0 62
79 39 19
92 48 9
41 32 86
68 33 36
39 22 72
7 8 50
0 44 26
7 13 98
75 26 61
99 57 10
31 72 53
57 50 50
98 87 60
83 38 44
38 36 53
5 23 87
85 39 57
5 97 59
8 19 26
27 86 23
77 65 5
89 30 81
11 51 63
49 8 70
24 59 14
75 64 6
66 3 66
68 48 90
25 4 41
95 86 33
13 5 59
54 31 95
21 68 24
62 39 47
32 55 46
90 4 37
78 62 74
92 91 89
76 33 77
99 24 18
47 54 66
13 38 72
7 25 93
98 9 41
42 20 51
14 75 72
58 3 11
15 75 19
69 96 54
16 31 100
9 12 96
83 61 54
19 26 93
27 41 86
52 74 74
44 94 33
3 26 44
81 25 2
65 26 98
31 97 24
61 42 67
38 24 42
19 2 97
36 11 5
6 16 87
74 42 38
89 34 10
35 55 31
10 76 44
22 28 57
77 49 11
85 24 26
48 83 59
11 6 5
8 84 81
57 90 60
76 73 16
60 37 35
26 52 54
71 99 32
82 77 2
55 90 52
70 27 97
17 18 73
96 55 27
63 18 56
52 66 81
53 23 42
74 0 9
98 95 100
24 20 55
78 26 97
18 82 82
34 84 24
39 86 91
21 74 94
78 31 93
34 57 74
86 11 35
32 81 26
98 88 25
15 49 78
42 16 94
19 53 40
96 45 30
57 52 63
87 98 19
11 62 25
95 4 52
25 83 78
81 27 61
41 83 28
3 35 44
60 51 63
25 14 36
19 68 56
71 9 15
97 35 10
94 71 91
31 15 11
13 57 97
60 49 68
82 60 17
21 7 96
60 14 26
39 22 87
53 74 19
38 94 41
36 23 21
51 27 42
21 64 91
87 86 39
51 10 50
1 12 51
24 61 38
92 14 91
17 93 91
30 5 8
24 57 20
55 56 98
41 72 19
65 56 97
59 40 81
89 83 33
62 78 33
27 73 52
76 91 9
67 80 55
25 22 52
30 38 41
6 72 1
9 89 39
80 30 5
19 35 62
44 55 69
37 89 74
65 84 27
9 98 40
75 6 49
84 68 66
18 87 63
92 8 100
47 19 83
27 39 38
49 89 31
71 95 32
77 69 60
79 65 79
73 78 68
51 80 49
74 79 8
98 92 11
78 8 92
60 58 7
89 30 69
26 62 5
22 89 67
10 49 9
40 1 12
33 69 21
9 71 43
20 25 35
76 98 34
93 54 18
64 79 87
29 2 53
10 78 85
41 79 70
46 70 20
85 73 2
67 86 30
69 12 17
11 68 63
34 73 78
76 66 48
50 27 91
54 83 75
49 28 54
47 56 92
66 56 24
50 16 15
16 22 10
7 23 64
23 83 98
71 81 93
15 28 8
14 81 94
34 53 78
39 0 45
66 38 32
16 27 69
92 11 47
75 80 76
13 59 64
45 64 79
5 98 21
79 2 57
48 74 11
32 14 38
38 89 21
53 86 19
34 9 37
52 73 26
62 13 83
43 8 18
1 18 22
63 28 48
64 58 1
21 74 44
80 78 12
26 93 1
19 55 55
98 96 27
88 19 11
85 22 94
54 55 89
39 24 36
85 6 4
2 63 15
27 44 95
57 12 43
82 9 66
54 32 4
0 90 4
45 73 67
64 79 75
68 51 7
82 81 74
14 13 83
32 74 98
94 14 28
91 99 35
46 77 2
67 31 78
58 27 12
74 77 19
74 6 11
49 30 98
94 49 13
81 24 41
92 36 12
66 72 31
92 33 39
39 16 42
24 49 73
52 65 72
73 90 3
44 90 28
15 63 54
30 47 73
70 90 37
43 51 76
16 8 98
64 14 80
40 45 65
78 90 62
8 90 75
61 43 64
89 91 43
93 63 67
9 36 27
34 43 75
71 66 32
21 42 40
0 60 58
74 0 32
70 18 89
43 90 68
56 19 38
81 38 95
63 66 9
34 98 86
63 99 92
77 0 10
83 36 27
34 2 79
87 28 40
71 47 4
66 16 32
16 24 5
71 91 95
62 13 92
28 63 20
80 62 26
88 80 93
13 4 28
87 55 24
41 80 86
55 14 90
40 46 96
44 16 58
76 35 22
76 10 63
74 8 7
80 70 76
43 45 83
84 61 30
26 70 8
23 92 32
28 53 40
5 14 44
57 53 89
67 53 26
67 47 38
15 36 95
23 21 33
2 50 61
40 24 97
21 88 92
63 7 57
74 61 95
31 35 97
2 20 38
9 83 19
67 69 74
15 16 75
85 53 96
81 3 63
87 31 45
50 15 71
35 3 54
22 91 54
30 25 21
20 10 25
71 95 98
96 30 96
85 46 42
53 28 24
26 73 88
44 22 1
97 42 29
73 89 14
22 0 32
55 92 52
65 20 22
43 79 54
64 15 63
22 59 29
54 94 36
77 3 36
69 78 37
18 57 50
75 0 6
4 37 79
1 54 84
71 73 13
4 13 70
0 54 61
36 2 76
47 20 85
60 39 4
8 56 63
67 0 40
57 88 26
78 67 64
73 80 55
51 52 45
15 16 19
2 66 40
24 48 93
28 40 46
34 89 19
45 3 2
5 0 83
41 92 30
45 6 28
23 6 3
70 67 9
89 96 42
58 68 58
44 12 18
11 91 72
45 14 97
10 61 87
25 78 56
90 44 100
49 60 54
79 86 13
51 21 8
4 94 100
84 91 25
27 36 98
13 12 80
41 10 58
12 70 72
36 48 21
81 65 63
57 20 23
84 97 29
71 59 19
95 47 40
16 87 2
93 40 99
93 90 90
84 91 94
48 96 80
22 97 81
72 92 68
90 99 1
33 20 76
51 56 66
41 85 54
21 2 57
55 76 67
81 34 67
2 70 4
76 79 46
84 99 25
45 12 66
81 75 21
34 29 45
85 64 40
58 11 96
27 84 16
4 95 93
88 1 74
