42 39 4
85 68 42
7 48 97
7 53 50
56 54 70
0 52 5
28 22 69
86 22 40
3 74 52
41 50 78
62 38 69
47 60 68
50 47 10
65 60 91
75 45 1
33 24 99
31 38 50
66 54 65
73 22 15
62 70 57
4 53 78
84 53 8
77 51 2
53 82 80
3 50 58
87 9 39
79 47 91
25 12 10
67 8 90
44 2 39
65 54 23
17 21 12
23 75 80
77 32 15
66 17 39
33 67 65
77 45 88
81 82 78
32 66 19
97 38 12
44 55 54
23 71 8
88 3 40
28 0 34
39 4 24
42 76 91
9 68 85
55 1 37
69 96 6
12 15 79
31 53 22
76 12 64
89 14 51
34 2 75
39 65 95
21 46 27
46 76 82
10 41 46
61 83 19
97 53 37
26 60 73
44 37 45
11 83 23
43 98 15
9 80 71
58 46 74
46 40 33
79 96 62
27 67 85
17 93 2
5 54 28
31 20 4
36 19 42
62 46 38
32 92 19
26 31 38
7 70 1
15 88 66
87 44 67
4 73 4
31 67 43
90 40 53
9 93 41
45 10 3
50 64 36
5 32 42
1 40 63
11 24 73
6 87 24
48 82 39
47 79 6
34 88 39
67 45 78
59 23 20
56 4 4
69 94 80
14 47 55
44 27 79
61 43 64
6 21 2
89 96 12
57 21 5
80 6 59
36 16 36
70 32 84
40 60 26
76 30 23
81 74 35
49 36 4
43 49 84
69 21 75
83 65 22
53 56 83
11 56 4
98 59 26
9 44 11
98 15 99
80 42 9
31 59 18
34 46 69
73 1 26
41 37 62
0 75 56
43 22 22
30 71 92
6 76 90
1 89 37
34 36 32
32 27 93
19 74 7
85 58 53
49 3 53
72 47 95
84 13 65
49 71 1
40 50 37
11 85 74
33 11 13
58 66 64
43 30 18
5 93 67
21 68 18
18 99 41
33 65 35
2 79 51
62 61 51
40 86 3
52 24 37
11 55 48
14 6 56
67 34 78
67 29 52
88 11 83
76 14 7
19 49 46
18 46 15
77 85 47
61 74 56
60 7 98
13 21 52
75 65 62
87 24 90
27 64 40
48 6 9
84 86 57
53 27 51
30 33 54
74 80 81
44 81 13
60 98 77
1 12 45
36 82 45
27 58 51
52 95 19
82 66 94
67 54 84
55 83 34
26 19 70
91 98 14
69 9 58
90 8 16
41 6 17
27 54 51
89 59 8
96 48 90
27 83 79
94 24 14
89 20 8
69 47 15
10 42 51
26 80 32
72 67 76
45 68 51
68 7 91
73 59 98
93 14 82
19 72 63
84 74 76
23 30 66
16 61 99
42 32 70
5 95 17
92 33 45
94 78 25
92 77 55
0 80 99
34 54 30
47 65 86
13 30 30
61 68 53
36 66 1
61 55 9
63 88 79
11 8 64
59 8 94
8 53 72
16 23 70
15 36 42
67 54 47
94 59 75
17 43 13
29 71 71
19 72 40
20 25 43
7 86 19
14 48 81
33 51 46
83 58 46
69 73 29
20 69 35
16 75 63
54 63 24
36 30 43
71 95 98
41 18 40
53 99 88
23 50 61
72 32 96
1 86 2
39 88 98
99 43 62
49 57 85
98 65 66
75 19 52
15 62 30
81 51 46
93 23 60
93 5 64
36 74 68
3 49 40
83 84 35
49 78 25
55 84 62
2 45 55
52 66 11
50 99 58
32 81 57
86 44 74
60 79 58
2 64 21
72 26 26
78 49 72
69 32 68
80 57 59
8 87 34
74 41 72
62 90 14
83 13 25
86 78 70
49 4 66
83 16 70
62 42 46
62 37 78
19 80 1
62 91 42
31 48 61
52 14 16
2 52 93
77 32 13
76 56 88
99 13 14
63 17 99
37 68 43
28 87 66
2 56 31
21 41 98
77 58 35
95 92 12
47 96 66
35 72 82
9 24 94
61 98 76
26 93 19
65 50 43
90 70 4
87 16 91
23 8 44
85 39 99
22 17 10
66 16 92
4 64 28
79 27 9
6 45 62
75 77 1
71 96 66
34 48 96
94 75 79
32 91 12
85 73 81
79 90 26
41 12 83
33 6 63
1 5 40
48 42 77
67 74 98
22 26 26
96 30 93
74 99 81
64 81 19
65 74 74
13 14 91
93 77 61
27 71 79
65 71 34
5 92 60
94 31 68
71 30 28
26 33 43
57 76 49
7 44 99
81 96 12
8 89 25
17 9 22
74 35 8
75 25 55
7 46 5
26 55 19
46 37 70
29 44 38
86 54 89
30 52 38
82 44 65
35 95 47
16 44 42
51 68 56
22 62 98
59 52 58
84 5 50
58 33 46
73 99 28
42 29 1
23 32 90
15 78 18
95 8 82
45 90 28
36 19 97
76 87 56
91 93 72
25 83 20
4 72 63
43 65 16
90 59 29
44 41 51
89 69 8
36 80 93
96 43 50
95 37 57
51 92 93
30 50 91
52 66 21
31 23 69
92 2 28
53 17 70
96 14 14
80 97 61
85 16 92
79 58 100
11 70 19
41 95 45
25 56 84
25 96 78
30 70 20
76 72 65
95 14 81
34 31 75
91 94 61
77 60 31
21 39 100
38 1 40
1 50 64
43 9 44
67 38 18
87 19 40
88 83 12
67 32 69
75 42 51
5 6 28
82 1 91
67 53 5
90 12 17
77 33 64
6 84 28
91 51 30
31 64 42
74 83 38
13 20 53
54 98 38
77 39 86
31 42 83
44 33 91
4 42 49
98 35 95
88 7 4
84 9 13
43 17 18
8 15 87
67 46 66
70 19 19
57 73 38
5 14 67
20 2 15
43 32 20
33 76 73
27 31 42
70 54 85
68 40 60
62 11 70
70 50 41
1 2 53
19 63 23
17 25 30
76 58 82
93 28 80
9 90 88
86 4 42
35 91 73
76 2 74
56 42 41
99 94 10
43 80 91
24 58 97
54 52 67
69 50 76
76 7 54
92 7 33
64 10 63
64 35 60
63 4 23
17 35 19
57 49 75
37 90 34
0 91 2
81 58 27
10 69 16
63 8 86
78 30 75
0 65 87
82 7 57
76 79 68
68 0 53
47 80 81
76 38 10
87 37 17
66 29 20
11 90 53
22 1 7
11 64 49
60 7 90
91 79 61
34 64 99
66 61 95
91 93 44
66 40 87
3 34 5
55 99 52
17 14 39
68 70 17
21 10 57
33 0 64
99 73 89
51 26 99
22 95 22
3 79 83
82 17 68
25 26 45
5 51 68
53 25 19
58 40 78
65 13 75
74 63 56
46 47 46
95 13 81
52 76 23
56 78 75
43 69 64
35 22 50
24 0 70
87 75 91
59 97 75
74 52 90
11 77 36
6 65 91
26 75 52
14 67 28
5 17 55
73 87 3
27 36 34
97 50 45
20 59 71
39 13 25
8 59 25
96 29 82
37 10 100
74 70 94
97 51 69
78 21 71
9 97 36
29 79 31
96 59 25
39 32 66
13 86 83
64 29 28
95 92 8
60 27 52
95 59 5
40 71 91
75 38 90
23 61 57
30 46 16
98 27 4
46 75 88
88 30 43
49 52 95
20 3 81
18 56 10
63 9 36
21 41 55
23 88 41
9 30 42
94 46 96
17 23 84
72 55 73
16 43 95
62 17 13
54 1 56
86 36 85
3 34 92
50 16 18
36 99 41
1 49 46
19 90 75
87 0 24
48 59 97
57 92 54
48 81 41
67 3 38
9 28 4
27 81 6
74 42 72
6 45 44
14 20 13
61 2 16
39 55 88
83 82 22
5 1 5
94 5 4
51 8 3
26 12 7
82 63 62
12 56 97
33 64 96
6 70 7
22 68 88
65 12 13
73 94 99
5 21 47
24 9 38
60 25 6
14 93 20
24 95 29
7 29 28
38 17 37
33 7 10
72 53 44
42 86 48
39 52 88
57 84 6
96 74 42
77 23 11
10 16 24
81 42 57
21 67 40
60 45 23
66 3 33
60 8 51
95 62 48
42 6 83
9 50 9
54 83 34
75 64 86
40 24 67
50 20 69
34 14 8
2 91 32
88 61 18
40 12 39
40 79 45
58 4 84
61 38 2
74 72 86
42 68 45
68 40 48
57 70 68
28 7 67
16 0 57
41 26 97
55 61 4
99 18 72
18 69 52
54 87 86
91 5 27
93 67 84
26 90 74
55 59 53
47 2 44
3 55 58
98 99 53
60 12 31
72 17 29
12 47 100
32 38 72
43 8 28
39 20 13
91 27 84
49 50 38
6 79 78
2 70 47
25 10 97
23 86 83
68 39 59
98 42 40
15 13 24
59 74 82
12 85 27
30 66 38
38 99 98
40 10 24
94 77 28
91 97 89
89 61 34
74 33 37
38 18 61
40 1 28
35 36 79
10 87 42
68 96 17
93 47 98
14 92 76
20 72 37
34 67 25
48 70 62
24 68 65
51 35 8
53 29 34
30 23 1
85 1 54
1 97 69
85 79 53
16 79 3
36 40 92
60 95 48
44 53 45
44 48 41
58 40 72
96 32 53
79 73 18
83 86 26
28 8 48
67 17 24
64 59 76
41 93 23
93 82 64
54 8 50
64 55 39
27 75 74
9 34 33
78 3 21
73 83 39
17 92 100
17 28 53
29 88 89
11 28 58
83 78 69
74 55 6
63 70 86
31 50 44
61 87 100
87 99 40
18 82 58
64 20 8
33 44 8
76 83 66
30 24 78
35 16 94
91 14 18
31 77 11
85 28 89
96 56 25
56 86 64
36 5 15
2 71 7
68 69 88
87 78 52
68 3 34
65 38 5
14 55 49
67 7 71
8 57 26
72 15 78
67 72 95
37 61 59
99 66 79
73 70 8
24 45 28
74 51 78
91 83 6
6 63 49
65 63 41
17 54 42
4 56 72
38 90 81
77 5 51
79 97 42
64 4 53
43 11 68
41 67 83
28 71 95
75 6 70
54 72 89
6 75 64
70 33 8
29 3 67
63 52 93
11 4 16
93 39 1
35 40 49
76 99 11
72 27 37
46 2 39
63 73 80
44 53 41
49 74 7
5 96 25
77 37 41
46 36 12
27 61 48
62 11 51
28 97 28
93 50 17
44 84 55
16 64 39
29 44 89
4 39 12
26 83 79
18 24 33
14 77 5
26 44 55
71 96 56
6 42 4
86 21 85
50 49 52
16 27 3
76 42 76
45 28 59
81 25 67
24 44 99
20 8 43
4 70 20
90 68 30
71 70 59
83 29 55
40 75 69
13 83 83
45 13 8
33 90 95
60 47 37
57 52 53
62 42 74
64 59 74
56 57 61
34 80 68
32 80 11
10 88 85
33 80 100
93 70 11
35 42 71
52 27 69
67 96 47
59 69 87
44 80 48
47 95 40
59 86 89
42 63 97
77 34 58
80 76 73
38 6 26
89 99 2
93 7 13
32 3 51
86 70 30
67 65 7
17 36 92
98 45 31
41 80 22
5 95 93
43 57 87
9 81 11
43 18 20
37 35 74
71 78 12
79 15 39
21 27 7
2 88 38
48 27 11
59 80 51
56 86 41
80 35 49
17 18 51
11 64 19
79 27 97
18 45 25
93 38 9
1 14 34
95 93 1
98 94 45
28 93 100
44 41 90
19 6 30
77 8 17
99 89 34
91 1 95
79 75 11
6 29 74
49 42 21
78 89 72
92 28 91
60 69 51
85 28 78
3 59 95
49 60 27
69 75 14
8 55 52
2 86 11
98 19 27
7 44 94
26 19 12
64 20 92
61 2 32
27 26 3
47 39 11
3 73 55
46 20 44
21 15 6
59 37 18
16 35 94
51 69 98
22 59 4
16 60 28
13 35 63
44 6 75
43 63 39
68 13 51
29 33 40
61 64 63
18 55 18
8 72 8
0 74 100
75 58 37
53 3 62
71 68 43
97 30 98
52 22 19
34 36 97
77 84 6
81 18 17
62 4 41
98 74 78
53 81 63
86 41 95
38 50 17
32 36 14
44 30 62
99 20 60
28 10 8
0 34 91
29 27 28
92 9 100
31 83 84
69 29 8
69 42 54
53 65 85
78 81 59
35 18 4
60 80 80
48 41 2
54 24 64
52 27 90
72 14 74
86 22 77
96 11 88
57 97 95
52 24 98
87 10 57
19 18 27
34 24 86
68 86 85
82 59 72
39 78 100
95 61 80
75 74 57
68 91 80
80 82 12
22 74 29
62 94 47
21 5 69
58 51 15
45 57 81
82 43 90
60 20 82
82 57 10
42 51 98
95 50 65
62 9 76
96 41 16
13 71 83
55 39 69
9 37 12
43 47 81
98 95 31
22 36 41
18 81 86
31 1 44
93 40 36
79 69 16
55 88 85
16 17 20
1 25 1
46 86 82
75 12 47
46 57 74
44 89 48
50 16 51
56 74 41
39 7 33
4 93 37
66 6 90
81 7 10
38 87 33
61 72 23
32 1 44
50 54 10
18 76 98
63 70 22
92 31 18
33 83 26
72 59 60
29 31 92
43 55 60
99 52 13
67 94 15
20 79 70
19 65 1
96 1 97
31 62 92
54 19 90
44 12 41
20 76 9
22 36 28
91 42 8
88 79 100
74 67 27
10 98 24
38 76 5
76 20 1
78 65 97
70 9 75
14 47 35
24 19 24
14 13 60
14 65 61
79 10 84
7 37 70
41 93 32
63 40 7
45 72 86
24 67 19
33 60 84
28 91 53
9 10 33
29 23 2
3 40 73
28 14 2
60 62 39
99 70 36
70 37 42
9 23 76
97 46 33
96 90 82
41 10 51
75 6 32
19 25 31
73 4 49
19 14 41
12 97 44
75 77 71
31 2 13
84 35 58
51 95 33
16 73 68
33 42 2
53 63 67
69 78 100
85 22 73
95 38 56
34 81 89
56 5 26
13 82 65
22 64 97
17 89 42
85 40 40
89 53 74
24 22 82
67 84 23
0 40 11
83 24 90
24 35 43
14 95 10
74 96 37
68 27 79
59 45 68
54 96 41
58 89 93
25 66 31
39 47 45
45 20 95
5 86 9
59 28 39
9 36 73
2 63 100
41 0 23
63 89 72
56 19 10
58 53 17
46 25 50
33 34 16
45 10 57
86 10 61
13 33 84
12 76 68
98 76 78
48 42 2
53 21 53
88 94 12
97 54 36
37 88 96
40 75 58
50 56 16
29 79 95
22 17 91
22 23 51
52 65 2
95 97 2
47 20 54
37 69 55
73 60 16
39 41 1
13 80 92
41 54 55
35 95 10
94 74 11
75 81 27
26 44 62
56 76 10
22 89 50
3 1 68
1 13 64
3 10 97
5 9 84
43 4 97
80 63 13
72 57 70
63 50 8
88 60 78
39 78 6
72 30 51
82 21 83
20 7 27
4 18 40
14 51 56
66 44 13
13 67 39
15 3 1
58 6 36
90 36 5
14 67 43
93 5 80
23 57 17
25 80 79
94 18 84
56 92 3
35 59 56
20 16 88
33 41 81
53 0 6
68 54 24
80 87 30
86 88 57
66 49 53
30 18 49
75 0 40
90 87 56
64 88 52
29 95 23
44 80 4
77 59 17
32 84 67
86 9 21
54 50 38
78 0 24
51 61 56
87 57 75
97 42 58
5 76 70
25 9 62
44 56 80
24 11 31
92 2 83
22 77 52
80 52 5
80 87 59
58 5 52
48 59 70
37 79 23
46 98 96
2 61 66
85 23 28
17 44 80
66 12 89
40 12 71
29 94 21
74 66 50
44 96 51
21 54 76
53 51 44
33 99 83
98 38 31
43 58 59
34 89 18
92 54 69
56 96 91
97 28 52
40 51 68
2 17 42
40 65 5
32 1 52
91 21 56
68 46 17
63 2 37
23 59 18
96 3 10
34 13 33
13 19 96
52 19 7
75 38 48
35 99 42
65 11 27
49 73 88
93 86 16
46 34 46
33 0 81
31 49 81
65 47 79
46 76 93
36 50 79
69 88 37
76 58 63
5 35 49
54 70 89
65 58 58
72 50 46
49 71 22
13 71 83
47 79 84
78 79 42
12 68 14
6 89 4
27 62 78
8 2 41
54 83 33
51 2 23
66 89 92
43 1 66
70 55 52
5 51 47
36 92 76
75 99 94
2 1 100
39 63 9
86 78 60
65 89 80
59 12 47
85 35 17
91 64 5
78 20 52
53 84 90
7 79 62
77 62 27
73 40 87
48 43 61
49 28 44
90 2 44
98 57 21
37 17 12
80 71 59
9 1 63
7 0 100
36 81 67
55 90 81
56 39 55
24 69 96
86 28 66
76 71 77
59 62 49
71 81 24
83 71 36
63 82 88
79 95 3
18 83 23
70 46 97
81 91 30
52 7 98
29 96 22
97 79 74
19 9 82
81 86 7
40 80 95
25 77 89
57 30 27
91 11 18
62 76 62
86 5 79
97 44 82
45 56 80
89 82 16
48 76 19
52 17 60
7 73 39
65 84 24
10 28 96
1 60 93
48 59 68
60 62 63
60 29 35
30 23 72
7 79 1
47 10 64
53 87 50
88 70 35
59 42 61
0 41 28
86 45 33
59 54 15
76 45 38
12 16 12
3 10 28
30 38 12
59 97 42
36 24 13
88 32 98
94 3 94
32 64 98
81 24 46
19 43 86
58 78 36
71 39 11
88 27 38
93 55 3
71 17 79
84 60 62
13 42 48
71 53 22
93 67 56
0 44 76
55 84 14
28 66 16
26 76 23
22 86 20
52 96 90
73 61 5
40 69 19
42 32 25
7 43 33
44 12 37
18 85 27
50 87 4
39 4 20
30 53 33
39 30 27
35 63 90
17 88 65
27 90 34
86 83 72
11 96 30
23 91 98
76 24 47
63 46 58
45 67 23
79 30 32
70 72 53
0 53 99
9 97 87
67 13 27
21 68 10
90 1 64
81 62 94
0 57 71
38 4 47
94 50 12
3 40 83
51 89 59
16 94 19
68 53 72
61 7 62
78 32 92
81 18 77
91 45 34
62 50 67
19 83 54
60 15 59
40 73 65
18 35 25
27 95 16
20 99 75
21 39 39
52 83 29
30 40 2
4 48 82
40 47 1
52 43 44
87 64 87
77 7 36
24 72 26
32 16 99
21 55 61
35 39 6
31 33 54
15 25 92
34 26 70
26 57 60
32 5 32
37 93 74
55 36 78
21 24 43
19 85 7
61 64 66
21 72 23
13 4 35
36 88 27
17 8 26
95 93 33
48 93 63
30 90 95
60 42 12
66 60 19
41 27 53
97 33 54
27 5 56
67 0 90
36 28 28
31 92 100
38 95 91
64 85 77
99 82 97
31 26 31
14 95 28
78 67 37
72 39 89
8 84 67
44 60 84
53 87 44
78 23 74
86 89 86
61 80 26
57 4 74
39 57 58
14 34 61
72 12 81
5 71 40
48 13 98
81 18 53
97 80 53
32 56 85
28 42 16
94 3 54
99 6 49
77 68 10
59 65 14
48 78 31
54 13 23
20 4 29
63 30 83
57 5 94
37 13 40
98 61 10
90 35 52
40 78 86
11 14 51
96 59 79
78 71 4
23 26 35
53 41 52
54 61 92
30 72 42
45 85 71
78 95 38
31 34 19
34 14 80
17 46 80
98 76 7
77 12 62
89 27 6
11 28 7
17 62 21
67 84 45
45 46 10
65 17 62
52 70 52
22 80 68
5 45 83
49 31 30
69 71 32
40 67 26
77 25 97
10 68 70
82 47 49
46 26 90
77 56 95
16 9 83
93 7 18
58 7 56
92 73 15
3 10 43
54 15 50
23 52 46
90 61 77
54 30 18
32 54 52
10 93 3
91 51 89
43 89 12
98 35 5
75 42 11
40 98 89
87 2 36
40 24 69
32 44 62
27 19 93
79 99 38
88 2 54
83 3 70
27 49 91
38 36 16
30 47 91
0 45 64
42 5 26
83 24 51
68 64 81
12 33 42
73 47 71
82 64 89
88 69 93
15 39 35
90 67 39
51 28 92
7 61 38
25 19 98
36 34 40
79 73 90
88 80 45
33 57 53
71 73 12
14 61 76
25 81 47
61 81 78
42 32 24
19 50 17
78 86 66
38 69 14
88 25 78
99 90 11
20 34 52
71 29 66
80 47 49
69 86 53
84 18 41
75 50 16
45 65 66
59 39 77
3 24 28
72 31 27
85 92 68
30 15 57
30 45 15
48 4 18
81 27 18
6 80 52
87 33 21
68 62 62
35 60 59
87 11 79
94 1 92
55 63 19
6 11 67
26 86 41
92 82 2
71 28 40
82 46 64
34 61 13
6 64 88
63 55 45
17 19 94
58 30 73
40 97 97
47 6 42
96 39 42
45 15 40
5 35 40
19 62 3
6 76 35
51 66 11
85 74 93
96 67 84
22 87 74
39 57 12
65 72 1
80 52 67
21 22 20
33 30 77
50 28 53
27 84 97
99 33 34
2 77 11
90 55 87
55 79 23
4 2 96
60 77 51
60 95 75
4 60 34
68 4 39
37 38 70
87 4 58
52 21 55
88 48 55
36 46 93
45 33 84
70 91 86
72 27 42
38 27 21
62 99 84
67 28 77
33 28 63
27 81 4
17 69 61
75 97 5
74 90 93
85 55 64
26 95 92
54 52 99
44 86 4
27 5 90
80 97 74
93 42 90
64 22 29
15 74 67
10 64 95
48 86 21
19 58 46
37 27 51
84 23 5
95 32 21
77 89 55
64 29 64
12 77 48
30 54 33
22 74 18
96 79 65
58 56 6
35 34 62
61 65 62
38 88 36
69 55 80
9 87 23
62 27 83
28 36 18
16 5 72
58 49 88
79 13 10
77 82 74
86 85 1
10 60 87
40 69 3
60 75 49
99 25 72
68 37 87
61 80 82
33 70 8
0 70 89
11 17 6
1 93 54
53 52 98
5 7 52
89 43 36
37 74 5
64 66 29
61 87 50
68 77 22
2 44 5
73 29 27
54 82 16
34 83 32
61 50 99
26 54 77
60 67 39
99 81 45
41 11 83
38 93 16
9 15 29
98 6 29
98 34 72
15 56 73
0 90 12
68 81 14
56 98 74
61 1 28
51 67 77
58 56 78
67 42 54
21 16 18
10 99 77
7 24 85
60 61 25
57 74 22
62 83 40
98 17 66
57 86 25
72 77 34
10 94 61
94 95 99
22 60 57
25 13 42
2 86 95
18 66 82
59 88 97
45 69 26
38 27 29
4 96 20
5 51 27
14 49 94
26 51 70
59 36 64
78 44 93
16 78 3
88 17 42
77 63 81
94 58 95
39 70 83
65 45 40
12 91 37
77 33 4
47 54 24
46 57 69
45 6 87
14 6 65
87 76 45
4 57 28
78 39 89
5 14 7
45 33 22
28 66 89
28 80 23
12 20 95
15 46 95
49 93 1
73 76 46
24 1 23
96 48 78
59 3 11
57 40 36
96 82 51
78 58 25
48 20 14
21 88 94
44 80 86
71 61 54
50 32 42
0 10 68
93 49 48
60 38 84
53 99 77
98 13 92
40 60 67
62 11 96
50 14 8
44 98 17
78 15 25
79 78 12
20 25 2
87 63 97
88 69 47
12 21 83
91 96 28
43 70 87
37 49 68
37 23 50
62 54 22
91 77 60
13 21 59
89 23 60
15 64 54
91 75 98
9 39 84
43 39 7
87 7 16
80 64 52
61 57 6
99 17 59
62 99 55
41 69 37
31 67 2
14 16 56
30 2 52
69 83 95
71 0 15
82 63 70
49 82 84
86 89 91
3 72 1
73 5 91
98 83 79
27 2 19
98 81 77
8 90 89
37 64 31
89 2 51
9 13 74
42 55 50
84 23 14
39 68 79
20 8 19
72 46 72
16 60 56
59 91 28
90 9 51
10 55 73
87 66 6
48 47 98
46 97 13
33 11 65
14 88 20
4 80 91
15 69 57
94 45 16
5 80 22
93 54 71
64 0 96
9 1 8
72 3 8
48 2 76
12 34 48
74 43 3
82 53 61
0 56 53
78 27 39
54 0 21
14 34 78
98 61 83
49 94 52
78 12 7
19 45 98
92 78 66
21 40 4
73 35 61
18 12 70
20 14 25
89 23 34
61 29 74
47 45 21
81 54 34
57 26 1
17 87 85
4 77 65
86 59 29
44 63 61
3 85 42
94 35 62
41 49 32
0 13 66
17 76 38
95 84 24
42 27 82
58 12 68
54 68 40
61 51 88
77 28 61
25 11 78
52 20 14
13 9 95
64 60 37
99 81 73
40 28 65
60 15 43
98 20 47
14 63 11
58 44 13
0 27 19
46 72 26
21 13 18
94 40 93
68 53 83
77 39 97
27 8 95
12 42 2
48 58 66
32 85 14
42 57 51
77 62 38
99 27 67
45 61 84
81 98 77
55 76 50
74 73 86
51 66 97
28 50 18
48 65 29
59 40 43
5 96 87
72 97 2
82 25 96
81 47 98
33 88 100
79 45 52
50 20 6
75 7 43
43 77 80
82 3 88
15 4 32
0 72 29
14 98 55
51 60 86
78 13 91
97 74 82
17 33 100
7 18 27
45 20 71
26 72 50
31 46 91
19 15 57
98 35 12
47 71 68
77 69 50
39 41 100
50 39 7
11 25 91
49 67 99
56 29 3
70 53 39
16 8 90
61 83 74
68 33 41
21 39 46
65 40 55
85 24 66
87 15 80
90 23 42
42 92 39
80 53 19
56 99 76
48 61 10
83 43 89
56 71 26
4 14 34
7 19 17
16 43 24
4 6 22
51 20 9
26 76 76
2 37 24
42 13 90
56 97 12
29 39 21
79 10 83
50 78 25
7 11 35
16 32 59
53 31 14
14 39 72
41 76 49
1 31 65
96 73 75
52 83 44
3 30 8
46 15 81
4 7 35
77 46 86
1 6 21
23 46 51
40 85 89
73 70 47
90 20 40
48 87 35
64 26 66
53 71 99
71 3 80
55 74 8
20 84 28
33 35 74
26 33 91
81 72 29
64 68 8
56 26 12
51 69 57
19 74 52
14 70 58
51 76 40
75 44 50
65 84 69
37 4 11
68 82 69
32 85 22
22 15 28
27 33 18
75 50 59
10 62 12
61 55 79
1 76 56
74 31 34
69 94 37
85 91 100
60 72 65
25 56 65
17 80 36
37 14 67
51 94 62
44 3 68
96 42 96
96 87 65
34 47 75
82 45 26
61 84 49
13 91 66
78 66 49
83 58 61
17 45 69
63 55 78
3 80 46
63 93 26
48 38 67
68 28 46
31 24 68
38 54 65
86 77 67
80 14 30
64 29 44
85 73 54
35 61 69
13 20 39
4 45 40
52 43 99
46 59 15
30 67 19
98 40 4
57 88 63
93 69 42
37 31 15
33 60 12
88 96 70
31 71 32
6 19 39
73 60 2
8 44 35
11 14 57
65 9 57
86 23 39
82 21 4
41 35 57
28 9 32
85 69 26
18 67 10
42 28 93
83 67 4
74 62 89
16 8 29
60 15 66
5 37 67
24 67 94
37 75 1
94 16 78
20 91 51
68 78 75
23 16 31
6 68 48
97 98 31
70 44 82
57 36 3
53 89 35
74 27 93
34 58 18
25 66 68
20 52 6
61 57 83
98 18 98
25 56 87
28 82 11
22 31 85
68 87 5
17 79 88
0 31 73
32 64 66
58 89 81
51 63 66
91 13 89
57 17 65
44 58 25
59 16 42
22 73 29
29 32 24
43 91 44
75 61 88
65 24 76
94 7 17
81 64 39
76 3 7
81 30 42
2 44 91
40 70 96
43 66 91
94 4 96
77 17 32
78 84 98
58 63 100
82 15 76
13 16 40
19 59 18
94 83 97
25 69 39
52 68 61
34 51 42
75 37 70
37 44 48
21 12 93
16 99 44
0 43 60
82 10 41
96 93 38
23 77 75
25 50 88
11 9 66
44 91 29
26 80 76
22 11 52
53 4 22
31 5 11
26 76 57
46 67 70
58 27 25
5 17 68
16 24 41
21 70 6
14 27 67
49 91 58
11 10 46
0 89 39
57 82 43
30 9 27
47 15 36
39 88 81
30 36 95
77 49 3
57 15 9
66 33 46
24 10 3
73 95 63
8 69 96
3 90 8
97 6 99
84 30 29
86 76 59
11 14 57
57 89 7
58 11 21
55 90 81
29 26 83
37 39 15
68 70 5
60 48 62
60 72 62
36 6 15
81 27 32
87 16 66
90 51 8
81 14 69
81 88 4
8 79 51
91 99 87
91 2 41
81 1 91
35 15 65
38 70 51
61 1 54
94 32 99
75 93 82
98 26 72
29 21 28
31 11 41
96 84 2
69 34 67
65 34 60
73 43 64
65 81 82
1 20 80
40 52 62
90 25 65
94 11 84
58 89 47
21 40 2
58 20 19
43 2 59
79 3 82
49 74 29
97 44 83
12 33 69
64 43 71
72 51 13
54 27 52
54 69 23
75 5 8
35 16 64
18 60 92
74 97 98
2 92 48
64 73 59
47 36 57
87 45 15
26 88 62
96 16 51
79 55 55
60 91 52
39 67 68
78 64 34
88 23 55
24 22 100
49 92 70
29 96 97
53 38 31
7 44 57
58 60 93
80 24 92
40 27 18
39 68 59
65 36 58
66 28 11
66 11 7
88 66 75
56 60 36
62 61 57
13 55 70
18 20 98
58 77 27
60 0 12
9 86 76
7 82 16
21 60 44
2 53 86
11 4 77
29 76 85
78 39 11
98 57 99
83 22 72
82 51 15
14 86 83
60 13 12
76 29 94
27 78 51
25 4 61
62 24 56
75 50 79
76 44 2
98 73 55
23 95 72
69 72 18
29 56 44
95 27 31
81 92 36
85 17 36
23 4 82
52 24 89
87 12 21
42 51 13
66 79 5
75 2 13
99 26 17
33 58 3
19 6 8
58 87 47
57 58 9
16 40 4
35 91 7
45 58 6
25 11 24
16 1 71
66 14 51
89 35 88
51 38 89
29 70 71
33 72 97
86 59 45
25 99 36
60 45 85
90 77 43
94 30 73
10 37 1
61 73 19
22 29 98
85 65 92
86 26 12
3 37 17
38 39 57
34 49 33
47 9 93
37 23 36
40 91 92
67 94 98
6 85 89
27 40 26
50 23 5
64 6 64
95 12 28
6 58 59
24 73 49
81 41 87
43 24 62
49 53 2
23 32 71
6 26 34
3 74 92
62 7 27
34 80 53
8 77 78
55 61 3
37 0 84
84 60 92
19 96 92
2 97 76
8 76 70
68 15 5
99 53 72
60 54 27
23 7 27
24 95 23
40 53 76
42 51 83
98 66 39
87 83 36
30 94 2
89 21 15
14 82 65
19 95 92
25 7 3
63 34 34
37 27 80
70 79 77
90 73 26
41 58 21
15 44 46
41 92 41
12 59 77
17 73 6
42 55 80
77 35 11
23 99 11
67 98 46
41 21 73
31 89 96
7 88 47
66 89 52
81 43 1
9 95 38
80 36 84
45 84 13
29 79 82
