49 91 27
23 56 66
44 9 65
19 74 14
44 95 38
34 16 64
35 46 10
94 44 21
68 61 93
52 34 1
91 16 71
8 56 4
73 2 86
16 74 39
17 77 70
33 65 94
90 20 63
81 83 11
4 39 13
50 11 58
0 43 31
10 37 14
60 82 30
34 4 9
95 77 31
48 73 15
17 51 57
38 24 49
74 91 36
41 5 82
47 59 37
36 38 64
23 86 95
27 52 77
90 96 21
81 42 47
90 31 16
65 2 68
90 75 60
83 91 10
7 87 69
79 22 27
60 52 20
3 6 82
2 72 82
74 9 95
17 47 95
39 5 15
90 80 8
60 93 81
0 79 33
26 11 51
61 3 30
98 8 92
62 68 80
15 79 42
56 94 9
91 47 87
64 77 91
14 82 31
22 84 47
60 52 49
25 53 55
31 2 73
33 6 14
84 40 65
38 77 12
55 48 13
42 59 21
85 0 53
78 10 65
65 54 16
71 79 13
33 0 38
58 0 59
63 43 60
28 42 86
96 11 23
19 52 69
27 85 35
72 9 47
86 90 91
57 32 14
51 60 44
48 24 10
34 27 43
18 94 51
51 93 64
16 44 46
65 86 27
36 64 40
67 74 24
77 72 20
94 86 77
89 43 78
72 21 100
43 51 100
50 86 62
61 6 57
50 6 40
32 25 30
3 72 47
74 4 43
27 2 87
97 3 99
75 17 25
79 80 54
35 52 94
91 15 100
84 76 95
39 36 54
48 36 22
12 14 30
60 8 99
7 48 73
2 62 20
12 3 86
0 81 18
47 39 80
32 5 89
78 22 21
96 30 17
43 44 2
83 54 1
10 76 70
33 55 64
20 24 41
17 21 29
91 37 15
34 37 8
17 0 56
37 61 32
30 73 3
70 81 96
47 44 14
72 62 3
75 45 46
67 85 4
97 48 88
79 43 25
93 94 83
97 99 11
77 70 63
61 34 55
69 80 95
73 99 72
35 77 61
84 99 56
80 13 63
5 29 69
96 53 49
6 46 29
81 75 95
16 53 47
14 67 46
17 89 87
35 76 63
99 41 33
48 0 73
14 67 14
40 50 80
56 93 83
37 59 48
67 51 3
79 49 16
79 73 43
58 28 91
57 19 13
71 41 27
51 65 96
77 85 66
91 86 70
88 51 73
99 87 5
47 60 94
1 76 13
31 48 99
98 84 3
52 70 24
75 27 28
36 19 21
76 49 24
1 37 82
71 8 19
41 49 32
0 23 28
55 68 77
10 84 7
41 21 48
22 71 2
45 43 13
31 48 77
10 84 64
41 63 66
13 4 16
23 87 17
43 2 70
23 90 15
95 6 58
55 1 68
40 26 81
88 28 86
36 19 59
16 52 63
86 67 25
52 20 65
18 95 13
85 20 14
88 39 59
75 4 15
2 32 50
36 92 91
96 42 24
51 43 92
66 35 43
12 0 16
8 89 54
78 35 17
77 44 19
4 90 40
42 50 94
66 60 10
90 10 64
85 79 86
62 16 49
45 74 38
16 45 40
98 19 48
28 77 89
26 16 36
42 41 59
16 60 2
37 80 75
75 58 24
18 49 57
29 20 91
63 13 43
10 41 52
68 40 51
69 48 82
38 47 72
82 9 36
69 25 11
12 50 58
37 8 98
46 36 70
6 21 46
21 92 3
90 32 82
85 62 96
91 94 53
84 63 81
22 32 94
41 28 92
44 20 28
71 24 19
25 56 83
54 59 89
15 20 72
74 90 37
43 36 65
48 70 27
25 90 19
27 69 68
40 8 13
21 49 77
0 51 22
94 69 23
10 7 61
85 59 36
49 47 76
3 34 7
17 77 35
40 21 88
51 85 82
95 61 8
15 84 48
86 92 52
59 40 87
13 41 90
41 12 49
61 52 23
27 59 81
1 84 91
35 49 49
40 31 41
79 18 57
51 57 75
20 55 67
68 74 60
71 76 4
42 19 3
58 37 2
96 91 75
83 45 36
88 4 12
38 34 8
18 89 73
64 45 48
10 89 79
27 40 39
98 5 48
33 39 55
17 1 70
50 32 35
92 14 62
55 52 55
39 76 49
5 64 16
5 55 85
25 75 42
9 65 59
69 52 35
43 92 58
39 45 66
39 89 1
11 47 97
65 84 95
90 99 55
46 38 64
62 13 5
78 43 55
58 41 65
86 19 27
96 54 73
42 53 12
73 39 52
18 65 56
2 11 75
60 73 8
8 23 40
85 70 36
58 16 8
99 83 60
65 1 69
90 54 97
36 33 12
90 4 30
57 34 27
4 37 6
18 54 9
98 36 38
63 97 26
70 35 14
17 19 55
28 46 66
66 56 19
1 3 88
75 47 86
63 74 89
28 36 10
16 59 19
52 81 67
92 10 92
14 34 51
51 64 49
47 62 97
25 54 41
3 31 38
25 21 59
35 96 36
52 51 78
19 91 5
97 22 44
10 17 91
96 88 57
11 48 32
97 68 34
8 25 79
69 65 87
88 59 65
94 29 32
61 72 74
84 67 100
60 21 20
82 49 18
54 67 11
43 16 97
0 47 30
30 19 33
36 88 65
87 7 74
8 40 44
36 64 24
37 52 35
43 89 23
20 67 12
30 76 80
88 0 53
9 80 12
83 49 15
83 94 93
23 17 30
76 9 28
10 33 30
35 17 5
4 96 14
53 3 21
7 72 46
78 25 89
58 81 63
68 87 43
68 59 70
50 47 84
59 35 43
14 95 57
13 53 25
10 78 23
7 54 53
77 85 14
69 4 14
59 11 1
11 36 97
56 57 93
52 1 90
9 79 92
0 25 22
61 70 55
68 47 40
14 91 59
84 78 35
64 21 88
85 58 41
81 51 54
32 73 88
58 77 30
66 19 39
94 9 24
73 45 11
70 11 3
17 13 23
59 96 57
83 74 17
40 73 8
45 31 47
69 85 89
50 27 26
8 78 44
72 46 23
79 68 57
98 12 81
14 24 85
76 96 91
71 61 73
60 59 61
42 28 30
30 34 95
84 70 73
48 85 32
85 87 74
2 33 29
27 4 98
89 98 33
89 17 16
19 80 96
75 1 72
40 93 14
71 35 60
54 26 98
52 69 3
18 57 20
46 70 78
83 10 96
19 26 19
44 66 15
90 15 50
69 9 2
92 67 5
2 80 19
11 76 64
43 11 33
97 85 80
91 27 73
81 12 70
56 35 53
35 16 20
64 4 87
77 39 37
63 5 48
75 92 75
57 87 74
10 41 65
83 99 89
28 65 70
17 2 49
33 12 16
66 32 39
87 13 3
31 66 79
98 1 38
2 59 9
32 89 82
84 74 66
50 0 83
94 48 75
40 52 28
68 50 20
7 44 77
95 96 92
65 39 33
37 56 8
27 86 75
42 81 40
3 27 1
63 85 77
20 19 71
6 86 17
75 84 86
76 99 11
4 46 72
11 8 97
26 42 7
6 36 83
38 4 84
13 62 50
31 59 28
75 5 41
45 61 84
92 50 1
30 96 23
81 36 30
1 27 70
1 22 38
74 62 93
28 78 92
60 74 87
34 59 57
43 12 33
70 61 13
6 88 76
15 8 55
62 82 67
29 35 68
86 93 47
29 95 51
81 57 98
19 30 50
37 60 42
85 92 80
54 95 82
38 60 74
24 80 72
65 91 93
68 91 96
20 54 12
54 48 92
15 9 8
25 70 98
0 56 60
96 65 3
47 46 29
43 65 43
43 47 8
11 30 47
63 27 58
46 13 40
96 24 50
49 87 74
54 75 20
75 29 18
87 53 53
35 96 32
2 85 88
72 56 97
77 42 75
21 96 56
65 7 93
36 88 78
38 79 8
2 22 86
26 41 99
83 34 65
24 58 62
53 76 84
92 17 18
84 46 72
50 4 60
21 59 79
30 79 47
73 29 59
61 26 25
27 86 29
41 16 8
16 59 17
83 68 13
44 2 77
89 63 1
61 2 59
42 80 93
37 71 48
45 9 77
32 29 51
0 22 79
70 78 88
18 85 35
28 64 73
44 68 12
13 56 2
87 53 60
74 1 14
37 42 43
55 80 40
4 53 86
9 74 17
75 49 63
66 25 40
76 58 46
99 47 55
80 49 61
99 44 2
14 73 90
18 14 83
16 39 39
56 9 43
58 95 78
29 68 58
56 0 65
66 25 34
25 9 41
17 90 77
96 87 99
80 27 66
47 56 36
8 25 21
88 61 21
27 12 88
87 65 79
35 52 77
66 46 59
62 18 80
13 4 40
37 22 47
19 98 68
2 71 23
37 71 14
73 24 69
40 59 5
91 96 54
80 11 27
62 13 82
36 10 42
2 49 65
33 52 9
75 68 25
27 17 46
43 9 44
4 81 38
33 46 87
90 30 5
93 7 82
83 95 43
48 70 41
2 22 80
5 31 57
91 14 17
53 97 29
63 6 4
83 19 17
6 34 20
93 51 65
27 15 24
71 5 82
87 12 4
4 57 94
52 82 69
43 28 95
22 60 41
27 37 3
43 34 64
55 0 48
59 4 78
48 49 6
21 74 31
55 6 28
86 5 63
41 99 1
25 96 20
93 52 82
69 2 17
38 49 31
88 99 19
99 29 9
90 6 95
35 93 89
37 73 79
47 58 9
24 49 30
47 48 68
18 41 58
42 29 69
97 42 57
10 54 48
43 40 58
33 55 92
46 89 16
84 42 46
71 67 20
2 42 72
58 12 96
78 83 93
92 5 11
55 36 53
45 37 61
42 19 95
21 54 36
40 36 64
98 23 43
67 15 55
91 36 90
54 83 70
0 10 54
99 8 98
16 3 69
65 15 48
83 41 41
50 57 83
52 65 5
19 31 5
70 75 25
23 35 1
93 25 34
9 6 52
64 25 84
42 91 96
55 47 14
75 15 29
65 63 61
96 11 96
70 73 55
63 18 47
95 18 67
15 88 29
45 33 11
62 94 12
54 82 11
59 6 40
39 30 86
6 26 71
16 66 19
27 33 28
39 46 83
61 38 20
46 25 53
81 72 53
20 10 62
88 47 50
41 89 28
60 38 29
88 9 10
25 8 38
61 10 78
71 14 77
96 76 48
86 81 56
49 92 31
44 51 80
78 31 91
76 37 40
58 33 93
6 51 24
48 87 47
19 38 83
59 49 55
10 16 24
7 90 78
8 93 3
52 16 84
39 44 91
22 94 78
53 71 66
40 84 8
19 5 2
73 75 95
89 82 86
31 70 15
41 31 79
52 45 35
71 98 47
98 85 64
86 52 85
69 29 45
67 83 22
28 47 47
92 50 56
76 11 27
22 86 83
47 43 82
75 74 54
84 94 18
8 22 19
82 59 53
7 67 76
47 65 4
89 31 27
38 88 100
91 27 13
20 23 8
27 33 31
97 1 47
74 7 64
22 72 95
4 79 46
74 37 53
35 65 28
94 60 92
4 71 24
80 2 90
63 21 73
36 88 98
39 38 32
95 44 6
90 13 54
70 15 1
73 82 88
59 70 78
46 15 39
90 13 43
46 19 72
45 32 62
58 54 44
86 43 6
1 91 35
11 85 22
91 34 80
32 25 55
1 54 10
88 23 58
74 16 4
12 81 94
36 81 29
10 86 29
22 45 32
33 18 36
56 24 93
99 18 19
24 87 93
79 8 2
83 87 64
24 89 7
17 75 4
79 90 84
54 30 28
48 25 16
35 31 43
27 51 3
25 18 10
43 2 93
83 49 50
14 80 65
15 86 99
58 92 77
86 85 16
38 97 33
8 25 34
15 14 75
30 73 18
41 39 7
93 60 21
70 42 1
53 17 74
36 30 58
99 26 52
13 70 33
40 36 17
52 46 53
25 29 25
9 93 27
92 93 19
4 78 18
64 97 28
34 10 40
64 63 6
16 50 17
73 84 71
80 84 41
93 7 69
31 2 95
21 61 74
25 76 22
37 36 60
64 5 66
12 61 72
93 66 7
6 27 12
82 25 85
93 72 87
67 68 80
66 46 8
10 45 52
3 95 65
68 35 2
17 29 4
7 95 49
19 80 94
84 44 33
11 15 27
61 16 19
40 76 24
72 62 27
40 6 33
54 24 79
89 29 47
71 83 10
8 90 70
28 42 32
87 81 10
6 97 82
73 81 86
11 53 47
46 11 81
55 90 34
42 6 54
98 48 37
80 48 6
58 34 23
78 94 22
15 28 45
40 24 14
4 24 23
78 1 82
55 1 26
29 40 40
32 4 29
67 39 28
68 10 81
75 86 24
12 77 61
96 78 42
82 5 65
27 73 24
32 38 56
53 88 25
36 98 32
7 26 69
64 19 34
50 89 93
95 3 94
59 44 21
59 78 23
11 39 98
54 39 69
85 18 10
40 11 61
5 47 33
9 26 79
0 64 91
49 41 71
73 65 97
61 5 21
52 85 26
6 59 4
16 96 94
46 38 6
18 40 14
93 24 6
76 7 40
24 97 72
26 83 27
88 24 66
35 28 76
87 62 23
72 19 44
93 4 62
71 27 56
57 85 42
3 58 49
30 32 54
77 80 48
33 40 43
65 23 14
4 99 65
6 17 22
18 0 24
0 68 41
37 27 19
55 2 50
32 77 36
13 99 4
71 44 79
53 15 35
64 76 76
12 35 94
32 44 2
6 9 83
59 65 19
96 15 69
85 86 47
20 82 89
91 78 53
33 88 96
3 28 100
96 46 75
74 67 73
64 35 55
3 54 47
22 75 74
32 43 98
98 14 12
51 1 69
52 41 30
88 92 83
13 16 65
85 0 32
81 31 55
88 91 67
72 88 28
77 67 79
61 79 81
25 96 83
59 95 7
83 82 67
59 92 38
19 93 8
8 6 35
11 41 34
39 45 41
54 33 97
45 72 27
26 86 15
69 91 71
90 40 98
86 5 89
5 18 21
47 52 6
49 1 59
62 48 57
66 18 33
35 56 13
22 1 44
10 32 45
94 27 32
53 72 4
3 35 54
99 36 78
13 34 88
64 14 4
91 2 63
42 54 74
93 70 85
71 41 59
54 60 56
1 73 3
95 15 95
1 32 50
90 84 67
60 79 43
69 35 75
90 87 37
87 15 16
42 63 29
13 52 42
93 86 86
5 34 33
31 23 57
74 34 64
7 38 73
78 92 70
79 91 77
5 99 34
29 30 79
18 71 55
85 92 72
38 62 23
91 87 75
22 96 3
2 35 91
72 87 77
16 38 81
48 47 98
46 19 80
30 94 10
61 53 3
3 2 93
72 42 98
87 38 87
0 31 5
33 21 29
80 41 65
9 26 41
55 78 73
42 45 51
14 80 20
60 19 61
11 26 78
39 40 21
23 8 11
78 56 92
19 34 1
51 28 4
1 11 41
38 83 14
49 12 31
9 78 87
97 0 10
28 47 65
96 82 16
59 84 91
10 49 85
56 0 32
80 97 66
84 43 35
29 25 52
75 59 65
65 56 61
53 27 83
26 78 44
3 64 76
63 84 62
78 69 20
33 49 7
29 42 77
62 98 31
50 40 45
11 16 62
71 32 14
42 10 87
2 99 68
15 97 19
9 78 19
90 35 66
18 34 50
56 25 89
4 42 24
7 85 98
74 16 98
93 88 74
37 43 75
75 49 3
50 94 57
44 53 64
17 34 24
11 82 49
21 90 48
15 33 28
11 46 42
84 12 20
62 10 18
14 87 38
5 60 32
70 94 99
40 19 5
18 82 98
61 79 29
77 66 70
66 89 56
64 52 66
40 6 88
77 80 64
70 75 13
93 5 3
54 98 54
79 50 42
3 31 10
55 4 43
81 46 26
44 7 56
97 48 91
34 56 17
11 38 100
7 85 42
87 82 59
13 98 60
68 48 58
38 28 31
67 4 22
0 11 37
21 19 12
78 53 45
13 24 67
34 42 44
85 62 46
57 51 91
70 31 6
58 5 47
37 5 52
70 57 27
56 63 79
83 46 30
45 86 2
68 13 94
36 98 83
78 69 28
49 38 58
58 98 64
59 30 44
27 23 63
94 57 32
30 2 25
58 59 60
71 57 34
20 53 65
95 87 65
69 9 57
10 27 11
6 87 39
94 23 59
35 30 60
76 13 81
5 46 61
6 62 61
81 18 84
7 41 9
41 48 31
39 56 56
77 51 10
54 11 81
98 4 21
56 80 100
93 15 24
41 74 57
7 99 77
24 98 43
29 11 60
27 79 81
89 24 39
55 12 78
2 97 15
62 64 32
26 53 12
40 49 31
31 85 28
39 34 41
8 55 11
42 4 62
72 47 17
17 63 76
35 66 44
4 60 62
14 77 38
59 53 9
13 39 46
52 84 63
90 63 100
84 80 45
15 80 46
41 10 21
39 60 34
68 50 77
45 58 48
59 41 92
16 86 67
73 1 82
66 28 93
25 24 67
49 60 81
55 52 18
67 94 28
89 53 61
13 26 52
27 17 15
93 94 42
96 84 77
74 51 39
30 29 29
95 11 10
3 80 32
88 5 84
44 19 31
29 41 90
6 92 25
80 82 79
44 20 33
15 12 11
63 75 77
5 74 44
81 7 65
70 56 71
99 45 45
15 74 70
16 45 56
21 33 97
58 14 2
0 3 55
62 76 25
66 69 96
8 57 91
41 68 4
17 1 58
51 60 49
65 95 54
10 63 51
47 81 27
15 84 98
62 23 57
72 31 54
70 23 7
50 61 91
98 57 44
2 24 80
54 28 69
85 15 36
29 22 65
38 18 26
9 12 68
76 92 78
15 86 96
94 48 96
55 50 23
70 22 69
52 14 25
92 14 43
63 9 37
70 98 34
28 2 71
77 59 75
5 41 73
96 87 61
66 51 19
57 93 62
61 97 58
48 57 2
55 42 74
67 77 11
44 1 26
60 73 84
86 76 64
99 75 97
27 76 41
93 15 76
42 83 86
93 51 97
17 77 61
30 72 31
97 14 51
22 71 59
23 7 53
96 14 96
67 5 11
63 90 37
67 36 99
94 77 54
94 71 22
65 89 86
93 14 67
94 1 53
17 36 96
60 80 89
67 81 69
79 78 97
19 21 14
88 0 21
95 0 83
18 71 27
56 31 48
30 57 98
59 68 21
91 26 80
36 37 17
9 31 99
44 0 30
36 53 28
48 85 34
31 6 39
33 46 24
29 20 7
22 60 67
8 87 27
92 11 68
91 51 64
63 27 96
26 18 5
55 17 76
67 63 47
84 50 27
31 26 2
17 95 86
31 52 82
39 77 85
13 44 26
11 35 38
1 81 24
32 2 32
35 72 57
78 76 75
68 62 28
40 45 58
61 37 51
55 35 95
89 95 73
88 72 81
29 64 85
23 6 90
55 42 24
32 51 51
34 58 27
33 16 10
29 58 40
92 97 43
70 87 61
93 65 45
73 62 66
21 88 14
68 90 98
14 66 95
77 99 80
58 70 60
33 90 16
5 34 46
95 1 79
92 68 55
55 66 42
21 15 84
42 78 21
75 68 90
52 14 45
20 59 72
0 32 78
58 33 74
41 31 90
33 24 82
45 77 84
83 55 19
39 98 38
62 95 13
86 78 74
13 18 83
84 41 75
13 74 39
26 95 62
24 75 53
90 6 66
34 69 56
57 40 38
91 5 84
77 9 82
9 42 39
35 80 56
92 50 34
39 97 36
11 17 95
44 56 90
0 74 76
88 66 94
74 37 52
23 25 83
66 78 78
74 25 4
87 96 22
52 95 48
15 65 87
10 94 37
18 47 100
18 44 13
85 6 9
25 70 12
51 62 86
30 51 69
42 63 46
69 7 11
48 41 87
4 83 37
99 16 32
29 57 64
62 65 62
76 48 47
86 70 33
51 25 100
37 73 94
32 52 91
12 39 50
38 28 58
41 84 45
32 17 6
51 80 87
88 83 11
2 4 57
53 56 68
68 43 82
83 66 50
25 89 24
19 66 40
45 19 8
18 77 37
37 40 10
70 47 84
93 5 12
72 50 61
26 88 49
77 1 62
74 83 40
76 30 100
66 95 87
15 34 87
57 4 18
36 59 97
26 24 89
42 45 62
58 86 100
92 54 90
87 28 37
61 96 82
91 9 40
62 10 26
93 36 43
89 99 9
6 56 55
84 56 53
94 24 9
89 14 37
50 75 2
71 28 5
44 30 11
83 16 6
90 28 62
99 58 7
53 1 33
3 44 53
85 47 49
40 14 59
24 36 64
47 73 56
23 76 5
96 77 73
9 75 6
65 2 38
58 11 94
70 8 18
3 78 44
35 28 34
50 48 53
40 6 51
77 94 97
48 64 16
38 28 91
97 91 29
67 84 26
88 10 1
75 29 1
23 9 21
83 52 76
41 59 37
27 31 81
91 23 30
63 43 19
24 67 95
72 48 73
46 57 6
39 14 36
88 94 80
64 42 100
52 69 58
88 28 71
81 97 80
84 39 46
36 49 35
80 42 25
22 78 26
32 18 75
49 71 87
26 94 45
26 82 91
97 82 17
76 27 7
98 73 85
18 71 43
39 72 78
82 68 47
61 30 32
44 54 60
59 18 72
20 68 36
87 5 71
18 30 12
9 17 99
90 54 22
77 89 37
13 10 18
11 15 5
57 78 31
66 43 81
17 42 69
94 92 90
22 84 38
19 23 39
23 92 26
74 64 43
32 3 41
68 48 59
58 36 15
77 87 81
78 60 55
26 28 65
43 34 44
8 49 32
98 15 87
98 78 89
37 79 90
41 80 74
98 15 12
28 29 44
1 55 51
10 18 61
6 15 89
89 19 14
52 92 67
27 48 36
18 33 55
59 95 23
94 22 97
32 41 94
26 57 13
79 47 96
81 32 69
54 17 26
31 67 15
65 61 68
51 16 9
63 51 34
33 27 84
28 65 66
38 49 68
38 60 61
73 63 34
52 7 40
36 29 47
1 44 25
92 61 47
36 9 75
82 96 81
0 44 58
40 95 81
13 73 97
22 89 80
91 27 44
36 43 66
77 39 51
42 35 26
21 84 92
57 21 94
20 73 8
6 48 40
6 50 37
58 31 61
39 93 35
35 9 23
0 96 87
85 64 31
10 24 41
65 49 92
68 75 90
9 74 88
24 77 12
29 44 100
94 56 66
71 43 70
11 69 55
96 32 25
57 60 94
93 36 30
65 95 65
33 27 69
60 24 39
14 18 5
31 60 2
5 11 87
39 32 99
29 21 8
40 48 43
33 12 16
62 8 4
57 61 32
62 1 63
26 92 44
90 12 32
85 80 84
18 89 59
93 13 42
41 4 62
30 51 2
79 87 84
82 91 7
83 75 11
53 26 36
61 75 89
17 29 83
91 2 94
33 75 92
55 46 11
55 12 62
35 81 10
14 71 23
57 29 81
35 48 66
21 78 51
67 2 54
14 94 44
9 68 8
91 64 65
25 36 64
42 35 53
72 5 44
71 60 75
68 92 1
82 12 7
2 37 9
55 7 31
34 12 38
96 42 13
11 39 30
99 41 8
50 19 95
27 26 3
28 18 61
48 75 32
98 16 87
10 99 86
71 74 31
10 82 49
76 99 55
15 50 61
64 6 75
17 20 75
87 28 83
12 72 100
82 34 16
45 17 76
48 8 90
86 74 46
55 65 97
31 19 68
16 15 9
30 60 26
63 95 56
89 62 49
81 17 12
85 43 72
39 68 63
67 5 47
38 13 13
62 78 54
15 56 28
48 5 29
87 28 46
6 68 82
97 6 63
75 68 22
66 20 58
83 90 39
50 41 99
90 26 92
0 20 60
58 59 68
64 83 74
26 15 44
96 57 76
27 61 34
90 69 18
90 42 59
27 7 95
48 46 14
64 88 1
93 53 5
53 48 26
71 3 31
49 37 35
59 30 8
22 97 69
34 64 36
72 14 84
47 59 92
96 2 67
34 60 43
92 55 61
82 84 69
56 95 59
78 68 34
87 11 84
5 15 82
23 30 72
89 34 3
87 76 58
32 88 49
26 20 36
13 18 80
81 9 33
48 61 51
59 3 48
86 9 88
67 78 48
70 26 57
88 96 55
93 30 29
69 80 86
56 32 59
98 46 10
50 7 66
8 81 22
52 15 29
60 54 54
69 55 75
37 67 55
93 40 45
36 62 13
10 59 23
33 80 65
79 7 93
37 15 75
90 57 30
90 50 35
28 6 80
94 83 72
72 92 87
15 77 20
96 53 32
57 34 10
79 78 88
47 69 73
68 8 63
87 48 58
14 74 30
52 4 41
19 59 52
10 47 13
5 86 37
15 10 78
62 94 17
86 54 75
59 66 88
76 40 73
6 55 87
5 30 67
57 74 49
91 27 41
97 61 39
61 46 8
29 41 77
37 59 56
78 24 49
36 80 49
73 3 99
9 60 16
94 40 95
19 55 44
10 77 4
8 56 66
99 12 87
18 10 36
86 77 18
60 17 46
63 26 77
96 74 48
14 84 41
34 46 85
11 80 20
62 84 72
41 33 88
87 54 16
66 78 32
57 40 12
34 0 53
16 2 9
39 32 86
76 34 93
93 72 74
74 41 40
18 28 9
65 18 80
98 34 8
80 94 98
90 88 20
20 16 97
18 29 77
24 33 27
0 2 73
31 41 77
34 20 77
82 85 68
45 8 50
98 83 54
88 36 5
32 98 59
80 0 2
70 60 64
59 24 65
82 97 95
98 36 17
90 64 14
22 87 41
53 1 18
25 27 76
98 22 26
74 69 84
29 20 62
16 88 80
67 94 24
10 37 86
25 28 54
80 57 92
2 65 85
62 90 81
85 56 72
23 22 85
99 16 57
16 80 32
19 98 31
60 92 16
70 17 60
4 63 62
36 8 60
23 71 21
75 42 42
42 0 75
54 35 48
57 73 60
88 10 60
47 12 31
52 11 21
81 47 5
82 34 26
22 35 84
29 34 23
45 11 86
73 88 88
16 38 70
89 88 38
8 52 69
85 20 61
15 48 87
97 28 50
89 33 37
73 20 75
97 50 88
46 49 2
81 91 16
86 68 36
36 66 30
41 79 66
34 15 26
70 3 6
15 64 66
54 30 99
43 41 42
27 15 83
71 25 5
56 28 30
93 0 7
0 43 5
77 28 74
29 15 98
76 67 95
7 34 97
24 50 65
11 78 27
32 12 31
13 97 61
34 89 3
7 10 24
95 15 38
42 27 56
13 42 84
82 53 95
96 66 64
45 42 2
51 41 21
39 7 65
1 12 44
84 42 82
96 86 73
91 61 93
37 33 54
45 98 33
72 26 43
52 30 59
69 21 3
78 58 68
36 83 97
64 85 86
73 81 46
66 95 53
79 13 48
61 41 26
17 95 59
93 58 52
1 86 59
44 73 36
34 13 72
89 97 1
53 73 92
47 60 48
47 67 37
69 58 22
68 79 34
41 69 98
95 46 94
76 81 43
8 34 45
48 28 49
85 28 83
46 96 9
57 96 7
62 95 97
36 33 87
82 65 57
11 33 6
85 52 90
29 71 34
35 75 22
37 90 72
64 14 58
92 83 25
18 20 74
30 78 61
56 64 43
13 88 66
68 49 38
81 35 48
10 84 42
59 36 68
79 63 60
67 55 22
66 17 39
18 55 12
73 6 86
94 51 2
38 48 74
25 3 51
50 49 23
85 99 69
24 43 40
62 79 26
77 62 69
36 24 16
64 3 45
89 11 74
10 87 67
33 74 91
97 39 28
44 2 48
0 69 10
52 39 28
77 10 16
24 44 94
23 90 52
82 1 62
69 40 78
29 6 5
99 38 81
25 84 28
34 51 71
60 70 18
2 73 10
26 56 62
20 1 83
96 70 97
18 43 22
83 37 99
19 47 10
12 99 10
99 52 37
45 54 17
66 75 70
62 19 34
47 40 35
17 31 97
0 99 18
13 51 56
40 18 69
87 79 18
12 94 55
69 95 66
7 69 87
49 89 53
68 72 46
65 39 98
16 75 18
61 57 36
34 79 2
63 33 21
61 95 88
69 67 56
12 55 91
67 9 42
12 32 59
41 93 37
6 48 71
53 81 57
64 55 68
79 32 72
82 98 45
41 90 7
59 34 34
15 13 68
36 11 80
21 47 22
23 86 10
71 17 79
69 27 75
79 97 61
76 35 65
42 55 8
71 15 7
78 83 99
75 88 28
32 74 58
74 48 17
50 73 98
93 50 60
17 67 83
57 66 39
91 81 39
70 50 15
75 80 79
31 74 23
50 74 80
33 86 52
79 12 5
6 34 11
76 21 97
20 5 32
40 87 88
11 63 59
65 44 94
79 80 21
46 30 57
25 43 18
90 96 2
49 63 1
28 69 7
87 81 88
50 95 46
90 37 11
35 20 79
70 49 42
34 12 100
23 34 75
46 50 45
20 97 52
1 16 8
97 38 50
12 32 77
66 13 86
95 57 8
67 97 83
72 60 22
87 2 14
3 81 70
33 59 13
4 29 76
89 99 53
21 20 85
4 66 59
75 60 74
25 73 56
0 60 82
60 69 64
67 73 53
75 71 98
21 66 10
56 6 98
43 69 25
35 14 16
43 51 80
75 19 16
54 83 30
51 58 65
79 81 58
21 85 64
9 3 2
12 60 99
2 20 62
53 93 71
92 94 58
3 13 75
65 21 49
32 80 65
81 73 22
14 80 32
85 40 36
83 92 99
82 6 84
99 56 91
85 42 93
25 77 98
28 92 38
63 8 92
66 24 68
89 68 97
63 41 64
50 49 68
52 98 37
87 65 35
74 26 57
43 18 47
91 78 83
79 41 98
57 67 83
85 70 83
36 22 84
41 74 61
12 25 75
8 56 66
59 67 88
37 27 16
59 69 62
26 56 43
11 89 83
79 23 90
1 76 24
6 33 93
97 62 95
6 92 30
19 24 66
72 54 28
90 78 96
94 12 8
34 89 83
28 0 86
14 0 23
3 19 72
92 83 18
76 73 38
72 20 93
3 50 99
40 56 42
29 34 77
24 39 80
28 17 5
73 66 83
62 15 93
18 61 97
22 1 55
70 5 25
94 3 47
94 21 66
77 76 17
48 12 13
68 4 48
42 73 20
66 64 80
36 73 59
1 90 41
2 72 53
68 11 47
69 67 40
44 77 85
35 54 19
38 77 56
13 31 37
37 14 17
15 27 24
12 73 31
89 66 52
61 21 74
13 21 66
4 42 54
35 15 7
95 47 94
94 12 39
67 6 20
72 17 93
70 34 89
66 28 26
76 58 60
15 57 74
58 3 30
9 23 42
85 77 65
80 10 24
95 71 27
74 32 8
24 78 100
47 1 77
76 15 78
35 60 100
58 53 90
16 72 57
13 25 3
40 64 72
65 14 61
7 82 8
98 70 24
90 72 80
47 45 58
78 74 84
70 17 15
16 95 43
91 86 42
3 70 96
3 34 90
20 23 68
15 9 18
97 11 81
27 37 91
4 96 19
23 50 40
28 15 31
23 16 44
44 73 18
34 14 27
77 83 61
80 63 48
84 80 98
27 55 10
64 19 69
72 31 92
95 8 70
35 25 8
7 45 39
5 56 95
20 14 95
99 26 96
63 79 32
53 81 68
51 31 61
11 2 23
83 42 86
80 89 95
82 16 33
34 45 14
66 65 87
83 16 73
99 38 17
28 31 10
78 42 72
23 51 77
20 14 64
32 70 26
54 53 75
24 1 95
80 71 28
16 83 16
19 13 50
66 61 55
67 2 46
37 50 65
95 87 74
11 82 42
31 16 13
67 20 95
84 66 25
11 55 49
72 22 20
94 62 70
78 17 52
71 67 63
48 45 5
32 42 51
25 32 69
24 72 21
68 79 80
2 69 72
42 91 97
97 53 69
36 96 32
53 84 37
52 93 94
40 42 60
66 49 44
14 20 80
55 28 59
22 46 26
70 73 17
35 7 4
81 18 61
6 4 27
97 77 65
13 96 64
98 91 11
66 58 15
77 3 5
63 31 32
66 43 26
22 82 27
90 52 100
53 30 82
73 36 16
91 90 68
59 27 95
86 44 90
60 77 27
20 11 91
15 30 8
45 73 67
86 69 9
21 78 70
70 91 16
88 89 18
74 54 62
40 12 92
87 28 74
74 42 5
72 71 2
40 93 68
21 13 51
69 13 33
15 5 65
5 45 61
4 63 87
15 53 50
67 30 21
61 66 35
38 17 12
67 53 40
99 80 12
26 1 85
34 51 2
17 0 19
95 41 16
17 96 50
8 76 64
87 50 68
31 88 40
72 25 67
55 6 7
60 33 79
15 32 60
38 66 43
17 88 70
23 46 57
41 17 64
99 56 24
90 15 45
93 63 66
88 80 42
70 6 77
96 5 90
32 58 100
31 32 62
41 83 99
66 87 9
83 76 28
31 72 72
40 64 97
3 40 59
62 8 22
82 44 1
15 49 76
6 24 36
26 86 79
49 63 43
43 98 86
96 67 99
63 69 75
56 2 84
77 18 99
22 78 40
71 53 17
73 71 89
52 84 90
90 67 25
84 62 39
47 66 72
89 51 85
1 81 4
75 78 44
16 13 3
37 64 11
51 71 56
63 42 21
55 8 72
64 10 27
23 18 51
96 65 28
45 63 47
10 30 79
74 43 5
7 93 99
74 92 87
9 85 79
15 7 28
28 34 33
77 73 58
90 28 32
6 38 29
92 45 88
89 31 19
77 27 98
78 34 98
86 42 35
66 62 77
49 85 65
11 93 29
78 18 48
97 21 39
34 4 73
37 19 84
67 10 21
99 93 62
12 1 76
43 38 100
14 64 3
33 45 68
72 87 100
49 31 37
71 76 35
45 5 67
7 21 27
1 94 35
41 7 70
45 60 5
92 2 79
28 26 28
30 55 17
38 62 12
92 10 88
6 36 85
84 77 18
7 32 6
11 75 44
99 34 42
91 61 13
46 11 19
78 24 83
72 74 70
2 42 31
49 6 47
55 58 78
32 41 84
12 46 59
17 70 77
91 12 11
61 98 34
25 13 27
47 67 28
57 74 87
79 74 33
17 1 17
1 39 53
30 49 92
44 3 62
87 48 90
92 74 85
63 97 12
36 29 7
34 66 34
3 89 82
56 9 9
28 70 52
26 62 55
22 34 78
94 13 68
73 44 68
48 18 28
69 9 27
9 77 79
81 61 3
46 59 33
83 61 6
69 10 55
64 31 10
93 99 65
19 9 70
71 13 59
38 82 6
89 7 48
89 73 57
93 69 83
38 27 20
9 62 66
68 64 90
91 11 5
15 68 94
29 99 4
43 1 38
64 1 14
23 6 23
57 6 22
22 99 38
89 48 17
76 42 72
51 26 15
63 55 66
1 94 89
35 20 34
1 35 31
29 45 87
15 31 48
89 86 97
69 32 63
63 30 68
1 33 1
25 62 23
77 89 38
85 97 99
89 94 11
12 30 2
95 37 23
16 96 8
22 66 99
71 37 60
31 66 18
24 62 78
65 7 93
66 75 61
72 27 72
63 83 40
38 81 71
43 66 20
14 0 96
86 29 11
35 93 31
63 6 63
1 6 28
55 29 29
34 62 75
38 75 75
21 25 31
39 41 81
77 98 91
16 47 96
70 91 46
37 64 17
41 30 45
30 97 34
54 10 68
59 83 42
83 58 40
3 78 73
5 79 45
68 71 90
53 66 3
47 5 27
10 67 88
69 12 89
14 35 74
71 50 14
99 9 99
34 10 53
30 53 2
13 60 48
44 6 41
6 19 33
0 95 90
79 67 85
45 61 83
42 70 22
9 62 86
98 45 52
89 65 87
77 33 89
12 29 38
47 11 11
51 49 65
2 40 90
33 57 77
31 64 13
88 58 40
58 2 52
47 58 91
28 46 57
11 96 34
69 6 50
36 50 5
64 74 1
44 55 1
84 35 72
1 54 77
89 0 25
76 25 90
81 10 76
91 63 66
91 18 51
79 74 35
23 46 35
5 25 12
70 44 41
88 28 85
2 47 37
96 93 33
42 85 54
29 91 6
34 94 73
62 39 45
57 84 52
42 77 99
23 96 43
13 39 45
5 74 91
58 15 60
16 75 28
90 63 95
31 50 55
0 99 20
51 34 26
33 69 86
35 80 35
90 16 97
42 64 18
52 95 96
45 56 31
31 83 45
80 22 37
43 58 84
2 50 48
64 78 12
95 51 36
54 29 26
72 44 64
24 88 90
86 47 47
92 33 49
79 39 16
94 36 65
37 24 34
43 46 11
88 65 18
0 64 92
21 98 11
37 63 14
43 15 2
10 71 2
39 26 34
96 57 16
7 67 62
90 18 26
15 48 81
51 23 4
78 59 11
20 64 43
65 88 63
17 22 53
75 82 8
90 18 82
27 93 28
66 43 62
55 87 36
59 56 68
81 72 67
44 89 70
0 7 83
43 99 80
17 66 83
60 76 11
62 46 78
69 77 76
82 8 87
77 7 55
89 49 48
83 46 69
34 35 92
36 99 62
7 56 39
71 21 99
23 60 67
6 71 46
0 24 88
71 21 44
71 90 13
96 67 47
71 10 91
58 44 72
40 69 79
88 26 27
77 60 35
33 10 36
0 93 62
94 14 74
48 22 88
49 22 62
26 74 66
94 34 87
66 41 43
15 74 97
64 45 2
86 25 85
95 49 96
96 81 27
75 91 99
32 61 7
32 81 60
4 40 57
59 14 32
51 5 63
40 43 7
34 56 93
25 84 50
89 9 45
45 21 32
95 77 51
45 0 95
25 45 89
87 23 29
49 28 41
10 19 28
29 76 19
62 81 67
69 9 39
15 92 2
99 82 63
94 10 68
97 26 60
67 50 29
51 72 27
40 11 74
24 93 47
3 26 82
10 86 78
4 95 68
84 80 14
38 49 29
47 43 33
49 78 78
30 2 42
52 34 50
8 2 80
60 68 95
29 88 10
20 38 95
87 76 78
96 62 7
93 3 26
46 49 7
70 29 34
58 4 37
25 94 60
90 61 43
81 86 21
25 3 4
79 84 3
35 34 67
48 66 60
33 82 97
91 55 60
66 21 24
28 90 51
68 23 76
23 20 43
86 47 84
96 20 38
48 72 41
82 13 39
5 81 77
60 18 8
93 57 88
45 70 84
5 7 31
51 67 11
45 95 77
81 87 77
68 70 51
62 10 1
89 46 30
16 26 52
67 45 84
24 28 70
96 86 40
31 30 78
39 79 46
25 37 90
85 76 74
38 30 15
69 36 59
58 45 9
76 84 19
91 34 74
70 22 69
92 72 81
64 69 34
15 99 25
62 25 39
74 18 18
31 68 26
57 18 20
63 89 92
61 34 100
74 35 51
61 42 7
7 12 29
51 99 14
99 91 79
39 30 85
83 32 3
20 40 58
26 52 18
97 86 29
8 2 24
74 61 18
32 36 66
84 38 52
63 85 23
30 98 46
92 13 93
6 49 58
93 3 43
13 61 24
53 21 16
37 60 75
1 38 17
89 73 53
25 90 40
52 95 68
50 84 59
93 73 85
3 67 39
18 86 63
73 4 85
58 36 55
22 67 13
61 89 75
56 60 59
15 89 10
38 60 22
80 34 6
10 13 61
64 72 64
17 83 64
74 72 37
26 17 54
44 50 8
75 57 85
89 33 76
81 35 59
0 9 34
59 15 46
92 26 27
15 69 21
34 37 13
34 22 45
17 57 36
19 95 8
13 47 14
42 12 24
19 20 55
67 3 22
20 5 1
57 76 13
88 22 14
28 40 91
75 90 91
21 43 51
80 99 52
67 36 54
99 36 62
7 19 23
67 57 14
21 91 80
51 67 15
35 86 76
17 26 64
95 11 11
11 90 12
64 55 65
11 38 96
17 75 41
49 22 58
34 79 51
2 47 9
81 73 85
2 89 28
23 35 54
22 27 74
38 82 85
46 30 67
32 80 12
27 37 91
88 40 52
89 39 71
47 11 24
31 87 7
15 87 10
1 72 67
9 56 60
9 90 2
94 32 54
80 44 49
49 67 26
27 25 24
92 25 1
60 14 62
19 27 1
2 64 3
8 20 15
97 41 57
18 73 48
55 37 91
39 26 62
58 37 5
34 56 74
17 97 35
79 16 36
84 62 12
17 15 33
26 77 92
4 86 58
32 35 6
31 35 45
52 28 74
7 1 40
92 96 19
7 91 74
86 73 54
92 31 13
54 82 39
10 86 82
40 47 44
0 49 98
46 48 20
55 9 17
8 64 45
55 21 18
18 71 10
48 31 99
42 32 25
48 39 21
75 39 34
43 22 52
79 82 44
34 3 27
98 36 68
70 39 58
82 28 75
52 80 37
65 8 76
49 5 36
13 45 46
90 35 67
45 23 73
66 43 91
79 67 1
11 81 76
25 22 58
52 60 38
19 69 16
39 64 69
41 30 17
80 81 32
32 43 13
82 26 34
57 96 77
33 7 18
62 44 16
95 89 16
77 90 15
95 26 27
66 93 93
91 4 54
26 80 69
94 22 87
51 55 18
69 14 100
57 59 63
84 51 20
24 51 75
45 94 38
86 68 4
46 68 42
88 37 20
28 61 50
48 42 53
48 60 57
22 79 81
94 19 34
82 63 74
19 39 41
38 49 74
56 23 11
22 16 90
57 28 25
17 43 45
79 12 19
13 27 43
49 42 10
97 21 26
68 62 62
95 88 32
29 61 68
96 46 30
16 4 83
97 96 50
94 73 35
8 74 14
58 18 89
30 47 47
77 10 64
28 45 36
36 42 75
1 16 12
80 44 90
21 33 41
63 90 37
21 59 43
64 59 63
45 79 99
56 88 49
15 11 20
86 71 80
93 15 79
92 47 71
48 87 17
37 84 35
31 86 67
47 63 2
3 55 8
51 48 85
89 2 37
89 26 51
34 92 82
68 91 28
81 98 38
54 29 59
18 16 51
44 45 97
51 96 46
73 30 46
77 75 16
60 91 82
74 24 55
60 70 39
4 96 98
57 63 67
40 37 90
42 55 24
65 80 19
49 78 72
39 55 74
29 65 26
82 95 19
35 13 45
20 49 97
70 23 15
36 25 75
93 40 96
80 56 99
49 1 26
14 28 63
71 95 71
58 64 83
83 41 56
33 64 43
63 23 45
20 37 87
0 27 15
62 37 99
96 86 23
91 58 94
61 14 74
44 92 35
62 7 81
4 26 6
36 17 26
60 96 17
10 86 23
15 9 32
22 0 11
8 62 93
86 42 34
67 5 13
14 49 76
41 2 10
45 70 26
29 15 69
82 67 52
3 49 12
88 68 63
66 42 66
94 71 69
82 29 69
4 75 100
64 99 74
92 27 96
72 73 94
47 65 42
28 17 79
61 2 9
36 43 13
27 72 9
76 8 73
39 89 14
37 90 15
39 11 22
33 96 24
5 88 41
41 85 64
61 25 34
56 84 30
49 79 33
50 24 11
6 39 76
62 70 48
76 17 11
62 96 12
53 56 18
51 92 48
29 62 54
99 37 45
52 4 23
52 67 91
70 59 70
94 75 38
83 93 14
30 79 63
89 20 12
97 26 31
47 83 23
27 6 1
65 99 30
19 63 49
66 75 31
32 56 34
7 95 76
61 52 15
34 64 54
56 64 5
62 20 13
13 3 94
48 23 44
62 90 98
60 3 73
54 67 69
41 35 41
37 97 46
36 42 84
77 43 51
99 13 71
24 87 62
9 41 72
28 43 10
36 50 95
96 70 85
31 89 63
94 95 12
79 0 65
89 49 12
83 52 21
80 86 51
91 56 100
38 76 76
75 67 94
35 15 1
82 72 25
70 75 51
54 57 70
59 31 41
47 40 93
86 33 71
38 0 50
18 67 62
0 55 19
61 41 53
41 1 79
62 40 77
19 11 80
45 47 30
9 34 18
34 45 37
88 13 52
48 72 24
35 24 10
72 57 12
52 53 21
37 16 68
79 7 23
45 63 53
9 18 87
89 44 31
49 63 65
29 60 91
9 99 69
88 57 51
54 68 17
9 54 32
18 50 60
99 37 33
9 19 16
83 95 98
8 52 34
77 88 38
49 99 48
74 57 75
51 63 37
89 56 67
49 15 100
75 98 92
76 56 36
13 25 100
87 84 45
0 21 25
38 33 96
59 91 85
71 49 47
4 3 27
38 46 88
26 35 12
64 7 63
60 15 47
7 39 72
36 89 39
4 71 22
1 89 43
77 8 40
17 44 80
11 58 75
95 90 55
33 98 76
93 64 87
2 54 74
18 1 50
82 90 97
62 5 75
7 23 37
52 19 39
96 23 74
2 17 24
82 41 44
26 9 16
29 36 85
53 91 74
99 92 9
40 71 74
54 0 18
63 68 51
27 4 50
9 40 47
95 44 10
17 16 79
5 77 71
12 57 88
18 22 50
45 82 57
6 32 72
90 32 78
34 95 10
76 77 77
45 81 44
96 1 97
4 15 24
49 58 73
56 33 29
88 37 41
93 42 89
92 70 41
47 10 59
4 87 2
87 40 75
88 77 81
87 97 68
3 12 98
94 41 91
2 90 93
29 40 45
29 71 76
6 71 71
50 23 16
22 3 79
13 31 3
72 59 41
57 9 32
41 45 52
35 1 53
1 20 71
60 50 30
99 35 91
98 9 18
9 10 34
84 6 7
13 22 41
41 58 19
6 4 12
76 6 76
96 75 13
78 34 33
82 75 4
5 89 30
90 10 76
65 92 11
43 71 89
51 8 78
66 41 64
24 30 35
13 71 62
31 72 24
45 91 38
87 72 90
10 53 16
34 0 64
42 48 23
48 41 84
94 91 74
99 17 12
48 99 32
40 52 42
29 18 80
94 23 52
72 37 39
40 38 81
10 61 87
24 22 55
40 15 62
11 35 52
77 78 59
49 3 29
6 67 22
94 85 64
92 56 94
6 95 90
95 54 46
45 56 50
71 91 99
22 69 94
12 41 100
50 83 84
70 84 50
16 69 14
7 50 66
80 67 24
71 61 82
19 81 94
76 87 99
75 90 71
96 85 73
98 68 56
31 11 28
99 55 38
23 44 19
11 22 2
6 25 86
39 57 11
81 27 19
63 2 80
69 97 89
91 27 98
35 96 56
7 0 94
6 45 94
6 54 91
23 62 60
31 86 21
79 72 68
86 6 17
3 19 19
84 98 61
25 39 21
6 83 86
91 86 21
48 55 30
46 59 96
75 20 38
12 17 79
1 99 1
19 49 96
46 39 39
94 15 88
99 96 31
91 33 35
63 23 92
74 23 18
28 56 47
48 70 7
38 54 89
44 76 96
17 94 77
50 56 84
35 18 10
32 69 91
90 6 90
73 23 81
8 50 73
46 81 52
20 91 69
81 67 99
38 84 51
5 73 18
39 50 23
14 5 52
99 14 22
28 48 23
10 29 30
84 76 64
90 50 100
23 47 44
84 86 72
79 21 64
73 88 58
79 88 63
63 76 6
35 4 19
27 71 22
22 68 61
55 37 48
46 78 82
44 52 18
47 93 40
4 85 36
23 0 11
18 95 89
97 82 78
49 75 26
72 79 31
30 19 100
34 97 4
17 86 52
20 55 66
29 45 30
35 15 91
73 52 43
11 34 56
87 40 42
75 36 61
12 63 67
19 74 61
49 24 14
14 31 20
98 28 44
68 59 53
2 48 44
19 70 3
72 9 52
63 71 67
23 67 33
46 42 94
45 47 46
69 72 57
40 80 78
24 48 21
75 37 21
95 80 50
56 79 52
33 3 1
41 25 27
89 28 43
22 85 13
77 43 79
52 77 96
77 42 91
46 2 4
98 4 38
2 13 82
78 81 13
54 29 98
90 13 84
74 44 96
19 58 88
37 84 62
85 68 49
63 84 39
1 5 84
87 67 15
39 46 5
9 13 82
88 4 44
56 5 6
0 72 47
57 14 98
23 77 36
66 25 65
89 46 82
99 4 43
11 15 2
56 43 7
8 39 3
31 38 7
26 33 79
36 47 6
81 45 43
44 62 85
47 89 2
12 5 3
76 36 68
49 84 95
91 0 79
39 26 11
77 46 68
0 45 80
17 92 20
89 95 40
43 68 20
31 72 88
91 30 91
58 80 71
86 35 3
50 95 77
82 80 89
22 7 66
68 49 47
67 45 61
61 38 11
43 23 7
96 62 50
63 0 68
20 78 96
95 65 89
30 84 14
3 21 95
19 67 17
32 70 10
68 62 80
50 93 37
15 99 51
47 95 23
45 12 66
74 92 64
73 45 62
41 18 51
23 56 12
99 74 94
37 10 6
84 6 5
78 6 5
55 50 61
50 40 48
55 16 2
68 16 22
77 81 57
53 69 46
18 49 73
77 22 2
27 6 32
4 23 15
85 83 71
35 95 21
4 37 96
37 86 72
80 62 53
34 75 57
97 22 96
48 17 11
23 8 79
99 5 70
0 68 97
27 22 46
83 89 40
82 29 10
39 32 7
24 4 20
92 14 81
35 76 2
75 65 80
92 58 49
4 57 40
78 4 9
13 37 90
55 56 45
57 22 20
71 66 19
38 28 40
23 31 32
92 21 11
24 52 68
47 91 96
79 46 18
90 82 69
36 64 70
59 54 7
53 38 78
28 53 40
3 54 23
70 48 9
29 28 97
12 13 55
76 24 59
47 37 89
65 48 37
7 34 72
31 15 66
79 61 59
42 53 64
61 53 74
10 99 70
48 85 100
28 74 76
39 4 98
38 21 82
85 97 97
36 48 8
56 80 79
45 16 12
49 97 82
24 58 3
27 28 44
45 11 76
54 45 57
5 72 92
96 91 93
29 95 62
91 77 41
9 15 55
20 45 1
47 32 38
79 43 40
28 47 35
8 71 75
22 86 34
89 14 50
74 80 73
38 86 21
81 27 1
79 88 10
88 26 49
3 70 80
14 8 68
2 11 67
55 11 75
5 25 7
20 42 90
51 86 72
35 76 78
42 50 7
5 20 40
80 42 96
42 39 90
43 65 29
53 15 57
60 87 27
27 39 81
12 72 35
93 43 8
72 34 43
30 1 21
9 10 60
98 71 22
45 43 38
16 65 86
24 81 74
57 19 42
49 87 16
11 45 96
0 85 4
22 9 22
93 19 92
85 77 62
22 7 38
2 98 36
42 58 7
86 96 46
83 13 58
28 79 61
3 25 26
4 73 31
22 25 22
10 54 16
69 5 81
86 53 33
93 67 77
71 88 55
27 62 2
41 7 54
99 81 35
17 7 16
7 93 6
46 67 6
38 31 89
3 93 90
8 56 52
17 99 86
10 55 83
75 61 40
76 93 11
6 35 63
19 20 5
35 75 16
9 14 21
83 72 53
40 50 9
58 73 56
87 88 97
94 11 13
63 2 48
37 43 93
3 42 21
79 77 20
50 10 79
43 38 63
7 53 20
73 45 58
51 24 18
63 34 5
26 91 50
62 40 16
81 84 46
2 67 62
28 14 30
64 75 91
90 76 24
30 62 74
22 79 2
42 79 55
53 49 26
77 40 40
91 27 42
65 70 99
88 72 75
47 73 93
31 53 30
42 82 39
15 19 48
31 2 6
26 34 29
20 23 28
40 26 21
52 86 62
50 11 31
83 46 41
52 94 62
87 14 47
89 92 23
46 96 76
99 34 55
56 86 79
71 21 70
60 38 33
45 36 35
75 38 49
12 69 98
42 90 36
98 82 4
72 15 61
23 52 75
56 19 88
43 58 47
66 54 66
26 95 77
56 62 22
40 59 85
56 3 65
32 62 17
13 69 25
30 79 22
68 20 11
31 51 95
92 0 1
44 20 52
40 52 76
30 1 5
69 39 74
53 23 28
53 90 98
19 59 48
84 13 68
41 9 4
12 40 53
63 55 66
6 21 99
65 82 16
11 15 21
81 44 29
75 33 52
65 79 78
73 96 86
93 22 83
79 84 74
89 24 84
79 41 67
85 5 2
45 75 24
59 3 8
27 98 72
5 79 6
28 50 26
76 20 18
33 27 82
53 52 36
23 36 85
90 7 98
19 71 82
88 82 15
9 72 48
34 77 5
35 68 28
39 38 87
25 85 1
58 75 75
18 47 13
1 14 86
90 91 78
60 64 28
59 25 31
14 20 32
47 1 78
96 14 87
53 16 17
80 8 38
22 91 76
81 9 68
26 3 87
38 30 41
23 60 47
74 16 88
69 87 8
77 15 25
17 22 15
94 81 57
43 98 47
32 2 61
32 78 20
30 12 87
79 82 56
19 3 20
69 27 52
66 87 25
36 72 31
72 40 34
91 43 12
7 62 75
0 61 39
62 45 76
75 40 65
39 10 33
86 26 10
8 54 74
88 41 1
96 64 23
92 40 53
6 63 63
78 24 22
67 32 27
24 91 16
74 0 99
93 46 89
53 31 29
94 36 87
5 79 89
44 99 95
68 14 89
19 77 27
23 72 80
40 27 81
72 49 20
36 84 89
6 19 32
83 6 51
42 37 22
5 32 9
3 85 42
63 87 36
98 51 51
46 36 96
89 49 57
76 16 65
8 98 77
77 23 71
38 22 24
81 51 68
40 36 3
62 10 34
77 80 1
93 61 63
3 80 33
28 97 38
43 63 52
13 19 74
15 31 90
48 20 59
31 63 33
15 37 86
96 5 4
12 66 28
84 5 16
5 60 21
45 63 24
86 92 85
25 51 55
14 78 90
16 79 52
24 17 44
53 46 100
37 97 59
77 71 64
29 61 33
12 51 8
32 21 41
82 36 5
28 36 2
69 45 16
1 2 45
99 9 84
36 75 95
82 7 60
35 12 2
28 97 11
70 43 11
75 35 66
21 78 1
17 3 37
69 46 71
12 41 9
77 39 5
93 64 88
45 3 44
59 98 70
43 86 1
10 18 50
68 23 9
39 84 20
38 68 13
95 54 66
49 8 74
36 91 34
5 0 76
14 68 66
8 49 75
86 12 66
75 91 68
33 8 74
15 49 17
53 79 45
96 90 98
32 25 60
40 63 95
33 59 63
12 45 25
61 90 28
13 38 79
80 5 1
95 30 6
12 69 11
89 54 63
77 81 84
51 8 5
22 55 88
52 38 66
96 14 28
14 78 62
97 73 86
18 94 80
37 22 95
11 4 20
61 78 53
22 18 58
42 2 21
79 64 11
27 87 83
93 40 56
26 3 46
18 13 94
32 41 67
82 31 37
42 92 67
49 90 51
92 98 75
28 59 76
22 45 17
96 11 55
4 65 44
67 18 10
86 30 58
56 2 62
57 87 59
69 71 100
91 50 67
38 87 79
13 27 89
41 65 99
82 68 4
3 45 86
21 20 39
11 15 79
99 39 60
49 42 7
80 59 8
71 35 31
79 17 69
59 78 23
15 48 5
87 49 72
72 5 42
45 5 42
13 5 88
44 82 41
42 69 96
27 70 12
23 45 9
56 49 68
88 0 91
10 84 62
98 63 34
46 47 64
0 59 32
26 81 41
60 50 25
97 51 2
25 23 48
23 70 45
92 18 84
95 60 58
11 71 26
0 14 99
89 78 52
62 88 34
69 11 42
91 33 25
28 65 4
28 82 78
90 89 82
49 41 48
91 4 82
64 4 15
13 36 91
91 82 2
82 17 24
49 35 46
48 70 78
85 71 53
24 1 29
22 72 53
24 68 8
39 29 54
65 60 70
60 28 66
16 41 92
32 71 71
73 14 56
77 92 52
15 1 79
1 64 72
9 39 84
3 19 100
8 89 59
99 70 47
35 52 79
85 68 33
54 34 57
85 19 35
39 89 23
50 8 74
77 90 64
98 46 55
91 22 19
70 25 1
28 51 64
8 3 28
65 50 47
25 50 84
44 27 76
17 93 71
60 95 81
40 52 49
1 14 33
11 90 33
99 92 64
89 61 3
44 3 19
81 1 97
99 30 62
96 28 72
70 31 85
37 84 68
46 62 29
47 33 12
1 52 9
30 0 78
65 81 50
38 83 56
2 41 42
76 67 85
22 73 44
67 12 59
10 19 12
48 28 43
63 11 68
41 88 26
85 95 82
70 74 28
32 26 22
37 99 54
33 52 62
65 54 45
91 95 51
11 73 95
4 61 54
4 3 21
19 28 25
87 84 32
26 11 90
95 54 54
54 7 65
11 45 45
45 21 6
79 56 53
69 31 8
5 39 7
14 45 22
28 16 66
7 22 91
58 73 47
14 83 17
20 44 51
18 66 20
22 91 87
43 37 93
0 55 84
98 15 61
51 58 14
69 94 97
74 25 56
18 22 20
96 21 96
1 0 33
79 45 15
40 80 12
19 92 42
68 33 18
9 84 51
13 50 81
60 63 61
12 35 4
65 27 14
12 84 35
66 94 99
17 63 58
74 94 67
34 86 73
24 92 28
39 44 33
32 19 89
46 22 56
5 59 86
13 96 66
24 68 92
90 5 78
76 77 3
2 40 82
66 52 86
92 53 62
46 53 13
92 47 73
70 33 2
99 3 42
63 89 31
22 32 19
30 75 62
20 51 17
64 51 48
65 62 94
88 81 23
94 19 54
91 18 61
83 56 4
75 47 21
67 86 66
73 79 18
37 18 48
30 23 21
15 43 23
81 42 52
20 80 54
44 96 91
94 34 98
90 0 81
47 25 88
45 5 46
62 64 43
7 81 50
80 60 25
35 55 14
47 38 87
23 90 57
46 56 99
14 10 77
43 10 50
50 70 94
32 25 58
38 88 60
99 3 26
76 18 21
1 24 10
14 80 77
80 70 13
42 3 96
77 59 86
62 31 65
93 74 8
93 26 26
49 80 33
3 67 94
82 45 92
82 77 26
22 40 32
64 41 4
14 12 64
67 31 50
45 27 23
40 70 87
80 84 91
93 88 22
13 60 42
38 82 34
25 6 11
19 63 97
64 92 38
37 30 68
64 34 30
53 50 7
24 15 83
6 15 81
24 45 68
26 84 53
17 52 22
19 44 6
27 16 77
3 90 45
81 79 47
5 53 11
16 1 83
26 3 75
64 24 68
86 23 38
87 61 47
35 30 26
18 10 10
42 55 21
60 12 83
22 11 72
36 69 69
1 71 39
2 58 6
22 66 30
70 22 95
99 92 24
46 7 16
9 79 58
11 14 77
35 29 47
81 90 51
22 42 54
47 26 97
45 26 93
55 90 79
77 32 6
75 91 1
79 13 65
42 57 95
97 65 87
19 29 21
80 91 47
75 82 49
92 53 89
27 26 85
12 11 18
38 67 91
15 65 63
4 65 34
27 11 31
55 37 1
96 58 88
6 44 91
88 91 75
20 89 74
7 93 5
64 36 1
42 55 17
87 39 90
57 90 74
66 40 91
87 23 4
21 73 78
69 15 23
87 25 88
18 22 68
68 26 87
9 42 69
53 69 98
32 0 2
95 85 67
27 23 98
28 47 23
45 71 1
75 65 86
86 24 38
99 87 80
9 45 20
7 40 40
47 66 77
15 85 83
77 92 18
23 80 35
93 75 65
85 25 22
80 51 5
68 77 19
57 78 88
80 8 15
60 41 70
76 62 81
80 68 11
54 88 17
47 40 71
24 4 74
37 73 99
97 63 43
86 80 11
64 19 79
46 0 14
23 92 81
97 52 85
59 57 43
57 9 9
63 24 7
51 99 48
50 7 5
24 7 16
78 55 66
43 50 23
28 39 63
71 35 90
87 44 56
18 7 75
86 72 23
52 51 90
20 96 5
60 91 29
40 77 5
7 22 72
48 39 80
14 2 52
60 32 37
49 60 94
78 25 39
26 41 59
66 18 80
39 54 42
76 71 52
46 52 35
94 40 34
51 74 75
97 66 37
43 53 72
83 98 91
42 22 36
99 90 40
42 60 34
37 97 71
89 10 45
68 65 16
34 38 17
14 95 38
94 83 58
57 46 32
97 39 8
93 18 6
76 38 62
20 52 26
48 92 19
4 73 69
66 86 97
2 84 55
85 38 31
52 83 72
66 43 75
70 66 29
40 32 4
19 96 67
50 45 20
12 85 58
3 91 8
39 26 29
79 21 21
67 23 57
32 12 43
21 61 39
58 55 77
26 16 60
17 15 19
78 26 69
92 65 69
1 20 6
93 80 4
5 57 33
84 67 79
57 27 82
34 64 85
98 27 37
39 96 78
30 96 100
72 9 58
0 94 64
75 25 94
25 50 95
82 94 58
28 13 5
29 69 14
43 39 69
80 14 77
32 16 52
5 97 75
19 60 59
7 36 63
42 77 30
37 78 1
52 58 65
50 74 12
51 98 60
55 14 53
32 86 95
82 71 5
48 11 59
59 24 18
77 36 98
62 32 3
87 11 65
43 72 48
51 45 86
13 88 80
35 74 24
82 88 62
77 44 96
38 44 14
23 69 67
74 23 63
23 51 53
2 25 73
83 27 2
94 36 68
16 24 85
77 32 69
34 13 53
68 67 13
49 60 8
68 61 12
65 4 2
1 16 77
74 42 57
58 2 73
50 93 4
5 4 98
31 85 80
17 63 78
83 60 11
79 51 18
55 6 28
41 68 2
26 75 94
32 82 53
51 58 37
29 53 20
22 7 51
26 15 35
59 24 98
58 48 94
90 14 95
3 13 19
47 61 38
20 78 57
92 19 19
66 58 71
26 20 90
44 7 3
17 88 39
55 81 44
2 19 70
18 85 95
31 43 84
33 28 77
92 36 45
12 92 76
86 61 30
90 99 44
32 33 87
43 20 77
73 88 93
12 70 8
45 31 2
13 81 59
95 91 36
30 28 38
79 93 80
57 91 72
10 0 80
13 65 52
98 61 92
43 2 9
52 21 15
54 82 59
99 40 64
92 40 92
21 68 53
76 13 49
83 76 43
87 62 25
50 75 44
27 63 31
64 48 29
6 71 83
71 52 28
82 19 93
19 20 92
96 44 6
37 22 63
45 65 89
71 98 83
15 96 92
79 4 42
95 88 45
92 17 49
18 4 53
3 43 80
79 89 30
13 76 51
73 35 11
25 0 49
54 3 62
81 43 78
49 15 11
3 24 31
77 53 57
57 78 68
36 1 38
48 75 70
16 36 4
79 23 48
25 44 33
79 35 74
20 46 43
29 80 98
65 41 89
49 74 37
53 16 13
12 58 53
59 26 50
51 1 98
16 67 18
86 1 95
70 68 19
86 9 28
93 86 81
8 68 86
77 63 78
73 46 46
18 25 4
98 12 45
10 70 34
73 99 29
60 26 34
60 17 70
44 90 47
67 77 40
82 85 64
92 45 15
68 92 34
95 69 80
28 38 16
41 6 89
11 53 23
65 94 53
14 18 41
94 67 4
55 2 18
86 66 54
28 48 69
82 65 61
71 37 98
12 11 91
21 30 69
85 35 95
40 93 24
51 78 11
63 47 85
16 85 18
49 78 11
50 49 84
16 44 2
20 49 21
63 87 49
42 55 81
66 83 99
59 42 28
44 45 42
61 57 5
56 20 1
71 12 40
56 34 17
97 4 45
7 8 75
43 5 70
41 21 85
25 23 94
24 78 51
84 91 97
83 66 76
39 9 89
22 63 13
57 9 4
42 86 71
15 88 88
71 77 99
72 28 21
72 0 69
48 96 43
81 21 38
6 82 91
55 30 50
70 50 87
66 67 59
41 47 40
12 15 25
48 62 62
46 75 25
17 24 31
11 43 74
35 96 84
93 58 43
68 20 36
94 70 14
51 64 67
4 66 15
99 14 30
13 29 36
75 28 31
42 34 70
8 21 25
95 7 88
13 34 28
7 74 36
45 12 74
39 71 80
80 20 32
62 92 88
4 26 53
23 24 60
90 39 65
48 66 64
40 26 74
3 62 60
85 94 69
80 68 38
43 72 99
31 15 52
94 48 21
31 73 27
99 54 18
46 11 63
65 48 32
8 89 74
81 42 87
54 56 65
16 65 36
57 88 62
43 71 6
96 84 55
35 5 8
37 64 29
22 64 99
5 65 63
25 52 74
31 70 60
60 42 83
15 50 69
10 94 44
44 19 72
33 76 82
15 72 79
9 2 37
73 85 35
8 83 58
72 18 12
92 71 20
84 76 24
93 48 12
45 26 88
91 9 90
20 17 61
45 58 46
29 50 2
70 84 46
97 26 98
74 96 18
67 61 52
80 41 99
81 72 16
82 84 18
86 44 11
49 85 69
57 29 72
35 13 81
87 12 23
2 35 72
37 61 55
97 30 25
61 12 93
57 27 26
42 73 7
64 31 26
38 15 20
76 66 65
99 40 35
9 59 4
46 97 51
87 61 38
31 10 64
12 20 74
70 61 80
95 5 21
46 2 95
32 55 67
96 20 22
21 61 9
31 80 83
43 59 46
27 63 9
49 79 50
5 89 16
84 57 53
15 93 12
56 77 22
18 95 8
43 47 42
37 56 45
49 12 74
69 4 91
24 90 26
13 32 16
52 3 28
89 14 5
33 6 20
32 75 25
79 77 35
63 41 23
19 8 51
14 28 76
63 70 90
93 23 38
72 23 60
42 58 76
79 53 89
0 66 36
71 33 72
48 28 88
36 87 44
64 95 38
35 21 73
92 60 42
49 83 26
72 2 68
65 86 31
12 73 89
34 73 8
85 5 52
34 90 21
57 6 93
85 45 4
0 83 40
10 61 6
27 4 12
36 94 29
75 99 35
36 18 75
39 44 96
31 21 40
33 50 36
2 8 88
95 83 80
86 52 72
91 42 3
16 90 96
52 15 3
78 28 34
31 92 73
93 56 65
48 27 8
97 46 53
91 16 50
15 94 96
99 94 26
52 58 91
95 12 70
33 43 9
56 22 47
85 93 25
92 60 92
83 44 59
77 56 15
78 69 25
98 86 100
73 91 4
64 21 94
2 44 13
18 47 4
56 3 93
89 36 72
87 70 79
64 93 30
14 45 21
57 13 94
93 21 76
51 23 93
53 1 52
21 50 3
53 14 2
58 19 54
16 76 54
41 57 69
82 29 51
4 39 87
58 13 78
60 91 4
9 47 96
29 92 90
85 0 82
87 96 89
99 13 39
32 23 100
19 98 93
18 40 32
1 37 1
22 37 33
99 20 80
19 42 96
20 92 76
56 71 65
42 32 100
63 92 88
4 98 81
49 11 88
0 33 17
28 31 43
67 15 38
10 79 11
7 67 77
69 65 43
31 15 87
6 12 3
56 49 77
61 85 99
77 33 91
15 83 22
34 35 69
98 90 66
12 58 58
59 24 42
55 53 74
22 72 7
70 52 73
86 71 97
61 87 25
36 1 6
69 22 62
4 8 72
99 72 59
80 0 26
39 91 6
47 82 44
65 25 17
41 57 22
21 67 6
23 0 36
31 63 82
45 72 11
78 38 15
5 57 50
73 56 3
88 99 47
48 44 54
62 99 87
7 95 35
70 20 71
71 18 91
32 12 94
12 51 56
19 88 63
94 43 92
53 43 78
31 33 9
90 98 16
59 86 85
46 89 99
36 99 100
83 25 20
65 85 18
55 88 13
7 11 5
99 74 88
77 47 34
80 2 96
11 24 12
38 68 59
40 24 19
40 75 87
38 11 24
86 4 46
60 68 35
90 31 69
65 29 6
57 34 90
80 33 8
9 51 91
46 81 80
49 59 21
60 40 28
70 10 24
82 38 42
55 53 71
3 66 78
83 44 95
52 16 90
54 45 79
62 4 49
51 46 31
28 57 99
87 44 15
30 85 14
69 83 22
46 75 7
2 7 69
30 95 53
30 13 50
22 53 78
79 96 57
74 34 76
75 64 36
76 46 83
63 40 28
75 1 79
61 26 17
62 89 7
37 30 62
19 39 58
68 35 63
19 64 94
53 94 69
83 66 77
22 4 22
80 44 41
48 20 70
22 78 79
32 34 14
63 5 72
26 55 14
7 48 64
40 56 2
94 42 96
20 23 36
52 59 65
35 59 48
9 74 11
39 66 2
75 62 36
14 18 62
20 30 29
85 30 16
31 46 26
66 54 5
83 7 4
27 46 41
92 82 31
61 56 47
2 37 49
54 77 87
95 39 30
67 14 5
40 47 9
27 39 91
74 87 49
36 19 80
19 30 33
26 49 27
7 70 31
95 29 91
73 21 43
82 74 32
81 90 78
98 9 72
89 47 18
63 1 83
23 0 19
22 63 92
45 60 28
63 61 48
90 45 25
51 96 70
89 59 46
54 57 42
86 10 95
4 33 75
41 51 66
52 31 62
97 14 86
81 66 81
63 75 55
20 16 49
69 23 43
70 34 45
65 50 34
92 2 52
57 95 34
20 66 74
54 58 48
48 44 77
5 10 77
52 60 80
16 95 73
91 65 45
68 70 97
9 35 61
49 3 92
88 62 27
3 64 99
82 72 14
20 98 89
13 24 81
4 23 53
41 71 33
38 61 73
24 32 67
80 37 19
85 12 40
85 50 88
80 38 97
72 22 50
46 31 34
78 15 34
91 24 69
10 18 78
96 11 27
85 61 12
89 48 44
75 13 96
87 11 51
95 38 2
94 84 45
37 93 30
48 18 66
30 98 96
15 8 1
78 4 85
26 95 20
78 40 68
68 89 72
4 34 69
5 68 67
5 53 65
38 10 80
18 13 46
16 0 93
81 23 27
57 31 5
92 55 17
14 16 92
79 21 67
74 95 94
65 57 64
62 19 7
54 77 31
68 64 88
25 10 50
73 58 78
62 76 46
81 61 69
55 26 71
45 14 41
14 2 25
84 55 27
44 66 43
0 92 74
56 74 42
2 56 19
61 17 28
78 47 1
74 51 59
62 33 78
75 61 99
60 17 94
0 15 4
38 9 55
73 60 16
31 53 87
86 67 42
60 48 71
77 42 24
97 14 71
1 23 67
21 58 81
16 35 19
86 77 71
38 34 86
90 80 32
32 87 96
22 48 87
16 87 85
81 24 28
83 91 41
7 47 77
72 53 71
99 5 51
81 94 57
12 69 51
75 73 36
17 74 18
68 4 5
42 35 67
17 46 15
16 80 28
76 82 23
86 81 49
10 45 53
38 92 89
3 21 13
31 21 41
88 67 49
62 55 15
95 50 90
69 85 14
56 25 5
19 65 34
26 7 1
12 90 74
22 7 65
30 72 87
23 43 62
72 40 16
45 36 44
79 66 29
85 63 30
13 73 68
13 2 2
55 31 35
38 21 18
59 97 59
10 5 69
24 77 9
47 55 51
80 72 3
10 71 20
81 2 42
44 49 74
23 27 33
11 80 13
32 51 87
8 47 12
94 85 59
15 48 52
34 31 70
93 7 94
90 49 45
27 55 33
79 87 42
66 35 10
46 6 89
34 71 20
84 85 47
29 20 25
6 63 10
58 44 12
50 73 83
25 3 57
23 37 40
1 97 56
27 20 56
5 15 36
54 60 43
34 24 86
28 72 9
19 0 27
29 37 15
80 93 38
70 73 55
57 51 33
66 19 94
8 32 44
78 10 44
13 55 59
78 92 1
83 41 20
78 40 81
16 93 28
53 59 71
75 60 46
33 95 69
8 60 75
93 84 42
74 30 93
7 75 6
87 61 94
37 83 96
54 72 5
70 37 74
62 93 66
44 42 45
67 52 65
41 86 64
36 32 1
35 17 36
92 86 96
1 72 100
15 31 94
8 41 10
81 7 57
84 7 15
89 91 30
78 13 99
13 71 49
31 16 46
93 92 17
50 44 99
71 72 40
85 20 5
39 5 35
20 31 27
21 85 84
40 37 75
6 1 38
38 34 10
81 60 86
49 46 59
58 12 76
31 86 95
65 95 39
54 67 86
30 15 84
99 10 44
2 26 6
33 16 62
6 1 10
5 8 91
71 75 64
84 67 91
37 60 100
11 44 15
2 67 34
98 4 61
29 46 75
24 85 33
22 91 32
27 76 34
45 36 36
5 90 81
31 12 68
65 53 34
71 30 2
12 16 63
72 42 48
63 80 55
98 54 47
42 75 70
59 56 56
19 51 82
47 99 15
45 95 97
21 51 41
47 12 5
48 9 11
67 69 64
9 88 86
36 48 24
58 82 4
66 98 100
91 18 46
3 39 58
26 83 96
96 69 93
3 60 48
22 48 10
17 87 5
14 45 92
26 30 75
14 1 91
42 19 50
78 92 20
61 24 4
27 14 87
7 10 38
33 21 45
64 93 73
95 89 41
40 77 60
25 9 44
91 23 10
85 28 44
40 87 34
23 92 55
91 87 99
93 62 34
51 23 67
70 80 21
17 27 28
53 78 48
74 12 25
43 27 98
6 68 71
75 3 45
44 87 38
0 98 19
25 42 35
23 85 35
6 39 83
59 1 6
97 40 81
90 34 34
74 42 10
60 29 98
57 29 79
88 38 63
59 44 76
29 43 85
73 32 35
20 75 3
91 39 83
99 69 8
37 27 79
85 7 82
47 94 14
47 97 21
60 21 81
49 67 87
27 98 59
44 71 28
87 20 94
51 42 35
55 54 65
11 7 11
16 97 50
30 71 2
2 8 59
97 2 36
82 80 71
53 12 62
62 34 100
64 87 65
91 68 90
48 52 25
93 19 73
97 6 7
74 96 15
92 20 79
91 81 73
92 32 13
15 73 47
75 79 4
89 39 28
65 40 96
17 8 77
10 27 75
66 97 32
28 71 72
38 36 23
59 20 2
72 76 8
47 4 62
42 88 83
24 17 34
94 61 91
43 92 53
54 94 27
43 70 1
30 87 62
79 60 39
4 52 5
49 93 100
79 16 2
20 56 4
1 97 20
34 12 99
28 25 12
75 89 66
46 24 76
90 27 36
40 1 90
48 7 40
28 41 80
93 39 63
69 56 44
39 21 9
46 89 71
13 52 20
87 61 37
5 70 6
46 76 44
0 98 51
48 54 89
41 5 16
33 71 36
66 15 61
91 13 39
99 88 100
28 48 10
49 31 100
42 16 46
62 67 9
1 97 29
57 95 61
62 71 7
76 18 91
20 70 85
61 24 56
24 23 25
59 29 65
97 61 7
16 34 60
44 78 63
32 41 12
11 44 75
49 52 90
4 74 88
72 10 51
42 32 1
58 45 20
99 43 4
62 76 84
70 28 61
23 60 95
62 34 74
58 80 39
44 46 85
37 10 82
13 19 59
25 75 16
82 44 86
60 83 49
55 58 52
9 48 43
68 75 21
95 86 67
35 3 44
3 33 95
71 24 40
13 14 36
57 64 11
95 18 71
34 93 37
42 77 44
13 3 7
63 70 37
76 59 57
35 85 85
53 69 44
49 60 57
46 66 50
35 7 83
99 26 64
39 78 83
49 29 58
0 29 75
37 31 69
17 45 16
89 24 27
74 30 78
66 23 70
26 88 3
84 81 80
95 7 72
11 97 6
87 91 34
24 77 48
14 36 73
67 59 6
20 70 30
35 19 68
0 79 27
60 44 39
2 90 62
29 49 62
70 26 73
48 23 66
70 44 95
1 92 35
8 34 94
75 38 88
2 11 83
56 6 59
69 96 9
15 26 50
94 25 50
41 42 26
79 28 73
63 69 69
22 46 1
58 3 88
83 38 89
0 56 16
42 86 67
72 82 74
93 83 7
90 96 78
28 52 40
42 2 22
91 0 93
6 99 65
73 58 84
39 14 39
34 48 74
67 60 39
65 40 64
47 86 34
73 82 94
10 84 42
35 31 70
60 15 40
99 45 74
33 39 86
92 71 44
1 12 37
48 31 84
83 81 68
7 18 74
13 14 100
64 93 21
48 31 35
45 94 40
41 55 51
1 21 84
15 12 30
14 61 3
14 78 88
12 67 21
45 18 73
97 4 25
66 51 39
87 16 91
59 35 68
51 15 7
52 27 52
78 72 60
70 29 66
3 20 23
27 12 73
47 27 7
4 34 76
95 39 74
16 0 45
91 18 55
38 4 50
36 51 98
49 31 28
22 67 75
73 93 88
65 85 38
42 18 33
11 5 14
93 8 66
5 31 36
35 38 62
98 88 54
86 65 30
34 48 20
52 31 27
51 42 72
47 99 67
49 59 16
44 87 19
52 12 47
32 55 3
17 39 86
25 98 97
70 96 86
1 32 49
45 36 55
62 76 70
17 50 24
38 42 1
31 72 22
23 22 25
35 55 99
15 8 86
9 98 77
6 78 79
84 0 21
3 87 58
62 85 89
66 95 1
12 25 76
61 1 73
82 50 79
97 69 96
76 47 65
0 15 3
39 3 76
27 30 63
10 64 12
42 55 60
10 19 29
54 21 25
65 90 99
79 26 2
18 50 40
83 80 98
26 29 44
44 2 67
5 22 20
54 49 72
91 0 88
79 48 85
60 20 4
94 89 43
29 19 3
40 20 62
24 50 60
75 66 38
8 99 62
18 62 33
31 66 36
9 68 74
14 99 45
95 50 76
80 36 50
39 3 9
64 34 38
66 52 41
73 46 30
68 67 95
63 71 58
62 19 55
58 33 57
75 50 45
71 81 83
89 68 45
55 0 95
41 7 79
39 92 11
91 86 14
67 84 99
41 16 68
40 44 65
46 96 100
16 58 90
52 1 45
87 80 30
39 35 23
21 73 91
50 2 14
62 64 34
90 34 67
70 33 46
58 40 21
27 73 45
19 36 86
95 61 75
97 1 38
74 14 69
72 58 52
62 54 75
99 56 81
81 80 78
32 47 85
27 68 54
3 68 15
97 19 85
97 45 29
95 70 16
68 59 51
31 95 74
75 33 46
61 75 30
57 79 1
1 70 89
86 83 3
30 19 1
42 73 85
56 32 33
26 71 61
56 60 26
82 63 98
56 18 29
6 24 47
50 33 69
41 4 18
2 13 39
42 83 80
22 33 76
67 14 66
17 15 70
17 36 61
44 58 2
35 28 63
20 19 54
87 82 41
55 6 46
50 54 75
92 36 80
65 6 88
75 67 71
19 94 3
96 28 42
67 19 28
38 2 11
92 49 55
22 20 70
80 99 64
55 73 48
71 11 44
60 17 99
28 5 3
57 47 58
55 84 70
16 14 78
71 58 45
72 70 62
19 49 77
88 9 91
90 3 61
51 84 20
49 11 97
54 60 8
39 22 86
91 38 41
45 91 66
84 56 65
47 94 44
11 93 16
16 9 78
76 85 44
79 33 63
54 23 7
39 91 55
73 25 18
64 35 39
29 55 9
64 63 18
26 3 30
44 74 80
74 46 64
56 94 46
87 26 8
21 8 70
27 9 89
9 93 34
94 39 71
74 54 77
99 20 44
40 65 81
67 19 57
53 23 49
77 17 35
23 7 15
45 1 33
36 41 100
30 23 13
36 72 90
9 91 12
12 60 6
96 14 88
20 87 6
54 7 93
48 42 13
47 64 93
98 86 71
20 61 98
18 75 9
92 47 96
52 74 27
98 65 18
19 70 57
86 36 82
49 14 47
6 68 11
73 16 25
48 64 17
99 34 100
58 81 57
43 58 73
76 16 32
5 10 2
89 57 96
16 81 4
86 84 30
14 96 38
43 63 58
95 94 90
44 36 73
49 17 57
53 4 68
35 13 21
93 90 53
20 70 3
58 73 53
26 69 35
70 35 49
94 54 8
4 18 43
48 50 86
82 71 84
5 48 15
35 73 50
18 17 37
63 69 82
14 45 12
51 12 63
96 20 87
38 92 41
74 63 12
79 36 97
0 66 51
73 45 30
73 46 21
22 5 47
54 85 19
88 73 76
77 81 68
62 87 35
90 31 54
5 38 76
16 90 73
44 63 96
33 99 93
25 78 12
39 84 13
90 23 96
51 25 48
96 69 55
17 85 61
12 87 84
84 58 99
13 5 95
8 31 26
58 9 63
67 18 51
35 87 33
95 99 89
36 68 42
37 16 32
64 84 18
96 29 59
5 53 98
64 12 50
19 6 38
37 24 23
21 47 53
64 88 60
86 38 6
3 90 48
81 38 23
48 20 22
51 55 83
70 29 93
93 59 62
71 96 100
72 85 30
92 60 99
93 2 13
3 4 5
1 75 13
85 44 83
46 88 89
59 76 38
53 47 51
88 83 69
84 61 74
22 62 92
29 82 8
49 20 29
45 7 33
55 73 2
38 52 64
91 26 52
44 93 35
76 64 99
51 74 21
13 31 55
80 19 50
75 87 33
43 77 36
40 81 89
65 50 48
7 58 10
92 6 9
99 19 75
72 96 100
24 28 88
72 62 100
92 18 86
40 82 45
70 52 9
30 36 47
7 83 68
9 98 87
73 79 76
21 35 14
90 1 40
16 52 46
36 62 75
89 53 91
8 76 96
46 45 90
58 26 30
83 20 47
15 28 60
73 0 33
9 22 33
28 90 82
20 85 6
94 34 56
90 81 95
42 92 67
49 28 52
45 8 92
14 6 11
90 97 99
99 15 27
98 99 76
81 70 40
22 64 56
74 55 34
78 95 40
93 11 20
6 82 22
15 14 58
57 48 6
95 72 84
16 98 2
40 17 76
60 32 44
80 20 5
21 68 1
10 49 4
27 2 33
92 19 5
9 98 3
14 42 44
18 7 93
6 24 71
13 65 69
16 97 84
87 24 19
63 29 17
74 96 14
82 4 11
24 3 91
70 99 98
49 7 99
35 46 14
67 44 19
19 46 14
46 74 40
85 57 89
61 81 91
47 90 70
98 93 94
20 15 50
11 87 45
81 44 78
38 13 43
0 71 38
68 8 62
54 88 94
57 73 98
88 71 24
28 47 76
87 15 42
58 31 56
17 39 52
71 22 56
48 85 74
68 59 100
25 27 19
82 39 28
96 41 14
23 22 10
36 6 60
58 42 94
84 49 52
61 97 57
45 75 96
24 91 19
6 38 92
93 44 51
67 46 66
84 13 28
38 4 80
11 73 98
83 53 96
79 5 19
25 43 76
25 52 35
96 69 76
6 65 31
42 64 32
50 39 41
51 16 18
50 27 43
9 90 79
41 83 29
55 57 68
63 16 21
11 34 4
4 79 48
52 13 25
96 57 18
90 57 32
88 0 45
22 49 15
94 73 39
35 34 32
64 77 64
78 50 96
67 18 89
97 86 15
61 51 83
48 2 85
92 79 19
46 21 72
70 87 46
56 38 79
40 78 23
61 51 46
76 43 6
94 88 99
74 87 19
71 46 10
31 94 48
43 29 54
89 2 2
37 7 72
81 12 44
5 88 3
84 98 51
55 76 54
20 26 93
75 83 1
36 55 3
79 71 67
67 95 85
43 23 85
73 48 3
94 17 41
53 37 10
86 84 64
44 98 85
81 95 87
93 47 53
18 90 98
14 30 19
35 2 32
47 19 3
50 62 63
88 69 38
97 39 68
41 8 18
34 61 23
36 47 5
66 30 36
23 81 37
2 70 42
15 90 90
47 39 38
5 58 91
6 29 60
26 50 15
76 55 77
26 5 91
40 48 68
14 58 91
66 36 74
93 41 41
95 58 69
84 80 51
45 93 72
31 23 94
46 99 54
42 85 76
88 94 24
92 45 13
89 46 23
59 40 34
27 55 87
1 61 73
16 71 40
11 43 35
41 68 30
56 74 55
99 80 2
95 94 63
20 40 71
75 46 50
40 3 61
1 51 95
23 40 15
94 88 35
18 71 85
24 6 97
35 63 26
86 5 63
55 20 53
70 17 38
53 92 8
35 58 47
99 37 26
95 84 41
44 88 94
59 61 74
72 77 21
50 68 53
27 6 36
71 6 99
5 33 82
63 6 6
99 78 79
63 44 34
43 41 61
71 19 36
75 66 70
53 89 34
15 82 57
16 38 95
44 12 87
78 95 93
41 45 59
54 7 28
72 8 80
92 14 19
1 7 20
96 95 58
3 57 8
97 64 1
48 31 25
44 61 70
50 51 57
66 31 29
74 29 30
97 68 32
56 92 47
5 25 15
24 84 89
27 75 41
74 41 46
48 25 75
65 60 61
9 42 26
86 57 33
14 2 60
90 48 94
51 46 64
93 37 83
76 38 10
55 39 20
15 93 23
27 3 44
69 18 95
29 38 81
22 72 94
72 51 98
84 41 35
58 84 75
16 86 44
80 92 21
43 55 68
32 37 59
77 50 92
79 41 37
8 31 50
86 54 35
40 77 55
60 97 66
36 49 17
80 26 51
53 85 63
77 49 38
0 2 6
82 51 41
86 42 38
49 48 68
85 45 64
33 60 15
47 40 97
29 40 89
89 37 19
47 34 79
20 50 46
43 60 25
67 41 52
84 95 46
13 34 48
69 31 96
20 64 19
98 2 84
17 18 12
7 69 26
55 6 10
53 66 91
8 11 50
93 13 68
91 95 3
56 7 99
46 97 92
77 33 88
33 75 92
74 98 79
52 47 20
84 35 85
20 98 59
16 97 2
86 93 93
55 81 5
5 67 89
44 77 29
12 80 67
64 1 80
0 64 58
42 80 14
38 29 47
35 11 75
93 53 27
71 96 62
44 39 6
4 94 46
1 19 48
32 27 100
55 3 63
3 94 66
29 28 85
25 6 74
29 77 60
97 80 34
41 90 2
36 68 76
92 74 30
74 66 77
27 92 11
44 47 35
77 45 88
75 50 33
38 88 83
14 74 97
45 27 37
40 26 88
49 42 10
8 59 20
5 3 75
42 24 74
78 89 90
8 39 16
42 39 89
80 20 88
18 44 78
77 1 10
61 89 39
69 99 5
87 32 90
25 10 7
37 14 50
5 41 7
83 13 4
61 82 10
12 80 58
66 23 69
76 24 66
62 6 2
98 39 48
11 67 75
76 6 53
51 41 96
82 49 34
96 39 69
41 35 66
67 87 53
84 73 31
23 74 100
73 87 63
66 46 77
75 95 69
41 16 9
54 71 100
94 13 3
79 5 13
0 7 9
34 94 59
96 31 73
76 25 97
9 91 45
89 25 93
44 9 77
48 72 14
49 50 55
87 27 68
14 35 12
45 94 44
43 34 19
18 95 6
35 19 44
87 25 33
21 92 56
83 29 78
68 50 32
57 40 76
56 84 1
55 69 65
87 15 74
52 57 22
97 56 47
17 47 23
49 32 22
66 63 67
48 53 73
12 97 90
69 61 76
42 47 23
55 84 72
57 70 9
55 83 62
41 86 92
75 12 9
47 36 98
21 37 2
45 61 36
32 44 9
92 49 33
67 83 73
97 51 15
31 85 36
20 32 61
62 52 25
96 3 15
66 90 30
37 19 66
57 39 16
44 74 93
7 4 86
81 33 61
79 46 77
16 85 69
61 66 60
61 7 32
17 49 1
15 86 71
76 24 63
64 7 69
87 70 92
56 92 63
36 84 84
60 1 70
49 91 97
93 45 26
46 41 58
17 73 4
61 2 19
35 10 79
27 41 23
58 70 5
20 85 17
5 38 58
22 48 1
29 2 81
87 17 7
66 54 37
45 14 26
84 71 7
27 29 89
90 13 40
72 26 66
50 62 81
13 96 16
36 32 79
78 4 83
33 83 74
93 11 2
45 12 63
41 9 49
73 29 12
49 6 62
0 51 10
33 51 13
42 99 7
75 98 86
7 1 100
88 32 24
79 16 20
92 0 70
44 94 91
38 72 86
18 64 93
79 54 47
80 62 51
28 46 25
21 42 97
38 43 30
53 54 24
20 53 8
63 38 60
20 28 51
75 72 16
88 19 14
35 15 85
53 0 85
99 51 26
67 79 13
15 45 50
26 25 86
76 19 8
96 45 16
6 16 93
43 9 17
93 66 56
2 81 87
89 60 21
20 31 14
20 85 60
7 97 6
91 24 54
83 61 7
82 67 53
58 11 73
17 10 41
25 96 16
26 98 58
41 3 25
55 56 27
83 61 62
52 29 49
28 32 52
33 76 73
92 83 46
61 74 81
32 40 67
38 62 16
16 5 61
89 27 11
67 57 24
83 37 59
0 20 95
36 80 43
62 74 23
14 27 79
58 51 16
53 45 94
33 52 46
42 29 65
22 87 48
5 95 3
96 43 61
44 71 47
70 10 80
20 94 31
42 49 44
0 19 72
18 6 83
24 64 15
16 46 88
42 2 98
83 10 47
8 28 48
0 93 85
87 64 72
78 46 47
51 70 97
76 87 14
49 56 5
58 18 13
98 47 25
91 2 83
3 6 72
67 86 18
90 55 8
97 89 64
63 33 13
27 87 26
36 98 33
7 23 8
25 70 49
54 93 99
11 81 42
37 54 92
24 20 58
42 68 50
72 57 33
69 91 78
5 39 34
78 26 97
90 38 78
14 48 42
55 95 15
23 80 25
44 23 94
99 30 67
71 78 36
49 1 38
85 72 31
62 48 80
8 74 78
11 93 25
87 54 57
11 56 34
32 0 26
58 6 14
88 74 9
50 22 58
31 98 67
97 13 15
80 38 93
33 48 64
64 52 100
95 40 54
44 22 62
64 53 35
98 86 92
75 47 11
1 19 82
71 73 53
24 67 3
15 54 98
58 6 57
9 10 83
14 94 65
19 82 8
89 90 27
15 85 25
64 30 33
9 24 21
11 68 51
40 24 4
52 51 40
19 79 29
91 44 75
40 73 72
21 36 24
38 49 71
40 58 28
9 0 82
27 81 45
18 66 15
8 16 66
78 73 88
39 93 99
82 41 70
34 71 5
84 21 31
99 38 38
1 84 90
83 61 15
66 27 46
17 9 70
91 70 43
14 17 43
72 15 31
10 69 81
55 24 76
50 30 2
28 87 49
79 32 16
7 42 25
57 62 13
45 74 2
41 12 48
65 85 30
94 22 2
78 31 27
94 8 35
42 26 87
7 87 48
63 15 10
2 30 62
84 85 6
62 72 91
87 63 38
56 11 41
1 35 71
74 0 41
81 26 100
87 33 52
42 77 64
77 3 30
33 8 58
23 78 91
11 15 24
2 59 24
75 10 8
12 10 79
23 40 40
82 23 44
20 28 99
4 59 50
60 48 76
25 36 50
75 93 84
68 55 80
54 49 38
3 26 9
51 40 92
18 37 27
82 75 46
37 72 83
11 95 26
31 39 9
6 71 79
51 31 60
70 78 73
28 41 76
59 7 98
57 88 91
89 18 50
97 56 51
25 64 57
94 23 35
14 52 92
67 9 44
81 39 78
27 91 43
43 13 100
0 51 95
57 34 50
46 7 52
92 20 64
6 21 51
81 29 9
38 82 12
42 4 34
76 56 52
2 29 64
19 73 40
77 10 65
92 12 63
9 61 27
71 99 97
14 90 5
45 93 46
77 12 53
0 14 4
90 29 9
18 46 49
33 1 86
61 0 42
74 10 71
30 78 10
81 95 45
99 93 85
78 30 75
99 89 65
22 36 7
38 53 63
76 88 45
57 1 45
77 91 75
62 25 40
14 44 59
88 59 3
94 86 14
75 53 61
25 60 8
38 86 50
73 21 76
9 38 18
75 81 45
96 7 47
41 14 3
10 35 30
95 94 87
14 41 43
61 89 8
41 50 48
84 47 41
14 76 86
87 79 23
64 29 64
23 42 48
43 19 47
44 30 53
82 31 94
82 68 70
88 47 100
57 92 1
5 12 62
89 98 46
77 15 28
5 70 100
0 73 26
48 11 73
52 86 100
5 31 14
85 86 37
56 19 95
68 55 72
26 58 98
55 10 100
13 7 93
76 3 99
82 25 47
39 60 39
5 80 35
8 46 10
16 97 49
64 21 74
1 9 74
18 64 75
97 51 43
8 58 46
12 0 19
90 61 77
4 48 90
22 72 60
20 56 7
27 46 32
80 48 34
67 35 40
90 43 32
90 50 71
42 65 81
85 46 31
7 3 33
22 66 45
66 52 21
2 14 7
95 29 25
4 92 47
11 43 83
31 27 83
37 78 33
73 41 30
82 91 1
24 64 93
42 8 78
85 35 39
10 16 74
75 35 10
50 91 26
55 8 58
84 38 81
68 83 34
29 75 30
47 67 64
39 57 92
20 36 36
71 56 45
24 46 15
73 19 71
5 58 78
57 18 90
17 28 17
13 48 46
85 63 65
98 65 48
60 42 51
72 57 66
43 66 69
75 25 96
49 34 76
56 20 64
5 79 39
20 49 63
95 57 12
48 87 54
32 24 72
5 42 15
39 59 68
38 2 10
71 4 59
17 31 63
61 96 25
53 73 12
81 91 66
74 47 51
28 16 12
70 99 62
13 21 4
87 20 57
77 40 30
91 67 6
49 6 57
79 32 40
20 72 61
23 78 74
88 32 20
87 86 38
47 85 48
18 98 96
74 8 67
60 26 2
41 79 47
17 99 30
24 84 69
36 3 65
31 95 76
67 95 26
41 18 45
49 27 65
85 40 2
62 44 87
87 98 15
86 85 16
79 44 63
81 30 83
60 4 96
97 3 55
66 83 49
79 57 26
58 20 91
37 42 91
31 9 17
96 19 25
30 45 91
98 23 2
8 44 54
89 6 12
81 34 39
81 28 14
67 54 97
86 70 21
55 93 77
10 61 55
99 67 86
1 87 24
2 20 84
44 28 79
49 67 54
62 45 56
51 80 62
78 28 82
57 55 7
5 90 56
1 46 89
52 6 49
95 29 26
92 38 44
63 70 69
23 30 84
41 68 28
89 75 9
43 13 87
91 62 32
57 6 25
36 93 8
21 55 42
78 37 31
95 69 22
63 98 11
41 72 44
81 63 47
74 21 10
79 23 77
55 51 27
10 84 83
73 28 36
36 85 18
85 21 30
26 6 81
3 20 67
2 95 83
15 1 34
67 49 56
71 29 47
70 21 9
31 5 75
18 99 85
28 11 24
11 71 50
35 41 92
34 65 9
65 43 85
68 21 50
12 16 62
3 29 59
89 6 75
71 78 15
1 8 6
74 24 13
83 20 87
90 35 23
45 15 74
16 37 78
7 54 60
55 95 35
76 26 91
84 44 84
16 81 3
13 16 16
85 83 34
81 6 20
87 82 99
62 20 74
54 85 35
98 83 8
39 43 98
36 40 67
51 95 77
67 72 36
80 2 94
45 73 40
55 98 39
22 42 43
16 1 6
54 89 26
37 34 12
26 59 5
78 68 26
95 73 32
96 32 96
34 33 80
51 12 49
20 9 40
91 8 61
18 12 32
92 26 81
65 17 99
60 22 95
73 9 76
96 10 97
83 64 3
93 10 41
0 33 26
95 70 73
63 4 52
77 25 76
87 41 83
15 32 3
17 75 7
20 39 87
62 39 57
31 27 17
30 25 80
22 2 29
10 69 53
35 89 51
27 59 55
59 98 7
82 51 82
26 51 98
75 0 34
92 72 25
85 66 28
91 34 36
63 61 41
87 88 47
86 89 70
79 55 12
84 2 46
13 71 50
63 1 55
13 2 78
30 28 8
37 29 10
35 24 88
40 48 51
61 45 85
93 44 92
67 72 7
78 58 79
30 2 40
39 38 88
33 9 59
34 46 63
43 22 77
70 78 8
97 61 25
4 37 71
63 96 43
27 43 53
32 72 55
32 63 61
22 16 23
88 1 19
90 31 4
33 56 20
93 62 93
73 65 4
99 67 14
12 39 96
70 87 78
28 16 19
60 73 47
42 33 44
0 46 81
48 31 28
76 83 61
69 57 61
89 13 11
71 34 73
89 29 62
15 16 84
41 93 3
64 21 24
18 22 74
95 16 34
68 29 46
4 55 71
61 51 64
58 43 88
35 69 19
29 48 41
4 47 69
70 12 60
3 50 65
24 89 9
63 11 88
30 41 70
95 51 56
17 46 20
32 69 9
90 55 82
39 7 51
90 30 26
39 86 42
77 21 26
27 47 100
82 51 24
97 96 1
85 32 36
24 85 86
95 0 49
30 10 76
92 2 96
60 83 7
75 57 80
84 49 31
98 87 8
11 65 58
99 4 64
43 56 24
20 83 50
95 9 13
24 79 40
2 93 19
3 65 31
55 8 78
19 46 97
24 43 83
82 12 26
49 62 88
38 53 81
49 79 10
94 57 44
57 4 18
28 87 62
72 63 37
64 53 44
34 46 99
26 68 48
99 78 88
1 89 4
20 77 29
26 57 30
13 35 33
86 68 98
76 27 96
85 70 40
7 6 12
28 89 52
69 37 66
95 43 94
98 23 20
11 43 50
24 66 65
99 13 52
70 86 73
58 49 95
15 73 33
62 1 30
21 59 38
26 30 100
5 62 29
96 7 67
22 85 18
96 6 25
10 34 57
13 1 65
60 0 59
42 19 2
95 5 58
63 89 1
95 86 22
35 64 5
66 46 99
48 33 45
10 30 94
95 28 3
88 49 27
67 91 11
20 27 47
9 67 89
24 73 40
49 34 97
38 77 47
35 78 97
72 5 91
5 36 55
53 79 97
92 77 58
50 53 29
30 41 98
14 37 86
83 50 39
57 26 79
65 45 6
94 37 94
64 84 26
41 67 49
82 83 39
27 40 16
55 6 45
66 56 18
24 86 69
9 44 94
5 3 77
21 92 72
25 81 49
54 49 76
98 52 4
98 11 14
61 10 65
35 52 3
50 57 4
31 70 61
40 56 29
3 88 38
72 8 75
56 70 39
14 26 20
18 48 69
25 55 53
84 92 23
11 28 13
87 76 83
63 21 24
71 64 30
99 85 42
14 15 78
62 25 65
63 62 86
63 39 8
65 33 9
60 11 16
78 26 26
23 0 62
91 82 30
76 88 15
10 68 17
88 5 79
47 95 69
48 81 48
32 75 12
87 98 27
19 22 18
55 32 83
66 91 40
9 24 89
58 81 43
47 2 69
57 72 15
43 7 8
68 90 50
53 60 7
83 58 76
77 44 9
83 11 13
51 26 6
82 97 97
95 58 37
53 1 69
74 7 57
50 71 100
66 7 87
36 80 95
39 5 33
5 95 7
98 99 80
87 3 19
58 64 42
85 42 78
98 79 20
32 83 16
87 48 75
21 78 21
3 57 22
78 52 91
82 5 1
17 79 36
22 5 69
37 79 26
32 40 86
25 61 39
4 57 85
60 36 63
67 87 42
99 21 12
39 9 97
20 82 16
58 81 66
18 42 19
23 29 48
25 94 86
12 85 85
60 30 13
52 56 92
24 7 72
59 13 35
1 0 78
95 21 90
28 64 66
92 99 36
94 42 66
20 89 40
18 61 42
74 20 5
45 24 92
91 29 77
60 41 2
88 54 14
42 54 11
12 18 67
53 80 40
77 88 57
23 47 28
0 31 60
87 53 71
75 28 88
62 75 68
10 74 11
81 3 88
40 76 69
9 47 23
91 92 42
21 85 50
24 74 7
27 1 44
37 84 68
3 65 14
68 3 17
17 98 93
73 6 25
93 69 50
32 88 72
22 65 6
24 85 47
94 41 1
41 36 46
82 72 8
98 88 77
77 80 19
74 99 55
32 71 4
0 45 67
79 8 82
32 92 1
20 35 72
38 22 25
53 42 47
64 86 82
66 17 85
52 75 18
52 47 35
17 5 43
40 13 32
25 65 39
86 79 98
66 74 81
30 85 76
64 77 24
80 82 45
61 49 10
12 7 91
45 52 12
15 98 91
35 74 67
21 65 8
7 57 73
35 19 16
15 56 69
25 26 38
12 78 78
47 81 76
37 32 60
83 10 96
54 32 44
25 47 40
90 11 29
33 35 75
0 25 29
92 50 8
63 56 1
78 12 39
8 54 8
33 91 100
6 13 63
67 56 62
96 72 93
6 58 36
57 78 51
74 96 78
45 3 85
70 7 63
95 86 95
35 89 38
47 66 43
57 2 91
41 97 99
40 84 49
96 70 6
59 1 31
10 49 39
45 84 63
93 35 14
30 42 41
31 32 12
50 67 40
26 49 29
78 80 76
90 92 60
14 30 27
98 59 11
38 85 39
7 72 33
32 19 17
89 76 95
20 10 40
32 31 30
32 0 60
26 80 93
56 51 44
14 75 68
67 9 55
66 36 22
33 22 19
96 62 88
28 8 11
43 31 99
29 76 92
17 96 93
16 29 7
52 53 21
72 38 55
46 75 66
5 13 49
30 49 66
46 11 63
26 32 34
40 48 2
59 90 80
34 95 55
3 35 10
9 7 56
95 21 55
31 69 37
61 6 9
0 45 23
7 28 25
93 5 31
3 26 27
53 14 78
62 31 20
88 80 34
69 24 85
88 33 64
51 5 61
70 13 61
17 47 98
72 54 35
21 7 43
50 32 78
6 79 54
79 56 60
47 11 30
46 27 8
18 75 16
76 34 9
56 8 73
29 10 81
1 82 77
20 78 28
91 97 99
14 5 91
18 45 4
90 43 62
16 41 39
63 88 59
71 73 2
10 71 29
38 3 48
14 46 13
90 63 94
21 44 55
57 43 99
22 11 19
87 90 62
39 52 3
8 41 56
40 8 9
97 16 29
61 74 9
60 1 8
8 91 10
19 90 42
67 88 75
69 31 37
96 92 82
57 34 10
59 98 98
90 78 12
33 13 16
32 51 58
60 97 64
40 21 85
54 53 74
11 0 12
14 72 12
0 10 53
26 28 12
28 25 15
66 1 44
49 75 99
48 93 42
19 48 63
26 25 92
6 50 73
58 54 18
50 96 74
43 41 6
33 57 90
0 64 2
78 97 25
43 45 79
5 39 66
3 6 72
68 31 63
38 19 2
2 86 32
92 3 75
13 20 54
81 85 54
14 34 90
58 6 4
34 83 8
20 88 81
31 62 94
28 36 83
66 14 45
88 30 5
4 21 65
4 27 58
64 84 28
74 17 7
40 42 15
18 48 73
51 12 1
22 27 90
9 27 41
99 35 41
88 9 92
74 3 15
99 91 55
25 33 35
94 98 66
72 97 88
19 76 77
93 9 48
50 27 14
6 18 86
91 51 59
92 27 47
50 78 19
24 54 77
28 1 74
36 49 88
52 11 17
20 22 98
70 97 49
93 23 44
66 88 82
15 58 48
10 48 94
76 15 29
80 2 100
24 88 97
72 22 67
27 11 63
47 73 56
89 47 20
40 17 14
24 43 2
51 88 62
81 76 20
22 31 38
50 79 95
40 8 28
92 20 44
67 39 94
33 21 70
95 82 37
28 31 65
75 77 63
43 51 2
23 60 88
78 20 97
75 92 98
46 41 8
17 97 14
74 41 74
22 66 28
25 90 90
24 86 9
91 70 91
57 87 35
67 26 96
62 13 85
77 75 84
90 18 30
79 52 97
0 20 5
77 51 49
31 48 89
20 78 68
20 99 52
47 81 37
31 99 55
80 98 71
90 47 19
81 9 49
77 4 25
99 90 41
12 64 68
56 90 27
1 58 44
73 57 75
47 15 64
43 60 54
41 90 46
34 57 100
28 84 97
43 30 3
40 80 70
67 33 74
40 98 46
34 63 22
10 24 23
63 5 18
17 32 97
42 30 28
51 58 64
24 96 29
14 9 48
10 51 84
70 48 50
62 54 13
77 97 75
68 12 90
97 47 57
38 84 50
59 67 34
13 69 75
58 89 44
60 13 29
93 4 63
45 84 72
53 61 73
15 59 56
94 45 80
19 38 87
40 36 83
46 5 21
54 73 51
50 31 39
80 92 24
76 3 99
49 29 64
13 47 52
40 57 16
79 83 83
20 25 55
13 40 18
83 87 19
36 76 46
68 58 37
2 17 46
87 68 13
94 63 72
7 43 88
39 74 86
9 85 45
39 20 42
53 52 95
35 51 48
70 52 27
25 6 6
38 97 57
44 63 33
94 11 14
78 90 18
68 30 92
66 63 86
34 82 17
62 25 36
59 75 34
30 64 81
37 5 89
47 19 45
39 94 84
12 29 95
35 15 61
88 41 61
20 15 21
58 12 77
46 14 47
9 33 42
4 68 6
53 76 64
5 61 60
41 74 26
20 58 25
4 61 12
19 16 93
20 11 4
12 19 49
57 34 14
23 79 82
57 47 12
81 74 40
49 74 50
26 58 21
74 30 69
78 75 22
4 16 44
59 20 51
50 71 87
90 52 23
67 50 87
14 60 23
77 48 61
62 81 13
80 48 52
29 68 62
65 89 12
28 77 84
37 4 80
15 83 4
52 74 54
75 44 7
69 76 93
63 53 62
22 66 12
85 25 17
76 26 4
95 70 66
55 89 25
44 84 73
28 46 38
46 77 98
83 6 25
90 65 85
27 49 72
55 72 64
57 82 21
26 44 22
33 92 60
22 87 97
16 66 28
79 41 23
70 79 87
0 32 35
58 87 33
6 70 29
48 80 4
5 67 68
87 92 88
95 34 7
34 0 47
95 25 91
45 78 5
97 50 34
1 54 68
82 31 2
38 45 16
17 54 96
37 0 1
60 33 9
99 21 19
91 45 33
25 22 90
6 99 97
73 80 61
96 26 51
47 73 4
1 44 56
43 27 83
66 79 53
94 81 69
16 93 58
2 76 9
41 65 48
79 24 70
27 89 98
33 20 39
58 89 60
20 87 42
18 71 78
57 43 84
43 2 81
63 27 30
69 21 70
28 87 64
33 47 12
29 97 32
11 21 19
32 41 6
27 73 50
54 12 80
4 14 18
42 75 37
87 40 39
36 8 69
21 19 99
31 94 73
62 91 75
45 87 9
46 42 95
44 39 81
15 9 16
14 29 47
19 72 39
21 71 1
79 85 65
56 23 66
67 26 37
28 27 68
62 87 2
14 35 77
80 76 88
4 3 84
65 6 51
4 69 16
45 74 63
58 72 58
28 98 95
19 46 67
58 26 26
29 19 24
73 31 1
99 6 81
14 33 84
56 50 93
99 15 52
35 52 69
33 74 82
77 54 52
13 66 100
67 54 80
19 36 2
28 27 93
43 56 53
60 84 6
29 26 5
61 2 78
99 65 73
88 47 72
56 62 94
70 54 86
17 30 97
79 59 94
63 66 86
62 7 49
66 77 49
29 80 27
53 9 80
63 42 14
88 75 20
90 88 80
88 60 24
39 57 87
4 70 82
76 67 97
80 51 75
20 90 25
97 42 99
51 8 12
96 71 8
40 4 36
15 42 10
1 40 36
25 63 44
82 13 65
45 13 62
36 77 57
23 40 48
66 78 46
98 36 68
22 97 51
79 34 92
95 19 25
93 45 54
63 12 82
36 94 9
81 40 89
23 67 40
22 19 45
24 90 41
2 75 89
90 30 54
37 8 35
46 99 18
6 1 53
4 43 6
26 47 31
11 55 41
71 23 84
61 13 49
75 22 82
70 51 54
76 15 26
42 23 4
80 93 43
81 54 23
89 85 54
87 97 68
97 33 23
70 12 6
91 49 85
53 94 87
7 64 20
91 17 55
78 14 19
25 63 6
3 26 66
82 34 17
76 0 23
68 78 54
9 62 15
84 85 68
43 63 15
24 51 47
47 34 56
38 1 50
36 13 94
12 72 56
81 46 20
90 41 76
50 51 85
84 21 99
2 22 66
84 38 85
13 20 98
92 86 72
22 60 16
25 21 25
71 61 56
8 69 14
15 41 62
64 39 98
5 93 43
73 81 54
94 14 46
4 76 84
76 21 93
47 88 94
47 62 49
86 2 36
71 77 37
62 81 30
45 91 10
38 35 37
21 35 60
70 90 61
88 75 28
13 15 70
56 52 79
87 84 23
16 98 49
37 72 43
5 53 47
43 82 2
35 79 79
9 0 66
60 19 89
5 12 84
55 51 60
56 92 75
44 52 78
42 1 36
14 58 54
77 51 49
96 66 87
58 9 21
69 35 81
72 58 24
76 26 38
37 84 20
59 34 69
59 55 99
53 47 1
61 32 59
31 49 86
58 18 53
75 6 57
70 9 29
39 89 59
12 78 41
50 68 43
48 59 49
85 58 74
43 2 74
38 18 49
48 54 74
45 93 83
32 11 2
28 55 36
28 79 65
51 34 22
55 59 53
52 92 64
45 69 7
87 48 1
20 50 72
36 20 50
46 10 66
61 6 99
34 49 7
34 6 73
35 41 76
98 24 36
21 13 49
74 68 92
88 85 31
66 10 2
23 73 42
54 56 3
64 56 4
68 77 80
85 60 3
76 85 49
34 5 62
97 67 81
52 82 61
46 3 1
42 7 63
37 65 100
34 37 29
36 44 82
59 61 78
64 8 56
5 63 73
14 19 38
41 39 92
76 32 91
75 3 84
8 68 78
69 28 18
87 77 44
34 66 55
36 78 1
16 73 16
57 73 85
87 42 43
39 37 62
80 37 4
8 20 7
79 57 32
41 56 8
72 20 38
69 0 14
1 27 40
48 63 58
24 89 43
99 43 33
98 26 2
16 29 40
14 62 58
18 66 56
55 95 33
45 20 69
23 75 58
98 88 64
4 91 48
77 59 34
48 82 70
30 57 3
83 71 61
68 66 4
61 1 63
65 10 66
61 33 78
30 94 50
40 97 21
31 37 24
58 20 81
41 20 42
45 8 18
41 86 77
72 35 59
44 22 90
34 76 35
71 57 96
29 11 100
72 1 31
82 27 41
3 92 33
97 71 2
49 82 38
30 78 34
12 92 72
86 88 16
41 60 15
74 1 21
17 4 75
15 50 50
38 71 52
3 1 21
0 13 59
73 46 94
50 31 91
51 42 60
14 61 38
91 99 3
45 5 60
31 76 5
53 48 20
89 96 15
42 47 25
37 53 38
25 56 100
47 75 87
84 75 98
57 74 81
28 34 69
68 85 12
82 6 3
39 46 2
36 44 89
44 62 26
75 42 3
91 12 97
79 99 69
46 63 28
46 95 76
12 51 38
30 33 47
21 55 18
52 35 59
27 29 56
74 27 22
32 0 66
93 6 30
79 66 72
46 88 32
3 33 65
40 50 66
67 76 15
35 29 50
10 11 37
8 97 83
66 74 25
45 48 86
32 68 73
63 76 59
0 13 24
61 30 64
70 6 81
80 22 91
28 96 26
48 33 50
98 35 20
86 82 53
74 33 15
64 6 6
79 40 32
80 26 96
40 6 39
26 6 66
59 16 14
2 89 97
90 62 83
87 44 15
61 71 2
21 8 10
76 15 42
52 53 84
29 31 77
27 13 30
56 76 80
13 77 75
81 32 38
33 61 92
0 77 3
42 26 37
18 67 83
46 25 62
6 64 74
53 18 6
33 78 39
53 21 62
43 44 92
44 49 36
56 28 84
60 2 22
40 92 99
53 32 9
4 13 62
11 61 62
96 15 3
7 88 69
28 31 93
61 87 55
80 89 33
55 1 94
51 42 88
11 31 81
71 82 85
80 66 47
11 69 86
90 8 73
81 35 11
74 10 8
53 19 97
10 45 71
54 18 65
45 90 11
36 47 23
54 70 34
69 13 80
7 23 53
25 86 36
11 59 100
95 70 76
53 98 47
17 40 15
94 17 59
57 85 23
95 50 63
14 50 61
94 85 99
82 50 46
43 71 50
52 63 71
18 41 14
15 77 15
89 65 64
15 52 84
36 85 9
58 67 59
69 8 78
69 63 40
16 54 49
77 6 100
49 20 72
90 89 32
99 66 39
15 66 75
45 10 84
53 16 75
20 45 48
41 52 8
29 20 98
67 73 18
9 73 86
80 72 80
74 30 54
63 18 82
74 53 16
92 26 56
85 10 48
85 48 80
49 71 97
27 66 31
54 82 99
46 60 34
2 31 97
88 81 45
98 15 86
57 36 94
42 97 16
79 16 39
32 93 23
53 41 81
50 95 84
98 85 72
53 46 5
39 43 37
29 76 69
59 0 74
2 63 94
32 9 84
33 5 16
24 9 23
87 33 55
15 4 28
90 77 73
28 18 96
23 0 70
19 95 3
26 66 18
53 87 14
96 86 34
88 45 21
31 20 11
42 84 34
89 72 76
5 39 6
48 77 51
90 45 19
61 91 50
86 41 83
50 78 86
96 82 26
58 40 61
52 49 8
13 30 40
70 39 73
76 55 59
94 67 36
10 52 11
41 21 76
93 32 26
76 78 80
13 95 9
66 86 15
72 10 55
88 79 27
26 58 86
93 52 58
60 8 87
42 84 32
90 32 83
60 85 55
37 64 49
65 64 24
30 64 28
85 74 42
36 82 49
5 55 7
92 31 92
80 2 91
76 6 99
36 98 41
37 16 11
95 37 93
28 85 8
56 94 22
2 95 34
84 51 32
21 91 73
8 30 90
62 75 27
82 12 97
91 90 90
67 34 56
70 0 35
65 22 51
24 56 47
34 75 23
37 47 77
44 89 9
84 90 30
90 93 27
92 5 68
56 82 95
29 25 58
1 53 9
62 20 34
46 31 29
51 26 59
30 52 57
95 35 50
55 79 42
98 94 50
68 48 53
3 97 92
28 59 55
29 88 96
8 7 35
55 83 70
54 5 96
96 95 20
88 65 45
17 15 78
19 73 37
33 69 18
52 95 10
4 32 11
47 34 82
0 53 27
12 46 73
30 74 82
14 71 97
60 41 59
24 53 66
10 0 28
74 71 73
34 99 37
63 9 20
30 80 5
42 54 80
37 90 7
47 59 66
12 75 56
86 61 40
63 49 60
72 41 18
4 72 24
63 35 25
90 48 64
61 66 79
64 62 76
64 83 39
3 61 78
24 71 19
4 39 78
15 38 94
9 76 69
80 84 38
84 29 55
27 4 42
33 90 71
89 31 21
9 61 9
24 21 54
8 77 96
76 16 71
77 95 78
43 37 92
43 22 74
11 53 52
83 64 86
61 30 99
57 95 78
64 34 1
0 97 46
68 14 4
40 27 28
29 95 52
58 28 25
49 27 55
14 25 19
96 9 54
16 2 16
61 35 26
26 48 72
0 35 19
20 56 89
10 66 52
54 79 16
60 62 25
50 54 61
52 11 28
67 28 49
55 28 17
96 38 11
18 71 11
92 31 6
86 5 27
68 61 3
44 80 88
93 49 91
31 29 70
21 73 24
7 1 72
40 67 20
43 70 57
35 92 82
20 45 27
58 1 95
83 7 29
62 41 19
5 55 79
64 83 5
28 78 11
17 25 4
75 76 75
26 87 14
12 22 50
76 92 89
66 39 7
80 98 25
57 9 58
56 37 66
11 21 70
20 70 11
9 85 99
8 65 57
28 50 53
76 84 20
39 42 97
49 48 52
31 86 41
49 11 67
2 51 21
87 23 49
40 29 72
89 16 35
12 35 14
30 39 10
27 65 1
65 17 39
15 19 42
13 29 63
0 5 65
40 42 67
80 7 16
61 79 58
39 14 18
93 71 2
29 82 11
26 79 54
15 83 19
40 36 44
61 34 9
24 35 96
10 7 22
44 74 9
42 80 63
73 61 51
46 87 83
68 88 48
75 57 4
72 5 31
99 18 37
98 39 42
40 28 76
0 94 80
33 20 12
90 78 62
27 73 84
98 93 34
7 61 42
89 65 10
93 38 39
73 80 77
58 9 80
17 43 7
98 91 83
61 68 66
44 1 80
62 78 67
58 14 11
44 2 14
73 32 26
10 21 38
76 17 33
8 92 58
96 62 59
54 2 71
16 75 15
60 95 61
56 81 89
14 65 82
28 35 98
60 55 23
97 84 46
53 83 96
27 83 38
53 62 41
87 42 64
78 81 57
39 98 86
6 97 91
27 32 79
75 73 76
73 50 99
86 72 100
2 52 65
13 20 26
52 31 48
35 81 30
3 16 91
6 88 60
47 84 61
97 16 70
45 91 85
31 18 31
33 96 3
14 47 90
25 71 13
17 60 83
26 29 80
17 81 51
34 11 78
67 96 68
35 29 85
63 56 34
7 92 19
53 52 66
60 43 43
58 59 40
23 4 51
20 82 95
39 15 80
35 38 74
7 99 4
58 80 4
33 38 1
82 46 93
73 22 100
98 37 89
68 81 28
64 26 59
58 97 69
85 15 62
4 30 47
44 51 31
47 68 53
61 97 67
27 14 73
43 32 43
25 78 53
91 62 91
4 33 74
67 94 77
29 75 98
82 81 16
24 11 35
20 75 80
71 60 66
63 52 3
0 40 71
83 79 62
22 18 86
20 14 24
82 72 68
35 99 47
6 96 86
7 48 50
67 94 78
58 5 32
44 70 2
67 13 49
20 3 29
0 53 1
46 15 92
57 39 72
41 26 44
7 75 53
59 98 2
57 51 11
31 38 18
23 68 73
57 33 68
0 40 97
57 51 61
68 78 12
70 62 8
40 27 88
65 23 38
95 91 82
89 64 3
19 31 58
41 78 47
22 13 35
2 19 72
85 48 78
10 30 4
81 84 84
74 48 89
84 71 5
22 53 93
90 74 37
41 12 18
97 96 71
94 23 82
76 17 2
54 20 9
33 64 83
18 28 82
60 7 20
9 21 52
50 63 59
4 80 41
37 42 95
16 21 14
89 6 99
77 99 4
18 59 95
83 6 17
69 18 62
35 96 31
46 40 48
82 28 41
66 1 79
57 52 74
13 18 27
45 83 50
8 10 31
9 75 62
14 58 19
4 52 80
2 64 45
43 68 55
17 53 68
1 29 12
0 67 5
11 19 63
19 99 20
63 42 15
29 26 6
96 14 53
92 20 92
45 30 83
6 50 38
48 84 64
57 74 90
47 97 53
84 0 62
20 3 24
95 89 38
47 30 66
72 70 59
10 6 57
67 56 31
20 16 44
54 18 1
71 68 70
95 5 62
11 29 69
88 92 25
53 16 57
4 91 96
42 56 27
98 62 89
35 86 42
74 61 74
76 55 44
2 67 15
10 79 38
53 43 6
6 24 39
21 28 83
97 77 84
98 21 72
76 83 67
87 5 82
66 41 41
57 20 42
41 49 36
27 85 65
23 89 68
24 21 81
60 95 4
22 42 18
67 82 20
37 92 65
2 26 15
16 88 100
62 98 99
36 12 32
9 26 21
52 14 44
4 31 83
56 63 68
29 95 68
93 64 82
97 0 66
75 78 15
39 12 60
29 13 69
83 82 57
94 48 2
38 5 93
8 32 16
85 57 40
71 88 30
33 67 34
72 6 75
93 69 26
11 64 96
69 73 42
86 52 37
5 83 100
21 94 81
87 69 47
65 62 43
24 62 66
79 10 20
65 77 60
15 4 89
79 54 65
30 57 19
15 6 30
68 64 50
52 15 59
35 67 74
70 45 49
11 23 45
57 38 82
2 23 61
41 68 47
2 57 61
22 35 94
12 98 44
26 97 35
25 28 39
73 47 54
85 13 78
93 4 50
89 53 77
60 5 25
76 22 48
57 67 19
69 51 80
70 7 60
61 51 74
11 39 28
88 40 15
58 8 92
39 38 88
80 32 78
37 51 41
78 43 57
71 92 56
14 27 52
38 29 36
88 73 59
94 60 35
39 5 70
63 44 60
82 57 37
6 81 84
38 78 63
13 33 79
20 28 79
95 96 17
25 89 98
97 30 26
96 41 60
93 35 99
0 12 38
32 66 39
51 9 37
63 14 70
88 72 59
3 67 71
26 1 78
8 37 1
56 29 54
87 55 75
54 26 59
18 55 45
45 51 15
90 47 100
42 67 66
81 47 53
52 41 82
9 68 59
65 67 56
57 24 22
75 44 95
38 43 28
32 61 90
43 91 96
25 81 27
34 85 54
90 31 83
92 73 17
58 36 57
88 57 91
10 23 64
55 86 15
87 24 53
94 34 42
61 66 91
26 22 25
3 96 13
53 21 70
38 17 97
43 18 22
96 44 86
65 87 92
70 58 42
24 35 53
9 89 34
26 55 18
17 47 35
94 12 74
88 19 12
53 36 78
12 81 17
94 50 3
63 40 52
47 0 42
95 92 32
18 55 33
15 21 72
56 39 91
15 20 45
62 24 61
28 97 26
10 48 14
7 44 83
24 96 99
3 53 16
69 79 1
46 21 44
96 2 30
91 75 21
44 48 74
21 7 63
77 64 55
31 2 93
17 30 26
25 50 14
88 15 26
72 66 94
34 56 95
35 46 71
71 58 94
42 70 38
77 33 11
32 15 10
65 10 35
11 30 43
80 71 90
78 33 66
7 25 48
79 17 40
45 48 57
75 24 48
65 22 84
57 7 64
59 29 23
3 39 99
64 21 52
8 31 51
83 95 3
48 95 91
68 38 71
16 99 83
43 5 20
18 14 12
12 0 61
56 34 53
5 44 39
68 31 2
70 27 40
91 61 100
53 25 11
39 6 91
73 9 71
41 32 6
16 94 72
58 45 37
66 77 77
36 96 70
65 80 26
10 30 62
82 22 67
44 62 67
29 79 42
57 64 50
35 16 12
95 39 99
31 39 87
43 77 48
95 68 77
78 82 95
30 19 34
41 98 36
31 35 45
18 75 43
38 10 23
82 76 70
72 81 20
61 64 35
95 2 32
69 99 100
46 80 21
52 63 69
18 86 91
25 88 61
99 67 4
19 23 46
24 91 68
72 45 90
66 48 36
61 52 49
2 85 89
4 81 34
65 84 93
63 31 98
12 11 98
16 86 20
87 95 61
92 29 60
37 76 45
32 8 78
67 44 98
8 92 87
36 67 15
23 75 90
87 17 47
32 67 77
98 17 99
66 67 97
79 55 4
87 94 41
41 4 31
97 55 12
88 87 14
63 59 86
89 58 86
83 47 56
54 4 91
7 12 94
50 64 97
7 43 3
48 34 76
76 99 22
35 52 54
85 38 88
16 73 97
36 76 22
35 41 47
51 92 32
54 24 85
51 6 77
5 40 72
16 81 14
74 41 12
5 0 78
38 93 13
20 58 93
38 29 33
25 6 99
34 38 39
79 5 78
54 85 38
95 98 21
15 29 94
95 81 44
84 4 35
37 48 58
32 10 96
53 88 84
95 37 71
0 10 67
6 90 32
3 79 82
64 8 43
90 38 92
30 81 26
20 64 2
44 33 7
13 57 32
55 27 54
91 50 25
17 5 48
19 74 3
62 39 12
78 85 96
57 12 4
45 99 4
32 15 60
51 36 27
97 1 73
86 56 57
95 40 60
35 82 4
91 53 77
76 74 25
89 1 68
23 98 42
42 95 89
74 6 89
26 9 77
37 59 52
71 21 26
74 65 47
69 54 46
88 83 27
13 4 18
50 8 40
68 74 19
50 39 40
33 15 45
10 5 2
85 7 39
42 32 96
45 94 25
21 9 17
32 67 62
85 61 33
8 89 45
60 52 3
22 60 92
89 58 2
24 72 18
96 47 63
8 6 74
21 45 55
87 81 12
24 80 59
46 79 83
77 60 16
70 33 96
27 37 18
23 85 98
29 16 57
40 98 73
1 52 45
27 8 15
98 69 2
76 9 64
65 47 58
51 66 35
26 10 21
59 84 74
79 40 87
60 30 23
45 58 71
37 19 60
12 7 25
16 97 65
97 85 81
70 72 10
82 47 65
2 13 33
2 34 24
62 54 61
23 20 8
85 70 16
82 55 85
50 86 25
86 60 87
91 19 34
44 53 68
62 9 88
28 65 63
64 61 74
17 46 7
39 10 89
85 31 66
15 47 31
29 7 47
64 4 27
31 73 90
24 77 34
20 94 65
74 84 54
57 27 48
10 87 84
75 12 24
26 96 71
85 16 1
52 14 13
74 28 39
1 88 68
47 41 73
30 9 71
45 98 67
23 59 13
26 27 22
86 79 14
16 24 91
80 52 32
94 29 99
28 70 48
5 8 68
91 11 20
60 54 58
7 61 86
23 45 5
28 97 53
46 18 32
42 99 6
36 3 86
53 3 20
67 68 100
20 71 99
76 26 73
82 43 93
46 13 55
9 47 62
78 19 1
75 90 24
83 92 78
82 20 55
89 11 40
39 3 68
11 70 4
51 37 46
95 25 38
47 20 95
54 64 95
79 57 8
26 15 24
68 58 59
55 71 45
36 56 26
12 1 46
39 20 9
12 52 31
78 77 65
77 35 27
79 65 5
88 79 2
79 65 67
68 16 3
52 56 58
89 10 39
34 32 58
70 39 100
86 92 100
63 91 6
5 49 83
44 86 84
41 48 88
59 74 100
40 33 63
45 14 27
14 63 63
15 12 56
96 69 90
80 55 20
35 52 95
82 11 88
72 16 31
12 57 97
0 34 91
35 87 29
48 32 17
16 3 62
22 2 32
71 43 1
13 90 95
26 97 44
45 4 45
19 3 49
1 55 26
14 49 49
18 2 31
96 12 55
91 59 88
5 6 21
52 92 90
68 76 56
75 69 87
61 74 76
39 25 94
20 89 49
47 50 24
52 48 9
80 94 90
42 50 47
35 65 57
21 30 92
24 56 48
31 27 55
16 66 99
34 56 39
82 36 90
96 48 76
3 50 44
94 19 79
3 64 3
98 11 50
89 64 4
86 49 71
12 84 21
78 54 59
39 59 95
87 94 71
63 21 76
11 44 27
71 70 29
25 51 8
77 10 65
93 47 22
54 32 89
91 81 83
98 48 65
69 5 33
56 65 63
52 14 25
77 34 62
40 49 91
23 39 94
53 50 35
31 76 31
7 40 26
42 41 10
92 68 16
91 77 72
37 47 5
8 87 2
31 89 40
67 80 28
21 9 62
54 27 86
37 31 56
33 5 34
69 36 34
41 9 11
2 61 20
71 65 68
76 56 86
96 27 88
74 29 6
99 24 35
29 28 13
9 43 14
28 57 11
56 92 94
63 67 29
57 28 4
48 65 19
42 75 36
68 60 34
16 61 17
60 24 8
18 70 97
42 75 31
8 71 12
4 56 4
95 31 81
1 15 31
73 15 26
26 72 11
50 20 75
28 17 55
2 17 54
57 1 58
96 27 29
8 49 59
65 32 60
46 49 32
32 75 23
3 77 47
44 58 50
74 98 13
49 11 3
68 27 78
83 66 8
95 0 73
14 74 86
3 95 62
42 97 86
42 64 6
58 16 18
32 81 13
76 31 23
42 54 59
60 61 97
96 18 51
52 12 52
24 79 25
51 96 74
88 90 21
93 43 32
50 60 92
91 62 34
35 29 67
24 82 24
2 44 83
15 61 20
7 11 4
29 67 79
87 88 76
75 80 99
91 13 79
30 71 71
24 69 51
30 53 71
85 27 56
8 65 36
51 67 42
78 79 4
39 18 8
57 82 86
56 49 32
64 78 6
8 94 70
23 93 14
19 66 51
55 33 100
94 34 72
11 75 5
58 34 59
9 11 79
6 90 43
34 65 85
32 26 1
52 21 5
12 90 55
6 5 9
84 18 36
55 91 41
46 10 91
95 92 92
89 74 86
34 12 55
32 95 99
68 11 51
39 75 5
19 68 96
92 19 22
77 76 48
95 5 16
32 78 46
58 83 89
71 63 70
20 22 27
84 39 91
47 74 90
6 20 64
62 56 19
55 19 85
31 61 88
45 95 52
6 49 22
39 13 33
58 7 50
49 36 22
95 25 57
13 29 74
90 9 75
54 2 25
40 8 74
14 83 97
59 20 8
36 87 48
71 69 98
84 80 68
74 4 97
86 83 58
4 96 38
17 18 37
69 81 90
93 17 44
83 63 94
23 61 41
9 28 38
63 64 88
73 20 87
83 0 89
15 20 91
82 75 64
65 39 3
39 90 92
49 95 8
46 48 92
23 62 32
69 65 90
4 1 28
44 10 57
86 79 9
74 25 90
42 95 36
1 17 63
94 61 48
86 16 36
77 53 59
66 17 86
74 88 56
37 2 55
76 34 66
88 35 82
28 71 28
2 67 6
11 57 31
97 44 61
64 24 51
41 85 41
66 82 41
51 31 82
83 0 90
49 71 63
94 55 46
46 42 15
55 56 39
53 9 26
12 53 73
85 22 59
9 60 20
20 55 40
48 62 38
80 20 19
31 86 8
28 12 89
2 61 63
89 24 63
12 79 100
97 72 14
57 41 86
17 60 54
26 2 26
63 1 16
32 79 85
23 22 31
82 70 10
70 36 78
45 27 99
5 12 50
48 40 72
13 58 50
81 62 56
3 50 79
55 6 53
18 52 87
46 47 24
60 65 18
73 3 96
17 44 85
72 40 82
11 25 21
27 74 66
8 89 80
67 64 79
23 37 58
14 82 7
15 34 87
15 62 74
87 28 1
85 48 12
18 33 78
30 76 14
42 85 27
84 13 57
68 51 44
39 98 11
7 25 56
68 36 71
45 96 39
31 95 67
89 41 4
57 54 72
37 67 36
6 56 73
86 74 64
41 18 98
92 60 51
60 19 97
62 84 68
54 43 66
83 27 40
61 23 35
7 18 33
54 23 46
62 29 49
52 29 61
84 53 73
76 26 94
27 54 53
79 23 60
43 5 89
95 86 90
38 26 40
77 25 22
40 77 9
7 70 68
82 34 61
77 84 15
47 51 35
0 97 37
24 15 42
79 89 75
86 35 26
31 99 76
32 37 4
52 6 79
53 29 62
76 84 15
70 26 27
90 85 88
95 59 89
90 49 68
47 29 47
40 54 76
14 21 61
30 96 73
69 82 33
32 54 38
95 60 73
80 42 72
35 10 45
19 43 65
76 9 87
24 92 20
87 84 86
58 22 76
3 51 61
80 76 20
31 46 81
82 88 45
8 77 7
14 49 23
47 89 30
42 37 59
90 14 96
72 39 55
13 45 68
1 71 67
35 67 19
74 44 99
65 82 36
36 35 27
7 90 10
65 29 18
97 95 70
87 74 14
64 17 3
67 78 81
94 49 49
35 36 64
40 74 33
18 72 86
89 44 41
0 94 70
39 59 98
0 58 96
72 41 46
0 1 18
47 42 58
21 25 76
72 53 99
43 19 65
26 30 67
8 29 52
25 39 96
75 82 66
43 50 39
74 85 54
38 1 14
68 24 51
50 23 52
89 47 89
27 4 46
61 75 76
38 57 91
12 2 74
8 41 66
51 74 16
17 23 69
52 78 91
36 29 68
80 81 7
71 11 78
10 66 15
3 12 36
68 37 61
43 85 96
13 80 8
86 19 65
39 80 69
80 44 36
24 73 90
9 73 47
42 52 51
48 7 56
28 99 2
70 40 92
79 90 33
0 31 86
72 82 84
45 81 41
21 79 45
52 46 65
2 32 91
32 33 21
62 75 36
88 28 38
42 81 53
54 35 21
32 95 46
4 42 61
86 10 55
75 50 7
63 22 49
84 15 66
41 85 39
55 64 86
53 79 81
62 95 43
69 50 18
60 73 70
88 29 89
14 31 12
92 49 66
82 4 81
88 39 64
23 40 19
20 49 40
91 68 77
85 19 64
41 93 58
26 86 67
43 35 29
12 59 97
73 63 46
69 43 20
67 95 48
94 77 79
14 95 73
15 78 13
13 5 73
87 12 84
14 83 53
10 80 22
32 96 86
57 35 68
0 54 4
10 72 59
43 78 63
57 44 87
49 34 97
1 97 13
11 52 2
59 29 50
42 81 41
50 85 33
15 87 97
26 5 35
23 40 94
46 26 18
71 84 25
98 67 7
50 92 22
57 0 55
33 81 54
45 25 97
30 83 79
69 64 55
20 85 68
38 83 28
46 6 80
64 80 62
70 26 65
54 18 11
82 73 99
45 59 46
34 64 20
10 95 25
18 88 97
49 76 79
80 52 59
30 77 49
87 70 80
97 87 53
50 51 45
15 36 59
66 45 16
60 97 14
8 85 56
26 85 29
19 83 86
86 98 44
10 26 17
25 48 93
75 28 22
68 9 1
77 84 93
28 16 43
87 21 31
3 75 58
28 0 84
98 82 97
22 89 70
68 56 79
78 83 33
51 68 94
1 33 88
54 79 64
90 73 98
69 92 80
6 73 56
55 69 18
18 79 59
86 94 18
50 54 29
57 54 89
93 82 98
4 6 58
60 26 72
56 88 62
28 13 49
85 96 68
80 50 63
58 9 46
81 92 32
0 11 24
13 9 47
55 76 25
8 20 88
93 41 14
76 22 28
68 36 40
94 70 69
89 50 60
45 69 15
19 18 65
87 20 49
12 14 89
55 34 4
43 68 21
67 79 4
99 29 53
56 53 18
59 30 21
1 74 49
79 74 22
39 50 72
77 21 55
9 1 14
68 7 61
99 78 6
42 87 49
53 90 75
36 97 82
74 33 81
92 94 64
46 39 12
48 13 91
31 7 52
79 81 27
68 24 61
83 13 29
53 12 78
96 56 15
86 2 32
19 81 80
76 51 55
73 54 27
53 25 71
49 36 76
29 46 51
27 82 34
78 5 60
29 34 17
92 17 86
4 38 42
56 54 52
1 24 90
32 44 17
40 77 34
25 88 17
23 51 17
96 40 35
65 53 26
3 1 45
65 96 44
99 57 90
0 45 87
36 71 24
31 40 91
9 78 56
91 50 11
30 21 11
75 67 88
28 85 74
51 21 57
13 1 5
93 76 48
63 71 75
65 95 26
81 90 49
76 55 22
31 5 35
47 93 44
82 42 98
67 6 27
55 57 12
80 82 57
11 84 4
35 49 54
7 35 52
69 70 38
37 3 43
52 41 49
44 72 25
80 34 83
54 98 27
72 67 10
55 41 71
62 42 51
24 72 53
96 38 47
79 66 48
51 86 21
97 5 40
22 7 64
36 75 66
70 46 34
44 2 20
61 85 76
7 56 73
92 81 86
66 7 52
8 32 40
92 88 36
13 58 38
98 71 7
85 35 84
40 60 91
66 31 100
59 93 26
17 35 84
60 30 4
34 11 10
49 98 57
89 71 91
50 33 55
54 6 45
4 57 39
57 74 63
43 96 79
0 38 98
37 49 56
86 12 96
33 23 14
77 21 48
21 78 62
6 58 91
17 14 28
24 26 1
76 59 16
95 76 31
94 8 1
92 66 94
11 52 28
72 25 68
68 29 18
30 85 93
99 55 55
41 66 57
71 17 43
94 42 18
26 49 60
83 95 79
38 56 15
11 84 67
68 72 21
47 39 46
61 40 8
63 78 34
15 48 10
56 95 8
45 81 46
94 60 72
38 11 40
3 78 73
55 58 65
22 75 99
17 36 38
20 1 36
31 29 97
37 16 57
3 24 28
5 12 53
74 85 58
53 68 40
96 9 25
12 34 51
28 0 58
45 31 50
2 18 44
75 21 97
39 99 98
53 41 23
4 67 5
97 59 40
30 74 79
27 97 11
96 2 37
95 26 48
53 74 31
31 45 19
90 77 88
39 15 50
51 4 79
18 0 25
22 8 90
97 92 57
17 77 56
63 5 71
94 99 12
16 17 18
86 89 82
0 61 13
5 48 2
33 34 36
66 70 66
29 85 87
40 70 14
98 24 17
60 33 52
87 74 23
30 85 3
73 89 75
4 79 39
37 22 36
44 71 80
73 22 46
66 78 93
88 89 8
34 54 46
31 60 1
90 96 91
43 68 87
14 53 34
43 71 25
64 87 21
3 42 36
42 77 37
25 71 46
32 79 87
88 37 90
65 3 58
42 9 47
58 12 9
22 15 97
79 54 43
32 35 22
47 15 21
32 78 48
94 83 91
90 44 32
42 95 19
74 77 90
70 55 40
79 15 86
62 34 72
27 47 85
40 30 16
5 30 52
70 91 12
13 7 42
7 94 38
53 95 92
82 16 11
1 90 23
11 27 60
38 39 47
44 53 67
79 25 39
17 34 64
55 40 16
64 94 14
51 44 89
75 51 42
72 33 63
77 30 22
35 30 17
22 44 44
46 14 22
56 3 69
89 39 70
25 76 28
7 96 37
78 11 5
91 94 51
26 91 65
19 33 30
61 24 12
32 95 66
89 90 73
20 2 6
