94 66 12
70 33 78
85 56 69
2 86 5
74 34 29
45 17 26
94 86 78
89 65 3
72 94 54
82 2 67
1 2 28
26 58 17
28 15 31
87 45 36
45 0 61
85 25 43
34 12 53
3 99 57
31 80 40
87 93 43
38 78 26
88 73 93
44 77 12
1 29 99
19 96 41
89 83 93
78 21 71
60 71 59
23 53 49
82 62 38
47 93 13
1 42 51
0 86 54
6 65 70
37 18 60
53 51 48
18 35 69
22 61 49
79 83 57
71 96 54
13 68 80
93 53 29
39 23 83
58 28 95
41 63 28
25 6 15
38 61 39
22 64 7
1 28 35
66 22 69
75 55 28
36 44 69
18 43 97
17 97 22
95 8 96
28 5 79
17 90 94
86 82 61
7 3 16
79 90 11
20 58 76
16 60 18
78 33 52
18 63 29
59 91 12
4 69 4
46 73 32
41 98 6
77 95 3
63 98 9
32 64 28
52 73 4
19 5 34
76 71 25
0 6 89
74 93 100
15 83 95
9 5 34
90 94 81
49 21 73
95 62 80
15 45 88
36 20 3
39 51 73
98 68 44
91 74 34
46 23 23
17 70 66
45 6 75
90 20 67
66 22 39
90 39 63
82 17 22
28 27 73
95 41 77
92 85 36
31 28 35
41 77 54
78 65 50
60 51 46
90 47 96
57 83 5
44 68 97
79 96 74
39 7 67
19 10 18
78 90 30
90 6 74
81 74 50
9 62 10
96 70 87
82 81 78
6 75 68
98 86 62
5 65 7
81 94 94
84 23 51
57 14 48
93 71 2
30 60 78
36 83 82
58 86 29
23 87 4
79 51 45
94 95 40
27 52 77
45 8 62
78 45 83
24 95 84
82 5 64
87 90 61
18 39 30
49 25 40
77 90 38
64 54 93
77 87 44
42 75 68
71 2 35
46 31 27
7 92 72
31 99 34
18 40 62
21 98 42
33 15 54
99 12 76
63 81 92
5 21 67
35 86 33
70 95 87
39 60 44
17 13 29
92 76 72
97 4 92
70 14 85
84 94 44
73 87 1
97 72 78
86 14 23
32 8 87
69 33 23
97 33 58
1 39 24
18 24 73
84 66 18
73 53 27
16 44 80
20 16 44
66 67 17
88 52 81
86 29 1
11 44 44
32 92 80
46 76 45
17 75 13
40 6 55
30 68 5
79 18 35
8 43 32
98 45 34
96 79 41
0 3 96
37 81 34
87 90 66
87 58 59
59 69 60
86 72 63
32 8 86
47 54 65
59 97 56
84 90 39
11 31 20
56 58 71
35 94 26
83 5 77
23 84 2
30 27 14
68 64 69
58 32 82
95 31 57
46 98 18
49 7 15
14 20 46
64 18 26
51 30 59
61 82 14
29 19 60
2 78 90
85 93 37
61 1 22
42 84 64
75 20 69
6 11 15
10 95 34
36 79 67
78 7 55
51 74 12
79 29 51
42 48 35
14 28 30
90 69 30
63 60 91
37 53 12
31 43 12
27 49 55
32 26 83
89 12 79
67 13 85
51 62 57
28 89 2
21 78 61
54 71 93
9 10 62
62 19 42
12 11 32
83 80 59
80 29 69
26 14 44
87 41 59
47 50 67
95 44 77
66 92 33
21 44 67
36 31 43
74 85 68
55 80 29
52 16 11
79 66 49
24 60 6
16 17 68
94 77 93
20 71 52
21 59 48
78 35 9
70 20 79
11 25 40
62 16 72
23 68 66
93 51 70
40 76 16
8 24 89
14 0 42
0 11 81
84 93 92
32 73 25
18 45 81
37 10 37
23 82 74
13 26 30
39 3 13
18 12 97
82 33 61
70 2 42
52 62 23
15 44 6
32 51 32
87 41 98
20 4 21
3 33 67
0 63 40
88 45 91
88 63 6
64 96 22
36 56 71
93 26 37
77 58 24
74 51 29
57 7 50
5 53 22
33 5 85
96 9 33
52 81 10
73 32 2
93 68 45
22 68 67
58 41 54
41 63 26
93 39 64
13 58 17
69 67 21
72 37 2
33 19 72
88 58 72
65 36 85
52 45 90
49 56 79
68 10 79
54 11 95
57 1 39
53 37 93
97 34 3
29 23 12
22 74 30
19 26 2
53 11 34
76 7 91
11 6 42
70 20 75
36 33 70
91 94 49
6 62 12
64 59 50
69 38 50
97 75 78
16 15 88
40 46 16
31 25 36
33 97 39
17 65 49
71 87 12
71 69 18
4 22 62
63 92 53
24 52 62
14 16 24
68 78 57
60 0 86
50 21 77
60 18 80
14 83 20
96 75 4
62 20 26
92 42 68
40 31 73
98 8 55
22 58 41
88 47 28
85 76 13
84 59 2
34 91 91
21 45 32
91 22 41
93 21 67
26 6 87
71 49 97
52 3 50
86 95 59
13 83 49
30 79 85
73 53 51
32 59 63
70 44 22
69 43 5
48 97 35
1 58 44
44 42 73
37 53 95
4 50 43
88 76 99
88 53 80
51 66 93
22 70 42
32 3 40
47 19 27
91 1 67
71 84 51
28 76 1
49 34 64
96 90 14
42 64 75
16 17 77
94 77 21
9 91 6
77 45 60
96 3 86
59 87 39
66 33 11
76 28 6
78 18 88
81 23 85
28 14 5
18 43 34
92 60 56
95 81 57
55 89 13
88 96 86
7 22 13
78 87 14
81 34 48
23 56 68
42 56 95
26 30 44
20 37 46
18 84 42
8 60 57
48 43 100
98 14 56
17 26 78
52 97 72
87 40 72
94 3 79
36 82 74
84 87 2
28 71 3
24 66 5
1 88 16
81 62 82
22 10 86
69 86 46
2 92 50
49 42 92
31 62 97
57 12 92
12 8 45
60 31 90
3 58 61
92 77 13
75 22 57
90 49 73
22 27 43
90 18 67
43 21 1
61 8 47
9 3 74
3 94 70
41 71 45
80 24 26
88 45 67
86 5 10
57 5 96
96 4 26
96 62 51
46 78 27
62 20 77
47 85 23
82 43 31
19 12 91
39 3 19
29 81 13
74 2 10
44 67 50
34 15 19
24 47 12
5 71 39
0 71 7
67 93 56
72 3 66
57 50 47
86 31 2
35 82 31
21 55 53
99 15 82
51 41 62
33 86 94
77 76 63
9 41 97
48 27 60
98 50 78
90 80 8
55 47 47
80 33 98
72 11 80
0 81 59
15 53 21
80 65 50
72 20 52
43 20 64
88 56 73
5 91 11
86 99 62
93 73 58
47 98 87
79 3 43
91 82 43
75 29 10
78 31 50
98 65 79
26 71 56
98 71 89
79 31 54
82 94 32
93 13 11
25 33 19
68 49 59
33 12 16
28 96 21
95 74 36
27 6 65
32 5 75
99 51 98
76 44 95
82 38 62
18 11 46
93 97 59
29 39 46
16 92 32
91 7 22
5 9 13
85 7 3
88 25 38
64 27 25
88 9 54
33 44 43
2 48 16
36 24 50
60 77 23
17 97 16
99 85 83
17 38 88
97 71 99
12 98 44
43 88 77
10 84 77
47 50 67
73 43 16
46 6 11
81 55 1
33 39 74
92 63 83
54 7 49
93 50 50
78 49 63
95 82 19
57 70 54
93 32 15
61 74 9
1 92 38
51 53 50
8 47 13
91 84 92
89 94 22
96 74 32
25 31 51
40 81 95
13 10 40
76 71 62
80 63 25
42 57 6
19 55 71
63 59 80
83 3 100
76 59 37
5 15 20
88 80 21
3 38 25
15 36 10
89 58 55
78 17 90
42 38 4
36 17 93
63 33 88
34 82 3
46 22 45
98 72 3
54 44 53
25 51 48
1 32 56
22 4 66
7 16 100
10 68 73
52 82 30
57 29 79
21 8 64
63 73 56
54 28 73
65 95 44
94 79 70
97 54 13
18 60 42
64 45 69
39 28 73
1 26 70
72 93 30
6 67 71
62 2 8
63 21 92
81 96 78
86 88 48
78 15 28
3 97 33
7 65 24
57 21 75
88 32 74
32 41 93
95 2 99
20 27 76
78 18 27
69 16 6
47 27 87
52 32 91
65 44 98
60 25 79
59 43 82
63 3 23
95 78 55
13 24 61
80 79 59
94 14 1
43 62 38
1 23 24
89 26 84
89 7 31
4 94 51
38 16 29
85 96 48
95 18 27
30 74 37
48 57 59
92 95 87
80 86 97
92 88 51
37 38 71
5 75 58
41 25 71
8 15 23
38 58 66
69 34 20
3 83 59
56 20 90
17 42 73
62 9 42
71 39 98
62 52 13
19 48 51
13 79 28
23 79 80
30 53 16
87 27 76
20 11 32
77 94 62
96 14 45
80 48 56
57 50 59
39 25 5
15 26 62
16 4 19
52 15 29
66 67 90
72 54 12
41 26 89
10 68 81
89 44 31
31 81 77
13 83 91
77 78 89
40 74 60
94 92 63
61 62 77
7 33 100
59 31 3
98 38 56
95 51 23
14 8 24
54 27 72
6 5 69
25 54 86
63 43 41
13 3 51
27 92 5
91 58 68
16 0 15
64 14 90
16 78 46
42 71 79
27 23 59
7 97 55
86 42 15
52 34 70
66 3 7
82 88 73
8 68 74
86 5 87
18 71 90
11 46 40
70 99 93
62 39 33
51 98 55
57 59 4
86 28 73
52 75 56
47 32 81
62 6 46
63 47 62
36 17 31
39 97 75
76 22 39
99 16 83
9 87 26
73 27 12
11 69 14
2 61 18
73 42 5
29 61 97
75 52 33
45 99 69
38 73 22
21 15 41
98 39 68
32 34 27
45 66 23
56 18 83
45 54 67
70 15 22
58 96 35
0 24 88
33 14 33
31 82 6
20 97 72
10 44 40
64 57 85
26 97 27
3 5 5
86 24 42
99 28 81
98 64 12
36 57 82
60 88 91
7 86 62
54 30 43
80 50 1
10 57 4
87 2 92
25 29 34
5 14 8
74 94 64
90 35 95
10 58 80
42 20 41
0 7 85
80 64 79
70 4 30
79 77 38
73 64 87
44 47 58
17 48 77
66 51 11
6 20 32
14 7 59
19 58 48
1 26 78
15 12 8
22 66 10
19 66 81
50 5 81
78 55 78
30 62 63
66 50 95
47 50 32
40 69 29
99 43 69
28 92 45
20 33 94
7 54 69
66 48 56
28 0 100
35 16 88
84 71 90
73 75 99
85 83 45
74 14 1
98 51 43
54 12 51
77 30 14
80 85 77
73 10 75
64 1 38
71 31 67
87 67 74
11 8 42
37 98 97
60 87 71
78 27 43
18 10 43
57 5 72
29 61 74
95 21 75
26 53 83
52 69 55
45 92 40
30 99 47
89 93 99
10 61 14
86 56 44
93 73 15
21 40 90
0 17 11
51 27 67
56 18 28
74 60 58
20 74 28
90 76 44
6 8 63
86 12 17
39 27 15
84 85 13
78 77 71
77 70 12
31 88 98
83 86 76
8 33 49
93 43 21
87 66 20
99 75 79
56 1 84
94 47 2
95 4 58
68 79 62
61 25 40
96 76 2
37 52 16
87 7 59
38 70 56
8 29 67
7 11 5
93 60 55
51 78 2
30 52 27
96 33 74
93 34 11
87 79 28
2 41 20
88 21 24
54 51 89
0 89 21
0 74 54
45 61 87
55 11 21
82 27 61
51 88 71
59 50 15
89 83 44
62 15 62
23 73 91
0 80 8
97 6 89
23 10 54
84 58 19
59 67 98
63 0 3
16 7 72
4 53 15
44 2 71
50 13 53
25 27 88
44 90 80
92 81 87
72 59 34
63 96 62
71 75 35
43 31 68
82 49 17
5 11 15
73 86 15
37 42 2
4 60 58
65 47 63
4 68 70
22 1 64
48 13 14
47 31 8
68 93 10
95 82 45
60 2 25
86 4 70
9 18 48
40 57 42
70 51 70
58 29 73
49 84 5
60 98 96
94 4 48
18 16 97
3 8 16
66 2 99
94 68 15
61 99 92
0 17 98
77 12 58
17 7 11
12 1 25
51 41 82
78 36 96
93 63 51
35 32 90
59 58 69
18 72 73
50 38 29
7 29 84
54 42 80
39 0 38
36 10 1
82 36 40
51 14 77
12 36 11
37 14 52
78 57 9
52 27 35
29 84 22
37 61 40
32 96 49
83 85 74
17 88 58
51 25 82
93 78 29
92 72 84
43 50 91
34 77 83
31 65 25
44 49 95
51 70 65
44 73 100
90 43 34
68 3 47
85 56 68
75 62 1
83 70 23
32 82 83
89 9 93
93 74 25
78 55 59
12 9 96
67 16 63
50 90 5
99 97 100
42 91 34
27 52 21
82 36 27
18 49 90
46 77 53
40 69 32
0 21 69
12 53 71
43 99 76
33 39 55
16 7 95
79 14 58
26 49 12
69 18 23
52 40 70
54 80 51
73 18 71
20 72 25
18 13 12
79 77 82
66 31 19
36 92 99
38 10 97
10 13 49
50 66 55
58 93 62
78 32 39
30 76 85
29 78 19
78 16 1
76 42 34
35 37 80
89 95 93
29 91 31
15 26 82
38 16 24
67 35 7
54 71 96
3 16 51
86 96 40
34 48 2
13 43 59
79 16 40
84 68 56
30 70 80
39 87 95
49 20 24
66 44 40
48 60 67
36 33 32
6 49 34
26 79 42
21 47 83
47 40 17
99 91 59
81 19 48
76 35 3
68 64 27
8 16 86
3 42 93
63 53 91
83 85 34
55 66 16
54 68 65
98 99 17
29 99 45
5 54 54
47 94 48
55 26 26
73 22 28
85 31 98
97 15 99
39 68 81
36 28 75
38 23 70
48 65 9
18 35 12
32 99 42
33 36 20
65 26 53
44 62 59
79 40 32
1 87 48
12 9 86
0 34 79
98 50 81
22 44 51
7 55 76
12 99 59
5 74 47
81 30 91
51 84 55
33 56 22
33 86 26
30 60 39
52 15 98
34 20 13
25 98 79
17 28 99
12 26 95
26 63 28
29 31 77
85 6 82
10 42 2
56 55 83
53 52 48
23 80 58
28 16 87
3 12 31
64 51 62
24 33 76
59 37 74
37 6 73
88 0 62
56 30 83
46 1 47
57 4 99
82 29 25
98 29 18
58 4 29
24 99 69
10 99 8
6 63 73
18 32 23
76 7 23
55 39 82
84 32 89
68 47 79
73 16 83
8 48 43
73 68 56
68 23 33
54 29 61
29 43 7
13 98 13
32 12 37
93 52 10
93 89 43
92 52 28
90 4 35
80 53 73
37 82 100
67 6 61
3 76 46
65 36 83
1 17 37
19 21 12
65 43 29
66 15 29
19 63 42
84 11 59
94 15 20
82 36 5
41 46 80
63 36 4
60 57 32
76 46 88
61 94 92
68 28 93
33 47 95
18 19 51
22 46 55
46 48 93
77 83 81
13 20 79
4 27 15
46 65 45
42 85 48
60 4 82
91 20 39
8 6 98
89 92 10
70 19 97
28 8 55
47 10 49
10 86 100
30 5 71
25 21 29
88 82 99
64 7 80
43 54 97
38 53 100
87 22 23
55 61 68
89 96 87
29 63 51
71 51 25
86 34 78
59 16 34
99 39 30
72 97 24
13 50 52
78 44 57
82 84 69
34 54 73
31 99 48
94 46 84
11 56 46
4 66 35
2 91 77
5 66 82
17 34 13
42 55 28
13 1 94
45 17 31
28 96 7
69 17 87
43 37 52
95 1 26
43 7 20
10 52 46
81 90 15
71 21 90
65 9 58
71 22 31
77 98 22
18 94 34
15 53 74
46 44 62
54 33 71
77 21 96
68 94 59
83 45 47
89 38 34
3 73 55
87 14 59
25 49 15
78 12 30
81 5 17
37 41 66
92 53 72
25 5 38
18 94 28
22 83 41
54 63 15
72 46 27
68 63 92
77 80 68
60 82 58
13 82 27
24 22 87
81 91 80
49 96 39
57 88 62
7 71 77
92 58 20
34 12 80
67 49 17
71 32 47
39 44 39
41 47 27
88 22 39
16 64 35
40 77 55
81 38 85
88 64 64
51 37 33
36 84 85
14 26 40
94 26 53
25 81 29
37 6 96
62 87 36
10 72 79
8 41 66
44 0 38
95 65 61
51 3 81
8 81 76
72 14 13
88 49 42
64 16 64
5 72 10
74 86 19
40 25 8
59 50 1
46 48 26
12 14 37
50 62 9
66 19 38
14 35 33
2 5 6
20 1 56
43 94 38
7 49 42
85 53 85
62 98 91
95 40 47
96 9 100
79 54 56
82 65 81
47 34 39
14 38 41
64 59 84
2 9 18
85 64 99
63 99 47
78 52 81
58 63 12
78 32 8
84 56 50
36 55 76
45 38 20
5 77 4
66 9 91
17 87 44
72 68 34
29 86 12
68 45 52
17 51 23
74 61 42
85 83 24
68 3 68
70 60 45
10 54 37
76 32 8
12 57 89
43 97 75
83 15 85
42 78 52
49 81 60
81 14 74
93 47 85
6 62 18
89 8 2
68 61 18
97 53 95
40 81 65
88 78 73
55 7 80
17 12 69
25 87 14
43 34 79
79 18 29
69 86 92
6 81 16
79 21 37
83 27 33
12 60 54
6 87 63
33 43 27
90 87 87
90 19 93
90 51 30
12 19 6
63 61 17
29 8 80
32 88 36
49 94 69
77 1 59
99 7 50
25 26 49
45 92 36
41 73 19
59 17 79
52 0 98
25 39 34
73 96 50
37 47 47
57 76 90
76 33 75
74 53 79
24 3 3
59 76 14
2 49 23
34 9 20
6 18 31
26 38 4
59 30 7
9 57 86
15 0 53
69 50 97
88 60 85
11 64 79
23 97 64
4 40 2
25 8 26
28 8 47
95 21 73
26 0 89
33 15 35
64 40 37
80 51 39
46 43 45
72 19 74
76 20 75
2 26 58
99 87 35
54 74 49
57 90 1
59 40 89
67 11 87
62 16 13
53 94 99
87 37 33
64 42 40
97 95 16
44 62 9
9 12 55
67 13 5
17 38 96
86 81 92
57 53 43
43 65 81
2 48 27
42 96 60
6 32 83
60 35 61
67 95 52
15 79 100
43 42 23
46 83 85
27 45 26
59 73 67
80 66 18
92 76 61
79 54 1
5 20 14
18 34 34
75 93 38
77 21 34
50 97 46
29 0 93
49 57 34
95 29 39
18 27 92
83 3 59
6 21 1
57 16 10
53 19 43
71 48 41
58 35 29
33 31 56
5 7 11
39 83 76
72 96 45
68 77 22
7 21 72
89 23 3
19 50 55
86 80 84
4 52 83
2 26 5
1 23 93
40 90 33
94 55 34
33 84 41
73 67 64
57 8 30
20 98 94
64 6 38
29 82 38
55 81 47
14 60 6
62 19 1
59 25 4
46 76 100
71 99 29
24 40 21
97 90 38
72 81 6
18 1 31
1 3 79
80 45 47
87 85 43
88 61 14
30 42 33
32 68 46
51 21 79
17 20 19
3 50 22
49 91 87
11 70 29
14 69 32
50 52 98
7 3 35
59 20 99
41 3 35
75 18 71
44 40 50
17 1 99
32 34 65
94 51 84
79 95 67
65 3 55
36 34 10
14 87 80
92 34 54
46 62 17
2 36 86
31 93 23
55 9 38
10 63 76
48 77 76
23 51 62
63 41 58
89 7 19
94 45 11
57 9 21
95 59 38
87 96 92
85 65 4
35 67 95
17 14 96
65 55 56
13 57 72
6 8 41
7 55 76
49 96 32
42 78 41
35 78 91
15 40 29
91 12 89
5 66 76
1 71 28
54 72 79
7 10 10
41 43 10
90 36 62
55 71 50
28 96 90
2 70 37
91 21 2
92 30 56
58 25 81
82 14 19
53 12 33
97 58 34
36 40 97
93 42 19
54 71 52
25 65 74
29 77 18
70 14 4
20 17 95
93 8 21
65 43 19
81 5 96
58 73 59
20 35 29
5 24 60
41 91 58
52 19 74
15 46 41
98 93 86
26 89 15
92 15 41
39 60 21
74 27 80
3 93 59
80 48 86
42 95 4
14 95 47
19 56 99
28 87 21
43 91 71
39 77 98
77 87 37
63 86 21
81 57 73
28 88 80
14 74 52
10 5 43
87 40 38
38 94 21
15 97 69
41 86 1
14 70 1
58 8 57
53 86 100
85 80 9
0 20 58
57 76 60
50 88 14
40 78 78
26 28 93
90 84 67
34 25 25
76 93 61
33 81 53
4 99 32
66 61 94
87 58 90
33 50 41
0 50 64
77 7 92
76 6 97
59 44 62
57 1 35
49 51 7
71 64 96
73 2 49
91 39 54
76 86 22
92 2 42
88 86 91
19 28 97
32 58 46
78 27 93
46 13 35
57 99 84
56 89 51
30 65 51
26 48 96
88 38 70
71 37 50
27 98 67
2 50 93
87 74 17
44 39 39
28 50 53
43 69 53
94 64 9
97 83 46
0 96 66
88 20 99
0 72 83
1 57 21
14 7 99
37 45 64
36 81 93
2 93 7
88 13 81
43 85 74
13 30 82
17 29 71
21 1 72
45 53 94
27 82 89
19 75 63
38 90 9
12 81 28
51 3 96
66 85 57
46 35 63
26 63 29
26 59 71
72 70 93
42 97 73
80 37 62
1 2 63
82 29 26
78 13 32
29 99 11
8 52 12
86 75 64
6 52 49
68 25 28
41 18 14
97 91 25
63 55 22
86 4 20
31 75 48
55 91 56
61 24 68
62 20 36
77 32 42
98 77 33
81 76 54
80 63 51
7 83 81
45 91 66
72 5 85
48 65 54
30 40 35
70 26 59
62 39 50
38 11 22
10 66 43
43 64 1
53 14 81
24 9 92
85 19 46
99 50 45
59 36 78
0 14 34
10 26 27
56 95 98
13 72 32
46 98 23
36 6 33
57 26 41
40 61 24
9 20 36
70 73 35
59 40 74
89 98 43
42 62 73
65 6 23
81 76 13
96 20 69
19 83 17
53 26 36
67 60 35
97 90 94
61 44 69
12 67 59
52 5 33
92 33 38
56 35 53
20 51 85
16 61 11
47 99 82
96 21 14
16 78 20
94 49 17
63 66 1
12 38 57
43 50 44
13 43 68
40 10 54
97 75 53
17 79 45
61 18 9
78 84 41
77 75 16
47 64 39
36 73 71
48 74 52
69 91 91
42 52 25
58 49 8
39 83 60
22 73 12
27 55 47
54 79 89
17 64 16
31 73 81
94 28 26
61 3 10
28 86 67
82 56 14
86 68 3
97 0 25
51 28 15
57 9 21
73 70 53
2 60 12
8 85 65
23 61 70
21 54 35
64 0 54
47 11 3
19 30 75
51 76 43
13 85 47
11 22 52
19 9 1
28 25 16
47 46 30
4 11 20
72 34 5
83 97 4
59 54 4
33 38 90
26 17 18
45 81 90
32 72 84
51 7 75
60 99 3
56 12 54
79 63 79
27 77 48
83 94 38
70 53 79
0 97 52
53 77 11
55 54 68
49 99 81
66 25 100
50 58 35
43 65 37
82 77 45
1 81 35
16 86 43
37 33 71
59 18 75
36 92 61
73 37 66
82 90 47
91 45 31
95 78 44
35 58 61
25 3 44
16 62 24
38 66 40
91 71 57
63 75 100
75 60 53
67 89 42
13 70 71
27 30 18
65 67 57
99 77 10
91 3 62
35 52 89
74 58 91
51 91 52
29 78 56
18 83 47
76 26 51
3 31 38
22 12 26
91 4 97
69 43 2
89 95 63
14 13 18
51 84 95
5 20 37
3 12 93
72 88 63
15 5 34
90 22 51
20 9 28
34 67 1
37 95 38
43 86 80
80 41 67
8 65 49
7 17 99
60 44 8
0 35 3
31 39 93
27 21 19
80 31 41
53 84 28
67 52 33
84 98 53
43 42 95
67 99 92
82 16 36
84 21 34
15 56 38
58 41 60
55 3 58
95 2 23
8 75 24
58 82 74
58 76 47
14 62 81
95 27 75
68 60 84
24 65 75
36 32 100
82 8 27
93 98 39
78 85 97
53 9 79
74 69 22
27 62 57
93 23 27
44 27 73
29 41 59
29 92 54
28 54 80
81 50 3
28 23 89
24 42 69
13 83 24
77 98 3
40 13 56
29 71 87
86 14 89
78 25 74
29 77 1
19 23 11
19 41 2
54 98 70
48 12 20
89 46 65
66 82 89
23 96 50
71 89 94
76 78 27
23 71 7
97 41 18
44 7 55
68 51 78
3 45 68
6 55 10
54 75 85
73 6 77
56 83 53
88 83 8
98 54 47
82 84 55
26 88 17
1 7 63
54 97 57
42 12 90
83 3 27
1 96 38
43 48 5
8 0 99
35 86 45
13 99 78
92 64 77
23 86 50
90 92 70
84 46 88
64 53 47
37 29 94
14 63 21
66 7 79
64 24 53
80 22 8
32 7 91
66 81 48
36 35 71
91 8 10
3 60 10
75 70 33
95 15 14
82 99 100
57 87 7
29 18 46
99 46 58
73 13 6
95 99 94
69 3 91
93 4 20
30 15 17
75 29 73
79 20 19
13 40 62
78 35 39
69 53 92
61 36 67
26 76 32
58 87 25
11 14 81
88 58 54
98 38 3
27 14 27
74 9 89
31 32 12
98 54 85
84 66 93
48 78 66
20 65 74
98 29 25
94 99 78
87 56 3
82 19 60
23 48 34
49 90 71
84 6 42
62 93 66
25 78 47
34 32 18
92 12 51
18 20 18
84 13 13
97 92 81
32 40 76
32 66 100
16 40 90
49 55 87
30 89 9
53 28 14
75 62 51
17 4 67
11 57 88
70 14 50
72 34 9
63 58 49
80 88 82
52 37 97
65 29 32
12 38 12
23 90 95
84 89 77
26 51 18
11 86 49
34 87 9
41 0 81
12 73 53
83 86 47
42 47 5
67 47 44
30 80 90
32 99 93
13 41 36
90 7 92
58 83 29
94 5 49
44 22 74
86 18 81
51 48 54
80 3 3
34 75 94
52 23 57
0 11 43
52 97 79
8 3 7
73 94 55
43 91 79
72 86 56
7 81 30
98 34 31
18 4 82
50 5 6
42 5 7
94 37 45
30 56 40
66 30 93
83 27 91
50 51 15
77 5 53
88 3 87
71 24 94
49 68 98
36 7 98
1 48 86
73 12 49
13 87 57
43 1 34
65 23 82
78 4 79
2 16 67
58 85 73
58 6 98
67 12 4
75 57 79
13 4 98
88 62 82
49 17 70
90 74 45
9 27 97
57 89 26
30 28 31
44 70 18
77 38 43
65 17 59
9 18 29
27 21 9
67 41 22
19 53 65
54 72 86
96 75 10
42 12 70
59 71 25
79 36 29
33 71 87
68 31 55
15 19 79
91 70 41
29 32 12
77 21 9
36 15 72
41 51 63
1 30 55
72 91 2
65 98 33
96 58 6
29 45 40
87 81 45
81 51 21
97 35 95
44 16 90
16 1 83
23 43 69
65 34 48
93 43 34
47 19 85
66 19 12
46 8 36
94 46 37
29 92 39
16 0 65
41 68 6
24 11 86
91 59 8
93 74 65
75 44 60
75 51 34
72 74 62
80 27 17
17 60 43
21 9 63
87 7 21
60 50 56
21 84 65
29 63 71
61 85 16
81 35 87
94 63 91
9 2 25
16 11 29
8 42 89
75 64 1
56 96 91
2 4 71
10 56 35
61 57 31
59 12 19
9 5 93
56 77 78
16 71 65
59 27 32
84 21 50
91 37 56
85 72 3
68 19 38
50 6 87
79 63 68
39 29 12
68 38 58
35 81 66
47 5 33
94 40 10
19 85 68
92 99 21
72 74 31
52 22 35
73 82 56
52 36 7
19 36 97
63 49 3
14 15 99
22 62 56
96 16 28
48 4 37
10 85 22
77 50 50
0 61 100
48 41 76
0 74 49
96 19 57
25 30 24
83 9 24
29 23 30
50 80 95
78 89 12
94 64 81
97 98 90
5 80 41
93 14 56
18 19 56
86 23 88
48 21 47
96 48 10
24 50 60
42 55 37
83 26 58
16 14 60
66 23 97
68 62 17
5 26 89
65 93 91
31 49 77
20 42 52
57 66 34
44 38 36
90 75 4
91 66 62
57 75 96
63 93 28
47 85 98
68 23 12
35 81 11
6 78 92
44 9 55
68 83 22
48 88 70
75 99 19
44 95 55
74 3 38
0 37 28
8 98 79
63 6 24
97 20 48
5 66 41
75 36 48
1 35 86
48 83 13
45 99 64
27 64 44
36 44 26
86 69 91
76 44 76
61 51 21
1 47 43
6 58 62
94 31 21
29 9 49
55 98 77
46 52 9
81 3 49
94 52 27
77 58 23
45 61 43
42 24 63
50 88 4
10 39 32
72 54 29
67 83 91
64 92 12
14 34 47
57 36 18
86 1 96
88 81 23
27 15 89
35 14 85
84 20 84
0 77 35
14 3 16
11 49 44
17 70 87
65 42 3
33 2 66
44 84 29
88 98 7
58 81 20
46 6 83
1 11 91
68 2 15
66 91 1
86 99 81
67 27 19
55 14 62
48 55 94
88 39 10
9 78 64
66 55 42
87 10 65
60 87 87
26 90 62
33 43 91
84 7 71
85 36 27
44 13 70
43 33 87
20 70 82
83 76 62
22 36 84
19 74 73
68 56 100
62 29 2
83 9 14
36 99 86
27 34 89
12 35 34
8 78 4
11 83 58
39 28 87
66 30 3
50 25 13
51 62 36
96 5 6
11 34 12
62 24 10
67 24 76
89 47 14
93 22 89
57 46 79
15 93 63
41 24 82
58 57 10
5 63 74
36 70 42
56 53 15
16 29 49
33 8 61
86 9 25
35 56 3
31 37 37
27 68 99
37 13 50
97 78 98
23 98 40
86 25 40
89 97 47
69 27 50
8 69 38
39 87 38
45 90 24
1 88 37
72 58 1
73 64 24
40 74 44
4 62 8
98 56 99
61 40 16
31 34 56
44 87 40
48 6 83
0 7 90
92 17 38
76 9 18
51 53 36
99 41 62
64 52 53
84 49 32
58 32 3
49 36 59
83 90 97
74 97 67
53 5 48
33 1 19
0 72 24
53 2 57
77 70 5
2 60 42
69 90 64
36 26 71
27 40 67
51 34 19
68 50 44
25 21 21
77 96 54
32 50 46
13 78 10
29 63 58
41 69 96
70 40 91
17 73 61
53 91 75
96 41 89
52 16 98
51 42 73
43 24 100
46 99 30
28 70 87
2 61 32
2 94 69
53 7 29
53 83 33
11 19 100
20 50 7
0 85 65
56 16 32
32 14 79
61 25 75
23 72 100
97 94 90
78 87 75
74 83 65
77 79 13
75 42 76
76 34 72
25 69 86
53 67 48
24 66 6
98 44 35
80 95 55
14 99 85
87 38 37
22 68 97
16 77 30
86 57 52
69 77 74
45 65 82
27 39 84
62 25 28
27 80 70
10 8 36
54 87 25
53 12 66
42 38 86
43 34 16
86 51 68
3 9 30
77 62 5
33 1 64
11 37 71
21 24 57
23 38 25
4 51 10
67 3 82
18 93 22
4 48 76
83 92 60
37 91 13
52 54 74
15 67 99
2 57 53
21 36 32
54 84 51
87 88 54
6 43 37
35 88 78
26 60 66
92 95 6
42 26 58
0 96 66
96 66 54
85 30 7
88 7 31
93 5 73
98 12 2
6 1 58
78 68 94
76 60 99
94 97 96
23 79 48
92 86 22
54 27 82
70 2 100
40 20 78
38 39 46
23 59 16
23 6 35
38 4 85
71 11 93
9 68 37
26 34 18
24 54 21
66 97 74
39 32 59
72 30 21
95 19 25
73 46 41
22 77 3
36 51 73
19 77 50
69 68 97
69 9 38
91 27 27
21 19 94
77 25 61
82 56 41
24 91 93
90 62 54
30 16 22
10 41 86
14 58 74
95 3 87
3 38 69
63 10 7
48 97 89
0 45 37
65 54 50
53 66 25
27 22 3
28 70 49
68 39 46
22 12 78
19 39 24
38 78 49
66 95 48
27 74 42
92 48 69
10 34 55
84 0 87
91 36 24
44 14 24
27 80 95
71 39 78
68 64 96
35 26 88
48 33 59
55 30 9
98 16 36
59 49 67
10 11 64
64 39 96
43 67 7
42 54 10
92 97 11
96 87 70
21 88 47
37 19 80
24 33 10
53 85 32
55 24 27
71 86 76
67 6 77
28 20 12
95 94 74
31 20 98
43 55 58
1 95 85
13 18 79
19 87 89
0 23 84
49 15 77
8 92 13
14 25 59
0 83 80
11 4 23
83 96 44
13 86 16
9 38 1
44 66 99
15 68 18
27 17 68
39 56 58
60 16 72
81 16 52
66 24 25
3 87 59
53 63 24
4 93 61
11 86 66
2 39 82
21 71 7
35 9 5
86 97 43
18 84 93
80 21 46
72 11 95
10 50 17
2 34 16
76 26 19
32 25 96
40 49 25
99 5 23
58 70 11
40 78 23
66 59 22
46 27 25
26 87 11
55 25 18
48 99 88
77 39 66
11 17 32
3 5 44
15 85 17
59 24 56
5 41 89
62 66 35
15 65 6
32 76 89
28 8 92
4 79 70
16 50 86
35 31 16
74 41 98
77 25 94
68 16 83
98 0 61
93 72 12
94 11 97
75 54 54
39 74 75
95 88 64
42 69 67
84 57 82
28 7 74
34 70 72
44 86 30
68 49 81
74 42 63
32 43 57
28 32 46
25 97 56
40 64 64
4 58 59
45 10 70
81 67 12
47 23 56
52 62 57
78 52 55
69 59 50
30 59 79
88 24 17
22 8 81
89 29 12
75 93 44
36 55 67
75 48 68
70 93 93
46 5 96
37 24 19
87 21 1
56 65 84
82 71 4
17 72 29
61 72 18
46 15 84
78 75 87
57 97 84
67 63 57
27 3 68
50 91 69
93 61 31
73 15 33
7 85 67
13 62 71
72 43 56
26 88 75
79 31 15
44 78 72
40 28 99
15 30 47
54 69 5
37 26 18
69 33 56
80 28 7
46 53 12
79 22 15
70 99 16
79 55 54
95 66 25
59 45 59
74 97 14
53 26 70
51 86 47
55 14 98
71 31 30
82 16 80
66 16 3
50 43 91
0 16 56
97 18 12
9 17 12
27 39 67
76 36 63
51 68 37
62 94 74
4 38 93
89 71 68
84 75 43
75 95 45
80 28 7
67 66 42
83 81 65
57 39 66
22 7 86
20 41 60
33 81 11
91 88 86
61 6 20
97 80 27
27 17 56
88 86 7
80 54 10
95 87 86
80 50 61
93 68 79
82 67 29
12 8 35
89 87 4
97 79 62
27 64 98
9 59 19
58 11 96
44 99 8
57 65 78
74 69 78
63 62 51
95 85 57
42 51 28
77 54 55
37 94 12
79 53 86
89 62 41
26 61 3
3 19 59
59 94 90
13 55 47
23 67 81
6 80 86
0 11 22
82 95 23
33 96 30
93 90 17
24 74 82
42 70 13
33 6 50
82 92 57
94 82 20
43 29 94
25 64 76
37 68 96
94 48 46
86 83 59
42 54 5
3 41 93
69 48 72
57 18 24
70 47 13
14 9 100
89 28 7
99 36 77
78 4 23
85 50 87
20 27 99
53 99 55
92 89 43
55 38 7
14 96 29
45 38 4
92 54 60
37 0 15
24 65 85
79 68 76
49 91 42
1 30 19
79 89 66
96 43 43
78 86 98
25 61 7
91 21 30
74 4 31
94 42 92
19 87 55
14 76 66
54 74 80
66 61 27
66 93 54
56 65 40
65 88 99
13 99 14
7 37 26
9 41 74
30 53 32
22 70 91
50 71 71
42 74 74
10 11 20
47 17 64
67 97 100
34 71 98
51 40 71
70 12 52
33 11 23
77 65 65
14 74 44
86 27 47
81 33 17
14 87 77
83 34 10
59 67 55
89 68 83
78 45 86
43 64 99
55 95 89
24 65 12
84 5 20
41 30 71
8 16 5
14 7 88
14 58 92
15 70 39
87 72 42
16 90 54
46 79 55
24 53 73
52 46 48
86 72 1
77 41 65
34 47 68
0 50 47
19 76 62
5 75 78
66 37 86
13 92 21
42 50 50
74 31 78
27 1 93
49 92 12
19 42 33
96 84 71
31 11 42
2 60 45
19 55 80
89 78 19
26 14 4
22 28 78
12 16 82
37 76 20
3 40 68
24 68 33
70 33 10
2 71 38
69 37 89
51 7 40
80 24 94
55 64 9
22 86 46
85 3 9
34 7 54
7 50 76
98 79 63
7 63 39
91 80 47
75 32 4
89 52 82
86 39 86
61 62 15
65 16 11
71 93 19
51 79 77
81 20 3
69 37 3
70 61 16
41 29 33
52 61 29
39 92 84
86 8 60
60 73 34
70 32 73
56 15 62
92 4 13
19 40 39
35 92 66
43 44 22
84 1 56
83 53 55
84 20 54
8 45 8
50 87 76
35 65 74
97 80 83
39 79 77
5 66 56
60 82 10
74 35 15
34 9 74
52 81 47
9 43 94
83 54 35
66 15 44
53 31 90
61 10 65
73 94 60
9 83 84
58 29 30
7 60 48
85 60 14
51 78 16
95 42 86
33 54 55
91 17 81
50 19 12
28 72 51
72 15 98
96 20 80
29 21 9
21 48 46
78 29 78
79 30 47
1 16 8
73 36 9
18 59 14
62 67 35
47 88 12
52 88 16
55 36 74
20 63 8
69 25 90
42 89 64
89 34 74
64 15 89
76 22 70
28 76 27
51 95 86
40 60 25
50 64 74
64 11 39
58 84 14
27 71 89
79 75 6
43 49 77
49 30 5
81 1 28
42 4 76
10 92 31
7 23 59
67 41 64
33 71 61
82 45 82
46 18 12
51 96 90
26 32 20
85 18 1
33 80 78
31 98 53
94 41 65
49 48 18
41 38 86
14 61 88
44 98 27
72 20 76
88 60 92
0 83 78
52 73 60
87 97 100
73 32 85
70 32 55
44 73 99
85 9 21
77 73 51
86 8 64
76 23 69
72 48 30
46 83 21
98 47 5
50 40 16
27 70 94
21 39 40
96 87 19
25 96 55
52 70 1
15 50 35
53 34 99
86 83 35
7 84 64
11 53 84
29 64 49
26 13 55
73 49 71
89 41 6
34 12 14
77 97 8
81 21 66
60 56 20
75 15 30
10 37 82
22 35 24
48 98 33
15 28 54
39 57 99
36 32 85
58 46 84
57 64 24
88 17 56
30 33 99
73 10 27
31 12 28
76 45 24
44 92 16
13 99 74
52 51 45
81 33 16
70 12 50
29 66 52
58 87 42
91 47 46
22 42 36
33 95 44
22 84 91
55 89 59
84 8 33
63 16 58
5 25 22
97 76 52
47 29 64
97 41 62
27 43 34
67 52 21
95 11 43
75 72 59
42 33 44
62 97 44
46 72 97
47 40 54
56 57 39
55 64 88
68 4 79
46 75 54
30 18 10
20 19 90
29 88 49
7 40 71
59 94 18
10 18 6
66 8 23
68 23 30
1 87 82
98 11 20
15 43 34
89 45 15
27 46 96
39 97 6
4 53 58
17 33 35
83 94 13
99 9 80
2 55 15
15 97 14
35 9 64
27 2 71
85 46 28
25 12 81
32 29 51
85 24 12
5 25 61
44 81 62
74 23 72
80 16 14
78 73 86
56 57 68
99 98 77
67 62 40
13 71 18
9 55 13
23 77 59
27 7 59
33 98 78
16 6 95
57 67 9
44 11 51
3 92 51
31 83 30
53 39 68
64 36 8
82 77 36
18 97 61
42 88 46
46 29 34
98 51 60
63 25 41
91 64 36
65 26 71
32 61 53
26 8 28
53 69 93
97 24 36
76 88 77
38 36 7
67 62 2
48 49 72
4 44 26
88 30 61
7 56 32
26 34 48
17 51 38
66 80 96
53 24 69
30 77 77
75 29 44
92 37 9
11 17 75
41 6 35
12 71 2
59 62 77
88 35 47
21 78 82
2 31 60
20 25 44
30 54 94
71 24 76
56 1 38
83 49 70
90 17 76
85 69 69
71 2 42
26 21 59
4 3 98
50 92 68
55 45 65
14 89 72
66 4 90
4 47 50
94 85 91
37 32 46
96 90 69
67 10 44
54 0 99
42 50 14
91 26 55
64 18 60
22 28 54
98 29 27
52 64 33
66 57 21
78 15 7
82 78 33
1 88 55
32 86 100
5 17 82
2 31 91
4 55 7
82 18 59
93 61 98
25 49 11
85 30 21
86 94 97
65 9 44
56 3 39
66 71 43
10 91 99
44 38 19
23 21 51
46 48 98
84 44 70
91 61 51
22 71 23
35 91 87
93 31 98
42 51 90
58 49 89
37 32 12
23 33 71
28 64 72
28 44 96
8 54 42
10 29 95
23 7 12
7 88 38
38 5 84
9 51 11
79 66 79
30 36 19
19 60 31
43 49 43
23 78 82
68 88 15
17 20 25
41 25 6
39 69 85
9 85 39
75 53 4
24 87 27
81 88 82
46 87 29
35 50 95
65 55 31
18 80 25
89 85 10
0 12 24
36 28 47
10 37 44
3 77 4
95 18 93
18 71 65
92 71 43
83 49 70
42 64 14
17 19 75
3 61 91
16 61 84
79 42 37
26 14 96
2 23 16
71 83 43
37 96 48
23 70 76
71 56 19
83 24 30
96 69 56
19 94 23
4 6 69
78 36 62
4 41 46
92 34 70
80 70 37
16 18 10
69 40 78
8 18 11
4 23 92
19 98 23
44 5 1
92 3 63
77 67 82
22 54 18
37 20 64
41 82 21
33 42 25
52 60 41
13 56 86
15 20 16
26 60 15
73 34 66
25 1 11
5 9 39
79 84 61
82 36 22
51 94 11
95 37 66
68 51 18
0 92 2
60 40 77
58 48 41
39 50 46
26 20 53
87 35 11
42 17 8
97 75 82
55 1 73
72 79 77
16 81 65
95 56 23
55 30 30
60 84 90
57 29 78
52 42 88
11 53 64
62 99 94
73 7 97
81 58 58
40 5 10
62 13 77
81 92 43
66 39 46
66 73 56
12 94 95
19 33 71
57 0 22
30 93 9
8 23 57
61 80 23
25 23 44
34 24 40
81 21 91
23 95 37
6 11 53
52 82 8
54 10 63
41 33 77
88 54 98
18 71 97
17 74 67
38 29 48
38 7 17
94 64 22
7 44 75
94 51 26
56 83 42
5 67 22
61 80 15
85 40 89
17 11 57
7 67 43
27 69 72
64 94 64
47 1 37
1 10 84
46 55 54
21 83 3
41 4 59
23 87 48
48 9 21
87 48 13
40 79 42
2 67 60
0 77 64
68 11 73
49 7 22
19 55 71
43 66 12
44 73 2
31 34 40
82 89 29
7 12 46
21 96 41
97 27 69
16 61 69
7 88 26
38 32 49
36 30 66
31 54 3
72 90 12
5 49 91
79 53 49
24 18 94
27 79 63
25 55 93
7 30 57
81 31 68
63 44 4
9 78 56
54 68 93
10 13 64
82 33 44
67 22 21
24 5 47
1 70 82
61 68 92
94 87 92
74 78 91
93 72 65
70 30 60
26 25 89
51 90 56
51 25 58
74 20 87
46 30 85
84 86 31
41 96 29
91 50 53
20 25 93
11 33 100
82 32 64
63 89 89
9 40 34
89 12 17
79 11 82
91 3 2
76 62 60
18 96 21
27 66 54
16 61 66
66 7 2
14 88 82
45 40 41
19 98 11
39 77 63
1 56 96
27 5 97
16 82 86
43 59 7
63 0 43
64 24 58
46 38 9
84 49 41
19 6 36
30 85 44
23 45 28
77 85 96
83 50 23
42 49 92
32 21 61
49 89 25
54 63 56
49 15 33
6 13 38
93 69 31
5 99 76
16 66 15
2 51 41
41 3 87
35 9 91
42 37 26
39 50 7
77 18 48
87 4 76
97 51 65
63 17 68
92 8 12
40 48 45
55 48 38
58 87 14
42 13 97
37 28 46
46 84 82
52 43 41
79 38 89
20 19 6
99 71 51
8 33 28
52 35 41
74 44 17
65 73 41
65 95 67
41 43 37
4 17 89
21 29 46
9 54 60
14 66 97
60 40 55
67 14 42
81 64 24
83 2 33
90 85 8
52 93 54
78 87 47
35 42 75
94 59 10
51 54 22
18 29 24
22 85 22
68 30 38
94 10 98
54 7 17
43 99 6
77 51 53
17 67 98
95 84 50
40 30 7
17 8 18
5 16 90
43 67 72
97 4 84
13 35 78
55 79 64
28 80 73
32 38 81
33 66 99
78 96 87
80 0 55
47 0 85
86 93 11
60 99 45
44 45 30
96 39 81
60 18 71
1 62 24
71 68 83
57 76 54
56 6 40
53 78 95
91 39 95
89 59 6
70 1 30
23 41 30
88 50 66
71 70 56
89 81 50
55 49 69
92 39 45
30 99 26
82 57 42
73 76 74
63 98 55
83 37 18
11 45 36
89 32 54
23 42 80
1 67 44
66 58 36
34 73 55
88 15 58
32 18 63
91 34 57
67 81 10
7 60 53
50 54 33
92 58 98
34 96 45
44 98 90
82 44 78
11 89 54
20 23 20
71 42 29
56 99 41
17 97 33
66 68 17
80 52 50
40 33 24
38 86 71
62 31 19
63 33 6
48 84 6
96 6 16
62 87 71
72 16 46
74 54 38
74 0 85
17 19 54
30 70 28
78 99 88
78 21 58
72 8 3
99 19 25
1 18 98
19 77 47
8 1 1
9 5 88
78 16 92
46 8 38
50 31 77
0 39 89
99 69 70
32 4 33
25 67 62
25 67 2
56 87 33
82 43 61
49 46 86
86 30 20
1 61 93
27 93 43
84 24 21
4 32 45
49 5 42
34 80 32
25 5 41
42 76 91
11 39 34
48 29 48
25 64 100
11 66 64
65 63 100
50 16 73
66 1 51
67 21 65
27 81 90
10 48 59
23 63 4
35 9 66
51 55 90
99 96 66
30 87 72
20 4 75
87 84 47
63 30 87
58 69 76
74 97 66
53 45 92
87 61 76
77 37 8
62 38 52
79 26 48
82 8 81
23 17 42
70 96 98
10 74 88
29 2 56
65 34 44
41 26 97
20 3 71
31 52 73
99 88 53
39 30 46
79 73 16
57 42 83
20 28 46
83 51 33
21 7 12
84 32 100
76 94 85
12 99 84
95 1 51
70 99 64
58 92 53
14 42 37
46 48 84
8 52 38
57 70 38
6 73 29
87 16 60
75 1 70
21 11 60
61 9 67
20 91 12
86 1 92
42 5 30
49 4 93
99 28 11
96 28 62
11 53 3
30 49 25
40 47 63
53 1 53
57 78 28
85 25 17
27 35 4
68 75 78
83 73 30
95 82 17
0 3 44
40 33 23
36 94 44
33 16 27
48 13 71
88 64 1
85 81 46
47 39 18
40 91 14
98 50 33
17 56 32
52 67 34
33 19 35
19 68 7
13 41 51
79 15 28
29 14 80
40 8 5
76 95 58
68 55 10
46 55 32
41 10 89
38 67 4
17 48 96
9 79 92
65 37 40
64 87 57
3 39 85
75 74 96
22 67 76
48 88 63
33 78 23
68 36 20
89 1 80
6 42 53
0 99 4
21 48 20
55 71 45
0 40 69
73 81 24
71 31 77
95 65 59
86 9 39
74 85 33
70 81 27
11 19 73
56 84 79
20 88 61
48 63 33
23 3 44
22 94 24
4 31 72
3 1 30
19 1 84
90 15 45
58 22 95
97 79 54
49 94 92
54 94 25
85 48 60
23 15 85
7 76 76
12 83 59
17 3 4
98 10 6
24 26 8
14 82 3
92 76 96
71 24 59
37 19 74
4 70 86
62 32 47
21 98 67
75 69 26
65 62 14
33 67 54
73 33 12
77 97 47
82 81 37
23 83 83
38 44 21
82 9 66
39 80 89
56 77 54
39 32 87
49 10 6
66 89 85
81 53 79
59 13 95
40 99 46
26 0 26
54 51 89
36 2 17
76 46 87
49 66 25
72 75 56
48 41 72
13 83 50
50 70 45
94 54 81
16 28 51
79 0 91
59 67 33
98 27 75
18 31 30
81 36 17
31 32 20
50 90 66
34 10 10
71 51 50
89 52 38
65 63 72
94 77 32
65 43 91
45 18 51
24 43 5
0 92 88
61 65 24
55 57 2
41 55 13
9 65 39
65 27 58
54 69 4
66 34 61
40 64 86
33 95 37
9 61 63
52 38 10
44 17 11
57 37 17
46 57 19
70 51 29
75 54 11
44 89 18
81 1 20
6 84 7
56 4 30
41 44 93
69 52 82
3 55 65
92 41 19
67 85 59
34 46 93
5 16 77
82 28 29
67 40 91
53 77 51
28 5 89
17 20 67
58 87 15
45 87 37
70 13 62
83 26 85
18 14 72
31 82 4
92 68 65
63 22 38
74 69 44
78 2 2
35 32 77
35 6 3
34 80 10
90 43 20
93 9 56
21 46 92
37 71 77
27 74 30
4 23 63
12 29 57
2 52 100
24 41 62
58 32 14
8 89 39
61 43 81
85 20 26
8 9 50
47 5 90
10 44 83
75 40 34
59 43 82
62 59 5
33 36 95
97 59 89
89 91 17
77 66 57
90 62 68
16 30 92
18 44 69
10 51 23
29 41 62
27 91 53
35 20 46
97 99 44
1 97 84
89 35 54
45 22 30
69 37 30
57 18 53
91 72 83
86 51 44
19 78 5
4 76 41
71 68 9
49 91 68
5 18 23
30 12 90
59 36 97
72 51 82
29 26 27
81 52 46
78 80 2
10 30 60
20 72 34
26 80 80
81 77 35
81 57 99
82 95 36
13 21 11
46 98 21
50 92 89
56 87 1
47 67 80
85 45 16
84 62 28
58 78 26
67 43 51
59 50 12
58 61 39
47 94 48
1 62 61
55 33 40
68 41 6
87 70 81
50 85 89
92 20 95
69 19 17
4 16 83
62 18 44
39 36 27
35 90 78
44 61 86
84 59 100
31 5 44
37 25 15
66 24 73
68 51 14
47 49 70
51 26 27
20 30 24
82 11 72
25 18 55
25 79 62
98 34 66
39 51 1
86 41 16
12 60 68
26 45 30
78 46 8
14 23 13
10 7 59
96 9 15
16 75 44
85 19 100
72 0 32
5 90 13
54 26 34
27 94 44
94 76 80
0 40 67
76 67 52
61 2 48
44 5 9
44 51 52
75 74 74
98 2 64
92 87 39
49 29 95
91 45 24
46 19 34
25 59 38
5 74 91
43 79 7
25 17 97
62 97 34
47 17 35
50 29 3
99 97 12
93 20 89
89 9 82
12 55 57
48 31 35
75 62 42
68 94 19
87 89 29
11 65 36
60 5 43
13 47 17
7 36 67
61 53 23
95 19 1
97 12 70
20 33 34
29 64 99
48 1 35
61 8 2
86 84 71
18 91 70
99 46 41
24 34 59
76 6 83
38 52 80
81 11 35
82 9 80
19 61 69
9 15 65
67 19 38
16 83 23
99 45 8
57 31 84
30 67 56
82 38 96
23 45 52
65 13 48
66 48 4
85 14 99
65 35 29
80 66 31
35 4 6
90 82 58
69 50 32
30 86 94
46 78 64
60 35 41
15 6 50
47 80 12
50 65 22
34 52 59
93 6 51
0 17 85
33 45 19
83 19 95
19 65 79
7 66 7
27 51 51
36 21 91
74 2 25
54 53 38
26 43 63
96 64 20
36 7 17
11 21 93
72 64 77
27 7 59
41 37 61
87 66 89
19 55 34
42 48 16
79 27 36
85 44 69
13 52 86
94 50 34
92 32 85
6 16 84
29 23 96
8 18 56
5 71 59
44 0 40
94 99 91
1 74 83
40 51 91
92 76 47
16 21 30
39 17 28
79 8 92
49 90 92
1 75 82
73 15 8
20 53 7
59 78 57
19 98 48
21 54 74
86 81 78
17 26 62
68 18 16
26 14 77
18 21 25
25 1 54
41 9 17
32 1 10
55 72 97
98 94 24
3 1 57
29 34 5
31 98 17
8 27 86
76 38 22
71 41 74
48 25 43
38 1 57
0 72 37
67 57 76
63 64 18
55 94 43
76 69 61
15 24 54
93 36 74
60 89 86
50 58 79
23 18 90
66 14 2
0 49 46
98 62 55
61 75 88
52 29 20
10 99 64
15 13 90
5 79 35
25 84 17
27 42 51
33 28 10
3 7 6
77 73 48
7 95 41
30 66 8
48 35 26
2 36 82
81 18 30
63 59 69
49 19 65
21 2 36
8 41 70
27 32 2
27 55 15
79 62 41
2 39 36
44 67 13
81 23 21
54 63 78
73 80 71
46 89 84
48 36 22
66 5 69
41 84 33
20 71 5
36 97 90
75 74 26
75 10 71
76 74 23
49 13 75
76 52 74
11 71 93
63 38 90
15 2 55
19 32 17
25 56 77
76 27 94
71 76 56
82 75 38
68 85 64
11 34 70
24 40 58
70 77 11
5 72 89
18 5 39
26 49 74
86 64 94
59 22 82
19 73 30
87 29 26
53 66 32
91 85 53
36 15 85
64 75 65
77 34 88
73 64 68
33 39 91
94 29 17
45 66 5
42 40 1
0 5 64
93 29 32
74 34 74
86 56 17
88 44 47
46 78 23
26 82 42
7 28 73
47 57 13
70 33 83
50 81 32
40 70 26
37 75 27
8 53 10
47 85 16
17 85 70
74 37 37
12 9 50
92 8 36
15 4 87
3 64 24
98 9 24
15 90 3
19 76 56
4 97 86
21 22 14
29 7 93
57 64 30
60 75 1
10 96 41
22 35 99
15 79 78
2 75 43
51 96 22
84 63 10
41 58 17
75 32 35
49 30 80
49 45 28
79 19 84
57 61 76
22 10 57
92 66 51
12 87 67
70 2 11
91 8 89
86 87 82
76 63 13
79 28 98
92 66 17
67 40 36
27 63 62
49 53 37
71 64 35
6 18 32
89 17 24
69 40 6
31 92 80
48 12 36
60 29 17
31 25 34
28 61 94
97 87 51
26 84 32
12 25 64
45 69 14
24 31 86
61 43 65
93 16 80
21 43 83
85 31 83
53 30 59
20 99 53
23 55 76
44 34 42
92 55 52
42 81 92
0 32 61
71 89 60
78 28 24
15 99 77
87 43 20
37 70 37
0 40 79
63 16 39
24 88 61
32 22 69
79 86 54
90 84 68
35 98 88
98 18 87
18 40 58
51 9 23
85 36 82
36 68 67
30 48 67
33 64 99
8 66 15
34 2 63
30 50 67
62 77 74
43 89 33
7 21 85
46 58 46
13 61 39
97 92 92
22 71 44
9 11 31
56 30 28
11 93 63
87 18 69
54 86 18
12 53 51
38 64 27
52 80 24
93 96 58
54 32 48
27 15 11
26 84 28
3 68 34
30 51 36
78 18 42
68 65 87
28 37 99
66 77 50
42 9 25
71 67 43
73 99 48
4 16 20
78 97 97
33 3 91
57 91 73
82 62 24
89 12 22
72 39 19
47 16 78
32 43 29
32 70 36
39 17 53
62 53 5
4 7 60
49 33 98
53 30 31
36 0 4
98 50 44
94 4 48
21 31 61
85 29 1
89 28 59
67 57 2
2 49 87
35 45 25
15 95 95
56 40 74
58 98 60
52 90 15
5 75 50
15 76 20
35 79 28
9 44 34
31 20 89
54 29 57
47 99 64
22 58 93
79 0 3
55 8 18
49 21 96
10 83 23
1 64 10
60 56 40
66 93 64
20 72 40
72 46 15
18 78 24
5 61 69
89 15 18
16 37 13
69 20 21
4 55 12
17 9 2
49 80 81
17 13 6
58 91 77
81 85 34
11 77 43
30 61 9
38 44 74
59 58 100
51 98 40
82 37 63
98 56 45
13 28 2
97 18 35
72 83 66
69 89 12
93 35 37
88 25 23
84 49 81
53 59 41
62 80 96
68 54 93
22 3 92
48 91 83
31 0 65
19 55 34
33 50 95
14 90 100
48 11 63
20 87 68
4 63 86
56 54 8
17 62 83
32 96 1
49 61 54
32 20 15
5 42 90
75 89 30
94 60 2
50 1 100
37 18 25
88 31 71
60 8 82
94 22 6
62 51 31
17 80 59
84 66 1
27 45 76
77 22 71
62 32 35
1 10 74
80 25 1
28 43 57
57 23 39
80 86 33
37 78 57
95 98 48
42 76 73
10 86 40
51 27 43
37 63 63
89 44 7
24 53 49
70 47 27
9 23 22
89 25 44
18 83 99
99 18 95
61 90 80
55 14 59
25 38 89
62 53 16
10 84 85
49 68 36
72 40 24
5 9 28
59 32 18
37 11 44
46 39 65
48 32 96
71 52 25
83 29 36
21 69 87
6 47 28
82 95 76
39 60 33
87 77 65
69 3 9
3 92 53
39 79 83
22 46 99
13 47 91
93 89 71
38 92 49
19 43 24
53 76 76
53 4 78
74 10 30
40 41 29
11 51 49
51 33 5
83 46 58
12 70 15
12 5 28
85 38 62
41 7 23
11 55 10
25 97 78
24 52 70
55 98 42
45 13 42
97 58 72
99 4 74
55 41 45
49 28 30
23 81 27
83 13 6
56 45 76
92 33 19
95 53 28
25 8 73
82 91 50
57 74 35
25 2 98
14 66 47
36 15 26
54 36 38
26 9 90
60 66 70
39 15 2
28 41 8
89 22 80
82 61 8
59 19 51
73 12 7
78 60 33
79 6 31
53 75 55
48 39 68
9 74 9
85 55 32
21 91 25
15 24 100
9 58 4
81 70 13
73 87 43
28 72 51
52 7 69
15 45 1
62 69 75
97 53 64
72 9 11
11 37 50
82 56 27
26 50 94
80 22 39
29 53 21
96 29 79
29 19 30
51 85 40
59 15 33
37 40 19
84 51 32
42 47 40
28 17 56
10 21 26
41 44 13
43 56 15
11 8 18
96 92 35
89 5 13
7 83 97
14 33 9
12 7 6
74 45 62
3 65 83
23 9 88
25 15 66
39 91 94
89 35 55
76 62 95
17 75 90
97 47 7
43 61 52
24 95 56
44 97 51
97 77 90
42 69 13
60 32 73
8 17 22
11 66 63
40 70 22
34 46 92
78 61 23
35 15 42
25 81 19
38 35 60
75 9 81
84 44 51
54 88 22
24 54 16
32 86 19
34 98 20
67 17 61
95 20 39
9 17 68
79 93 47
67 18 57
65 60 67
73 53 44
14 98 28
90 50 50
64 84 31
92 67 59
23 41 42
87 37 63
54 38 28
65 79 98
87 56 82
84 89 21
18 29 92
39 73 1
11 16 74
8 49 91
85 69 90
86 2 85
1 32 3
40 88 6
45 55 46
10 31 19
3 24 1
90 94 28
64 72 45
9 0 61
84 90 72
50 67 51
38 26 26
8 34 40
33 89 71
46 97 29
53 97 99
41 83 83
88 58 27
28 61 26
89 58 76
47 31 38
54 49 27
57 30 70
14 72 6
52 65 59
53 17 98
80 56 93
91 41 73
45 95 80
4 52 67
79 32 87
23 95 90
28 71 20
14 20 38
20 70 7
34 93 25
68 70 65
84 22 72
0 73 2
45 32 69
78 24 6
39 8 64
62 24 47
67 80 69
48 8 42
88 37 59
22 55 34
4 61 47
41 98 98
73 72 39
73 60 79
95 5 27
21 28 50
99 92 68
43 71 100
99 62 76
12 24 73
55 28 74
73 9 83
13 21 65
93 25 58
97 6 19
70 84 40
58 7 53
66 73 70
61 99 54
44 42 55
23 84 30
60 3 46
75 68 17
61 78 55
12 77 30
42 57 53
58 11 49
31 95 64
37 61 81
82 33 52
46 53 69
83 32 95
7 99 47
27 53 46
66 85 83
87 68 28
29 6 80
11 31 57
26 4 62
66 30 71
46 50 90
52 27 90
96 13 10
31 74 6
29 61 5
79 27 85
97 4 21
33 23 35
81 23 62
4 97 46
80 66 61
81 5 58
99 90 26
69 76 8
67 79 88
25 43 47
39 43 98
34 18 94
93 80 32
2 82 58
82 83 3
38 95 82
29 25 34
10 50 79
50 21 27
69 71 6
0 76 67
57 30 61
52 33 52
98 34 65
39 68 28
70 95 11
63 50 82
23 52 70
96 25 63
77 50 51
31 96 48
52 64 2
22 28 2
19 63 31
64 30 1
73 61 44
73 75 69
22 10 5
5 31 64
84 88 95
56 87 25
96 0 67
45 55 98
15 42 71
90 50 56
43 15 4
36 82 55
51 71 88
63 20 56
99 39 66
40 96 91
91 69 8
19 74 70
32 53 33
47 41 8
25 89 41
2 3 76
51 15 57
58 1 9
46 7 80
15 3 11
32 94 85
67 55 36
4 32 69
20 33 32
66 96 52
48 56 81
68 90 18
72 89 63
43 34 84
72 5 38
38 26 70
95 3 90
86 13 53
51 29 42
75 47 40
83 20 51
83 5 8
43 10 49
62 55 82
15 95 60
86 59 43
84 72 31
79 89 66
77 31 89
69 77 15
30 1 98
68 53 63
42 16 12
53 89 64
37 84 78
57 15 51
26 72 85
4 74 7
79 68 12
68 32 5
98 33 97
84 14 36
56 16 15
19 24 82
49 48 30
67 4 31
93 22 34
74 27 66
63 81 73
27 42 80
15 92 51
9 75 41
29 78 91
25 33 40
26 40 34
14 45 4
82 70 62
96 82 71
95 0 62
79 83 95
4 28 79
36 1 30
4 49 68
84 85 51
87 69 81
76 8 20
98 70 38
48 86 86
71 95 22
52 77 14
73 41 56
35 79 66
57 66 71
95 17 34
60 91 78
80 39 91
24 77 33
55 16 6
28 24 58
61 93 19
33 59 31
55 35 77
11 29 25
68 90 15
52 73 43
87 26 26
2 42 52
31 96 97
52 81 93
99 76 77
11 61 69
37 85 35
14 88 88
48 77 20
7 42 84
88 13 7
30 44 59
76 18 22
92 25 21
99 86 74
91 28 65
33 3 99
47 20 71
6 53 58
24 50 16
2 33 19
84 88 51
44 43 37
29 36 23
22 96 13
49 37 53
1 58 92
92 98 96
71 97 15
71 0 47
10 46 5
9 92 36
18 21 39
43 50 36
82 40 97
44 32 43
77 81 81
90 78 71
79 41 54
93 28 64
34 50 71
61 94 45
5 2 41
15 78 18
70 13 10
76 75 46
66 88 44
71 40 94
43 13 80
67 47 3
84 47 47
24 55 12
46 70 45
25 69 21
12 7 16
20 99 97
42 73 4
80 88 54
49 85 34
78 71 67
69 66 19
57 28 98
25 85 15
78 83 77
97 21 64
17 23 54
66 42 26
59 99 10
24 53 72
4 80 88
58 72 28
11 43 80
61 52 36
79 27 15
58 67 78
53 67 37
64 63 98
68 72 93
5 80 84
21 2 73
89 91 6
81 29 51
17 67 22
89 82 77
49 36 12
82 16 45
94 32 57
57 73 85
36 66 59
20 53 83
62 19 80
31 52 58
23 19 31
11 18 49
46 64 21
77 83 86
94 43 23
72 89 75
88 69 98
68 9 67
62 24 53
71 3 42
2 54 10
34 49 43
38 22 7
24 64 73
11 12 37
77 87 38
0 19 33
18 94 55
8 89 91
6 31 7
72 20 1
95 46 23
42 99 94
93 11 89
92 87 11
79 21 3
55 50 30
72 75 82
47 65 82
66 33 59
46 19 95
16 34 35
28 84 86
28 38 9
9 15 59
88 96 71
78 92 92
96 76 16
77 72 84
60 46 15
0 49 63
45 67 68
17 20 72
24 41 1
52 66 58
0 61 14
86 90 35
6 17 46
39 38 64
38 26 29
79 3 55
34 83 29
12 83 100
98 87 16
95 47 17
88 43 2
12 1 94
3 56 9
61 83 5
45 90 72
70 42 26
25 61 99
88 17 7
32 77 89
1 19 25
78 74 13
88 60 24
88 47 42
99 53 14
60 18 97
18 39 6
77 67 78
45 50 43
41 75 22
75 8 71
58 91 96
47 10 18
39 7 84
85 72 56
83 28 85
50 63 31
97 45 47
86 35 25
68 92 78
90 62 99
78 5 48
49 39 57
80 88 14
86 0 18
25 88 61
64 29 4
15 42 74
95 30 43
18 49 48
8 20 57
55 99 43
44 86 10
73 96 72
62 45 66
89 69 37
28 2 40
57 45 8
62 21 100
97 83 31
56 39 14
52 21 41
69 21 75
4 35 28
52 71 76
49 93 79
53 49 23
51 38 47
92 83 56
11 56 72
69 63 2
89 64 76
8 49 87
17 99 37
59 46 9
36 78 14
72 46 20
99 68 58
13 95 57
84 60 89
47 80 76
37 3 33
28 5 87
26 60 17
51 3 79
14 47 39
29 19 44
5 13 20
54 53 81
61 37 99
26 15 68
60 70 74
52 44 2
31 38 31
88 29 47
8 23 23
77 44 43
20 87 21
35 97 34
15 34 35
87 3 24
89 77 71
14 1 84
90 43 46
13 83 39
92 49 28
74 27 68
24 85 66
58 66 8
60 53 44
68 88 83
29 57 67
12 20 52
87 68 43
31 27 27
63 61 2
50 89 29
29 17 17
8 81 3
19 71 38
33 41 75
33 83 45
63 85 50
76 61 11
67 22 93
88 58 56
35 96 87
25 64 60
50 42 87
52 33 13
58 19 30
57 32 28
28 47 43
95 31 13
91 6 89
40 90 62
80 16 59
1 5 25
30 34 75
84 66 55
17 9 21
55 50 32
33 93 75
62 93 21
31 74 39
47 32 97
65 9 34
72 51 38
71 61 63
17 74 44
37 47 86
77 62 10
40 46 100
3 93 31
40 44 74
79 74 54
73 13 19
25 4 33
10 67 37
12 25 46
70 68 15
64 76 13
83 77 3
48 80 15
25 38 32
10 75 60
59 57 77
7 28 98
26 12 47
91 65 51
86 10 2
69 43 92
72 94 92
94 37 8
49 12 48
63 7 19
8 70 13
38 73 84
39 29 92
36 92 94
60 98 62
16 40 48
38 34 69
80 14 38
40 44 22
27 49 97
75 78 39
64 10 20
44 4 29
16 42 64
52 77 31
81 55 31
74 57 49
96 23 55
25 57 37
72 30 35
56 29 12
32 21 94
45 94 74
95 78 12
11 23 95
91 52 99
59 13 5
45 65 90
83 2 20
75 88 70
18 89 26
31 71 77
18 93 10
86 65 76
41 33 56
27 58 33
76 61 90
48 89 7
37 81 36
47 24 60
45 52 87
4 38 26
68 32 6
63 94 17
78 68 54
87 74 43
99 47 37
71 57 45
82 79 64
9 87 99
33 88 67
57 22 40
53 59 18
53 61 42
59 34 62
95 51 22
79 50 39
20 90 37
52 33 24
58 1 72
66 81 38
27 64 16
5 55 29
34 46 11
59 41 74
78 75 40
22 78 100
9 75 92
76 62 18
55 30 30
73 5 11
64 28 37
99 20 26
10 81 19
16 85 67
25 72 76
2 49 67
99 33 45
66 24 45
47 0 22
26 94 8
86 70 66
2 54 83
51 64 3
70 14 71
11 63 52
84 80 49
8 48 97
46 59 95
7 92 100
29 31 42
3 85 3
94 79 33
22 21 60
27 14 38
34 36 21
17 76 69
76 35 49
87 60 98
10 61 30
6 29 70
7 75 34
5 65 51
99 81 45
49 14 6
74 96 95
98 19 66
40 93 17
72 34 72
44 19 54
41 16 25
9 99 76
1 28 94
87 54 36
53 36 11
86 40 83
89 51 46
45 70 36
59 13 81
73 32 41
95 16 32
50 73 89
40 36 36
16 18 46
86 71 78
89 11 74
6 70 96
89 12 91
69 25 55
72 46 15
3 19 67
83 2 99
72 53 79
21 68 10
87 17 47
14 72 96
12 45 97
15 49 36
11 1 6
78 26 52
69 68 40
70 31 54
52 76 12
76 99 28
97 71 12
49 54 33
98 4 43
79 34 57
73 17 12
55 43 30
66 24 56
12 20 46
7 64 60
68 45 3
22 46 2
21 1 93
63 90 96
70 49 72
79 65 55
60 95 16
82 84 28
74 26 65
19 71 2
94 24 84
57 7 89
85 13 62
66 38 72
71 8 62
12 37 34
54 44 96
23 42 92
50 1 82
48 3 88
49 62 22
39 15 10
54 52 14
56 9 71
43 27 40
28 46 25
89 94 48
51 94 24
4 34 31
4 50 29
46 24 28
38 63 28
98 84 36
26 50 3
47 28 33
51 3 52
65 48 47
55 12 59
30 32 46
34 73 8
31 10 81
14 64 53
89 1 56
74 86 83
43 9 6
42 75 100
58 38 75
57 86 37
45 91 67
69 80 80
96 16 71
53 46 83
61 12 80
10 38 80
56 45 34
71 0 55
86 76 82
35 0 15
7 40 24
29 91 63
70 3 14
65 18 12
74 67 91
56 37 52
39 71 42
10 48 61
84 89 73
8 55 61
16 8 100
76 13 5
20 96 19
99 29 8
55 83 40
37 30 2
95 15 56
38 15 86
43 29 30
79 77 65
5 37 35
55 76 41
19 32 70
77 33 98
4 41 26
69 38 49
62 81 2
97 92 45
57 70 72
85 31 68
33 81 95
96 61 87
51 12 86
65 59 60
91 33 71
85 56 10
10 9 70
16 67 41
88 61 81
2 48 98
90 42 65
29 50 96
94 5 98
0 51 100
78 42 32
54 14 38
12 11 33
75 41 46
8 53 95
69 82 45
93 73 14
8 43 47
2 78 49
1 68 28
70 86 25
28 74 14
90 50 95
67 82 12
28 33 71
48 90 77
15 36 72
56 18 82
48 14 70
51 89 55
89 50 25
58 35 48
64 33 17
72 77 14
95 91 11
27 3 61
76 18 82
39 1 43
16 17 78
39 47 45
6 3 40
61 27 13
15 59 42
95 58 55
37 73 46
85 24 57
40 90 61
15 87 1
84 0 71
79 5 80
81 24 23
24 48 49
54 38 48
94 28 7
18 41 23
95 0 17
82 71 3
19 50 4
62 35 73
10 89 26
8 84 72
39 7 55
59 3 90
33 87 95
45 19 91
57 4 76
16 89 9
77 19 53
87 99 73
16 73 88
38 85 76
20 95 59
22 69 69
69 56 90
16 42 15
70 16 39
87 25 47
91 77 63
24 84 75
61 69 69
6 28 24
15 80 18
36 64 75
84 66 80
63 66 14
18 1 67
81 0 33
17 98 11
6 57 66
98 7 99
20 42 65
64 53 42
13 58 92
85 93 81
46 13 52
65 27 76
78 7 46
74 93 92
46 38 3
54 86 74
94 22 34
70 46 29
52 61 93
2 34 90
68 56 6
70 18 41
37 68 76
82 56 99
88 67 54
32 82 7
78 90 76
46 96 66
54 31 41
68 7 4
56 93 67
41 1 61
22 12 8
69 70 27
62 38 1
86 88 47
58 21 56
85 94 29
86 21 38
38 12 63
93 76 63
32 61 35
91 37 79
90 14 71
51 29 7
82 25 7
49 11 30
98 88 58
52 62 76
13 14 97
78 27 63
17 43 71
74 28 100
14 34 37
81 84 17
8 66 41
71 52 1
96 88 14
68 28 21
66 46 59
55 50 82
62 95 30
8 52 49
70 53 96
79 24 5
30 55 62
69 22 20
21 99 32
55 31 41
92 42 3
91 78 58
19 44 74
78 90 33
89 28 38
81 87 80
56 92 61
72 52 11
33 8 88
37 71 63
28 5 79
90 68 92
16 7 9
41 14 94
39 57 63
60 15 25
24 98 74
87 20 21
98 41 82
87 83 53
84 47 78
98 8 55
73 92 47
40 94 42
63 40 15
24 21 53
38 52 65
52 94 83
3 6 99
98 96 15
23 63 50
97 41 20
0 70 26
42 86 5
52 20 53
25 11 91
49 64 25
29 56 12
85 61 82
56 96 27
21 82 28
37 93 3
35 54 17
79 2 41
31 37 1
62 74 78
25 98 96
15 34 41
44 93 90
42 13 79
9 69 60
52 84 77
89 27 16
32 86 83
84 87 48
25 99 100
99 66 74
55 65 40
60 78 15
48 8 61
17 81 97
9 8 7
56 81 78
86 22 19
81 11 38
58 16 37
70 44 9
55 67 87
16 90 86
1 29 49
82 56 53
93 75 41
85 42 10
9 29 48
39 23 24
11 24 89
74 78 40
49 55 12
95 64 50
89 78 37
28 77 95
61 81 34
64 96 21
87 9 64
64 65 75
30 60 34
75 61 98
51 40 3
75 18 13
95 20 97
4 77 68
93 1 21
66 7 67
31 77 66
4 48 77
85 35 18
95 37 7
2 60 47
24 19 82
8 7 72
1 75 75
83 99 51
26 81 11
17 53 61
27 64 21
60 91 4
51 99 33
80 67 52
61 52 80
72 35 95
4 39 1
1 72 71
11 47 99
6 76 53
33 26 27
37 79 35
31 71 77
56 60 69
16 95 39
9 89 59
81 27 51
40 25 84
82 25 48
96 93 47
54 43 55
59 7 28
13 66 23
13 56 69
14 51 94
55 37 25
59 11 39
47 22 74
72 1 21
70 44 7
35 15 95
32 17 79
5 95 9
97 33 25
34 18 96
37 32 3
32 99 92
80 86 64
40 39 9
11 35 85
45 72 24
94 13 6
41 26 53
47 62 12
84 41 55
44 94 89
47 97 57
4 47 10
78 65 60
29 67 45
58 83 88
46 30 75
3 67 18
1 81 66
99 63 72
40 4 58
75 42 19
55 61 13
86 47 6
31 72 21
3 53 61
55 9 6
43 27 57
14 11 23
8 20 41
61 66 6
21 45 92
70 7 78
47 46 37
36 55 6
91 63 3
22 95 25
27 60 100
86 56 75
26 29 4
89 69 24
73 31 24
40 65 50
12 71 43
76 81 90
5 69 84
11 34 100
2 30 3
47 78 76
87 90 56
94 36 76
22 2 28
91 4 47
86 78 58
16 18 17
97 19 12
49 85 5
48 76 19
17 2 75
31 13 42
39 64 86
47 66 19
73 90 38
15 65 6
75 92 80
43 37 17
83 53 29
97 36 93
1 85 62
42 36 74
2 97 32
10 99 43
2 85 26
21 44 52
42 54 23
48 20 62
60 98 17
39 93 23
82 56 70
82 97 75
62 98 90
60 98 14
64 36 90
1 51 96
43 83 27
61 74 61
35 26 98
75 87 78
20 72 95
4 32 85
66 62 25
93 20 88
51 42 36
31 73 19
45 78 53
13 60 52
22 51 63
73 22 54
74 94 90
67 24 65
96 44 16
34 8 58
73 12 2
29 59 68
23 51 37
19 67 75
37 75 48
17 95 12
66 92 95
27 94 12
24 68 41
40 39 15
51 73 70
32 74 22
32 14 91
54 46 10
78 84 63
80 20 93
56 6 25
38 26 32
50 13 84
72 45 39
80 84 100
44 3 86
69 20 12
80 99 53
95 29 6
49 51 60
13 22 89
68 42 60
21 92 75
64 98 86
87 52 35
84 24 68
77 62 7
76 19 3
87 6 58
27 96 66
42 54 51
89 99 47
55 88 32
19 7 75
93 5 88
23 31 51
82 0 66
1 73 59
4 27 74
72 46 40
33 43 52
49 91 30
68 38 46
40 96 1
88 53 49
58 75 87
41 56 63
27 61 66
95 45 68
20 46 70
60 9 74
60 14 6
7 78 65
22 3 80
81 3 15
14 26 88
60 1 88
4 0 99
46 90 55
21 55 90
66 43 92
69 25 32
40 2 48
24 91 14
72 50 22
79 8 74
88 36 60
65 22 7
43 52 89
0 23 84
36 46 53
69 93 97
11 13 73
23 30 35
49 28 55
32 88 46
23 67 51
33 66 82
12 16 84
41 6 100
2 7 27
2 29 7
36 85 97
92 7 31
9 54 38
1 4 3
95 84 31
57 68 11
19 57 56
48 57 29
50 8 77
56 66 83
96 63 27
52 93 20
55 16 69
30 40 11
46 63 74
5 90 67
18 52 25
34 87 75
45 31 51
25 39 3
35 89 54
21 64 54
12 11 23
12 22 69
86 41 29
55 14 29
34 53 64
25 87 21
82 96 39
8 91 69
80 49 31
72 9 83
9 76 84
50 71 53
67 62 100
24 74 56
6 36 52
58 60 56
10 70 7
15 61 21
48 96 89
67 69 52
48 3 45
97 85 25
11 57 85
45 15 3
0 26 95
46 85 97
93 13 32
68 82 79
21 99 48
33 53 58
58 57 58
28 84 74
1 32 14
82 24 74
1 59 79
1 93 95
75 9 11
67 92 47
75 87 44
37 86 32
13 53 57
7 37 46
50 38 6
94 65 13
21 30 35
16 48 60
51 91 14
75 86 82
99 61 96
39 94 23
38 11 27
2 15 62
28 26 71
86 43 92
39 95 61
60 34 100
30 4 2
54 96 36
78 91 48
69 20 99
91 70 64
11 50 14
8 58 77
66 0 17
21 30 49
50 51 80
5 46 97
13 82 84
96 10 71
66 95 42
22 15 46
21 41 66
48 1 51
83 12 64
87 44 27
12 23 83
42 59 23
75 94 3
10 89 65
86 98 6
69 77 64
63 93 12
19 64 84
90 21 13
6 0 37
6 46 76
32 63 77
32 51 5
56 9 74
13 17 57
22 11 97
34 21 6
71 39 51
80 9 22
42 44 71
56 71 12
88 66 60
12 22 86
42 20 83
88 24 76
46 60 78
6 12 24
11 23 55
19 10 2
48 9 85
60 5 89
0 25 47
67 25 63
19 24 5
96 64 88
78 86 69
1 72 83
84 80 87
34 6 70
79 83 7
7 83 13
79 21 83
22 55 87
33 61 53
99 72 79
7 9 40
39 90 46
67 21 23
22 44 26
12 91 53
75 78 31
55 39 24
77 91 18
91 47 93
52 96 84
40 0 58
30 24 51
73 47 87
68 61 5
15 6 69
95 51 88
92 19 2
26 81 58
81 2 75
63 60 17
92 60 43
32 91 8
83 34 61
22 88 81
49 67 48
54 53 43
30 5 92
24 56 81
94 45 54
25 12 39
39 61 32
82 95 93
33 55 19
40 88 33
43 92 47
6 66 17
95 64 66
36 65 33
56 43 47
97 66 20
93 10 73
90 38 74
98 55 5
2 61 16
32 75 78
4 20 50
54 93 4
13 10 53
1 13 86
12 25 67
18 65 35
32 28 45
89 85 14
94 1 51
61 81 81
34 12 64
25 46 98
69 65 68
17 95 52
44 82 6
72 79 89
76 31 86
95 70 19
82 51 58
59 7 45
91 71 89
4 11 47
70 84 57
12 30 65
87 54 29
63 56 49
6 80 87
3 89 67
48 0 87
51 43 94
56 44 14
16 77 18
68 6 44
61 37 18
45 43 94
35 26 53
38 79 16
50 7 3
64 70 2
18 21 80
97 34 24
38 7 4
7 89 99
19 88 61
99 50 85
36 77 70
96 29 39
95 69 59
7 54 81
74 9 27
87 42 45
67 42 47
42 68 93
6 57 70
1 55 52
21 61 83
3 89 49
25 69 19
94 88 31
66 3 49
93 98 32
28 86 76
0 44 11
79 88 48
58 31 20
28 12 77
30 21 92
94 1 58
18 25 45
32 52 8
92 26 22
44 46 78
97 54 82
47 82 21
73 8 72
69 8 84
71 25 89
9 49 10
40 28 95
41 16 96
34 95 37
0 40 23
24 9 73
41 70 17
39 46 90
69 45 61
58 26 73
61 15 76
53 13 13
67 68 89
17 36 23
94 57 4
39 5 10
72 22 20
18 66 33
91 53 35
80 83 62
3 26 9
15 73 60
98 25 51
1 63 42
63 49 64
73 71 10
37 5 12
85 77 18
66 37 18
77 60 66
43 31 92
73 70 96
33 60 54
95 97 14
29 74 5
63 46 97
8 23 11
99 13 13
90 79 37
4 2 54
17 14 48
70 97 83
63 92 23
30 89 84
55 7 85
69 11 78
24 40 66
36 72 89
6 90 15
93 72 83
4 48 44
20 27 22
30 65 32
38 32 11
31 91 58
67 91 71
64 85 25
3 79 58
3 8 91
85 58 11
89 86 97
63 53 65
20 5 55
1 6 30
83 24 95
90 62 15
81 13 21
56 6 57
37 5 19
71 93 9
57 66 36
61 18 55
83 20 26
13 64 83
59 77 72
53 30 6
87 0 81
13 62 96
83 39 25
17 11 9
63 67 81
54 12 83
62 21 55
94 35 26
33 17 85
57 20 24
84 2 93
80 94 28
78 12 31
69 68 17
0 32 78
42 22 54
30 11 45
96 28 45
88 81 33
74 19 71
47 99 28
4 32 8
89 15 77
93 24 30
60 55 68
75 85 77
63 19 11
12 95 15
11 72 52
34 91 21
62 56 48
78 24 24
12 32 52
21 84 53
72 83 27
34 22 74
29 67 45
88 35 79
5 24 54
24 54 55
4 48 24
99 96 87
86 80 33
88 53 85
66 39 31
76 19 97
78 18 37
14 88 82
78 81 38
38 32 99
25 12 88
69 59 87
98 57 34
65 11 23
75 18 72
89 47 12
14 37 76
49 46 98
32 89 48
32 62 65
23 48 81
1 53 73
6 95 94
61 18 22
54 3 94
65 77 66
51 92 74
2 62 80
68 88 72
28 45 36
58 25 36
64 41 76
42 84 49
44 17 65
32 85 26
62 87 31
42 9 61
67 12 40
8 32 89
83 21 4
49 3 4
82 14 2
73 45 59
58 13 6
91 80 53
15 71 21
84 48 42
16 9 82
1 43 1
92 12 71
51 33 72
20 86 72
93 58 99
35 52 2
77 16 63
55 41 79
25 60 95
1 58 26
11 17 95
62 53 59
59 10 81
38 46 18
19 44 6
89 91 83
45 30 40
59 77 12
11 78 28
43 44 40
65 42 9
51 48 35
51 52 10
53 89 23
7 59 7
41 61 94
73 48 77
29 93 64
10 46 88
31 84 25
53 3 56
70 63 20
46 84 74
28 66 29
1 86 3
9 23 54
73 82 52
28 59 78
94 92 42
11 65 87
17 44 11
44 18 18
73 18 22
74 73 51
90 23 30
33 86 33
6 73 2
47 77 32
87 78 38
6 88 38
39 98 27
23 40 1
60 18 34
67 61 37
65 76 34
14 83 92
0 31 91
81 49 91
68 59 88
1 71 54
60 50 76
40 94 57
9 28 44
20 86 10
69 10 77
20 97 67
97 92 96
9 13 27
6 3 40
73 98 94
16 62 62
41 74 71
75 42 33
22 7 82
8 34 27
36 40 35
85 43 82
21 95 11
84 7 80
63 27 3
4 85 45
33 14 29
54 26 38
63 33 55
58 80 49
64 51 45
66 62 81
37 77 77
8 4 33
7 33 4
67 65 80
0 37 82
20 60 96
61 70 53
92 60 89
70 38 75
63 24 15
26 79 26
69 12 6
4 7 29
92 96 29
59 93 15
6 2 62
6 14 17
41 25 81
5 13 47
62 45 51
8 30 47
3 13 24
11 95 88
94 85 45
0 49 17
71 90 58
44 64 6
46 83 92
29 35 77
69 93 26
28 45 47
88 60 99
80 9 43
69 43 81
23 21 99
51 72 8
10 32 9
89 85 80
41 43 19
79 85 41
14 50 26
63 57 42
5 26 16
43 68 53
13 51 9
35 7 73
50 93 22
40 80 65
99 21 20
10 74 93
63 38 46
61 69 78
57 25 91
61 75 52
16 45 86
22 10 71
6 78 45
78 77 31
69 99 18
48 95 92
40 93 76
7 39 52
3 61 73
74 45 32
15 16 25
87 75 16
94 4 69
70 93 32
38 73 45
71 66 34
87 67 42
52 36 32
7 49 21
15 73 6
24 76 87
75 73 71
40 65 61
91 63 37
4 46 98
25 93 91
36 66 34
35 44 38
87 98 34
88 65 98
9 47 17
0 4 60
34 72 39
99 14 31
42 77 32
9 40 23
36 49 68
63 34 56
1 49 50
19 85 5
33 60 29
72 55 1
14 77 12
44 91 26
37 54 46
80 53 75
84 92 82
66 88 32
94 16 89
59 82 51
40 4 73
20 26 50
95 15 40
52 89 50
20 72 2
46 88 63
4 10 5
52 53 33
58 23 97
27 81 44
63 4 38
81 52 66
59 36 32
57 83 46
0 17 10
70 19 40
44 75 33
9 86 25
50 76 30
14 48 12
31 29 7
20 0 27
26 35 67
23 34 84
98 36 92
26 6 38
33 40 5
90 10 12
44 42 2
61 86 18
87 31 92
81 28 56
46 76 13
86 4 86
90 65 6
88 83 26
14 12 33
69 44 5
2 52 56
13 46 69
0 24 58
19 81 92
22 24 11
7 54 31
33 74 39
42 79 67
59 94 19
47 49 24
68 21 52
3 23 2
29 4 4
74 97 3
72 48 43
4 16 88
96 35 18
34 50 31
48 74 41
21 50 83
54 69 6
4 25 3
99 19 48
73 56 70
63 70 63
83 37 58
8 11 41
28 63 34
41 49 42
20 70 27
46 93 61
56 34 71
73 16 29
85 26 65
49 90 1
77 37 68
76 2 76
20 21 52
36 56 90
20 49 44
52 5 35
28 88 96
63 22 36
96 7 54
55 20 25
28 84 14
18 10 10
96 88 58
9 6 29
74 1 80
8 55 51
14 5 33
32 66 90
54 82 32
30 97 88
86 17 22
90 92 17
0 46 43
27 15 81
10 15 48
37 97 63
14 37 86
96 0 43
62 99 77
95 70 74
19 88 90
66 85 76
55 21 36
1 37 94
66 23 9
41 51 82
82 84 43
96 21 32
64 65 15
17 72 22
43 82 19
36 38 66
66 14 11
23 20 69
47 24 34
50 66 2
82 73 44
41 40 37
28 14 17
24 51 96
31 37 80
95 23 42
19 97 31
84 13 36
80 2 76
14 41 49
93 84 97
25 11 86
47 97 21
16 20 46
16 82 34
62 42 14
92 69 96
2 81 77
56 29 51
86 58 100
10 93 30
6 53 58
82 9 29
78 10 31
92 95 18
41 46 2
32 72 84
98 19 86
65 63 83
53 38 11
15 17 88
10 77 28
78 73 46
32 31 61
2 89 30
65 95 17
57 93 93
43 78 59
89 85 85
4 17 11
4 69 52
62 9 60
43 2 3
97 35 79
15 82 25
98 66 90
13 20 20
3 92 89
27 80 14
86 78 37
19 89 9
86 77 50
60 3 55
48 25 2
53 91 26
28 92 69
18 90 33
80 28 52
59 5 14
55 26 22
49 27 55
86 43 8
97 15 9
3 25 14
23 49 3
84 73 13
10 33 4
52 31 73
11 88 33
75 72 70
20 73 36
84 80 38
23 59 89
51 76 71
62 65 57
22 90 61
42 27 95
10 9 95
86 80 74
82 89 87
37 33 9
34 72 60
19 94 3
82 9 58
72 5 84
56 36 67
2 31 58
40 44 36
66 90 22
65 74 9
21 86 43
21 48 71
37 25 97
11 92 53
33 70 16
25 85 37
34 29 27
25 48 21
0 47 24
74 42 85
36 78 74
77 6 76
4 67 15
47 56 19
45 74 37
63 33 70
81 11 23
80 63 85
34 89 66
65 33 64
63 98 96
91 66 62
16 27 38
43 37 38
38 55 82
23 21 83
34 1 13
73 15 91
24 92 81
64 21 72
88 8 14
34 67 24
16 53 5
52 7 80
58 51 31
74 0 27
76 53 16
26 46 59
35 20 62
53 90 11
33 21 69
86 6 11
6 14 80
88 50 8
42 75 12
52 23 69
38 99 54
1 43 97
67 54 89
89 28 53
61 53 66
11 9 64
56 11 50
12 54 44
65 63 20
19 45 87
46 64 72
2 5 39
39 18 47
81 12 22
11 57 5
46 8 46
47 6 92
88 50 38
26 99 76
33 97 75
94 96 40
89 55 21
91 23 80
38 24 21
80 1 79
88 1 85
87 42 33
34 67 46
5 51 46
79 60 94
9 98 70
82 57 7
37 7 86
58 47 46
45 53 53
71 68 22
58 35 11
42 72 61
45 49 12
81 40 22
92 53 36
41 47 32
80 88 55
60 56 17
5 66 34
78 44 79
46 85 67
45 79 64
68 17 4
89 96 28
65 2 80
14 21 17
37 36 6
5 71 28
46 11 40
54 22 33
56 81 32
70 57 65
33 3 48
52 87 66
67 16 60
1 2 1
73 97 82
86 45 37
6 79 45
74 40 50
26 38 32
67 86 22
23 51 14
99 47 75
47 48 68
75 79 18
35 97 64
38 11 36
20 74 24
75 85 95
12 39 24
74 34 26
52 37 66
82 25 61
71 94 27
6 80 43
22 35 98
78 51 36
7 26 20
79 59 93
2 35 44
17 60 8
80 14 84
64 91 26
66 37 76
29 58 89
50 51 79
63 64 8
34 8 21
55 4 39
45 46 7
57 72 18
88 42 42
72 43 77
1 97 25
27 52 88
23 24 73
24 8 85
92 95 68
81 7 63
12 7 78
65 70 61
85 33 58
37 73 77
43 10 36
16 72 46
97 87 27
26 83 76
40 42 51
4 59 31
52 31 69
39 40 45
41 44 85
4 94 1
97 85 65
51 72 29
88 19 35
46 59 17
91 79 75
45 36 68
78 3 52
70 2 2
24 32 37
53 50 83
19 21 81
44 33 26
18 84 75
82 15 93
57 97 53
56 63 55
77 39 76
71 44 17
71 17 17
64 90 48
26 87 68
19 94 2
15 17 28
36 32 42
69 92 37
17 38 87
33 53 59
86 26 25
94 96 65
64 81 26
56 41 43
24 8 88
28 0 58
19 51 74
47 13 92
83 17 64
52 50 10
89 81 94
41 16 19
77 7 74
37 51 54
89 8 32
73 35 98
44 24 52
4 81 45
53 22 90
40 1 88
34 4 3
53 71 98
4 28 78
22 5 64
22 94 10
53 66 79
79 29 18
64 44 81
10 17 38
56 41 49
49 67 13
72 36 11
77 72 30
44 52 56
79 71 82
11 75 42
12 3 42
96 37 53
64 88 47
16 22 72
12 94 41
12 11 35
4 65 72
70 89 95
44 52 5
25 52 12
53 3 54
68 88 24
2 60 7
0 47 45
31 62 26
37 26 2
83 3 75
28 8 83
69 85 71
51 26 71
89 46 37
85 49 26
13 33 97
13 93 65
24 44 62
94 86 63
71 83 5
37 85 47
53 1 2
94 11 63
4 49 59
81 32 82
60 22 59
22 21 76
78 27 2
78 11 78
88 64 72
82 19 51
41 64 83
70 32 42
86 8 9
50 20 97
5 48 76
11 27 36
67 5 59
63 23 77
89 97 59
76 86 27
26 37 100
8 62 83
20 29 96
24 62 23
82 10 16
58 0 61
83 99 3
7 39 35
60 24 33
74 46 43
28 19 48
9 2 98
14 5 1
24 26 61
82 84 50
32 49 7
81 61 11
66 84 52
70 88 7
85 63 19
17 52 74
84 93 65
78 11 3
22 7 41
95 15 26
44 9 78
85 1 54
58 41 81
63 70 16
47 92 8
99 79 8
89 32 83
72 36 97
10 1 42
95 70 44
21 98 16
49 13 11
23 68 96
39 30 88
54 58 82
46 1 8
80 47 4
31 1 73
95 11 84
12 71 43
22 24 82
34 43 71
78 27 73
94 56 69
31 62 4
87 16 85
21 19 46
74 6 13
41 5 81
28 17 80
11 9 48
40 93 73
74 28 26
53 48 9
62 13 100
18 72 10
85 82 7
20 75 60
31 41 66
32 22 59
97 69 67
89 35 23
64 45 49
62 85 58
6 92 12
21 11 12
46 62 72
37 24 54
89 55 3
32 7 60
15 93 46
3 76 41
32 54 47
88 63 26
55 57 12
32 44 18
41 39 90
76 73 48
83 75 44
82 62 91
65 16 7
66 47 98
52 47 92
56 27 94
33 77 71
22 39 24
25 20 36
63 75 10
22 6 44
41 14 29
60 59 1
82 47 86
66 98 100
34 47 97
11 49 6
85 24 69
50 65 8
39 77 71
59 27 36
45 92 57
29 16 8
35 59 30
22 52 16
91 36 1
54 59 55
51 20 47
41 63 61
34 80 38
69 26 56
47 48 37
66 62 89
22 39 99
24 86 72
57 21 4
8 47 19
16 80 13
45 16 63
67 24 79
78 94 30
80 71 87
44 60 2
82 31 93
34 0 58
15 46 1
76 3 83
94 36 67
13 11 85
98 90 44
63 38 84
63 93 97
48 10 66
27 13 6
43 32 6
72 51 59
59 96 21
39 47 33
80 67 78
56 25 94
34 9 66
56 97 16
59 97 59
12 13 11
74 22 92
55 95 49
57 33 75
13 70 88
2 95 30
63 24 65
93 20 55
35 29 55
86 78 82
88 92 65
93 34 49
2 15 5
73 86 26
62 35 69
45 46 81
49 9 49
78 38 19
92 93 4
25 83 53
13 30 25
78 57 82
78 35 88
63 0 23
24 13 61
78 36 46
61 20 8
30 99 49
23 38 50
80 11 48
19 97 89
98 38 30
85 44 75
84 8 89
23 0 33
18 31 92
54 74 16
43 41 62
33 12 51
21 15 7
32 92 20
39 37 31
30 13 80
44 90 34
22 29 85
87 91 89
36 58 38
5 78 89
51 33 26
75 59 39
5 19 72
28 9 77
18 97 29
65 62 72
87 59 25
91 84 49
73 15 30
91 81 2
99 84 74
16 51 2
31 21 57
57 14 23
11 66 8
59 31 67
60 25 68
70 83 49
75 22 47
50 48 59
99 26 70
71 63 53
67 47 10
6 51 78
2 88 76
84 79 89
92 23 4
80 64 28
50 18 57
70 82 40
80 99 83
53 26 1
17 50 86
39 66 50
88 94 35
20 63 6
98 65 7
41 8 32
41 52 86
36 44 97
89 8 90
15 35 78
79 43 88
70 89 63
37 71 65
9 28 4
90 79 82
65 22 24
51 45 55
58 21 68
71 43 48
53 3 73
97 14 76
81 84 9
16 13 68
83 70 46
35 4 10
57 7 77
20 58 53
79 71 87
21 53 97
59 11 65
78 31 45
61 35 99
50 87 58
30 11 31
8 12 3
57 58 64
25 51 12
17 19 53
0 94 3
20 8 63
31 35 16
60 13 33
79 41 28
92 23 96
93 30 52
46 35 61
50 85 55
93 48 58
0 98 82
12 31 49
31 9 34
43 96 53
55 65 71
19 88 60
8 50 95
81 86 89
20 22 83
47 2 43
15 86 36
47 71 87
40 55 77
10 59 89
91 69 84
12 17 32
94 12 33
93 65 44
98 41 80
79 21 53
70 6 25
7 75 25
13 18 83
19 0 54
75 10 72
29 68 24
8 57 96
6 97 31
94 54 92
14 98 43
11 10 98
86 38 5
2 93 88
66 32 68
2 37 99
28 92 39
50 44 87
31 52 56
36 19 47
80 85 28
86 41 89
32 40 14
49 6 55
78 37 49
87 44 89
87 20 29
90 50 55
42 1 43
17 81 99
11 36 29
23 91 8
74 72 11
66 51 8
65 17 92
55 63 11
37 4 95
17 44 98
27 39 86
82 9 34
48 38 22
45 2 86
70 81 19
44 72 53
53 10 85
61 79 18
50 41 63
54 51 2
97 66 36
34 56 23
26 6 61
39 76 28
73 61 77
96 42 7
16 74 35
11 47 24
36 99 78
83 91 31
0 2 13
72 50 49
37 85 76
17 36 69
26 10 42
92 12 43
88 25 10
6 9 80
35 55 12
53 17 73
79 77 98
40 23 49
7 27 98
51 47 16
46 27 59
67 13 7
48 38 58
91 60 6
77 96 90
42 1 85
62 66 27
63 78 21
27 98 75
12 25 100
24 70 40
50 64 51
87 56 51
85 37 86
67 52 15
1 9 79
4 83 92
52 43 59
46 24 37
69 94 71
5 58 57
54 65 9
49 76 62
33 16 60
13 91 23
86 66 28
59 89 77
84 0 56
91 98 61
8 90 88
28 41 34
12 28 66
82 5 1
0 27 19
0 92 36
5 24 96
11 97 100
48 83 75
90 17 34
88 13 99
86 67 96
61 64 61
21 73 2
13 15 80
46 96 92
48 84 58
68 33 61
28 62 59
85 96 5
70 28 99
68 50 89
76 63 84
54 53 48
10 88 70
27 3 55
57 37 82
54 70 96
73 35 49
61 54 66
15 72 3
1 21 68
88 4 59
86 70 4
33 23 46
5 88 19
27 5 88
58 13 13
42 54 32
71 49 56
6 94 31
51 61 21
91 51 4
94 93 19
76 87 94
21 26 63
21 11 38
76 2 47
76 95 54
69 55 93
1 5 75
68 98 100
62 80 57
92 63 91
10 64 7
97 28 93
90 42 25
51 91 76
30 88 87
25 24 63
32 13 99
3 22 28
6 67 55
33 71 90
56 72 25
66 0 87
76 14 53
9 81 81
17 33 84
58 28 36
19 95 68
10 69 18
62 7 3
75 52 22
70 79 36
8 55 71
29 41 37
29 99 65
85 68 97
14 88 51
8 26 73
28 56 29
38 46 59
84 67 77
89 53 97
78 2 35
56 0 95
75 39 86
85 37 93
47 32 60
79 33 53
80 81 40
98 70 34
91 47 51
20 49 10
24 4 27
39 34 32
2 66 24
71 32 51
81 17 96
69 40 76
2 39 36
58 94 15
65 34 45
96 9 90
42 7 68
36 22 62
28 66 79
70 30 67
4 60 57
34 22 97
15 43 17
93 98 41
83 65 82
69 49 78
23 64 25
33 78 17
36 96 72
19 74 80
65 22 57
34 13 64
72 43 5
98 2 57
33 45 7
73 89 26
54 99 58
97 28 77
64 62 73
90 10 79
74 3 77
82 87 92
41 71 84
62 43 93
30 24 55
79 50 29
74 67 46
4 23 23
92 24 6
1 30 99
50 61 63
91 96 13
12 76 65
98 37 19
13 69 70
38 10 87
99 93 75
56 20 32
62 23 47
7 80 65
4 91 40
16 82 99
87 95 48
9 52 3
55 90 45
84 36 41
17 66 42
47 66 71
64 99 89
51 69 10
81 16 93
54 41 27
74 97 30
68 85 97
19 74 94
91 71 91
82 49 88
87 47 68
45 59 15
15 99 74
2 62 51
80 35 91
45 52 1
88 92 80
58 42 64
35 50 58
12 31 90
53 17 4
86 97 66
13 44 88
11 38 82
2 28 15
47 24 2
6 20 28
89 96 100
30 42 30
3 79 48
39 32 62
62 60 58
50 88 100
31 72 7
70 45 29
87 14 62
95 92 64
20 9 12
12 50 89
55 19 68
91 10 59
27 92 27
95 97 37
19 65 9
13 66 49
95 54 67
66 13 40
75 29 62
20 32 39
1 77 47
23 7 21
76 24 11
15 54 76
33 72 31
95 53 40
50 45 71
87 99 52
80 53 49
41 61 91
90 93 39
28 96 67
99 73 73
78 24 74
49 29 91
25 60 87
52 53 3
69 30 55
28 54 25
72 98 51
80 52 91
95 83 63
84 43 74
92 19 63
7 2 72
81 55 46
75 12 60
67 23 92
64 20 23
54 22 46
97 94 26
30 43 97
22 38 31
52 0 96
21 82 35
87 84 15
45 15 46
27 76 47
51 40 37
78 36 64
39 23 7
77 29 24
10 45 46
67 62 55
87 5 62
53 19 22
37 80 39
15 46 22
41 17 25
53 54 57
9 77 95
11 13 80
23 88 99
58 74 91
44 51 37
73 7 41
31 97 95
67 72 29
53 84 62
54 26 61
17 0 41
86 79 72
68 56 29
51 77 20
81 39 100
28 2 20
69 31 91
96 5 23
75 6 17
56 17 93
79 68 16
57 88 85
17 39 8
19 90 5
6 87 76
94 11 14
65 28 14
30 68 52
65 22 45
95 52 93
37 94 55
58 60 72
62 1 82
25 49 90
32 79 94
97 51 73
7 49 90
15 81 50
10 57 35
39 36 93
15 74 55
28 36 7
43 61 37
27 66 45
83 25 39
79 58 68
57 80 77
65 26 91
75 68 44
58 6 33
13 49 80
33 71 100
17 43 43
57 72 37
61 72 30
84 43 90
45 88 47
62 10 5
15 43 14
79 28 91
90 22 89
69 83 22
85 81 10
97 16 98
37 59 49
5 62 91
57 27 41
2 66 93
38 90 44
83 95 57
86 25 25
77 62 100
53 51 2
91 97 97
6 15 36
34 44 92
70 86 56
50 18 76
45 15 86
37 26 88
2 72 30
81 75 8
38 83 4
65 44 81
22 96 33
43 22 1
52 91 65
3 11 93
36 79 79
35 74 51
48 62 74
11 35 68
98 36 51
59 50 5
12 63 74
86 2 4
63 49 83
40 93 9
12 48 54
82 25 24
28 91 53
77 72 10
73 31 23
83 21 45
46 67 81
73 58 32
13 1 35
70 84 69
5 82 4
26 57 92
71 44 98
45 31 51
16 15 66
84 14 100
97 48 80
11 60 71
24 35 18
76 94 74
68 3 76
95 32 75
88 10 68
22 53 89
49 67 40
88 33 100
7 66 61
17 1 72
60 14 73
66 94 65
49 25 67
86 91 44
91 80 15
88 37 45
77 92 19
87 6 97
5 16 37
38 51 47
16 72 30
96 61 21
32 41 87
3 28 22
35 4 24
33 43 5
89 11 89
85 41 79
82 88 36
30 34 1
58 43 21
17 34 66
91 25 91
3 65 67
36 48 53
49 13 61
87 35 9
59 87 24
96 21 46
31 97 35
25 24 22
60 53 3
40 0 33
33 14 7
34 79 98
66 20 55
41 88 71
60 85 28
26 98 90
98 60 71
91 87 81
91 39 79
51 68 78
82 25 53
81 23 2
97 83 13
55 90 68
23 32 48
72 8 1
53 9 16
4 88 32
51 19 16
49 47 27
82 3 32
93 57 15
1 66 81
39 98 9
26 99 10
25 85 55
45 21 51
87 31 76
58 67 88
27 20 72
45 30 5
89 10 54
10 8 13
85 61 13
91 60 72
72 36 14
85 18 53
54 35 66
90 91 32
26 90 13
96 93 84
87 59 21
72 8 46
74 84 79
47 94 25
59 95 12
45 57 33
80 23 28
62 21 9
43 19 29
58 89 79
6 77 43
2 19 62
80 3 74
33 61 51
53 32 36
19 68 98
47 61 65
98 83 54
48 5 39
27 78 69
91 61 13
39 57 83
22 0 62
64 37 28
98 11 71
20 87 36
31 99 93
28 39 35
75 25 91
6 26 63
51 39 66
59 25 99
9 98 86
98 40 98
34 43 50
66 60 77
29 79 64
15 96 63
40 91 15
6 90 66
81 93 16
89 95 27
70 4 67
75 89 88
64 87 64
7 93 8
23 1 84
61 5 17
43 67 34
69 64 38
84 37 52
78 23 4
24 46 88
9 52 86
78 86 62
25 13 75
39 80 20
16 51 46
13 46 34
81 83 8
23 34 74
68 77 97
86 71 8
18 52 6
73 40 51
42 88 89
19 61 59
13 94 87
71 99 20
86 85 11
97 87 57
79 1 70
99 82 76
64 3 86
92 31 78
65 63 83
16 20 47
73 41 1
98 18 64
24 76 27
83 93 39
71 24 64
52 33 93
6 28 92
23 68 55
25 74 89
58 81 42
82 24 44
22 42 53
65 80 72
55 96 32
85 11 22
34 22 73
65 49 24
5 32 76
91 36 1
27 50 75
58 18 41
27 93 40
84 66 98
7 75 55
52 86 15
15 95 81
37 64 61
85 74 24
19 54 63
88 59 5
27 99 40
52 40 5
14 94 94
81 96 9
42 15 28
23 99 4
91 92 100
28 90 1
55 29 1
42 86 21
22 54 35
31 2 64
24 36 12
99 22 32
99 23 61
32 56 87
90 74 64
19 12 9
74 53 77
34 97 83
34 40 97
23 64 64
14 93 87
32 23 33
54 23 64
11 99 69
8 57 77
0 95 9
17 92 10
52 3 37
6 64 39
58 21 34
57 91 10
73 47 92
63 53 63
92 74 98
7 52 41
62 48 80
56 6 58
39 60 18
6 90 21
83 96 49
93 21 93
30 22 78
31 7 54
20 22 1
23 13 38
16 58 18
40 89 37
6 93 31
20 62 26
86 33 41
91 82 64
20 94 64
66 68 65
39 41 92
16 2 25
4 34 69
27 73 11
2 84 54
29 99 46
48 87 15
78 53 67
42 41 67
1 37 4
8 3 3
48 90 100
18 8 34
12 98 18
46 2 60
84 88 61
78 11 77
37 23 90
59 61 31
82 99 34
37 63 99
43 97 75
45 5 25
50 69 2
8 33 57
90 3 89
94 50 3
93 10 36
67 77 30
17 95 73
47 49 63
88 10 97
20 98 60
8 40 25
67 32 96
1 66 21
10 64 25
23 88 85
54 68 81
77 32 26
92 87 34
14 72 61
67 27 19
16 62 74
63 1 84
66 10 78
82 5 65
12 37 37
12 59 33
86 13 36
75 1 48
28 11 81
83 54 2
35 4 86
68 56 100
57 78 55
66 88 67
37 53 73
1 72 6
87 84 88
78 58 11
65 50 100
23 80 10
97 20 67
24 22 9
54 16 8
64 75 96
52 83 50
49 9 48
40 63 15
84 64 27
26 86 42
26 35 20
49 63 51
14 39 55
0 78 88
34 91 41
16 21 11
17 9 58
65 18 10
84 93 10
33 7 43
63 21 45
1 71 25
79 80 99
32 43 31
67 54 3
25 51 11
67 57 26
0 61 44
55 31 26
83 13 12
33 55 85
10 99 99
20 43 26
44 75 6
62 0 25
59 10 78
40 13 85
85 0 15
82 97 37
27 91 91
85 57 81
20 46 80
4 94 15
28 32 47
21 17 81
6 60 35
85 4 96
0 89 15
14 3 19
7 13 74
97 11 90
11 16 99
99 78 59
33 96 19
98 20 62
53 0 9
94 28 12
37 44 45
86 24 23
39 70 73
33 44 29
55 49 86
37 32 95
88 82 8
76 34 67
52 21 41
35 58 10
88 52 9
36 72 23
7 45 11
71 80 92
61 80 89
13 31 40
34 52 33
55 88 93
86 64 15
83 36 81
47 54 38
4 58 51
62 9 64
96 81 52
4 50 76
76 91 21
97 74 74
51 27 26
83 29 77
16 33 40
54 28 38
53 1 21
87 62 85
84 91 17
98 28 40
15 43 29
8 83 65
26 40 82
45 18 95
23 78 3
57 87 14
74 78 54
76 54 79
33 10 68
93 16 8
72 82 41
57 53 12
38 15 36
91 9 10
68 91 54
22 6 72
89 23 64
92 84 89
19 71 79
81 77 68
30 51 54
64 48 98
95 76 90
46 1 4
8 12 100
4 44 60
44 10 1
53 82 74
8 26 24
59 49 98
82 7 13
10 65 2
19 2 6
2 92 54
16 15 5
6 80 28
93 70 1
3 21 19
40 58 27
31 74 82
18 2 65
7 8 45
10 34 10
67 15 31
0 25 89
56 14 27
33 9 66
78 81 28
64 48 32
37 14 5
81 22 96
16 56 67
86 42 55
16 5 100
85 68 40
90 73 65
77 78 7
31 17 68
84 58 17
79 68 92
47 14 41
44 49 57
50 72 3
47 77 10
63 22 3
94 83 61
31 85 20
24 26 3
43 69 78
6 25 42
85 90 27
42 93 69
39 20 82
60 70 89
96 81 76
87 12 65
46 48 46
30 75 4
41 77 75
97 63 85
21 13 79
95 99 42
25 67 87
19 9 32
13 49 64
25 65 96
48 9 91
72 83 56
70 99 72
85 10 88
10 54 82
7 50 43
22 96 76
63 6 43
98 61 28
73 25 77
20 81 43
6 78 46
58 88 97
61 4 22
67 7 24
11 40 41
99 30 85
45 43 32
31 44 88
34 12 67
98 34 94
58 6 24
38 88 30
62 24 82
35 51 70
62 70 37
11 76 36
97 52 83
18 48 85
6 94 78
65 31 99
56 51 94
72 96 83
71 17 61
51 22 39
89 73 31
74 79 75
38 52 6
81 13 4
64 18 69
13 92 61
80 86 38
87 20 81
56 43 61
1 91 2
28 71 42
93 36 96
19 96 32
32 19 22
12 67 15
20 89 47
97 55 82
46 29 46
75 34 94
59 65 22
57 9 30
88 20 48
81 74 69
30 90 21
47 4 14
33 30 24
21 31 41
65 58 14
40 52 72
54 45 29
52 74 21
96 6 64
77 66 84
30 91 53
39 4 1
92 58 15
72 31 22
89 51 75
94 27 20
13 91 48
89 53 60
19 51 35
82 33 56
82 88 4
54 26 77
32 59 23
77 61 50
3 28 5
48 78 96
96 77 57
16 27 61
22 76 62
59 66 59
2 5 48
94 22 37
87 58 89
20 31 29
70 40 61
56 13 73
41 40 94
42 56 87
44 20 80
78 3 99
93 21 51
84 62 32
98 58 28
28 40 60
50 70 63
86 38 79
41 55 89
46 42 100
46 88 72
95 49 9
77 66 67
4 77 5
29 69 49
62 48 85
12 88 72
38 92 18
68 24 100
57 29 24
42 7 51
71 0 67
42 48 93
91 87 27
27 12 3
34 55 24
40 90 69
58 34 75
68 43 57
50 22 3
2 92 2
18 91 51
44 45 1
1 59 16
98 57 64
46 76 81
91 13 8
79 75 80
87 73 20
47 75 88
98 77 47
1 92 9
66 78 86
32 2 79
39 8 28
85 79 33
63 93 46
28 59 47
79 65 68
10 89 71
40 56 39
39 5 91
58 66 24
6 7 19
40 61 8
41 79 72
38 35 16
40 29 91
48 46 1
96 35 77
74 9 21
40 16 8
55 59 96
93 66 57
20 42 94
99 78 31
67 59 7
80 97 86
67 36 18
41 46 9
87 47 31
30 92 59
83 73 77
16 67 42
4 27 55
64 54 29
28 68 49
95 99 100
79 43 20
70 96 57
53 42 27
91 79 34
83 29 75
41 82 29
3 83 2
96 0 80
32 14 19
84 58 92
24 98 57
31 59 13
49 19 11
10 88 67
86 71 11
37 15 98
31 56 82
82 80 67
49 81 4
3 84 59
14 85 43
15 51 73
93 42 26
74 21 77
17 19 9
15 88 48
63 96 29
27 44 96
39 79 43
52 19 98
71 12 69
50 13 70
76 26 66
11 96 70
42 72 58
43 1 12
42 9 95
38 14 47
85 5 99
5 52 32
8 60 51
80 35 15
69 72 32
14 81 29
61 84 13
23 64 30
39 88 88
55 95 60
75 84 59
62 70 78
24 98 79
47 9 12
88 32 58
72 99 60
27 85 30
51 0 97
54 50 89
46 96 12
31 59 97
25 93 41
50 59 62
57 29 7
0 56 39
90 6 99
90 61 75
81 91 26
18 74 52
69 79 89
69 32 99
47 78 87
29 15 44
71 77 38
25 58 9
48 18 100
92 32 100
1 46 86
44 48 87
51 23 91
36 87 54
14 92 66
79 46 36
28 29 82
2 48 27
34 76 48
31 14 56
36 82 71
16 64 52
50 32 91
22 58 57
83 12 97
29 99 94
97 69 28
31 53 22
48 20 55
20 16 7
25 51 58
7 85 68
95 49 62
67 16 65
72 41 76
39 72 85
60 98 69
22 68 59
99 97 21
23 20 74
66 98 48
27 34 74
83 74 90
43 32 16
61 93 47
0 74 73
71 40 89
99 98 55
69 79 46
44 79 86
21 7 5
75 72 99
67 55 61
21 84 98
19 69 35
36 56 86
8 57 37
52 14 93
14 22 33
36 64 53
73 74 19
29 79 67
2 79 56
22 87 60
38 39 29
49 41 59
89 15 59
87 11 95
79 34 10
59 52 1
3 21 96
20 68 94
16 84 97
8 38 92
89 57 38
74 95 84
61 92 3
19 14 15
48 41 23
67 78 30
89 66 34
82 91 70
43 23 70
24 15 52
72 84 11
44 79 64
95 76 1
41 70 77
58 71 33
43 18 81
31 54 29
37 50 32
86 55 82
95 17 37
75 8 12
35 19 74
5 85 10
41 8 45
10 8 52
71 24 21
62 57 2
20 14 28
79 64 82
53 61 85
48 81 89
23 96 64
44 68 7
40 53 13
79 6 80
48 21 7
59 2 61
49 26 91
53 29 68
62 73 61
11 57 48
14 89 95
56 1 35
4 50 93
27 61 27
84 87 25
92 5 17
75 24 56
57 30 72
45 90 14
74 25 49
78 69 86
96 49 64
85 95 38
57 88 85
5 25 11
82 87 65
27 30 1
11 19 70
73 9 27
50 46 23
32 18 79
17 57 74
50 40 71
71 55 80
5 87 58
17 92 49
67 51 68
41 53 29
56 78 4
23 64 96
53 39 38
56 81 20
33 52 92
68 48 37
38 60 41
20 32 42
50 97 59
3 9 11
66 67 22
92 84 66
6 92 5
92 3 22
58 22 39
96 62 56
48 77 23
20 27 56
34 77 53
11 10 67
59 41 3
87 66 6
65 83 95
62 88 25
41 66 80
70 13 90
29 38 28
18 5 6
80 56 62
97 53 8
42 16 46
89 38 82
35 36 15
41 86 93
16 71 75
17 78 80
51 31 43
96 24 60
77 52 50
24 39 56
65 19 61
5 91 100
9 77 74
96 59 92
44 19 38
4 43 44
1 41 99
7 8 87
56 88 92
46 40 47
75 33 10
12 17 90
25 5 56
74 64 51
27 69 92
46 34 53
43 32 26
80 0 21
84 32 43
53 19 39
67 35 30
64 49 15
21 65 44
83 37 46
95 31 72
23 90 62
43 35 20
68 2 82
95 43 45
73 87 71
73 52 22
2 66 8
92 64 41
7 85 21
90 2 68
61 99 75
71 69 93
84 26 95
8 23 54
55 70 79
94 38 65
96 1 69
85 43 27
60 89 62
99 68 15
76 11 94
15 60 82
41 68 47
60 86 58
1 52 50
43 28 32
69 10 86
4 86 77
61 65 91
86 10 85
5 80 12
95 19 68
63 98 4
22 59 14
69 1 23
3 74 16
9 55 45
23 0 67
57 93 67
86 25 47
44 23 1
26 77 52
86 79 56
69 63 11
80 25 8
30 4 33
59 20 29
93 81 23
7 35 52
11 53 56
13 10 54
82 65 79
57 33 18
16 4 61
19 23 76
14 85 33
93 35 91
77 24 76
10 7 23
55 6 41
88 39 13
16 95 4
42 85 93
76 93 3
98 86 59
5 12 64
96 91 81
23 54 34
52 28 34
14 48 71
65 76 37
23 33 55
8 96 86
99 34 28
48 49 82
73 91 81
40 22 62
17 53 34
13 20 81
26 22 38
68 10 62
32 50 58
78 29 70
67 25 8
30 61 9
25 71 62
19 13 88
17 79 46
63 80 44
33 8 7
13 71 31
5 6 13
0 54 23
31 41 48
91 26 40
8 88 63
30 12 30
76 65 49
74 71 3
88 34 85
28 15 99
72 83 91
99 75 28
73 41 30
73 62 20
62 30 85
52 54 29
86 24 43
89 38 48
95 66 92
47 88 52
30 28 59
6 57 74
3 40 44
88 47 28
84 96 53
99 44 60
74 8 87
2 26 11
3 5 78
16 53 44
44 4 9
7 24 96
88 31 84
85 0 11
90 87 75
77 3 98
88 95 99
88 92 42
17 65 23
77 92 25
50 42 12
43 79 62
92 59 4
64 69 90
97 29 92
28 71 28
76 62 81
88 63 30
33 78 64
60 21 88
93 50 88
68 7 69
69 70 95
78 59 10
8 80 42
43 85 96
21 18 64
72 73 75
16 90 42
76 35 84
58 15 41
4 60 33
34 82 14
99 59 3
95 98 16
82 11 75
81 22 70
13 12 62
54 89 14
99 4 29
75 48 1
65 99 61
0 35 27
15 88 55
6 89 9
26 24 91
41 8 26
32 74 1
62 29 99
17 51 14
41 85 34
65 67 50
65 97 5
29 61 26
40 60 41
54 46 27
5 69 48
39 48 58
46 88 88
42 32 7
54 2 21
92 46 76
91 35 12
16 91 97
48 33 100
97 24 63
65 33 24
55 99 22
59 78 43
93 38 59
9 33 1
13 19 33
58 14 93
19 67 85
38 63 32
74 56 58
94 75 53
59 6 5
74 64 94
54 41 95
50 42 21
67 27 89
82 18 27
59 93 86
81 53 53
62 34 72
93 47 68
52 53 59
56 21 88
63 73 26
32 17 15
44 36 48
45 71 51
80 10 56
45 15 52
20 23 2
43 88 100
78 26 13
27 23 11
11 17 53
71 39 31
85 70 74
21 27 93
22 19 29
43 87 64
91 83 83
85 24 71
83 56 89
2 38 53
53 95 80
0 12 86
14 41 12
37 95 1
15 76 8
81 56 46
93 60 6
63 7 51
10 71 37
13 44 98
99 37 29
51 15 100
68 42 56
84 71 13
97 75 61
71 74 54
19 44 81
46 0 3
69 81 46
14 56 5
62 54 23
34 68 63
7 13 8
94 14 57
69 27 24
56 73 72
21 19 30
32 49 99
20 61 27
90 91 3
1 30 80
1 25 94
60 15 46
28 22 63
95 68 26
94 41 22
47 91 95
30 45 69
58 8 91
2 75 20
34 88 50
32 11 8
13 81 79
87 19 28
24 93 26
73 87 42
56 12 18
3 61 16
53 21 86
17 77 49
83 21 97
92 51 89
92 19 2
32 48 59
79 62 30
35 52 64
39 35 95
11 31 81
63 49 64
11 69 4
46 7 100
22 14 75
12 40 61
93 86 99
27 24 80
65 50 97
90 53 33
93 77 45
2 53 37
44 24 87
89 48 13
8 7 39
0 5 67
31 63 23
84 20 73
69 54 9
58 1 6
35 44 24
88 85 30
42 52 39
56 53 13
46 4 50
90 80 47
27 62 25
8 73 84
10 69 41
64 87 75
13 98 87
37 73 96
24 41 92
46 48 36
6 27 100
84 85 98
45 92 87
33 85 56
86 98 20
55 82 67
78 97 9
84 14 78
86 94 32
17 33 12
93 53 24
31 5 20
17 24 61
58 43 67
28 73 10
1 27 47
23 34 66
40 27 57
78 2 28
58 40 22
55 19 68
26 88 6
86 2 20
82 14 5
97 69 48
5 99 59
51 18 28
70 12 38
5 94 15
13 72 78
38 18 2
9 78 35
91 63 1
83 86 97
23 1 59
34 61 48
67 83 23
37 80 44
59 50 22
39 2 98
97 57 68
60 14 52
13 22 64
49 54 95
38 57 32
60 93 27
44 45 77
42 36 100
6 66 20
90 6 54
61 54 14
28 17 51
53 89 11
11 96 69
82 39 80
43 52 41
26 17 25
73 51 18
19 59 84
1 51 27
45 43 23
78 73 50
95 50 92
37 59 16
62 64 52
2 84 16
30 6 15
0 17 33
58 11 67
49 92 14
55 41 2
2 25 91
61 95 62
49 96 32
14 45 3
39 14 27
85 5 48
9 28 39
74 85 10
81 74 12
67 92 19
63 31 42
86 82 90
50 40 26
88 22 98
40 42 89
34 72 74
90 20 15
36 55 37
12 70 83
36 79 7
43 84 74
50 61 69
42 18 95
60 17 91
2 10 24
16 74 40
46 45 55
57 65 31
87 45 71
79 7 67
75 83 19
10 57 5
41 65 18
10 47 40
81 99 57
6 31 88
43 90 99
53 72 55
22 74 43
17 22 25
67 89 50
8 54 20
46 19 51
47 13 68
17 67 10
58 52 42
48 43 23
74 96 57
61 95 70
72 88 23
60 95 36
81 41 53
13 39 46
95 8 45
32 4 13
40 54 93
13 63 18
12 79 93
6 91 97
40 93 74
49 54 89
26 34 3
45 7 73
91 16 22
54 14 48
45 8 86
83 29 37
32 72 23
30 7 75
77 46 18
0 7 90
49 55 66
9 28 8
70 72 8
9 33 65
90 17 83
77 42 86
20 40 1
35 5 44
36 99 9
78 41 1
4 96 91
88 13 73
2 20 48
7 57 96
11 35 13
88 24 12
88 6 32
46 6 36
42 18 19
1 53 25
54 65 16
14 53 40
50 22 71
44 12 24
95 63 99
7 44 79
73 26 3
40 43 58
80 88 37
15 53 98
75 70 79
65 16 12
71 25 45
35 18 92
52 14 78
83 63 60
58 56 52
6 48 43
3 2 9
13 38 71
78 2 89
58 46 31
88 3 5
73 18 37
16 20 80
78 74 19
5 91 27
5 85 60
83 1 74
44 76 45
67 47 21
12 81 61
47 34 46
18 22 76
69 29 15
88 37 14
90 56 19
32 15 76
7 85 32
88 69 49
54 83 45
34 35 96
41 65 88
6 77 2
7 83 10
69 33 4
70 25 59
94 19 75
43 72 50
1 90 12
73 49 20
55 46 28
56 12 95
92 91 70
51 26 44
30 69 90
14 37 83
81 77 80
55 96 94
33 20 70
2 86 16
60 67 44
90 46 44
6 81 55
39 98 51
98 92 24
54 72 56
46 2 17
0 23 13
63 72 43
66 38 52
34 27 58
58 37 95
99 51 23
9 7 56
60 89 46
9 22 20
27 69 90
13 92 55
10 15 47
5 31 54
96 88 35
39 91 69
3 96 40
76 34 97
6 98 73
17 64 32
92 9 50
23 19 12
16 67 26
67 42 98
