46 85 62
19 20 74
70 85 79
73 7 45
88 69 77
98 31 70
8 55 47
79 28 74
65 58 91
38 9 32
6 45 16
99 45 12
52 42 30
38 77 49
87 67 94
76 82 47
28 40 20
6 43 92
85 49 68
74 34 14
26 35 81
92 5 11
80 82 88
4 69 85
11 4 66
75 7 67
45 20 54
32 58 15
38 27 18
70 89 42
63 62 23
27 93 35
9 26 10
29 71 87
21 2 65
91 66 68
22 5 14
86 77 45
17 29 85
70 2 95
73 15 90
66 69 11
70 19 64
6 63 100
87 78 47
61 55 23
62 48 35
47 15 12
65 89 37
81 80 56
63 28 86
69 12 7
75 98 3
35 62 83
35 54 4
94 35 85
69 92 62
46 44 67
98 72 46
50 79 68
53 32 98
96 10 96
12 51 82
99 1 19
7 76 71
0 68 37
68 75 46
63 43 26
18 48 52
27 96 5
14 18 30
35 75 72
27 60 26
80 2 80
8 45 99
77 34 31
28 63 79
66 21 12
92 1 23
55 1 24
43 70 37
88 55 95
62 0 34
12 39 17
41 23 16
51 14 68
32 24 46
54 1 78
11 81 5
89 59 94
80 64 59
14 75 68
4 48 21
55 88 86
61 58 89
87 68 62
0 54 93
29 82 20
71 1 52
4 82 99
41 9 54
10 96 73
5 16 99
45 48 41
7 84 34
99 82 56
25 61 37
65 82 76
23 57 91
33 86 22
96 80 1
22 79 35
30 9 1
95 7 98
71 76 44
64 33 52
20 19 83
1 45 42
78 28 93
48 54 43
96 36 37
3 40 71
91 23 97
61 86 36
57 63 37
50 92 99
99 81 17
67 18 50
64 73 84
89 85 21
22 34 46
96 7 39
34 64 33
30 73 36
76 21 83
17 80 8
45 41 34
55 72 25
61 39 34
26 63 19
59 1 83
59 0 26
58 31 49
44 83 58
50 87 19
18 65 99
94 9 88
22 32 84
42 96 9
61 47 80
37 10 81
70 74 50
81 80 96
64 76 86
55 18 72
98 64 48
83 26 3
30 54 41
40 70 65
64 70 31
91 1 13
46 78 6
4 50 87
97 3 67
37 29 81
52 7 53
14 19 99
53 69 78
5 49 22
80 13 78
91 34 74
59 97 91
8 13 50
56 73 76
74 24 92
3 67 89
63 36 25
5 91 8
82 91 70
9 79 57
45 5 69
78 92 3
9 14 87
38 79 23
95 64 77
26 47 40
1 66 52
82 20 96
44 30 15
33 69 27
35 69 34
41 5 62
30 94 83
61 56 2
16 35 21
36 0 44
1 0 16
30 52 12
5 65 29
60 3 17
50 34 72
18 68 48
19 82 90
85 59 65
84 79 31
99 8 6
20 65 40
66 0 45
37 96 18
71 28 90
29 43 91
82 61 83
35 81 77
66 22 65
90 64 44
46 60 80
67 11 92
63 95 88
87 58 79
16 83 58
31 19 84
58 60 19
98 83 67
37 17 20
37 63 97
85 55 42
64 77 85
21 35 32
21 23 49
94 87 32
64 20 15
52 62 33
30 3 21
29 41 34
97 22 80
43 2 46
43 28 25
40 24 66
68 92 100
90 93 100
10 51 85
35 94 39
26 30 46
72 73 34
38 71 37
69 22 7
23 96 14
25 80 86
6 29 46
76 89 25
30 17 39
22 82 74
43 35 71
38 47 66
14 75 74
22 17 80
29 34 1
56 2 80
2 89 30
39 7 15
50 24 20
36 81 49
26 80 61
43 87 77
72 25 7
97 49 14
3 97 66
60 17 94
17 87 64
11 98 96
90 9 99
99 4 27
14 93 46
58 70 81
17 74 66
70 6 3
23 69 85
67 60 35
34 21 27
29 19 66
88 41 100
53 79 66
9 13 82
34 46 80
64 99 29
70 5 8
61 43 68
49 50 77
76 85 89
18 35 81
54 69 27
86 45 64
7 9 75
10 42 58
70 13 40
75 92 26
36 55 24
35 49 11
46 74 69
82 27 4
62 52 9
21 38 85
49 98 84
79 50 14
54 55 25
50 55 74
69 39 91
12 21 63
44 47 5
83 24 44
41 25 64
26 97 74
56 80 87
90 10 77
63 5 68
69 21 82
40 28 83
88 87 22
2 16 10
21 8 89
96 77 46
27 8 3
84 11 91
78 44 13
69 24 48
68 59 62
63 34 34
57 13 32
51 94 4
65 15 12
42 37 5
13 16 70
46 63 64
1 33 16
80 42 37
2 56 85
5 17 70
58 7 44
12 86 68
90 55 63
19 2 27
89 84 94
12 23 1
50 56 65
54 49 38
34 82 52
36 94 10
99 20 9
89 92 58
31 5 44
98 86 22
93 80 99
5 79 5
26 16 47
32 16 73
66 4 77
97 90 17
62 31 34
63 44 53
12 74 51
91 76 82
18 32 94
55 42 51
9 1 97
51 20 29
65 43 1
92 46 43
0 32 60
47 17 72
31 16 73
24 1 65
93 87 98
21 98 34
22 83 66
66 44 86
87 86 4
59 12 10
26 0 85
4 2 23
93 14 29
52 72 48
58 16 63
29 75 57
35 20 22
12 54 89
95 5 69
67 37 17
95 36 92
85 87 45
35 11 49
59 95 74
3 43 71
60 31 59
36 92 57
94 33 14
31 54 40
60 30 8
16 98 80
16 81 42
32 72 55
25 13 92
4 99 14
12 89 63
36 38 65
10 46 30
40 10 11
5 95 95
18 50 9
66 10 87
21 82 25
72 99 83
30 89 97
70 23 99
3 72 66
42 48 27
17 2 20
84 90 60
27 58 64
96 0 72
91 17 87
86 82 48
29 9 27
74 34 54
73 77 33
57 14 58
51 71 81
29 46 95
86 15 5
81 34 49
78 80 38
70 32 54
27 3 67
31 16 6
90 56 95
48 15 41
64 94 43
96 46 22
71 80 19
32 90 23
48 56 28
86 83 93
21 83 7
63 22 91
38 92 26
11 77 22
88 33 27
43 11 17
93 11 14
99 58 67
78 72 43
95 4 2
87 97 65
60 98 4
88 79 99
13 78 44
95 2 55
58 52 9
65 81 75
93 24 52
31 7 66
24 48 79
85 89 48
27 30 2
41 21 60
3 68 93
15 71 82
21 67 4
12 61 54
82 49 68
90 12 89
45 75 78
44 3 76
96 97 23
9 80 41
96 9 79
20 57 47
74 72 53
92 44 2
84 11 65
5 81 93
22 89 56
91 3 16
60 99 6
85 79 19
90 51 30
49 36 24
21 9 98
52 33 60
30 20 28
94 90 81
70 35 45
95 53 31
71 77 51
20 40 55
49 88 87
62 32 37
97 57 4
20 91 2
33 90 20
24 13 44
69 24 56
90 32 70
83 99 6
31 53 23
64 68 37
5 44 86
61 52 18
85 31 33
65 91 9
80 92 3
14 42 73
99 4 38
93 67 3
67 12 79
45 9 12
32 44 67
1 20 48
66 96 28
77 97 36
42 85 67
54 88 36
30 64 64
57 68 28
34 1 75
13 53 42
13 96 30
54 27 38
3 87 8
34 23 55
43 15 19
77 86 84
37 99 49
41 17 23
59 58 90
17 47 8
55 54 19
87 64 74
67 3 38
77 54 16
22 69 70
76 31 41
89 97 23
6 75 15
17 14 83
39 65 89
59 11 65
28 61 97
87 10 4
48 0 98
63 59 1
66 48 21
36 90 53
10 82 90
72 55 84
26 50 45
89 4 47
52 3 84
77 71 62
63 14 20
6 91 3
46 84 51
40 84 4
75 42 41
54 34 4
1 19 7
46 90 23
28 8 32
74 87 79
72 36 47
18 77 97
62 59 17
42 24 21
83 98 15
43 25 62
7 56 49
89 90 27
53 39 94
84 79 100
87 40 88
72 6 49
81 7 56
83 73 71
72 13 42
59 21 24
35 75 57
62 71 10
10 78 2
4 98 3
1 35 21
99 40 86
8 59 1
33 38 21
77 9 59
46 83 85
57 10 93
89 39 99
78 1 91
22 46 36
96 52 40
86 19 88
68 95 50
10 39 44
8 9 4
11 69 30
10 77 74
34 58 3
39 83 39
88 74 26
40 72 1
5 17 41
85 44 94
55 27 55
25 53 11
71 23 35
63 62 2
40 90 37
55 36 51
75 23 16
51 88 23
10 26 97
54 56 80
72 90 93
12 80 12
38 30 65
65 39 44
83 73 10
3 33 52
62 79 58
78 6 88
24 17 97
12 64 51
4 11 30
70 27 46
21 48 85
8 33 87
71 87 24
38 89 24
43 50 56
78 14 25
72 64 43
49 6 29
73 24 6
36 28 51
58 6 30
46 47 30
16 17 98
72 91 85
32 98 90
57 55 35
65 87 51
17 76 61
56 30 21
78 55 99
29 36 25
43 83 17
25 43 47
86 29 66
98 26 39
76 30 88
18 27 44
40 32 23
75 25 52
80 33 76
97 38 70
59 38 36
63 45 49
36 40 31
31 88 82
70 74 74
88 72 29
3 59 92
74 15 37
65 34 37
43 26 50
62 74 61
6 94 91
79 26 36
32 52 49
86 35 83
41 94 79
5 82 61
83 27 9
33 61 3
65 62 64
61 9 85
85 95 8
98 80 77
68 12 13
61 7 11
41 48 52
50 88 27
11 55 72
82 77 8
12 20 6
87 84 75
18 74 48
22 93 30
28 37 46
99 46 81
64 10 84
42 56 93
18 54 41
91 68 96
22 68 28
13 21 4
15 82 12
78 38 12
37 88 96
2 4 77
12 70 61
95 28 2
96 82 9
49 76 50
78 29 88
14 48 5
5 18 12
46 14 48
64 98 46
90 20 64
68 28 1
58 21 49
92 77 83
32 38 33
87 61 81
6 80 29
50 26 66
15 33 5
73 86 64
37 72 37
48 0 31
22 0 77
25 58 21
75 59 17
48 34 70
26 18 41
16 6 81
85 66 48
92 21 2
13 69 36
79 70 23
37 26 14
39 17 13
65 92 53
59 35 99
43 70 34
21 77 93
9 12 2
59 38 46
44 50 95
40 49 21
67 51 19
92 19 49
88 56 48
11 66 35
52 84 100
6 93 48
56 95 98
0 39 52
39 76 76
22 69 23
48 38 47
39 51 74
41 67 45
54 59 36
96 22 61
67 0 6
31 68 47
26 17 23
79 31 66
18 98 38
47 97 78
72 7 49
98 45 94
24 81 21
32 84 90
60 4 4
4 98 10
76 13 62
21 16 54
20 86 42
22 75 23
69 45 2
43 63 43
96 83 77
10 1 70
3 13 19
7 65 63
19 97 20
60 57 15
98 90 32
33 49 52
31 58 40
17 56 17
24 85 38
60 66 57
79 44 18
88 89 58
39 9 97
11 26 36
2 12 77
34 80 84
82 2 49
84 98 42
57 72 59
13 42 8
38 59 52
27 21 19
7 47 18
38 87 23
81 18 21
30 31 98
30 49 4
61 0 36
87 44 26
92 31 9
74 53 33
70 8 84
41 32 6
45 93 18
94 84 17
22 62 65
30 62 86
89 34 67
10 51 5
59 24 53
17 5 14
69 13 19
79 28 88
1 19 86
85 89 98
43 38 54
38 23 90
74 6 21
85 11 59
81 63 78
97 56 10
5 23 4
20 91 52
23 72 34
94 33 45
83 17 94
1 29 16
46 13 89
25 58 29
58 36 81
40 44 54
80 46 67
20 40 10
56 10 95
87 48 93
93 86 99
53 92 64
9 13 90
32 13 38
11 13 4
71 29 30
22 39 17
10 57 29
11 0 75
4 73 79
30 98 13
84 92 19
81 76 26
32 93 42
57 31 36
74 84 70
43 80 84
55 35 20
7 91 74
38 49 95
70 35 52
93 74 6
14 27 74
26 34 1
53 57 28
14 10 98
30 69 40
48 4 68
27 62 28
17 41 39
56 8 65
75 32 60
40 29 24
41 74 44
62 25 91
86 65 56
27 0 91
55 8 82
9 44 8
95 73 83
83 48 25
77 31 55
19 46 18
9 72 50
65 34 57
63 26 41
33 88 40
6 91 99
8 22 30
34 33 54
18 80 66
80 57 31
12 54 37
34 47 98
35 1 79
79 47 94
4 51 6
19 92 41
17 30 21
34 87 74
90 79 6
43 44 63
53 95 37
4 27 94
37 3 60
0 2 69
91 11 14
60 78 47
33 19 66
99 57 7
25 93 73
24 52 82
73 27 34
60 35 86
81 85 52
74 99 82
15 49 53
77 27 36
49 87 16
80 19 47
83 97 22
64 68 7
73 97 89
2 52 11
53 1 65
24 47 36
63 32 100
58 50 41
85 98 95
3 34 66
27 13 64
36 19 52
97 99 70
83 62 6
23 61 63
61 63 79
95 65 33
12 51 57
22 87 20
51 27 71
90 35 79
87 80 8
20 6 94
54 44 81
62 69 78
49 86 92
61 59 31
21 82 3
55 9 27
50 78 75
83 56 43
99 90 47
66 82 84
37 6 4
71 84 57
54 30 79
60 93 77
80 57 12
36 35 8
59 3 59
41 73 81
69 15 1
32 14 7
68 57 4
89 18 53
93 81 16
8 56 18
62 71 22
75 2 88
13 22 58
66 35 65
50 14 10
89 82 25
79 11 3
30 18 47
68 24 34
35 17 85
91 49 15
49 76 49
76 2 2
37 3 62
95 83 54
78 44 37
13 91 43
73 55 86
25 21 16
68 64 30
11 73 28
76 41 93
4 70 67
7 88 50
77 97 40
12 48 94
4 61 100
3 81 49
83 11 46
9 46 82
68 70 6
3 5 1
23 54 16
35 91 52
35 59 84
70 11 22
35 30 45
67 81 58
13 57 60
1 79 38
4 44 11
10 20 34
13 25 67
96 26 46
63 41 71
25 89 21
72 28 49
81 25 42
2 92 52
93 89 69
7 47 1
50 14 23
43 15 81
26 21 43
44 49 26
17 16 1
9 15 13
75 62 69
3 65 13
56 23 30
19 78 82
51 56 31
48 79 66
66 74 95
12 51 43
70 79 47
10 75 38
61 17 20
6 81 31
30 96 51
51 21 63
20 68 42
14 96 45
53 27 40
47 13 20
31 19 38
65 74 33
30 75 6
22 31 48
93 45 53
3 2 46
60 73 55
90 78 81
5 15 81
41 48 39
23 82 35
19 74 97
83 54 38
66 44 33
73 66 69
34 51 64
71 40 8
69 76 22
5 36 25
12 3 75
90 84 73
37 89 59
64 28 16
47 72 2
28 49 31
94 90 56
48 66 86
36 2 2
2 34 70
12 26 56
66 18 90
25 57 77
76 20 85
8 88 69
83 18 22
75 46 77
11 40 10
94 1 39
52 46 37
44 0 88
14 97 88
15 44 42
12 79 99
50 46 18
83 25 28
12 85 23
4 71 56
99 44 22
42 77 15
71 29 54
57 61 42
97 56 31
85 7 60
78 87 64
17 10 81
94 99 15
99 44 10
92 78 15
68 94 25
93 88 15
87 95 42
93 6 4
93 73 36
5 9 54
4 12 7
27 59 68
38 62 37
87 68 27
71 87 78
96 4 64
61 67 77
39 6 66
97 88 89
16 49 38
58 92 37
67 65 3
48 91 83
39 78 43
19 46 89
11 51 62
9 74 67
11 74 26
54 4 8
74 99 19
41 43 47
87 23 51
9 64 32
35 27 70
81 85 12
60 63 66
94 64 41
38 35 27
3 12 40
50 39 37
83 28 22
89 66 3
94 33 8
16 28 64
59 72 45
53 87 32
85 68 40
60 64 12
63 3 25
85 3 12
53 75 72
21 66 42
12 74 69
42 38 52
6 19 28
15 75 74
5 15 84
63 48 20
30 62 32
94 65 37
73 66 95
32 16 91
81 65 59
81 82 76
76 36 20
78 0 1
39 21 79
94 23 64
3 24 57
26 83 69
98 25 43
77 94 77
53 30 49
63 55 53
27 15 34
45 66 98
66 31 75
33 34 13
91 95 18
67 94 90
63 16 5
23 84 55
56 34 45
99 59 33
0 70 48
46 34 22
14 41 24
7 94 17
29 20 13
38 34 82
44 80 81
88 0 21
55 23 63
5 31 55
47 24 58
89 12 61
44 31 82
24 28 61
9 97 61
90 67 35
9 67 27
12 91 80
96 50 63
66 89 87
1 56 24
87 67 78
38 32 39
44 18 78
49 8 70
84 95 79
23 6 11
54 38 66
27 80 100
23 67 23
31 29 95
10 54 7
20 87 70
66 85 46
68 11 60
42 71 28
67 2 35
8 37 61
61 50 57
51 42 80
30 7 34
69 82 51
85 32 58
14 77 7
59 75 57
37 29 59
22 97 65
28 39 92
60 85 43
14 52 5
55 13 13
49 35 62
93 42 22
45 60 84
85 60 74
65 24 1
59 78 20
41 1 16
6 20 22
26 42 39
29 75 20
1 79 28
64 91 71
1 52 11
59 65 78
36 26 12
33 63 70
72 13 85
80 3 60
90 63 4
76 19 97
77 38 36
90 22 1
45 54 92
48 47 75
14 74 46
20 33 44
6 28 34
73 3 100
92 3 91
59 16 26
51 1 53
40 57 67
30 20 29
61 53 17
14 23 28
4 1 34
11 62 11
23 0 68
52 95 4
68 87 65
4 72 92
36 18 3
72 33 35
44 36 72
97 95 67
8 27 39
34 66 74
55 50 28
74 41 33
47 38 72
45 18 13
98 87 30
26 22 55
94 95 84
77 64 98
31 20 29
92 73 7
35 40 61
22 42 96
90 31 50
31 96 62
93 95 52
86 47 37
97 82 34
48 98 88
79 31 16
2 36 28
76 95 45
26 54 32
50 10 45
13 59 78
15 98 59
10 74 99
47 68 92
13 90 15
76 10 70
33 66 40
19 39 73
70 8 22
93 69 47
92 11 3
58 12 13
81 95 82
15 82 74
31 93 83
22 25 91
18 62 95
70 88 26
41 4 88
97 88 95
98 55 10
97 34 35
32 80 82
23 95 92
18 52 4
77 5 33
1 27 92
26 55 75
64 74 66
85 83 85
71 87 70
7 44 64
24 78 98
13 78 8
33 18 74
58 62 10
55 45 54
48 84 5
26 62 9
34 43 55
79 68 15
66 51 45
62 19 3
16 32 49
49 73 80
79 12 42
55 43 68
91 38 54
11 89 33
18 91 67
62 96 55
92 30 50
2 62 79
53 94 27
59 30 86
16 9 28
64 46 71
17 2 81
31 44 75
65 78 54
9 17 43
11 51 96
41 58 95
43 74 45
37 17 25
21 43 49
10 37 100
0 55 42
67 0 58
48 30 5
15 17 92
24 65 35
62 58 10
87 13 2
12 21 45
92 74 56
70 66 35
6 54 30
22 93 96
41 36 52
92 14 100
29 57 39
33 77 55
25 57 51
50 91 53
43 93 54
49 26 15
84 31 74
53 35 65
83 89 62
83 37 83
46 58 50
9 91 56
97 73 81
5 65 91
66 23 80
17 6 42
68 0 94
59 67 53
75 56 98
29 59 36
79 93 18
24 53 98
43 70 3
77 86 62
66 95 90
25 64 73
52 74 72
59 94 23
55 11 86
5 58 33
95 72 50
93 23 43
65 66 84
31 55 98
74 56 94
68 54 52
2 31 90
37 56 2
58 26 30
57 1 2
69 74 70
22 86 17
50 89 60
13 22 65
28 19 99
78 50 40
53 87 88
2 49 85
78 17 30
75 4 19
59 84 65
23 35 88
67 91 11
77 18 64
54 71 83
88 63 55
17 46 44
37 30 32
62 22 22
74 15 24
59 1 5
42 22 31
94 83 39
77 89 39
95 13 85
21 34 79
44 95 36
46 67 34
89 92 65
85 82 17
26 33 34
30 70 4
47 79 2
23 22 84
83 42 97
49 11 49
20 79 62
69 86 75
15 73 87
58 67 96
17 28 49
62 55 38
15 26 46
47 37 19
62 46 69
90 33 54
57 72 92
96 70 85
38 35 69
40 11 86
31 63 73
9 25 71
78 54 18
5 14 90
58 53 4
97 69 71
89 37 9
64 57 2
67 59 47
39 85 21
22 88 30
29 65 49
63 48 81
76 90 52
66 94 64
3 90 75
68 30 9
71 32 86
45 50 2
80 94 85
80 2 17
24 63 5
24 91 16
69 94 49
53 44 29
36 61 14
97 98 40
43 99 2
15 58 63
75 50 91
35 74 15
57 53 38
55 34 13
64 60 49
4 38 60
96 0 30
12 54 82
97 89 20
49 26 99
72 18 4
4 1 81
71 26 70
14 95 37
62 41 32
92 25 7
74 42 96
23 76 80
7 66 92
70 91 63
90 8 12
47 99 51
57 41 58
9 87 97
18 22 77
48 62 13
17 96 4
47 61 1
98 83 12
36 40 15
20 67 95
43 6 99
47 72 15
67 7 68
42 1 38
4 16 32
76 17 47
71 38 41
33 80 100
87 2 37
24 85 69
93 83 63
14 12 14
73 32 57
27 81 19
34 9 38
95 81 52
7 21 83
50 59 46
91 14 14
4 1 72
47 17 63
66 41 80
40 12 8
11 55 47
55 94 57
92 10 34
88 10 70
93 2 73
15 18 12
50 97 76
13 27 95
11 5 16
11 83 92
32 91 66
0 46 97
89 29 89
75 10 24
35 99 38
50 6 85
24 50 35
50 93 66
5 27 31
60 86 50
83 98 90
5 23 44
54 40 27
47 11 85
63 1 44
32 10 40
69 70 88
52 30 11
67 33 45
36 71 44
73 67 52
94 88 33
43 82 48
98 94 55
84 63 69
41 46 45
70 30 90
48 30 22
62 43 69
45 85 31
6 29 29
26 59 54
78 37 55
10 85 35
46 54 91
69 82 44
22 80 9
48 17 30
78 33 61
3 69 96
40 85 27
23 91 71
92 33 51
56 9 88
84 76 93
52 11 51
3 59 94
38 76 84
82 78 5
60 97 33
81 85 46
92 73 22
55 95 30
50 37 45
70 65 94
68 95 60
28 97 77
0 62 68
47 41 57
58 22 82
50 89 2
38 87 41
41 11 55
70 2 87
71 81 91
7 79 3
44 59 69
70 24 44
81 92 54
82 39 3
53 34 35
93 84 20
99 68 97
97 42 10
64 31 24
36 89 99
89 66 7
5 68 39
53 36 23
35 72 17
42 85 73
25 76 71
22 67 21
13 20 27
42 17 96
33 70 58
6 69 54
18 76 25
33 70 100
90 89 83
65 50 5
17 3 52
39 8 83
19 22 51
96 50 84
21 74 33
91 95 28
98 25 40
20 68 79
26 40 44
79 67 5
30 2 84
31 8 13
37 84 53
4 98 54
50 25 66
92 32 7
11 33 38
59 53 7
31 77 32
2 87 20
50 77 16
36 1 24
68 40 11
58 22 63
44 25 83
13 48 47
83 91 86
7 48 1
33 12 79
31 19 71
97 27 64
9 93 58
25 73 1
65 62 91
62 45 73
46 26 82
52 68 53
38 35 35
77 66 47
60 88 53
72 40 2
17 99 20
4 62 54
18 22 15
57 83 93
45 25 11
95 51 74
7 93 59
63 62 44
90 29 71
98 71 17
4 39 52
9 83 4
34 35 15
40 59 1
98 36 57
13 78 77
81 49 15
8 4 47
87 2 54
45 16 89
41 32 79
7 27 22
14 42 43
81 16 98
68 2 6
9 33 28
2 89 90
35 21 30
55 65 9
26 1 31
88 93 18
96 45 39
75 8 80
51 18 77
82 21 10
88 91 24
62 10 11
10 25 25
4 82 97
70 94 92
64 53 94
2 8 77
22 43 78
25 34 93
9 40 95
77 14 42
20 72 73
43 1 88
11 58 45
64 42 79
21 81 89
58 99 28
37 12 58
45 59 10
95 14 5
97 89 20
83 45 73
10 74 28
17 28 23
5 24 7
30 76 38
65 3 100
43 7 18
55 1 7
8 67 88
80 78 88
39 49 97
57 12 70
24 20 97
98 53 1
64 2 20
94 34 74
11 38 65
99 63 92
52 5 44
16 17 4
75 26 40
25 29 94
7 47 32
55 30 8
10 87 62
13 58 76
95 11 95
75 50 44
92 3 21
99 78 36
25 39 89
85 14 30
66 19 7
34 23 33
5 85 37
98 1 56
95 39 66
14 91 18
26 54 21
46 86 3
88 64 76
47 1 51
56 16 72
81 79 51
11 47 52
43 31 83
79 95 86
73 28 35
5 68 92
57 2 6
6 48 10
48 4 65
53 91 50
99 97 32
24 13 77
56 42 46
43 95 89
42 56 19
64 36 91
97 41 41
10 97 28
39 1 47
67 78 38
82 73 53
62 80 18
53 89 59
51 12 36
12 78 92
49 99 69
58 21 84
12 98 62
24 87 70
75 87 9
32 12 78
83 97 24
68 32 67
51 35 86
94 21 66
80 55 9
70 98 87
58 97 97
75 11 33
13 61 63
44 23 40
25 36 65
96 88 28
25 29 91
15 49 33
15 38 23
28 36 77
95 48 100
71 77 40
54 19 84
74 51 99
31 58 95
24 31 35
51 69 15
52 10 73
32 8 62
68 71 82
25 23 66
69 25 15
87 54 46
31 68 15
27 46 32
99 0 72
45 51 90
42 65 17
12 25 84
53 27 20
92 80 22
6 84 65
57 79 45
75 4 87
82 81 62
52 4 26
27 25 7
0 51 100
45 75 70
86 50 36
14 22 43
33 84 8
0 1 19
52 16 7
6 38 96
15 93 74
77 30 100
13 55 15
92 31 28
68 79 71
81 46 22
22 8 76
50 48 70
48 53 72
64 65 94
0 26 5
8 44 5
30 67 9
50 23 98
38 55 18
99 23 21
30 57 62
84 87 19
62 68 54
85 80 33
13 87 49
63 56 31
97 23 19
81 90 26
53 13 70
48 54 82
59 16 8
97 5 56
16 98 6
76 4 95
81 32 62
50 81 95
8 18 54
66 90 65
22 63 99
97 18 20
48 13 64
84 14 99
37 92 12
12 52 30
85 37 1
63 22 85
81 39 35
76 47 47
1 47 31
4 20 33
75 3 76
34 3 36
45 47 31
32 51 15
12 67 13
25 72 63
23 30 31
51 99 78
71 79 92
51 92 33
29 18 45
57 58 79
6 56 10
72 71 64
69 82 50
78 73 3
2 12 19
56 61 97
51 40 10
9 86 18
77 31 88
64 59 42
2 4 3
0 42 35
56 60 58
57 47 75
36 93 50
74 47 100
29 12 23
73 90 92
19 83 50
93 33 2
82 91 95
59 73 41
20 36 10
72 94 8
62 12 70
34 17 53
39 88 69
14 61 78
29 42 89
78 67 8
42 78 81
86 87 74
59 29 97
18 3 52
32 56 18
50 36 16
6 78 94
74 0 99
18 99 27
53 65 95
57 32 69
2 38 20
24 84 59
13 20 50
1 80 1
16 14 99
34 39 34
51 26 53
2 52 35
68 34 67
1 35 22
44 38 2
67 85 27
89 18 2
21 71 21
62 91 48
15 17 16
68 20 87
74 18 34
50 15 45
46 85 41
16 63 56
20 27 54
20 52 64
19 44 42
13 79 34
41 8 22
18 69 27
44 80 8
16 31 93
24 68 49
48 35 90
1 5 59
58 35 96
57 45 5
67 69 37
44 69 14
39 37 6
5 72 89
73 41 4
96 30 29
42 58 16
55 14 51
3 92 22
82 34 29
75 13 65
9 83 21
59 81 27
73 23 14
12 84 9
38 40 32
94 82 92
21 14 44
81 79 2
49 94 60
38 9 69
11 81 87
38 3 76
3 38 52
74 56 58
91 37 20
55 16 27
79 10 25
16 97 56
27 91 74
96 70 7
84 65 97
52 80 75
4 40 90
59 21 53
71 95 83
22 17 49
47 88 39
27 92 42
91 80 66
25 73 85
58 79 30
43 90 88
61 98 45
59 29 66
61 47 61
99 97 97
46 18 1
10 96 44
41 10 43
91 31 64
64 56 38
21 51 4
24 72 69
34 14 4
0 43 35
52 19 44
43 61 36
63 12 31
20 44 47
31 78 39
5 45 68
19 64 32
44 56 87
81 18 43
20 5 11
59 49 49
19 66 22
33 4 54
37 90 63
12 76 4
59 15 98
95 21 54
6 81 47
29 72 85
57 87 89
28 39 12
16 41 53
17 75 13
25 84 26
64 95 36
83 58 46
83 80 54
14 10 58
84 18 30
59 76 58
40 66 82
59 36 85
81 22 19
40 68 42
6 15 43
86 15 8
1 64 74
75 71 96
87 89 1
4 81 22
52 1 70
75 51 95
49 14 20
43 8 98
4 22 74
55 63 7
87 4 49
23 97 54
63 43 5
96 76 62
20 58 42
91 59 4
76 47 62
50 32 52
74 18 7
23 94 52
99 68 52
94 84 40
94 59 32
51 64 42
18 56 40
21 69 34
38 29 29
79 69 69
35 59 79
50 15 19
38 1 99
51 45 45
62 90 43
45 46 30
45 98 27
36 34 22
78 7 40
60 4 80
90 24 68
13 54 38
27 90 46
75 2 74
87 9 77
92 49 68
29 3 45
40 56 20
97 98 25
69 27 9
38 39 5
49 41 73
70 35 29
29 61 93
58 5 38
6 76 14
47 34 31
25 65 59
44 82 73
19 26 69
21 34 12
77 64 66
72 81 90
11 76 14
60 72 32
99 65 63
20 16 54
4 8 94
68 25 71
8 76 15
40 83 63
70 40 88
5 71 13
42 24 10
96 23 82
91 99 89
41 82 22
82 66 47
64 81 45
20 81 60
43 62 96
14 98 8
63 58 11
35 74 98
63 18 33
51 4 74
37 67 86
89 15 12
37 96 2
48 98 53
34 49 64
79 58 43
89 81 50
10 65 9
6 54 38
70 76 70
82 78 27
48 31 57
98 63 69
11 0 27
58 92 27
95 83 38
25 49 91
6 74 92
37 44 79
15 63 97
63 52 54
38 73 52
96 78 99
13 83 86
99 40 44
5 95 26
71 56 82
22 13 8
50 4 64
50 80 39
60 17 44
30 75 94
19 69 68
4 67 68
40 4 18
81 10 100
78 91 40
44 29 47
8 34 21
54 17 27
52 18 15
28 15 18
27 11 48
1 50 67
9 75 53
14 59 38
66 9 20
8 68 6
50 87 10
79 34 54
73 92 38
39 3 67
30 73 78
16 5 40
22 43 12
2 4 42
20 33 46
7 90 42
96 87 32
71 29 46
59 49 54
16 83 47
75 38 23
24 89 97
86 56 16
47 83 68
31 99 30
87 96 51
19 22 18
74 17 58
11 45 19
85 15 67
99 98 28
29 97 65
79 69 92
84 91 96
68 93 63
85 69 67
50 22 60
90 31 36
78 96 92
4 51 91
6 56 80
3 2 13
98 68 86
67 48 67
3 57 84
98 40 33
67 61 71
39 79 44
68 41 61
48 13 39
85 95 41
63 45 32
98 91 35
14 27 100
87 68 7
11 21 91
95 79 24
18 71 46
68 52 15
96 46 59
26 42 21
48 88 24
85 74 17
50 72 80
11 50 42
64 29 19
18 82 74
61 71 9
8 42 33
30 25 100
84 23 69
93 63 71
42 64 59
49 57 6
47 46 95
66 93 44
23 54 10
88 64 91
86 85 34
28 64 4
90 62 48
95 83 20
88 70 88
59 45 20
33 76 78
67 56 87
7 28 86
39 44 67
55 95 42
82 64 21
79 69 52
42 9 93
80 97 80
77 55 33
29 35 96
4 94 99
55 28 14
58 45 58
3 81 17
27 42 35
75 67 59
17 63 18
38 47 33
3 21 86
61 67 100
98 81 5
70 79 47
91 11 65
61 19 33
20 32 8
26 23 43
44 65 89
53 58 12
47 82 25
19 84 8
4 46 21
75 50 59
16 73 28
35 67 99
15 23 29
78 86 18
69 19 10
33 48 13
52 0 86
16 28 73
63 65 81
27 52 58
8 63 28
85 91 5
53 9 59
53 68 95
58 77 49
33 71 51
40 73 40
9 38 75
66 58 20
86 16 98
82 41 94
38 25 17
70 1 90
30 77 52
38 28 64
91 10 88
13 76 30
97 48 13
39 96 71
61 93 44
67 95 19
15 78 97
41 85 94
56 16 80
36 9 34
52 40 39
81 82 30
11 77 92
94 26 90
28 1 43
49 19 1
46 7 84
25 44 24
10 44 76
94 99 11
10 70 70
46 56 44
33 85 10
14 24 55
48 39 22
1 16 78
98 64 49
67 69 45
2 15 13
70 67 87
30 61 47
39 12 94
55 89 33
39 69 16
79 23 45
51 35 69
51 99 47
78 30 53
66 42 48
50 38 84
60 70 17
96 2 36
73 8 82
94 39 38
56 93 75
54 83 80
30 32 53
98 57 92
56 71 33
62 99 88
53 12 35
88 17 40
93 66 72
39 76 9
58 97 89
54 99 43
45 28 92
11 70 20
43 58 78
12 97 31
88 55 90
5 93 70
30 14 88
68 31 24
6 97 42
38 13 77
50 84 87
14 8 80
86 84 63
32 75 64
88 45 17
0 45 26
97 40 58
1 81 87
37 52 42
2 33 8
30 43 65
83 70 74
79 82 24
51 52 33
93 23 82
50 87 37
78 48 35
23 24 82
98 87 37
85 94 80
48 38 20
97 93 89
60 92 20
38 5 12
69 63 27
37 25 76
88 98 65
64 3 89
58 44 100
28 45 96
21 7 33
98 56 25
41 63 35
16 40 94
21 41 92
68 4 54
74 95 4
3 66 11
46 28 12
87 15 40
24 85 19
20 52 52
95 23 40
99 50 26
46 42 79
60 64 37
45 55 19
58 5 51
25 80 78
23 43 31
94 42 33
40 85 89
28 72 62
66 84 5
82 7 42
56 45 57
68 39 47
23 51 48
85 95 50
50 66 26
3 57 62
29 82 4
41 68 90
87 44 23
51 3 21
89 2 46
49 45 74
72 76 65
91 92 29
62 17 33
19 37 10
45 4 27
78 39 61
19 73 48
83 34 46
28 29 1
71 12 84
56 13 76
45 27 98
72 5 64
6 56 14
60 39 57
5 55 20
75 28 72
2 76 8
66 6 51
81 29 3
29 62 61
64 66 47
80 25 64
68 31 17
61 88 35
24 71 27
67 6 13
67 66 4
74 63 80
54 49 86
29 86 37
82 57 68
86 11 28
48 41 71
78 62 78
24 47 81
34 23 59
99 89 100
61 92 74
95 8 1
3 94 24
83 92 93
60 26 70
91 35 41
22 42 38
68 85 95
59 82 92
45 97 96
21 36 14
9 88 6
89 93 76
29 21 52
7 19 90
31 4 50
47 98 94
65 59 100
45 1 6
34 27 34
42 58 72
50 94 23
10 60 10
27 17 58
40 39 45
3 15 54
29 20 18
30 78 42
73 58 15
23 77 94
48 6 50
32 33 80
52 19 77
82 75 87
17 65 60
21 79 70
66 9 56
19 67 30
97 66 56
49 46 76
8 87 22
93 60 37
35 37 60
49 10 76
30 19 66
19 52 90
18 90 64
26 11 37
96 35 8
99 13 3
48 99 1
84 4 71
44 26 38
7 95 17
96 30 32
12 3 59
23 21 24
56 35 63
4 99 86
19 14 75
86 23 87
82 79 70
55 21 74
41 35 45
1 7 11
84 42 32
45 58 89
27 37 45
17 82 96
41 4 63
57 24 76
2 26 69
15 50 71
37 82 32
89 30 92
78 65 2
21 33 41
75 23 40
89 9 99
62 8 33
38 95 34
68 71 90
49 66 67
14 3 20
59 75 31
29 30 55
72 80 84
23 64 47
40 20 59
57 82 43
71 58 76
6 32 17
26 5 64
70 38 58
84 50 11
24 79 40
66 54 69
90 98 80
61 5 17
6 16 42
52 70 24
34 24 57
33 21 75
22 7 75
90 35 1
91 8 48
68 26 21
35 87 28
34 30 91
74 1 19
43 92 65
30 1 73
43 92 21
15 60 81
50 92 38
69 84 55
71 81 29
44 26 12
47 98 29
76 0 13
68 75 65
88 15 39
61 0 54
99 49 82
51 63 50
82 29 24
67 7 76
32 97 92
97 57 40
28 44 77
59 71 6
54 97 83
5 10 48
67 59 81
21 68 13
19 53 72
93 59 82
1 36 2
37 86 87
59 40 98
25 0 16
35 93 63
1 41 42
93 75 100
91 67 48
31 18 40
41 75 10
88 94 62
76 52 2
41 51 18
97 80 24
55 68 61
18 11 54
39 91 22
0 6 31
93 36 20
26 29 21
43 72 56
11 90 83
93 37 73
46 95 63
50 63 45
73 82 94
94 95 90
24 88 92
19 89 7
62 44 84
91 37 78
12 82 43
57 20 61
32 28 2
18 63 64
57 37 96
94 43 67
62 22 37
95 68 99
70 64 68
89 95 48
93 75 13
81 26 35
2 13 37
63 66 15
16 98 33
92 46 92
94 28 67
67 34 12
63 15 96
81 71 56
34 71 61
12 32 79
4 12 70
95 79 44
23 62 35
60 69 67
86 57 48
71 72 37
99 6 53
42 50 34
36 42 58
64 9 41
24 20 19
88 8 81
74 87 43
22 64 6
59 60 91
8 99 16
14 76 99
57 82 41
61 71 49
10 48 95
93 71 73
64 63 59
4 46 17
31 53 39
27 92 56
44 91 9
88 17 88
12 40 17
46 27 28
59 14 47
50 65 38
77 0 33
95 37 14
91 51 96
22 15 47
14 8 100
41 29 97
4 92 13
12 62 57
73 79 7
62 98 100
13 27 88
16 84 99
2 14 78
49 8 41
53 9 95
83 56 29
60 65 54
19 35 28
1 27 2
71 59 50
60 96 27
79 35 85
47 21 94
8 1 12
0 58 28
32 69 72
65 84 41
93 79 4
10 44 61
49 19 19
74 10 83
45 92 32
23 8 74
63 29 75
59 1 98
54 29 4
79 37 18
92 4 24
67 84 54
4 26 61
36 76 29
77 73 74
75 13 11
64 3 26
11 68 28
38 14 32
79 75 5
41 92 26
90 50 76
10 95 80
33 29 15
76 53 36
4 17 59
26 84 42
68 9 28
60 41 61
83 89 16
47 99 7
41 43 15
20 78 7
69 36 40
36 31 1
63 90 13
76 71 59
69 16 58
20 67 98
73 60 96
6 32 34
72 29 27
10 92 14
3 99 36
93 36 38
47 81 41
37 67 49
28 78 18
60 1 4
68 39 55
69 31 75
20 21 93
97 2 88
69 46 59
40 81 21
7 2 6
64 53 7
65 90 75
49 25 92
27 52 93
26 27 28
72 22 34
12 90 60
62 2 50
77 29 90
90 62 56
13 2 59
79 80 48
85 2 93
58 50 2
6 90 37
31 0 91
91 71 71
81 60 92
82 75 46
86 81 30
8 13 11
78 59 49
74 44 23
33 74 35
72 90 3
88 47 28
14 13 81
36 11 19
44 17 92
19 14 38
14 30 22
4 90 26
9 91 71
77 7 72
83 90 55
70 3 11
1 95 57
45 57 75
82 76 92
23 81 2
81 20 99
51 19 31
75 91 56
81 62 51
36 71 16
11 23 55
83 5 53
59 10 31
19 76 45
63 65 84
84 17 62
37 1 82
29 41 8
20 50 69
98 37 60
3 90 40
39 25 77
12 53 64
36 44 51
94 60 86
66 67 50
26 7 80
12 39 4
22 69 45
84 86 1
37 7 42
89 71 100
87 58 9
56 74 64
79 80 34
19 27 62
72 2 11
5 14 84
54 80 70
9 19 18
79 65 85
4 93 88
72 66 14
82 37 18
33 37 92
83 48 70
92 24 51
81 40 59
3 66 6
30 17 20
1 67 14
24 6 98
97 91 61
16 9 33
54 16 25
80 56 40
63 97 50
29 32 62
60 80 22
16 37 4
20 87 75
21 34 64
97 80 20
23 81 91
41 16 76
65 11 64
95 71 4
8 53 23
55 26 87
87 84 83
37 20 33
74 70 93
9 99 11
63 61 67
58 84 22
93 30 8
34 26 23
51 90 11
10 93 9
76 15 12
56 75 76
5 38 67
37 2 4
92 75 48
13 5 3
76 35 1
8 80 9
21 50 97
67 78 61
71 0 68
61 41 71
28 23 71
29 48 8
26 25 97
8 35 75
27 4 14
28 91 27
6 96 12
53 15 98
36 80 7
68 81 42
33 13 31
35 18 66
49 12 44
68 66 74
55 59 81
82 26 56
35 84 13
14 3 8
83 1 1
61 13 96
53 86 67
27 48 11
13 81 12
81 73 9
21 45 27
8 35 88
10 43 50
82 92 34
85 24 4
36 11 45
48 95 37
47 22 84
53 3 31
85 34 64
24 35 70
72 73 26
37 71 13
0 29 28
99 93 44
70 66 2
73 64 13
33 55 39
42 46 90
98 42 88
88 84 77
38 50 31
35 30 12
70 71 98
40 64 64
67 62 80
84 87 3
37 53 19
40 2 14
35 10 39
87 24 14
75 17 9
64 99 22
26 76 13
71 19 1
25 76 66
41 17 53
10 25 51
8 76 88
76 44 60
71 61 36
89 64 81
94 54 63
10 17 32
21 22 15
14 98 99
24 68 81
7 75 29
32 76 40
28 18 11
63 13 68
29 73 57
25 20 33
75 74 78
57 88 66
46 24 14
10 8 30
8 73 42
10 61 85
88 39 93
78 29 58
87 11 86
67 13 51
58 84 99
98 75 2
64 27 21
56 91 76
53 58 62
48 85 31
22 87 50
99 22 97
7 8 84
15 19 93
19 38 42
17 79 94
41 10 60
46 3 17
71 59 79
53 94 44
28 44 14
40 8 75
50 70 14
66 0 65
7 57 44
73 37 14
54 36 23
23 61 66
28 92 29
43 83 50
23 86 35
19 71 79
88 62 65
14 18 67
52 39 35
53 90 7
9 64 26
37 6 41
87 43 40
5 24 19
92 57 73
29 86 85
64 48 71
56 90 96
7 5 80
5 86 36
80 9 95
43 13 99
85 41 73
40 75 84
57 26 94
95 62 18
61 66 17
35 64 2
59 38 81
27 79 88
77 97 20
22 44 11
86 52 77
74 45 9
1 41 85
25 62 27
61 21 95
34 79 40
72 20 9
61 37 83
35 68 39
45 77 27
74 72 52
38 14 80
76 20 90
55 22 61
64 61 1
97 3 41
37 31 81
56 15 91
80 1 44
10 17 14
34 96 14
94 98 4
18 92 29
59 70 56
41 55 42
22 87 47
1 90 55
25 2 76
0 80 65
30 86 96
39 92 18
20 89 68
42 26 3
25 34 91
9 58 39
98 43 97
23 98 24
15 97 64
5 87 15
68 11 46
90 45 31
70 78 67
57 43 11
52 89 59
96 7 3
18 81 21
69 71 88
72 87 2
72 78 26
26 53 42
18 75 54
72 68 12
54 63 39
72 40 22
72 83 87
20 16 76
9 6 24
62 67 78
10 96 22
73 43 48
66 95 90
48 20 7
15 34 53
66 88 72
74 4 98
61 75 86
88 56 37
44 78 56
44 47 84
57 81 15
49 46 9
30 99 96
19 73 2
33 41 92
10 63 10
67 70 91
27 44 7
42 5 7
40 1 46
45 32 73
61 55 74
22 63 64
37 84 20
34 45 96
0 3 38
49 82 53
93 39 4
35 29 30
71 83 32
72 51 68
30 32 24
61 26 86
20 17 88
68 94 22
35 68 90
89 25 29
31 8 81
25 42 98
58 95 73
92 22 81
33 25 65
42 48 25
52 90 31
72 87 97
18 48 61
69 61 10
82 33 96
50 18 49
50 4 80
62 26 41
93 43 89
8 93 33
72 55 74
2 61 58
4 43 49
10 7 80
39 70 40
12 8 92
3 54 24
37 59 55
42 12 76
74 99 20
49 83 77
27 70 24
42 54 61
18 4 68
57 40 57
64 52 32
16 20 34
44 91 31
83 64 40
35 10 27
87 68 13
44 1 61
33 58 66
78 70 26
42 90 27
47 95 63
61 8 88
39 30 41
38 70 65
29 71 95
10 9 27
40 51 70
39 3 67
22 26 67
79 11 59
35 42 97
57 53 22
98 81 55
4 20 54
63 70 3
44 2 64
73 26 8
9 69 7
55 25 96
67 1 91
5 76 83
17 0 53
9 8 17
58 44 54
88 10 43
72 90 61
86 1 95
70 72 100
15 14 44
90 58 95
84 96 53
87 3 93
82 18 14
99 80 22
25 87 16
95 15 51
72 87 30
12 47 48
0 88 21
98 57 34
98 58 72
52 18 85
39 9 8
82 98 71
20 96 78
84 49 53
41 53 33
83 45 78
48 4 64
6 57 40
57 26 21
24 66 92
24 39 45
33 6 25
39 72 86
73 68 67
87 59 38
13 57 87
78 94 67
69 12 2
72 65 78
81 51 48
4 80 47
8 32 73
71 49 30
86 55 57
30 99 25
18 74 6
85 13 39
40 60 95
20 38 31
67 71 91
11 71 67
16 72 43
50 46 8
4 44 92
34 31 41
37 97 1
21 30 3
84 86 60
43 0 60
60 55 96
49 45 86
16 19 72
58 55 7
84 45 14
32 7 79
60 1 72
25 34 39
91 26 84
19 24 55
42 89 13
7 51 50
54 84 68
92 72 73
77 8 41
2 45 61
80 99 13
29 69 93
35 48 22
3 69 81
13 81 5
32 78 43
28 2 43
88 50 34
31 77 69
17 87 38
59 77 52
17 87 41
38 55 60
17 79 55
3 17 77
21 94 20
73 12 43
36 39 19
72 41 66
75 94 36
70 14 28
78 51 89
93 86 65
69 6 63
86 55 94
98 27 42
1 96 55
16 56 72
18 78 79
30 98 81
13 52 36
90 37 5
18 55 86
7 26 84
85 26 30
22 47 100
27 5 97
36 88 25
52 60 84
2 33 26
50 15 24
84 45 75
15 80 69
25 16 93
88 42 60
53 23 30
29 49 15
55 35 84
86 92 78
15 21 64
25 51 44
62 8 36
81 69 24
82 1 52
3 86 1
44 29 83
74 54 83
19 28 96
72 76 60
29 8 1
36 49 77
79 96 71
91 74 89
2 87 56
63 71 31
84 44 69
62 23 63
15 0 48
6 35 69
35 32 56
76 36 90
21 2 47
69 9 21
55 6 3
15 44 20
99 92 90
19 16 13
32 61 41
18 88 29
55 71 24
67 97 30
29 60 39
25 91 15
73 12 93
14 51 94
25 55 94
61 31 67
19 52 47
61 69 57
37 30 48
80 73 78
60 15 82
12 48 72
71 55 40
33 0 9
47 51 30
4 18 59
93 60 14
25 97 9
17 30 13
17 44 33
72 74 53
99 98 50
67 9 70
48 91 98
78 69 15
70 12 7
46 93 60
17 26 21
0 40 78
65 55 90
13 10 58
82 73 44
86 96 9
58 94 2
65 47 45
52 62 74
72 41 78
56 10 75
19 73 48
98 25 20
84 9 15
44 24 58
75 97 84
56 2 32
73 26 85
35 1 31
73 1 7
88 6 55
4 18 28
11 35 19
81 66 15
25 72 5
96 30 34
56 87 6
29 52 88
94 9 55
24 57 8
34 92 14
51 95 43
50 39 100
72 64 46
89 25 27
70 62 54
63 4 77
13 56 78
16 47 76
60 54 64
28 30 92
86 31 91
59 0 62
5 13 26
36 32 69
44 19 45
79 20 99
80 77 93
8 19 73
14 95 26
21 13 62
52 65 48
33 0 15
38 68 76
88 27 55
39 59 30
72 74 12
76 57 30
27 26 27
18 31 61
95 83 90
62 80 1
4 40 69
48 92 97
66 81 14
89 46 55
98 27 91
53 54 63
66 46 76
54 37 44
75 72 48
12 52 19
21 62 24
96 17 13
78 47 68
45 19 65
39 41 31
62 8 45
87 6 75
33 71 33
78 72 63
2 43 55
73 25 34
19 59 73
18 74 10
76 33 21
19 63 32
41 10 8
55 30 4
61 24 74
79 47 56
8 52 48
90 40 40
56 38 97
59 48 76
98 91 1
28 18 16
56 34 18
19 98 24
81 30 81
60 8 94
63 56 3
55 83 96
22 92 81
71 1 35
55 86 6
14 75 55
97 28 84
96 21 26
1 2 63
30 96 65
40 21 64
9 92 58
15 11 6
52 20 55
27 17 84
37 92 9
6 68 59
45 5 99
81 56 14
3 66 96
4 86 83
3 82 9
18 22 40
8 51 76
73 8 14
71 8 71
21 34 69
5 53 99
56 31 90
64 74 44
52 47 40
24 76 68
9 8 100
45 42 52
23 17 18
92 25 5
73 90 26
41 38 90
50 12 42
73 2 30
46 32 38
71 25 60
0 57 67
57 48 8
34 76 90
70 56 67
65 21 17
5 1 92
75 93 5
7 20 39
54 75 72
49 41 23
21 6 25
57 76 93
53 63 46
38 85 63
64 55 90
66 11 80
56 62 33
23 20 95
13 79 28
82 97 3
27 89 82
47 82 40
56 60 2
78 9 4
15 89 21
2 78 97
51 10 29
76 49 42
97 12 68
36 70 20
99 97 20
83 60 34
31 37 18
37 11 85
85 60 4
13 7 85
81 21 47
47 27 84
55 17 66
36 60 66
76 65 34
24 2 77
98 97 30
64 91 85
75 83 46
6 44 2
82 67 29
75 52 24
33 34 36
13 34 24
60 18 99
80 87 60
62 21 54
51 97 29
63 19 67
38 31 68
5 92 37
34 3 32
57 31 33
52 19 25
63 39 69
19 97 52
89 56 33
68 21 38
11 73 97
10 95 10
14 90 13
61 48 71
41 31 22
45 91 27
90 20 50
34 4 38
61 95 69
15 99 35
5 53 40
92 43 93
10 0 96
23 78 61
54 78 100
84 39 56
97 27 22
86 31 71
36 3 12
27 31 35
12 99 68
34 58 81
70 71 21
47 38 71
84 9 32
20 16 2
24 64 77
27 67 22
62 44 92
96 29 40
98 23 44
10 25 65
10 42 24
60 85 30
63 40 9
70 86 42
21 92 29
20 83 88
16 46 62
72 46 39
97 16 15
66 67 58
31 3 61
65 29 3
32 0 43
51 7 61
43 36 58
52 87 84
30 18 9
53 9 31
13 40 30
69 61 46
5 3 72
15 20 74
21 11 86
26 46 82
38 97 99
59 69 21
16 97 18
45 48 47
61 10 65
15 74 87
61 77 13
35 67 90
35 7 18
44 17 18
32 49 72
32 12 100
93 58 9
19 31 52
94 20 95
8 91 42
73 64 19
61 8 28
68 83 96
98 99 29
0 51 45
7 16 75
64 75 28
60 87 45
22 88 2
43 75 17
93 96 69
55 38 96
75 61 55
31 90 92
95 28 54
93 2 84
11 78 55
32 78 97
85 40 50
33 10 26
33 10 80
91 33 51
71 28 11
22 93 29
50 37 84
36 29 20
97 2 53
14 2 21
4 46 36
72 45 72
32 28 6
73 61 99
9 8 89
7 43 45
94 92 29
29 55 92
57 43 7
19 61 78
84 41 50
13 97 92
57 55 89
31 19 40
77 93 49
42 10 27
74 57 6
25 85 81
94 88 12
6 8 45
57 26 28
10 71 60
74 46 57
90 87 7
34 68 45
37 76 12
31 91 65
54 42 72
7 5 18
63 45 68
33 32 3
30 31 4
30 28 43
65 14 41
15 3 76
17 39 98
53 93 64
32 96 72
83 68 72
22 51 66
35 9 93
62 71 4
56 31 71
72 42 61
4 18 61
95 38 39
79 7 35
68 29 21
4 82 51
7 32 38
45 93 54
58 45 61
93 87 90
55 58 23
25 75 58
27 72 81
88 31 19
26 83 47
94 69 28
17 22 8
90 65 32
40 54 37
12 89 71
81 42 19
8 76 68
46 18 49
49 30 88
0 34 23
49 73 94
83 13 83
63 98 43
63 56 27
47 56 83
1 57 67
33 1 60
32 44 51
30 95 40
52 63 33
46 66 84
28 19 56
41 14 70
62 8 3
53 74 34
14 49 36
79 97 9
55 10 96
68 5 78
22 16 4
70 28 27
16 53 69
96 72 5
92 72 46
86 74 79
20 94 34
27 1 96
38 43 10
59 68 12
96 56 6
14 46 44
12 19 24
16 51 5
83 67 28
69 34 3
83 94 94
91 26 36
14 34 10
0 90 17
29 46 64
43 6 34
90 38 33
75 91 24
19 70 85
60 54 51
33 12 87
74 45 85
18 85 31
75 71 46
83 62 25
84 79 49
39 79 99
54 43 53
4 83 52
87 2 77
66 73 39
51 18 91
15 69 63
77 65 59
86 26 100
17 62 50
50 77 88
81 87 78
91 49 39
23 68 91
62 91 100
57 32 12
91 81 52
38 77 77
27 88 66
29 83 38
82 97 90
66 46 87
0 73 15
33 9 40
81 92 80
29 53 87
29 45 59
60 3 8
50 36 65
56 69 52
30 34 43
84 81 11
69 60 11
47 1 92
53 56 75
49 10 19
99 44 65
40 9 75
40 68 77
43 0 24
72 15 82
44 8 83
44 1 60
56 9 52
31 64 95
30 79 45
18 30 7
44 5 45
22 92 14
40 68 65
23 12 22
47 96 31
57 12 61
84 48 71
8 53 43
37 32 92
41 6 80
12 82 89
80 42 14
22 63 42
38 79 50
99 56 5
98 6 78
16 35 71
5 29 56
61 96 76
79 45 84
91 54 84
30 5 35
20 48 78
1 13 97
14 53 23
58 35 52
84 40 83
36 32 47
83 7 39
24 67 29
45 99 93
46 96 22
48 34 54
73 20 83
18 3 31
17 37 17
80 20 30
63 98 66
47 84 37
87 24 39
44 83 28
1 38 79
35 45 90
41 31 11
75 86 87
33 10 33
36 91 86
26 93 34
74 77 91
8 33 10
5 80 8
10 74 10
50 64 15
90 56 9
59 42 21
6 46 9
12 53 29
2 29 95
40 54 46
13 79 79
47 96 43
71 54 11
37 57 16
25 26 29
61 65 21
67 43 83
85 2 18
68 87 56
69 38 31
31 9 41
96 82 42
50 95 54
38 62 90
55 98 50
58 8 73
95 42 71
13 86 31
70 13 47
92 75 37
79 43 3
56 18 93
83 96 14
88 67 36
15 84 80
23 36 61
65 78 76
85 90 22
70 12 5
5 86 56
13 87 30
42 93 65
44 56 71
51 58 6
82 18 69
88 75 1
82 94 91
77 44 11
89 84 83
56 16 88
73 72 96
93 40 21
7 28 47
87 98 12
10 33 74
77 97 73
45 32 72
37 81 39
67 48 37
34 13 43
67 56 47
64 6 88
55 73 85
92 63 30
84 31 36
98 92 74
95 33 50
69 75 26
86 49 4
11 94 95
9 85 60
29 42 71
13 4 13
61 92 48
75 14 21
32 50 63
99 79 34
14 41 33
13 93 76
23 28 24
8 60 41
11 54 73
15 63 79
29 82 84
92 23 63
19 57 62
19 45 55
73 44 100
15 84 96
3 29 19
71 13 51
58 8 79
47 83 13
89 42 22
88 16 87
23 17 23
68 99 67
5 66 74
95 32 48
33 3 26
33 63 80
88 23 54
11 3 43
52 6 87
72 21 93
52 44 24
44 82 54
41 46 21
97 37 51
77 46 86
51 56 51
75 69 25
28 59 87
94 63 86
47 94 23
24 64 40
41 71 47
16 40 9
73 3 94
7 94 24
76 97 54
27 88 97
56 82 58
20 65 15
66 12 76
63 41 72
65 37 98
27 59 39
88 92 3
10 41 86
46 37 14
16 14 73
7 52 57
1 38 52
56 68 1
39 69 84
64 86 36
17 28 24
31 75 62
24 68 22
69 89 76
84 76 4
66 25 68
61 26 94
82 17 84
20 63 57
97 52 49
14 44 31
3 32 4
25 84 41
87 33 39
4 19 75
97 89 60
16 17 75
38 93 50
62 26 98
81 36 74
97 34 79
26 88 92
59 46 7
21 23 75
22 87 30
38 87 56
75 86 16
34 2 82
81 64 86
6 93 58
37 48 35
43 31 8
60 31 91
29 72 28
19 44 15
22 67 10
10 88 25
89 6 63
40 9 17
58 79 28
31 32 14
41 28 28
25 94 53
3 76 40
81 69 2
73 55 7
17 92 89
34 84 43
23 47 81
42 22 15
82 18 16
57 87 1
7 19 56
1 3 32
66 5 96
16 89 100
76 99 13
8 4 50
30 91 82
31 73 17
33 36 33
15 22 99
87 34 23
3 99 87
9 91 88
77 18 40
87 76 42
12 11 97
63 18 81
61 73 98
75 64 47
33 51 67
70 26 23
57 98 51
95 69 71
72 3 26
48 91 64
98 42 4
10 1 86
61 88 77
41 36 4
29 92 41
9 31 10
29 51 88
31 29 90
84 67 45
35 33 40
23 68 63
95 35 83
69 78 14
3 47 47
34 36 57
5 47 48
89 90 36
18 36 5
87 19 38
58 20 87
67 3 69
24 87 66
44 70 23
41 14 35
39 25 7
26 95 47
35 97 38
85 8 53
66 2 66
54 98 26
28 9 2
61 65 99
48 34 15
27 80 24
1 83 97
41 12 63
32 87 55
23 47 59
31 21 96
69 71 95
57 63 26
15 38 66
15 17 61
32 61 13
13 35 23
39 30 63
76 39 44
43 96 42
15 34 83
47 2 85
95 55 79
28 17 14
58 95 6
98 44 79
73 26 52
58 96 87
9 52 34
82 62 72
44 51 65
91 52 90
92 88 33
65 83 97
41 62 19
18 16 35
40 76 7
43 69 97
64 28 65
27 65 15
39 23 96
41 3 44
73 76 56
49 28 57
94 55 83
38 9 76
28 39 48
30 52 47
19 40 58
68 28 20
31 52 42
82 32 19
28 21 70
2 93 3
71 16 5
26 46 27
31 66 21
86 55 58
83 8 59
12 76 73
21 73 92
23 8 46
88 40 76
29 37 44
86 88 83
24 21 100
47 9 18
30 40 80
14 7 48
24 57 38
32 59 32
32 49 16
57 71 3
37 24 48
71 17 61
22 37 15
97 20 80
55 77 17
69 58 98
10 84 84
4 34 39
48 38 17
17 65 16
13 15 44
2 63 97
67 33 55
67 52 48
32 56 86
41 43 96
22 40 54
22 43 61
29 41 33
81 45 36
60 82 40
18 52 99
62 36 99
28 9 33
7 80 60
32 39 74
72 89 6
74 96 71
7 80 55
18 44 74
35 3 81
2 17 73
81 52 67
27 32 71
26 62 85
36 58 54
31 27 40
87 18 49
23 74 93
0 55 41
10 50 11
45 66 21
2 48 27
72 61 91
9 13 20
66 37 84
3 78 49
45 16 84
84 91 67
31 45 53
90 40 44
80 83 15
10 3 84
31 63 34
26 71 69
47 85 95
15 57 57
26 87 19
30 58 50
96 38 62
15 29 32
42 23 99
80 24 40
80 27 42
84 89 50
63 13 81
0 34 15
85 83 68
90 59 63
47 75 71
54 33 58
65 20 58
14 49 68
0 65 62
43 29 49
66 6 87
25 82 44
61 90 25
2 12 70
31 11 16
19 91 94
5 3 8
71 89 81
65 51 31
20 84 36
27 9 33
26 5 88
59 71 93
55 58 93
48 2 91
14 93 42
77 97 67
18 60 61
95 65 3
32 38 22
60 22 29
42 49 44
90 75 27
7 82 33
98 53 17
88 51 11
97 22 82
41 5 43
37 11 97
84 43 82
8 70 11
28 18 72
15 31 51
96 24 28
82 98 79
60 70 6
37 15 95
62 52 70
68 96 100
2 66 34
67 64 17
78 27 61
25 90 20
67 74 87
66 52 58
47 60 63
5 84 44
47 82 38
9 30 38
70 4 38
71 15 86
36 11 72
35 37 30
57 55 54
32 23 76
57 64 69
44 35 16
43 97 84
55 74 78
69 38 88
56 89 53
24 71 31
1 86 44
93 11 43
61 89 72
47 16 50
66 73 59
98 70 68
20 51 9
25 70 77
85 40 53
98 47 15
67 4 75
35 39 48
15 67 83
16 83 96
26 44 84
78 93 94
47 96 3
83 44 65
39 59 43
56 2 56
7 71 98
28 4 65
95 38 3
62 80 90
32 95 6
33 91 48
74 15 91
57 97 16
9 49 18
62 86 29
71 65 90
25 60 46
53 31 64
11 10 34
66 24 14
70 45 10
30 80 24
8 15 11
99 94 64
55 75 75
41 83 16
48 59 91
52 68 83
32 51 43
65 59 42
13 98 21
34 84 62
97 88 61
73 92 39
86 64 18
53 82 28
78 32 76
16 73 20
74 24 16
27 90 48
64 69 82
66 76 35
14 30 73
80 44 32
71 53 63
85 12 95
3 52 25
41 3 54
89 40 55
30 9 42
71 96 4
88 72 56
78 59 44
63 47 79
46 78 81
99 70 48
95 18 32
4 38 42
32 9 23
18 47 59
13 18 71
47 79 93
37 2 86
7 0 39
10 33 27
27 38 22
27 95 93
43 55 69
92 12 57
7 90 18
42 17 40
42 24 53
97 60 79
15 67 27
29 24 64
53 82 39
80 95 15
51 89 25
25 10 12
16 11 3
99 48 89
93 79 16
44 60 51
85 58 25
0 69 39
41 60 36
46 3 32
85 86 56
42 14 26
0 47 15
40 91 62
54 93 41
12 79 41
58 65 8
14 67 25
26 87 47
53 99 77
22 57 97
19 16 45
76 2 61
11 36 23
81 24 18
32 79 33
73 7 24
66 17 42
2 82 59
65 2 33
45 58 83
82 6 30
85 18 17
16 79 30
72 83 89
1 23 50
50 89 90
73 6 27
56 64 87
87 70 3
62 39 93
36 13 41
85 12 88
32 75 85
57 31 49
6 29 88
16 25 90
16 63 35
19 84 88
62 95 64
81 55 70
61 41 20
29 53 44
68 85 23
68 62 48
50 46 8
20 38 34
76 72 73
84 42 32
4 76 49
49 82 64
85 24 27
0 62 45
70 66 62
48 53 33
45 82 62
62 38 28
87 58 94
87 11 19
81 77 96
81 89 33
68 26 22
15 16 39
84 63 86
19 18 1
99 86 94
46 2 83
32 0 68
29 66 92
63 91 83
31 6 71
28 96 58
79 39 68
98 34 67
48 73 47
82 8 98
16 63 36
75 93 40
3 55 76
84 33 67
44 29 31
73 31 34
7 4 82
24 18 86
27 70 49
32 98 78
47 29 77
60 5 79
62 87 29
83 28 48
77 71 53
14 76 92
63 46 70
63 2 5
73 7 94
92 48 65
59 98 12
19 25 36
8 45 34
76 21 72
63 77 55
34 35 27
47 3 51
45 61 34
20 55 67
85 35 69
36 27 26
14 99 94
76 30 64
82 14 36
52 2 26
79 34 48
73 76 14
31 13 57
97 29 18
10 55 31
14 46 13
63 56 72
88 9 93
39 19 49
53 7 61
81 77 27
95 63 11
5 57 97
88 97 12
10 67 41
36 76 78
37 27 76
72 88 18
4 34 56
80 96 32
73 98 48
52 12 27
56 55 25
32 90 83
2 0 42
69 62 72
72 0 84
67 32 27
26 18 70
33 7 63
12 30 49
37 93 23
30 2 89
70 41 41
16 92 9
32 79 3
47 22 98
36 27 3
0 56 17
95 37 15
77 5 22
39 60 90
95 70 5
81 58 13
37 91 80
57 31 91
9 12 57
36 41 98
4 53 77
27 23 94
20 33 23
12 54 7
18 85 21
18 77 19
18 95 1
10 22 12
0 58 63
96 62 2
26 19 24
81 8 39
87 33 78
18 61 73
71 89 58
46 85 36
7 68 35
56 36 83
94 40 29
50 79 72
43 52 93
4 78 7
73 9 98
33 74 1
70 33 7
82 53 51
72 57 76
1 37 24
94 43 3
98 27 26
5 34 12
36 14 61
60 39 92
53 15 97
65 38 52
51 68 25
38 7 72
47 13 100
64 77 87
65 93 45
4 3 44
20 46 3
17 25 47
60 47 74
90 57 35
59 18 75
55 91 9
63 99 69
56 72 18
61 24 60
48 56 74
44 73 75
37 97 62
84 28 98
47 10 90
25 4 47
21 7 17
4 23 71
94 49 100
38 11 26
82 22 65
80 29 96
71 62 43
73 56 6
39 13 24
60 79 93
81 41 49
64 98 70
46 24 100
64 48 54
11 40 38
56 98 71
76 92 80
20 49 18
15 34 97
87 64 37
89 17 79
74 43 70
2 27 38
80 48 62
19 40 100
17 1 15
16 91 64
38 15 81
37 94 33
48 2 56
74 76 94
91 58 5
59 9 12
47 56 4
77 47 53
9 92 98
46 95 16
2 65 9
86 72 40
79 22 37
24 15 93
88 31 49
94 71 97
26 9 49
10 88 79
0 20 19
56 22 96
63 53 75
42 77 76
7 17 52
33 38 14
47 68 69
37 24 95
66 17 30
66 84 17
11 70 26
89 10 91
9 63 41
2 91 57
27 61 97
80 37 23
8 84 23
1 72 2
21 70 71
15 62 54
94 22 33
2 73 13
59 29 33
47 90 7
2 62 2
54 59 12
86 54 28
95 29 23
43 26 81
35 6 8
77 90 20
35 49 96
31 14 79
41 35 75
21 13 74
80 1 56
24 7 93
34 69 13
81 3 85
92 23 97
36 48 50
24 76 27
33 23 36
42 8 1
95 0 38
90 86 67
22 3 67
63 48 47
36 46 50
5 32 9
1 43 20
52 26 32
13 88 19
36 93 79
12 50 65
75 54 7
39 73 38
27 22 64
10 77 44
48 46 92
74 65 35
10 3 86
73 92 86
73 98 44
78 65 47
41 9 17
83 61 84
79 48 34
4 45 15
73 14 21
63 53 85
60 37 71
44 41 42
5 21 97
67 7 29
7 79 60
19 9 99
23 27 66
99 67 52
30 67 29
53 69 61
11 79 14
39 46 31
59 27 57
53 65 56
30 41 89
42 55 67
38 13 89
77 35 54
21 72 22
63 0 40
2 78 15
63 89 89
26 23 43
17 48 66
59 98 1
71 15 30
29 71 10
63 7 50
2 65 88
79 5 2
12 26 25
29 79 67
89 18 79
64 83 19
47 32 76
64 73 99
91 82 86
38 74 2
51 0 72
77 3 36
28 72 52
34 35 57
43 99 41
49 36 45
13 37 63
5 3 53
80 98 38
58 22 58
46 63 43
55 96 54
75 26 47
71 55 75
24 9 95
50 21 48
18 88 23
16 44 32
78 49 20
2 23 82
72 66 87
88 18 11
1 3 58
32 27 30
46 88 99
58 3 55
51 58 46
11 10 84
75 13 30
77 90 62
93 83 12
81 4 80
57 32 7
8 74 35
35 52 42
48 6 25
47 19 1
56 35 63
31 51 51
55 23 73
51 35 93
81 0 51
66 77 29
69 29 18
46 12 40
56 14 45
33 3 35
81 95 1
74 66 66
26 10 39
35 42 44
67 11 87
46 58 99
4 5 2
85 23 56
25 48 18
82 41 95
8 43 17
30 74 32
59 69 53
94 50 2
83 50 62
55 47 58
21 34 39
30 77 76
62 26 71
64 63 21
50 45 63
48 80 4
62 90 43
58 8 14
5 13 77
59 66 85
24 48 35
25 41 16
67 27 34
46 39 34
94 41 8
96 66 4
20 1 65
41 30 31
67 84 6
27 67 15
61 21 53
56 95 80
19 15 67
69 96 58
44 10 11
47 68 30
15 6 83
36 92 55
23 58 6
64 11 69
69 63 11
19 28 43
54 80 7
62 75 1
56 38 45
51 43 54
66 13 39
99 52 53
62 85 94
33 36 64
51 74 15
75 53 54
63 64 57
24 20 90
67 9 2
4 41 61
46 72 49
19 98 12
59 58 59
89 97 74
71 14 2
83 10 55
55 48 58
35 9 5
3 27 48
23 66 22
97 5 58
47 50 93
44 42 11
52 64 51
66 67 17
41 45 83
30 83 60
52 24 88
80 82 35
17 31 64
76 55 42
19 85 84
85 60 37
20 15 37
56 57 10
2 23 61
90 39 49
50 5 38
89 48 32
4 16 51
61 89 11
52 64 89
55 15 81
42 65 26
20 29 55
25 92 17
45 34 42
34 89 77
74 42 72
86 28 66
51 50 84
77 65 11
12 74 54
39 99 28
7 13 75
47 3 36
41 82 91
65 70 89
98 52 10
48 83 6
36 21 75
58 12 59
72 66 40
16 32 37
31 23 20
72 33 11
93 22 16
27 69 41
72 35 78
86 38 7
48 37 95
20 29 90
76 85 81
88 90 19
37 33 71
77 5 74
32 94 78
18 51 33
54 10 6
49 96 72
37 73 56
81 28 19
67 52 17
5 20 17
77 29 67
31 42 83
80 54 78
67 68 45
79 61 44
36 31 6
21 94 4
