22 89 22
59 29 82
87 63 39
96 22 60
4 23 74
49 9 8
21 93 44
13 38 32
33 74 29
53 24 98
94 38 6
29 59 20
32 13 70
60 99 98
19 13 92
44 24 91
48 10 20
83 18 75
48 20 56
89 62 92
80 35 5
64 91 97
52 23 8
60 6 94
47 93 70
22 90 65
29 9 95
69 61 39
6 59 76
18 15 65
35 33 32
23 29 81
57 77 80
50 83 63
71 76 10
67 6 11
79 77 15
58 65 17
74 39 60
59 64 52
12 45 1
10 8 3
84 59 100
8 84 67
17 84 30
32 87 2
37 78 69
70 65 98
34 37 12
15 95 65
32 11 66
25 90 92
49 63 24
19 96 20
91 43 69
33 23 58
14 35 96
41 63 10
1 78 49
59 76 23
19 63 50
2 95 16
97 16 5
75 18 43
48 98 52
40 94 88
37 91 91
66 16 58
9 12 96
21 51 52
69 66 40
16 57 66
48 32 78
80 31 55
87 38 69
55 1 83
90 12 24
35 29 26
7 86 4
39 89 59
52 92 42
38 99 68
10 14 77
71 81 1
39 12 48
90 35 1
88 44 52
13 89 84
46 25 74
65 55 49
12 97 4
54 17 9
43 36 75
70 73 97
42 51 41
89 43 62
10 72 66
34 7 79
52 56 31
28 34 10
50 58 14
94 35 38
4 36 28
30 16 67
30 27 24
69 38 61
10 17 29
72 96 31
76 47 79
71 43 81
41 71 69
60 3 43
40 26 24
71 79 27
49 32 85
36 21 49
37 90 48
69 1 68
48 81 20
35 21 15
36 0 64
27 28 72
86 67 19
27 78 38
3 32 52
45 49 85
56 69 74
51 44 50
90 5 28
6 12 28
20 34 43
45 32 37
88 63 71
54 10 72
5 13 75
83 16 99
93 26 85
15 41 27
13 16 31
70 2 100
59 27 4
48 36 42
27 63 12
19 79 72
60 35 4
55 30 46
66 41 72
7 60 93
63 13 1
84 6 79
36 88 37
31 63 27
23 26 94
11 96 53
94 71 52
53 32 21
57 4 84
44 39 22
89 28 70
22 99 69
1 46 44
2 59 96
62 74 3
8 50 5
73 43 46
92 79 25
74 64 77
29 22 30
10 26 47
64 29 95
52 32 96
57 0 41
4 82 47
90 37 38
9 7 1
41 86 37
0 64 80
98 68 68
83 26 24
85 64 32
73 81 70
84 17 5
46 95 27
17 53 9
77 59 56
68 94 58
16 57 4
62 32 80
35 96 20
41 74 8
23 50 83
47 89 21
58 14 83
39 55 1
93 62 22
9 35 19
12 42 24
12 76 81
80 98 35
66 48 5
72 47 51
49 53 84
52 28 20
67 4 100
29 87 34
58 82 93
7 86 89
7 55 83
30 97 1
4 69 19
52 81 22
81 54 64
0 18 16
40 55 96
35 51 95
81 94 56
91 22 17
11 59 14
29 41 18
2 80 29
59 20 87
62 99 38
87 48 16
36 76 33
46 62 1
68 8 88
90 88 17
25 93 95
77 64 32
15 34 94
3 95 79
24 69 15
80 72 2
30 28 14
53 84 90
29 91 67
8 81 59
83 18 6
44 75 2
31 23 28
80 1 3
69 9 18
36 4 61
93 87 15
14 36 53
32 91 64
31 52 27
83 67 84
92 40 79
1 97 45
52 84 16
86 89 21
27 80 13
58 6 9
53 30 50
14 67 77
1 65 26
95 22 14
48 83 96
28 7 33
56 53 43
56 96 13
71 95 39
25 18 8
14 53 46
46 36 52
37 48 39
1 61 31
60 26 30
77 66 57
18 89 10
47 97 83
78 88 58
8 48 61
39 47 70
89 93 98
49 23 4
68 43 98
94 86 57
55 86 53
50 33 77
19 86 62
57 29 63
73 70 16
50 37 11
78 70 40
97 12 15
62 87 58
99 89 30
98 26 69
51 52 82
41 40 68
5 89 36
35 3 73
20 33 82
7 34 100
22 48 64
26 8 96
31 5 27
87 6 48
89 33 18
45 30 3
67 21 56
13 43 19
39 73 87
91 67 23
96 76 79
1 12 92
3 97 42
21 1 9
84 87 50
19 43 95
8 29 53
12 18 42
65 1 5
97 25 2
69 79 13
36 11 40
41 56 59
55 45 84
66 36 79
98 94 53
90 39 14
14 77 49
52 30 49
95 86 35
59 47 22
50 91 80
62 2 59
57 96 37
82 96 83
1 0 21
78 86 3
37 55 38
27 72 27
5 98 2
95 40 43
12 41 29
36 86 92
70 77 85
2 93 75
84 79 100
62 88 64
99 29 47
34 89 27
15 6 39
63 93 70
50 13 36
6 44 44
19 67 30
64 52 44
53 41 26
99 32 46
99 37 10
83 35 17
78 34 69
44 63 70
20 19 93
82 37 27
18 73 5
86 69 95
70 31 58
35 56 60
7 49 90
76 60 83
42 86 42
87 93 21
22 64 92
30 9 70
77 5 39
62 14 14
26 75 41
80 85 77
83 64 37
92 0 76
21 8 12
96 33 5
90 94 70
58 73 100
70 59 57
49 12 50
16 83 19
57 52 64
85 38 1
7 71 79
73 38 41
84 48 2
80 84 31
0 11 5
22 84 9
19 57 83
29 4 47
70 49 14
57 97 50
93 46 81
14 13 48
70 56 32
72 2 40
61 76 52
26 54 62
29 44 11
97 54 49
12 71 66
94 28 70
22 61 68
8 34 45
92 50 4
7 81 26
25 59 12
48 96 43
27 15 51
26 47 73
52 22 21
64 33 19
2 78 56
47 45 3
31 2 16
3 39 84
29 75 52
12 7 15
70 80 5
19 63 51
69 6 5
1 66 26
46 13 96
6 67 54
30 58 71
72 99 73
89 32 1
99 44 15
59 90 18
75 37 95
44 55 43
8 99 36
27 17 17
54 52 20
83 78 21
9 94 3
6 98 11
24 90 45
40 92 42
89 94 68
90 4 18
42 5 25
8 68 71
85 67 4
24 0 11
27 96 50
48 64 79
66 4 58
18 35 16
51 4 46
88 73 51
4 98 20
59 35 41
18 21 49
67 18 96
0 60 4
37 22 97
49 46 7
46 42 90
72 37 84
96 87 45
24 33 95
67 10 75
6 26 8
37 51 9
76 77 74
66 90 1
40 83 56
14 19 70
76 27 47
18 4 50
7 81 77
9 47 64
15 3 16
98 90 14
65 42 97
22 86 36
68 17 30
23 0 91
2 8 83
87 70 3
17 19 95
31 89 9
95 0 58
91 4 46
27 15 36
96 28 31
99 44 50
56 20 86
40 46 42
8 4 51
7 76 85
70 90 68
44 67 46
76 97 78
39 63 44
60 73 85
82 74 29
84 70 61
47 32 14
59 38 81
22 24 26
97 19 88
52 44 1
53 5 1
91 49 11
78 89 80
5 60 28
97 89 84
2 49 31
26 77 44
87 0 42
36 58 31
11 37 34
35 17 52
77 48 36
39 31 13
9 22 63
77 95 3
49 90 55
93 18 35
69 0 15
5 79 40
19 89 41
16 79 88
8 69 11
1 41 65
24 49 17
38 74 61
33 7 87
72 5 39
54 87 90
77 5 99
43 48 43
23 97 85
32 60 89
22 3 10
72 22 20
96 13 59
9 99 72
79 47 87
83 77 40
67 25 87
26 32 91
49 11 73
43 5 55
43 93 8
73 69 22
23 70 26
24 3 65
27 47 4
44 15 5
17 5 73
0 71 21
62 46 29
34 20 55
47 71 100
67 4 88
24 0 22
55 73 22
29 99 81
22 73 74
63 80 28
35 63 97
0 26 81
90 33 82
99 74 12
13 89 68
92 87 85
64 50 81
83 65 16
29 57 77
55 27 76
28 39 59
5 59 3
58 3 11
9 43 58
47 12 35
32 0 29
93 60 56
38 12 37
30 46 4
92 88 97
0 74 32
92 5 61
49 68 36
10 67 45
86 38 61
81 48 81
18 76 11
23 19 84
91 6 20
98 40 25
95 32 62
9 38 68
44 61 89
62 20 31
27 62 31
77 18 37
13 86 7
35 73 84
9 30 37
68 77 11
13 0 82
3 14 76
79 8 26
68 62 49
27 66 22
14 84 17
61 49 97
90 19 91
87 86 2
16 57 29
18 99 30
10 46 30
75 92 41
50 25 89
57 50 20
79 90 78
31 69 86
62 36 99
5 97 5
85 42 97
57 86 6
41 5 49
14 10 33
61 5 39
67 82 9
76 15 41
38 56 58
97 80 48
24 52 88
51 68 75
89 72 3
18 71 57
39 64 76
22 78 77
71 60 65
36 6 23
85 14 87
43 69 28
64 52 21
49 85 41
76 19 94
74 29 7
78 55 1
5 75 8
69 11 64
83 6 59
89 53 23
80 61 20
7 13 6
63 85 64
51 32 16
18 72 100
35 96 43
25 73 10
85 40 93
53 84 87
87 51 69
25 24 87
27 81 81
56 47 45
3 14 73
79 69 67
52 91 71
60 42 56
99 0 76
6 99 27
46 89 70
80 43 55
59 73 84
12 28 44
90 70 4
38 69 77
56 89 24
70 61 87
19 76 87
66 89 92
25 51 39
81 65 66
86 20 83
72 30 82
43 40 51
75 16 9
37 36 60
89 15 73
89 95 62
25 33 91
81 68 83
51 92 34
47 93 30
79 1 37
23 27 17
97 88 87
34 87 23
78 46 16
38 49 9
62 35 79
70 41 57
70 91 91
56 14 37
50 13 88
1 79 56
86 37 84
38 39 79
92 69 40
28 71 16
5 2 56
2 50 73
59 55 92
39 93 46
4 82 3
84 24 30
87 46 45
69 41 91
50 16 2
73 86 71
72 50 45
9 3 22
85 94 60
1 53 8
54 56 75
17 6 81
86 29 88
71 35 24
89 27 72
86 56 65
24 93 13
63 34 9
37 82 53
50 35 91
58 66 40
56 12 12
10 36 86
78 92 56
67 17 22
45 22 84
60 87 45
15 17 96
3 20 34
86 71 91
17 90 73
20 92 24
60 63 46
72 85 5
93 2 50
65 58 33
27 76 75
1 7 50
8 37 97
3 39 17
21 87 51
93 17 11
67 78 40
88 52 93
35 73 55
39 36 73
20 0 36
7 65 53
80 87 73
32 55 30
32 14 8
17 6 17
63 15 11
60 19 33
44 24 70
56 67 84
65 2 24
46 28 24
93 53 9
33 7 43
73 45 12
49 56 89
28 97 74
47 96 48
88 57 59
41 96 59
85 94 45
91 38 29
19 81 11
59 83 20
51 42 19
83 92 14
53 36 3
74 98 8
94 16 26
73 49 18
80 33 64
91 96 100
79 48 45
32 25 9
44 41 26
33 67 36
28 97 18
49 18 19
84 79 64
98 51 43
16 66 91
4 69 100
73 94 45
49 83 38
8 57 92
10 13 26
74 27 47
34 33 8
53 21 11
86 35 79
89 73 59
15 84 25
59 14 77
88 37 48
85 63 7
89 21 25
10 95 62
72 78 88
40 70 47
39 48 73
98 32 41
94 44 61
40 8 63
51 85 97
68 43 13
54 76 6
14 6 3
12 54 17
8 9 96
69 43 78
58 81 25
67 52 54
41 14 9
13 93 64
59 44 88
87 97 40
8 1 14
75 3 88
26 54 54
72 21 95
86 49 56
34 86 98
87 62 48
19 94 79
72 74 31
58 87 30
21 1 42
8 95 69
42 96 83
7 76 88
55 75 17
1 61 28
55 7 77
57 4 22
84 63 69
63 36 52
72 52 87
57 35 37
31 49 12
59 20 55
61 11 6
94 81 45
59 95 73
32 37 62
57 90 49
17 40 84
70 92 95
11 29 75
39 34 99
22 89 70
34 19 45
44 37 2
52 74 10
6 32 99
74 60 91
72 28 12
24 98 4
7 68 97
31 12 96
85 15 33
97 60 48
43 90 51
86 33 40
51 59 93
23 81 25
72 11 27
2 18 1
59 0 38
40 43 43
4 58 32
51 12 65
74 62 87
82 96 39
38 24 44
9 34 66
51 15 44
59 37 45
29 13 72
8 14 45
82 84 43
37 24 38
25 39 30
93 54 2
74 82 33
84 98 80
28 26 55
6 31 21
71 4 29
70 85 5
94 0 84
95 28 15
74 10 11
65 71 36
94 25 83
49 43 47
89 21 94
91 98 70
69 64 62
33 16 96
66 99 6
70 24 66
16 36 100
13 99 77
92 59 28
64 18 56
50 20 56
43 81 32
17 42 6
72 84 80
72 5 15
59 14 85
31 13 71
59 43 24
7 82 15
19 15 70
66 93 100
8 92 34
69 47 46
10 35 8
47 21 74
95 97 81
7 40 12
82 61 4
84 36 97
61 10 27
25 73 89
11 81 60
44 24 93
57 26 68
7 74 99
49 46 2
18 47 19
20 28 75
37 85 9
71 96 42
33 4 11
99 26 17
47 93 64
70 22 20
10 69 70
2 21 99
96 63 43
4 49 13
75 56 80
12 43 57
60 12 67
56 89 16
8 45 51
14 50 33
96 73 52
47 41 34
20 40 2
74 72 51
66 90 11
59 26 62
78 8 33
84 48 13
99 1 89
57 11 42
55 94 62
33 49 19
66 35 33
7 24 66
9 37 51
56 79 50
86 18 18
47 76 59
29 31 12
2 12 66
48 95 49
53 90 18
29 14 7
18 68 80
18 92 94
34 82 56
69 81 85
57 60 73
44 42 78
45 81 10
92 13 7
92 8 40
18 40 16
97 59 65
55 76 26
12 52 38
48 15 69
39 67 14
62 7 53
64 66 95
2 66 3
63 45 37
99 61 87
66 55 55
7 70 96
66 29 32
45 61 13
0 96 96
60 59 81
9 72 88
54 70 26
5 4 27
5 22 26
36 5 73
72 19 13
8 15 74
1 27 10
39 60 34
37 61 87
26 98 99
52 81 40
41 71 20
82 72 3
8 50 27
91 73 76
24 23 95
0 53 98
32 51 11
83 15 25
26 70 24
1 99 37
87 83 80
91 49 30
99 68 64
72 65 54
12 82 37
63 8 59
6 12 49
3 97 39
47 42 8
43 32 24
47 20 34
48 41 78
41 94 59
75 98 100
58 5 99
57 15 29
73 40 80
17 24 2
13 70 1
94 53 47
76 67 67
67 97 85
74 2 51
63 49 25
69 93 55
35 58 93
60 73 94
27 80 72
70 41 90
46 21 1
93 94 37
42 70 72
31 48 62
37 99 48
66 81 28
52 30 22
51 99 60
30 86 36
18 44 4
2 11 93
32 69 19
71 44 21
77 17 33
58 7 7
93 94 80
8 52 80
74 87 99
47 55 15
55 72 38
2 91 74
76 74 90
79 96 38
40 75 1
93 71 60
3 73 25
18 61 79
84 37 13
23 83 57
70 59 65
63 39 89
9 73 14
13 94 16
40 21 16
34 95 60
99 67 38
55 35 49
89 23 49
84 63 92
18 45 35
91 66 63
23 62 67
83 72 53
1 73 79
26 30 40
86 14 91
11 90 56
3 18 66
98 46 43
44 10 43
39 73 36
47 54 15
13 58 96
90 61 53
73 80 21
56 38 18
68 7 26
73 93 92
12 30 1
0 81 14
21 60 82
61 6 22
79 34 29
40 8 4
82 57 100
33 24 19
32 8 100
7 86 80
2 84 38
79 94 34
40 50 56
35 92 52
6 43 91
78 91 90
50 30 77
67 87 87
61 48 50
90 88 53
99 51 93
22 38 39
41 69 72
89 12 69
39 15 26
21 13 92
26 9 59
21 67 39
42 73 84
78 84 66
70 47 67
2 78 18
55 70 93
28 57 86
40 63 16
33 24 52
6 32 39
3 12 16
58 70 3
74 7 12
93 71 19
49 12 3
37 52 27
46 78 32
12 67 52
95 63 86
63 37 32
46 78 81
87 11 84
12 96 36
43 75 30
34 1 46
10 78 40
23 66 81
10 32 4
53 2 78
64 19 94
51 2 73
19 20 60
63 96 35
73 51 26
12 68 17
9 55 31
3 75 69
1 82 94
49 54 80
88 5 71
3 31 23
1 70 52
26 38 74
58 46 40
87 85 81
77 14 15
99 66 84
81 69 36
42 79 2
65 39 95
51 0 54
18 5 95
69 0 92
89 2 33
19 28 66
17 64 30
56 10 51
72 18 34
19 9 51
51 24 81
68 95 7
94 4 60
44 23 85
85 7 84
11 96 26
2 9 4
31 3 19
51 86 31
39 20 98
39 19 92
26 55 48
51 14 10
6 73 60
86 72 32
73 1 31
72 84 12
14 78 63
88 20 51
45 35 15
45 96 37
17 9 68
26 74 99
89 33 2
51 26 90
36 60 99
2 84 90
97 13 25
34 13 56
90 35 6
34 48 69
84 36 33
94 56 86
5 32 90
89 86 81
25 94 73
26 21 97
45 87 7
70 3 97
51 65 41
18 96 74
48 46 49
72 12 2
31 52 56
18 26 66
13 81 54
40 37 50
4 39 25
21 96 14
55 97 15
70 74 71
75 11 87
93 0 38
64 34 48
80 23 67
30 55 55
69 51 24
67 96 29
7 21 6
73 95 96
3 20 84
52 37 9
48 60 40
55 94 90
72 26 45
20 35 65
18 42 89
86 76 19
40 14 70
53 78 36
11 81 57
70 89 5
6 23 96
41 57 51
69 81 10
49 5 28
97 34 35
3 96 100
26 9 23
74 37 35
92 16 85
56 33 79
46 54 3
66 65 80
92 60 69
68 85 73
4 34 55
45 93 100
53 57 38
92 83 49
88 44 52
3 43 45
14 68 8
10 39 93
17 64 13
70 1 19
49 24 80
9 55 21
74 47 30
24 36 61
18 71 40
46 76 17
23 85 75
25 56 52
43 73 88
88 16 16
74 86 48
87 1 87
83 56 10
74 21 41
67 44 82
47 56 14
54 46 61
24 86 10
89 38 18
9 36 10
97 64 13
93 61 95
11 4 17
29 98 19
21 62 61
37 53 89
33 32 4
71 4 66
27 42 40
94 72 81
41 31 69
47 87 91
6 92 32
35 49 41
17 71 52
87 29 70
69 99 55
92 42 93
37 73 57
59 1 5
10 21 72
13 36 12
84 98 58
41 14 33
43 36 53
84 53 8
94 19 19
73 0 34
79 1 48
87 35 13
70 81 32
6 36 17
79 64 92
9 92 69
65 94 94
26 67 54
50 32 40
4 17 31
46 20 59
48 43 7
72 5 69
47 43 65
11 52 87
90 14 100
20 12 96
42 23 83
90 18 44
85 84 4
85 58 67
95 35 70
88 40 34
41 12 81
42 41 5
8 65 81
31 53 40
18 80 48
70 68 5
23 41 80
78 17 24
96 53 13
30 15 24
18 11 59
34 91 85
13 75 82
63 28 79
10 7 30
41 63 2
4 98 90
8 89 81
62 86 55
2 77 40
90 42 97
25 34 14
16 57 83
4 31 57
65 33 22
22 2 9
24 66 59
28 83 61
72 34 18
43 22 21
60 6 28
99 73 9
23 91 8
61 23 73
93 25 55
59 60 35
87 91 19
22 30 99
17 21 39
84 83 62
6 42 13
27 93 78
10 99 40
98 13 9
33 14 13
78 40 100
74 33 28
50 86 96
56 91 84
95 66 76
16 97 29
33 17 39
69 41 59
8 31 76
52 98 59
23 67 31
36 86 57
73 63 84
60 73 100
81 13 31
62 58 32
6 81 94
28 59 15
50 90 96
71 50 39
64 30 15
87 26 65
55 52 9
62 28 9
11 33 95
91 11 83
62 53 42
57 46 60
6 48 9
86 81 52
6 10 73
76 19 97
13 65 13
32 60 74
60 9 43
84 27 75
88 78 82
54 2 85
27 96 52
84 19 83
93 15 69
32 31 57
18 54 69
35 55 11
28 79 17
87 1 34
51 24 83
75 45 6
40 74 18
66 86 14
32 65 73
55 60 77
22 39 92
24 54 75
57 68 93
28 3 69
33 81 57
99 94 54
73 67 88
35 16 86
44 40 82
23 2 23
98 63 88
52 47 36
56 89 63
25 31 86
1 46 78
98 64 43
50 66 71
84 96 56
8 53 48
40 41 71
98 14 99
31 75 32
93 34 34
42 62 19
39 85 47
86 46 66
12 5 1
96 30 36
19 37 90
34 56 90
1 44 74
81 59 87
55 93 19
62 98 53
16 37 88
13 86 72
59 90 49
97 26 88
3 17 24
11 50 30
96 88 60
46 14 94
90 95 2
57 4 32
66 90 47
0 91 5
42 77 2
15 72 38
2 29 91
57 91 5
84 37 45
58 99 74
92 31 83
3 80 38
73 90 47
54 89 32
2 37 84
63 37 44
4 22 74
90 69 33
67 11 98
96 62 7
52 40 4
82 75 48
61 73 96
46 62 94
94 27 89
68 45 15
12 2 84
92 29 29
23 4 42
79 63 99
21 68 50
12 18 27
82 7 90
34 5 70
63 42 51
59 25 7
65 78 6
17 19 95
49 26 5
31 46 40
42 45 86
22 85 53
41 5 93
70 14 55
85 91 38
90 73 91
70 39 84
58 39 100
95 42 95
5 39 27
54 28 3
27 39 4
53 93 29
49 84 20
83 20 34
69 12 75
67 46 55
95 94 79
99 86 88
78 47 89
77 44 78
58 64 7
90 0 2
34 11 48
65 52 14
76 74 20
48 75 14
95 17 3
99 8 19
0 52 77
92 83 74
99 51 30
6 4 40
35 40 73
26 30 50
3 31 28
44 57 29
74 67 41
21 98 74
58 6 45
67 54 71
73 27 13
37 70 20
21 23 68
42 80 93
7 98 83
4 25 69
59 12 98
55 47 84
22 47 13
60 29 7
17 77 60
21 56 30
75 93 29
28 78 79
19 23 49
80 88 92
16 5 90
38 64 80
20 93 65
38 48 74
78 23 64
45 75 21
46 2 54
9 85 27
8 84 86
80 74 42
96 80 56
96 65 4
10 35 2
37 56 10
26 99 80
49 42 22
82 73 1
36 56 75
59 6 3
41 20 16
87 93 48
64 31 21
45 83 77
23 22 50
73 93 15
24 16 29
98 26 73
36 68 88
56 10 48
67 72 6
62 59 98
95 16 11
28 30 96
97 68 96
46 89 49
29 55 70
41 20 35
22 21 13
51 6 95
64 96 79
21 47 93
41 14 70
8 87 26
17 97 76
84 36 86
75 25 71
59 66 68
21 90 56
60 29 7
75 8 17
51 57 67
43 22 71
9 2 87
85 95 35
24 31 23
64 20 94
47 91 30
78 16 87
98 61 22
52 91 5
8 25 84
78 75 95
24 15 88
14 50 59
10 12 53
30 64 21
2 42 4
1 20 11
74 69 17
90 66 70
95 10 86
69 32 1
43 96 11
31 42 58
85 21 86
69 44 82
17 55 55
97 11 30
46 8 98
13 36 18
83 14 13
67 63 68
60 55 9
4 37 88
7 98 88
93 45 12
24 69 34
60 70 81
62 65 79
82 90 12
6 87 84
56 80 63
31 71 6
58 95 11
40 87 17
54 82 50
69 18 16
33 17 46
25 69 47
62 90 10
0 13 73
23 88 41
76 87 2
56 67 47
32 67 82
29 0 73
60 35 73
6 94 56
86 0 40
47 94 54
97 19 93
84 23 27
99 84 94
92 9 24
50 84 93
65 40 10
19 80 62
37 83 43
94 37 27
99 81 81
10 54 57
78 96 88
50 36 20
31 83 32
63 71 100
15 22 91
84 91 6
95 27 20
86 68 67
34 51 99
17 49 20
1 35 85
13 47 30
60 21 57
33 51 40
13 21 90
23 24 39
83 3 37
56 62 53
18 56 87
59 40 2
5 9 98
42 99 36
42 89 8
96 28 33
92 69 9
60 79 7
25 19 95
71 80 20
30 26 47
82 77 89
89 49 91
35 16 30
10 54 60
72 9 90
40 77 71
1 73 53
33 8 79
9 46 11
46 49 32
55 2 75
3 29 19
27 17 79
65 91 78
50 28 93
54 19 99
89 5 40
79 2 31
96 11 41
25 24 67
72 52 72
55 60 45
29 74 66
93 5 96
41 73 33
29 69 14
87 27 4
70 67 67
29 62 96
28 26 43
77 1 15
2 68 26
34 45 27
46 10 24
89 40 96
36 26 71
69 18 26
91 25 13
69 51 90
55 37 26
41 73 43
22 79 65
35 8 35
21 31 22
47 75 30
30 12 81
33 36 75
39 20 23
49 22 39
5 15 44
33 6 95
6 5 47
9 71 24
4 85 65
31 87 26
22 50 63
20 94 20
99 54 33
64 61 99
64 9 79
7 43 39
25 82 12
52 22 72
81 5 96
2 28 46
2 44 60
24 87 53
3 9 2
31 2 42
45 40 29
46 26 23
36 11 66
35 45 74
37 80 69
58 92 96
81 42 73
93 76 97
84 93 70
23 56 31
64 67 31
74 16 45
45 4 28
88 19 74
87 10 26
37 73 4
63 62 40
53 39 96
82 53 41
65 20 78
42 59 36
81 77 72
36 78 29
46 8 29
45 73 34
62 67 96
32 46 88
94 59 91
91 42 3
89 12 90
20 87 21
34 28 41
70 17 6
42 18 20
12 66 98
11 16 33
21 36 94
63 81 68
26 50 2
77 48 31
81 95 89
90 52 95
64 88 97
30 24 97
77 6 37
62 67 62
51 52 49
40 54 91
59 20 70
6 28 2
11 74 83
49 77 13
59 60 85
73 83 85
16 74 47
12 84 36
63 21 88
67 56 13
12 97 13
17 59 86
41 50 18
42 39 6
50 56 34
51 86 68
91 24 94
26 32 5
40 46 31
29 18 9
4 80 80
70 72 35
45 75 61
99 8 90
12 94 93
59 21 1
83 61 85
31 4 96
73 43 29
87 55 21
27 19 42
15 35 59
48 87 11
4 44 89
58 81 90
47 38 56
88 22 64
88 18 72
44 29 90
72 92 99
33 29 28
92 27 46
12 77 99
16 2 97
66 46 78
68 98 99
25 71 91
22 26 97
18 78 15
21 70 65
76 15 15
42 69 1
42 19 31
71 20 78
34 76 3
29 38 100
24 74 20
19 38 32
72 60 8
87 45 63
18 6 52
45 1 39
94 82 34
61 45 21
21 22 74
99 23 89
97 18 39
58 19 73
81 26 13
94 24 2
6 68 62
83 91 51
7 28 82
34 4 83
32 67 69
48 36 23
86 28 27
1 75 13
14 88 55
6 40 49
19 98 96
40 9 92
74 83 35
50 62 13
37 31 38
45 24 82
70 3 8
92 13 32
37 35 91
22 62 17
54 67 1
69 51 74
64 4 11
23 72 40
86 21 35
15 19 11
86 70 21
44 25 66
98 57 41
7 43 28
41 56 77
66 69 70
3 59 99
85 29 50
79 11 53
20 87 40
37 33 80
91 92 2
41 30 86
51 22 29
72 49 28
25 88 28
91 20 94
6 29 25
48 36 18
78 60 70
94 66 57
0 8 81
13 52 44
72 1 82
72 14 82
11 63 52
79 20 16
97 77 72
94 82 44
81 21 77
99 53 26
21 36 6
3 50 21
79 30 51
24 2 56
52 79 34
82 63 18
34 72 57
62 25 5
82 14 93
84 21 22
23 92 32
37 25 75
67 4 50
99 65 97
7 46 17
29 7 4
33 59 82
66 52 65
84 21 69
93 69 21
17 61 32
32 89 12
24 60 77
86 22 83
80 71 33
29 41 84
98 7 29
6 17 70
51 56 13
14 41 45
91 78 65
63 77 86
39 6 38
98 90 89
95 18 53
95 93 57
47 82 46
50 73 50
93 33 57
77 62 16
5 67 52
67 62 40
2 15 80
14 37 67
51 97 28
0 69 14
62 7 39
93 89 20
71 91 7
10 71 93
49 79 76
85 89 55
43 58 86
13 4 76
84 9 42
74 10 8
86 21 31
14 83 98
68 51 96
64 80 58
96 63 55
51 16 41
29 19 24
20 54 89
0 24 59
44 30 87
65 0 68
31 58 47
84 65 73
42 28 96
71 29 12
57 83 83
43 62 16
66 86 25
86 88 85
7 63 91
0 62 67
43 93 84
66 90 83
62 72 61
75 90 28
58 16 89
14 66 90
60 42 16
16 58 65
24 99 71
74 67 50
57 23 77
52 41 11
62 29 4
49 4 72
23 83 85
83 28 63
12 77 84
3 43 70
46 44 10
1 79 66
43 11 80
68 78 60
53 94 55
61 4 7
66 77 56
56 15 77
49 56 52
92 93 63
32 53 98
74 14 96
64 5 87
16 53 4
78 66 15
21 62 43
38 83 89
4 99 31
87 83 5
51 53 83
75 95 1
45 27 56
21 29 87
57 61 15
22 62 52
31 58 89
54 9 81
4 24 30
61 92 2
60 25 4
7 2 38
81 38 52
31 18 48
70 89 89
42 44 92
24 14 36
59 7 9
62 70 47
44 82 1
7 52 55
28 4 73
23 86 39
68 25 52
99 43 18
21 59 50
67 50 12
25 98 83
95 28 10
80 56 93
14 8 40
53 10 12
13 93 93
44 68 90
42 31 96
15 62 18
75 11 39
7 50 75
92 36 57
54 37 15
32 41 33
21 16 65
70 18 91
81 78 52
45 4 86
45 92 24
40 36 79
13 97 72
14 49 60
30 33 93
88 50 49
38 15 55
29 48 49
3 87 53
5 3 43
98 85 6
58 42 39
60 26 40
38 35 72
12 24 59
15 85 60
80 89 52
69 10 74
87 30 12
3 21 33
4 68 47
95 36 38
58 46 82
32 84 37
59 95 96
46 71 93
97 22 45
55 34 34
14 10 37
34 2 71
95 86 12
68 4 93
70 35 27
73 42 59
9 94 37
35 43 1
69 53 91
41 18 16
21 89 97
17 15 8
26 76 49
24 28 29
1 31 47
61 16 36
46 4 39
39 23 40
78 49 88
28 96 26
47 60 11
10 98 20
86 13 46
28 97 58
67 66 85
96 54 84
78 96 93
30 74 81
71 44 32
6 16 36
9 97 84
59 22 16
30 38 84
85 80 56
50 36 41
4 86 57
87 96 78
0 30 41
65 20 14
98 53 32
6 36 97
97 50 20
70 62 68
16 50 2
74 16 12
24 64 37
6 13 21
48 45 19
20 70 65
59 29 73
62 60 1
82 90 90
39 57 97
81 30 24
1 28 53
72 80 11
38 96 49
73 78 61
63 55 81
76 38 38
74 50 57
72 2 93
93 86 20
40 69 22
9 29 4
87 38 87
97 78 98
15 77 49
89 96 21
99 55 83
59 90 86
5 29 89
25 16 74
43 78 30
40 62 87
84 21 5
75 31 19
8 91 21
24 28 77
75 47 95
82 56 41
19 82 38
51 28 40
73 52 21
27 87 28
0 27 63
57 14 17
78 14 56
63 5 62
99 44 43
27 55 45
74 12 72
76 5 92
68 78 87
13 98 60
95 45 99
46 29 24
97 36 40
52 86 50
29 16 78
88 76 1
45 52 49
15 4 95
21 32 54
85 21 25
85 36 11
61 18 12
66 89 38
21 51 32
70 88 40
20 62 98
9 35 86
50 23 2
62 95 46
75 32 2
78 62 43
83 5 78
67 35 11
59 73 29
24 84 2
77 60 83
60 83 33
41 76 26
9 55 82
76 27 51
19 98 97
72 38 57
11 14 31
32 96 59
81 97 25
82 45 91
99 26 96
71 95 22
18 71 84
1 10 40
74 61 55
20 86 92
1 74 98
71 9 61
15 95 13
17 48 84
16 90 10
64 10 85
87 61 33
81 49 82
65 82 85
8 6 95
44 86 75
93 21 55
18 34 72
80 23 69
84 61 34
5 81 94
74 79 5
23 33 8
77 49 90
21 91 23
85 2 72
25 66 83
56 5 12
18 69 44
85 61 5
53 25 48
35 24 8
75 87 37
73 50 66
96 11 74
33 29 70
35 10 14
92 77 75
28 26 37
76 16 74
4 42 35
32 41 69
86 90 44
20 84 54
26 30 82
56 55 22
41 9 85
29 77 80
9 75 8
33 85 3
19 36 11
61 84 20
96 54 45
21 6 99
6 72 53
8 98 94
72 81 89
9 33 98
79 87 67
68 21 64
84 95 16
91 67 64
43 81 7
57 86 23
63 75 14
94 33 39
31 49 39
10 80 2
33 11 91
30 13 51
5 43 45
92 95 24
98 39 18
1 62 93
20 0 48
64 91 13
85 87 90
70 3 47
1 6 39
29 91 52
56 90 76
76 25 98
48 63 8
69 30 24
92 72 14
55 70 8
6 17 2
41 20 14
77 66 21
27 50 85
9 8 32
50 35 19
24 58 82
38 53 2
14 48 22
68 93 83
28 90 53
22 23 26
35 21 67
7 19 34
48 87 62
79 52 61
61 50 45
90 31 78
46 71 50
59 28 99
1 87 21
76 35 70
85 55 4
56 10 49
63 3 74
64 10 43
25 67 70
75 41 31
65 17 89
88 40 90
77 15 30
36 59 22
77 29 52
82 27 94
59 93 89
93 7 96
53 71 36
28 35 47
43 13 38
92 64 51
1 13 37
26 20 91
53 25 13
52 15 28
3 12 68
82 90 53
37 62 23
79 14 2
35 17 80
44 7 84
37 15 34
95 98 94
11 97 27
93 31 91
35 73 53
12 47 37
30 11 100
83 91 99
90 71 3
31 96 32
40 10 90
62 40 45
14 33 18
69 14 92
37 91 91
77 50 67
7 25 39
50 42 3
47 96 63
11 86 75
90 22 12
97 66 56
39 36 25
46 82 39
8 69 49
4 69 96
8 99 64
51 83 99
97 85 61
85 35 37
92 86 15
48 93 16
13 2 85
85 45 28
60 44 2
18 47 94
67 46 64
49 2 70
46 23 25
98 38 22
21 10 29
59 39 23
38 46 83
0 60 94
99 73 9
19 93 91
97 84 33
12 22 30
29 35 50
87 11 2
22 24 77
17 7 59
25 95 46
5 13 44
48 40 78
27 17 40
60 29 37
24 32 31
66 35 5
61 5 98
99 40 49
17 32 98
79 39 74
56 47 84
33 13 59
93 60 51
53 71 70
80 55 95
83 3 48
23 55 64
59 30 20
17 27 79
72 7 14
9 77 62
95 33 96
29 84 37
30 94 81
5 29 87
52 14 54
95 1 47
45 41 89
48 0 81
85 49 82
62 68 84
45 29 89
35 19 37
90 30 91
7 19 9
22 93 43
24 81 46
93 20 13
93 35 77
87 82 65
55 17 61
20 83 6
67 82 98
79 80 55
96 47 2
10 2 51
56 59 27
62 91 63
86 15 82
29 41 100
18 9 19
74 80 27
63 77 87
16 44 34
10 64 45
77 39 8
99 37 72
95 59 22
69 42 93
38 79 58
82 75 64
45 17 41
7 74 98
72 13 71
94 70 33
1 59 1
9 4 43
19 38 39
51 86 81
7 34 62
6 20 57
33 98 41
18 51 60
35 88 32
29 4 18
17 24 53
24 51 11
30 80 41
57 49 67
88 24 40
3 16 26
64 13 27
14 86 16
48 10 46
48 66 2
54 82 6
64 14 32
62 10 30
13 37 25
0 20 9
44 48 25
59 50 98
59 58 57
83 68 22
78 69 47
12 78 37
48 40 36
10 13 84
87 84 74
92 87 71
54 57 56
77 51 1
29 10 77
95 59 28
92 25 95
77 98 44
65 13 18
29 65 54
48 82 6
99 19 39
79 15 98
66 84 63
47 78 40
20 49 41
78 50 1
34 92 98
52 2 20
59 17 10
54 31 18
37 91 78
73 69 25
52 94 4
51 39 91
94 96 88
44 42 80
79 57 25
84 47 86
63 28 48
26 53 86
44 60 5
25 21 95
24 76 20
97 42 29
75 26 12
78 54 16
22 72 84
15 13 54
78 58 28
82 65 79
40 23 43
27 18 50
75 70 64
11 34 74
56 43 60
59 21 90
49 23 49
95 81 47
16 60 67
23 38 76
20 59 7
43 72 12
64 53 18
82 6 39
53 91 93
52 27 28
20 76 62
23 87 38
72 51 25
32 83 60
7 28 90
91 7 30
19 35 94
46 69 25
6 16 43
82 83 15
95 91 52
43 21 86
99 87 84
12 43 31
62 63 55
89 60 34
74 94 49
88 34 6
57 58 2
18 91 17
88 75 59
72 84 56
53 86 23
11 59 80
92 28 3
11 64 99
41 62 70
50 52 94
54 44 92
83 80 16
83 91 18
5 62 50
38 51 91
17 73 39
28 11 24
17 83 51
69 7 41
52 63 45
10 8 31
68 39 52
0 88 31
51 10 43
17 74 14
51 7 28
22 28 94
84 60 75
66 73 25
52 24 13
56 35 24
2 93 72
86 95 49
73 9 53
4 92 84
85 64 13
88 9 62
32 14 28
78 97 80
90 60 64
11 36 55
38 77 99
89 0 60
19 31 54
38 40 63
28 66 26
21 32 74
92 67 3
23 90 63
98 38 62
79 32 36
15 87 79
47 9 35
34 94 3
16 11 10
58 81 10
92 63 28
58 71 80
19 82 91
72 21 17
65 26 89
19 38 44
22 43 90
85 86 63
5 28 6
26 77 91
43 71 61
89 49 31
14 49 53
40 3 88
64 17 87
18 60 13
75 65 29
5 23 14
81 46 10
17 72 76
9 88 82
57 92 93
91 78 4
49 21 56
14 8 94
18 30 39
53 83 72
21 95 76
56 55 19
97 60 19
83 77 82
52 14 16
69 35 26
88 49 57
8 35 40
38 15 16
28 95 73
73 34 80
14 26 53
77 2 72
84 35 3
90 58 30
68 21 24
42 20 18
17 3 96
48 63 83
23 36 34
99 61 9
88 53 83
38 60 13
53 56 59
83 11 9
29 89 68
38 42 20
12 39 1
51 87 5
11 28 45
40 23 57
86 10 21
1 86 37
36 59 50
19 30 21
11 98 19
98 81 56
10 95 91
61 96 88
22 19 2
42 56 3
35 85 91
46 78 55
67 71 82
60 25 88
4 0 21
65 6 84
44 32 35
50 7 87
35 85 56
24 57 50
7 31 47
7 12 94
26 97 5
54 67 56
55 59 91
12 91 17
55 20 31
70 71 71
66 44 86
83 1 80
54 30 79
90 78 76
4 63 94
50 6 53
14 1 18
66 95 40
35 76 31
44 29 54
9 50 61
3 22 95
64 4 26
35 69 44
62 81 8
93 86 43
45 18 75
86 94 7
16 65 14
76 23 46
16 18 7
19 65 26
38 94 13
28 53 96
39 27 91
96 79 58
97 12 74
23 3 87
75 34 5
50 57 22
67 64 88
71 13 12
28 71 1
2 73 34
26 43 50
74 49 91
30 21 68
5 93 53
84 52 11
50 80 3
99 94 24
76 98 27
43 16 79
59 42 81
88 92 34
13 7 84
16 57 92
35 55 32
50 89 64
85 68 47
51 70 83
72 62 93
62 29 55
30 42 34
42 86 4
34 69 21
61 27 85
90 78 38
94 76 8
16 18 82
54 97 50
41 18 48
63 71 14
74 62 44
14 24 94
17 80 10
7 40 79
49 47 13
23 37 16
4 77 89
86 12 8
61 87 93
97 98 15
66 69 32
5 69 73
21 60 9
38 87 3
82 34 11
2 93 19
9 19 34
16 71 57
2 79 22
69 14 18
29 70 94
9 34 19
11 88 32
25 41 82
50 58 25
3 21 90
31 40 16
37 49 80
85 82 59
42 97 38
27 87 90
69 52 10
77 82 31
99 35 74
58 73 69
16 25 68
75 84 80
44 89 18
75 39 24
33 5 25
77 17 32
50 30 62
30 81 19
59 37 74
20 16 93
10 63 64
98 62 60
7 21 70
2 48 52
68 97 10
95 10 98
97 38 8
31 75 54
86 84 26
44 18 96
50 67 98
29 76 74
94 78 30
41 37 38
77 6 22
6 34 41
38 69 100
89 90 69
24 95 83
42 90 36
89 11 60
26 21 17
98 65 6
47 12 63
43 4 97
47 3 72
43 10 62
2 55 63
51 34 17
55 86 6
10 71 38
50 15 7
22 37 23
99 51 44
65 48 35
34 38 71
59 58 46
37 42 44
69 84 94
10 6 89
3 7 79
19 13 34
44 8 70
2 52 11
73 29 19
10 55 20
39 69 68
34 7 64
90 12 10
51 20 37
31 9 34
74 35 90
34 66 8
63 53 9
52 86 68
49 27 23
29 55 18
82 42 75
52 70 58
45 41 45
99 60 79
8 74 8
16 56 100
77 83 52
4 97 42
18 70 91
53 33 83
65 58 22
55 41 30
34 45 82
32 28 54
93 95 72
58 87 30
4 86 21
81 13 26
28 63 81
88 72 35
95 62 43
79 91 99
54 68 87
56 75 1
25 13 3
73 36 7
64 56 27
96 84 68
44 8 8
91 9 67
96 77 37
72 28 78
13 21 87
35 63 32
9 75 7
30 39 43
62 19 47
18 1 94
49 87 75
24 28 85
92 8 71
7 20 33
69 0 95
13 25 86
35 93 79
54 48 51
59 48 42
8 43 19
13 14 16
36 86 46
19 60 34
70 66 99
27 3 97
99 87 23
55 10 48
82 62 13
27 3 88
38 89 82
93 61 20
56 38 55
52 68 11
44 65 21
31 19 86
64 6 32
19 64 89
90 24 60
50 47 71
30 87 49
34 31 32
55 83 19
41 81 37
88 47 69
64 65 83
55 30 45
61 44 96
11 75 47
4 72 82
24 53 80
90 82 45
13 33 25
4 27 50
74 66 26
37 71 18
51 15 94
70 74 20
97 23 91
61 96 14
43 75 60
13 2 39
61 15 37
84 3 92
91 82 44
54 20 61
66 53 37
54 85 54
94 52 68
10 23 83
62 41 72
9 47 11
19 49 56
23 79 48
8 15 54
24 54 97
13 96 28
18 59 36
7 73 67
6 40 81
98 34 27
53 89 40
70 76 67
77 83 11
29 85 32
63 42 33
86 7 68
84 59 82
95 8 87
31 5 27
27 56 31
82 59 74
96 64 48
3 77 32
7 86 45
88 43 87
91 66 71
66 64 44
96 17 55
64 2 19
85 68 23
33 66 36
0 41 10
34 14 70
40 14 68
49 62 42
74 70 30
54 30 11
94 33 3
7 66 65
40 76 38
57 70 58
16 99 34
39 92 70
2 7 4
98 48 66
38 88 30
59 44 57
40 56 60
66 91 52
41 54 69
27 78 91
20 16 50
28 53 58
81 4 94
81 19 52
77 46 18
36 70 38
53 4 68
83 20 2
72 56 11
35 49 17
62 66 90
86 93 42
10 63 69
77 99 27
66 78 79
95 73 11
51 43 79
60 35 33
66 88 96
9 32 94
82 87 79
9 78 87
25 36 52
71 96 5
85 34 30
8 3 56
72 17 19
29 98 51
33 52 99
57 60 39
63 44 61
94 1 49
45 68 11
18 7 45
13 4 59
74 25 92
21 86 86
86 90 26
97 30 17
56 97 7
71 38 70
34 85 59
4 1 48
55 79 13
70 51 11
98 88 51
59 1 67
24 67 76
47 82 22
71 4 49
54 98 77
95 75 80
56 34 15
47 55 89
56 1 49
52 44 47
89 98 78
5 28 1
38 91 46
81 35 66
22 35 90
11 66 100
95 14 98
95 64 38
43 80 1
14 18 47
2 64 62
70 73 77
18 95 96
21 47 1
20 97 69
58 19 96
26 53 96
99 9 66
85 9 14
0 17 31
2 70 82
80 10 51
53 92 21
36 30 84
22 53 31
42 76 21
28 48 41
21 37 48
87 20 7
89 58 55
94 41 92
92 13 74
98 7 68
93 83 94
14 83 55
83 34 98
82 34 12
64 0 24
83 33 84
55 42 56
94 44 68
40 90 37
88 1 59
84 89 70
14 24 5
54 19 11
1 85 25
8 89 85
18 87 80
5 90 11
38 45 33
61 64 19
57 69 50
43 14 62
69 19 94
81 83 82
52 30 10
2 56 50
89 8 74
26 3 61
99 3 11
72 42 22
13 92 20
3 78 83
14 18 26
36 0 3
92 14 3
35 80 26
49 26 33
12 74 36
89 25 95
32 29 37
62 37 11
25 28 33
96 91 78
11 7 7
16 92 51
26 33 30
44 62 88
19 9 9
21 17 12
57 71 87
72 89 38
55 63 38
4 62 7
59 13 57
62 97 81
50 2 57
69 49 16
71 19 52
5 11 54
66 52 92
27 16 39
99 47 26
64 21 53
73 8 41
88 70 10
40 60 31
59 86 43
45 35 79
0 47 48
23 20 94
79 60 50
71 3 11
47 45 54
73 27 64
99 55 59
23 26 76
57 5 75
19 15 44
22 91 35
75 24 44
24 35 11
67 53 100
92 73 67
41 74 100
18 26 56
48 81 2
32 34 10
7 55 24
17 46 48
29 58 27
16 42 95
42 16 77
79 91 66
2 60 17
51 29 36
78 27 4
11 71 52
62 59 68
5 89 17
26 53 5
87 1 51
21 82 25
33 56 93
24 97 96
17 75 98
99 68 94
40 16 39
5 3 12
8 2 65
14 72 21
30 93 30
64 62 66
27 19 18
82 27 27
53 6 78
84 46 53
77 45 6
30 11 81
79 56 55
23 77 76
16 26 42
87 88 31
37 36 20
1 31 60
48 28 81
65 3 14
15 16 81
34 19 16
53 2 62
25 32 8
40 78 91
58 26 79
69 96 16
83 92 78
53 2 5
63 15 2
8 84 81
20 19 34
37 22 8
37 56 24
38 50 5
84 96 60
76 51 12
77 47 63
55 87 95
11 94 48
78 62 49
71 54 8
57 26 37
18 76 45
80 53 37
99 45 22
91 73 2
37 62 48
2 33 84
8 6 32
22 47 80
40 99 62
63 93 15
45 0 21
49 23 62
31 83 5
84 81 75
12 32 66
87 44 8
84 42 31
37 57 77
80 13 48
69 2 77
15 35 62
27 37 11
78 35 59
58 86 34
76 59 93
73 70 85
16 78 55
30 11 28
49 93 62
2 91 46
27 30 61
95 91 1
63 90 62
26 77 59
96 31 95
4 37 77
5 59 1
57 49 9
46 60 17
32 94 96
56 90 72
49 38 84
33 91 12
76 94 46
29 88 16
38 74 45
29 1 21
12 65 12
44 55 45
54 5 20
62 89 91
17 85 14
53 8 3
65 7 77
39 89 38
63 88 75
57 12 5
2 33 93
85 14 86
62 68 95
9 90 83
76 70 40
78 45 23
75 64 18
31 84 71
58 69 53
51 24 65
93 73 22
36 63 99
80 61 64
2 12 56
98 85 16
82 84 73
12 23 24
43 74 24
67 53 40
98 56 92
98 32 100
36 81 85
86 95 15
94 95 8
53 11 100
95 7 9
36 41 51
0 9 51
62 82 69
73 56 64
27 97 27
17 86 70
34 42 25
2 52 70
8 35 61
41 21 19
69 77 72
55 0 80
41 34 33
58 0 39
18 64 5
13 1 76
38 24 18
85 10 24
95 33 21
62 61 99
59 67 72
61 73 18
81 58 60
74 71 2
88 48 77
25 44 75
51 54 77
61 74 82
24 7 37
64 26 42
29 25 15
20 14 28
79 62 75
44 90 20
49 75 46
32 14 20
15 36 97
57 30 25
55 94 75
21 94 85
6 18 88
2 21 30
26 61 89
4 22 67
75 52 45
98 73 13
1 17 65
88 56 71
82 50 76
5 31 99
84 14 77
82 84 55
6 73 84
69 24 35
89 19 18
86 1 10
2 21 26
35 64 43
35 19 56
77 99 53
24 2 67
94 81 75
71 52 75
73 8 73
47 15 53
55 77 93
16 91 20
40 93 74
83 73 2
28 41 79
65 10 37
60 31 37
87 20 57
84 64 41
51 21 70
45 98 3
71 51 70
77 64 8
61 96 77
41 1 28
77 53 86
60 4 6
29 43 29
38 48 63
54 31 32
50 70 100
84 61 3
90 76 32
85 40 78
47 8 40
65 30 98
35 13 25
92 48 91
24 87 55
18 91 78
50 15 6
67 41 30
2 83 51
69 88 4
13 66 63
87 95 4
94 39 63
68 77 32
53 3 52
28 62 36
90 56 1
29 63 44
75 53 81
18 74 25
57 72 81
56 66 41
88 77 32
73 68 96
19 66 7
65 72 28
72 90 16
52 33 80
72 61 14
57 92 7
43 9 40
26 27 66
70 96 28
85 5 46
75 12 92
17 56 7
26 92 63
92 91 74
46 58 28
3 79 89
76 53 70
19 3 97
64 24 47
14 87 53
83 38 13
19 79 16
73 23 64
92 22 81
88 30 32
74 38 98
21 51 32
72 87 45
32 30 38
2 10 61
57 94 68
33 48 52
86 85 38
48 45 62
90 26 9
80 15 64
55 45 28
21 73 27
69 10 74
80 40 42
75 24 57
91 83 5
77 56 78
51 20 26
64 33 89
79 71 64
10 17 48
12 97 23
94 65 65
66 57 80
44 61 17
66 45 24
56 20 82
50 38 69
56 57 19
27 6 79
51 55 54
92 5 16
43 83 32
57 76 53
25 9 65
93 5 24
23 62 86
66 51 56
76 93 69
82 57 76
27 71 87
35 44 97
75 13 34
43 83 57
20 32 78
88 74 34
59 47 4
48 95 62
18 52 60
82 70 7
59 54 92
55 4 20
42 44 20
98 87 48
63 76 50
26 72 4
21 73 6
22 33 57
23 21 13
91 27 19
22 15 39
6 73 3
39 41 49
58 66 43
69 78 74
41 26 23
44 70 66
2 59 92
52 44 36
66 68 4
65 18 26
3 18 18
91 34 34
7 45 9
88 93 56
41 87 49
12 20 88
89 62 25
77 79 25
46 3 97
57 53 53
26 55 73
37 13 13
14 85 14
38 76 18
79 6 71
41 53 95
96 98 57
7 6 65
69 22 52
33 80 34
72 45 34
47 48 70
56 83 72
69 74 93
68 13 49
60 73 17
33 18 33
0 54 1
99 66 75
28 99 26
87 72 11
76 61 21
87 13 48
87 8 30
46 5 83
38 58 49
49 28 57
29 67 8
54 31 83
78 79 20
26 34 68
22 5 68
54 0 32
44 57 30
59 57 6
75 19 98
36 69 65
46 8 23
41 23 52
66 98 82
81 45 15
9 16 31
54 65 27
92 21 87
94 58 21
71 52 27
43 36 48
40 90 47
60 90 44
7 85 98
81 90 47
38 95 90
20 30 72
59 76 52
24 9 95
53 83 77
14 66 94
27 97 36
96 47 14
7 21 80
4 5 71
33 55 11
8 31 27
16 78 97
93 43 19
51 41 32
21 99 21
79 31 69
32 57 6
10 23 55
47 11 89
41 50 69
14 12 39
25 66 93
86 38 89
31 13 72
51 43 10
30 89 12
68 66 44
1 38 14
15 4 37
13 86 92
49 71 95
81 65 53
9 43 88
14 82 62
73 0 14
67 90 56
19 62 5
77 76 98
69 3 7
81 4 8
71 97 82
75 21 42
84 27 59
15 2 47
88 1 25
54 44 44
87 55 8
59 47 22
47 52 87
91 30 66
70 89 50
67 13 87
77 83 67
11 6 48
97 32 4
3 65 4
84 67 48
56 33 11
57 13 83
70 30 32
30 99 68
14 68 36
72 31 91
50 44 32
51 34 57
94 80 98
87 80 87
7 29 44
30 88 65
23 17 63
55 79 36
72 5 89
20 81 59
49 47 29
95 9 32
18 67 79
74 75 8
63 0 59
27 85 91
3 91 8
94 15 78
84 68 43
60 70 35
22 66 97
44 52 28
93 26 73
6 76 24
43 86 54
80 29 27
78 18 10
53 39 85
72 46 69
42 41 84
8 63 1
81 67 67
54 76 3
77 9 58
75 98 51
38 69 60
51 86 62
72 64 47
34 93 86
96 48 92
82 78 80
79 67 84
16 46 4
27 33 72
9 56 86
31 80 27
99 44 2
99 96 55
11 87 54
2 8 89
11 25 28
54 42 74
44 32 30
83 93 84
40 81 84
55 44 7
34 67 65
69 2 70
77 47 98
48 79 59
22 67 16
74 65 32
45 86 44
96 3 22
29 69 78
71 83 3
1 80 55
39 82 16
51 68 70
63 28 33
40 99 99
55 46 73
93 16 74
54 31 92
46 4 8
96 83 85
98 48 68
63 74 19
36 29 68
11 95 83
67 91 93
30 78 50
89 67 50
77 72 37
80 0 42
32 64 25
15 25 1
75 8 38
60 91 40
77 59 25
93 65 7
85 32 39
94 5 65
17 79 11
36 13 64
45 50 99
86 94 80
50 20 30
86 25 10
78 65 85
78 61 38
86 73 44
82 48 16
7 74 28
69 0 70
57 12 17
3 72 3
89 57 68
91 39 3
95 94 65
73 9 34
36 80 8
40 41 82
80 20 23
17 54 86
95 29 40
98 34 86
68 5 79
77 27 97
50 95 36
77 28 88
58 36 84
38 15 47
42 34 90
58 28 44
73 97 51
40 54 53
27 9 26
32 93 47
52 20 36
1 64 63
79 36 15
87 82 95
13 30 72
12 85 32
65 32 8
49 11 56
27 36 80
19 44 84
43 62 95
98 64 15
62 67 59
82 59 57
50 80 61
70 71 86
20 61 35
47 61 17
73 62 27
59 23 31
32 96 75
41 91 13
43 16 63
83 11 98
32 50 41
81 23 14
38 31 56
8 16 27
29 12 51
71 2 58
52 47 44
78 43 28
14 81 53
69 42 13
43 53 10
49 41 87
86 11 97
75 67 75
97 81 99
85 16 87
8 86 15
76 83 23
92 2 37
51 27 33
97 80 77
33 85 94
88 41 42
49 26 50
40 21 95
13 91 27
59 8 52
66 25 40
90 63 88
76 40 34
11 61 71
11 4 35
16 46 60
16 81 31
87 4 78
6 27 93
70 19 26
1 84 13
8 15 15
81 87 82
51 86 46
85 87 69
86 72 21
87 36 83
56 3 29
5 47 74
51 72 71
32 0 34
79 58 93
88 41 78
85 75 29
8 25 47
75 3 68
94 66 39
16 87 76
35 63 65
41 58 69
76 31 68
35 99 28
62 89 31
98 66 9
24 80 34
27 10 83
65 22 34
76 41 92
35 70 55
58 88 89
57 20 81
4 49 55
56 96 7
19 17 97
29 16 37
43 70 80
3 87 66
35 29 11
94 69 16
33 73 42
94 23 26
84 69 88
12 30 44
63 28 94
94 81 2
37 5 33
60 84 80
20 12 11
5 56 80
61 93 10
64 82 35
55 28 40
89 3 96
54 29 21
53 24 68
88 35 13
45 7 26
35 73 9
97 31 75
76 57 29
43 64 46
87 7 52
96 87 19
4 23 95
66 86 50
85 14 82
6 28 1
98 26 97
29 75 45
59 72 90
92 66 85
95 62 52
66 8 40
90 39 11
87 15 39
49 37 62
46 84 71
49 91 19
59 19 45
49 82 35
54 5 45
23 80 55
55 58 20
5 19 78
76 29 88
0 16 96
66 55 40
44 36 57
46 65 44
63 28 43
42 22 2
16 5 3
31 94 56
61 69 76
29 96 30
69 96 58
61 57 60
25 41 48
79 7 42
27 60 26
59 46 14
89 73 32
31 29 14
13 98 4
97 74 79
99 90 67
46 74 25
81 19 70
81 60 72
32 95 60
81 53 21
57 70 99
53 49 47
30 91 46
65 16 3
9 36 78
39 20 56
8 38 96
86 53 50
19 53 88
33 78 42
75 99 64
25 33 83
99 61 7
11 16 56
53 61 69
84 59 74
31 93 19
31 94 32
45 39 53
21 30 91
31 14 76
72 60 48
15 55 18
38 72 8
84 20 61
2 16 19
29 27 100
4 92 63
39 92 20
58 51 14
91 76 12
70 52 52
29 83 75
46 22 60
2 10 92
85 87 10
65 21 100
68 93 32
2 80 3
87 25 55
20 51 22
44 21 91
11 97 89
30 73 25
47 46 71
8 15 91
66 25 95
79 5 31
99 22 70
61 93 82
40 99 68
75 21 26
22 18 77
16 70 100
41 96 60
73 69 7
26 54 44
47 31 68
46 37 7
54 4 17
35 31 29
50 44 9
26 53 83
10 19 71
63 94 93
60 42 42
59 38 43
65 36 63
26 24 16
91 86 87
92 30 51
15 17 14
16 94 81
1 0 79
23 6 73
0 81 58
14 2 92
98 34 56
72 83 45
11 64 67
32 27 28
7 62 71
98 26 14
66 75 81
4 74 74
72 59 89
20 7 45
72 42 93
77 85 25
66 99 58
92 24 55
87 71 23
12 96 53
68 0 52
48 92 56
30 69 77
89 63 94
33 31 20
29 70 34
3 11 88
55 8 66
67 89 90
23 60 25
8 79 60
97 38 38
66 21 27
3 99 72
48 77 69
72 11 6
3 41 56
9 41 73
5 57 71
62 67 9
13 41 81
11 55 26
42 9 42
29 77 84
47 79 56
11 7 23
75 57 4
41 88 19
5 16 57
97 5 8
65 77 73
71 19 85
28 6 88
9 19 16
33 12 63
94 81 29
35 66 42
4 15 89
31 39 35
66 5 6
44 2 100
82 70 48
36 33 35
37 22 44
41 60 5
7 59 30
54 34 5
31 43 2
29 28 43
66 49 81
84 40 46
38 7 80
81 49 8
38 31 67
62 10 33
55 80 27
34 96 92
85 7 80
5 95 1
65 82 19
10 45 57
7 18 11
64 38 9
76 54 100
50 76 39
79 6 24
59 67 80
1 3 20
42 3 49
76 28 15
64 88 46
67 23 68
23 86 75
68 65 23
62 25 32
55 4 41
79 42 69
90 2 62
56 86 22
92 57 73
28 16 99
48 12 17
70 43 55
30 80 34
47 44 95
0 7 84
58 60 87
57 98 85
25 55 13
94 16 47
93 35 41
68 15 3
88 62 61
79 13 79
11 8 16
16 15 5
4 25 60
96 52 89
86 99 96
15 6 11
94 45 42
85 52 25
59 13 22
95 11 52
94 83 87
50 68 24
57 81 37
20 72 37
84 74 97
37 95 23
90 74 72
5 47 44
84 80 7
58 86 18
13 48 9
93 1 95
31 44 45
88 89 54
3 15 12
93 83 54
27 47 54
16 80 43
83 39 9
95 97 26
72 17 88
52 82 84
68 37 4
41 44 37
41 47 52
90 64 33
33 87 3
70 6 75
57 72 44
67 44 10
15 89 3
31 21 50
18 89 84
87 97 6
16 24 24
51 16 50
44 2 81
28 36 58
49 5 88
69 82 29
99 53 48
28 27 51
10 39 80
47 32 82
64 73 15
18 83 71
51 95 98
93 18 33
53 15 93
41 50 67
16 57 77
53 39 9
29 88 24
73 39 12
95 86 82
55 38 5
22 42 6
0 91 41
23 48 56
66 84 49
19 86 34
77 76 46
8 55 30
57 0 12
34 40 54
4 21 27
50 80 22
35 7 40
1 80 70
23 37 37
1 71 57
52 98 14
48 53 68
36 59 59
21 7 35
28 85 45
29 94 32
85 2 19
40 33 21
31 62 42
32 65 59
65 90 63
85 73 64
47 44 29
18 35 64
60 90 98
56 34 72
38 2 6
25 61 78
66 2 48
65 34 55
35 56 88
89 26 53
78 50 90
26 74 29
95 48 67
39 99 91
45 44 76
62 15 90
2 77 74
52 57 55
86 23 5
42 0 23
81 62 11
28 34 3
88 3 24
54 29 29
40 15 87
0 17 44
75 22 14
62 50 6
28 6 90
5 23 43
1 71 84
95 14 31
42 35 43
81 67 81
73 21 67
42 36 72
75 69 94
25 44 23
27 87 59
75 39 68
49 86 27
8 47 92
91 67 23
99 21 9
23 14 19
15 20 49
7 73 12
88 49 26
13 45 10
45 93 36
32 82 9
10 33 20
51 62 92
83 93 33
12 73 60
24 64 91
6 4 14
10 79 70
90 83 80
48 83 48
66 49 49
68 54 73
93 55 30
89 75 60
51 54 37
72 58 96
23 20 34
15 91 6
4 58 35
49 66 8
94 48 14
1 91 54
15 9 29
24 93 88
16 46 6
22 25 2
81 77 32
31 4 42
0 32 79
9 88 83
7 54 42
82 21 60
65 27 86
88 90 2
45 7 45
0 53 21
78 32 89
4 36 100
99 81 66
21 60 74
32 56 38
12 37 20
36 47 7
53 30 36
9 56 56
67 21 3
1 56 4
69 59 52
79 91 44
56 97 71
23 94 19
51 40 11
33 44 13
54 38 65
1 7 63
79 81 43
74 80 98
41 74 92
6 62 3
31 10 83
2 73 37
48 83 4
92 35 68
97 22 51
65 2 36
96 63 100
77 13 83
48 71 61
72 32 17
49 90 81
95 2 33
63 96 60
73 13 43
44 31 55
9 33 57
99 22 74
96 24 60
6 15 29
89 8 24
26 82 17
99 85 32
61 20 69
6 64 34
57 9 86
42 55 48
38 21 18
20 79 33
98 81 100
15 16 19
78 43 100
80 62 72
43 87 90
68 37 18
19 33 51
70 95 61
86 29 54
15 29 70
76 49 18
14 48 80
95 94 20
37 22 73
29 77 65
63 20 52
52 32 8
12 51 7
31 29 20
50 89 51
7 96 68
57 0 82
81 69 100
32 88 94
55 11 46
95 50 59
29 92 17
41 19 91
82 62 22
78 10 40
68 0 29
34 86 15
83 94 96
58 35 14
20 92 84
59 2 88
48 15 71
57 89 63
92 34 62
75 6 51
23 40 34
23 37 41
64 43 74
2 12 37
35 75 29
41 88 54
49 93 41
94 5 67
8 32 92
28 24 52
99 21 96
81 68 45
10 30 75
82 81 32
93 54 91
10 98 7
64 36 33
91 55 37
80 24 100
12 90 39
79 45 20
45 97 85
81 64 13
79 22 98
33 88 46
38 56 2
38 76 30
80 61 42
10 85 37
76 99 17
2 9 42
63 91 38
43 13 11
6 80 87
98 63 90
4 31 41
60 23 72
49 22 70
36 97 95
82 47 54
23 86 53
99 72 56
59 3 77
27 30 98
5 39 14
81 86 100
94 7 73
43 91 63
81 10 28
4 25 49
36 34 7
58 1 55
4 20 52
57 43 90
33 65 47
24 98 44
73 85 29
24 99 72
69 59 67
42 59 52
2 64 67
72 98 3
90 88 100
2 25 91
66 9 37
37 97 99
76 79 100
95 25 29
6 8 70
92 57 59
44 36 41
38 52 67
3 67 46
67 57 75
87 60 58
6 23 14
46 65 78
88 95 52
37 78 18
23 26 46
89 42 5
35 92 70
35 14 21
31 3 16
13 33 80
34 60 15
18 60 13
50 65 93
97 5 1
93 78 19
73 57 87
74 11 16
88 80 73
61 37 15
95 56 27
17 93 3
26 44 92
38 18 4
60 72 22
59 26 65
16 89 17
97 75 1
97 39 41
60 67 39
92 45 4
30 1 78
2 12 70
14 50 32
94 80 25
3 50 36
25 87 30
30 11 19
37 78 79
1 74 16
48 12 73
86 78 20
87 48 58
80 9 88
86 30 51
5 26 39
1 42 39
22 71 57
99 6 68
47 73 76
81 87 27
84 67 82
66 41 47
18 30 3
81 3 55
88 1 19
48 11 15
74 21 21
1 75 16
28 95 50
44 30 18
2 57 58
58 27 74
52 88 100
82 83 55
36 76 2
40 75 3
72 12 68
5 86 28
78 39 46
6 84 86
49 75 100
50 39 18
68 16 31
55 10 41
54 64 88
66 0 2
93 39 66
84 40 45
28 82 76
48 47 100
65 37 39
21 10 21
98 47 4
87 93 58
93 97 12
6 7 54
7 86 39
11 72 63
18 73 91
24 37 74
45 12 85
61 27 54
70 11 64
61 20 20
2 49 88
56 91 98
77 54 77
41 87 16
19 9 38
39 35 88
64 35 88
34 92 28
17 2 26
68 25 72
36 58 34
47 84 98
13 85 77
31 12 25
65 70 90
78 67 69
48 94 41
5 89 17
42 64 33
76 18 59
72 24 12
16 14 13
96 53 62
41 18 94
83 50 11
20 38 77
91 58 47
32 9 36
72 40 86
76 84 4
69 94 6
61 76 28
64 98 52
35 87 35
59 92 45
51 67 31
83 29 80
10 2 33
55 10 28
31 89 20
28 39 55
79 50 19
88 98 25
87 1 89
48 8 85
19 68 85
97 68 44
6 23 37
91 47 91
82 91 21
60 96 14
52 5 83
65 86 31
89 94 83
62 27 8
22 13 69
35 99 83
92 86 95
28 9 84
22 46 6
34 8 24
61 11 8
70 30 15
30 15 68
66 15 7
24 85 54
29 78 14
46 48 65
45 3 3
26 8 27
87 29 23
23 77 30
74 71 86
15 3 2
62 29 13
2 97 13
76 61 41
88 18 97
53 76 83
14 12 35
36 90 70
26 90 89
39 75 47
91 22 23
50 84 85
32 15 48
76 34 43
17 51 97
65 61 20
79 75 36
30 52 8
57 4 68
27 28 81
64 46 30
85 54 27
7 52 63
64 19 30
83 38 91
18 12 33
65 84 10
0 29 98
8 51 46
93 16 81
31 86 74
35 9 83
20 8 51
67 4 32
8 73 7
20 95 77
61 73 21
30 95 32
57 37 78
26 6 15
42 85 5
9 4 82
85 65 64
11 72 65
98 12 57
16 71 22
61 34 52
0 2 88
68 10 47
17 37 70
6 64 97
42 88 75
22 51 36
10 7 100
78 56 5
58 94 75
55 64 57
99 18 4
80 69 54
92 13 35
70 72 63
59 43 73
67 72 8
83 33 46
1 4 64
35 90 76
62 28 10
1 12 24
46 4 6
79 1 51
18 79 79
87 79 53
18 38 66
60 71 60
89 14 65
79 32 93
88 93 49
28 74 78
84 32 72
84 85 46
28 87 37
33 7 46
8 89 54
72 64 71
74 56 3
30 36 59
57 63 30
16 97 48
81 27 10
95 97 96
80 34 80
47 85 44
62 79 50
48 97 83
59 25 73
74 68 8
98 16 62
73 35 3
87 30 19
3 22 28
56 57 39
48 45 23
78 74 12
17 82 64
13 60 91
68 60 28
58 10 15
38 74 81
9 48 20
62 65 1
94 19 34
91 26 8
61 10 54
62 87 36
23 61 37
52 36 33
28 96 49
55 98 42
21 90 24
7 16 18
30 43 5
16 93 97
44 92 47
31 73 76
25 21 39
79 95 24
74 24 90
63 73 52
73 39 40
50 64 92
53 99 83
97 31 40
90 48 37
61 98 59
66 6 60
4 11 33
96 99 34
36 8 21
29 80 100
80 2 32
22 88 43
15 87 4
15 74 53
40 96 27
75 86 72
24 19 15
55 92 76
0 83 93
40 69 6
2 58 94
93 40 20
82 6 36
48 75 20
92 41 100
68 80 57
73 96 71
32 48 40
91 83 48
29 69 98
8 2 86
67 90 18
36 40 35
47 89 70
27 5 10
3 50 72
96 18 6
93 68 66
86 59 37
53 1 13
35 73 61
84 35 56
63 43 18
52 16 96
87 65 25
50 38 78
56 85 18
89 16 2
98 12 30
0 32 29
30 76 80
58 89 80
93 69 37
51 81 99
77 98 7
64 82 35
37 63 66
74 84 25
36 37 38
35 29 34
22 53 11
1 75 95
80 16 55
90 81 26
51 52 1
50 49 1
9 13 37
50 98 88
85 59 43
45 51 33
41 66 49
28 53 72
49 59 45
42 55 10
26 32 64
61 26 50
1 50 65
90 38 61
26 3 92
31 70 66
18 86 14
28 96 81
94 97 9
31 17 50
0 27 59
77 38 1
81 91 27
68 41 96
47 54 91
47 71 45
68 69 78
53 34 55
98 93 96
20 84 66
76 89 5
19 15 81
10 15 85
62 83 47
31 10 84
20 9 10
5 80 93
20 84 4
84 31 1
54 60 62
28 76 4
92 18 36
21 97 6
25 56 2
19 9 21
62 78 41
79 72 44
66 51 60
61 40 47
59 36 98
25 31 59
90 66 56
60 31 28
13 6 1
72 20 33
48 56 9
28 62 30
17 5 47
58 30 4
94 85 47
42 50 91
7 82 10
11 95 5
87 68 37
70 69 79
39 96 10
48 2 60
71 69 68
92 35 46
42 10 49
68 31 55
70 89 12
88 26 33
50 62 12
38 57 46
49 27 84
0 58 83
38 97 5
5 40 64
59 63 86
34 79 8
50 23 38
88 21 36
3 43 9
12 83 59
0 31 57
18 76 16
52 27 79
15 56 61
86 71 45
94 49 40
50 87 10
30 60 17
80 57 16
72 86 52
43 3 63
64 52 80
69 98 16
42 73 43
47 46 38
84 47 5
57 45 74
66 46 71
56 76 25
89 11 66
4 41 24
55 61 57
72 22 8
49 71 22
12 20 19
12 2 34
17 94 94
96 93 56
66 47 73
54 82 4
34 36 31
66 83 37
43 19 38
44 17 60
76 66 54
22 28 82
25 90 33
79 5 21
50 27 93
83 51 77
72 67 86
0 59 38
78 3 4
49 84 2
68 49 43
73 9 39
65 30 77
89 5 59
21 2 89
1 19 18
11 32 58
42 21 77
3 30 41
85 94 33
26 49 58
60 9 14
3 39 30
72 99 37
58 38 48
39 25 82
66 33 55
56 97 45
0 49 36
41 46 66
74 80 24
5 58 56
95 24 95
24 67 53
66 37 60
91 54 54
94 3 18
9 23 99
95 60 1
37 70 6
31 71 90
48 46 63
86 8 44
18 68 45
89 69 46
72 3 85
34 91 60
85 75 76
28 85 16
37 89 10
31 0 10
20 91 98
71 88 94
93 90 76
75 7 68
69 73 5
16 57 45
25 9 13
34 80 55
5 89 77
11 68 52
3 33 79
64 5 87
55 16 28
80 99 50
30 35 22
34 59 25
74 62 49
31 47 75
93 29 56
17 32 64
15 90 15
99 91 54
4 76 31
63 9 20
84 72 16
68 23 96
44 11 22
43 9 57
32 68 30
97 63 6
16 90 80
57 22 91
80 89 53
86 57 24
49 61 16
6 78 81
85 6 73
49 81 80
20 55 4
22 41 98
79 48 48
8 34 53
3 51 11
88 22 19
79 44 48
3 85 88
85 94 52
42 44 24
87 63 76
50 36 40
63 58 31
16 78 48
80 3 95
10 20 42
43 72 53
13 28 49
36 19 84
57 62 41
59 68 98
35 42 72
15 22 94
36 94 27
75 96 46
5 15 9
92 34 95
33 20 1
84 79 56
48 94 86
60 10 63
65 80 23
10 63 14
19 59 21
73 29 27
24 76 87
99 75 53
83 32 94
40 11 16
90 34 57
97 93 67
37 76 82
5 49 14
61 27 56
59 60 42
81 23 62
98 70 38
30 89 31
63 61 89
80 29 82
21 8 67
29 94 29
75 14 95
97 61 17
59 63 46
95 79 74
72 41 98
72 25 24
20 72 4
1 58 13
79 51 32
98 0 19
32 95 98
81 44 19
61 4 32
72 95 48
30 95 25
8 71 33
47 64 71
64 7 96
68 87 5
58 0 70
15 8 62
28 48 4
74 31 64
85 42 64
98 99 44
20 97 98
62 59 40
74 34 9
22 68 46
16 25 42
54 77 46
90 3 84
65 6 68
28 94 3
29 8 63
45 55 77
29 67 54
17 94 5
94 78 45
76 38 40
72 49 44
96 60 38
17 53 83
65 36 45
99 75 25
74 40 73
13 71 36
25 11 59
7 5 50
52 73 38
69 29 12
89 95 1
71 7 40
65 53 93
30 78 39
54 61 58
29 9 85
90 80 44
2 64 61
45 62 68
14 15 68
34 94 85
26 31 39
22 76 37
73 40 88
79 43 93
42 2 40
63 45 74
27 49 100
93 4 15
78 63 20
2 84 23
61 42 93
27 3 52
13 43 34
21 37 24
0 24 40
11 44 76
30 71 90
39 81 89
70 3 40
84 79 19
36 78 33
68 94 77
31 78 67
15 39 35
64 93 85
40 58 71
19 60 10
9 85 46
22 93 81
17 15 10
39 62 55
49 15 82
27 80 61
60 59 59
74 91 79
70 13 36
13 34 72
22 65 44
28 42 41
60 49 83
77 34 67
72 0 52
6 58 57
33 58 48
16 62 35
41 25 2
47 53 43
31 66 75
15 0 51
55 40 7
77 21 39
69 25 20
76 60 95
78 91 88
24 15 45
50 58 28
40 91 36
33 66 78
22 40 47
33 46 50
14 9 100
35 77 45
99 30 100
24 9 62
70 16 56
50 16 47
28 21 81
76 68 21
48 24 74
34 18 27
68 74 38
15 25 4
86 75 94
79 28 20
96 36 62
54 10 88
28 59 24
20 7 5
51 31 32
37 38 87
43 66 62
55 10 72
70 26 10
12 14 9
49 6 8
15 66 54
38 18 45
91 19 28
11 58 33
52 82 79
65 16 47
2 49 21
58 29 91
7 91 62
79 74 69
40 75 45
87 15 47
82 43 61
24 99 76
99 98 29
82 73 79
67 26 35
83 29 79
61 49 59
66 2 32
77 50 42
70 13 100
73 95 10
43 69 87
55 72 23
74 35 48
57 0 92
11 25 32
42 37 21
51 52 22
61 43 50
94 9 66
90 34 75
68 5 51
41 97 44
17 4 36
57 86 34
49 66 9
15 91 67
40 96 61
97 79 87
86 18 45
57 10 38
84 82 16
25 23 18
84 42 66
90 22 72
12 96 93
97 14 65
80 4 36
56 59 45
59 37 97
40 10 25
97 99 57
69 35 68
12 42 31
83 48 7
6 90 69
45 24 47
80 1 53
12 8 68
48 37 68
36 26 2
76 8 33
40 86 89
21 34 46
48 59 38
98 67 9
54 24 41
90 93 95
35 81 99
23 45 76
40 0 83
14 93 77
31 58 74
53 23 74
12 99 68
77 31 84
75 74 4
58 41 3
40 64 18
73 33 13
74 25 75
66 55 72
44 0 15
88 84 19
55 63 63
24 59 65
1 63 25
98 56 34
44 82 66
69 32 99
38 99 15
73 41 13
8 80 14
71 14 90
35 0 17
31 16 83
44 59 56
77 22 71
63 53 74
41 47 99
31 78 95
49 30 77
96 87 26
30 85 82
86 69 55
56 21 74
41 44 96
14 38 46
50 60 71
82 36 37
7 54 61
70 74 17
24 13 77
98 13 27
36 82 78
1 99 3
87 4 19
31 30 75
1 17 96
93 2 5
85 65 45
19 23 35
9 54 34
92 87 92
9 10 35
67 41 89
88 26 66
66 35 50
78 66 74
15 30 10
30 40 73
15 46 47
57 54 75
50 37 11
28 75 25
83 15 23
36 22 69
39 28 46
28 91 40
35 4 28
83 12 41
93 26 24
45 54 70
50 44 81
41 82 44
41 47 34
2 65 1
40 60 83
15 50 10
86 58 81
68 15 21
2 70 79
77 40 11
77 48 35
44 32 40
17 52 56
77 44 97
47 36 51
59 10 16
2 81 66
1 73 85
89 48 16
37 5 83
39 36 65
90 65 43
7 80 31
56 86 80
35 1 97
0 79 42
92 31 56
94 84 54
3 5 78
73 79 58
94 17 44
55 50 87
5 57 32
73 26 19
41 16 25
85 28 100
87 86 69
76 70 27
63 59 38
70 89 21
65 49 36
79 32 52
4 0 89
55 98 89
83 39 71
53 58 56
0 67 95
55 41 90
99 21 67
21 12 72
91 60 88
59 77 15
47 69 27
26 84 43
91 19 69
41 50 82
92 48 7
75 77 67
32 91 11
57 10 34
35 48 68
1 79 42
25 35 96
80 95 98
7 79 91
60 30 43
40 21 65
12 8 8
72 70 46
73 46 37
13 25 71
73 86 10
11 20 63
47 53 77
84 91 59
74 3 10
39 6 79
96 72 56
77 71 19
20 8 97
13 35 30
63 50 36
80 93 98
15 64 81
44 82 66
24 89 31
66 0 8
11 1 80
61 41 30
91 87 23
76 96 59
86 49 74
42 1 86
56 50 45
7 44 49
49 86 28
20 52 65
83 37 24
84 22 92
5 24 60
63 91 18
0 4 38
61 97 60
88 84 64
54 69 28
93 26 6
38 33 92
48 19 1
69 13 25
88 86 69
98 83 97
95 97 73
64 11 26
78 24 4
50 61 42
51 84 10
2 94 50
41 38 71
13 69 1
77 53 31
50 94 33
43 19 95
94 13 36
46 90 44
29 98 72
11 7 87
15 42 83
77 53 85
17 34 14
81 5 29
42 79 64
39 80 100
98 53 21
51 7 73
34 6 40
37 62 29
4 85 27
26 60 54
48 74 20
51 31 81
21 9 97
15 9 15
40 91 69
51 93 98
45 85 16
98 49 89
76 54 89
10 71 48
84 62 31
66 98 99
3 17 40
48 79 56
59 45 48
55 10 6
67 64 62
47 72 60
40 20 61
53 34 36
85 79 18
48 13 29
12 3 43
10 63 83
30 11 72
46 41 76
87 53 3
15 47 33
21 20 20
24 83 63
64 25 82
97 27 61
62 37 96
14 42 27
22 1 63
82 11 98
14 56 52
57 92 48
19 2 63
63 30 98
77 9 37
32 69 25
87 57 45
0 85 36
89 1 100
99 11 70
53 36 44
76 51 90
95 99 61
78 71 76
42 37 63
33 51 4
30 34 89
96 9 20
39 41 11
63 6 17
92 99 64
33 30 13
82 7 72
0 40 100
17 16 43
70 49 31
26 35 70
26 38 96
46 95 54
25 65 77
52 38 87
45 90 63
1 0 78
69 41 86
62 60 87
46 35 69
55 89 12
52 69 1
90 52 4
94 11 4
46 71 70
63 69 44
14 25 96
9 83 71
9 91 98
44 68 2
28 49 100
14 3 7
66 64 100
59 71 81
41 67 11
74 59 99
60 63 76
38 12 10
45 82 8
49 54 1
38 97 67
99 78 33
86 93 97
89 46 63
35 48 12
40 67 77
97 72 89
28 33 88
72 97 7
98 50 89
66 80 9
10 71 94
56 84 69
32 39 46
70 79 68
15 77 72
63 57 37
3 9 21
48 2 60
18 26 2
79 72 84
59 86 57
22 35 37
65 60 33
51 27 41
89 78 33
6 4 10
41 46 22
94 51 85
80 34 91
74 79 47
80 78 48
97 35 45
34 60 73
24 53 46
79 95 97
89 0 29
71 45 22
71 30 25
26 4 42
35 91 22
57 38 49
91 66 52
15 24 66
57 24 40
11 80 46
87 81 88
74 85 97
27 95 2
88 2 50
14 93 1
23 67 82
56 53 3
57 26 13
99 16 15
90 24 27
0 21 10
39 49 16
31 6 28
80 3 86
66 83 13
59 68 13
21 23 24
2 76 74
26 27 1
69 21 29
61 89 84
60 30 68
78 72 31
14 4 7
24 25 17
95 60 56
24 3 82
44 73 18
26 56 91
59 72 19
50 84 70
87 19 29
18 37 45
45 56 39
51 0 55
10 58 49
40 66 66
63 55 60
31 98 81
67 26 5
24 67 5
26 18 87
37 14 9
86 0 59
40 69 91
1 61 72
50 1 28
15 58 25
73 36 84
12 83 95
51 13 89
38 68 68
60 67 79
70 83 84
99 3 2
66 63 69
7 45 23
31 65 57
82 71 71
58 6 42
0 54 14
75 9 16
74 91 59
24 44 84
84 67 82
44 37 50
67 29 29
44 90 19
37 7 68
26 91 59
71 43 11
22 53 50
73 8 38
18 45 44
92 25 42
75 13 49
74 30 71
85 74 88
61 90 65
74 84 86
47 27 92
11 85 2
7 79 40
65 60 38
3 50 37
48 83 96
41 72 63
33 95 24
15 32 40
82 32 37
66 26 11
37 49 42
37 22 71
84 96 24
21 18 21
78 45 89
86 36 11
89 15 27
3 22 44
86 20 63
70 61 77
72 83 83
5 18 54
65 33 7
97 99 29
4 95 18
52 6 67
48 46 76
27 87 47
8 0 97
15 54 63
18 52 23
81 89 48
74 6 25
97 16 17
8 11 11
34 29 52
60 68 7
3 88 66
30 99 56
14 78 53
13 47 5
38 33 61
63 39 43
65 61 7
1 26 5
53 71 24
89 16 36
15 11 46
65 41 60
5 12 72
63 17 9
12 92 32
55 83 10
35 34 74
17 62 12
56 69 73
28 83 31
1 22 40
33 43 79
53 73 32
63 64 10
42 61 99
2 30 48
72 31 69
21 30 97
21 60 65
78 43 39
91 72 79
59 91 16
75 15 51
72 3 4
94 52 24
22 49 82
87 40 83
79 48 25
27 47 59
60 46 8
55 23 90
28 64 41
59 30 3
78 28 90
32 51 82
45 75 16
6 99 71
81 33 88
33 21 46
22 62 5
71 93 34
1 92 58
97 39 4
63 94 26
74 12 46
10 97 90
82 56 24
44 95 71
11 22 36
15 3 11
21 75 44
88 15 23
4 32 67
68 51 91
13 79 14
13 58 13
58 4 98
73 36 45
13 40 39
22 20 10
37 46 68
38 66 5
23 72 82
95 78 53
27 47 59
51 72 30
49 54 97
74 46 63
28 92 5
7 59 18
46 33 57
98 71 33
0 49 100
37 53 1
82 34 19
81 69 12
40 3 85
32 23 27
91 47 76
63 22 39
46 68 8
22 55 48
98 91 57
66 53 85
89 50 51
27 54 58
26 98 44
23 20 26
50 89 40
4 38 43
73 58 12
10 61 52
15 0 28
63 36 65
32 52 20
90 9 67
21 23 87
88 40 66
68 82 4
83 54 22
80 63 50
30 62 21
31 54 28
21 20 50
86 79 5
67 26 36
32 92 18
15 27 45
56 50 6
42 40 41
29 18 6
68 51 19
83 43 86
6 31 11
94 41 33
95 46 5
63 13 87
81 16 9
27 24 99
33 59 79
79 12 51
67 2 2
47 80 15
17 36 64
32 68 73
90 48 60
12 30 2
36 29 25
51 92 6
23 63 63
61 9 55
46 74 18
74 88 90
42 34 35
18 13 30
14 24 61
75 29 61
59 12 82
71 81 83
65 33 66
26 90 89
44 2 64
46 62 55
15 44 41
65 52 58
72 95 73
55 28 18
19 84 59
25 59 85
5 57 53
83 46 72
84 91 91
79 99 34
67 73 6
69 27 62
13 23 17
89 30 45
98 83 99
34 79 13
90 29 29
72 8 21
18 91 81
24 92 30
82 99 10
16 78 17
50 76 35
58 85 77
53 36 78
58 69 27
62 55 72
14 57 80
39 46 14
41 67 34
93 20 97
40 78 10
51 84 23
28 63 46
27 98 21
79 66 78
50 86 27
92 32 44
61 74 40
39 71 71
47 10 63
60 20 14
87 71 56
34 78 27
28 17 27
90 76 66
56 23 52
43 9 88
15 87 4
4 81 79
60 33 63
17 19 78
7 84 90
28 14 6
35 90 85
84 6 82
95 9 45
24 37 11
42 87 13
79 48 36
1 39 93
46 24 48
35 98 34
3 10 45
77 79 10
4 28 53
75 18 72
47 89 80
40 45 6
56 89 16
35 57 71
6 87 75
91 83 23
77 85 62
92 83 11
73 99 1
20 87 6
66 55 18
64 86 16
18 90 80
28 6 26
91 10 60
21 96 6
83 81 69
33 73 30
58 15 51
58 66 85
87 80 68
28 93 33
43 91 9
81 11 85
29 5 79
91 79 43
29 81 61
32 73 20
82 3 29
28 48 26
1 39 12
92 29 73
66 43 9
40 99 94
74 51 21
76 50 73
3 4 97
90 58 51
52 5 30
42 99 13
68 91 44
36 70 91
42 9 46
23 62 17
6 48 30
41 10 43
6 80 19
5 28 65
88 16 9
43 42 60
78 25 81
19 38 89
24 0 28
1 54 18
29 85 84
64 33 48
30 72 66
86 40 78
15 79 90
15 74 22
56 24 57
73 21 61
61 12 44
27 73 73
53 86 45
0 62 99
58 81 69
10 33 75
58 35 1
50 90 16
36 10 91
24 66 58
26 63 40
93 24 63
63 49 34
6 69 69
23 65 58
98 5 36
27 24 15
36 80 39
74 36 21
82 83 56
95 0 5
48 10 27
57 49 70
53 78 69
54 41 71
94 85 95
16 21 44
61 85 60
22 31 3
90 87 22
37 2 12
96 66 61
84 55 92
53 31 73
33 98 96
47 96 37
42 59 60
43 61 100
56 53 71
37 53 13
52 39 24
32 86 47
81 73 11
68 31 26
54 53 39
75 90 51
39 27 93
11 67 29
60 80 78
37 60 56
84 8 34
40 25 79
45 5 69
52 49 64
54 53 74
20 30 70
71 80 97
32 79 75
70 81 16
94 15 38
82 34 89
40 1 60
99 10 63
49 4 78
91 25 92
32 67 1
57 49 85
72 42 78
2 84 8
44 0 78
99 80 58
20 58 75
32 64 48
68 65 78
43 14 69
87 92 77
73 57 71
10 99 70
98 63 10
88 72 2
71 52 48
13 45 91
8 87 8
82 27 25
69 82 1
68 14 8
90 92 90
55 42 17
55 37 20
23 84 16
65 59 49
33 96 54
6 67 12
54 93 97
26 52 12
79 30 97
4 11 77
44 19 33
2 95 21
54 57 41
58 28 43
88 36 23
36 70 52
3 63 78
78 6 66
19 39 58
39 53 71
13 23 77
40 93 89
94 74 2
45 66 97
28 83 87
17 41 11
38 29 20
76 78 8
92 19 86
12 76 42
46 88 29
62 77 85
37 29 47
90 51 39
17 86 19
8 42 82
80 43 14
72 47 71
18 58 27
37 66 32
31 26 99
51 91 54
34 15 55
24 19 35
75 65 87
83 39 94
3 75 67
30 25 40
78 81 2
93 40 58
99 76 4
84 78 94
44 53 72
96 80 100
4 36 65
61 88 29
34 73 84
71 90 41
24 95 97
93 58 91
50 58 16
70 35 97
98 72 23
37 53 29
76 57 76
75 20 83
11 97 65
98 88 2
38 56 79
28 83 99
62 39 22
49 83 7
99 62 62
7 52 7
91 62 46
22 98 68
93 5 53
69 97 31
11 74 50
2 69 46
32 39 26
35 43 65
45 92 30
6 37 35
56 59 82
84 80 62
78 88 18
41 73 98
16 75 72
60 75 28
55 23 66
66 19 32
57 83 92
67 86 76
36 9 70
96 43 76
13 59 75
46 15 44
24 93 46
83 58 38
4 78 20
22 90 74
48 77 80
53 49 41
69 11 56
80 3 79
94 50 88
17 68 75
7 34 42
44 41 16
58 20 40
7 85 58
59 69 84
43 29 3
29 35 80
1 85 65
34 44 14
15 58 42
14 38 13
71 70 24
52 83 69
61 30 36
82 93 83
70 29 4
64 91 54
7 91 73
76 23 39
95 92 52
15 84 62
56 24 78
53 58 90
7 8 9
32 58 58
94 70 6
90 63 51
99 92 42
31 14 71
23 27 19
96 73 43
10 81 48
90 68 51
4 28 84
90 54 26
31 98 72
13 64 47
50 8 23
78 97 100
69 48 76
69 18 85
66 50 8
74 15 67
89 19 39
71 51 82
37 33 67
17 77 12
71 69 1
91 45 13
38 76 87
82 99 85
29 56 87
28 23 48
84 28 4
26 19 12
38 75 84
60 19 8
20 41 77
82 2 74
8 41 78
77 74 5
99 24 55
56 1 44
66 1 28
56 34 83
9 50 15
98 47 67
11 43 84
98 18 23
30 40 66
85 25 96
3 93 89
93 58 50
34 12 20
40 2 15
63 83 94
44 86 39
97 43 43
5 7 12
33 69 7
26 54 34
87 2 95
66 24 40
64 54 58
66 8 9
31 26 31
46 58 93
77 57 58
72 23 67
40 20 17
74 33 10
59 43 40
93 22 92
65 42 82
99 44 55
91 80 66
76 89 3
30 83 77
45 15 48
22 85 94
40 76 44
55 51 80
50 61 21
69 44 15
18 59 1
85 83 71
38 88 17
18 15 55
65 52 64
76 29 8
2 7 49
10 82 9
54 78 92
52 80 59
56 91 80
9 38 14
34 39 1
64 94 30
69 1 17
79 35 11
54 71 34
97 83 1
0 76 93
21 35 50
5 44 6
4 98 93
64 67 79
83 70 35
93 37 62
63 62 34
87 74 91
71 72 30
91 57 97
23 75 24
83 22 82
17 29 90
51 66 53
64 2 71
72 4 3
66 51 33
37 85 79
10 67 40
20 76 92
32 30 83
69 59 76
96 31 46
3 33 84
5 4 61
32 11 45
68 1 78
82 95 37
94 79 89
66 97 2
85 56 44
64 88 75
77 33 3
28 0 21
31 23 17
62 61 2
80 21 83
69 52 17
17 90 14
2 29 29
58 90 100
86 16 90
99 54 60
85 77 63
48 98 90
15 11 76
3 25 11
91 75 96
29 50 27
13 58 53
82 16 42
8 63 10
72 1 19
30 16 63
0 10 68
84 40 89
31 15 92
40 93 43
25 74 88
95 53 65
68 43 90
62 50 43
80 89 63
48 97 6
60 69 5
80 18 39
49 13 23
41 37 74
96 18 22
50 71 49
34 58 50
29 28 32
89 41 72
1 68 75
47 72 73
1 20 57
37 17 87
91 66 59
64 66 58
7 16 1
31 1 88
16 7 22
9 78 32
5 35 4
88 28 15
62 42 48
97 62 20
63 25 98
91 34 10
49 30 35
52 99 98
69 89 36
55 91 55
4 55 19
54 49 64
61 17 44
49 3 100
10 42 11
4 67 84
56 51 61
24 10 19
68 1 10
2 1 49
91 53 9
17 55 1
24 81 29
84 4 23
8 45 88
80 96 54
34 84 38
42 85 95
59 95 31
97 13 79
11 32 2
60 83 46
36 42 10
97 19 12
24 87 84
11 75 91
31 74 10
25 84 57
61 2 66
25 77 84
81 64 34
37 46 54
84 60 16
44 50 10
90 82 49
7 20 79
84 11 75
77 15 4
82 96 99
16 6 87
66 28 54
55 72 25
26 35 86
46 69 57
47 51 86
39 90 99
98 48 78
22 29 54
44 95 12
86 83 73
80 36 24
78 20 38
73 17 82
85 21 51
77 95 5
19 92 90
97 54 47
73 34 54
57 85 19
39 37 24
69 6 10
92 60 74
98 3 93
76 64 22
58 14 82
46 43 100
23 51 71
48 50 93
35 89 64
58 93 26
20 31 77
97 87 18
67 71 64
80 48 58
46 3 19
27 85 68
42 90 35
32 67 8
56 33 29
52 90 40
67 74 74
66 35 94
4 28 28
88 38 39
18 8 4
40 60 90
88 25 100
24 33 10
52 40 10
88 24 37
57 77 79
42 27 60
19 94 28
63 65 87
59 51 43
50 38 56
37 91 20
23 11 86
68 9 41
7 35 38
73 0 39
87 65 17
51 56 93
40 91 34
88 35 28
85 4 46
1 77 9
42 45 96
30 89 97
5 78 20
30 40 94
88 16 10
89 81 90
35 70 76
74 15 45
19 41 63
48 83 52
21 1 59
99 67 57
20 83 77
49 9 98
77 25 2
75 84 85
72 0 70
56 19 52
4 49 44
50 15 98
39 68 69
76 86 29
12 60 60
70 94 59
1 53 96
49 81 24
47 60 67
16 79 5
57 97 10
40 67 63
56 84 90
8 45 55
55 81 20
31 21 74
64 75 27
22 24 49
50 92 64
88 51 59
63 20 89
34 20 49
15 76 62
17 77 52
80 77 18
45 82 26
1 69 38
35 77 95
78 55 19
42 7 30
66 70 87
80 4 2
64 41 23
45 38 49
72 53 27
52 35 34
94 14 11
72 45 47
5 96 92
46 79 18
0 50 14
91 24 67
9 30 75
48 57 29
47 56 17
30 54 69
42 25 72
49 21 96
93 61 73
42 81 14
92 57 86
35 93 79
97 64 36
1 53 40
76 34 48
54 83 55
9 31 6
35 52 33
15 31 69
51 24 21
53 28 47
90 6 93
77 50 77
0 47 35
10 4 59
70 76 31
16 77 43
12 50 67
83 81 86
46 27 1
77 15 28
38 7 97
32 86 88
16 47 17
19 37 76
63 76 66
72 56 32
67 61 20
59 72 56
61 81 39
37 49 45
83 99 65
1 67 79
76 8 60
1 44 82
70 43 43
41 2 98
12 96 29
43 9 69
97 47 28
73 65 92
56 37 48
41 70 79
39 76 39
79 32 14
82 36 22
0 39 75
26 45 18
23 68 60
72 30 8
73 13 53
73 28 17
88 31 22
76 64 21
51 81 50
10 24 97
20 2 19
38 75 17
9 96 98
67 62 88
49 3 16
29 90 69
96 26 97
12 22 67
86 30 75
43 66 11
83 23 54
93 53 10
0 73 83
53 4 91
15 19 54
59 78 17
7 96 97
87 18 19
30 71 1
6 34 55
81 19 13
87 83 79
94 26 41
24 98 57
6 79 59
42 9 96
26 70 33
32 75 89
13 32 56
48 35 51
54 2 92
30 80 25
67 69 54
16 20 55
94 36 15
23 24 28
30 94 84
86 71 92
58 21 75
59 43 98
77 99 44
25 36 48
31 77 45
62 40 8
75 87 26
46 0 95
53 70 44
29 81 14
26 91 29
32 97 35
56 57 97
1 52 26
91 41 2
35 41 91
62 36 15
2 69 51
64 93 28
7 82 28
0 64 21
11 85 64
98 50 4
62 79 86
89 77 18
76 18 43
36 7 93
78 65 56
85 76 96
82 76 32
80 1 81
60 73 51
6 25 33
26 40 91
38 65 20
26 50 50
81 78 89
34 40 6
40 31 1
24 67 76
76 65 37
46 5 25
73 50 3
42 83 96
51 62 66
19 9 32
49 16 61
23 30 56
22 13 55
42 16 42
58 62 15
94 28 76
18 87 14
54 42 12
33 84 21
70 92 62
84 0 84
72 46 53
24 95 93
67 35 64
83 12 32
40 18 85
97 27 18
36 19 31
57 6 25
6 75 78
24 89 24
1 28 99
6 2 1
48 69 27
21 27 44
65 90 23
37 33 51
23 56 37
41 30 44
14 65 54
32 1 12
69 50 87
55 1 94
57 29 80
26 18 42
34 60 20
10 98 90
8 39 53
43 82 79
49 44 96
48 43 69
59 51 31
96 29 51
60 37 35
41 33 17
63 5 50
9 14 59
53 2 88
62 90 89
98 78 11
46 11 52
7 31 8
69 62 43
89 76 42
85 18 89
38 19 4
29 56 4
72 73 4
14 58 45
72 53 30
46 71 44
73 15 91
97 59 74
7 5 98
84 57 44
30 86 84
11 47 27
51 39 68
66 23 5
66 70 36
16 59 87
55 99 69
4 38 73
87 93 89
56 19 26
68 21 84
53 91 41
79 63 79
49 85 56
54 40 12
8 99 43
1 18 63
87 49 10
68 10 16
39 61 28
71 32 7
59 62 40
79 43 11
50 4 21
81 7 96
31 33 14
84 90 54
6 85 22
40 74 54
36 8 87
11 58 59
12 95 48
1 47 18
99 5 12
99 22 64
21 67 37
79 86 58
18 53 47
23 47 9
80 67 75
9 26 18
65 56 55
22 63 79
0 97 5
96 71 35
93 95 20
81 71 98
22 60 1
80 38 50
37 58 20
79 84 51
30 92 14
49 1 42
76 80 37
90 63 15
5 56 55
70 20 70
73 93 62
8 49 63
86 46 99
34 86 30
81 63 69
95 1 69
18 50 47
23 97 81
6 28 59
30 97 3
68 16 90
45 4 42
95 74 55
45 51 87
80 34 45
31 22 43
82 41 36
37 48 14
36 83 27
82 97 54
1 3 34
86 45 52
57 52 41
63 6 78
50 10 51
19 49 20
62 58 27
69 78 18
13 63 94
14 67 89
51 80 51
72 33 96
67 58 49
53 55 68
86 11 44
59 42 89
62 76 71
3 33 39
60 17 33
87 35 30
28 76 54
80 69 2
30 65 30
71 31 50
54 71 13
33 9 37
75 48 65
98 91 42
83 29 70
2 92 81
39 22 65
63 87 39
50 89 64
6 63 38
71 92 81
47 82 51
41 74 96
12 22 34
16 38 69
18 65 33
17 32 13
77 69 2
57 37 51
20 30 98
59 66 45
30 81 25
80 14 63
45 60 97
68 57 95
84 87 57
16 14 20
46 47 13
88 85 96
55 67 59
51 27 71
90 18 91
29 12 2
90 62 36
15 96 11
86 52 15
76 88 99
50 98 7
59 65 57
60 88 71
35 39 27
79 43 95
57 34 5
29 1 38
54 23 53
60 76 73
94 12 90
9 47 83
62 80 10
15 59 74
34 63 94
63 52 26
44 58 13
48 75 78
61 71 98
15 31 96
51 23 14
59 28 57
47 75 65
68 48 71
34 49 4
26 61 75
17 77 19
93 73 29
28 57 49
1 37 28
24 66 78
75 88 71
74 36 98
49 55 71
92 35 50
79 81 11
59 0 37
83 77 80
2 24 62
26 79 46
11 36 44
21 12 29
43 77 71
82 87 100
35 26 35
85 7 97
70 41 32
66 5 77
48 41 58
31 61 48
61 70 36
66 88 69
51 22 48
49 1 62
39 23 61
60 13 89
37 35 84
49 97 19
72 91 77
99 60 1
4 99 43
1 84 53
3 71 51
1 3 2
11 10 3
67 58 89
94 64 23
93 69 64
22 5 4
65 92 81
24 4 48
92 79 32
75 91 88
65 13 51
52 45 52
52 85 97
61 6 53
54 87 31
50 22 66
63 71 1
6 69 87
98 72 21
67 21 32
2 14 72
32 27 14
89 90 53
14 89 19
70 47 26
88 56 48
20 86 2
54 90 76
17 24 1
33 6 52
41 50 99
77 52 18
23 14 53
26 46 33
47 9 21
86 29 83
39 27 90
33 31 84
42 36 96
68 12 95
1 3 26
66 37 44
15 72 78
50 36 2
13 47 75
81 26 28
89 26 97
72 22 41
15 93 22
20 54 92
19 6 65
39 70 20
97 48 100
93 63 49
47 45 51
95 74 28
45 38 13
0 13 80
61 59 10
6 49 11
47 81 6
23 50 87
37 0 8
73 35 27
6 73 18
15 23 81
83 51 19
42 52 19
89 92 8
16 57 30
9 37 26
74 54 25
91 92 31
62 75 31
3 13 34
63 37 52
31 77 31
94 61 57
11 89 55
6 59 77
36 39 100
27 95 90
19 29 64
86 37 9
77 7 21
64 25 62
72 88 58
47 65 99
65 62 55
31 26 55
1 64 18
14 80 81
39 88 63
86 55 39
93 39 50
28 56 6
69 43 91
79 15 96
74 8 71
70 0 57
43 80 70
38 77 81
71 89 8
97 37 35
23 55 55
54 46 33
45 78 62
94 30 40
55 11 100
73 72 89
62 91 96
32 87 25
79 40 19
57 41 38
51 87 39
50 42 59
34 48 54
57 62 62
89 73 95
31 70 16
52 66 41
65 55 82
23 64 13
91 58 18
27 51 37
64 68 54
59 19 81
0 74 61
27 0 75
4 61 66
62 56 43
18 13 70
99 16 15
48 91 97
26 37 19
40 76 66
21 59 71
40 91 69
51 77 22
87 35 22
90 83 53
30 13 8
18 68 16
18 10 60
12 63 32
0 26 26
35 10 55
8 46 74
28 51 98
54 39 76
82 71 43
90 62 32
53 66 36
49 83 41
9 36 29
88 37 3
67 75 79
19 47 98
48 51 17
66 86 38
21 91 12
95 36 55
89 97 60
21 75 74
10 5 31
61 18 65
71 29 46
89 59 53
47 28 93
66 5 38
84 17 17
83 63 29
42 62 35
46 70 11
87 43 47
19 37 18
90 50 71
94 35 95
8 42 27
43 17 2
60 12 66
46 87 85
54 11 32
36 64 33
74 0 60
56 18 21
22 72 22
34 14 72
51 77 9
39 61 43
56 73 86
35 3 96
35 57 85
75 11 31
11 17 1
0 22 57
85 98 7
13 27 97
54 88 5
7 95 53
71 32 74
33 64 78
65 34 80
78 60 6
41 33 24
4 23 18
25 54 9
41 63 83
74 49 8
32 77 25
93 41 33
16 71 11
13 95 8
10 95 68
63 57 51
53 92 73
72 23 97
86 88 64
79 46 73
92 69 13
47 19 8
14 41 74
27 63 84
89 42 92
84 61 65
50 79 6
83 59 95
50 74 58
35 38 58
29 53 10
75 51 100
2 27 68
77 92 25
5 20 24
60 9 2
59 88 45
14 42 40
20 70 96
96 79 47
31 69 20
36 85 39
2 55 32
71 45 90
91 80 96
95 20 8
76 35 38
83 13 29
24 43 76
30 17 23
63 61 91
7 92 30
11 46 33
88 43 95
78 88 18
61 34 12
58 13 33
61 31 30
90 73 36
9 16 90
88 39 34
76 23 29
60 65 56
2 86 7
58 32 96
79 22 100
17 13 32
4 85 33
74 61 62
1 47 21
66 8 82
60 55 92
89 42 84
19 18 8
76 69 56
17 25 78
99 43 30
6 27 52
27 5 77
86 92 16
41 71 99
54 72 35
13 26 4
69 68 19
29 25 22
3 85 99
70 19 62
14 68 17
27 82 31
57 45 73
42 40 95
94 32 6
53 32 1
40 50 11
79 57 48
77 5 4
41 4 80
34 81 28
0 52 39
98 78 85
33 0 75
46 9 80
60 86 37
45 94 96
19 86 41
3 58 70
59 8 13
61 99 82
18 20 39
81 58 100
34 24 53
29 98 78
16 70 38
43 32 57
53 89 91
93 20 11
85 41 27
5 81 12
38 66 18
50 30 26
5 49 39
33 29 1
56 21 30
7 28 95
3 54 88
96 91 28
14 24 7
68 45 93
42 96 46
32 9 70
3 60 58
76 19 98
17 52 55
89 71 79
12 59 3
11 65 50
42 8 88
96 94 51
77 3 84
14 84 49
36 96 12
88 49 49
36 74 45
62 34 31
42 91 39
16 56 42
95 28 93
60 26 92
16 4 96
24 2 44
37 15 96
72 65 72
45 53 47
27 89 23
33 44 16
2 37 40
19 77 50
4 24 4
23 98 99
45 15 45
97 75 27
13 32 85
90 10 53
40 44 78
42 35 36
88 12 30
55 56 60
63 87 95
70 15 59
41 83 61
50 70 64
35 69 9
28 62 10
98 79 52
62 52 26
52 66 16
83 11 5
22 81 6
36 58 16
10 55 74
40 16 40
51 52 72
22 53 11
17 44 44
95 38 9
13 33 57
98 31 57
