3 90 63
25 93 99
10 89 43
23 41 55
14 52 60
70 30 52
28 74 52
56 5 60
16 72 3
67 8 31
86 41 17
46 90 60
47 98 20
30 17 47
39 15 18
93 44 97
36 86 25
55 98 49
30 92 77
79 43 40
88 63 88
28 34 42
75 59 76
40 52 81
96 25 74
75 64 36
41 58 28
77 76 44
40 46 66
19 12 20
8 4 68
82 61 48
17 47 42
29 42 12
53 75 85
36 22 84
65 22 72
56 97 64
63 67 97
34 87 57
82 78 55
58 13 11
7 32 34
60 40 58
51 41 89
87 79 97
15 80 88
19 71 43
77 15 76
70 2 31
52 56 87
92 88 98
28 51 87
41 43 78
61 3 24
52 61 61
61 69 9
41 53 67
22 14 71
49 59 77
5 55 83
2 72 37
23 73 91
30 79 82
99 45 81
68 37 56
28 1 20
54 91 50
39 97 6
64 15 66
90 19 70
20 84 33
35 72 64
90 93 35
13 69 47
69 21 39
15 68 83
67 60 46
25 61 14
12 27 60
73 46 62
75 41 42
67 99 68
2 12 1
83 64 45
73 60 51
55 43 77
15 6 3
53 20 54
83 20 63
36 72 12
86 28 99
19 91 86
54 33 45
53 80 88
15 4 37
24 74 85
34 88 77
45 89 58
4 81 94
98 91 50
87 2 37
19 81 83
21 84 12
21 0 97
48 85 41
82 23 55
26 38 68
67 44 6
65 53 70
59 33 21
8 24 68
57 91 50
13 30 97
80 71 51
63 91 79
68 33 42
49 11 71
54 38 30
39 32 39
32 31 33
77 70 13
75 37 34
81 52 98
27 59 32
45 4 66
18 49 87
57 61 57
3 10 88
60 66 40
77 35 24
18 79 89
77 47 7
52 93 93
26 21 6
78 3 75
48 54 44
37 90 23
54 86 94
94 79 76
46 79 26
41 69 63
22 74 48
10 79 59
10 33 40
9 76 51
15 46 87
26 32 39
48 88 38
67 34 82
60 93 86
36 58 13
55 15 32
20 62 41
48 41 33
32 1 58
52 31 48
21 53 22
51 1 25
95 1 25
49 77 44
85 27 1
10 47 90
5 3 41
0 10 26
33 62 94
38 90 18
95 16 39
46 90 71
68 22 17
75 93 20
40 12 60
68 95 30
75 70 44
18 8 43
39 32 96
64 76 1
14 71 69
53 49 89
15 53 2
38 58 38
6 39 57
58 67 13
95 25 44
18 87 89
79 57 89
51 15 72
17 53 68
70 26 71
76 24 99
50 47 41
14 77 27
86 87 32
53 7 40
8 37 91
95 28 58
95 40 34
13 43 17
61 8 76
64 76 82
17 69 64
38 96 28
50 82 72
38 25 58
25 64 34
87 10 50
59 94 87
23 66 37
75 17 19
97 60 3
61 80 13
42 41 99
74 98 82
17 27 31
25 16 96
28 93 62
21 51 6
46 85 95
11 49 29
71 34 63
38 53 4
67 53 99
76 8 11
62 17 41
61 25 43
97 75 76
26 96 29
54 42 78
71 80 44
11 93 37
2 75 82
12 30 65
23 33 85
10 36 96
66 79 75
84 70 49
18 68 19
24 86 19
22 28 55
46 86 12
86 34 71
9 50 33
56 52 27
55 48 43
69 6 9
46 34 67
59 73 5
91 1 14
44 23 81
26 21 76
40 21 62
27 70 15
43 48 84
26 11 9
81 71 20
6 20 53
44 1 79
24 30 94
25 18 86
93 73 100
39 15 91
25 19 42
57 52 42
4 62 60
18 4 100
17 63 1
76 82 1
56 43 70
82 57 21
8 54 61
45 99 23
99 83 3
87 53 41
38 65 30
82 15 71
71 90 5
73 15 24
27 87 7
22 81 26
19 1 35
58 79 29
22 25 63
71 44 31
83 88 46
42 50 18
3 56 63
24 82 48
78 12 78
1 66 88
16 60 61
77 38 9
81 24 17
5 51 86
99 35 47
87 43 93
78 98 23
9 94 66
72 13 92
97 5 100
72 59 30
47 18 42
65 93 19
79 91 31
91 36 70
85 45 26
5 38 26
7 60 96
52 76 93
89 9 57
98 52 10
62 85 19
73 60 65
40 74 34
96 80 76
41 92 60
88 17 61
23 48 38
27 73 61
59 85 33
5 25 1
50 61 6
37 44 44
83 71 47
78 96 38
29 40 48
2 5 27
41 39 100
17 77 21
80 81 76
23 5 30
37 30 74
51 32 100
65 16 58
47 59 94
47 97 83
67 34 47
67 73 24
46 89 37
14 32 36
67 90 75
66 16 44
44 43 81
66 88 65
27 50 5
18 67 51
53 74 93
65 19 2
76 5 62
46 78 18
11 0 31
18 71 79
19 76 27
34 10 11
32 33 63
47 95 53
1 25 21
21 38 5
43 34 97
25 42 89
39 5 38
29 70 66
69 6 35
75 48 28
19 6 86
12 9 89
25 1 62
64 66 37
26 32 85
83 55 87
30 46 48
23 66 99
92 49 86
44 24 86
9 93 79
49 94 95
30 16 50
29 1 12
0 54 97
13 39 97
54 43 4
24 17 31
30 93 20
76 10 4
10 17 24
54 99 39
16 18 4
79 82 64
32 35 98
11 95 7
64 1 71
66 20 40
62 99 69
8 50 33
8 31 61
20 49 13
14 99 70
76 97 32
36 13 99
58 42 40
44 60 92
10 86 71
66 49 42
34 98 41
87 83 97
52 37 34
74 12 9
51 24 17
31 61 51
25 3 82
82 71 12
86 52 99
74 43 53
89 76 27
71 17 83
60 34 20
50 45 36
17 91 87
14 11 59
55 74 20
39 24 91
98 59 98
19 46 83
56 2 21
44 59 71
35 93 27
16 11 16
84 85 30
29 71 59
64 70 26
94 1 71
95 16 41
61 52 48
82 86 4
97 8 93
86 4 23
9 95 41
69 67 98
98 62 98
20 81 80
90 54 76
9 61 87
31 38 30
0 22 43
39 23 61
44 78 96
70 5 92
78 86 36
83 36 92
5 15 93
14 29 52
39 33 2
71 10 9
78 18 85
19 49 53
48 40 1
91 17 23
25 74 20
37 99 4
78 12 11
91 39 86
85 77 69
85 51 40
21 50 7
97 53 66
5 4 11
0 52 83
16 77 91
30 85 42
16 14 28
89 49 42
65 39 32
71 20 70
99 31 29
50 30 34
62 61 81
89 93 98
1 40 15
43 67 12
74 27 52
85 86 79
41 38 51
99 63 19
39 97 76
27 72 63
88 92 5
68 87 99
57 5 27
73 0 12
82 97 38
14 43 65
88 90 29
65 54 7
2 61 79
35 53 70
19 89 83
19 14 29
93 84 63
55 96 18
44 11 46
53 54 7
92 18 49
23 92 51
37 3 96
22 24 39
30 70 16
84 16 82
69 70 77
1 44 45
49 35 11
70 45 14
93 48 71
92 87 96
33 32 48
46 2 35
26 50 7
55 18 27
88 20 94
58 10 52
75 23 40
67 45 64
10 75 19
28 98 18
12 0 90
30 88 57
88 72 41
86 17 24
62 48 9
81 65 97
36 32 40
57 93 32
74 84 80
6 69 93
51 82 33
36 58 34
93 96 17
26 37 85
30 50 46
9 51 21
46 95 86
54 61 45
92 13 2
75 22 23
2 59 82
91 62 53
25 86 81
11 6 70
98 38 47
48 89 94
1 96 88
41 27 65
55 39 12
26 84 79
77 19 42
46 72 1
31 64 35
22 78 57
30 9 79
97 49 34
36 13 24
78 16 34
4 6 19
63 74 98
10 91 22
85 62 76
49 92 80
45 9 73
19 15 82
17 81 62
19 38 65
56 16 30
14 62 62
37 86 12
37 19 78
47 93 70
62 25 28
28 29 69
82 0 97
57 10 19
97 22 5
21 36 59
64 30 2
58 22 96
0 20 22
48 1 47
55 53 64
93 18 72
33 56 17
10 55 10
69 79 48
20 99 53
55 36 56
69 72 92
67 86 35
21 17 92
83 60 46
23 78 47
23 50 85
48 28 67
97 0 56
85 33 84
61 18 96
54 10 42
8 78 100
17 61 47
9 67 38
28 10 88
41 33 10
82 88 15
48 55 42
91 96 36
23 18 64
35 23 53
23 52 100
51 44 67
84 69 11
40 44 97
38 78 46
64 67 87
95 73 14
31 49 94
44 85 1
98 55 100
7 65 20
45 74 20
87 11 27
46 33 59
99 48 61
52 10 58
38 68 76
39 84 31
42 1 69
37 57 37
70 54 15
94 65 4
35 95 83
73 95 4
26 21 82
62 95 98
50 47 54
42 94 13
77 87 65
85 26 85
81 25 43
29 98 9
13 70 84
25 29 73
60 71 41
57 4 3
8 5 26
61 53 19
51 71 43
17 61 99
38 11 6
63 34 85
89 52 76
15 98 38
97 71 27
47 87 13
75 38 13
67 78 23
31 81 82
37 3 96
44 88 14
19 84 41
18 26 96
75 54 7
61 69 52
59 76 6
64 39 91
36 5 79
51 34 89
20 34 33
54 2 87
47 64 98
10 16 7
27 21 4
33 86 85
89 70 48
38 57 47
48 27 92
45 95 63
63 59 76
64 13 26
24 5 99
27 31 35
95 26 81
86 21 78
25 71 14
65 24 73
12 42 37
4 8 87
84 14 24
73 6 65
41 11 69
83 50 34
34 57 78
78 40 43
32 90 42
85 1 7
77 39 47
11 18 58
34 24 72
50 93 2
78 19 96
3 48 88
46 38 16
98 38 8
86 1 88
27 87 2
60 82 79
11 54 2
1 32 72
8 30 3
56 23 47
51 67 9
90 52 40
6 44 36
58 50 50
4 77 52
70 26 75
40 57 55
6 5 21
87 10 19
77 5 51
59 73 83
36 55 59
24 48 28
55 30 73
79 4 28
85 7 56
98 46 26
16 44 34
57 76 26
42 67 36
57 76 59
61 83 75
70 45 81
71 73 31
90 70 45
42 9 18
37 79 20
29 97 70
4 32 19
14 0 28
14 38 73
31 91 45
84 82 93
21 80 99
22 84 75
75 37 99
29 63 83
72 1 13
45 44 50
97 8 2
22 25 55
12 53 26
58 12 41
77 36 30
59 79 39
5 47 4
1 11 33
23 39 7
95 55 58
82 79 83
95 66 35
49 43 58
56 4 76
19 83 35
34 77 3
4 37 18
91 31 97
38 41 18
48 87 88
11 10 3
67 85 95
67 27 11
97 35 75
82 57 85
61 1 19
27 44 71
22 89 48
66 47 3
13 5 46
36 72 100
11 97 26
87 90 19
99 36 90
68 19 1
45 39 83
15 89 81
66 90 47
48 15 26
80 89 100
34 6 99
78 20 5
67 20 61
3 10 50
28 34 97
58 82 92
68 90 89
58 63 88
18 53 11
84 75 42
33 9 34
78 36 98
29 46 48
24 36 54
78 13 86
84 44 72
88 71 48
93 91 62
82 12 8
91 47 37
93 2 51
27 59 3
2 73 88
83 99 96
95 56 10
39 68 68
36 28 14
28 81 44
64 62 19
16 41 81
19 45 95
93 13 83
62 66 17
62 76 22
84 38 6
75 68 7
40 64 69
66 23 48
89 92 32
38 19 41
35 83 91
73 78 33
10 85 56
93 42 25
63 32 2
23 38 20
96 68 27
42 87 68
53 76 19
68 57 17
68 28 32
97 77 26
38 23 70
53 34 98
28 3 46
43 16 15
42 68 79
8 21 87
82 75 23
63 38 28
54 28 95
59 92 71
10 46 90
56 97 99
63 64 68
83 61 38
94 6 81
66 53 59
57 14 17
30 32 89
45 65 2
7 65 94
93 6 96
82 59 34
35 27 55
51 94 41
40 77 75
32 26 26
68 30 64
8 83 99
57 30 34
6 66 89
76 51 41
16 27 84
1 21 95
24 79 47
13 58 5
76 9 69
38 68 30
72 46 84
93 82 43
10 63 19
61 67 13
45 39 14
50 59 72
60 48 28
62 28 17
98 64 57
83 8 82
20 68 63
44 50 81
39 64 65
33 71 61
12 14 28
85 40 1
15 31 39
57 42 67
27 82 14
60 47 4
11 77 84
79 96 7
99 84 77
72 43 5
84 24 6
51 48 5
6 25 45
25 19 53
41 48 91
75 22 33
42 99 2
43 36 72
44 53 9
79 93 42
36 13 96
2 3 84
78 57 35
53 43 99
97 24 42
54 26 90
80 57 81
0 29 42
65 73 62
97 80 73
6 40 8
33 96 67
50 59 6
78 94 67
26 94 54
32 15 65
93 81 35
86 68 36
91 80 77
5 87 28
45 20 76
65 40 14
12 81 94
54 53 26
89 79 46
26 82 62
68 53 10
17 76 52
39 80 74
60 28 4
62 61 85
3 52 41
83 35 59
73 13 70
70 43 68
4 58 66
41 2 27
31 73 44
27 20 18
58 26 70
49 64 60
6 32 85
52 33 86
96 46 78
61 35 5
43 16 25
36 91 79
88 6 57
17 61 67
42 53 30
74 35 4
18 2 32
67 63 90
43 73 94
9 98 67
49 90 80
49 13 9
53 13 39
60 96 47
12 18 41
92 14 61
57 95 99
18 34 23
78 17 32
90 56 31
18 92 35
26 93 93
66 52 87
9 53 9
85 38 34
22 87 99
13 94 89
15 81 52
62 80 91
77 5 19
79 94 25
23 19 63
2 71 64
24 94 43
17 49 94
71 90 67
69 30 34
6 24 18
93 29 12
54 17 31
41 1 81
24 48 95
96 32 15
65 12 27
33 46 46
9 61 40
57 63 9
13 47 90
49 96 80
37 2 93
7 66 80
5 77 18
74 97 1
98 60 91
13 85 65
31 61 24
53 84 70
56 55 55
86 75 27
48 40 40
13 65 56
54 90 52
52 95 84
38 59 22
90 18 51
34 58 58
46 30 62
89 57 11
79 23 93
36 77 71
6 63 95
66 30 80
4 99 14
50 19 75
69 66 2
71 35 60
46 76 84
32 78 28
12 58 30
37 32 92
36 27 7
25 79 48
85 90 100
93 25 60
61 21 91
9 56 69
44 68 85
78 63 1
28 57 95
50 59 62
31 23 12
62 88 62
55 11 2
18 36 18
19 7 16
63 60 16
37 69 13
28 67 81
36 39 74
45 49 48
31 35 62
32 48 95
67 78 84
6 61 70
27 89 56
21 18 18
18 15 83
78 35 12
9 36 96
21 99 63
80 99 3
9 86 6
10 85 32
60 3 96
40 53 53
64 14 18
62 2 71
2 42 56
90 33 5
63 80 93
65 80 77
92 80 35
37 67 86
37 33 68
98 30 5
71 44 7
15 28 23
58 63 1
17 68 73
19 24 96
83 6 56
30 52 98
4 72 93
26 81 1
96 0 2
64 31 40
77 90 76
72 71 48
96 61 8
81 1 69
23 32 81
25 2 65
90 43 16
77 14 3
97 25 63
32 0 7
80 57 3
5 31 66
98 6 42
1 3 55
96 67 86
46 82 68
19 9 29
84 28 71
74 37 96
15 6 51
55 86 53
99 89 39
77 27 79
70 7 74
24 98 29
28 51 68
56 30 46
26 50 85
27 85 89
0 36 63
42 16 82
21 33 60
99 41 5
26 28 39
92 33 82
62 94 1
62 5 11
44 92 93
80 87 44
51 42 14
67 51 85
50 9 65
64 97 77
74 22 63
79 51 49
80 46 98
56 72 69
34 35 68
72 14 24
45 33 21
57 23 53
10 91 48
24 91 69
13 32 15
34 30 82
21 15 55
36 28 67
39 4 65
20 74 38
85 90 22
12 28 85
54 87 50
20 16 82
93 51 5
91 36 46
39 18 97
49 95 2
14 2 64
72 32 78
61 95 16
69 67 81
23 25 72
32 90 3
88 61 33
23 77 50
9 90 82
99 0 98
3 55 64
14 57 21
67 73 18
2 23 49
81 87 14
62 0 68
9 93 25
31 75 94
11 6 53
45 75 48
36 80 100
60 36 75
45 71 39
92 62 27
12 57 71
61 16 80
88 13 98
36 32 42
97 60 23
41 78 31
3 94 43
85 2 49
28 78 68
5 70 76
79 75 93
20 4 62
26 2 100
54 3 5
71 76 91
60 93 46
6 45 60
52 98 28
39 91 83
81 97 42
22 95 18
35 88 70
50 71 27
51 88 62
10 55 46
86 78 14
87 51 96
45 6 77
30 48 26
86 11 6
75 2 35
59 72 69
20 49 32
5 26 30
43 53 55
46 69 5
3 4 18
12 87 19
17 84 17
32 14 30
71 59 43
46 33 68
49 9 70
0 61 42
75 64 13
39 27 57
88 6 83
70 69 12
6 64 88
97 25 73
88 74 28
3 46 97
5 75 55
51 58 30
76 48 30
65 91 43
54 79 78
32 42 51
20 8 32
54 76 49
69 62 14
71 26 58
62 3 13
76 28 6
32 61 54
70 48 23
64 94 51
20 1 75
5 60 51
44 14 66
90 35 56
72 67 77
8 40 12
49 90 29
59 88 10
48 3 28
3 37 80
76 39 55
4 44 30
28 0 3
67 52 55
43 1 33
57 72 38
9 0 49
49 36 32
63 25 64
75 68 94
52 31 63
95 33 63
87 70 77
71 74 10
19 91 6
16 46 16
34 43 91
89 84 75
69 54 86
81 17 83
57 82 81
88 34 45
24 40 64
58 7 91
44 73 19
5 12 84
76 90 83
55 96 97
58 59 68
30 4 93
0 28 55
40 25 7
3 36 71
81 33 94
86 36 81
43 14 73
13 10 95
32 65 74
27 25 93
4 23 99
38 49 5
40 93 64
44 49 99
0 27 48
56 62 56
76 27 70
69 7 15
87 84 75
12 88 79
92 65 82
99 27 34
49 95 85
76 72 70
82 77 53
22 88 10
8 56 79
59 0 24
12 97 20
42 43 39
9 38 94
31 74 86
68 61 13
94 66 37
49 5 61
74 27 45
5 28 82
47 3 83
31 25 6
3 67 61
3 7 13
47 40 1
16 3 26
24 17 20
56 41 5
34 80 98
90 84 80
89 45 47
54 80 84
98 20 17
98 65 28
67 81 9
44 77 7
27 95 97
81 30 69
55 16 55
37 4 22
22 8 60
26 43 64
63 84 72
83 47 89
99 66 100
79 1 72
66 60 48
81 8 36
54 51 70
41 51 16
9 27 41
81 20 58
76 11 26
54 44 32
30 29 58
13 34 39
63 79 88
98 69 93
17 53 97
65 57 40
19 23 52
10 91 7
18 71 89
65 13 69
64 76 28
41 27 60
84 16 55
54 4 57
36 83 71
29 35 31
45 6 69
32 78 80
54 70 98
47 94 43
23 70 40
78 35 74
29 33 63
15 1 99
68 94 88
66 7 100
12 34 99
79 64 16
83 77 44
19 39 30
84 53 81
10 73 2
23 63 38
31 35 25
88 28 90
20 94 17
76 47 66
35 97 66
3 21 55
90 88 3
21 39 44
66 13 82
91 49 51
86 59 19
84 72 85
84 38 51
57 12 95
90 97 49
45 76 37
14 80 81
68 11 45
95 44 19
99 89 72
42 72 10
26 42 82
42 83 67
37 3 4
43 92 24
9 96 8
39 25 99
36 89 12
44 55 66
51 52 90
23 42 39
82 76 42
7 46 59
51 33 29
76 41 33
27 15 26
13 78 52
15 30 32
9 15 35
57 46 6
42 50 74
24 6 45
43 87 64
60 16 99
85 81 50
44 76 12
57 29 44
68 25 63
74 53 14
94 51 87
93 80 88
69 9 53
90 97 93
72 54 49
49 8 20
31 66 7
33 58 84
3 28 61
74 33 10
34 90 11
94 2 93
88 71 62
64 21 22
42 97 35
85 53 60
83 66 50
37 23 82
7 45 32
85 49 65
24 15 35
8 47 22
42 56 21
87 86 43
10 11 32
52 34 49
13 18 44
26 20 86
3 82 87
20 21 46
71 55 92
4 94 65
66 58 38
11 48 91
64 43 59
13 79 96
52 8 35
48 39 84
87 64 91
53 60 61
48 43 55
31 77 85
98 70 92
27 42 89
34 13 64
91 81 77
26 22 45
29 74 31
27 45 88
20 43 94
21 1 81
31 83 90
63 78 78
29 67 76
33 44 45
76 91 14
59 86 94
27 89 7
11 36 44
20 79 41
31 22 93
6 41 54
9 27 94
79 33 24
5 90 3
89 46 27
68 75 86
56 20 9
12 59 75
62 7 73
55 96 26
98 7 85
0 9 73
51 78 75
13 54 13
1 34 66
37 99 66
71 89 12
1 13 66
85 75 100
23 9 77
37 94 59
93 27 52
15 21 2
83 24 81
86 94 23
53 88 30
16 40 75
9 21 75
12 79 44
62 96 97
59 69 3
2 29 74
63 4 48
92 47 88
28 24 46
79 46 23
68 94 34
16 95 21
68 71 76
39 74 68
41 93 23
58 55 37
32 81 32
86 21 36
71 39 44
71 93 42
37 25 76
11 85 21
88 89 55
91 53 25
98 10 11
42 62 65
29 69 67
27 77 54
17 0 97
71 24 39
39 89 60
26 56 10
84 73 20
95 33 51
78 11 91
70 74 52
32 74 79
33 9 8
29 95 80
67 23 33
81 19 33
8 70 5
76 63 77
45 51 28
73 19 9
47 9 68
72 18 90
20 19 90
45 26 59
39 79 63
11 32 46
93 29 26
89 15 23
91 42 51
2 23 40
35 56 47
23 49 90
40 67 21
11 52 38
5 61 29
40 73 80
91 40 33
0 86 86
47 60 96
37 53 98
45 26 56
30 56 16
87 61 37
85 60 99
30 54 94
65 75 55
83 91 7
98 97 83
97 56 24
26 60 65
59 95 15
80 40 45
48 26 77
59 64 29
38 71 44
47 45 29
83 26 70
61 5 50
44 47 36
24 64 56
98 1 17
10 94 77
19 38 59
74 37 45
68 79 47
39 93 40
52 57 83
43 13 57
34 73 21
35 39 47
52 36 57
65 62 24
25 18 92
25 48 21
25 55 96
54 69 53
35 14 53
81 16 94
94 20 50
83 1 93
0 80 45
75 95 73
93 27 73
46 93 89
78 41 71
39 49 37
19 63 8
6 44 17
50 86 74
69 23 87
14 23 37
48 17 18
73 23 5
67 12 7
77 83 13
34 12 60
26 35 5
60 56 10
6 77 79
38 83 60
98 23 46
25 7 89
26 69 20
21 6 15
30 51 55
69 91 50
90 39 27
71 91 98
71 53 26
47 75 94
37 95 1
80 47 82
64 94 98
92 91 25
27 4 47
8 2 93
17 60 37
24 44 94
65 59 12
83 90 55
87 46 76
96 25 72
79 83 94
45 8 83
47 27 37
81 11 87
4 50 97
93 11 97
9 85 76
69 8 45
72 71 3
78 2 93
7 6 27
40 87 96
0 66 39
14 24 71
38 57 56
32 35 99
42 38 70
82 23 98
30 66 56
96 58 33
68 13 8
35 43 76
65 88 74
6 84 42
24 78 56
28 33 74
86 53 3
43 71 62
98 41 58
95 40 13
17 93 50
88 86 1
38 64 65
49 87 53
78 40 68
41 46 84
44 95 18
41 90 6
48 21 93
82 77 90
82 4 77
40 83 98
63 60 5
83 28 43
10 65 59
63 29 1
6 15 66
8 29 22
62 59 52
39 93 61
91 86 95
62 14 59
13 52 43
6 0 46
80 62 27
80 74 31
39 58 20
20 69 70
36 31 4
1 25 92
48 50 42
28 99 98
20 42 80
52 27 61
66 65 38
42 31 40
60 77 93
87 91 42
62 98 61
14 0 17
54 64 80
38 93 10
38 81 83
29 48 79
70 85 84
47 99 86
96 72 59
68 93 44
23 31 82
30 64 91
18 22 27
6 65 31
98 28 34
14 35 84
98 38 85
81 95 60
37 79 16
88 0 89
9 43 71
53 46 56
76 2 61
90 20 11
33 71 53
0 3 10
72 31 32
8 39 20
84 26 13
66 18 76
72 55 98
6 10 45
76 71 41
4 98 58
93 83 90
37 40 16
37 41 41
61 48 85
65 1 37
59 36 8
23 97 20
26 32 97
88 79 98
79 0 64
25 37 45
58 59 44
72 12 67
39 65 7
9 81 46
26 75 7
60 57 97
9 6 10
18 82 61
3 76 3
25 75 29
13 58 84
56 74 11
59 35 82
9 30 88
72 99 31
84 92 14
58 20 24
69 60 43
41 47 97
46 5 81
36 25 76
49 64 31
85 15 55
13 64 77
24 37 28
57 83 69
11 82 54
22 12 45
1 10 77
24 55 6
50 34 93
57 63 10
55 91 54
46 66 8
11 12 69
16 93 36
17 66 26
14 49 56
20 15 70
86 69 46
99 88 52
9 53 91
9 78 70
9 38 4
96 13 31
56 81 49
46 84 42
2 8 82
58 62 80
59 65 1
3 83 38
15 88 66
90 31 83
20 50 56
28 18 96
65 69 42
54 22 6
92 36 34
36 4 97
17 22 83
80 6 44
54 49 55
73 18 48
93 65 78
54 51 40
15 96 31
11 41 4
30 69 12
73 74 17
55 47 23
63 77 72
96 52 82
52 48 24
40 93 7
79 14 22
98 88 35
50 0 18
76 35 1
0 17 89
53 49 14
26 74 17
57 9 25
76 88 81
26 8 28
59 36 5
86 42 56
54 19 54
88 43 6
75 12 75
50 70 96
54 22 4
16 84 17
87 92 93
72 9 9
6 23 90
22 11 55
23 57 14
66 46 74
40 25 21
81 97 75
14 27 14
39 8 11
87 68 13
39 61 10
46 12 9
40 69 74
9 74 16
37 51 33
31 53 5
16 68 63
50 69 22
64 92 64
58 93 9
28 41 96
90 27 40
6 83 16
28 50 78
96 90 59
98 95 71
61 4 89
17 54 85
14 1 24
76 90 82
10 55 57
75 97 81
2 61 41
18 51 68
5 58 10
22 0 84
32 71 94
4 60 17
92 97 34
48 3 57
34 19 32
79 99 97
4 10 77
54 71 63
63 30 24
5 50 100
72 90 20
1 41 11
36 80 81
13 7 18
56 59 36
51 10 79
2 48 3
60 55 76
5 63 77
2 40 86
85 64 21
36 50 9
20 58 97
70 54 74
60 84 63
30 53 23
25 62 5
31 56 53
93 63 65
26 53 27
99 75 43
74 66 8
20 25 57
13 16 23
58 3 23
34 52 13
36 24 68
2 33 27
1 35 25
16 35 58
34 18 42
3 39 54
85 12 19
3 94 56
67 12 89
28 95 63
71 10 45
81 36 47
30 72 76
56 45 37
54 97 9
66 2 17
95 81 14
51 22 71
13 63 64
52 21 34
91 64 67
15 24 54
0 29 27
21 51 90
32 20 90
71 90 16
49 91 91
90 19 98
40 7 88
81 50 82
40 12 62
44 86 9
98 15 4
53 66 31
64 22 70
40 72 34
1 8 84
67 51 36
33 28 71
92 5 100
46 76 57
75 9 68
79 88 65
49 14 78
53 38 16
48 84 64
7 49 29
97 72 41
40 33 58
9 7 76
6 38 74
1 35 29
92 68 29
24 52 66
88 21 60
65 84 7
5 95 28
93 55 68
3 72 60
68 65 94
96 72 4
76 28 1
57 85 6
11 71 80
32 64 37
61 65 76
86 89 44
78 55 48
79 33 62
36 25 73
47 26 56
73 32 26
11 56 29
84 44 58
97 54 6
29 40 14
30 41 15
37 68 70
35 73 72
87 34 19
54 16 43
90 92 37
84 16 91
91 45 84
74 84 10
69 79 86
56 57 36
14 68 10
14 7 24
73 88 82
81 30 51
29 3 20
22 96 17
86 49 8
45 20 3
54 81 96
6 65 55
65 31 67
47 33 12
66 15 71
45 64 4
72 73 28
24 87 98
93 48 43
64 1 8
61 73 44
97 36 7
27 69 11
34 20 95
1 96 16
39 58 32
99 86 60
14 22 93
49 72 88
25 83 13
51 93 63
9 39 15
59 87 77
13 45 22
91 44 2
6 40 71
20 50 36
27 8 63
54 24 4
68 74 60
86 14 82
47 82 43
41 86 34
51 80 58
31 19 12
34 19 29
32 90 35
94 48 94
40 86 20
89 39 98
29 15 13
33 25 14
64 29 53
38 75 2
79 37 74
76 33 2
31 69 54
50 37 99
17 20 47
23 65 86
64 24 60
73 55 39
76 38 21
55 15 47
47 98 14
29 54 26
5 56 22
71 62 25
36 18 77
29 80 42
68 23 31
60 61 39
29 45 9
74 3 92
11 57 60
82 94 54
50 45 15
24 13 17
7 51 60
30 62 4
96 48 62
70 18 18
95 85 4
73 83 30
36 89 57
12 13 77
62 46 47
88 65 53
83 13 50
95 7 64
38 95 97
52 58 1
11 55 93
39 65 96
44 3 93
77 61 23
39 66 59
18 71 15
49 54 99
98 72 92
24 98 38
6 0 2
80 33 32
45 88 36
88 63 32
98 68 12
76 38 59
81 34 41
16 28 11
64 26 65
62 80 82
27 12 4
77 16 75
89 84 27
71 21 42
96 59 83
5 6 78
70 69 24
67 54 66
8 16 36
54 18 50
85 55 9
89 67 36
49 25 8
82 86 38
75 57 96
22 1 29
97 94 52
3 28 80
0 90 87
10 56 11
44 13 100
28 83 72
78 77 88
91 25 51
38 21 90
3 77 25
6 33 18
91 45 100
32 39 26
14 29 66
64 2 31
22 85 92
53 47 49
77 39 40
17 10 10
76 31 67
25 45 94
33 29 84
52 30 72
52 97 13
30 21 82
58 36 45
51 13 50
12 5 46
27 73 72
12 53 98
40 7 91
13 39 32
35 54 69
1 94 77
45 39 93
53 76 6
46 15 47
24 72 43
36 98 50
53 70 13
43 77 59
14 46 70
12 35 54
73 12 14
7 69 5
92 60 74
9 4 62
3 21 75
62 47 8
52 7 44
34 32 55
71 95 63
77 3 48
42 87 45
42 89 97
93 47 78
86 66 5
39 68 1
72 42 91
97 84 31
39 27 17
58 24 89
9 57 26
24 68 12
46 78 93
31 84 19
53 73 51
92 69 23
91 98 5
21 77 13
25 49 37
73 43 38
86 87 19
49 27 1
80 42 23
39 76 22
99 90 23
24 67 75
67 29 91
49 56 70
39 61 33
66 51 22
16 54 48
57 15 84
52 95 15
11 87 18
32 33 46
75 87 32
34 32 17
7 25 15
73 25 88
19 14 43
94 91 27
40 29 90
16 54 20
57 46 72
96 13 86
3 19 44
7 41 31
16 62 50
20 19 27
81 42 40
79 88 71
92 45 36
61 52 66
68 96 12
9 69 15
13 35 14
83 4 7
82 0 48
51 79 49
41 72 91
24 81 8
19 68 3
62 39 35
94 74 84
47 71 79
65 84 26
74 45 4
53 57 11
84 68 66
37 59 26
26 63 61
56 82 63
7 22 25
33 98 3
15 36 77
26 62 65
75 92 79
4 58 11
52 14 47
40 61 55
39 77 13
68 39 85
84 86 68
20 83 4
26 44 56
31 23 6
44 24 44
35 23 35
36 58 63
25 37 63
67 7 96
54 87 46
1 54 2
22 24 17
4 72 86
53 80 48
45 38 13
60 28 54
80 87 14
3 7 3
63 27 73
91 77 35
99 1 99
52 36 91
15 51 58
52 17 25
58 5 76
15 1 2
23 35 11
94 4 76
73 44 35
37 97 4
72 78 94
92 35 20
46 94 52
67 48 100
31 33 71
38 34 5
53 91 94
82 89 90
85 55 95
60 41 82
85 56 70
30 64 91
13 0 19
50 69 73
72 69 41
25 44 51
1 68 12
93 30 100
82 68 31
75 42 35
56 35 55
64 98 51
62 58 79
17 25 13
34 91 98
19 15 58
44 21 87
46 75 29
54 92 78
50 87 95
61 69 89
31 22 82
97 83 38
65 79 53
46 27 97
63 96 18
80 69 46
81 7 32
33 68 95
18 8 100
19 12 89
70 16 61
58 2 41
64 16 76
19 18 1
67 33 29
3 91 86
33 88 72
30 50 71
28 69 90
45 71 73
29 78 98
81 8 94
31 53 15
68 95 76
39 74 17
31 43 18
28 43 98
1 64 54
95 53 10
29 94 98
22 13 39
59 97 32
21 85 13
55 20 60
22 30 40
61 83 17
83 91 1
17 84 8
35 75 68
63 87 47
60 57 60
15 24 92
25 56 25
6 89 43
11 91 10
42 25 59
14 9 52
21 73 90
85 88 12
53 42 14
73 72 71
34 76 44
96 91 37
69 51 32
93 28 65
79 52 66
67 3 77
12 77 52
33 51 80
35 85 93
41 47 8
31 83 98
46 95 21
59 13 51
77 86 21
32 23 71
72 75 10
57 64 99
44 24 1
88 18 77
8 32 49
19 22 56
86 93 74
19 31 99
97 95 48
96 89 69
86 16 2
76 78 47
5 88 24
48 62 89
7 78 8
37 69 80
40 50 8
3 12 52
64 19 90
82 0 15
12 56 100
28 88 66
69 54 96
53 95 74
77 80 26
19 86 94
29 17 73
36 0 77
26 51 98
17 23 67
92 23 68
8 72 84
85 70 35
64 65 99
30 99 46
12 4 52
27 13 96
28 2 42
37 56 67
29 56 8
21 19 50
33 37 98
4 60 41
8 88 85
23 61 58
62 63 52
56 24 71
72 70 76
26 95 42
16 60 35
21 17 57
21 31 40
9 11 85
5 31 86
64 20 70
22 96 84
59 85 72
51 88 36
74 0 3
0 73 43
67 1 28
98 6 49
8 93 48
59 78 80
44 80 22
10 43 47
11 98 98
10 8 90
92 13 41
88 37 70
44 41 25
4 76 8
65 12 87
20 77 46
15 90 63
65 99 39
96 41 7
11 85 27
8 94 9
83 14 92
71 3 24
22 74 48
34 81 21
49 13 76
33 40 16
86 53 1
23 62 10
86 41 54
60 9 91
56 69 73
12 88 9
8 81 72
55 79 11
97 71 92
60 86 33
81 1 27
45 96 53
68 74 31
68 1 30
47 27 10
67 69 21
88 96 94
26 94 66
87 72 91
82 10 28
1 81 52
15 63 36
31 6 92
86 60 39
79 99 45
22 8 26
98 81 36
24 87 36
70 32 77
76 62 19
54 59 58
49 7 97
97 1 41
62 67 31
77 73 72
16 96 56
5 16 87
71 81 47
84 75 65
81 82 67
39 61 72
99 57 13
88 67 9
81 15 96
97 21 53
59 85 32
55 67 38
12 33 30
58 40 23
14 82 77
44 50 7
69 41 64
29 85 8
62 88 31
20 82 37
68 38 19
4 81 30
89 98 29
24 37 6
93 79 82
79 69 84
24 86 6
84 72 26
10 35 72
4 68 20
98 60 80
10 36 10
52 34 99
43 93 44
97 64 2
49 48 64
91 38 61
58 65 45
30 22 41
13 0 38
71 24 81
53 70 6
66 84 3
51 53 10
66 89 11
61 65 52
85 27 40
53 45 42
