76 7 26
70 29 80
37 0 90
24 8 31
92 96 2
39 95 55
28 25 12
84 49 80
5 71 73
20 57 79
55 25 78
26 95 98
42 13 54
59 89 11
20 80 24
24 95 41
59 33 29
56 97 25
44 14 69
44 76 15
29 43 86
80 36 100
76 26 90
15 92 96
71 75 85
70 5 52
58 87 99
89 74 41
3 85 78
33 60 67
49 17 16
64 78 12
52 42 56
90 14 3
3 89 14
11 44 44
39 79 91
87 93 54
16 52 14
26 11 67
40 13 77
81 46 26
5 6 100
44 54 56
2 61 95
83 5 3
84 20 73
20 42 3
95 1 9
41 39 2
87 6 50
77 86 80
86 81 20
61 83 64
35 24 61
89 80 39
60 96 29
92 20 77
6 78 87
37 92 79
74 71 85
13 31 47
77 18 60
36 59 53
41 45 93
98 33 99
5 38 91
30 40 93
24 61 4
20 72 55
22 24 86
68 23 36
90 49 68
31 58 37
30 66 97
1 60 49
35 31 83
2 79 3
84 38 92
31 45 89
50 34 74
37 0 8
88 55 7
5 95 6
14 51 49
13 54 12
82 3 85
93 59 49
15 94 81
25 77 77
23 31 45
39 73 17
76 9 98
83 82 38
52 76 40
29 35 57
61 64 13
93 83 37
55 87 38
69 4 3
46 86 31
47 93 61
37 70 61
45 69 75
3 27 17
73 14 53
18 42 47
94 77 54
13 23 40
58 26 36
12 59 8
41 65 41
55 81 16
5 12 65
46 55 58
43 53 56
58 86 52
88 89 60
25 32 18
75 42 68
62 40 97
28 63 64
60 92 85
62 26 78
80 94 85
64 36 16
85 79 56
3 42 56
53 73 17
85 99 17
93 72 77
65 45 97
58 82 46
26 49 96
38 89 2
11 64 12
3 16 68
40 89 53
80 57 60
34 65 42
79 93 88
31 30 53
9 99 41
74 38 51
81 77 24
85 74 35
34 89 81
7 87 44
49 77 82
83 67 38
90 55 31
43 49 27
74 55 82
74 86 77
63 79 39
14 33 95
79 52 6
62 89 40
21 63 7
10 40 2
49 98 71
71 42 43
62 30 38
89 97 77
79 52 6
3 62 77
84 59 90
72 62 3
91 88 53
4 68 99
38 63 78
22 97 31
86 37 84
19 51 19
22 61 53
98 39 69
14 18 1
40 18 28
32 57 14
90 74 40
59 2 63
96 30 100
31 99 12
77 8 94
7 18 11
46 91 86
42 51 71
88 5 91
12 37 20
67 77 50
70 71 57
94 44 51
58 27 85
15 67 15
80 51 87
65 43 68
34 58 82
16 30 39
39 36 36
66 93 49
5 2 53
72 10 58
82 84 24
1 16 74
25 7 68
99 84 61
91 78 62
73 33 4
81 29 15
23 33 74
43 48 91
63 16 64
42 60 46
41 5 30
63 41 46
9 66 37
1 70 8
89 50 14
42 92 37
67 90 23
12 26 97
54 52 63
14 4 43
98 44 84
66 55 83
28 4 72
61 13 78
98 88 1
83 75 88
63 23 87
59 34 29
99 89 73
22 38 38
24 44 9
8 40 20
99 5 14
27 87 21
7 46 26
70 35 79
5 64 99
85 86 92
30 9 9
61 79 61
32 7 99
48 9 6
94 15 10
68 11 97
39 21 30
73 83 39
67 71 100
12 32 93
26 99 24
38 35 18
37 8 94
16 40 27
98 66 55
90 31 66
7 93 52
73 92 43
8 49 23
25 3 44
35 77 80
63 60 17
94 82 69
30 51 71
5 82 48
82 73 29
23 5 65
62 80 88
89 82 89
19 43 17
46 49 95
70 28 32
39 8 36
96 53 95
34 5 35
5 0 57
46 74 35
19 94 63
94 5 47
27 40 85
49 88 23
63 42 9
65 40 42
37 3 83
98 33 32
73 70 43
1 47 58
70 75 80
77 78 14
37 41 21
75 68 50
28 64 81
74 59 20
65 13 77
6 46 70
25 49 59
70 50 7
72 6 98
19 30 77
73 13 85
88 24 30
80 66 22
57 30 2
16 10 67
44 57 20
42 89 68
45 65 59
93 91 20
18 36 46
2 16 45
30 2 15
53 23 84
13 6 56
27 97 82
8 63 94
23 32 15
86 87 43
77 94 23
55 43 60
37 10 18
32 10 61
23 88 27
20 69 95
32 19 81
18 32 97
17 54 24
40 8 90
34 20 88
49 18 25
82 47 74
61 39 6
20 78 47
20 55 74
91 60 36
45 13 67
71 19 24
37 28 3
82 96 27
36 66 28
44 80 3
1 22 31
47 94 91
20 84 1
61 64 9
46 61 2
34 4 96
37 42 51
76 17 2
24 77 23
10 36 73
68 93 60
37 36 10
14 38 46
22 73 21
8 66 34
78 66 32
5 7 9
87 86 45
73 46 6
40 11 85
36 73 36
99 17 73
33 85 76
68 57 33
81 71 24
77 65 3
86 36 73
8 15 63
96 19 75
29 7 81
53 90 2
73 21 40
70 28 12
48 23 35
60 21 91
73 54 84
13 88 27
60 43 70
38 23 32
61 7 26
40 17 34
79 50 94
0 18 66
67 40 30
90 13 70
41 75 40
24 73 31
19 57 59
24 63 38
99 84 4
94 35 3
32 2 57
84 17 18
58 48 93
59 18 46
25 93 5
80 28 82
78 8 93
73 99 22
25 1 71
30 42 86
37 79 81
29 61 79
25 96 46
89 48 45
23 72 31
8 27 30
80 94 41
14 44 85
8 36 77
97 80 55
93 61 10
29 2 54
61 33 29
45 86 47
22 8 55
58 60 91
49 82 53
18 91 58
1 7 7
68 66 10
68 24 64
13 61 63
89 66 54
8 4 60
1 50 56
18 41 33
26 6 74
8 91 62
25 96 81
86 7 58
18 26 20
71 80 43
43 12 7
12 17 6
43 95 36
9 78 7
97 86 15
49 37 39
67 44 4
45 52 82
74 1 100
4 99 84
69 6 34
11 27 13
16 95 10
30 74 40
9 61 7
15 56 21
90 92 58
28 36 29
79 31 26
17 64 82
85 94 25
86 56 48
68 71 31
46 81 88
43 99 54
34 2 25
29 51 84
50 26 63
60 93 14
49 45 35
93 67 61
23 43 49
12 3 47
38 91 7
15 31 20
45 24 97
45 22 45
40 16 56
50 30 76
99 28 75
99 83 58
77 20 1
94 71 78
14 68 83
81 98 6
90 5 11
18 37 3
99 97 75
63 14 21
75 64 98
90 80 33
41 93 21
67 89 51
40 45 31
2 39 81
67 89 49
72 9 2
0 46 9
12 67 72
24 75 95
99 26 46
83 38 68
16 92 90
35 99 80
18 40 52
15 7 59
35 53 91
99 56 55
63 92 40
92 30 63
40 85 68
3 52 52
84 6 2
98 86 83
84 28 89
99 97 15
86 23 21
33 14 40
29 36 50
6 65 78
52 72 44
8 73 77
98 96 7
69 45 54
18 26 41
58 36 85
85 99 93
37 86 1
48 54 95
29 72 57
54 95 51
72 51 93
42 21 23
22 41 69
12 33 14
94 24 72
77 10 35
71 83 6
79 90 89
87 7 31
92 36 28
48 75 17
93 76 5
10 97 54
32 67 71
72 75 80
13 26 41
41 94 98
50 31 27
19 31 87
26 19 93
3 90 7
56 24 25
45 68 35
92 85 97
47 14 68
79 37 33
23 15 2
62 78 49
15 79 60
25 27 81
75 98 34
41 83 61
66 34 36
66 46 29
86 24 92
76 49 48
20 62 90
35 62 14
39 77 27
94 13 3
16 54 69
54 99 30
8 12 54
57 38 3
23 12 54
79 98 21
21 7 93
43 8 51
1 3 6
56 27 29
51 40 97
41 16 18
0 62 80
21 97 88
95 90 96
71 62 56
66 44 24
80 42 11
64 22 85
47 35 82
75 37 20
8 69 29
36 95 5
20 9 78
7 86 80
94 27 16
31 8 2
2 47 94
18 35 66
95 22 87
77 24 17
70 10 44
35 14 2
60 83 82
75 49 32
50 21 82
60 57 38
13 90 54
46 79 19
82 92 75
0 75 12
21 60 86
12 0 90
28 52 78
75 72 77
48 94 17
24 48 32
11 46 23
70 60 62
52 24 14
10 62 68
45 67 91
99 24 51
16 29 16
67 55 26
37 62 41
7 70 92
20 30 78
64 25 21
69 49 47
83 50 100
76 74 28
95 58 61
46 32 16
26 91 81
64 30 62
27 52 53
13 86 42
90 56 91
86 12 54
85 50 77
66 10 38
75 25 83
52 41 80
51 26 76
60 92 37
92 76 96
74 22 41
94 76 53
28 50 67
28 78 28
87 66 71
97 70 36
53 81 45
82 45 9
46 41 48
35 18 80
8 99 17
53 6 64
86 95 92
85 25 15
96 21 90
64 91 23
72 96 8
15 98 80
37 78 66
28 85 2
36 9 56
97 83 11
32 28 71
84 81 31
90 18 23
44 40 89
1 86 50
94 18 41
4 11 5
72 32 1
57 42 42
91 30 73
66 13 87
69 78 13
12 62 69
30 46 70
89 36 70
90 36 8
51 79 9
45 44 40
62 72 29
63 83 69
56 21 23
22 43 36
8 17 13
80 71 9
62 42 10
67 14 18
26 4 83
80 0 3
51 50 93
9 58 51
13 32 54
32 55 70
1 0 67
51 27 91
85 78 36
13 10 99
40 16 19
34 99 100
78 37 25
42 73 65
91 89 44
80 85 49
96 93 79
54 30 13
19 70 92
82 96 22
61 3 89
63 33 52
74 12 37
43 68 76
82 15 40
59 5 8
1 74 62
92 11 41
30 35 36
64 15 58
95 58 100
34 53 54
98 52 71
56 17 44
50 52 52
15 81 89
19 94 21
30 87 29
79 50 73
93 96 54
65 19 79
36 46 54
91 83 7
45 16 22
40 17 7
46 79 37
14 9 54
76 34 36
34 31 81
76 82 97
44 25 50
0 38 85
20 35 31
97 28 70
4 37 52
70 60 46
11 62 67
32 87 30
4 6 42
71 20 40
10 48 66
64 37 29
23 32 80
97 67 87
5 6 70
71 89 22
77 4 95
85 45 40
85 22 94
83 52 34
68 93 28
71 15 14
60 79 26
98 53 54
21 39 53
35 41 84
21 50 49
12 56 2
86 17 12
66 29 42
13 1 33
76 92 73
24 61 37
89 75 58
69 19 85
56 78 88
66 37 14
58 45 74
62 65 52
5 14 5
81 1 48
24 43 84
4 62 61
37 30 46
6 58 58
64 78 41
73 94 41
25 72 92
32 79 87
46 0 2
7 11 59
27 71 63
11 37 13
1 96 22
42 18 67
2 3 85
41 60 31
52 54 94
10 25 46
53 95 74
98 11 46
22 12 82
98 29 29
63 75 86
44 31 40
32 92 13
70 68 76
92 64 2
42 8 31
47 66 98
52 63 49
57 38 16
70 57 74
36 50 54
25 55 40
96 84 85
15 43 95
19 39 82
81 44 31
62 60 83
30 33 88
53 26 36
19 58 54
14 12 45
41 71 97
56 70 86
42 68 66
67 20 43
18 57 72
49 33 3
37 78 87
34 18 70
64 75 95
50 97 15
94 19 94
18 63 17
67 28 27
54 89 58
35 25 36
97 83 13
87 52 37
19 61 49
39 69 24
47 53 57
52 91 1
75 73 50
15 58 23
98 97 66
83 8 48
55 58 50
84 46 61
41 25 73
8 27 75
68 89 88
68 80 90
99 35 36
4 19 33
70 63 67
41 99 78
4 9 49
32 80 46
72 92 62
82 71 12
29 83 57
18 49 62
58 56 9
27 18 25
71 23 41
83 7 100
5 19 72
70 49 49
77 63 84
70 46 86
21 12 3
20 54 89
30 44 56
55 10 20
27 84 96
34 99 50
66 65 17
31 95 1
76 4 68
13 50 75
68 78 86
2 16 97
62 43 69
45 20 40
92 96 46
76 87 81
51 53 82
82 4 70
0 86 72
73 13 27
76 1 73
39 80 66
52 19 36
58 11 81
75 77 77
98 90 82
59 94 49
88 5 55
62 43 2
98 95 52
37 30 54
45 73 1
60 47 16
69 24 42
18 39 25
1 49 62
64 86 86
90 63 94
55 92 31
91 89 6
6 20 80
62 84 65
98 24 49
51 45 53
47 11 89
2 87 63
98 37 63
80 38 32
25 58 79
64 39 13
49 78 38
2 64 73
66 65 37
71 9 23
94 74 64
12 39 3
27 19 72
6 20 6
86 74 48
32 38 88
82 79 9
58 12 75
62 53 67
37 34 12
40 0 19
97 74 90
72 11 23
75 12 45
87 15 9
26 95 76
12 43 43
47 88 94
23 83 28
65 24 7
25 37 56
69 62 81
96 85 23
92 95 100
85 48 63
82 17 93
82 87 43
9 11 97
58 26 83
63 38 53
9 46 50
95 31 26
36 30 66
32 74 51
97 79 72
20 73 89
65 8 29
99 38 2
10 82 2
57 85 9
27 19 90
77 50 42
88 43 67
65 14 19
88 4 14
79 9 6
53 75 64
49 77 85
91 23 27
17 83 20
60 87 27
24 54 78
31 50 47
4 23 9
27 48 45
35 99 11
14 0 59
54 48 100
25 42 58
51 91 75
17 28 68
60 28 6
14 4 74
91 4 21
79 91 47
77 25 19
8 57 37
51 50 47
32 23 80
49 60 3
22 53 3
79 81 4
27 64 90
49 99 76
92 83 91
25 14 46
80 86 39
48 94 29
12 62 31
9 53 74
0 98 68
32 7 53
44 67 78
82 74 73
38 79 10
96 8 5
52 25 97
70 74 32
1 81 62
38 11 21
50 21 35
20 89 38
4 36 75
57 17 49
53 62 7
39 26 89
26 63 99
32 10 20
51 74 16
51 19 43
15 96 90
38 16 50
80 23 21
7 56 98
79 52 96
74 31 23
77 63 80
46 16 83
2 53 20
32 86 32
30 87 14
39 19 37
8 35 61
94 93 97
10 47 52
76 67 5
20 64 61
13 54 70
53 75 96
99 1 11
73 28 61
75 62 31
25 87 58
80 34 84
16 8 98
22 81 63
17 25 10
50 76 95
5 36 6
80 50 38
80 52 8
17 20 42
69 92 2
98 23 43
58 4 65
22 39 21
86 48 59
23 52 36
1 45 49
11 36 73
83 12 39
90 26 53
11 74 53
78 0 27
94 78 100
39 3 32
65 31 89
81 9 94
91 77 60
83 93 87
95 99 2
36 37 56
6 87 40
40 3 31
47 37 66
84 73 91
66 63 22
84 59 69
71 61 43
80 49 54
54 38 18
0 26 97
65 12 61
2 88 53
27 65 81
78 25 63
12 48 37
62 12 32
83 34 80
17 6 69
53 76 9
64 15 45
94 69 58
