53 29 90
30 57 45
87 35 62
95 18 5
60 5 84
27 34 56
93 53 95
24 10 65
13 68 54
24 19 13
92 41 11
81 92 18
33 18 60
94 18 31
83 79 74
99 61 49
69 22 93
11 66 52
35 47 46
84 7 26
55 81 86
94 60 73
21 92 98
36 55 79
82 64 48
47 78 35
74 61 81
5 39 96
62 8 1
14 49 9
45 20 66
98 71 4
73 43 96
38 71 83
42 61 21
64 92 28
98 30 87
20 95 91
65 61 8
3 13 83
79 37 20
70 0 19
90 2 93
8 73 69
31 83 35
78 22 79
40 60 14
14 4 32
58 36 67
52 56 81
54 69 7
50 29 40
33 57 14
38 88 84
6 70 27
33 25 91
63 15 52
26 64 13
89 73 11
76 2 10
81 71 92
13 74 25
60 35 17
46 89 8
11 15 36
55 67 71
53 27 92
99 23 5
35 67 66
18 65 97
38 0 49
40 55 2
66 62 56
33 4 60
74 89 9
32 42 9
55 4 71
67 81 73
74 19 62
30 48 27
96 92 62
12 2 4
79 61 69
41 75 63
93 38 13
12 58 36
42 96 99
85 22 49
67 25 80
27 3 83
26 10 12
71 51 27
70 36 40
18 51 100
10 29 5
53 54 30
79 99 81
89 67 55
59 40 37
7 10 76
60 36 31
28 42 42
16 82 42
10 31 39
99 35 79
55 49 51
78 98 35
28 62 66
58 15 63
18 92 89
88 20 90
94 89 75
82 3 78
95 42 16
26 7 69
70 59 85
95 90 51
41 11 8
2 0 81
24 71 16
3 40 73
62 54 62
79 59 18
8 73 71
71 9 75
96 70 59
15 40 35
29 19 14
9 71 92
95 45 42
42 81 50
13 22 29
5 9 65
7 76 49
13 83 25
98 97 58
93 51 33
22 35 28
76 38 11
13 94 11
92 22 35
89 62 43
90 39 22
78 16 3
8 44 8
45 58 61
3 2 66
76 53 60
86 4 40
0 29 13
10 5 31
51 25 89
66 36 98
67 40 53
78 80 40
12 81 22
60 40 15
15 86 78
50 10 3
32 46 17
18 53 60
91 70 20
29 41 10
73 78 20
42 62 92
34 11 91
30 66 80
30 48 57
52 23 5
60 8 67
70 60 50
55 97 38
65 56 83
80 43 94
57 72 77
66 27 11
74 36 60
2 55 31
79 42 52
41 42 30
15 8 16
6 38 55
41 27 87
44 58 34
88 10 12
29 46 47
10 70 99
42 83 19
51 56 42
4 63 40
8 64 25
8 93 70
43 22 17
78 84 84
68 16 4
95 36 88
92 79 38
57 3 63
97 51 45
14 94 77
10 31 71
38 76 35
41 30 54
12 69 85
9 26 23
56 69 14
51 43 59
71 93 84
8 9 54
34 56 17
31 18 23
55 22 23
26 50 34
61 27 70
85 77 12
77 58 95
53 82 89
89 86 14
16 3 91
99 70 46
57 46 67
41 33 31
36 71 74
45 18 26
80 61 53
33 46 40
47 38 9
98 3 39
48 65 5
42 15 43
88 63 55
28 86 55
76 71 16
6 96 50
48 94 38
22 93 87
55 27 13
29 79 55
35 16 54
72 13 92
56 71 79
11 7 16
18 68 38
87 54 96
65 11 29
41 72 48
89 81 30
75 40 41
93 57 14
72 91 68
43 42 91
38 47 1
5 74 12
87 12 90
12 22 36
14 73 7
92 86 45
17 41 86
6 54 84
47 27 87
9 47 37
29 31 71
47 12 17
5 60 89
62 29 34
57 90 88
15 64 3
47 8 76
48 54 44
42 14 6
31 23 31
19 81 88
77 46 29
72 95 78
62 48 36
50 25 85
42 50 76
35 69 28
72 26 53
71 83 65
33 66 57
18 42 31
57 68 78
67 63 61
74 59 25
9 26 33
91 9 16
36 97 68
27 66 40
31 35 35
85 32 94
91 22 98
34 10 62
45 90 46
52 64 26
97 71 11
60 0 42
14 21 56
12 29 2
79 43 48
28 45 50
55 74 81
84 62 17
6 8 26
13 86 76
16 29 14
82 59 42
82 97 17
21 24 81
36 86 60
90 12 84
54 16 13
95 88 92
74 26 43
38 68 79
53 75 76
72 77 50
97 88 94
41 7 71
72 17 81
79 25 74
18 36 96
49 91 15
75 36 10
47 98 49
22 20 93
26 42 73
91 57 48
30 78 48
43 20 54
0 18 65
18 8 88
27 86 53
32 40 39
61 98 60
74 85 21
96 3 23
65 44 78
81 13 48
4 48 77
91 65 42
33 12 42
87 49 50
45 86 69
24 0 64
95 74 75
54 69 3
95 9 33
52 9 75
23 6 29
48 37 8
2 47 62
32 71 47
13 56 28
39 70 1
31 2 31
92 26 7
69 77 1
49 90 77
38 99 87
52 17 76
47 44 55
22 14 69
99 13 48
66 39 74
3 84 41
54 96 87
62 73 86
2 41 57
80 97 24
16 81 53
84 5 43
43 23 20
93 15 27
68 7 63
67 22 70
50 53 80
5 10 51
84 72 46
62 80 27
73 34 71
48 28 33
46 73 44
67 49 94
98 31 75
56 72 79
46 26 97
90 69 45
6 78 91
10 37 2
6 88 99
98 8 97
41 58 3
18 72 41
56 26 70
55 85 100
29 43 1
89 99 43
19 98 50
78 64 72
19 75 55
30 39 60
19 92 39
26 68 64
10 60 70
69 59 7
55 4 36
76 24 96
54 50 84
59 74 6
4 91 75
88 99 17
96 46 41
85 87 31
65 30 92
73 49 76
98 87 17
0 67 24
98 73 88
67 68 8
26 24 49
98 80 81
5 3 75
48 43 26
78 63 14
85 15 7
67 22 77
28 82 24
0 57 84
76 45 87
73 87 31
23 71 63
45 33 35
63 93 54
19 9 94
75 42 100
8 12 77
36 98 59
15 57 77
21 64 79
19 47 61
19 45 22
92 43 62
26 12 5
18 6 44
51 36 56
45 91 44
52 81 6
16 82 83
18 90 41
94 0 39
95 67 8
32 3 31
45 6 55
85 38 51
83 96 27
5 28 26
29 46 42
86 96 43
64 59 98
22 84 1
57 18 51
57 48 91
84 30 55
18 99 84
21 11 57
9 62 54
78 26 62
32 43 51
25 32 44
39 52 30
44 40 55
71 4 87
16 11 14
96 21 32
67 41 22
77 82 81
84 76 74
24 38 3
58 10 74
66 25 1
62 34 66
0 74 82
1 94 25
60 15 17
94 75 24
42 15 5
18 24 7
92 23 87
99 3 54
80 52 53
52 67 55
45 88 19
68 0 11
13 68 52
20 71 45
18 53 57
73 23 67
73 26 93
36 48 9
93 0 98
45 85 51
12 64 28
46 50 61
62 56 14
96 1 7
7 63 83
60 39 1
29 41 33
42 73 10
88 71 18
83 73 56
84 34 76
84 31 16
21 16 32
14 34 8
83 30 73
28 73 23
23 83 13
7 32 66
15 92 67
99 69 39
39 40 29
32 97 20
78 30 20
2 82 19
82 62 33
60 81 36
20 33 53
22 20 12
2 22 54
72 14 82
63 60 25
57 15 97
70 64 71
1 49 1
61 98 64
80 20 9
22 63 31
16 94 7
39 58 62
58 1 38
88 24 3
90 32 8
15 47 91
24 10 86
63 51 55
10 27 18
91 73 49
10 53 100
66 79 8
40 66 35
49 43 29
9 99 88
33 12 74
95 41 27
59 90 93
20 82 85
8 58 59
8 43 12
75 6 7
71 15 21
21 92 31
2 94 88
88 29 87
45 25 43
40 66 96
23 33 70
89 25 2
74 44 1
30 5 50
98 23 54
87 3 94
81 67 80
39 2 33
93 9 63
30 87 10
53 37 70
69 91 95
58 1 7
53 66 35
65 75 74
33 18 89
65 54 18
70 57 30
35 80 71
26 19 62
14 21 7
5 3 6
38 99 27
10 53 90
30 62 25
97 33 22
32 73 82
57 64 10
23 57 46
25 54 51
27 70 52
48 26 52
50 40 99
98 96 4
79 33 1
79 64 59
57 45 7
22 52 67
34 69 8
79 65 5
22 37 77
81 99 64
24 36 83
91 74 45
23 91 6
88 27 81
70 27 21
58 97 80
78 36 39
54 0 9
2 40 26
10 25 15
24 68 57
47 79 70
16 88 93
8 26 83
27 90 79
28 93 46
20 21 83
23 18 24
71 74 97
98 92 14
9 68 41
85 67 2
60 3 8
92 96 66
99 16 75
48 84 46
81 44 5
71 85 49
25 38 67
62 68 22
27 55 83
56 38 41
1 4 83
8 86 83
88 90 48
45 54 100
24 70 86
5 92 94
35 7 71
33 7 90
97 17 18
48 90 83
14 87 21
74 68 54
51 83 7
39 18 2
96 59 87
34 66 79
44 56 20
75 42 62
17 65 29
6 3 92
30 22 41
72 34 4
3 82 69
35 88 37
81 32 64
7 1 91
67 37 42
47 46 86
78 89 56
63 92 93
41 49 3
11 76 14
27 69 24
34 82 78
41 93 20
51 24 52
31 14 93
36 18 19
64 92 1
39 20 53
33 0 88
9 46 24
51 4 27
34 87 98
85 91 22
98 49 94
27 0 19
2 53 94
24 77 81
89 77 70
5 90 49
57 16 49
2 0 4
75 87 50
96 40 70
39 5 96
6 78 100
74 88 62
66 67 3
81 83 40
41 0 44
95 96 5
24 29 79
91 58 50
91 50 31
7 2 27
71 20 99
47 21 41
7 33 16
13 92 46
64 15 53
36 47 10
62 84 62
49 42 28
63 33 98
82 96 42
28 51 82
81 14 40
57 86 61
0 13 14
55 17 90
92 65 38
67 50 82
0 29 21
41 10 7
77 2 97
39 38 52
24 61 59
73 38 15
53 23 35
78 54 23
78 59 28
18 62 22
61 37 92
36 4 34
98 92 97
28 80 60
60 30 36
49 31 9
36 5 42
40 93 73
28 14 92
33 64 63
92 88 26
71 26 69
80 36 77
55 22 51
19 56 37
27 41 17
28 50 91
6 33 32
79 50 67
42 32 2
78 40 60
52 12 76
43 82 55
56 8 82
26 42 72
57 76 37
38 79 70
91 47 93
14 16 62
44 14 68
77 40 78
38 95 95
5 51 30
49 70 72
1 52 47
36 46 95
68 95 59
24 10 17
31 36 12
95 23 100
83 43 64
46 94 95
67 4 84
29 41 12
57 50 57
74 13 93
80 12 84
70 72 22
36 33 35
42 13 36
49 21 82
33 1 31
17 77 6
56 36 82
1 33 20
37 94 63
67 15 16
47 34 59
29 60 14
36 73 62
31 18 48
72 36 35
71 52 62
67 71 54
3 86 48
71 67 93
88 48 17
9 1 84
65 79 34
15 42 92
99 18 23
94 64 48
48 18 27
18 60 78
27 84 61
30 32 95
71 53 70
0 4 66
39 55 34
44 85 57
10 17 21
58 25 38
30 17 12
85 38 95
36 53 23
55 84 100
13 91 19
28 71 96
87 72 53
72 92 66
66 73 25
77 73 55
29 26 38
71 86 81
53 34 84
37 58 97
33 49 67
62 60 9
28 61 52
53 50 58
4 10 48
58 53 58
3 10 72
94 44 11
5 91 91
92 89 40
15 2 68
56 90 78
15 90 52
86 90 21
40 81 98
49 78 29
94 16 83
47 75 20
99 90 10
91 70 65
54 69 19
27 19 57
74 53 63
94 88 83
24 61 64
29 22 92
89 53 39
7 35 49
37 99 16
39 25 92
97 33 98
35 38 27
89 38 42
13 84 56
35 13 60
0 11 2
73 91 52
31 38 42
34 63 42
79 91 14
57 3 43
36 48 64
79 95 54
48 91 95
66 24 88
46 98 52
40 72 56
44 92 54
26 59 50
87 95 87
20 14 48
86 17 90
31 49 63
80 9 56
79 1 1
28 25 99
30 16 40
97 45 89
10 55 3
21 0 83
66 58 94
40 44 2
66 65 29
76 4 54
78 22 71
31 55 38
37 21 86
49 61 63
50 7 81
9 82 66
92 24 74
91 34 38
33 79 11
9 74 9
67 28 30
48 27 42
35 61 93
59 45 28
90 48 19
69 25 7
77 18 61
3 20 64
96 44 27
31 63 68
69 14 61
8 25 27
79 19 47
3 30 88
8 22 65
3 24 4
23 26 96
37 21 66
87 40 52
2 40 2
81 64 49
60 31 83
10 95 59
33 22 92
20 89 11
50 96 48
69 92 22
66 88 95
98 16 71
60 88 90
26 19 6
8 68 45
52 25 50
4 91 39
64 5 21
58 1 55
24 84 19
44 22 75
69 56 61
93 56 94
85 72 49
15 75 11
61 97 12
98 1 30
70 4 37
46 15 6
43 35 85
22 48 4
92 9 30
9 54 54
3 42 36
80 95 66
38 44 44
47 61 9
62 45 21
6 85 57
38 74 72
48 36 73
14 61 3
19 76 23
49 94 14
23 87 69
73 10 55
77 62 19
88 15 73
54 65 52
53 85 76
18 62 15
54 76 4
26 48 81
11 62 37
56 54 89
75 29 65
98 64 53
49 95 98
0 64 18
76 8 87
52 40 97
98 89 42
56 10 48
34 49 50
87 80 26
20 62 78
98 4 2
16 63 50
73 9 83
61 57 74
18 45 42
27 17 86
93 15 95
8 23 4
50 6 7
72 24 6
39 75 20
51 10 14
0 14 52
14 98 64
32 6 20
34 72 11
96 86 14
20 84 90
1 25 99
42 50 54
45 98 90
67 89 20
94 4 53
12 99 15
11 95 7
36 40 85
37 47 30
90 1 70
15 92 80
27 25 23
24 19 60
91 71 88
23 19 6
12 87 67
0 87 22
84 53 19
21 56 58
68 21 49
3 98 72
11 8 86
35 65 13
49 0 37
53 1 95
16 22 91
78 58 31
71 21 55
51 53 47
14 62 76
28 48 22
42 72 89
57 55 18
79 65 88
98 80 44
36 85 13
58 77 7
90 4 64
1 77 1
47 74 43
10 4 71
80 5 19
72 8 30
27 45 97
11 26 10
86 27 41
37 69 75
66 34 63
24 21 23
62 33 81
84 68 57
64 59 56
84 41 91
43 59 33
2 49 31
93 49 1
36 56 52
86 68 50
36 24 58
25 88 80
72 68 76
92 88 62
78 67 20
45 60 38
17 40 99
35 74 62
32 95 51
68 24 39
88 71 43
39 37 32
75 76 27
21 41 4
24 5 52
32 73 55
28 38 85
12 65 80
91 99 89
34 16 58
78 80 47
87 97 36
70 98 73
16 18 62
27 71 68
19 74 22
39 23 40
82 94 84
72 5 41
19 67 62
20 62 33
9 65 48
61 92 83
30 6 73
53 38 37
2 81 85
4 51 5
74 45 22
96 1 71
12 14 93
15 76 14
92 87 2
45 21 95
94 68 69
1 35 80
34 91 11
42 3 29
10 5 54
38 47 43
91 75 46
84 40 26
95 75 43
97 20 20
7 52 51
60 71 42
19 47 83
3 33 51
21 18 14
45 81 58
17 48 17
71 7 24
82 36 80
6 32 41
97 27 20
22 19 14
71 75 19
49 6 90
86 64 70
47 65 2
62 99 87
99 81 64
20 82 82
11 18 47
34 23 50
0 66 54
60 1 34
78 84 67
66 29 22
18 43 7
86 72 25
44 89 50
77 58 23
54 51 50
78 43 55
27 59 15
88 73 4
19 40 95
3 46 7
99 23 88
72 75 44
95 56 33
91 17 34
5 14 79
3 94 82
97 91 29
87 89 58
63 71 22
43 64 73
82 10 63
39 75 96
9 94 84
86 23 3
12 74 19
3 87 22
2 16 50
3 68 61
9 47 46
97 55 63
10 85 42
55 92 59
41 0 9
27 56 93
16 68 39
31 77 66
82 18 83
20 97 56
50 15 93
89 91 90
99 50 64
44 49 51
76 80 2
92 47 54
38 92 5
95 60 68
2 43 64
64 63 38
42 68 40
80 69 49
63 47 41
56 92 23
8 15 43
50 47 32
51 10 21
51 16 70
57 31 77
85 42 74
87 91 68
29 51 11
66 96 24
19 98 75
93 98 69
86 98 55
64 11 56
34 16 45
67 28 50
30 56 45
31 58 37
2 13 43
26 30 14
36 41 42
82 62 70
49 91 31
24 69 16
70 12 96
88 21 2
78 53 65
73 88 11
11 49 67
66 12 44
28 20 7
8 5 44
91 81 27
90 16 46
43 5 12
62 94 87
12 54 70
81 85 17
27 23 27
39 49 10
42 66 70
80 72 76
93 10 25
70 50 37
95 68 78
71 21 10
32 14 59
59 43 71
53 25 46
48 15 83
52 47 30
11 65 4
38 83 74
82 47 33
93 54 49
12 99 49
64 88 68
19 46 51
74 82 89
94 2 37
28 1 52
74 2 2
64 38 25
81 23 44
98 69 41
53 19 85
36 84 37
38 83 43
60 53 16
1 60 53
56 27 99
69 62 81
53 12 35
91 0 6
2 37 42
53 22 24
84 2 4
42 72 21
16 28 79
19 28 36
30 18 86
71 12 36
90 75 57
85 23 93
17 11 27
20 67 4
25 6 88
55 57 40
74 85 87
45 67 23
61 1 2
93 27 84
33 97 28
78 45 77
95 6 28
68 51 38
28 19 49
86 85 61
77 98 48
58 97 42
59 85 41
82 48 4
90 7 41
99 70 13
44 70 6
54 18 11
19 10 55
74 89 9
59 68 24
62 82 69
60 66 73
32 86 74
24 73 22
50 29 17
70 91 30
43 12 75
6 47 100
19 96 34
73 46 23
60 6 14
98 45 6
13 10 55
26 70 97
65 72 17
90 62 23
96 21 93
73 80 62
28 12 65
0 3 21
98 91 1
72 49 78
27 74 55
89 16 94
36 65 56
66 14 42
28 46 4
93 39 71
90 5 29
54 20 20
62 32 5
12 57 33
61 8 78
33 63 37
38 51 40
34 2 5
29 88 15
63 93 56
70 0 39
67 48 78
64 28 85
73 88 76
30 86 83
19 12 12
99 19 51
40 65 29
4 55 21
57 9 20
26 3 76
70 67 21
58 85 93
72 78 26
78 42 41
87 52 18
8 39 59
78 59 30
84 7 85
8 51 71
20 53 91
96 11 51
97 14 79
27 71 39
24 10 48
75 49 98
90 10 43
62 96 30
22 97 54
50 13 11
58 37 17
46 16 84
46 74 1
7 23 39
26 83 99
61 21 53
20 59 35
83 48 38
25 48 2
0 27 94
77 44 98
49 44 69
33 95 65
75 45 66
97 79 94
90 48 95
66 32 63
54 85 81
66 2 54
79 72 72
35 9 91
73 80 38
72 66 82
97 81 74
50 70 49
65 71 85
17 73 86
22 66 93
74 64 47
45 29 71
2 13 82
58 37 11
96 79 2
36 55 58
25 95 74
64 66 5
85 68 48
85 50 89
53 15 24
56 99 37
32 41 56
6 16 76
62 87 48
26 95 99
32 57 89
7 29 70
92 20 100
31 49 8
94 41 99
46 48 48
57 61 39
16 96 31
9 41 54
39 7 78
52 45 52
52 69 64
58 64 81
81 92 62
90 87 80
4 45 7
31 13 16
1 99 100
76 38 16
67 62 9
67 18 75
4 1 41
18 88 89
36 73 77
37 88 60
93 39 48
91 61 55
52 59 45
67 59 28
45 92 27
49 52 56
64 33 65
86 93 94
6 75 92
8 24 31
95 97 13
28 25 40
98 41 74
51 29 40
54 26 24
34 61 15
20 12 16
84 64 19
16 87 57
88 68 49
2 26 77
30 50 21
66 89 30
70 43 53
14 21 78
72 8 34
9 60 88
16 15 32
63 88 78
65 19 38
91 13 1
98 96 20
65 46 99
14 31 92
19 75 78
87 84 91
17 59 82
85 11 90
68 82 9
49 51 58
71 48 60
12 44 71
26 64 83
26 29 31
91 48 45
98 59 53
36 79 70
94 90 12
86 26 19
71 20 37
27 84 41
52 74 22
37 94 98
68 61 20
80 65 88
80 22 73
72 83 61
25 54 40
95 21 28
37 91 66
50 60 31
46 49 68
38 84 65
5 78 10
49 88 85
29 94 36
86 51 84
66 3 80
64 65 67
84 96 6
28 14 32
10 27 9
27 90 70
72 70 64
18 23 77
88 94 89
25 14 81
93 9 99
63 13 57
88 2 92
77 78 86
84 82 72
66 63 8
35 78 94
33 47 84
39 25 8
11 41 78
84 59 96
95 17 31
10 90 52
84 29 43
32 99 98
48 20 18
63 43 95
92 23 79
50 87 70
52 73 60
88 34 75
55 70 80
81 4 76
81 90 33
31 76 40
81 43 38
20 99 29
45 15 8
71 68 100
44 76 42
98 25 11
8 28 100
57 75 69
37 27 11
42 34 58
34 35 69
25 97 53
39 90 5
38 52 21
77 31 9
62 76 35
5 82 71
13 33 31
50 16 75
26 88 4
38 3 60
60 10 49
83 35 19
72 4 76
2 66 3
85 0 66
42 97 64
0 5 23
79 87 69
95 38 89
4 12 40
64 41 91
66 99 88
19 5 32
25 78 47
1 6 27
45 62 26
72 4 13
76 18 63
14 17 88
58 90 71
65 3 59
60 98 39
22 11 93
74 19 81
47 19 43
23 18 38
68 67 70
88 51 98
93 74 84
6 15 78
91 62 9
8 19 59
94 14 74
73 47 27
64 51 31
65 16 31
28 21 34
59 73 91
12 66 6
99 48 6
78 72 16
95 6 81
44 0 4
98 77 50
95 29 22
60 55 38
31 10 89
36 43 82
4 30 52
71 31 38
31 92 83
86 90 3
58 5 65
23 86 100
68 81 70
7 83 31
7 70 1
21 39 97
63 97 84
45 17 50
14 16 46
94 78 92
45 58 14
24 69 55
65 1 78
99 1 81
90 37 93
25 62 33
65 24 50
80 52 3
57 4 100
80 46 44
45 56 28
72 50 62
45 25 18
98 53 40
50 3 59
53 43 82
49 14 30
7 81 53
29 85 4
43 33 10
2 31 42
24 56 13
10 88 34
20 71 77
34 19 61
98 75 23
64 42 50
64 95 92
34 3 5
83 35 29
54 86 81
7 77 81
73 33 73
13 41 100
5 75 92
89 49 25
32 48 13
29 19 19
92 58 54
72 58 88
30 24 27
41 66 38
25 59 54
41 6 53
20 11 70
70 96 74
86 20 55
84 13 42
42 47 81
70 78 12
36 6 20
82 34 65
54 23 2
93 76 42
52 45 17
94 49 86
38 65 18
71 13 6
29 67 83
64 34 86
29 4 54
39 2 9
17 84 5
52 25 56
70 56 40
84 55 51
55 65 73
6 10 15
41 83 63
46 40 38
7 32 10
75 68 56
15 19 9
18 78 21
53 88 37
8 75 45
30 58 90
89 18 48
92 31 98
38 33 43
95 18 51
79 8 58
79 88 40
34 59 21
58 99 38
29 61 58
15 83 13
78 13 39
92 14 77
91 58 87
71 16 64
98 0 39
56 32 41
37 85 15
33 95 10
5 77 30
25 97 12
75 7 75
33 43 44
72 69 67
76 79 75
95 76 62
88 25 67
42 33 80
58 19 31
59 91 72
69 9 22
54 60 38
1 87 76
65 54 90
24 96 56
82 20 17
91 5 20
3 45 39
45 1 89
12 75 36
0 75 14
99 32 77
94 65 32
71 38 31
69 48 66
88 47 83
64 98 12
88 9 91
91 16 68
20 65 11
36 77 97
15 21 99
34 85 41
32 9 45
34 1 22
62 58 57
71 10 70
93 24 79
92 33 43
13 21 39
72 53 57
72 34 91
25 35 72
79 27 93
78 37 19
71 41 39
22 43 89
24 93 75
95 5 64
99 87 88
50 42 23
72 80 56
79 84 34
60 40 79
50 29 5
54 32 15
73 81 12
36 66 13
34 80 80
15 44 6
10 8 23
73 2 41
79 68 96
53 97 50
84 76 90
41 97 52
51 42 10
15 93 82
41 96 55
24 64 45
79 44 43
82 81 95
12 13 79
81 57 11
30 9 100
3 86 100
98 56 100
38 42 85
21 60 21
29 60 46
78 81 90
42 20 28
26 86 25
2 64 1
23 65 7
40 85 72
67 39 63
74 12 7
23 63 72
82 21 77
36 12 71
50 78 81
40 94 68
32 23 89
74 83 48
24 46 8
83 81 81
84 79 60
62 71 97
29 86 100
30 80 23
56 27 84
93 54 3
83 31 37
67 23 4
55 18 79
78 37 45
97 34 17
75 5 94
4 54 2
43 59 17
89 17 66
29 67 16
68 18 12
66 31 96
62 20 41
88 55 8
34 73 88
88 49 8
23 61 70
35 12 14
62 34 88
35 28 73
79 47 90
19 68 93
4 84 43
49 2 69
71 91 96
84 34 4
68 3 50
78 7 70
14 4 85
22 14 40
40 73 92
33 35 4
32 37 1
24 87 14
40 71 79
64 20 8
23 42 70
63 3 81
17 4 80
42 13 43
71 21 54
67 22 96
65 40 59
37 94 27
4 68 49
25 81 13
51 10 31
86 8 91
98 31 93
34 6 85
89 23 65
25 44 24
93 82 55
30 38 9
74 42 27
51 89 27
31 52 79
71 42 84
61 65 73
99 39 66
87 29 84
29 55 44
65 35 4
37 24 56
96 43 94
57 76 51
2 10 4
13 53 29
40 28 37
40 19 93
67 57 1
38 9 48
23 78 70
41 33 18
77 24 9
6 42 25
4 9 25
43 62 72
68 55 75
41 3 35
90 99 37
71 34 18
38 92 50
57 16 16
81 54 55
23 52 7
57 36 22
0 62 51
42 36 92
84 24 21
41 13 46
11 16 69
39 0 71
86 61 87
17 45 92
51 35 92
43 24 23
0 30 45
46 29 12
13 74 80
50 80 77
64 90 33
40 73 86
55 51 34
79 64 20
30 67 69
27 98 46
40 66 54
91 33 21
74 67 30
0 52 90
43 14 28
91 85 29
60 45 21
1 42 52
63 42 64
14 65 82
63 67 4
56 31 40
39 54 88
96 9 46
62 29 88
48 7 82
30 13 71
46 8 72
39 42 1
78 19 52
38 68 83
27 8 1
10 95 15
98 50 58
8 21 87
9 13 82
47 32 49
58 98 82
71 59 31
74 90 56
15 67 24
21 47 39
96 47 90
70 98 94
13 33 39
37 3 71
50 63 39
41 87 32
49 98 65
63 18 41
30 67 7
12 48 4
65 94 80
5 71 92
71 62 25
64 62 16
32 84 71
26 37 53
90 72 42
79 87 69
63 94 64
15 92 33
20 50 40
74 85 28
57 32 46
95 17 51
27 13 29
81 91 86
69 46 48
32 85 58
58 71 22
60 26 20
69 47 53
62 34 65
90 49 40
75 17 29
34 20 98
76 74 67
31 96 9
80 2 42
35 75 46
79 49 64
0 89 30
47 82 67
95 35 41
55 59 34
29 21 7
61 97 68
22 58 36
49 76 35
47 55 98
78 50 78
42 39 32
17 5 94
30 12 91
61 22 4
83 30 64
78 97 26
15 90 36
31 52 11
96 37 85
75 89 7
43 70 98
28 9 66
94 44 1
86 41 3
2 20 6
34 41 71
44 96 83
10 51 16
33 65 42
8 59 70
44 63 39
80 45 43
55 10 83
78 72 52
29 36 2
84 63 34
74 71 95
63 12 51
41 39 34
60 78 72
24 56 71
76 58 58
14 10 29
51 26 34
91 94 89
89 82 28
50 30 3
76 40 98
98 71 41
42 43 6
20 86 29
93 80 16
28 99 30
83 81 26
14 26 56
89 13 45
51 62 79
38 1 6
37 2 4
73 65 95
92 74 7
50 55 40
27 74 35
40 9 43
26 47 79
57 98 51
81 45 61
29 83 86
44 62 22
59 85 48
69 33 2
85 57 91
37 11 23
46 42 51
51 38 39
70 1 71
15 87 88
13 47 80
9 59 91
47 13 40
72 30 15
16 15 66
99 62 78
17 48 87
86 7 31
83 98 2
13 52 91
83 68 44
98 9 52
39 10 70
56 22 87
57 41 80
56 90 60
79 60 33
33 63 17
13 75 54
54 2 1
52 16 7
19 95 11
42 43 12
94 10 28
88 37 45
66 5 83
67 46 25
85 64 5
78 67 55
40 60 70
89 72 83
63 75 49
86 98 68
56 45 62
47 81 91
93 37 6
20 12 99
30 73 19
50 47 90
39 93 93
5 52 16
71 30 93
12 52 91
11 33 75
28 60 16
67 57 91
34 42 19
79 86 73
81 24 25
41 1 85
95 59 9
83 64 21
48 82 38
13 78 4
49 81 66
40 43 12
67 0 13
45 79 25
68 14 39
13 49 4
96 2 84
93 35 79
47 10 64
10 19 36
18 99 69
98 75 17
59 37 9
53 86 4
9 49 79
90 77 57
62 11 90
90 83 64
76 13 89
46 33 14
42 78 10
31 49 66
76 32 82
12 43 49
55 74 53
3 80 74
37 22 45
32 48 64
13 92 25
60 63 65
22 95 53
73 83 17
73 16 62
7 11 62
54 12 29
41 0 74
39 6 64
35 51 86
29 97 45
94 95 56
60 61 59
47 32 31
97 38 64
54 46 98
17 36 82
74 93 48
45 59 43
38 14 56
3 5 76
37 29 87
60 57 51
71 21 54
83 7 55
37 97 32
4 47 94
16 37 60
26 67 88
34 81 62
22 98 52
81 68 95
15 83 37
92 94 69
7 5 81
80 35 74
49 40 98
72 33 19
9 33 56
46 90 10
56 47 78
88 20 55
99 25 63
19 62 56
4 95 61
40 67 12
4 9 61
47 3 42
49 17 35
69 35 6
6 53 49
39 40 45
6 97 61
28 86 52
67 77 45
36 32 23
68 5 37
91 50 35
56 97 60
7 52 48
83 89 8
37 84 94
66 20 54
25 95 31
32 95 39
36 54 60
39 90 24
81 83 18
43 36 35
65 37 55
90 35 36
36 65 67
56 99 86
18 48 62
12 97 68
86 64 7
5 72 82
80 25 90
90 29 47
41 35 65
58 86 41
4 7 57
8 7 69
83 41 5
73 35 12
73 83 82
48 52 11
56 30 81
57 58 10
33 92 38
81 42 23
44 95 33
67 4 65
68 29 83
55 92 51
71 32 55
44 79 28
74 77 74
43 75 77
92 3 83
21 4 99
80 18 49
27 26 35
81 78 35
90 79 87
43 80 68
59 77 80
37 72 97
42 29 87
29 69 27
29 69 46
82 16 50
17 89 44
85 73 30
76 24 60
95 59 78
62 61 94
14 27 44
0 90 1
83 44 38
87 69 27
96 88 57
10 54 12
41 24 96
8 45 96
30 77 67
93 98 91
51 92 60
20 49 96
56 48 52
89 95 66
12 91 69
61 81 48
22 12 18
85 58 64
42 71 78
67 71 70
82 46 80
13 35 24
10 16 91
23 9 71
60 52 9
71 72 78
33 89 78
73 32 80
39 77 40
29 97 30
79 27 70
31 32 37
39 15 23
99 4 75
86 33 44
42 57 36
26 76 73
35 76 50
0 61 27
35 76 84
84 36 15
34 99 14
18 38 6
68 27 50
29 76 13
91 48 15
91 18 46
50 58 30
42 84 71
56 35 14
85 47 82
2 95 28
67 35 34
85 9 27
3 78 76
39 1 50
72 17 50
77 53 47
71 58 49
55 21 32
74 67 19
3 61 58
19 5 84
55 26 47
89 74 88
29 80 69
96 5 79
17 36 100
1 97 29
16 89 18
74 75 76
16 80 30
62 57 34
72 13 80
39 62 65
11 34 4
45 35 42
61 55 85
63 41 79
83 55 55
89 10 30
28 22 7
81 23 81
80 71 19
19 52 59
71 99 74
89 67 92
80 20 84
66 9 36
90 33 81
18 40 6
90 69 22
38 11 84
7 29 77
23 84 60
37 86 31
44 93 61
62 68 88
69 37 85
33 68 56
28 84 93
18 72 99
23 18 90
80 77 12
96 36 26
60 70 25
11 60 60
58 54 48
61 83 66
94 4 24
89 64 85
70 97 81
47 53 8
60 33 17
39 1 35
81 26 75
44 51 22
39 50 29
60 99 35
65 70 14
50 15 44
12 65 28
34 14 74
47 80 76
76 33 22
67 69 10
74 62 78
15 53 82
8 39 99
81 74 10
70 32 56
97 6 5
83 39 10
36 10 10
71 70 49
73 40 28
49 70 38
30 37 73
77 8 3
4 63 31
83 26 13
34 2 47
13 95 87
78 84 95
95 66 65
13 26 90
74 80 21
40 22 98
24 74 84
10 34 11
84 65 53
94 28 47
59 29 10
85 10 92
58 0 88
22 70 35
66 37 70
69 97 74
70 25 31
76 94 91
80 29 26
7 44 4
74 42 100
46 38 8
78 16 15
90 23 46
38 50 41
25 16 61
69 71 58
42 18 60
82 55 52
94 65 68
9 82 92
13 58 34
20 17 97
79 67 6
46 16 77
43 88 37
51 60 79
5 38 38
54 7 16
43 59 5
9 58 62
11 37 40
10 15 19
30 54 69
2 59 85
30 39 98
70 59 75
73 16 21
58 57 25
88 97 34
17 59 66
12 77 34
42 83 74
59 88 52
82 1 89
21 74 60
84 19 79
30 57 72
34 42 29
32 41 62
1 8 77
43 80 81
14 74 34
11 79 98
15 19 91
4 26 40
16 88 64
2 99 90
73 34 13
9 49 28
30 39 30
98 76 10
87 83 47
0 30 23
11 74 92
31 47 43
29 32 88
87 46 4
47 80 23
95 60 34
4 17 48
39 58 43
12 78 45
74 48 62
60 97 34
80 86 10
40 22 41
52 14 74
77 16 22
24 82 63
4 23 100
95 54 79
4 53 77
28 35 55
21 59 42
10 66 6
45 68 20
45 2 17
61 45 3
64 72 77
48 9 85
13 43 41
95 34 9
30 29 79
25 89 26
14 1 46
6 47 85
16 70 17
5 27 23
58 55 70
69 56 100
69 76 73
13 44 21
60 14 25
20 15 31
5 18 61
12 23 40
14 50 66
11 21 92
41 67 46
28 56 52
52 84 86
92 7 89
18 55 43
25 12 33
29 81 26
37 20 23
99 51 46
51 54 92
97 81 72
68 13 87
13 64 94
45 66 62
36 65 49
2 74 32
89 6 86
67 88 11
42 71 90
98 61 29
97 42 14
32 84 48
96 41 65
6 41 4
27 54 61
27 25 74
86 27 24
96 6 96
68 24 87
7 94 47
2 25 54
12 24 15
1 74 72
80 41 31
90 6 82
99 14 100
80 94 53
29 7 33
54 94 20
41 92 8
41 69 92
61 21 61
14 69 29
28 57 60
20 71 16
78 63 50
11 28 39
11 67 14
24 25 19
87 42 68
73 21 44
86 93 9
22 43 24
35 40 74
12 35 9
72 44 72
37 18 32
11 32 86
55 12 52
24 61 16
77 19 64
42 3 59
11 52 46
17 63 23
91 26 66
8 3 29
77 97 57
32 5 4
32 0 54
80 39 9
77 42 45
36 64 47
41 43 67
14 20 39
71 37 78
10 63 82
84 60 63
89 59 48
22 9 40
80 83 75
72 41 32
71 79 13
31 45 23
47 70 69
80 34 34
95 42 46
79 59 83
64 52 98
94 81 47
73 89 89
19 42 100
67 38 31
74 97 61
64 54 83
67 58 74
64 79 23
15 11 98
5 98 61
38 18 43
72 32 39
26 85 97
80 15 47
76 93 25
71 89 40
74 92 100
39 49 17
13 4 62
49 12 37
83 11 58
95 83 34
4 74 20
2 60 45
99 50 14
4 77 82
50 39 34
38 12 66
5 32 77
55 6 99
63 77 43
41 72 28
35 21 21
0 14 66
51 71 91
87 80 83
56 84 38
98 62 29
16 65 21
35 54 96
46 61 16
75 93 36
1 61 60
95 6 11
98 73 88
48 9 57
1 85 53
22 31 28
33 11 45
38 65 58
25 21 27
21 23 12
72 34 79
94 7 41
9 31 39
7 65 23
50 21 70
91 54 47
73 46 64
63 4 100
81 47 21
63 77 44
68 92 44
0 72 5
23 96 22
38 3 22
34 49 1
77 20 26
86 88 22
48 31 49
35 50 97
88 31 18
3 67 63
64 9 76
16 23 53
58 96 65
29 13 77
93 43 59
5 23 61
16 65 57
69 49 58
41 34 88
34 42 37
4 20 91
79 34 62
37 84 52
71 62 25
38 77 92
52 37 2
46 51 87
79 50 43
46 87 10
35 54 42
26 89 36
78 17 14
8 86 58
98 18 38
74 79 9
35 51 38
57 59 97
69 3 74
11 84 82
28 38 79
93 40 10
37 80 38
75 7 20
1 16 32
1 67 82
99 83 4
84 24 17
18 80 66
86 54 91
56 82 49
32 30 44
44 32 83
21 50 21
3 24 33
9 33 1
55 8 53
82 18 42
50 15 92
16 58 82
0 5 61
94 63 70
74 78 40
59 70 90
3 81 23
69 57 8
57 9 21
70 1 96
74 3 34
53 89 12
93 80 81
31 60 3
91 33 39
93 57 18
68 61 16
34 58 64
25 89 72
53 95 78
28 49 44
94 79 38
99 55 7
42 27 67
41 38 97
79 9 53
54 94 56
86 52 36
29 13 8
16 96 55
26 8 49
98 21 95
4 20 17
78 25 95
44 21 72
69 45 37
75 47 44
70 60 17
39 12 66
97 0 71
76 36 5
60 21 73
97 19 39
42 70 15
67 66 76
5 17 93
64 77 1
86 23 59
99 90 89
92 41 31
82 33 87
20 28 90
95 81 95
90 7 43
47 23 99
33 1 65
84 82 44
31 48 18
30 25 20
33 26 85
53 32 90
49 27 35
48 31 23
68 13 7
11 44 5
11 20 8
57 69 53
84 0 22
79 17 42
11 9 29
7 32 87
55 68 30
50 29 7
86 75 34
85 0 76
97 86 57
28 24 69
52 92 46
25 93 71
24 15 6
37 36 87
76 58 76
7 53 37
13 7 18
36 23 20
22 83 54
75 27 35
72 88 15
81 62 8
9 52 20
81 41 99
24 94 72
47 23 28
1 21 96
31 77 8
88 65 83
83 48 1
26 67 49
2 27 71
30 94 14
75 6 54
85 49 2
39 3 54
11 37 78
79 38 55
19 95 83
75 90 45
76 43 74
73 66 89
73 22 47
91 73 83
71 21 23
95 29 51
44 88 80
78 83 41
8 67 77
56 83 67
5 35 6
75 29 27
18 0 41
29 23 24
44 49 20
51 24 5
87 4 95
40 36 96
11 83 62
18 46 32
83 62 73
32 98 99
40 30 25
99 4 93
25 5 11
49 14 2
72 47 13
91 83 98
29 81 92
99 85 14
30 76 96
47 62 54
63 14 34
85 24 17
39 8 75
48 0 30
23 41 47
98 89 61
92 35 19
97 45 33
57 86 84
33 37 89
11 31 48
12 27 34
27 97 46
55 10 5
28 79 100
80 57 11
64 66 48
25 40 3
68 73 71
80 4 77
17 9 14
23 97 81
95 21 39
78 72 34
76 55 1
67 25 62
83 78 100
35 44 31
33 5 15
51 87 16
17 94 100
8 16 37
12 0 24
69 64 12
21 38 100
55 13 23
52 94 100
67 69 77
15 45 8
35 85 46
75 16 96
60 59 12
48 75 63
71 18 92
67 12 29
50 17 51
26 52 81
59 89 42
27 2 75
76 40 8
83 5 33
35 95 12
4 96 85
48 61 78
71 67 32
8 11 70
86 74 46
70 74 66
36 70 79
41 70 32
87 52 33
24 30 53
40 44 41
43 44 52
67 99 27
90 91 21
87 47 52
65 61 64
77 83 43
55 44 91
30 82 94
31 61 94
94 23 55
14 52 74
20 47 36
75 44 84
96 27 61
95 50 34
27 43 87
66 85 9
30 3 23
42 86 37
80 35 28
96 62 38
43 33 49
42 1 91
64 2 26
50 26 16
97 13 46
22 89 6
11 93 18
97 11 74
17 2 99
85 20 4
51 34 47
4 92 99
33 21 4
12 80 1
9 73 92
80 18 70
70 57 47
65 84 58
17 10 20
69 18 13
59 9 91
80 13 35
31 72 97
26 92 57
30 74 26
98 56 61
19 67 77
65 19 10
23 37 11
46 40 35
34 48 61
32 90 44
88 70 76
31 60 79
87 18 71
99 17 18
4 92 88
32 71 91
70 93 39
2 21 40
87 29 2
88 57 18
91 27 15
81 27 86
95 86 30
18 46 17
71 64 25
48 15 90
85 99 92
25 57 38
35 24 26
37 10 10
71 49 75
53 59 31
6 0 29
84 77 26
83 80 2
25 10 97
86 69 45
1 10 2
17 52 95
53 62 55
91 16 76
30 6 1
93 69 46
37 27 39
88 2 85
32 17 70
56 24 98
40 17 44
87 72 89
17 34 48
45 22 3
82 36 94
68 20 27
56 48 16
56 14 18
81 86 13
69 96 26
12 22 87
31 14 62
19 24 23
81 57 56
62 16 51
74 51 96
90 31 33
80 48 48
94 25 19
29 63 11
90 9 48
24 0 100
94 62 3
52 33 51
51 35 34
97 3 78
30 27 62
11 20 60
14 49 81
43 26 89
93 40 27
8 63 1
29 77 15
84 57 49
69 62 62
47 32 98
44 85 65
45 97 76
89 45 83
40 94 4
20 17 88
75 77 35
95 24 46
24 78 94
15 88 70
7 96 98
30 64 23
50 39 85
86 67 95
24 92 23
75 82 26
41 57 96
55 4 36
80 9 50
23 37 90
95 5 72
81 45 27
97 81 82
85 57 59
8 15 25
30 78 32
23 99 3
64 12 93
88 79 5
4 49 100
95 89 7
2 54 25
45 59 85
96 68 52
93 25 15
62 81 57
5 10 13
45 6 27
95 80 69
85 66 69
43 53 38
46 73 46
30 10 96
63 29 2
98 18 95
68 18 33
20 12 92
36 19 56
51 77 22
15 72 67
99 30 75
1 99 84
90 59 71
31 86 2
34 55 91
75 29 43
64 83 14
47 92 78
57 27 55
16 42 22
80 96 17
6 65 24
40 12 29
74 82 63
7 51 13
46 15 27
41 84 50
9 96 44
91 79 46
39 29 74
22 54 25
84 20 4
57 15 82
45 27 99
22 4 31
71 14 32
87 25 3
66 61 56
25 30 95
33 75 28
28 2 78
63 40 73
75 34 86
29 58 87
71 38 4
68 70 32
62 40 70
58 4 28
79 37 20
83 68 65
43 37 39
68 62 15
5 99 47
67 54 85
3 56 81
66 60 60
43 57 67
95 40 74
64 28 56
3 31 15
29 78 67
3 84 44
66 1 30
22 47 10
83 26 8
1 65 44
77 9 83
34 43 96
82 69 58
12 90 46
33 71 30
66 21 63
83 25 72
93 60 97
61 21 54
80 43 81
76 91 63
39 78 82
68 74 95
63 17 1
47 29 24
72 21 59
77 39 97
23 44 63
9 77 35
67 39 45
53 92 38
52 5 10
17 88 91
12 37 95
85 36 34
50 96 99
18 75 74
95 6 65
92 10 19
72 38 99
22 20 64
53 19 43
58 49 100
91 53 29
33 87 97
79 63 78
60 47 51
67 81 60
21 91 64
90 87 44
26 34 40
83 57 84
45 95 95
36 79 74
82 66 34
43 36 13
18 42 24
72 97 99
2 13 22
70 75 63
30 33 87
42 39 17
7 76 24
82 33 88
88 95 75
29 97 15
88 10 34
18 2 13
21 76 18
73 78 12
7 86 100
5 78 32
54 6 60
11 74 5
53 2 39
62 8 91
1 41 11
63 26 77
48 99 13
43 16 8
37 20 13
20 12 12
7 46 90
49 80 48
2 48 84
55 93 23
20 3 96
87 51 22
60 28 90
20 37 63
54 81 69
44 52 19
44 71 26
59 79 37
42 19 38
35 62 77
40 63 43
91 70 54
94 98 49
79 98 85
84 26 21
21 1 44
29 3 28
56 55 78
82 55 58
3 5 42
63 23 97
1 98 60
79 34 21
83 26 40
45 98 66
34 13 74
77 22 54
52 30 40
34 62 77
78 21 13
17 29 18
17 21 5
88 33 2
35 8 97
34 66 76
99 73 29
77 82 25
39 50 61
68 43 86
84 46 98
43 85 74
80 25 59
2 97 81
44 96 41
19 73 52
