82 96 75
62 41 52
66 15 21
66 97 94
93 44 77
18 17 26
10 91 41
25 93 49
84 99 19
95 68 15
79 36 5
95 71 89
23 42 22
29 76 4
37 25 11
18 97 49
3 86 80
37 20 28
85 54 17
8 69 48
82 19 67
45 80 74
46 91 55
9 38 7
40 13 6
59 14 17
27 94 47
37 31 96
67 91 1
20 74 47
89 64 77
53 24 95
1 99 18
78 95 24
90 75 47
64 33 40
39 32 100
16 5 8
50 37 98
64 2 35
19 80 93
65 38 17
0 3 74
39 17 79
77 21 18
13 39 27
83 25 7
14 92 80
30 9 70
65 60 85
2 69 19
88 53 15
47 15 48
53 48 54
8 67 7
63 50 71
21 12 72
25 94 51
69 86 41
0 28 25
53 67 12
82 79 2
19 42 36
50 19 95
66 22 10
1 59 16
99 43 11
74 87 48
63 92 38
42 99 52
63 29 4
72 16 52
42 0 95
83 81 1
41 80 54
88 31 81
36 62 35
79 30 44
99 4 77
54 85 92
3 87 50
47 53 23
10 43 57
54 91 95
15 81 27
52 62 74
46 72 71
16 61 10
90 77 25
25 30 99
9 33 88
3 48 33
16 36 14
30 77 41
62 17 38
6 97 88
34 4 94
51 60 69
22 50 19
43 79 8
42 98 13
35 20 84
61 19 28
48 54 20
8 27 70
47 96 99
26 21 73
94 6 72
48 52 20
44 21 65
99 54 1
58 88 71
21 95 54
3 24 5
48 30 29
63 28 8
58 99 43
42 25 87
39 21 33
2 76 75
71 48 27
49 60 82
92 50 55
68 16 98
57 73 93
71 65 21
7 58 17
50 27 15
12 25 69
67 17 16
15 91 66
64 45 73
1 8 53
19 96 58
97 60 41
19 20 11
0 39 58
16 82 19
7 46 78
26 6 34
31 23 90
77 78 20
59 73 18
68 45 35
14 34 46
13 98 39
49 31 90
19 67 41
4 93 78
60 21 46
29 86 31
25 3 71
11 9 7
77 30 51
37 33 89
84 76 93
11 73 13
87 79 57
68 74 59
17 81 90
31 6 2
75 6 36
4 28 24
62 75 87
93 21 67
37 83 35
21 28 36
10 84 77
26 83 2
91 4 72
99 49 89
81 89 56
47 3 8
14 22 68
57 96 24
19 55 68
59 20 50
77 62 100
89 95 87
43 22 60
65 19 53
21 67 72
6 83 54
42 51 5
69 19 94
43 70 15
64 73 48
59 4 69
79 0 68
20 88 81
90 61 24
88 38 64
60 95 96
30 92 64
9 29 52
30 71 34
55 8 18
20 55 42
81 65 65
11 54 49
68 54 79
13 36 61
27 85 97
22 61 26
19 56 11
47 33 98
3 61 19
25 74 78
87 36 66
79 0 71
83 61 61
78 26 57
74 1 47
5 91 23
60 19 37
95 19 26
98 63 61
93 59 8
72 14 97
16 48 48
54 42 41
36 3 24
14 62 80
16 59 66
35 9 64
25 61 22
86 19 39
76 78 42
45 40 66
73 42 84
73 32 32
3 95 99
62 1 74
14 36 70
46 19 19
86 28 28
91 26 2
61 86 57
3 6 39
13 95 69
99 47 98
15 72 62
99 97 64
69 71 98
25 31 84
97 76 7
72 68 28
37 39 88
25 76 58
67 49 51
33 73 63
19 88 64
79 39 73
55 22 51
82 54 31
67 51 38
92 68 23
8 75 73
24 41 13
3 24 34
25 47 68
47 36 21
81 1 98
23 6 7
18 32 41
22 83 75
20 89 31
32 68 9
36 73 82
91 70 38
70 84 36
83 77 74
51 4 26
48 18 36
22 76 60
35 65 21
56 13 45
28 79 83
82 84 63
33 96 42
43 35 98
99 68 29
80 17 44
65 91 66
78 71 91
59 98 5
31 65 54
19 42 58
22 43 95
87 36 56
39 63 77
56 54 88
14 36 71
14 11 28
69 11 53
65 92 70
50 70 49
0 85 59
30 66 60
38 86 67
84 17 57
89 40 65
80 87 99
20 33 60
43 24 17
59 26 12
51 44 32
33 44 43
58 52 49
18 27 28
95 80 10
9 21 16
60 91 5
63 24 28
12 54 32
54 59 33
55 59 84
26 78 75
65 51 79
35 37 2
58 26 73
9 6 9
25 97 76
2 17 50
12 82 32
10 32 57
48 39 27
82 12 3
90 80 54
2 35 20
3 6 15
36 70 80
49 30 18
44 30 85
61 62 11
2 74 16
26 11 93
80 97 20
30 47 13
47 72 44
51 18 93
67 70 17
21 3 49
63 19 27
83 25 39
61 1 94
89 97 33
5 22 7
18 13 71
11 39 52
0 59 44
98 91 88
67 39 97
64 48 35
69 76 86
26 88 64
79 7 30
19 54 5
76 45 7
95 82 82
47 97 43
6 67 13
0 14 16
63 60 48
42 8 34
46 61 6
33 15 12
18 64 52
49 48 100
90 9 67
76 89 14
32 13 12
23 88 28
52 65 83
5 23 5
17 5 62
74 64 83
19 40 85
60 72 61
59 94 94
35 70 52
71 5 41
43 99 84
26 93 90
86 71 27
78 67 66
80 75 38
19 30 60
51 62 41
70 43 32
67 21 97
11 55 43
97 93 26
61 35 90
32 1 14
31 80 37
15 27 3
89 20 41
83 96 50
0 32 14
35 39 60
27 28 9
36 28 92
48 43 34
59 38 87
4 31 45
86 2 96
69 44 9
42 49 47
49 76 18
68 53 29
39 9 83
55 58 4
36 71 93
60 45 47
77 34 15
3 32 11
71 73 98
16 54 53
22 95 96
61 27 22
70 36 49
86 63 30
77 86 55
32 78 82
70 30 47
96 39 26
11 29 17
96 60 97
85 13 10
89 70 13
36 37 46
57 21 35
53 73 50
95 90 11
64 81 80
85 13 5
71 22 52
2 1 92
41 87 8
14 16 86
73 9 2
98 8 56
22 16 66
65 53 98
72 2 45
46 13 50
5 82 79
26 2 56
61 0 39
69 50 35
78 30 21
75 2 48
88 93 73
61 54 32
59 56 57
11 41 2
75 60 24
26 33 88
3 21 18
9 65 47
28 97 20
21 73 81
66 92 30
23 61 90
9 24 34
52 46 31
20 65 84
75 59 30
46 75 56
4 52 92
35 6 32
60 96 83
45 23 32
89 47 75
27 71 98
96 72 39
90 78 25
0 53 39
9 86 39
22 52 84
18 46 37
81 22 3
20 53 35
59 23 59
67 65 47
12 27 37
7 96 30
59 89 64
86 93 45
21 61 27
8 63 26
38 75 9
88 95 28
5 48 91
15 96 40
9 88 85
59 38 61
68 65 55
75 73 78
40 34 91
16 74 40
47 18 40
17 86 4
84 13 72
94 46 79
1 4 13
99 22 49
51 97 2
43 26 20
71 55 84
5 45 6
71 91 13
36 61 84
51 62 34
79 46 62
64 54 60
70 21 83
15 18 39
23 51 52
88 7 14
60 85 62
30 53 72
94 54 85
16 14 40
64 37 33
3 72 17
33 77 91
82 14 88
30 49 11
10 25 100
38 19 16
52 64 39
97 90 40
81 92 78
62 95 9
92 78 25
50 16 44
54 63 7
37 88 96
45 90 75
51 69 85
5 74 29
96 87 100
34 40 34
8 39 81
6 66 81
18 49 55
59 86 41
24 2 79
63 59 43
83 72 74
34 56 26
45 19 73
85 10 49
88 24 11
87 70 10
12 31 65
17 32 98
84 70 39
22 70 85
99 19 23
60 68 89
37 43 4
91 2 94
92 64 37
99 56 71
71 8 99
97 32 64
4 43 52
18 33 44
56 30 30
9 18 60
89 59 30
29 37 37
74 49 25
34 93 38
32 28 95
95 83 47
22 37 42
66 69 99
84 19 50
90 54 20
3 59 16
96 97 9
15 80 21
47 34 40
31 39 33
48 33 91
83 67 42
39 25 64
40 24 48
5 13 84
74 31 10
62 54 2
80 78 78
21 33 22
75 50 62
53 21 53
24 29 28
99 57 95
54 29 24
14 82 95
51 86 46
51 24 35
71 89 12
87 3 81
91 53 32
95 72 99
83 66 50
16 22 51
4 90 63
95 15 35
94 76 85
82 71 89
52 45 90
57 86 44
5 41 41
5 4 23
76 86 63
83 81 72
92 45 9
6 39 69
58 47 8
22 39 53
28 2 71
97 41 84
8 72 24
52 39 69
68 80 17
14 30 31
17 70 95
19 97 20
70 53 31
80 36 5
22 51 85
72 41 77
18 42 99
73 60 65
88 25 8
39 45 63
74 1 33
61 23 29
9 36 72
22 25 44
61 75 60
68 15 69
64 25 85
98 72 45
26 30 84
6 80 71
59 29 73
34 74 97
64 68 79
13 26 99
5 11 7
57 70 31
84 68 23
19 36 76
45 29 96
6 73 79
51 22 83
48 75 7
71 55 89
48 44 53
7 55 58
52 1 65
8 34 94
21 0 73
65 82 79
89 53 85
48 45 22
17 93 11
78 85 80
38 83 80
61 10 71
31 53 35
99 80 26
64 92 44
23 79 37
26 47 21
90 3 63
39 69 35
28 72 23
66 98 82
82 73 52
33 83 56
30 16 95
84 65 4
47 17 52
11 4 85
39 13 36
85 50 49
4 93 30
81 56 8
69 57 74
95 2 66
37 78 67
16 85 37
31 27 85
36 49 35
98 18 100
4 92 37
36 3 94
67 69 31
38 66 96
0 18 32
95 22 99
30 35 30
81 28 72
29 84 93
0 75 2
34 70 83
13 89 65
50 64 68
27 30 62
0 51 4
95 15 55
38 80 74
35 99 14
92 55 90
3 37 21
82 85 44
14 7 19
7 31 73
70 93 90
14 93 74
11 95 49
59 99 45
49 40 73
58 41 2
45 70 94
83 53 64
11 58 6
58 15 81
11 53 7
5 88 7
58 8 100
50 12 50
81 54 76
7 53 67
58 34 79
13 94 94
95 17 11
58 19 97
8 62 43
49 85 65
92 13 93
19 25 10
95 3 34
76 91 7
39 67 41
76 37 58
42 12 44
62 94 28
85 80 1
82 35 85
46 53 9
55 50 9
58 97 91
29 31 100
69 84 5
89 93 18
79 95 33
8 87 94
56 57 32
23 1 85
98 67 38
88 45 6
86 79 52
48 40 2
82 63 86
74 50 21
15 19 13
30 54 78
89 82 77
41 57 1
13 75 56
24 91 43
47 54 47
71 76 26
41 75 60
7 96 48
25 22 62
59 43 87
35 60 22
28 6 83
76 25 30
46 8 40
58 73 81
40 96 79
51 74 61
53 99 44
94 5 31
53 28 42
77 98 6
12 98 7
12 83 55
50 80 40
79 6 89
12 24 15
12 20 28
27 14 58
92 17 16
31 20 65
39 46 30
32 44 74
70 86 28
7 91 43
69 91 46
31 4 76
68 13 68
53 71 76
12 23 67
48 17 78
27 4 75
50 99 78
24 11 12
99 20 16
74 86 1
77 90 3
47 64 7
96 50 87
66 81 68
44 94 83
56 99 69
29 40 58
77 93 92
74 17 23
55 32 7
32 9 4
40 96 97
31 7 50
81 10 21
61 20 92
29 43 11
1 69 22
84 22 89
46 68 16
25 21 28
33 78 83
11 42 49
23 94 55
61 84 65
30 78 33
99 46 67
71 53 48
26 33 5
88 6 69
73 22 63
22 54 85
41 22 20
60 23 18
60 68 56
78 6 34
92 71 84
18 46 41
88 78 48
45 42 84
99 3 45
79 17 25
65 25 2
36 53 71
76 97 4
66 7 44
59 37 53
5 57 95
67 68 80
55 5 10
78 20 28
31 92 32
5 83 84
1 25 53
10 42 60
43 30 28
20 87 20
81 73 87
37 35 95
24 90 45
7 22 59
23 81 65
6 4 39
79 9 41
32 13 34
18 61 68
70 20 22
45 39 66
48 19 99
40 59 45
17 35 34
15 95 4
91 29 49
11 13 26
75 17 37
64 90 1
58 46 60
37 92 60
69 48 68
39 25 15
69 3 50
50 96 25
56 97 48
91 0 14
73 28 93
21 19 10
89 10 69
51 29 29
35 23 88
84 6 79
94 85 87
15 56 4
20 10 16
36 23 75
29 76 16
92 61 36
18 52 47
18 33 95
71 48 13
13 48 29
75 52 97
76 41 79
32 48 45
40 25 90
29 78 7
82 10 19
38 8 82
12 97 83
93 99 2
35 65 64
56 76 50
94 60 92
29 97 53
3 56 19
30 7 59
78 26 10
62 13 47
59 48 12
11 32 32
75 45 42
7 43 76
68 89 68
18 47 97
7 16 95
44 36 34
95 30 92
86 70 1
25 10 82
3 31 31
90 79 78
73 27 95
3 5 93
9 11 99
12 80 79
36 15 62
23 59 25
45 53 88
22 79 43
30 93 31
17 96 4
82 86 19
85 18 17
55 84 90
75 95 2
83 96 49
85 79 51
72 75 20
28 6 73
36 89 70
16 13 73
68 50 8
40 71 19
79 85 16
84 64 91
89 22 16
6 65 68
9 45 80
19 12 73
5 87 7
53 52 66
83 66 43
13 2 66
89 71 30
45 87 93
70 16 3
88 81 77
46 47 40
89 9 46
27 32 63
65 26 79
99 9 3
85 74 84
16 8 57
15 55 84
14 81 29
77 60 20
97 41 32
12 50 58
57 8 43
45 36 17
14 89 98
99 8 31
25 11 26
18 7 56
11 8 61
1 13 87
27 6 32
67 76 55
5 41 61
17 60 76
87 30 34
81 39 9
79 25 86
71 72 7
75 30 68
80 53 46
21 2 61
38 35 57
1 9 65
41 46 69
72 54 25
78 80 35
9 56 66
13 68 39
21 20 93
8 81 47
66 65 30
65 79 11
8 41 43
24 8 51
55 8 4
1 45 49
50 48 35
66 7 16
17 40 69
60 41 88
55 76 10
29 36 25
4 71 45
18 11 26
52 83 43
29 34 7
32 39 33
52 75 35
97 80 93
45 6 64
95 37 63
64 80 3
11 45 15
88 93 7
33 35 78
48 88 58
79 83 5
25 44 26
96 82 88
85 73 34
67 76 51
42 50 80
98 50 22
58 66 7
41 70 12
6 22 3
8 69 84
93 53 70
85 67 61
39 93 98
93 40 46
95 13 8
23 37 60
74 3 84
52 69 27
42 77 27
75 7 12
11 30 88
71 64 3
20 43 36
15 26 63
75 44 30
23 45 98
87 75 33
38 43 81
81 30 88
43 1 14
5 31 65
67 18 56
20 87 68
6 37 83
62 91 19
28 98 40
20 56 35
79 76 54
36 7 80
58 81 46
80 0 58
16 24 12
82 1 15
25 31 48
58 39 53
15 56 59
51 23 8
58 89 73
92 32 39
83 70 2
44 8 43
42 44 100
4 76 21
17 0 58
50 43 85
22 4 91
61 14 62
66 0 52
30 60 20
81 39 25
3 56 43
84 85 78
14 27 47
18 55 36
25 24 98
33 70 35
84 95 34
87 8 31
11 99 18
9 62 93
41 25 48
45 66 18
57 87 34
28 68 100
15 11 52
94 78 51
84 10 34
9 22 11
86 68 6
99 57 100
18 72 19
74 70 29
88 61 97
62 72 5
99 72 30
62 54 21
65 56 82
32 89 17
53 50 49
71 87 19
22 21 6
37 40 78
25 19 20
97 8 20
25 56 96
2 85 11
15 10 32
61 30 26
9 54 39
19 9 81
63 1 11
65 44 29
71 62 44
6 19 75
28 32 1
2 44 42
91 68 86
55 16 75
94 56 88
83 22 29
50 21 62
14 19 31
98 12 43
40 85 70
0 23 37
47 8 40
50 86 60
44 64 33
91 51 97
29 48 67
20 50 35
15 59 20
80 45 72
71 98 5
95 45 100
33 13 17
93 79 65
63 49 49
28 96 29
88 99 49
20 43 21
0 98 75
3 6 5
72 91 35
86 39 77
20 2 8
38 73 81
58 40 47
49 19 19
92 44 5
8 81 53
26 71 37
61 6 15
65 17 15
75 44 16
91 78 77
38 29 88
48 16 49
92 66 41
34 52 57
3 93 68
92 94 1
43 47 73
70 60 72
58 88 39
39 60 26
83 92 25
24 0 66
3 8 45
7 20 96
17 91 45
78 71 39
56 29 24
36 6 89
33 16 72
21 72 45
74 21 69
12 6 8
18 94 51
16 30 94
90 50 23
38 19 7
78 34 65
84 85 69
95 72 46
59 6 83
86 48 52
89 17 91
98 36 38
87 35 77
17 55 78
29 49 62
2 50 57
28 77 33
99 77 95
67 48 25
38 75 91
47 19 98
97 90 27
6 46 47
88 83 19
89 39 6
24 2 92
24 92 27
45 34 58
78 31 89
47 77 42
63 16 23
73 50 3
72 67 94
10 74 97
7 19 66
41 46 3
73 95 17
42 20 16
30 76 67
84 99 94
34 96 39
39 94 5
62 86 31
60 92 6
56 76 25
98 52 18
77 99 12
99 69 59
80 3 5
88 46 99
6 66 20
51 29 81
51 62 35
11 78 38
71 35 44
10 50 15
64 99 9
21 91 84
68 37 37
6 9 73
10 69 80
58 32 29
47 75 73
81 33 73
10 34 32
39 4 68
44 35 52
81 50 7
26 27 54
49 50 17
96 10 78
81 67 2
89 17 69
31 37 12
53 10 53
72 58 79
14 55 16
10 11 39
40 94 24
87 60 85
56 31 42
87 44 11
30 48 51
70 41 86
16 98 5
51 75 52
82 84 87
62 11 30
66 67 65
47 71 84
45 17 74
1 41 35
54 88 17
37 63 22
97 13 87
31 3 57
82 86 60
56 87 40
15 18 7
26 33 16
33 70 80
88 80 99
87 33 96
67 9 55
44 25 17
98 85 99
6 62 32
97 55 100
30 72 82
28 89 40
83 18 23
14 71 78
83 33 12
44 76 99
68 94 26
47 66 42
25 87 6
92 33 94
64 68 20
28 99 64
66 25 11
86 26 54
57 13 78
6 86 98
61 31 35
69 86 94
84 18 66
10 87 83
96 97 74
20 8 19
34 3 49
32 59 38
4 53 82
46 42 39
18 14 6
48 95 84
64 39 30
16 94 68
65 52 32
33 58 40
32 76 78
60 33 62
49 87 21
76 83 7
58 88 98
95 25 32
86 93 26
24 41 37
43 30 60
42 76 99
92 49 74
72 70 76
84 11 58
94 19 16
18 0 93
13 7 63
84 74 78
89 86 77
13 14 90
82 53 66
10 43 11
81 20 92
87 7 33
66 49 61
25 50 20
32 46 1
70 9 64
10 94 14
43 96 60
57 79 66
42 0 90
89 96 37
56 69 6
63 99 40
95 5 22
25 98 31
47 49 81
32 45 92
6 36 90
55 17 47
86 73 32
10 29 8
51 9 38
94 84 74
64 78 43
82 31 45
7 67 24
81 44 54
79 49 17
94 46 10
79 69 54
16 0 18
66 77 39
37 12 23
4 36 20
9 91 48
81 87 54
25 42 32
67 54 10
80 58 12
95 39 12
57 97 89
65 28 45
12 93 85
65 49 41
77 16 3
93 96 9
97 53 59
80 8 96
90 64 7
39 53 46
67 99 23
86 42 77
47 68 5
29 55 20
45 38 4
33 80 89
67 32 96
57 93 24
19 73 71
97 29 96
54 17 60
66 79 99
18 63 100
7 92 3
39 4 60
1 96 94
60 4 28
95 99 43
33 24 13
0 38 11
11 46 45
18 45 16
84 80 43
23 64 64
36 28 29
99 26 61
91 62 87
79 51 26
81 37 62
0 99 45
18 61 29
7 1 30
83 98 55
64 30 35
22 92 25
6 35 39
41 81 69
33 41 64
28 7 53
34 51 39
17 76 54
0 71 37
39 72 73
47 17 51
22 50 63
33 68 47
55 43 15
99 83 42
61 21 2
22 97 26
92 63 22
93 3 14
41 28 81
94 24 82
60 73 15
66 38 59
33 56 26
83 43 7
0 43 11
64 24 29
64 11 97
26 28 83
30 90 83
8 14 9
36 69 61
63 89 83
91 28 83
78 41 55
69 91 60
2 89 91
17 58 2
63 71 36
49 69 76
68 98 3
80 17 28
70 80 79
36 87 2
42 88 67
34 53 44
40 88 35
21 92 82
44 91 86
30 15 53
56 68 64
33 24 10
46 25 42
73 28 92
75 73 78
57 24 1
86 15 64
47 48 43
13 11 43
36 9 16
13 5 48
29 99 59
40 31 43
70 14 75
63 38 65
69 96 88
42 64 78
87 31 74
43 85 47
12 7 3
59 27 27
28 7 34
48 78 33
17 33 36
77 16 29
80 73 63
75 53 19
78 0 45
28 0 20
13 23 49
1 93 36
59 29 11
52 65 19
61 7 27
24 87 98
38 55 7
2 69 12
8 0 98
62 90 63
33 69 47
64 30 64
55 22 6
71 54 2
20 80 64
54 64 35
22 95 10
33 48 36
24 99 95
66 57 12
68 9 97
9 44 73
11 4 47
7 34 27
61 32 64
76 27 80
82 72 10
42 96 12
62 88 42
23 81 91
27 46 41
98 38 71
24 60 55
61 92 39
55 65 30
42 78 33
70 8 33
9 83 24
92 48 69
74 42 89
65 44 4
69 84 76
1 92 90
95 63 92
2 39 67
61 40 3
68 78 89
23 26 90
16 70 5
67 53 20
85 6 13
62 36 43
25 42 11
27 32 87
91 4 84
54 65 97
21 30 6
12 9 79
48 33 25
22 77 13
90 49 9
72 73 96
34 10 31
26 29 16
53 46 10
2 55 88
38 29 8
82 59 66
80 54 85
8 32 56
34 67 24
29 46 37
32 15 62
77 23 52
23 28 52
83 30 95
27 63 59
79 0 3
11 99 22
0 43 36
12 9 12
72 81 55
24 77 42
45 91 77
17 71 8
90 25 60
83 40 25
47 36 32
82 35 21
12 10 87
93 33 90
55 33 5
55 41 68
1 81 5
28 64 22
84 76 14
39 50 93
12 96 62
45 21 34
42 86 77
1 92 83
15 76 51
97 92 78
25 19 19
40 57 33
29 93 21
27 6 29
82 8 3
34 15 81
62 36 46
21 87 97
34 19 25
69 14 65
16 56 90
31 68 30
91 59 24
50 47 69
9 54 10
29 38 93
62 29 5
92 29 57
21 84 37
80 55 31
0 56 64
27 15 74
21 71 10
53 6 90
24 43 79
40 54 7
64 33 11
97 66 11
13 78 47
75 51 84
87 62 49
13 62 33
3 15 30
1 0 91
27 95 9
94 88 79
53 73 11
44 5 19
60 59 65
86 76 39
66 81 89
98 43 33
78 81 58
17 40 82
52 43 59
63 22 83
31 86 15
27 80 6
87 16 78
74 14 35
6 45 49
44 46 48
2 96 11
78 8 5
52 55 50
25 52 58
57 74 6
91 64 81
5 44 96
91 50 42
26 68 22
75 53 46
4 7 74
63 88 53
10 7 63
53 38 34
0 89 34
37 87 94
15 93 50
66 30 43
1 14 67
35 56 79
60 43 50
64 42 48
10 41 29
30 45 78
61 66 86
27 0 20
83 47 85
36 73 23
94 70 95
68 22 30
37 53 61
18 92 43
86 27 38
77 64 24
48 92 68
69 98 47
78 20 16
11 23 3
8 65 8
89 16 98
74 71 66
84 82 11
38 85 23
60 0 17
26 53 23
23 18 60
98 10 90
36 67 17
1 71 13
78 28 73
23 80 46
62 84 4
45 30 18
7 70 83
95 48 60
49 55 77
82 23 60
3 79 99
31 16 21
75 96 7
22 90 92
71 23 9
55 36 72
43 70 29
42 85 52
52 15 56
83 85 8
93 97 91
24 59 3
37 50 35
29 35 90
36 16 53
17 71 78
73 26 10
29 90 75
97 72 89
70 86 95
72 98 30
72 94 6
78 94 61
86 16 98
19 72 11
82 60 30
89 95 3
74 27 99
83 43 47
76 93 44
39 95 44
65 63 82
8 26 97
17 25 65
77 20 67
8 31 53
55 21 92
60 97 25
45 49 2
11 8 98
46 14 26
80 22 87
55 11 3
87 52 26
55 68 70
36 26 49
19 52 2
96 66 66
24 8 5
82 86 73
99 19 44
45 57 72
59 84 58
47 42 28
99 92 25
82 8 97
29 50 20
60 1 71
24 29 51
54 52 18
62 61 17
53 97 39
98 66 33
23 61 21
39 59 5
51 66 95
74 5 31
8 63 35
96 43 32
32 11 18
8 34 8
58 5 44
98 13 22
15 50 16
39 35 11
66 92 12
50 93 81
49 10 75
98 12 3
47 10 84
48 82 42
64 55 20
79 82 41
16 34 32
41 89 64
79 14 2
86 14 48
2 0 53
67 17 98
35 87 63
92 65 89
28 74 6
99 8 95
53 63 38
60 6 50
31 25 93
15 44 40
17 91 38
39 69 32
61 83 8
55 65 68
11 55 29
35 79 68
38 75 46
61 21 32
44 5 44
94 3 22
15 99 84
4 70 54
76 18 71
37 64 94
11 30 77
17 38 83
0 55 12
64 45 9
39 48 98
6 52 5
95 73 90
85 42 64
85 51 27
78 3 19
34 22 77
0 36 64
82 92 55
66 89 71
1 3 49
39 37 37
98 92 54
37 71 34
33 16 31
59 6 86
89 19 18
2 4 60
4 76 92
52 86 82
55 70 51
11 48 96
8 75 82
26 44 93
28 60 44
99 66 19
68 26 44
83 36 98
47 70 60
20 61 72
84 24 90
34 83 8
54 48 34
63 25 52
8 3 22
90 98 64
72 41 66
89 18 68
77 34 74
41 46 93
34 16 89
43 4 93
69 39 4
39 42 36
6 61 59
12 94 99
40 29 69
34 36 84
46 86 43
2 11 73
84 75 49
89 34 63
34 66 63
55 14 57
1 40 46
69 33 15
74 37 8
21 26 16
22 63 11
89 33 10
51 30 6
57 36 75
25 44 50
62 77 57
1 22 21
10 65 5
42 73 19
54 41 32
86 18 23
9 68 45
16 39 60
69 94 99
33 68 8
54 47 15
40 34 75
9 97 19
20 88 99
26 6 20
78 52 54
28 18 38
10 48 33
86 76 3
31 52 100
27 56 47
96 3 99
41 55 14
56 16 12
11 67 2
56 53 49
57 99 10
29 0 84
1 7 69
63 38 44
25 10 41
46 93 27
46 83 28
22 48 10
47 95 29
31 12 82
39 95 44
3 49 75
55 48 45
93 58 19
97 34 24
25 40 28
13 46 96
93 24 63
54 14 80
26 78 88
87 48 74
68 28 28
18 65 55
25 2 23
18 97 44
33 71 66
9 24 1
3 71 57
68 67 72
53 90 23
29 17 59
26 34 32
74 31 96
83 73 59
70 22 77
73 23 70
66 76 26
23 20 21
9 86 80
95 22 33
45 3 9
63 58 93
99 64 80
21 87 97
88 59 69
89 96 23
68 84 92
81 74 44
19 37 5
35 80 66
5 55 62
41 44 42
17 22 74
71 84 39
97 98 1
57 6 44
23 31 61
9 29 45
39 79 48
23 62 75
67 87 86
28 72 10
5 10 79
95 89 50
8 45 70
48 58 88
94 12 99
63 20 93
99 49 76
95 56 34
10 45 60
12 46 60
53 91 85
43 10 97
38 32 68
19 4 48
36 51 89
24 45 12
63 80 71
20 27 92
13 87 78
97 40 80
16 22 100
57 64 69
1 38 75
58 44 28
9 87 67
43 26 36
72 57 66
90 21 21
15 95 89
22 21 10
3 5 40
22 32 82
34 40 99
59 95 43
45 6 33
55 35 93
50 58 44
52 99 35
69 3 56
76 69 18
79 52 56
86 48 100
83 12 13
73 40 11
88 49 96
62 48 73
34 54 57
23 9 16
71 93 17
74 9 50
97 1 37
18 63 83
15 20 91
44 8 64
9 67 57
68 98 27
10 81 67
76 28 63
31 11 79
66 62 67
97 59 42
37 87 94
66 35 36
62 98 22
55 12 27
66 62 35
32 88 73
37 58 13
4 81 12
19 90 48
34 17 71
94 86 51
73 15 21
8 56 64
92 80 67
87 83 39
87 51 5
60 59 13
10 72 93
73 63 90
49 13 26
44 51 95
42 27 63
65 48 96
6 82 56
8 89 78
83 17 27
23 43 8
46 63 33
90 58 37
6 63 81
19 29 95
85 83 33
21 14 34
84 62 7
51 55 38
99 25 81
57 35 43
40 56 60
21 87 8
3 76 62
69 34 35
79 61 31
45 5 39
16 91 12
30 58 15
69 3 10
68 44 63
25 68 100
23 83 56
23 43 45
99 39 6
45 14 100
11 40 73
60 28 89
22 64 92
24 95 58
67 18 58
85 6 100
93 97 62
97 73 72
98 76 60
5 17 59
98 5 66
77 12 75
54 84 20
53 32 4
22 61 85
91 73 18
3 90 75
17 5 16
30 89 20
79 62 11
48 81 40
84 6 68
26 17 54
38 96 100
87 27 89
10 64 92
17 38 36
37 16 28
74 71 48
79 25 67
82 26 38
8 2 97
81 0 13
92 59 66
15 42 17
86 3 70
85 80 34
31 71 44
33 31 67
95 78 59
98 85 39
44 63 90
90 45 96
79 60 24
34 95 93
74 70 56
40 2 34
44 74 19
37 92 29
74 94 39
74 72 52
93 73 66
42 95 80
2 35 93
6 16 23
8 10 47
51 38 77
17 62 10
23 13 30
62 7 24
42 71 30
74 37 44
9 87 67
99 19 85
73 89 95
29 90 8
60 38 41
10 83 9
66 9 82
23 24 59
54 20 77
9 12 22
32 81 41
70 93 73
96 47 12
26 98 9
48 17 99
92 63 48
88 51 62
21 13 60
42 93 21
70 6 77
10 19 93
31 79 31
85 75 73
50 98 44
54 94 33
98 5 12
64 90 27
10 43 6
51 85 57
38 20 94
16 0 4
12 76 37
37 44 98
56 64 14
75 37 59
79 93 86
17 43 16
42 89 33
43 92 63
94 44 23
38 37 23
9 7 21
12 4 63
68 58 56
68 24 97
19 75 3
91 68 14
21 45 52
22 11 98
20 76 62
63 35 19
13 94 27
73 31 56
87 95 99
60 32 73
43 6 11
0 36 56
50 46 76
84 22 4
12 62 84
3 89 79
68 41 19
11 69 51
78 63 23
75 53 91
63 44 99
38 37 2
84 49 11
17 3 78
66 30 99
70 39 73
56 19 39
50 87 88
64 94 29
59 53 23
5 36 25
3 94 87
84 67 77
96 49 57
15 5 73
55 63 37
62 38 7
68 96 46
41 70 85
37 61 12
91 8 17
79 47 55
26 44 33
69 98 22
16 11 86
14 59 49
67 45 94
79 81 48
19 71 73
13 70 24
77 95 77
58 96 51
27 17 15
31 92 52
42 7 30
92 20 91
4 87 93
40 24 2
66 46 94
58 3 25
16 19 21
79 85 96
74 38 99
44 26 87
53 73 94
95 93 86
97 47 10
23 24 51
83 33 59
4 81 77
55 34 4
86 38 96
53 3 50
63 90 27
34 39 67
76 23 65
88 31 59
79 85 45
71 58 23
87 44 25
20 25 77
91 79 97
19 67 21
99 90 81
72 28 7
93 23 60
68 63 63
90 33 45
21 3 28
13 84 100
80 4 58
95 81 85
39 5 53
91 55 59
37 18 89
31 19 50
82 79 60
46 89 13
80 91 68
78 42 28
40 50 84
69 16 64
21 92 25
23 13 9
69 0 95
80 12 64
15 70 58
37 86 99
45 18 12
84 80 87
33 11 43
20 79 28
94 5 77
98 23 100
95 77 52
30 74 67
80 0 39
42 30 30
21 99 96
37 20 44
95 49 77
4 49 30
83 85 23
73 19 76
53 39 5
98 91 87
36 39 6
54 33 55
5 22 47
45 22 44
42 19 10
74 66 88
29 97 43
77 42 45
56 83 95
20 72 87
16 5 89
16 55 25
60 14 92
72 71 89
67 59 19
32 86 26
57 84 21
60 87 96
62 79 82
58 54 65
56 53 76
90 54 26
44 68 21
95 43 37
50 59 9
32 87 43
8 39 76
94 69 67
70 63 1
61 7 64
50 44 100
12 87 59
66 82 2
45 48 89
90 42 41
91 35 5
17 46 74
56 29 27
0 39 93
50 29 56
19 83 18
8 6 2
46 56 92
19 43 68
13 45 77
13 29 33
71 94 2
67 53 48
23 28 42
31 85 68
44 48 48
34 31 86
40 66 47
10 34 24
53 98 91
67 36 98
85 6 40
90 86 46
65 84 42
56 24 39
48 86 80
89 28 13
28 77 83
59 71 61
40 51 68
82 68 73
88 12 21
21 70 29
93 76 74
53 22 66
62 24 2
35 51 30
34 69 93
58 7 15
14 71 100
47 41 12
21 74 6
59 98 17
81 47 94
89 81 96
76 28 35
41 56 36
0 17 81
80 15 71
79 93 48
70 24 15
31 57 1
77 6 81
39 96 70
53 31 40
40 72 39
69 15 2
78 41 2
89 4 83
50 30 64
24 30 71
11 78 38
56 54 29
81 47 96
81 35 54
78 67 8
88 31 41
47 64 76
93 91 45
29 51 20
79 2 50
14 63 33
73 4 25
26 10 80
39 89 76
34 39 95
87 9 84
21 5 63
74 86 65
46 98 48
72 35 57
2 40 17
71 28 32
41 5 63
23 57 68
90 41 68
48 9 21
95 54 60
46 75 92
5 25 97
33 13 65
56 70 71
23 5 21
43 38 84
81 61 63
77 59 74
94 53 92
52 86 36
47 75 53
39 74 73
37 74 73
86 95 89
96 85 98
88 79 82
93 27 38
21 28 74
6 61 14
85 23 58
95 89 85
13 65 87
96 9 98
11 80 51
9 41 85
12 71 43
23 83 1
47 94 10
80 56 9
86 88 61
41 63 41
69 33 66
48 33 30
85 22 33
45 61 88
34 53 99
72 89 19
89 91 45
63 73 72
20 74 81
85 4 54
50 41 61
78 82 54
66 0 44
12 20 36
14 43 15
52 91 39
9 90 60
31 94 22
34 33 38
86 62 51
50 78 63
57 1 84
53 64 31
53 31 60
12 42 88
87 79 72
59 86 6
16 89 23
46 67 64
49 44 41
81 1 91
84 52 35
61 16 31
93 90 62
18 10 8
98 66 59
36 34 64
51 94 62
98 38 43
93 88 29
5 38 94
65 72 40
34 69 17
45 21 25
68 99 27
62 6 68
48 0 22
87 66 43
75 19 21
46 40 33
5 86 56
95 94 95
85 56 36
81 5 50
62 42 86
87 54 75
24 17 33
65 73 90
56 55 26
27 21 95
74 79 32
66 10 64
80 40 28
3 84 77
84 70 1
74 94 35
15 3 75
7 40 67
58 69 87
30 35 18
9 55 14
83 25 14
71 61 15
96 35 56
15 27 80
94 76 64
9 47 20
37 23 72
14 49 84
1 15 91
6 93 87
47 42 64
36 99 43
35 37 41
74 12 100
61 19 51
54 99 41
43 69 49
28 47 4
12 84 10
59 87 59
94 26 29
7 95 55
95 82 64
17 34 31
62 24 96
26 91 7
42 5 86
45 59 42
69 75 67
45 3 63
87 26 99
50 36 3
76 89 95
32 30 91
25 0 15
99 33 29
11 92 31
2 66 56
10 33 44
53 11 31
86 13 33
78 36 35
65 50 58
8 79 32
80 55 74
57 0 63
14 32 32
91 60 22
56 36 12
8 98 16
7 19 68
27 26 28
63 18 3
14 51 33
56 88 98
53 54 60
79 76 72
39 7 37
81 52 19
59 20 16
10 27 59
80 40 93
39 5 97
73 31 5
57 63 55
98 93 1
97 56 100
90 40 33
42 99 21
38 22 73
78 14 48
94 81 66
5 21 14
83 88 94
49 42 24
23 72 99
28 48 69
63 57 23
84 28 47
11 17 75
24 28 57
36 17 37
94 90 58
1 56 62
33 88 15
38 66 1
24 4 3
9 53 60
68 19 5
67 34 67
96 6 61
82 19 39
39 80 52
75 96 89
98 45 13
98 92 76
69 60 20
78 19 63
7 86 73
81 36 81
69 82 38
13 95 23
43 23 8
99 71 81
59 54 54
40 5 74
30 97 6
1 81 16
50 0 23
66 38 69
11 67 62
48 41 4
36 69 96
35 68 34
90 5 54
16 77 97
96 99 5
7 81 79
65 49 26
87 10 94
5 17 27
17 40 9
54 31 97
25 44 77
21 22 89
26 22 46
8 57 22
2 70 84
53 83 21
32 70 88
91 66 7
87 9 98
47 33 59
91 34 73
50 47 60
50 98 97
19 9 57
66 11 8
24 32 23
73 9 62
27 7 71
64 60 32
95 12 52
73 4 31
95 78 45
19 27 89
90 29 100
21 41 29
20 21 28
22 87 68
29 20 79
25 93 70
59 79 66
42 18 71
32 12 59
53 11 14
95 57 31
22 27 76
61 19 35
15 29 2
89 49 69
44 76 60
58 52 77
5 79 31
33 13 7
89 51 12
75 76 29
25 79 3
77 65 10
51 68 61
57 15 69
26 14 2
34 4 74
39 56 17
93 0 54
74 9 80
39 7 55
26 36 84
85 53 12
68 37 18
37 27 91
30 55 27
9 29 46
47 20 15
57 33 59
98 8 94
60 97 55
52 59 26
74 68 47
47 15 53
41 65 39
62 40 33
58 80 74
48 10 57
65 87 40
61 6 86
28 34 39
18 39 39
8 89 95
4 56 32
14 37 17
18 50 80
84 49 3
28 14 72
61 84 51
90 21 89
76 46 97
23 1 47
40 12 82
17 52 82
65 99 11
14 76 72
33 55 100
81 18 20
98 25 17
53 38 27
89 5 47
2 65 88
26 99 12
36 47 60
54 59 14
21 35 77
18 39 65
48 84 82
29 5 7
31 79 85
31 80 62
60 9 36
53 66 19
7 14 73
77 39 21
20 32 36
62 42 79
55 28 31
64 85 23
67 60 68
16 5 95
27 44 75
35 71 11
0 28 5
90 43 62
79 85 27
79 36 51
92 55 12
52 37 66
65 38 77
50 23 59
76 42 60
79 22 34
48 61 11
81 88 48
90 41 22
37 67 99
72 64 96
31 26 61
94 50 55
17 26 83
8 69 50
36 8 34
33 67 12
51 18 81
11 13 5
22 38 38
93 91 93
32 95 18
54 40 8
36 91 71
65 62 7
52 99 16
44 6 6
99 71 66
77 20 48
73 77 71
51 70 77
99 50 56
52 9 70
1 26 82
34 62 84
21 59 90
79 95 70
6 91 27
57 31 46
11 10 4
0 88 82
8 17 26
65 16 67
59 49 77
73 78 34
52 4 9
86 48 26
4 43 6
33 70 58
33 11 21
61 71 29
50 89 27
73 54 23
77 81 27
98 69 9
20 78 81
92 81 39
81 52 48
92 14 60
12 63 46
20 95 47
40 30 42
31 24 16
88 31 43
53 7 67
7 98 83
62 75 19
67 37 26
83 89 18
97 20 84
32 67 82
6 47 75
81 44 90
91 71 33
53 89 28
92 32 4
73 17 58
49 47 46
22 35 37
93 79 67
34 54 12
89 1 61
43 37 27
79 3 50
26 78 93
50 77 74
0 99 72
14 49 22
38 44 66
94 39 18
16 52 66
63 32 78
4 82 99
72 95 49
45 27 2
33 15 22
18 46 1
40 34 71
92 29 94
25 50 12
86 17 92
37 66 6
69 27 97
41 4 18
14 20 80
8 43 23
67 82 29
23 78 58
2 9 12
71 37 67
66 1 40
24 61 67
85 86 49
76 47 77
34 74 61
80 97 13
28 97 73
89 65 78
84 86 90
78 72 6
14 73 64
25 94 56
73 8 43
38 39 72
85 44 68
77 25 72
58 76 89
66 97 94
18 47 57
20 1 59
7 49 85
89 31 91
1 42 36
13 20 56
56 88 49
21 28 5
64 57 17
23 80 85
74 20 4
1 84 59
89 60 48
4 26 79
36 12 31
64 89 75
13 50 2
8 42 28
33 96 88
74 10 79
91 19 65
36 84 64
94 61 55
34 37 43
78 72 85
76 16 40
36 67 48
40 9 7
98 1 34
85 12 35
0 12 14
85 91 96
53 81 42
52 79 15
72 51 15
91 73 42
83 4 36
47 34 41
15 11 85
51 68 52
20 94 67
46 75 85
70 19 70
35 56 52
60 80 42
43 75 9
41 72 33
82 0 85
4 94 18
6 25 48
47 54 27
60 92 79
92 28 98
61 17 23
97 39 82
93 48 35
88 46 99
4 2 68
51 45 48
58 66 61
68 47 51
98 0 11
71 75 57
75 33 10
21 69 80
27 74 66
55 83 87
89 2 70
9 55 50
69 49 77
61 48 58
15 4 11
36 51 82
26 7 80
66 95 73
47 74 21
16 92 94
88 14 2
24 36 51
91 61 99
84 61 9
54 4 82
90 12 96
55 59 18
98 16 92
23 84 3
9 85 31
5 24 57
30 66 40
84 80 4
96 26 53
47 86 68
78 11 64
46 93 24
81 72 29
76 89 46
31 78 51
94 61 82
68 30 99
84 29 47
71 54 79
23 80 48
46 22 50
0 2 99
53 23 11
85 61 20
53 78 18
96 68 8
75 46 32
0 96 10
57 75 71
82 7 76
11 79 44
9 33 77
38 29 87
58 67 43
71 46 63
8 64 80
38 30 81
66 16 39
64 94 43
29 93 81
39 81 17
98 91 6
29 56 72
27 75 21
88 13 96
57 26 20
72 39 94
66 16 56
91 93 67
14 28 65
64 81 32
53 91 52
38 92 78
63 41 13
19 46 33
36 73 94
79 73 13
84 96 18
75 6 2
81 65 9
91 0 71
85 51 84
16 92 60
85 27 75
52 4 99
5 43 32
29 14 16
71 72 71
64 49 25
34 22 75
73 56 73
54 32 32
14 34 97
88 66 2
21 37 53
14 72 36
2 60 15
59 52 82
24 93 41
5 92 52
73 55 15
74 82 73
2 68 23
80 2 76
39 2 20
55 5 69
2 25 62
53 37 61
15 87 85
25 12 42
74 87 37
37 13 55
33 96 44
59 18 96
17 62 8
2 18 9
34 52 63
16 90 87
82 10 73
40 52 23
85 26 60
87 94 1
32 96 47
26 36 82
21 99 24
71 46 78
30 85 58
19 78 75
51 77 25
0 83 34
37 88 95
47 43 15
78 80 98
28 89 77
80 77 38
50 28 92
27 25 88
46 61 81
21 49 65
36 96 28
40 34 75
79 71 49
53 57 43
20 59 63
48 52 53
32 60 31
50 6 47
88 36 7
93 29 19
55 64 27
81 7 40
75 55 4
53 22 55
11 20 87
10 46 22
37 68 54
83 44 95
36 91 14
26 45 55
0 30 68
31 68 36
87 63 13
77 3 20
30 10 91
48 14 97
92 12 5
41 94 61
21 61 80
77 25 93
21 50 5
16 46 41
29 60 31
52 77 92
98 25 77
74 6 100
51 80 41
40 23 13
9 46 11
46 62 67
68 71 5
31 91 32
80 84 65
9 31 81
34 98 10
12 97 21
29 14 47
22 73 82
62 32 29
21 89 66
23 98 65
93 20 87
2 90 75
39 12 8
57 52 29
78 33 31
37 23 4
11 26 27
88 67 57
40 47 100
26 11 55
61 20 48
97 93 21
92 27 26
29 77 78
11 49 97
57 1 24
8 4 93
74 97 65
19 98 11
98 14 6
16 28 42
53 84 100
2 41 96
95 43 98
20 63 60
63 90 6
45 4 80
88 46 93
93 86 60
68 14 18
43 10 94
40 24 52
17 41 58
85 94 92
76 74 60
96 30 46
89 86 93
88 83 23
85 64 36
45 66 2
18 3 74
42 52 11
69 57 90
61 4 29
61 30 57
1 39 35
97 43 15
79 4 27
61 16 73
96 87 62
93 47 24
90 58 5
47 35 25
57 25 83
58 18 73
9 88 34
87 90 33
33 19 46
60 55 37
21 53 30
30 59 15
27 3 97
60 47 57
18 58 33
1 39 75
4 98 92
71 75 61
11 66 85
58 95 13
31 40 85
18 92 79
30 88 13
78 74 45
9 33 37
74 65 40
50 97 13
49 64 54
15 17 64
93 82 34
1 57 62
14 86 29
0 96 28
87 44 92
8 17 99
88 96 9
86 82 38
31 32 5
61 18 89
35 77 48
85 90 17
13 94 67
72 54 42
21 85 17
27 7 4
33 68 68
19 93 33
16 45 52
99 51 98
11 43 35
4 77 89
71 63 32
2 39 53
2 95 16
16 37 8
81 65 27
64 24 21
64 26 10
30 39 26
98 29 96
48 1 31
14 7 31
71 4 17
94 75 87
62 80 54
29 18 43
86 17 24
45 7 86
13 86 21
53 99 98
76 38 88
80 25 9
18 10 52
54 53 47
49 83 55
66 35 2
85 93 21
42 8 66
41 52 6
99 38 16
60 2 2
11 52 43
73 90 55
23 28 9
76 90 10
8 31 24
47 19 80
86 69 20
75 49 79
97 55 32
53 83 88
32 31 13
85 82 55
13 76 97
14 30 89
21 47 51
73 32 19
97 31 57
73 12 90
99 66 35
83 96 85
53 42 66
28 16 83
83 47 38
67 85 22
55 29 53
75 94 19
67 6 56
58 37 96
95 30 53
80 0 15
1 45 40
33 66 61
44 28 27
83 65 32
43 23 84
91 6 24
91 29 7
59 76 25
47 35 2
98 92 85
54 92 41
57 53 30
66 32 36
98 27 33
65 23 66
75 17 44
58 84 46
73 92 23
65 32 93
93 16 49
49 31 10
3 91 49
65 56 95
39 99 30
57 64 34
93 19 35
34 44 19
22 1 65
34 29 43
77 69 3
90 5 41
25 24 85
10 12 20
1 93 26
28 6 17
17 88 55
58 17 16
24 12 90
49 95 17
18 75 31
62 22 16
44 99 18
14 45 51
59 98 28
51 21 49
53 91 99
8 65 67
87 72 58
39 51 41
8 22 71
23 36 62
88 31 14
1 26 4
71 69 97
66 17 8
98 12 58
51 82 82
1 6 81
6 25 80
98 16 28
6 5 90
17 98 97
38 52 54
44 19 79
71 29 50
58 91 22
1 92 79
7 35 78
6 12 99
80 72 23
95 43 29
0 73 2
89 10 49
30 15 67
51 22 53
69 44 87
35 58 87
88 5 41
94 78 20
26 27 47
10 95 17
89 54 76
17 90 34
91 53 39
71 81 51
3 83 21
80 6 74
64 20 47
0 53 51
63 4 56
49 15 37
53 71 77
70 34 51
15 63 71
33 93 23
57 93 82
46 47 44
29 3 85
91 46 64
46 31 69
66 2 31
87 20 73
36 57 76
64 34 49
39 70 25
62 59 98
96 92 44
96 38 29
89 69 15
57 49 41
57 58 52
8 39 59
3 29 76
7 69 43
45 48 50
29 10 34
70 54 59
59 39 26
74 6 86
5 93 70
35 9 49
16 73 42
71 83 57
75 44 3
69 96 95
56 5 56
75 51 69
7 71 21
89 85 18
40 85 70
85 78 18
91 8 55
99 52 100
32 10 63
27 23 71
1 50 90
42 98 56
27 4 3
80 73 88
96 37 74
36 4 63
26 51 50
57 89 47
66 18 44
4 90 25
61 8 35
37 65 66
43 67 27
46 5 30
68 7 91
69 1 67
0 31 89
76 39 61
0 9 40
34 93 60
35 11 57
79 66 6
41 50 80
1 55 7
52 53 60
18 91 1
45 80 11
61 39 39
93 95 5
80 38 8
90 55 14
48 9 33
22 5 82
41 33 47
82 77 49
49 31 89
12 48 65
89 17 24
9 27 53
91 0 60
64 82 16
0 33 84
56 38 43
91 81 2
77 74 77
58 81 1
20 12 40
43 75 34
87 61 5
84 22 61
53 11 70
2 30 90
49 33 60
69 1 84
25 59 64
6 57 54
31 91 39
23 34 60
85 28 70
93 82 61
65 51 31
3 24 49
71 15 100
60 41 79
37 6 94
7 15 29
51 7 78
89 41 46
28 7 51
15 42 49
33 53 33
50 71 96
50 88 17
66 22 34
19 4 72
40 68 10
13 57 25
55 80 48
53 2 74
63 43 14
44 81 27
81 15 3
77 59 72
33 52 71
34 92 60
7 2 33
36 85 27
54 0 10
47 92 46
42 89 19
39 42 53
62 53 10
54 20 28
48 46 61
83 32 31
13 68 41
90 15 83
77 65 99
29 51 18
11 60 77
58 27 8
9 47 31
41 53 35
18 49 81
88 64 73
42 33 80
57 62 37
59 1 38
84 50 61
20 73 38
34 23 15
14 71 85
37 21 17
96 6 18
86 93 26
97 42 3
94 8 41
3 67 75
18 24 90
45 53 22
49 89 11
61 6 33
18 37 52
94 88 5
94 44 5
36 25 25
1 42 39
5 37 29
57 53 18
38 14 17
28 20 34
97 25 39
74 52 4
50 4 36
92 96 85
46 14 90
62 29 57
3 60 15
33 98 49
57 1 2
53 90 35
27 74 23
81 42 24
66 67 75
29 78 57
18 56 81
87 3 84
37 51 100
1 49 18
41 79 9
42 44 24
57 90 11
28 34 34
38 88 16
69 6 12
48 4 35
77 2 99
67 99 15
96 20 28
13 63 99
64 30 2
95 23 83
92 59 23
43 26 53
7 8 91
96 47 97
31 18 42
36 53 91
24 9 33
30 26 66
95 97 87
32 58 71
80 58 10
11 32 61
94 99 96
57 99 99
29 4 73
63 52 45
95 16 100
43 53 79
41 64 39
52 9 17
6 99 43
24 51 89
48 97 23
98 30 33
57 14 96
65 15 78
99 84 85
9 19 92
77 52 30
39 4 24
91 42 17
19 27 39
71 94 25
45 38 97
80 0 20
36 45 58
39 47 28
53 78 22
91 48 95
84 22 7
80 37 15
90 94 94
42 89 80
64 26 73
30 10 2
86 58 81
90 78 28
90 23 95
5 39 73
62 18 46
89 72 55
32 91 22
31 73 65
56 11 57
23 90 3
83 22 23
49 30 1
27 69 6
35 53 11
65 82 66
4 55 70
46 55 23
10 81 12
56 92 73
54 32 100
55 38 20
90 75 70
10 73 57
44 24 52
99 32 6
13 58 52
71 42 1
74 84 43
56 54 66
82 1 22
2 53 92
19 75 14
98 89 61
14 26 53
96 52 24
12 77 42
67 41 53
56 33 33
18 0 26
52 33 59
66 23 13
27 91 32
15 40 44
82 63 32
63 57 97
77 59 47
23 5 67
77 18 1
18 89 65
25 52 13
99 49 17
33 79 12
54 43 2
61 81 32
85 87 94
83 57 51
32 21 97
18 61 4
58 13 8
44 6 55
85 84 12
54 75 71
47 94 89
16 71 15
25 41 77
31 11 35
66 36 30
30 0 45
86 58 57
3 91 35
28 18 33
43 54 42
22 47 61
76 97 81
21 51 76
59 57 12
33 90 97
41 96 45
7 74 77
36 54 16
79 62 55
48 18 54
63 74 23
8 74 81
45 4 7
3 22 43
57 31 84
99 90 13
98 40 22
54 84 73
38 71 3
33 4 68
90 98 67
58 82 73
85 39 97
25 6 86
35 46 99
55 13 2
4 54 83
41 66 47
44 14 65
53 66 23
65 64 68
86 40 77
0 19 38
2 31 66
26 24 58
94 97 75
7 68 84
13 25 28
37 51 67
50 91 78
64 86 36
83 55 63
53 92 47
82 13 95
0 22 78
77 21 79
30 41 75
52 34 88
51 92 9
1 72 9
19 61 88
76 32 28
70 16 49
47 84 74
83 42 86
86 64 75
31 43 34
16 57 98
9 87 68
78 17 64
76 4 38
19 53 78
94 74 95
77 13 13
87 31 50
88 65 80
58 18 72
37 38 24
4 87 34
18 38 50
94 86 2
34 64 99
75 52 56
18 12 66
21 47 72
40 57 31
80 87 56
97 68 12
36 70 48
94 17 31
76 10 70
79 88 91
9 27 1
26 96 89
41 32 32
8 36 83
25 94 95
48 44 41
35 33 30
80 26 80
38 34 57
44 91 52
91 24 60
1 98 67
17 35 65
94 51 61
21 38 67
44 32 25
40 6 24
93 55 95
1 0 100
26 55 97
56 29 68
13 54 65
46 37 7
9 57 25
6 98 32
50 80 75
84 13 32
11 9 73
8 16 42
2 1 100
65 54 1
80 61 32
47 96 96
23 79 93
12 16 60
10 57 71
59 62 1
70 14 36
69 26 55
92 22 8
28 37 34
3 71 9
55 65 43
55 19 13
73 57 68
75 5 25
5 39 38
51 7 58
67 7 18
18 31 49
42 45 82
92 85 66
27 4 66
88 80 76
89 84 41
68 50 94
85 40 85
56 95 74
83 67 79
74 27 85
0 76 80
32 78 59
71 38 84
1 21 18
57 46 95
53 92 91
19 65 34
69 38 6
28 98 61
0 44 72
68 40 46
60 38 20
36 30 24
13 81 96
0 12 51
29 74 78
51 30 29
12 30 99
8 48 52
35 37 53
78 9 8
10 2 97
73 3 59
65 88 5
95 3 37
64 37 85
20 82 100
27 79 58
14 84 91
15 98 67
54 52 76
5 10 63
98 45 59
75 9 36
78 45 32
83 10 2
61 98 38
78 61 52
78 25 97
10 23 21
11 33 44
40 71 16
89 64 96
5 11 80
87 15 80
54 90 42
55 8 43
84 56 63
89 38 32
43 24 86
39 65 87
83 88 44
98 74 14
44 47 75
30 4 87
42 16 6
95 80 66
40 85 15
77 78 83
94 88 97
6 33 60
63 1 65
60 33 18
67 13 46
87 91 38
85 45 57
44 23 54
84 46 18
84 80 63
54 89 89
23 67 40
65 18 31
54 76 2
86 87 55
6 17 39
76 82 40
33 96 33
88 15 62
92 24 35
41 24 47
18 25 27
4 82 47
22 19 7
23 50 28
68 74 53
22 38 26
44 25 49
95 27 45
74 40 26
24 64 46
46 86 38
40 80 29
36 40 69
67 41 11
36 76 22
60 50 38
29 71 55
63 20 33
54 39 67
99 35 71
4 42 55
94 73 29
74 35 47
46 77 64
59 5 61
65 76 98
46 96 9
22 38 98
17 60 58
2 48 61
69 9 51
28 18 65
44 56 23
25 74 17
16 28 13
14 59 49
69 88 39
91 54 64
29 77 45
39 37 65
30 54 6
71 97 6
49 13 70
91 9 14
41 93 45
91 0 76
98 82 53
52 15 43
48 92 46
26 21 36
37 74 42
87 15 39
49 72 90
51 89 81
79 60 91
78 24 14
95 32 13
32 77 49
13 4 87
31 5 100
81 49 69
65 57 51
62 11 97
10 8 47
70 33 59
24 95 43
2 70 90
77 97 58
7 8 23
94 80 48
69 28 13
69 89 1
82 31 24
69 6 72
51 84 83
81 85 69
12 54 13
13 7 67
34 33 92
58 61 25
62 88 19
78 46 39
29 85 58
45 77 62
24 2 35
71 28 21
13 5 8
57 63 97
79 0 83
9 5 56
26 98 18
42 72 25
62 56 46
66 36 47
41 13 27
55 97 97
76 54 89
68 69 97
95 53 68
89 94 92
12 30 25
23 39 74
17 82 65
32 27 81
37 33 71
71 36 60
28 43 39
39 45 63
85 50 18
81 90 83
29 30 62
77 33 45
98 61 84
69 82 3
84 95 36
26 52 60
93 2 64
40 22 12
97 83 54
92 59 85
52 96 9
19 63 5
59 18 62
50 98 61
50 1 73
99 86 26
20 51 71
87 54 87
25 10 48
29 94 26
25 33 90
58 96 77
44 99 27
64 96 18
91 57 55
58 19 27
53 45 86
19 11 42
46 18 73
8 82 41
98 49 70
9 50 56
15 30 1
69 31 64
43 32 95
70 72 81
64 4 89
11 76 36
97 31 17
80 33 80
73 10 24
26 8 54
72 96 76
41 29 30
51 27 80
88 74 39
16 33 19
10 89 28
76 19 55
46 88 86
49 36 15
81 51 89
66 11 94
28 41 23
91 31 57
38 80 85
34 65 62
56 73 59
12 44 75
58 53 93
98 64 65
84 30 38
78 42 84
61 75 4
59 37 86
51 59 71
34 40 83
6 88 44
21 23 58
27 57 90
67 7 54
98 58 63
87 53 78
86 82 91
0 86 45
94 24 58
87 50 98
49 30 48
16 53 62
64 43 6
48 31 2
30 69 56
19 88 87
48 2 78
54 53 57
36 23 50
59 2 90
87 47 90
70 53 63
36 93 34
38 95 71
11 89 88
68 42 59
19 82 76
90 74 21
18 16 25
26 98 67
78 11 1
80 43 30
92 24 50
93 4 14
17 92 26
42 95 92
44 91 74
88 89 74
84 17 81
43 61 15
6 81 72
5 70 35
99 22 39
18 66 63
64 13 76
95 71 49
85 45 24
98 48 82
0 46 60
72 45 13
47 35 73
11 44 6
39 21 54
87 78 22
97 74 43
12 58 86
49 41 55
70 55 29
62 76 42
94 29 93
26 13 13
10 79 97
9 80 50
75 49 24
82 61 83
89 93 62
75 91 56
7 83 87
10 12 59
29 13 59
94 96 44
83 38 5
5 61 79
87 47 64
78 54 88
46 13 19
57 70 71
56 26 12
2 25 93
97 94 8
80 13 5
94 31 13
60 87 16
13 40 28
74 97 22
91 69 73
67 72 75
59 40 7
28 30 70
31 16 75
81 70 63
7 86 46
30 9 28
0 5 36
96 39 65
47 94 69
39 43 59
35 37 20
37 31 92
66 38 40
7 40 41
93 38 70
4 70 86
41 39 12
83 24 77
44 60 51
96 40 28
71 27 21
40 78 97
81 77 42
79 93 100
11 34 47
29 57 92
83 46 59
48 53 22
66 33 72
13 71 83
75 45 88
42 21 59
62 10 41
18 22 71
34 67 33
35 68 54
99 80 25
21 63 23
18 19 93
38 30 19
65 67 65
0 32 91
64 53 91
19 92 91
77 61 9
31 54 98
80 0 38
11 84 70
8 75 60
45 12 73
26 22 4
36 1 9
63 11 24
44 69 85
15 99 19
18 19 92
67 93 25
66 91 72
52 75 94
70 96 52
60 2 99
69 36 8
32 97 86
25 32 47
54 37 72
14 39 11
37 61 36
89 42 52
65 21 60
87 91 47
97 13 63
81 95 31
77 73 4
59 44 34
10 32 15
90 69 85
30 84 90
7 67 19
3 55 52
99 33 77
62 36 18
83 45 61
48 70 26
34 75 99
18 86 23
86 8 52
33 20 26
49 99 99
51 16 24
3 57 30
55 59 2
73 25 58
8 71 30
33 21 27
80 71 26
93 82 92
73 84 56
38 23 49
84 5 59
14 58 34
59 74 73
40 57 24
81 96 62
91 30 11
0 80 3
69 39 6
48 52 25
20 66 31
19 26 36
21 76 99
59 95 90
54 32 27
93 67 78
6 63 12
71 70 13
70 84 84
91 82 80
29 30 62
7 52 24
62 76 83
55 95 65
88 36 87
67 98 70
41 45 42
61 52 10
28 49 12
47 75 97
41 20 34
55 17 27
89 34 5
7 15 85
72 59 5
86 61 87
64 3 30
68 92 6
21 67 82
92 74 84
65 96 67
98 21 7
58 63 32
36 41 66
85 49 100
53 79 85
83 84 68
12 71 76
43 58 83
38 69 6
65 64 20
58 19 10
92 71 43
45 36 78
92 77 9
46 34 34
46 74 90
5 76 52
26 66 56
16 60 37
0 55 75
65 46 42
70 5 61
51 50 75
95 56 99
72 83 83
42 13 32
12 42 27
35 41 37
81 22 88
43 87 78
30 14 77
3 95 8
79 99 71
62 68 89
31 38 41
71 98 81
99 64 60
63 21 28
81 4 12
26 35 46
59 73 88
9 95 62
27 69 87
73 3 71
96 91 62
48 15 53
58 14 97
88 49 96
81 69 89
77 90 11
64 4 83
35 26 16
38 52 42
20 82 65
78 58 30
80 42 94
72 77 26
17 47 16
39 63 44
64 53 89
68 50 83
80 22 29
26 20 24
64 45 50
92 89 70
42 73 77
50 16 73
7 87 82
42 41 83
33 25 79
62 2 98
58 5 5
18 36 89
52 60 66
51 35 23
99 41 43
66 82 70
30 25 83
93 65 72
70 64 97
25 72 96
73 23 51
33 28 39
38 83 56
27 32 68
66 98 21
92 65 58
45 63 31
37 25 75
19 7 16
51 13 83
81 65 51
84 78 75
13 15 32
32 17 95
95 29 16
60 37 63
17 70 64
56 20 73
53 15 71
58 39 74
87 37 24
76 53 3
75 24 23
64 91 19
89 93 13
65 2 87
18 66 25
20 47 94
37 56 46
36 53 65
9 72 36
60 7 64
98 35 85
75 15 10
42 90 22
82 15 46
2 50 94
80 25 79
8 44 64
26 8 59
80 39 83
91 94 97
26 76 4
32 99 78
87 31 44
15 39 50
15 75 84
26 27 8
35 94 27
82 56 13
24 51 64
61 45 23
87 88 23
5 72 35
20 56 93
82 2 49
73 57 94
37 54 50
14 2 40
57 79 87
40 63 24
77 29 98
43 1 65
16 47 13
88 19 28
2 75 74
70 88 17
14 45 78
2 64 86
81 32 79
87 96 58
10 53 37
50 64 55
19 68 72
8 0 5
60 50 90
13 38 85
48 1 100
91 11 88
2 56 93
21 79 10
89 26 92
36 78 40
1 33 16
91 2 16
32 22 43
1 87 50
88 82 97
1 19 22
13 50 6
35 89 75
53 0 77
78 57 70
52 61 4
58 97 58
48 99 93
99 23 54
94 16 6
62 97 82
1 69 34
28 67 79
60 97 39
46 60 21
74 15 78
65 90 59
3 76 88
81 47 34
30 65 51
5 39 11
19 71 7
95 17 6
4 88 22
86 11 19
67 69 44
26 17 34
89 70 93
69 58 58
66 23 18
42 25 53
71 89 31
70 84 39
32 67 72
7 36 59
82 80 53
32 84 31
12 81 56
69 40 37
70 87 2
61 86 84
41 75 74
67 46 44
84 26 36
16 8 2
92 11 13
53 95 40
15 6 42
63 14 81
28 25 27
27 64 56
43 9 86
32 80 92
86 64 7
12 81 26
36 14 8
82 73 6
3 60 58
25 33 35
55 87 72
57 27 35
38 67 38
91 89 20
71 51 96
75 54 2
23 10 31
69 6 83
5 31 19
86 16 54
28 51 98
82 13 30
29 36 10
9 14 78
83 25 6
83 61 77
25 81 73
68 48 51
94 14 12
0 88 2
66 37 40
84 42 29
31 94 56
35 22 41
31 50 19
10 64 60
14 18 95
1 68 19
19 84 2
1 72 43
66 58 36
68 30 41
19 79 62
74 17 47
75 83 25
42 12 35
15 54 57
54 39 77
86 92 62
48 34 75
91 49 17
19 50 15
25 0 96
64 16 60
51 69 27
35 97 37
50 97 53
53 89 11
31 27 28
98 76 48
39 97 85
28 77 46
24 68 28
78 10 77
31 76 9
93 71 28
65 11 52
89 93 48
49 75 55
58 20 22
68 54 36
63 83 2
60 41 45
47 70 82
10 60 81
77 36 3
51 37 18
81 16 35
71 24 53
89 68 97
10 31 72
33 67 86
96 73 81
9 48 23
99 3 89
0 3 31
83 16 17
35 47 1
12 93 62
42 41 97
74 77 80
84 72 36
61 53 70
29 40 4
94 97 2
48 39 2
68 3 16
31 89 71
88 13 48
0 21 100
24 36 65
19 29 79
75 4 15
71 42 81
38 33 13
92 41 81
48 79 84
20 95 83
19 56 40
27 32 78
22 70 13
61 17 94
30 94 17
35 10 96
61 39 90
5 65 88
97 72 12
89 32 89
71 3 26
52 45 36
53 40 83
29 96 95
61 44 25
20 50 4
6 8 74
84 43 51
87 53 68
83 12 52
76 7 98
47 19 79
49 52 4
20 49 53
60 59 72
37 39 39
8 20 8
51 87 1
69 57 15
60 45 94
51 80 69
47 64 71
91 62 45
75 62 41
18 4 83
75 4 3
12 58 66
62 2 49
28 50 38
20 89 23
15 76 76
54 28 13
84 78 52
4 64 89
93 66 85
13 72 44
32 55 40
24 81 64
64 17 10
4 21 46
68 84 96
22 75 68
71 16 18
73 39 22
94 96 6
33 69 29
24 63 63
88 60 1
20 23 5
62 57 88
19 54 85
1 20 50
16 29 56
93 99 30
67 72 79
91 46 90
60 8 31
26 75 74
27 18 99
36 54 78
45 99 100
74 75 70
91 89 55
2 70 39
2 44 27
11 49 8
58 73 67
28 89 99
90 91 44
67 0 47
40 84 73
23 85 87
65 66 88
48 8 18
87 2 76
33 51 47
42 62 1
64 13 17
31 96 32
54 65 16
3 89 28
91 42 94
64 18 66
55 83 35
84 23 29
11 76 56
18 46 23
5 23 22
58 85 87
8 55 59
6 38 57
14 7 47
44 98 34
1 15 50
49 57 15
34 62 50
58 76 6
16 68 26
16 8 9
83 11 39
40 47 2
76 7 62
64 44 9
74 66 66
41 29 53
93 86 61
63 96 17
46 41 72
82 94 27
81 75 44
37 20 81
51 90 30
49 71 11
53 84 6
94 20 52
5 73 42
44 94 18
36 66 65
61 4 19
11 44 13
48 88 87
92 68 45
62 85 91
39 44 19
54 53 21
64 60 16
61 8 40
3 69 6
55 47 19
10 38 6
93 42 3
91 98 42
36 79 29
28 1 84
11 12 75
7 3 61
46 12 31
41 45 34
71 85 59
79 10 17
89 90 73
33 85 76
51 41 25
3 51 22
5 43 84
11 49 1
59 92 53
5 24 90
58 23 24
68 37 36
35 89 38
76 89 67
62 32 15
65 95 78
8 61 57
95 59 9
75 28 68
11 17 6
46 51 92
38 39 97
4 81 15
41 5 13
52 5 33
59 0 2
68 40 29
50 77 77
94 13 57
96 22 67
69 54 18
86 48 25
8 97 65
73 63 81
55 88 98
85 32 60
89 77 43
47 95 84
24 9 62
79 3 56
78 64 61
9 8 60
9 39 43
46 12 2
17 66 66
54 85 31
12 86 53
28 10 80
54 69 59
91 3 10
93 5 19
49 67 54
0 59 42
85 82 12
60 31 53
75 12 66
90 16 11
97 25 97
36 57 36
30 6 95
21 49 27
86 13 51
97 19 65
92 62 65
58 25 77
99 17 20
84 25 90
88 61 68
97 32 76
94 55 63
88 17 23
38 54 95
89 82 67
27 41 28
58 36 65
15 85 60
28 93 49
26 66 39
18 97 29
19 9 97
79 44 1
66 55 64
92 21 90
42 15 93
22 16 38
23 38 71
30 21 73
35 2 10
34 25 64
51 21 92
60 73 6
20 31 23
55 54 22
76 45 42
11 12 49
30 33 99
2 69 76
97 30 28
84 33 68
61 58 13
20 78 26
60 79 28
12 27 94
53 85 94
19 78 97
99 7 57
62 46 1
89 93 50
47 55 70
50 63 91
79 69 41
81 15 57
35 90 88
66 48 15
1 25 21
47 37 7
87 34 5
80 67 43
89 45 55
59 96 78
16 82 80
0 24 26
99 39 14
73 94 16
98 18 86
62 30 36
81 2 67
58 38 9
21 7 17
18 63 27
59 90 72
99 91 96
30 58 42
4 60 37
1 46 82
37 95 16
92 93 26
37 54 87
49 63 67
64 70 1
66 97 17
47 83 77
54 98 63
91 14 23
36 66 1
41 68 54
83 35 45
9 13 28
98 62 23
34 44 14
1 30 49
4 99 14
90 37 86
12 0 41
0 79 70
76 72 80
1 9 75
3 85 4
52 18 43
72 31 22
17 24 60
81 18 3
16 51 35
48 20 81
48 16 78
89 82 34
9 52 47
41 65 71
39 4 13
92 47 28
5 12 85
72 48 57
98 57 79
63 13 34
98 17 55
98 17 83
24 9 3
51 26 34
23 68 85
42 94 34
39 19 16
0 18 67
55 33 60
43 1 89
27 49 18
20 34 9
3 54 72
98 53 50
9 37 46
61 34 18
82 55 53
67 14 21
42 61 91
62 97 40
26 3 59
43 99 90
28 49 64
83 66 10
29 7 44
77 54 47
57 44 97
64 49 46
53 76 27
82 88 9
52 68 33
31 56 9
94 64 54
73 54 4
98 21 82
58 36 18
39 74 52
96 68 18
86 44 61
72 15 26
76 79 53
84 24 89
21 84 77
41 16 56
71 61 16
27 3 94
48 65 88
29 90 53
61 70 45
72 12 66
20 41 4
62 6 27
5 90 63
2 38 60
5 9 100
53 20 87
1 98 29
58 6 21
30 5 54
99 25 82
49 18 96
66 34 91
89 38 20
86 87 15
32 75 93
2 89 93
66 59 5
3 15 99
45 13 57
62 18 33
39 31 42
3 81 78
99 15 17
55 31 12
60 29 95
93 73 3
89 73 70
88 37 69
58 39 12
16 68 83
88 17 39
10 25 82
46 75 6
5 3 30
17 68 16
28 37 13
93 84 93
48 22 34
87 89 72
20 91 55
11 71 89
75 89 85
6 52 61
10 16 76
53 11 66
36 27 31
86 62 12
1 13 25
22 99 21
46 79 2
59 29 10
18 76 90
79 14 94
78 0 28
75 87 10
96 57 9
50 47 2
69 48 66
29 5 43
94 43 46
83 9 62
90 29 41
91 75 26
28 71 56
49 80 80
91 39 78
15 59 4
97 2 76
80 83 64
26 25 42
49 31 41
1 44 34
73 95 28
85 64 88
10 22 17
28 80 78
87 24 64
50 19 20
97 15 20
15 91 29
64 58 43
97 28 45
1 97 14
84 74 5
12 42 57
51 88 27
18 59 90
60 95 57
85 72 15
21 69 79
38 34 48
16 34 87
81 55 91
79 42 79
1 55 50
85 0 13
66 24 86
15 5 63
53 18 3
97 76 99
23 91 76
6 73 27
92 26 70
61 2 3
8 19 81
81 99 46
63 7 42
28 60 81
27 49 93
40 21 84
88 28 24
95 34 91
11 9 98
17 34 75
1 63 79
66 82 57
42 46 100
9 10 37
48 38 76
98 97 55
79 20 7
45 30 26
15 90 9
70 1 28
67 95 65
54 41 71
96 84 7
34 43 78
60 18 62
86 41 29
99 75 16
77 82 73
32 45 4
55 36 20
48 45 8
63 82 80
68 73 88
79 40 41
15 92 65
87 95 99
13 83 79
24 2 67
23 36 63
0 69 66
65 9 98
61 20 84
15 21 37
1 76 31
22 5 97
78 90 48
37 84 48
72 78 57
96 23 95
12 86 58
13 84 37
60 62 94
93 78 32
45 40 85
10 14 54
35 5 35
17 46 53
27 20 55
8 36 97
19 36 66
17 37 65
83 48 85
33 16 70
36 19 47
29 56 40
54 34 70
58 61 62
52 60 72
74 98 39
72 74 65
46 44 97
79 25 72
74 20 88
86 62 3
38 97 83
86 65 11
15 84 89
27 75 29
9 36 63
15 11 17
43 17 16
22 41 84
88 23 38
14 23 88
23 55 21
74 48 7
58 66 47
7 77 8
35 92 8
42 9 86
20 51 48
81 1 18
77 6 34
0 87 54
39 4 61
79 18 93
82 44 11
70 41 64
55 42 17
63 69 55
85 45 68
1 65 46
21 43 22
24 45 47
12 36 74
71 25 89
39 24 54
68 95 100
89 91 19
75 3 97
36 30 56
66 95 41
62 74 24
59 51 84
19 76 74
81 38 7
21 11 64
14 32 95
95 15 52
75 60 69
39 64 73
0 20 62
20 50 46
42 67 70
85 53 48
16 1 39
94 16 51
14 82 39
52 29 20
0 14 73
71 23 10
68 61 48
50 9 32
44 15 7
69 66 46
90 13 40
89 88 82
73 27 17
5 55 78
55 75 74
13 73 99
8 56 83
94 7 60
34 46 46
11 30 69
12 73 10
46 44 82
75 6 90
20 86 60
93 54 83
7 98 67
83 78 29
89 11 53
36 53 82
68 14 39
54 73 98
32 70 22
21 60 44
42 44 22
3 8 51
99 0 35
19 39 86
77 91 24
99 83 52
98 45 35
39 47 99
80 40 14
66 15 87
90 32 30
54 2 80
29 12 62
35 82 26
10 99 66
33 55 67
83 2 89
19 6 20
3 78 69
1 42 97
18 37 49
6 83 77
75 7 98
35 8 33
73 22 51
58 70 34
36 95 89
63 41 71
79 27 2
49 27 77
10 0 93
52 66 58
7 65 5
14 84 6
7 15 1
0 42 58
46 40 60
48 57 30
99 2 54
55 6 54
91 89 77
19 44 77
47 88 23
29 26 90
62 52 28
36 46 75
44 69 60
81 3 81
59 84 5
44 92 75
18 60 66
96 98 50
39 84 77
57 32 61
59 27 69
52 15 4
12 28 16
49 80 91
9 70 83
84 75 61
89 97 41
56 77 67
11 17 77
1 68 75
73 34 29
36 29 28
16 36 36
62 95 87
10 60 22
28 62 94
55 0 20
60 28 12
38 66 12
7 11 40
32 97 38
92 81 18
97 26 10
71 77 13
44 62 100
26 2 49
22 68 79
70 47 35
95 22 95
92 70 8
96 77 12
20 83 1
14 98 90
68 39 64
18 63 95
0 53 71
0 35 57
99 91 43
23 20 46
13 3 57
60 10 96
92 98 77
88 44 37
49 43 4
5 74 85
33 1 54
39 93 21
45 42 89
46 79 90
81 65 65
66 42 58
28 89 97
28 37 53
75 13 61
34 48 57
82 1 53
12 67 71
70 78 87
17 78 99
53 21 88
39 11 71
50 65 8
2 96 79
7 19 26
18 71 36
91 95 82
6 23 42
10 45 31
89 74 33
41 37 86
69 59 73
2 69 38
52 22 45
13 68 71
49 10 41
97 12 92
23 53 72
62 87 22
8 57 35
25 61 2
58 10 100
88 4 97
61 49 71
66 17 7
1 2 42
30 37 91
59 33 9
39 43 26
34 44 76
3 88 40
94 51 18
80 86 77
50 51 40
24 79 50
8 69 14
11 88 99
47 35 100
24 93 24
52 21 44
28 35 60
52 56 33
1 86 49
82 20 60
22 11 94
55 71 38
72 69 93
94 40 89
11 93 15
74 13 5
0 56 93
87 61 46
71 23 30
33 66 17
72 86 81
44 88 67
38 77 92
1 91 43
26 30 64
67 85 57
1 32 41
54 76 84
51 72 35
94 10 7
20 7 24
88 50 53
38 8 58
42 75 45
86 42 20
51 97 85
69 55 44
68 48 38
17 55 92
76 63 23
96 1 57
47 82 34
24 69 62
85 73 28
88 86 28
40 23 54
84 36 64
62 94 100
20 97 24
80 70 35
91 55 68
14 22 25
72 67 40
52 11 78
28 45 7
0 56 94
38 30 87
44 83 95
52 87 53
50 48 90
67 85 7
69 56 34
29 83 63
77 73 1
3 5 31
70 84 35
42 89 98
36 51 20
69 78 52
38 20 38
83 15 4
42 13 81
21 35 74
3 84 34
63 11 9
59 74 94
27 39 74
79 90 51
11 21 73
62 77 42
69 24 6
32 10 98
58 43 49
42 55 2
22 79 1
95 81 41
28 14 27
64 29 14
55 3 76
94 52 53
68 83 39
8 64 43
79 97 70
40 12 4
90 99 36
76 78 82
27 29 45
53 62 29
78 89 52
49 99 4
47 33 54
98 90 95
47 40 76
78 60 26
48 78 60
79 67 65
80 93 36
28 0 48
7 12 1
96 10 92
9 79 52
76 60 9
47 12 92
27 34 70
82 50 8
47 69 89
32 94 14
39 38 11
17 31 54
27 86 78
60 5 21
70 29 59
21 2 26
11 95 19
83 38 24
97 42 28
96 39 73
30 95 51
82 12 6
22 91 3
22 42 87
22 77 74
80 34 97
48 6 89
92 77 28
16 78 41
50 48 34
6 16 6
68 71 38
68 35 71
10 56 27
29 6 13
10 35 86
14 85 54
75 5 46
64 26 33
25 64 49
63 23 36
43 19 27
42 98 45
40 5 58
78 92 44
90 50 68
12 56 47
84 50 26
32 14 100
75 89 75
73 79 50
63 14 55
75 19 40
1 62 36
71 45 49
82 32 90
72 91 49
24 7 46
76 95 72
8 91 84
84 18 88
75 80 1
81 5 59
28 61 8
32 72 47
6 61 58
23 3 43
46 84 71
33 95 89
48 80 87
75 1 57
13 37 45
30 50 7
19 59 50
22 58 13
84 92 8
97 93 75
28 4 69
75 50 88
28 25 92
58 61 89
99 66 52
17 14 10
94 68 54
43 54 89
24 76 16
8 81 98
50 23 21
6 82 10
71 37 23
86 93 73
48 81 43
89 72 98
97 51 4
0 59 2
79 59 77
75 23 51
76 25 37
43 96 5
32 87 87
36 46 23
99 28 56
18 69 99
56 66 19
26 50 53
60 6 8
77 34 41
98 47 96
40 39 67
58 98 82
24 71 13
61 94 7
53 43 36
70 76 24
47 0 5
38 78 86
54 64 90
94 37 77
10 32 12
43 91 53
80 25 45
1 52 62
90 80 27
47 56 51
44 93 63
30 3 25
53 50 40
29 6 9
57 68 72
76 81 48
27 37 27
29 43 62
17 63 50
27 97 33
50 25 74
13 93 75
73 95 95
42 48 66
33 0 17
14 91 79
82 49 15
5 44 21
66 11 67
55 65 59
61 73 13
18 44 58
85 24 34
67 28 83
15 33 70
99 85 76
4 72 1
15 72 57
83 6 25
30 36 89
28 77 55
47 7 63
85 7 90
38 66 13
95 62 93
58 32 89
82 50 89
70 72 56
93 23 18
60 1 80
42 68 8
81 48 9
41 48 92
53 11 18
54 4 80
5 48 23
64 35 35
0 11 15
69 99 45
48 15 58
42 14 50
82 21 97
95 83 29
13 98 86
85 86 97
16 97 41
67 30 59
92 73 81
59 78 82
32 86 14
89 14 14
94 80 14
84 52 11
77 96 54
20 28 17
36 8 79
12 7 41
42 62 96
39 30 91
6 88 19
31 29 49
34 81 85
64 95 71
92 71 33
79 3 43
10 40 44
90 21 33
93 44 23
56 84 53
35 67 40
7 21 68
64 10 43
75 96 93
26 64 8
61 76 12
45 26 72
49 91 91
50 18 100
14 66 8
76 68 91
71 17 6
9 85 35
64 25 42
21 73 92
66 20 45
4 7 41
40 11 47
24 51 45
60 92 63
89 49 34
95 16 89
88 91 63
75 95 28
79 77 21
63 94 65
24 20 53
23 35 76
70 8 39
67 36 97
90 86 94
76 37 30
56 80 80
25 16 8
88 57 38
54 36 61
95 57 53
70 69 77
52 48 64
19 18 38
25 30 3
67 32 93
79 18 63
83 35 63
98 78 77
32 14 62
63 67 51
18 73 21
18 41 77
90 32 32
67 17 64
32 95 21
92 43 48
38 59 24
60 58 63
35 10 47
54 8 59
30 71 28
78 3 60
42 54 31
3 87 14
43 71 65
91 19 76
11 54 46
6 30 78
14 62 13
56 45 7
38 40 59
74 64 99
99 1 37
87 95 23
13 76 68
92 25 88
32 74 66
58 56 25
15 95 15
8 19 26
39 74 44
39 38 52
72 3 5
12 85 20
18 35 24
4 9 7
8 79 93
62 37 42
65 84 28
49 77 39
1 2 79
48 0 29
46 97 78
97 86 75
80 25 72
3 10 14
62 98 49
78 10 30
31 69 86
98 92 82
8 65 83
29 77 60
52 66 41
30 13 71
70 2 83
6 24 11
93 8 85
32 77 49
23 76 52
20 60 96
36 56 19
65 85 1
87 88 20
7 17 41
25 23 67
85 76 31
72 52 83
55 72 15
7 95 4
98 8 30
83 62 20
77 83 67
0 33 31
45 84 64
25 84 38
67 89 8
64 61 22
19 80 95
51 35 54
37 57 4
5 0 49
15 10 78
92 9 79
21 77 80
60 90 48
92 3 87
61 63 22
71 77 82
22 34 93
64 87 14
0 76 27
76 84 67
80 10 56
13 46 8
17 36 90
73 91 32
69 81 79
26 37 84
4 60 62
49 11 67
96 0 87
90 54 45
51 3 71
6 46 28
26 94 77
56 57 86
50 95 2
27 10 20
85 5 4
98 45 65
81 77 7
85 95 12
98 63 8
45 6 36
17 4 86
83 24 77
58 13 82
49 35 18
30 28 97
98 84 20
71 5 31
82 42 92
93 87 1
67 0 18
33 8 14
45 12 62
59 22 20
11 3 41
57 59 71
64 1 26
21 6 69
29 64 44
28 18 62
21 44 53
8 94 33
31 0 23
35 87 2
54 32 91
90 34 10
9 95 51
3 32 40
21 82 30
63 7 31
48 74 34
68 96 99
71 2 71
50 94 67
63 54 92
98 48 45
1 5 97
84 71 80
1 41 59
54 51 33
98 97 71
14 64 63
19 7 54
28 18 19
93 77 57
15 22 53
52 66 97
79 67 94
6 44 10
93 52 62
63 46 35
0 64 100
48 60 93
34 23 95
23 54 8
84 3 76
11 95 22
67 79 11
67 6 62
43 88 26
60 25 61
37 41 93
26 46 84
97 59 76
82 79 6
44 76 44
30 10 6
79 72 26
62 69 60
32 6 32
10 26 53
96 2 86
23 28 53
3 4 81
73 78 99
19 92 42
77 2 98
13 35 63
54 38 43
67 90 2
29 23 73
26 72 22
3 62 67
45 98 4
55 77 21
58 40 85
24 17 46
47 99 60
28 57 92
9 64 89
40 35 45
63 55 21
27 18 63
72 74 40
86 36 58
24 32 56
67 5 36
87 96 77
60 94 46
74 56 82
62 25 96
4 33 18
2 16 9
25 30 22
13 97 97
27 65 69
78 61 15
51 4 58
15 80 85
83 6 34
40 49 27
7 30 93
0 15 95
29 70 14
87 59 75
22 16 89
53 64 35
71 85 46
48 74 15
5 76 11
69 54 58
13 43 98
33 50 36
68 27 32
35 18 7
84 54 52
10 60 33
26 33 79
59 61 12
27 1 17
11 42 36
17 5 42
93 28 1
79 29 84
57 39 35
49 66 81
25 45 39
6 34 91
86 70 42
53 69 39
45 39 6
32 83 34
37 93 61
50 8 59
84 29 4
59 90 74
28 13 39
30 75 67
55 56 94
30 90 91
45 89 81
13 3 13
70 20 6
50 27 11
88 68 6
39 90 2
61 34 87
12 85 28
46 92 36
61 27 24
79 96 69
70 71 64
11 77 76
81 0 11
8 93 93
77 35 96
31 8 31
49 42 33
39 76 28
84 73 2
35 49 56
20 50 52
78 88 53
24 80 96
79 35 71
49 40 14
58 98 52
47 85 31
8 7 45
17 86 75
15 66 86
15 59 97
63 95 63
64 27 74
93 15 23
16 65 39
73 43 16
44 21 26
42 83 3
6 91 39
90 7 53
87 89 15
75 0 75
34 9 69
22 83 60
22 85 34
25 35 31
91 78 73
19 55 90
2 70 6
93 6 93
5 0 90
88 66 47
26 41 82
53 12 60
67 41 83
44 34 67
36 80 36
34 8 88
50 10 72
67 11 58
3 88 11
44 14 78
22 80 34
58 10 29
98 13 41
84 20 59
24 92 11
77 49 93
87 43 76
36 9 14
41 76 44
58 81 3
94 25 24
6 73 59
91 11 46
73 23 57
40 48 58
12 88 88
62 27 33
23 65 58
84 37 99
89 8 19
18 67 84
74 88 81
49 28 52
31 66 42
80 32 67
86 87 17
67 17 54
12 9 34
63 57 78
10 76 26
32 63 27
51 72 87
47 33 91
30 74 100
31 60 4
84 69 89
33 61 94
20 99 39
68 23 16
86 39 93
88 79 1
26 59 31
18 48 94
33 65 67
28 34 36
78 83 27
79 42 48
55 73 56
24 18 32
78 89 98
67 7 42
44 64 12
39 28 48
12 41 22
96 65 54
98 79 49
37 71 80
23 41 11
32 34 92
32 64 91
47 82 77
36 13 80
77 6 41
90 3 72
13 81 93
67 49 66
86 9 73
29 16 89
87 47 38
61 57 44
36 71 95
37 22 35
93 21 97
74 0 75
5 96 15
12 5 20
73 13 66
57 29 29
32 77 99
16 49 46
14 67 28
24 39 39
98 66 81
90 16 9
94 53 86
23 87 100
15 78 81
1 43 45
0 11 26
29 45 7
26 93 82
77 49 91
17 69 4
18 75 82
60 72 44
4 12 2
70 89 91
9 74 65
80 19 6
35 92 7
15 94 48
93 7 26
46 61 25
39 93 89
42 54 93
58 29 50
45 29 73
51 22 54
51 40 30
97 87 68
17 90 39
14 41 82
8 22 34
5 80 35
21 27 6
70 7 31
90 33 77
55 56 5
47 49 64
16 29 19
34 36 69
78 21 24
11 26 12
48 72 79
41 55 40
72 87 14
83 88 18
66 87 37
69 64 53
10 64 10
83 64 54
53 54 34
42 66 64
5 84 3
83 40 67
42 97 5
98 54 31
89 75 99
86 33 51
79 69 10
44 52 36
71 19 33
9 56 22
25 8 23
58 74 14
31 0 39
80 74 87
53 67 81
49 33 84
46 34 63
9 98 36
38 62 1
46 85 50
48 66 13
38 37 94
61 16 57
75 48 6
67 84 38
10 33 82
90 86 85
9 90 53
99 43 45
0 86 34
91 24 9
63 52 73
3 74 33
4 74 50
71 54 21
89 0 56
69 5 22
96 19 21
28 29 84
87 17 59
62 44 13
71 47 15
0 42 52
72 81 13
57 4 60
77 60 21
47 73 19
71 63 28
23 94 43
62 42 16
6 31 33
96 83 22
31 86 98
0 67 33
77 13 98
26 89 70
32 98 3
17 74 82
28 77 52
68 57 82
57 87 23
47 15 46
7 56 73
6 82 24
93 73 17
92 87 78
84 27 21
14 61 68
92 54 27
2 67 31
69 51 67
99 45 8
12 82 22
2 76 37
55 6 10
44 10 3
97 95 50
81 87 98
39 86 37
93 84 93
89 91 34
95 47 16
80 86 24
83 93 9
57 27 34
37 28 45
58 94 46
50 55 94
78 58 31
72 82 13
35 9 28
72 7 80
39 96 40
60 59 63
59 62 58
2 0 34
70 2 11
42 10 73
78 82 98
50 72 8
42 26 54
21 73 25
78 49 30
40 76 70
1 80 40
99 82 44
14 97 72
74 21 64
12 79 100
57 27 50
7 56 69
71 21 27
9 4 50
86 36 9
13 54 38
11 77 46
75 29 6
21 42 40
86 41 20
41 37 2
85 37 38
31 17 91
32 18 6
7 86 99
81 24 7
50 58 56
25 38 21
44 29 94
84 25 28
76 63 38
65 46 84
85 60 80
96 97 26
12 13 35
91 36 50
0 42 90
37 71 4
59 54 25
53 74 49
21 2 97
57 91 59
92 48 4
90 50 74
99 13 53
47 64 58
62 9 90
1 12 19
0 46 33
15 40 14
79 91 28
16 96 60
10 57 81
9 16 9
82 60 93
35 7 34
22 1 67
19 13 89
41 12 43
28 12 34
58 93 49
37 38 62
89 19 57
81 13 62
59 34 21
73 96 12
80 71 8
1 49 22
77 66 68
36 59 68
28 46 82
75 6 91
66 53 36
56 0 43
59 70 13
72 11 1
71 6 16
63 0 51
55 26 94
79 19 94
58 69 45
48 85 69
7 33 57
0 17 3
30 73 80
98 4 2
61 62 6
59 60 40
84 92 16
91 50 21
99 1 94
0 16 40
22 50 35
91 16 15
77 54 35
1 67 22
31 83 33
65 22 72
76 71 13
14 47 91
86 85 10
50 64 38
40 77 25
48 72 44
1 51 66
42 80 31
25 68 25
33 9 56
46 1 63
64 72 3
9 96 24
16 96 21
28 16 80
99 67 20
91 66 41
67 14 77
92 69 50
91 68 11
88 71 70
29 70 47
83 23 2
82 87 56
9 84 14
85 90 99
4 30 55
0 24 14
44 78 39
29 37 19
62 92 93
85 95 17
93 81 34
32 53 24
40 6 11
98 82 73
21 52 74
38 17 1
2 35 3
66 46 12
35 92 56
93 23 47
0 93 71
88 63 24
80 67 17
76 54 7
59 53 73
75 63 54
88 91 54
35 14 16
32 2 31
34 50 31
11 20 26
41 89 73
97 18 74
58 93 78
61 51 10
84 59 55
46 78 45
21 2 55
14 25 21
31 91 32
76 87 26
21 64 96
62 21 27
22 29 85
41 86 73
70 4 85
97 82 83
63 80 66
5 12 83
9 10 18
5 24 70
12 28 40
54 3 19
10 87 84
51 26 51
98 86 3
87 31 56
1 36 89
56 76 98
58 20 34
38 80 69
1 40 30
78 32 12
54 84 69
99 77 94
50 23 55
91 12 40
7 5 57
50 61 74
42 98 47
7 3 53
13 8 47
81 18 86
27 4 92
44 66 76
76 69 67
11 85 8
76 91 58
47 64 14
55 58 83
25 60 27
22 12 36
26 50 26
63 70 58
75 19 24
45 70 45
64 29 69
71 55 10
20 10 41
64 66 47
63 53 35
18 14 51
51 75 62
62 32 37
17 16 70
49 48 34
33 97 55
87 25 18
58 77 10
92 53 29
71 92 50
87 44 68
67 59 84
36 17 14
33 68 78
30 87 59
3 50 8
3 83 57
2 20 6
3 60 71
16 93 76
98 11 100
71 28 66
61 86 43
40 56 34
84 57 4
64 28 96
17 1 39
16 94 28
22 40 34
86 19 53
89 71 29
82 76 82
26 57 63
34 29 56
50 9 97
99 71 15
40 28 31
93 49 37
35 7 96
84 80 3
44 9 34
43 59 89
15 55 23
65 8 72
45 85 100
93 66 96
17 61 95
79 91 66
74 31 33
94 43 99
56 51 17
85 3 92
89 44 88
91 57 24
0 10 87
15 26 55
94 29 52
84 94 55
16 42 6
40 77 14
46 21 85
47 80 71
49 60 41
3 61 91
58 62 8
82 37 74
48 94 80
10 39 41
28 62 85
5 76 86
46 59 90
6 84 29
92 39 50
29 35 34
92 56 69
98 23 92
25 38 13
90 30 25
11 47 86
54 83 93
25 70 16
65 83 86
65 0 41
24 61 12
59 25 58
37 82 20
94 14 31
43 83 79
80 13 30
4 80 76
42 20 67
17 56 91
24 29 16
45 55 90
67 41 71
88 59 58
25 37 55
2 24 93
16 5 27
60 27 9
38 69 74
97 64 92
5 66 30
11 61 74
10 15 59
63 50 42
51 28 22
17 73 65
28 16 81
53 11 18
24 82 82
55 7 88
26 97 67
22 61 100
67 6 54
80 98 83
87 13 53
18 61 59
25 55 50
12 67 58
57 32 56
15 63 63
76 21 80
30 35 10
32 40 99
37 88 87
10 86 60
80 39 24
59 92 73
72 23 13
39 36 43
13 78 67
15 74 51
77 78 55
0 8 55
63 34 83
27 36 73
85 64 11
48 26 58
59 97 14
54 63 40
56 48 57
88 19 83
38 18 27
0 57 75
42 12 45
42 57 94
86 7 94
61 10 27
53 16 24
19 65 4
34 61 36
75 54 74
15 79 44
18 27 62
19 51 69
21 30 48
30 63 45
47 58 96
61 34 68
88 68 26
61 93 46
58 45 3
17 86 90
18 21 25
24 28 17
89 54 69
76 29 79
43 39 77
70 6 56
88 91 68
55 89 24
96 14 17
60 92 22
3 91 46
29 83 6
37 21 74
43 98 98
23 49 98
28 66 3
29 98 86
38 32 4
33 21 43
97 37 61
9 92 68
34 8 94
24 85 55
40 71 20
40 75 61
15 80 30
8 21 62
4 11 96
94 68 60
63 54 45
60 38 51
90 48 39
27 30 29
32 88 21
50 92 20
16 30 3
84 28 92
87 18 6
42 93 20
30 67 25
37 23 46
98 54 75
77 90 5
28 99 27
93 46 48
90 59 23
15 69 14
50 2 88
22 57 71
44 10 71
11 53 75
49 27 46
97 16 4
91 50 44
24 43 64
92 76 11
99 42 60
88 35 50
77 26 87
96 82 41
59 67 10
49 17 25
71 21 64
60 24 46
3 59 17
87 56 62
95 16 4
13 72 88
54 0 41
19 24 11
83 38 79
17 16 51
8 91 86
92 72 56
3 95 96
23 35 36
17 6 32
72 24 70
8 47 23
72 32 76
4 58 62
44 19 90
68 70 49
1 21 34
37 49 49
86 83 22
45 65 36
58 61 98
17 51 50
2 23 37
80 34 62
26 52 29
46 55 3
53 68 25
3 40 29
25 0 62
99 55 51
63 0 91
19 68 73
87 65 67
62 29 57
51 96 25
36 89 80
57 97 73
69 42 19
74 86 32
53 62 79
23 61 1
18 61 89
64 78 5
64 2 6
98 32 44
5 14 53
43 90 95
85 31 35
8 43 10
63 35 59
39 69 52
44 96 32
19 72 60
81 28 89
46 37 12
21 54 95
42 29 27
39 87 91
42 53 79
98 15 32
10 52 33
95 72 58
7 21 46
16 98 46
14 35 67
22 13 63
59 34 82
23 10 31
86 25 81
22 48 8
10 70 29
9 6 73
67 52 39
91 14 44
84 65 6
18 50 17
67 88 92
47 3 3
84 87 48
85 74 99
94 13 25
57 60 81
1 13 79
79 39 25
82 89 36
6 26 34
23 8 2
1 18 90
36 25 8
90 80 84
19 76 81
38 40 99
34 53 42
90 70 53
68 18 95
22 52 12
18 28 5
40 68 68
83 49 77
49 2 73
95 37 85
49 50 93
71 66 16
4 5 39
42 12 49
36 30 84
18 57 32
50 48 62
16 21 92
59 63 3
11 87 13
1 33 58
72 92 24
18 30 3
22 18 37
59 31 63
61 75 11
67 30 97
69 72 100
0 26 23
69 36 59
88 58 99
41 71 18
65 22 73
15 70 4
66 99 82
61 99 28
82 20 31
55 26 47
91 52 72
91 82 58
79 77 24
37 41 34
0 47 21
78 14 72
57 17 97
42 37 48
21 72 74
12 69 91
48 16 13
88 2 44
28 89 75
21 89 91
60 57 96
28 6 86
26 17 42
96 7 72
17 75 80
13 87 26
25 87 47
89 93 26
73 66 93
67 78 64
52 60 30
33 92 62
73 98 27
78 16 28
85 80 72
91 13 99
56 67 90
42 99 24
24 74 69
95 21 22
35 26 39
28 68 41
9 87 34
13 32 10
2 48 91
87 62 56
14 64 69
34 94 37
4 31 61
36 11 97
65 57 75
33 25 24
78 55 97
36 91 7
43 85 93
75 34 48
20 89 26
40 34 13
17 69 75
16 14 45
54 80 21
91 27 95
24 65 86
37 68 79
54 98 40
74 8 23
89 29 20
72 27 3
94 21 35
44 73 34
29 59 3
2 94 70
30 71 43
55 32 63
74 24 3
89 11 57
88 15 51
25 77 83
49 35 85
68 50 40
48 20 47
27 89 12
22 52 48
77 90 1
95 58 19
48 49 7
65 47 80
73 90 98
99 7 60
58 19 85
74 65 13
40 71 58
66 55 4
85 51 60
42 86 12
59 0 47
78 1 15
50 54 13
29 83 26
24 60 36
79 90 99
84 92 52
60 71 53
10 17 55
21 91 65
99 71 5
63 46 4
78 73 91
37 35 56
1 87 89
76 37 56
82 74 47
66 16 74
30 48 24
43 9 49
53 79 68
33 76 73
60 23 11
46 83 96
52 63 95
17 80 48
77 76 25
30 33 54
16 55 74
42 96 99
9 34 85
96 0 74
17 7 41
45 0 87
76 21 3
70 30 32
43 74 95
73 88 34
4 25 22
5 82 82
76 54 31
54 4 67
92 32 58
0 63 100
57 47 3
74 80 89
97 89 62
64 82 28
14 76 8
62 43 85
6 85 55
71 5 32
62 5 56
46 5 88
80 44 41
35 93 20
16 32 5
40 23 58
7 89 19
11 99 36
97 14 89
51 87 1
96 47 18
45 55 83
26 23 48
72 98 83
56 3 93
60 33 31
37 2 74
36 67 67
62 74 60
25 82 96
27 11 26
25 5 60
98 4 23
5 20 8
34 90 9
95 37 3
94 0 38
25 34 52
99 52 55
62 70 74
29 4 16
26 75 66
19 38 17
49 42 82
19 97 29
73 29 15
35 3 43
7 17 46
32 39 53
55 89 80
37 72 25
26 85 83
94 82 31
22 34 66
65 66 69
58 53 3
70 13 31
70 21 58
81 59 8
23 20 74
49 57 81
60 41 36
94 70 91
46 39 81
12 75 38
14 16 55
80 54 33
3 74 82
95 99 53
69 12 61
81 27 90
84 40 41
49 84 98
12 99 57
93 62 11
60 45 28
97 89 71
15 42 34
99 34 1
54 10 95
67 2 69
72 14 85
64 88 84
15 52 3
69 12 2
42 3 48
1 26 10
71 78 85
62 19 61
82 73 5
88 10 61
68 73 99
50 85 6
81 64 61
30 73 10
6 62 13
60 81 49
15 11 41
88 38 83
60 3 42
64 91 34
85 30 71
16 47 92
67 10 23
68 30 31
64 46 39
32 58 65
49 40 46
91 84 38
78 10 25
71 75 20
41 93 41
10 97 26
0 35 40
60 11 83
54 90 38
12 28 17
62 53 85
27 42 75
7 4 74
91 60 16
83 41 37
61 46 100
93 68 21
56 3 11
57 91 69
60 26 80
12 85 13
0 25 91
12 54 82
10 42 10
24 60 99
90 78 46
7 86 2
92 57 50
4 72 16
79 38 99
88 19 27
87 98 73
5 53 61
65 55 43
66 36 96
63 24 92
65 36 37
7 2 28
81 15 15
95 85 2
75 70 4
80 34 68
78 63 96
56 70 6
47 60 28
11 46 27
53 86 16
22 44 11
75 83 42
40 33 51
87 95 18
65 47 76
52 81 8
22 80 68
1 84 51
45 15 12
56 14 70
9 42 40
87 46 45
74 93 38
46 9 39
98 28 36
39 22 42
32 97 93
40 90 79
9 12 29
90 51 87
23 30 86
64 81 25
43 22 78
91 99 22
4 13 2
80 53 84
7 92 50
50 98 14
93 17 39
2 86 33
79 89 5
47 83 54
11 87 22
0 12 78
53 26 73
69 72 61
47 77 84
41 46 61
46 7 83
98 46 83
29 62 81
11 76 24
66 4 21
44 69 10
63 15 98
46 15 86
48 14 18
44 57 53
40 70 86
66 89 75
70 85 51
85 44 72
55 39 22
0 89 48
45 67 59
49 57 41
3 79 50
52 17 98
26 33 28
31 19 46
37 19 17
6 14 13
8 0 21
89 0 43
36 47 46
62 69 92
67 77 16
88 60 41
89 58 53
75 92 5
39 87 48
31 42 22
79 84 76
49 48 39
31 72 76
18 98 61
64 6 62
3 55 21
77 28 35
93 52 3
18 40 51
49 11 82
6 87 92
32 98 65
83 15 83
50 73 42
91 12 19
8 53 55
64 70 100
54 76 29
31 22 74
92 91 76
49 41 47
7 1 54
13 51 90
27 76 47
43 63 82
78 28 40
41 12 18
27 47 13
11 73 44
44 30 73
99 10 93
28 12 14
6 95 12
11 34 19
7 71 12
34 72 2
10 70 4
24 54 88
64 20 79
3 6 29
76 55 58
4 46 57
90 42 78
57 28 5
5 28 15
34 75 79
35 55 33
97 77 100
71 57 72
67 79 64
46 13 44
10 46 22
57 95 75
41 14 9
57 30 44
9 41 58
46 85 11
14 37 9
13 71 82
18 79 70
44 95 90
35 99 70
29 91 91
56 26 24
77 52 39
5 40 87
64 32 30
57 18 28
14 52 71
0 31 30
73 26 42
8 81 96
85 51 44
97 96 84
1 75 88
68 18 86
80 37 73
98 83 91
35 55 29
71 91 17
97 84 93
17 28 44
8 48 93
13 3 64
81 96 87
6 79 55
33 98 87
4 83 92
4 70 5
44 20 88
6 30 37
73 37 37
47 67 97
30 88 76
90 44 76
67 23 8
53 35 78
23 40 27
70 60 81
63 26 44
29 3 83
63 59 33
84 2 21
72 11 47
58 28 92
2 7 61
87 26 30
46 19 19
40 3 54
40 80 18
28 84 54
51 87 10
14 50 45
74 25 3
36 15 49
29 67 20
77 0 51
60 16 2
74 57 80
43 68 8
79 42 72
66 89 68
57 68 46
79 9 3
78 70 95
62 24 71
30 76 17
46 52 33
61 40 72
54 12 32
55 34 62
84 66 56
37 7 76
79 5 80
88 8 62
82 71 63
2 78 84
61 77 63
96 66 81
97 13 52
57 13 40
24 23 96
98 66 10
88 59 23
45 77 18
61 28 73
98 59 37
50 11 28
85 80 77
79 74 3
49 53 21
95 66 3
96 52 59
90 53 69
52 94 54
21 75 42
76 6 56
58 12 14
29 83 78
16 59 84
98 83 31
64 2 69
49 39 5
11 59 2
44 61 23
98 89 30
15 92 34
58 98 96
30 21 14
12 64 75
37 89 89
33 30 69
50 4 50
16 75 49
0 69 28
30 81 15
46 43 89
6 75 36
70 4 25
28 0 86
5 99 71
37 5 41
37 73 23
63 64 37
58 66 79
3 42 20
41 47 16
76 70 8
1 30 74
80 4 35
78 70 28
81 74 72
47 32 93
43 96 71
87 19 1
70 9 80
84 16 99
80 33 20
95 19 89
33 54 9
21 44 87
46 7 99
1 80 5
20 14 91
53 79 36
2 41 53
12 86 60
58 60 23
26 85 49
62 96 67
93 46 88
6 89 92
33 13 24
56 40 86
80 13 46
20 54 17
1 7 80
21 17 96
43 64 45
18 88 8
17 23 83
45 3 77
10 91 85
10 45 99
81 23 67
98 92 4
14 9 2
8 27 60
79 29 72
11 27 26
96 0 19
26 37 47
64 41 87
60 1 31
85 42 78
69 11 40
21 30 14
26 68 3
72 3 62
47 81 87
81 92 28
91 29 59
58 68 79
78 88 45
65 51 85
88 43 17
4 57 66
1 77 100
22 78 38
65 6 6
83 17 69
20 87 82
72 96 14
48 73 35
69 88 59
23 18 2
56 7 9
73 68 19
60 6 5
44 98 49
43 3 55
29 67 29
96 82 37
58 31 98
6 66 58
68 52 37
51 5 75
88 27 66
46 22 57
69 77 29
97 74 53
29 90 78
94 43 48
96 41 15
47 64 19
87 44 26
92 44 4
43 4 92
10 11 39
56 72 30
1 39 86
85 48 29
37 98 7
19 42 23
38 7 64
20 70 96
48 35 23
39 3 55
46 17 81
38 57 48
98 92 61
71 39 11
14 78 67
62 53 16
92 0 43
96 68 82
70 16 96
99 61 51
68 84 92
4 54 40
39 59 33
98 74 11
77 29 9
34 96 54
48 83 36
83 11 91
4 84 8
53 49 8
63 28 44
49 7 74
16 11 57
29 6 8
19 11 69
94 29 91
92 70 41
79 55 56
43 25 43
36 43 5
58 23 63
90 70 24
75 85 17
39 80 88
10 43 19
87 19 48
0 15 73
68 91 92
56 52 25
74 56 7
10 82 17
34 60 47
98 72 2
19 95 52
0 71 36
61 59 75
63 66 63
60 77 54
16 57 44
11 71 28
2 47 79
17 29 78
52 53 8
44 19 37
46 54 96
75 50 96
66 10 75
13 77 83
14 57 4
82 45 52
58 91 20
53 26 1
6 51 23
1 80 80
56 99 99
61 30 60
17 86 54
42 26 34
19 17 34
64 78 64
88 29 88
40 53 33
29 23 85
93 19 72
67 63 53
2 79 30
5 80 2
60 65 24
80 5 68
42 94 50
89 65 53
76 93 87
99 29 50
75 92 44
6 74 41
53 76 67
64 66 15
80 74 36
53 66 42
11 12 97
19 82 57
9 44 92
81 61 15
35 2 74
10 54 34
17 62 90
87 62 74
51 27 57
72 70 42
81 53 6
19 24 88
71 24 15
58 79 62
83 93 44
30 83 35
92 9 64
65 68 15
50 89 56
39 60 46
76 98 35
6 28 26
9 30 6
86 78 18
89 29 60
0 53 97
83 69 78
10 56 10
50 75 7
13 43 77
81 47 4
10 16 21
51 38 13
88 84 61
35 86 32
76 94 64
57 51 48
14 3 24
41 46 64
48 58 20
42 94 12
75 85 72
86 21 95
9 29 86
79 44 84
68 43 56
11 46 7
66 42 90
88 5 99
68 66 56
66 46 93
15 73 74
94 19 35
84 70 32
86 5 89
89 33 28
0 62 88
60 98 31
4 87 45
80 18 71
13 86 51
27 85 58
16 73 13
96 23 47
22 23 67
27 21 68
64 0 76
4 2 36
38 28 77
16 69 92
82 26 19
88 83 13
34 48 96
63 5 6
69 93 63
70 79 30
3 2 75
31 34 4
53 33 38
24 82 42
19 77 31
97 42 76
93 30 58
18 95 24
38 63 30
30 52 58
5 2 51
86 30 89
4 58 64
10 84 16
43 15 53
28 88 67
11 89 78
80 43 74
95 56 60
45 23 34
53 93 62
60 87 24
10 89 45
21 96 45
77 67 60
77 18 19
49 34 92
20 80 66
84 64 13
65 56 94
76 44 4
67 65 43
27 70 55
6 25 72
92 96 19
5 74 28
8 77 11
44 32 80
34 35 14
58 45 84
10 94 30
26 98 53
14 54 58
18 63 64
36 33 63
97 22 22
31 50 50
21 13 91
92 25 44
91 35 50
93 32 86
67 43 47
71 84 77
99 81 84
53 71 55
35 94 93
13 88 95
73 18 23
34 83 89
46 71 38
97 42 46
10 69 77
89 1 38
99 41 20
54 1 64
2 73 96
34 47 82
19 49 60
36 3 28
29 35 84
0 64 67
93 12 51
54 51 84
8 77 3
40 75 43
77 71 5
39 10 70
8 1 80
42 75 8
62 99 74
84 66 6
43 35 65
19 48 49
49 67 3
2 23 38
41 35 32
98 38 77
59 23 41
39 73 48
18 51 13
77 25 96
88 31 76
78 68 78
51 39 73
50 72 98
99 74 41
58 59 62
65 90 55
63 47 12
61 21 16
81 79 91
59 85 69
68 23 100
12 71 83
75 16 54
92 1 66
6 91 88
23 68 44
39 77 2
58 16 56
44 17 86
92 26 42
94 2 82
78 18 31
88 22 59
29 6 94
56 41 7
72 41 2
68 9 62
34 42 40
29 39 91
47 11 65
11 7 63
21 39 80
69 37 80
82 81 61
86 67 43
53 40 66
55 48 51
61 52 79
51 16 51
11 63 41
47 80 37
85 38 22
53 87 69
74 18 38
5 7 22
19 56 2
44 33 10
50 71 92
57 18 10
29 31 25
95 36 86
60 69 49
21 71 67
98 71 51
7 37 39
81 95 41
44 87 83
19 98 87
80 3 84
20 69 14
12 53 49
39 18 66
69 34 58
18 96 45
99 59 1
17 5 70
16 2 85
11 29 55
3 77 30
24 36 10
84 75 51
41 46 18
71 13 98
23 72 79
65 17 71
82 1 19
30 26 21
56 54 98
82 34 16
82 70 93
27 25 3
59 88 98
93 17 16
46 8 28
79 42 8
55 70 74
23 55 80
81 95 32
49 13 97
68 23 39
27 29 78
77 37 63
16 8 78
88 10 92
58 63 86
39 23 46
82 33 55
88 38 3
85 59 30
48 36 92
95 17 52
79 52 76
95 63 8
79 66 35
24 84 85
46 76 81
13 2 59
19 60 83
35 48 99
0 82 13
17 51 67
46 84 85
58 89 9
54 52 86
79 59 30
84 41 86
53 34 94
51 14 30
4 87 21
63 17 63
0 6 28
64 97 15
88 70 14
13 79 72
13 15 31
30 73 6
18 46 16
77 47 72
26 37 84
1 35 50
8 16 20
90 19 96
16 4 6
71 87 13
48 31 92
32 41 33
37 82 11
27 75 84
3 8 32
85 59 25
92 67 94
7 24 26
28 63 36
56 85 69
23 39 53
73 49 94
54 49 5
43 65 76
29 31 54
96 43 36
80 90 93
99 34 44
18 77 44
8 57 81
77 68 58
12 6 46
56 18 40
77 25 57
92 31 57
55 37 93
88 81 49
85 3 74
93 56 62
92 23 52
50 33 98
86 94 26
90 11 81
58 45 73
50 33 87
25 33 60
82 24 66
69 10 25
21 28 92
25 73 69
24 91 33
46 5 26
64 17 50
88 53 10
88 73 40
30 72 92
64 80 63
0 58 14
55 20 54
33 36 76
90 19 32
68 29 21
21 62 42
27 54 64
94 32 29
61 94 72
13 24 77
18 75 37
19 95 50
95 28 16
64 42 13
19 32 59
33 86 38
81 92 54
18 33 100
51 21 9
92 36 86
9 46 93
38 31 93
42 36 68
82 91 4
98 28 95
17 70 87
45 21 99
88 86 29
28 90 34
51 78 67
45 29 66
78 91 84
30 66 86
66 12 7
89 69 72
45 46 13
95 82 57
68 4 5
77 81 71
61 83 19
50 79 99
45 28 64
2 39 22
64 66 47
12 33 33
81 92 3
29 81 66
13 0 45
9 56 45
34 20 65
42 89 28
63 27 19
2 93 21
23 66 1
97 9 99
92 25 59
73 93 60
1 45 65
51 98 13
86 53 74
9 40 91
71 10 21
57 48 92
22 10 11
64 55 70
86 58 55
36 81 11
88 86 2
4 82 4
18 2 80
45 42 55
53 88 69
92 6 64
45 81 75
67 64 7
26 42 53
57 65 54
65 71 50
34 19 35
59 70 8
82 30 36
17 67 53
46 40 82
51 32 94
61 76 23
94 64 88
75 53 100
98 73 7
57 64 42
35 93 15
13 15 52
41 0 35
30 24 74
78 38 85
76 73 100
49 95 52
98 25 13
83 51 18
28 55 66
48 60 68
55 79 73
4 80 40
51 10 6
63 5 68
62 85 69
8 2 81
17 69 90
60 74 38
74 53 24
61 94 32
97 29 33
83 67 52
38 28 25
43 96 58
23 87 57
71 31 91
51 35 99
66 76 1
64 48 28
47 88 17
40 16 68
73 33 75
22 15 11
16 68 41
49 3 34
82 74 13
77 39 3
34 24 8
51 13 99
75 87 99
40 79 84
47 91 26
50 95 46
94 17 4
22 14 11
84 23 41
80 77 64
48 98 91
84 32 19
63 9 67
58 86 19
28 3 37
8 39 28
31 56 83
73 41 59
83 63 42
75 56 53
43 16 61
64 78 83
81 5 47
28 29 40
33 64 54
1 71 36
18 3 74
50 84 5
22 41 63
25 34 45
87 7 53
33 31 52
91 34 14
81 34 29
85 32 45
41 3 52
68 83 11
43 58 14
72 93 31
87 75 85
78 30 34
6 22 26
33 64 18
36 5 1
31 52 58
54 6 37
78 43 56
76 84 55
53 23 98
36 61 88
3 32 38
20 90 21
51 5 80
3 51 29
93 80 82
53 17 5
84 63 42
68 52 80
55 62 92
10 53 95
72 53 97
68 99 2
53 93 25
96 16 90
30 41 13
49 70 55
20 5 89
13 42 36
15 67 97
39 52 79
25 45 99
89 17 8
8 23 18
54 30 29
34 0 19
64 8 86
11 86 35
75 5 80
69 96 17
8 31 63
54 81 44
65 53 12
3 53 86
40 52 29
92 64 7
20 75 73
24 74 26
39 44 75
88 52 50
35 87 36
21 31 57
85 86 45
30 64 78
67 47 97
7 49 94
71 23 93
83 15 89
68 79 74
8 11 7
79 67 97
20 83 20
71 90 9
68 23 3
35 84 45
22 62 17
23 38 38
38 69 81
62 81 49
29 86 15
25 95 43
30 43 62
85 60 55
28 52 89
88 76 29
3 4 31
40 33 38
26 18 24
62 75 5
21 28 97
40 36 30
39 3 42
16 89 80
38 79 31
90 75 81
61 44 48
77 83 93
69 47 42
67 38 57
77 23 39
77 76 83
32 75 87
88 66 93
37 71 19
2 35 3
91 84 61
61 20 78
1 3 77
36 20 80
6 58 57
69 63 41
55 9 63
58 47 22
84 21 32
28 63 5
41 12 23
86 93 70
82 36 13
28 82 11
62 3 29
33 41 48
56 31 89
20 44 80
92 4 85
56 23 96
51 53 39
79 18 4
77 16 49
35 87 62
52 12 81
49 99 65
60 77 87
19 88 4
44 57 68
75 96 31
75 26 28
0 36 81
77 84 12
88 22 78
88 52 61
54 49 28
4 88 90
46 15 26
5 90 3
56 34 36
22 5 67
51 26 39
25 3 31
75 28 72
62 63 34
34 52 57
97 68 20
65 55 57
45 91 72
53 72 38
55 44 98
30 73 99
81 22 95
76 69 19
3 33 91
20 75 8
91 26 78
25 87 39
12 1 75
39 60 54
28 44 1
82 40 27
42 49 17
17 43 67
19 51 74
40 87 70
7 26 14
92 32 29
77 47 48
74 8 41
43 18 23
84 23 90
54 59 82
14 6 15
28 11 11
48 69 7
20 54 36
45 74 99
27 47 26
5 67 87
34 61 30
10 83 39
45 4 13
11 73 29
88 90 14
9 52 21
51 54 67
2 48 71
18 84 26
65 34 25
37 47 2
44 84 56
19 2 51
48 23 37
94 20 87
72 18 10
31 30 65
72 13 50
86 70 82
30 2 8
61 47 23
99 7 9
4 32 71
30 94 62
56 48 81
0 23 42
43 50 42
0 95 46
0 65 13
85 60 5
27 88 43
82 76 32
5 52 21
77 55 54
88 6 90
65 1 83
12 56 16
46 22 6
0 52 1
47 88 7
66 46 40
64 20 48
72 43 5
78 96 15
27 25 31
49 8 26
34 6 34
66 4 84
24 28 33
57 33 62
41 98 60
76 63 92
60 67 95
22 87 2
60 92 18
30 3 57
88 3 98
98 29 11
0 98 45
51 83 74
18 87 91
81 55 83
30 46 7
20 22 91
34 41 46
38 43 50
50 64 22
10 33 13
97 9 30
83 91 82
35 50 61
88 77 32
2 24 26
12 33 55
60 9 62
1 27 38
94 81 2
52 28 85
3 11 2
63 9 10
0 50 32
50 35 22
28 12 14
34 26 14
50 84 68
96 12 28
53 0 94
91 50 11
19 76 23
3 12 8
13 77 47
82 32 90
94 93 53
43 34 26
4 66 26
71 57 7
52 94 32
90 30 96
86 48 29
10 62 90
43 65 62
7 11 70
72 65 67
73 2 2
31 35 33
94 37 35
45 29 89
90 2 31
70 40 42
95 14 50
4 64 51
39 77 28
75 43 35
16 99 1
4 42 72
41 24 86
27 82 11
35 31 12
69 81 41
55 83 12
69 95 89
76 16 75
17 9 29
44 15 58
76 27 48
66 58 73
28 35 39
43 57 58
79 17 25
9 37 100
60 56 46
19 76 27
30 8 10
20 60 17
82 25 35
94 59 58
72 2 88
73 60 93
87 67 100
44 72 86
57 97 61
49 2 94
70 0 24
17 33 59
17 87 57
91 5 13
87 58 58
88 89 63
51 57 87
65 72 69
96 25 5
0 27 32
60 1 75
32 60 29
92 37 78
45 40 8
52 21 86
22 7 40
66 15 52
99 94 53
93 81 43
69 44 62
98 28 8
63 30 38
30 88 90
99 6 71
69 0 99
40 1 26
37 92 50
13 78 39
3 29 68
78 95 37
87 5 15
37 31 74
68 30 59
19 56 48
42 15 82
80 95 64
66 36 25
29 68 30
85 23 93
37 2 21
88 23 36
21 23 91
97 65 21
14 25 63
16 25 78
2 68 83
87 76 4
18 94 58
2 67 29
49 85 63
55 82 99
64 60 4
52 38 50
18 42 19
62 54 51
50 67 33
45 36 71
93 86 4
81 12 44
94 80 43
13 99 93
44 0 13
35 80 71
10 19 18
96 1 35
1 58 74
32 80 42
34 9 12
56 36 93
63 60 40
5 93 67
76 58 44
30 74 84
60 17 4
67 45 89
24 97 65
76 97 82
27 18 34
80 50 2
31 86 82
60 65 83
77 34 99
9 90 45
47 89 5
4 14 38
26 21 84
6 7 97
52 76 84
58 97 99
42 36 39
5 34 56
97 32 57
2 15 30
9 15 24
57 54 38
89 29 34
31 94 22
62 29 82
54 43 50
30 80 72
3 55 41
87 13 44
6 56 10
45 91 2
5 57 54
78 94 51
16 81 100
44 83 25
84 29 85
76 1 44
65 61 21
96 66 81
31 47 26
82 69 64
33 86 74
22 92 31
88 24 5
3 64 79
60 59 22
14 80 53
8 1 15
28 40 9
81 60 5
52 68 75
4 85 94
3 56 43
88 65 100
83 38 47
26 59 60
26 31 58
95 3 26
27 86 65
6 39 25
91 77 99
76 24 40
79 97 53
64 76 67
31 54 28
26 98 74
80 56 33
0 51 23
76 69 15
82 88 85
18 23 34
28 7 61
40 18 14
62 93 53
57 45 64
51 89 78
8 70 26
44 51 83
27 91 4
66 6 71
86 20 76
25 67 84
13 49 99
72 84 98
27 32 81
17 95 37
96 53 8
60 41 96
5 58 18
52 81 59
30 25 69
95 80 37
61 29 58
63 58 52
34 16 51
41 83 49
89 10 16
92 79 70
92 27 24
65 11 70
48 56 56
51 45 61
59 34 96
86 24 24
73 1 74
68 70 41
75 14 93
40 84 11
84 69 33
89 35 89
10 27 22
49 29 21
65 95 91
6 19 82
91 39 92
96 71 57
75 31 50
14 16 15
70 37 11
64 86 92
0 16 8
40 48 9
6 69 62
1 61 94
27 6 79
0 4 24
77 11 37
97 35 6
80 49 52
86 49 36
43 89 84
55 84 84
57 39 24
7 66 77
85 50 13
38 24 59
78 45 16
46 50 37
23 33 79
9 32 98
62 98 20
36 15 29
1 40 60
48 58 53
95 75 24
69 28 59
17 23 82
85 32 1
22 61 49
59 55 3
84 35 90
84 17 56
74 30 54
94 7 69
62 59 7
18 29 64
46 94 17
76 49 20
9 22 93
21 76 59
34 65 18
10 79 49
30 19 93
8 76 79
68 26 67
69 45 95
12 53 76
65 61 90
10 78 86
65 30 28
61 10 70
3 10 81
59 76 94
11 37 74
4 2 32
40 75 64
21 51 81
2 5 73
29 88 75
43 12 5
56 36 50
15 20 52
96 1 34
45 17 73
21 64 13
92 30 15
43 72 45
51 20 26
15 9 91
84 34 94
83 67 65
93 14 90
85 88 75
86 9 100
51 60 69
50 11 8
32 6 35
48 3 51
35 45 35
68 18 62
8 20 71
71 18 9
12 72 64
27 62 56
19 60 28
2 45 67
8 67 71
54 12 57
86 45 50
83 97 34
82 41 8
31 74 44
57 83 55
93 12 36
56 27 49
5 92 14
98 37 68
27 59 13
56 42 30
79 91 88
81 55 83
5 3 67
38 77 78
48 54 36
75 73 47
35 40 35
7 31 43
34 33 65
60 34 32
44 93 54
32 88 66
88 93 47
44 6 71
74 67 61
10 13 45
64 82 60
86 15 41
64 85 58
49 98 93
53 1 65
30 84 24
26 62 89
3 30 27
34 17 20
23 86 34
74 40 73
42 67 37
15 58 48
23 43 93
44 29 19
25 23 80
71 3 69
3 51 85
49 14 56
99 32 6
84 22 16
90 94 54
34 33 64
39 28 96
0 47 84
74 97 21
15 43 83
50 21 18
26 77 74
67 0 45
47 90 7
33 46 82
94 44 80
50 13 34
72 66 51
30 70 1
68 54 15
38 64 34
80 17 62
82 2 89
6 92 28
74 78 61
7 33 96
34 52 87
41 38 72
47 99 40
9 98 18
84 90 50
93 99 12
79 75 41
24 50 36
10 9 89
38 53 55
7 77 33
62 59 24
89 73 15
87 60 56
42 45 78
85 51 50
90 54 72
77 29 40
76 53 83
4 74 43
38 3 67
37 73 37
83 75 79
22 32 97
97 72 15
79 52 90
4 97 16
46 89 16
23 3 61
70 33 39
16 49 35
91 18 63
51 75 61
13 70 69
44 15 38
12 37 48
8 97 73
6 67 46
21 93 73
62 34 97
87 98 75
21 11 38
56 7 83
76 27 20
46 79 87
34 90 75
57 69 49
26 90 63
80 14 28
39 79 74
65 61 40
64 17 67
54 61 53
36 7 89
16 51 57
0 63 51
26 49 21
71 87 26
4 16 99
38 88 10
50 89 77
64 76 70
93 45 40
94 20 97
50 92 60
32 53 8
21 98 63
62 98 48
11 29 82
39 64 89
77 43 43
25 23 79
87 17 75
12 62 65
98 16 29
72 67 13
25 17 51
3 69 84
86 67 44
87 73 9
43 83 87
26 43 98
15 75 21
48 63 22
56 40 95
23 8 25
45 94 62
81 73 69
28 9 63
85 82 50
16 47 7
68 90 25
86 58 96
82 22 63
61 11 32
97 86 27
55 67 82
39 63 49
87 42 23
23 84 72
82 27 24
27 82 96
19 23 86
72 27 69
41 59 1
82 76 85
64 37 74
43 47 34
20 29 60
89 80 36
13 76 43
55 49 43
2 61 60
82 70 47
67 97 87
39 0 63
79 88 80
3 21 64
99 37 10
36 21 66
65 88 73
25 98 89
55 45 8
64 47 30
31 56 45
8 41 22
9 63 58
9 76 11
12 2 81
48 96 15
81 33 27
53 31 21
61 91 40
19 12 98
43 93 86
18 45 83
97 23 23
78 92 97
33 15 54
89 67 34
99 51 65
2 22 37
80 59 66
74 71 91
18 71 99
8 25 18
26 3 99
99 20 22
5 12 89
13 76 30
24 36 65
29 33 12
30 75 81
84 49 70
98 91 77
80 10 73
45 21 49
26 42 4
35 2 70
34 85 83
67 36 48
65 25 7
92 49 63
56 43 50
69 82 90
49 23 76
9 11 28
97 6 53
94 5 12
40 98 86
30 54 28
55 24 82
20 94 7
64 65 94
48 93 38
28 62 2
7 99 45
7 66 34
