86 77 5
12 44 41
62 50 22
19 98 81
61 77 66
41 70 24
93 68 90
99 45 74
21 54 12
58 25 38
99 48 48
56 76 86
76 96 76
97 18 54
23 8 98
28 37 88
13 27 96
35 37 74
84 48 15
25 17 82
56 6 76
0 99 19
82 36 97
83 77 87
22 35 36
55 20 27
33 77 49
46 87 69
43 50 89
45 95 45
77 50 79
3 9 5
63 79 2
50 68 30
29 42 4
6 27 17
69 23 34
54 70 8
97 19 20
65 49 76
5 62 81
80 71 34
55 43 11
93 68 77
40 64 56
80 22 24
44 93 24
33 41 14
2 27 61
9 99 39
51 41 68
21 10 62
19 26 54
30 4 15
42 80 6
8 22 33
72 47 80
62 79 22
17 86 32
7 12 11
40 97 70
3 81 48
44 94 74
57 48 93
10 33 65
26 69 6
49 34 1
27 45 48
4 78 7
71 32 1
1 68 100
57 67 28
27 36 78
94 38 16
45 26 86
25 9 30
44 32 84
87 32 15
19 38 82
86 60 97
1 92 36
92 59 78
91 58 58
16 22 50
0 7 10
59 1 47
29 60 75
91 38 52
15 18 71
83 2 52
35 37 87
94 11 57
32 23 66
6 53 69
5 69 54
57 84 35
56 99 26
73 42 98
8 27 38
99 42 86
15 96 24
87 67 88
52 30 14
58 13 56
30 48 71
52 35 79
78 44 42
65 25 67
13 78 64
79 94 43
94 6 49
89 53 99
57 47 28
51 23 12
55 9 90
36 78 76
39 24 16
32 29 48
88 44 88
50 6 58
71 19 95
61 8 15
59 4 44
53 12 53
10 92 88
65 20 84
92 50 29
33 84 75
78 51 96
35 48 99
52 3 80
98 24 70
36 48 63
16 62 99
90 51 27
38 37 40
46 70 10
41 16 65
35 7 35
7 45 1
36 60 56
9 6 87
21 76 33
53 54 36
20 74 22
61 66 59
81 33 77
16 33 73
69 25 22
22 92 20
87 48 3
26 38 51
28 35 60
12 88 84
76 43 16
8 74 11
39 7 29
22 83 59
83 23 33
28 91 21
49 12 65
62 99 68
60 30 23
63 86 79
27 81 87
15 78 54
20 65 90
13 56 84
12 8 12
81 49 91
99 20 77
10 49 58
55 39 72
54 51 45
70 78 79
55 2 1
26 25 78
40 56 89
90 38 43
41 50 33
79 25 63
90 77 45
37 53 7
22 66 94
95 79 50
8 77 50
74 33 39
91 34 99
88 24 7
91 42 32
48 90 61
59 5 84
20 68 66
93 55 74
97 0 4
55 30 5
20 79 60
63 86 5
65 78 33
34 41 77
83 87 9
89 38 52
98 71 51
35 16 68
59 22 36
54 46 18
7 58 100
25 46 58
98 40 79
78 41 85
73 64 30
4 66 44
74 97 60
60 22 37
79 77 43
87 34 12
84 5 13
14 65 37
53 75 19
90 44 9
55 20 17
0 8 13
33 24 54
22 52 81
5 1 18
12 67 46
36 93 59
2 3 100
91 70 75
51 27 25
57 34 18
68 34 1
19 91 56
55 31 30
75 93 16
99 41 30
10 32 73
54 5 61
67 57 63
68 17 53
15 73 62
85 39 91
66 82 16
74 45 61
56 42 9
35 33 2
38 72 21
43 20 87
86 95 90
47 57 55
85 10 70
84 1 90
78 43 23
69 98 39
71 84 60
87 43 89
72 58 65
90 25 75
39 65 41
55 92 13
88 6 26
56 58 65
6 54 84
77 21 7
65 14 86
40 79 92
33 72 73
87 11 84
42 5 99
28 60 88
81 41 36
42 13 39
21 6 20
84 80 55
0 80 44
68 23 84
54 65 6
49 80 28
35 91 94
56 27 51
66 56 57
6 39 13
98 64 16
81 79 24
87 21 46
66 81 21
36 79 4
51 3 26
1 30 88
9 80 28
89 31 46
65 29 64
74 43 44
50 28 83
62 10 64
1 24 48
71 19 75
22 59 33
60 52 60
65 45 39
62 19 66
79 14 43
76 64 11
91 41 2
32 97 48
14 48 61
68 44 73
36 19 59
8 20 57
76 57 1
88 54 72
62 17 24
53 61 46
24 58 56
87 32 39
65 32 16
50 13 26
31 37 85
49 59 57
14 69 20
28 58 80
77 7 50
49 22 86
87 12 25
42 97 43
88 3 27
63 41 54
15 96 20
93 91 15
39 57 73
58 16 13
52 55 52
7 20 9
76 59 16
93 88 68
16 48 100
82 53 51
31 46 69
32 5 43
4 91 29
81 65 25
55 76 78
97 79 82
39 18 26
19 22 88
64 11 37
96 27 29
62 59 64
59 67 46
3 30 4
96 43 76
37 13 30
29 2 28
66 59 44
32 78 65
63 88 92
4 53 80
48 9 29
47 99 15
48 16 44
81 33 61
84 0 66
29 99 8
82 12 21
62 85 15
11 80 87
39 41 76
3 88 38
19 58 1
50 62 49
88 28 3
90 87 95
38 18 96
77 62 59
69 32 82
81 42 33
17 59 51
26 50 1
93 95 25
8 17 100
43 94 80
87 53 76
83 54 92
83 27 29
78 51 2
59 57 38
28 14 88
33 16 60
18 69 27
68 63 66
44 93 27
65 47 15
99 16 35
61 47 78
90 48 74
29 51 50
84 45 15
78 85 82
95 96 92
94 35 56
87 25 40
73 75 15
4 92 16
24 26 15
26 10 72
0 15 40
64 35 25
99 7 72
80 7 2
93 41 29
33 65 70
99 15 22
90 56 55
46 78 30
11 9 53
94 10 50
5 35 21
35 59 46
88 79 33
55 56 96
40 2 36
70 12 30
8 99 72
59 62 93
79 49 44
18 85 96
44 66 48
27 67 16
91 95 57
51 84 62
54 97 53
64 29 46
21 97 94
14 86 73
71 57 100
97 32 90
33 16 57
97 36 18
60 34 87
0 99 51
56 69 32
95 53 84
48 27 36
17 59 91
71 74 18
98 21 51
91 15 22
70 74 81
80 47 73
64 82 49
33 6 91
7 21 18
40 19 8
8 11 80
47 55 35
10 36 35
18 98 37
70 3 88
74 39 26
86 35 51
93 32 20
64 43 7
82 91 4
38 70 80
41 4 55
50 27 43
21 18 14
90 31 81
60 99 94
83 80 40
17 70 10
67 72 72
9 4 40
49 59 32
21 77 49
28 39 90
74 61 24
34 3 35
39 44 61
25 26 17
47 24 74
58 9 51
12 5 13
23 88 57
48 3 6
94 32 28
44 6 29
33 62 82
48 30 27
98 52 74
1 66 79
34 41 21
64 60 80
3 35 77
1 30 68
60 76 46
38 29 84
96 27 59
63 37 36
53 2 91
6 99 92
12 8 77
55 62 9
41 10 77
35 36 14
97 86 38
33 47 67
18 22 80
28 52 6
95 92 86
72 21 4
80 39 88
70 32 45
7 36 55
20 18 68
77 57 25
62 23 46
80 19 23
81 35 44
96 68 91
0 85 48
69 24 37
69 38 8
89 19 80
83 26 50
14 72 25
29 35 9
45 6 56
89 40 75
40 1 23
16 52 88
52 24 29
59 82 30
46 96 12
82 83 28
38 62 36
50 65 82
74 66 33
11 45 18
18 39 91
4 37 35
90 68 93
8 65 15
66 60 60
61 25 24
29 71 18
14 74 60
48 73 35
62 95 33
82 55 87
9 54 34
5 17 4
28 71 42
4 95 98
81 88 78
32 95 32
47 99 22
91 14 65
92 29 83
42 78 94
54 26 93
35 29 79
93 32 55
74 23 86
4 50 33
63 48 62
74 32 100
57 95 26
21 67 32
53 92 7
0 99 40
84 72 10
62 49 8
89 43 86
96 80 28
61 53 2
55 70 44
4 3 95
85 77 49
63 30 14
90 86 35
48 25 98
37 56 11
26 86 46
70 96 7
46 58 64
89 41 70
0 72 32
39 7 23
7 76 39
25 57 79
95 44 16
69 13 55
36 95 1
22 45 89
31 94 34
40 44 80
85 64 44
51 17 72
63 90 63
69 78 24
25 95 89
35 77 43
24 92 94
43 79 84
53 24 79
60 39 65
94 56 50
57 83 2
71 23 47
38 51 35
57 77 95
92 97 39
65 21 7
87 72 57
60 38 61
11 13 5
3 16 60
6 87 87
72 14 64
7 17 62
6 55 6
27 42 92
67 97 50
25 3 47
40 30 51
19 80 80
81 41 16
43 71 10
99 22 62
31 67 44
43 6 71
27 57 72
19 29 90
70 27 28
63 89 54
85 59 99
68 86 57
62 36 26
54 88 12
84 71 31
47 89 61
16 0 92
67 36 33
36 97 84
71 69 49
47 81 91
78 64 96
28 1 17
61 1 45
43 47 97
32 40 32
82 73 45
95 93 41
69 81 32
1 90 97
39 78 95
43 12 95
74 60 36
48 65 82
8 72 68
58 48 93
85 40 40
13 25 24
65 53 51
28 75 94
80 82 88
28 62 99
44 75 13
99 77 2
79 36 86
34 0 54
2 75 35
4 7 49
60 71 15
66 35 93
14 46 61
94 78 5
83 4 34
65 25 74
47 67 45
66 33 67
61 7 49
76 25 21
78 30 34
48 38 56
49 33 8
7 44 1
45 60 63
20 12 86
38 54 54
39 95 32
79 21 12
97 27 69
32 17 81
91 38 28
27 74 8
27 52 82
87 82 66
58 54 96
62 47 50
59 17 25
62 15 94
1 54 96
99 34 30
55 1 100
75 51 85
68 70 45
13 46 56
26 67 96
6 25 37
95 18 50
40 8 26
90 61 6
7 84 98
39 45 97
98 5 55
12 4 23
94 22 8
65 1 38
94 61 84
55 31 80
90 55 19
1 3 52
14 1 64
82 98 8
97 53 98
68 53 60
40 84 96
40 97 8
85 91 2
4 75 65
48 30 18
81 1 62
4 75 95
73 59 94
57 35 99
81 28 86
60 57 72
98 61 95
60 7 43
95 65 18
45 53 43
37 10 47
14 31 42
69 48 20
99 65 96
81 46 50
82 35 17
0 75 90
44 9 19
2 61 12
70 50 34
12 50 93
42 16 90
59 68 74
8 16 83
1 64 4
83 56 53
99 41 58
14 19 5
84 1 61
25 86 41
89 27 29
14 67 69
81 89 78
14 92 60
19 96 44
3 39 96
35 5 42
30 0 18
42 25 8
49 60 16
19 2 94
99 58 61
69 1 15
88 57 56
1 27 87
58 89 91
99 32 58
97 61 56
60 7 26
63 87 53
75 70 8
70 50 50
45 7 40
29 60 5
32 87 18
47 58 85
16 83 60
44 58 21
18 65 72
54 68 88
24 4 94
7 39 95
0 69 95
36 68 75
17 22 53
94 11 61
55 25 62
43 97 14
87 83 66
88 64 52
39 28 5
5 10 70
23 15 72
60 61 95
39 66 39
91 1 4
40 24 7
90 2 99
46 63 66
61 99 99
78 23 41
90 56 25
26 94 97
56 28 24
77 34 55
7 67 97
46 58 51
78 98 85
35 43 59
99 82 84
91 54 29
98 74 96
41 18 64
2 51 31
70 80 74
55 59 9
46 39 23
79 66 97
42 7 93
19 2 55
91 83 98
54 30 99
89 2 83
70 65 95
32 18 39
90 3 80
88 3 9
29 91 1
95 85 96
79 65 81
28 90 18
64 57 100
74 50 92
55 73 56
31 46 33
8 10 14
43 54 70
86 4 21
49 29 60
96 27 70
88 44 11
25 60 10
87 88 18
23 94 41
23 33 84
7 37 42
63 29 43
35 26 4
17 89 94
12 24 99
69 33 62
81 3 16
72 79 32
9 78 43
93 82 20
24 59 37
68 43 78
15 77 59
86 93 74
54 28 47
37 32 89
65 89 3
40 13 40
1 21 15
30 93 62
12 34 62
46 7 4
47 49 35
32 72 80
13 51 94
94 73 68
33 51 80
29 35 61
18 43 25
61 67 35
82 33 11
88 24 68
66 28 79
10 26 7
97 15 24
67 16 26
51 33 55
56 88 92
0 55 71
37 12 36
35 83 72
77 13 81
60 51 35
62 58 42
39 28 85
23 7 46
37 35 21
40 67 54
84 77 34
74 77 45
8 6 8
92 2 75
84 11 95
63 58 85
32 89 22
82 14 80
68 81 43
0 62 37
55 3 59
86 22 1
24 73 41
0 51 62
1 35 56
97 21 34
92 53 42
98 93 77
42 75 1
16 53 12
51 12 3
98 52 43
83 46 63
88 33 48
15 34 19
69 26 50
38 66 83
2 27 90
30 21 26
31 73 37
32 28 3
93 77 7
0 82 93
59 51 73
95 45 11
91 48 60
46 44 65
62 93 33
44 89 38
81 54 20
20 91 95
56 23 56
36 7 28
12 29 56
64 86 22
72 94 5
38 17 83
85 28 86
85 4 31
19 69 55
18 55 65
92 90 71
91 37 39
81 12 67
98 51 85
10 43 94
65 10 71
4 38 87
29 18 23
4 55 39
1 70 74
10 55 12
22 11 90
44 95 61
1 14 32
82 43 92
2 4 24
87 83 36
59 72 97
11 31 63
14 86 97
1 33 55
51 29 66
25 1 77
5 3 29
26 20 26
41 26 51
49 2 82
33 51 77
18 5 12
9 97 7
88 63 74
81 41 50
76 63 40
56 1 74
56 46 82
61 35 44
91 82 25
96 63 20
55 93 51
19 37 17
25 17 53
76 15 92
49 25 79
7 71 17
58 5 82
7 36 95
16 68 58
99 13 19
69 11 85
18 69 39
79 68 32
10 28 19
2 75 9
14 77 68
65 3 12
81 60 8
1 51 86
60 13 53
8 0 21
48 56 29
71 95 68
72 93 45
26 2 69
90 19 42
79 54 34
17 77 81
91 77 51
5 26 48
15 10 1
34 26 19
22 3 35
34 50 6
45 30 3
86 20 91
63 71 49
60 76 41
71 79 47
57 62 82
78 46 69
75 40 18
65 95 37
93 82 61
68 22 1
7 28 69
16 29 42
97 1 63
6 16 63
36 46 13
71 48 49
99 75 20
81 40 66
37 75 48
99 29 95
56 57 50
47 97 64
68 90 35
57 13 71
88 8 83
21 66 22
3 14 22
99 14 23
87 30 17
38 31 68
77 26 12
96 89 89
34 8 56
1 96 1
76 73 86
49 93 19
87 34 74
30 46 16
22 3 15
0 59 6
22 11 41
70 59 18
38 78 68
11 61 30
13 54 97
98 59 15
53 99 29
47 50 35
60 31 93
27 65 92
94 44 24
73 82 13
48 27 25
85 23 55
24 35 77
27 55 10
73 14 55
38 31 94
95 5 20
84 60 65
88 35 91
8 35 42
55 94 64
60 76 42
43 74 24
11 1 60
41 54 57
30 47 57
46 26 84
68 24 30
10 12 73
88 82 41
58 50 67
64 15 52
26 83 39
22 25 25
28 98 65
21 72 63
50 76 49
28 87 19
43 96 3
72 32 47
66 8 52
89 69 97
76 68 49
78 81 17
7 47 18
40 99 48
32 65 50
76 53 66
66 47 45
30 92 93
67 57 24
72 59 19
42 16 7
31 29 43
80 32 27
97 45 3
27 35 54
48 10 99
97 67 29
39 50 66
19 63 64
2 97 18
50 43 15
73 61 70
54 23 76
11 32 65
50 98 91
58 90 95
19 52 26
98 7 99
25 5 87
4 39 75
94 96 68
78 99 6
4 85 63
77 16 39
60 6 54
12 42 65
67 65 28
14 74 16
14 43 50
84 1 9
33 9 84
16 32 29
66 51 54
65 62 20
84 76 52
24 23 25
29 23 86
24 45 73
60 31 37
2 66 35
72 9 25
91 77 47
86 61 86
41 36 48
3 64 16
34 31 9
97 94 12
35 5 37
30 49 3
55 37 36
15 69 44
93 73 23
59 36 63
41 49 30
49 6 99
65 48 16
29 58 58
87 50 88
9 1 8
29 79 68
10 77 38
74 49 59
90 29 86
20 96 20
22 34 17
31 6 35
3 25 34
71 80 11
72 40 38
55 21 9
93 54 71
18 11 75
0 23 5
85 32 7
95 37 25
56 22 42
83 14 94
3 78 66
27 87 37
57 9 70
3 62 8
8 65 60
90 75 67
96 8 62
62 3 80
62 47 64
49 32 86
55 26 53
94 98 89
87 47 36
11 25 17
15 65 42
40 79 6
53 83 50
28 54 14
3 9 70
86 32 55
17 98 70
65 23 78
25 9 24
94 22 70
91 16 72
22 58 85
21 10 70
67 58 36
33 10 58
64 46 63
14 63 27
22 94 48
34 62 45
38 10 99
32 87 46
92 32 72
43 7 86
21 50 29
32 60 1
71 54 82
99 0 84
91 96 38
7 68 84
21 79 94
71 10 26
53 66 99
82 79 64
39 46 55
51 74 21
26 56 100
41 37 42
44 31 37
44 71 86
81 25 83
12 58 48
34 2 77
53 76 21
82 3 22
20 92 61
56 80 73
40 14 82
52 31 30
12 42 94
54 51 31
37 30 2
58 1 9
43 88 57
49 50 81
54 13 7
65 25 27
58 31 62
47 31 92
35 23 45
34 67 5
82 79 64
87 76 46
85 50 92
81 85 35
16 22 61
10 76 72
5 56 66
78 9 52
30 99 56
43 53 73
74 14 22
24 3 76
23 5 56
33 54 24
65 57 99
72 82 62
48 91 95
79 32 26
18 42 96
27 59 76
73 22 24
11 30 70
97 73 70
69 80 21
97 30 100
12 96 78
7 74 20
70 90 90
65 25 9
51 81 95
57 29 31
38 9 49
73 13 21
21 41 27
63 36 33
82 45 71
86 9 80
4 71 39
49 4 64
45 9 84
89 80 4
76 66 29
32 85 64
74 32 18
66 68 46
98 7 38
11 9 26
38 56 53
64 81 72
29 30 12
53 15 85
18 44 48
39 17 26
27 62 61
24 12 17
39 94 73
92 24 80
15 84 14
58 85 37
24 50 70
67 61 99
18 28 87
37 19 44
79 17 87
47 45 88
14 93 86
4 33 76
58 18 74
42 75 50
79 37 69
45 6 94
92 18 43
94 47 48
53 73 91
4 8 68
80 3 24
68 57 100
62 2 44
40 19 61
64 94 26
85 58 49
52 11 47
25 20 65
53 67 66
72 86 89
68 35 49
2 23 39
87 66 19
18 86 11
97 25 41
48 32 72
37 84 44
33 97 91
44 72 32
28 46 33
24 79 43
87 2 32
13 62 29
6 34 40
8 15 41
90 52 66
79 58 81
83 63 48
52 42 14
27 82 42
10 6 96
77 3 84
66 94 24
0 95 76
77 85 18
10 94 83
95 47 8
4 6 40
4 19 49
60 67 2
94 16 9
53 63 49
87 43 9
72 28 74
56 48 5
4 65 94
4 22 95
82 35 60
44 91 11
30 88 78
52 10 7
32 0 59
76 93 34
27 47 4
56 76 93
94 67 9
43 4 64
21 47 44
60 96 71
59 97 39
80 61 86
90 76 39
38 32 56
43 90 79
32 41 8
50 85 62
8 53 10
5 73 80
60 58 87
99 43 44
53 22 93
75 92 6
34 52 83
48 39 49
77 26 96
89 85 19
41 12 75
71 85 34
56 65 17
83 76 81
21 72 99
11 25 5
89 50 74
44 8 98
73 29 40
29 80 32
11 36 81
60 3 58
48 89 83
2 88 70
46 43 19
68 36 1
6 16 84
83 53 61
48 19 100
18 83 22
47 79 8
93 12 9
35 53 90
40 69 27
15 29 34
24 55 22
71 66 36
91 3 7
25 94 23
43 91 87
66 72 4
37 42 29
51 57 45
25 82 19
71 58 82
74 85 8
88 18 96
71 17 69
53 77 80
33 70 53
80 42 80
99 5 87
4 10 25
83 51 72
89 23 79
90 30 79
97 28 77
79 60 87
78 35 60
10 45 14
4 90 40
9 7 8
89 52 90
74 56 11
2 81 92
83 8 97
47 94 67
66 45 61
35 85 45
26 64 27
32 47 65
46 55 1
1 78 80
81 25 65
85 9 26
52 68 12
67 7 92
13 71 8
29 57 35
12 87 100
90 69 76
1 14 97
0 51 31
73 10 89
33 49 54
97 59 57
91 61 87
36 6 10
53 93 57
75 50 28
17 86 46
39 56 66
62 67 59
2 26 44
44 85 4
84 75 22
9 97 6
51 84 58
72 35 100
6 20 46
4 67 81
33 18 37
89 54 85
27 33 97
28 78 40
28 4 95
32 63 67
95 90 21
19 6 75
62 30 85
84 14 79
76 83 27
61 64 28
56 85 53
18 77 65
57 11 23
81 54 8
0 15 31
14 4 99
29 31 52
1 16 84
88 89 77
51 93 42
59 86 60
43 4 92
19 31 71
21 68 2
80 3 56
33 89 52
25 89 36
34 85 71
58 27 47
45 55 85
10 68 42
47 32 41
44 17 71
66 27 32
29 23 51
91 86 3
2 71 40
43 23 50
58 73 58
75 19 96
5 78 54
46 41 79
9 81 78
13 32 74
79 12 26
93 46 19
12 35 8
82 5 95
77 94 29
75 43 51
77 3 17
90 92 52
71 66 6
3 25 57
55 1 86
17 86 98
30 49 31
98 68 98
47 60 37
79 83 2
58 85 80
72 2 37
23 69 20
0 53 91
5 33 50
22 21 1
15 31 60
0 89 17
56 48 76
89 46 34
1 52 78
26 14 73
19 52 9
83 52 22
43 34 38
49 95 35
3 47 70
0 29 19
81 28 60
47 48 23
65 88 70
65 16 68
17 26 20
89 56 100
98 11 40
32 44 64
25 79 65
92 78 79
95 55 84
87 5 91
19 10 75
95 50 88
87 50 62
51 45 45
31 39 14
0 88 72
87 60 48
70 30 98
57 72 68
0 53 19
58 37 15
89 76 71
50 53 63
2 89 14
54 8 30
32 90 51
2 72 19
51 25 60
39 13 96
91 90 6
43 83 63
72 61 81
32 22 92
94 93 47
85 11 55
58 70 99
95 35 26
14 84 54
94 46 59
43 91 18
83 53 96
50 34 44
11 30 15
99 46 88
41 60 7
45 84 27
14 72 71
45 15 74
38 13 81
18 43 2
66 32 77
81 92 78
49 70 93
67 61 41
71 92 21
99 0 100
53 22 14
84 90 63
69 5 9
20 94 57
55 10 16
51 29 9
14 86 60
89 9 76
26 74 11
24 84 23
29 90 9
29 62 13
95 25 30
62 65 23
47 64 1
57 38 92
52 50 49
62 32 21
97 71 69
28 87 14
96 87 44
65 26 38
35 1 34
45 2 18
54 61 97
30 52 33
72 70 28
37 92 98
56 36 39
85 39 31
13 32 30
38 97 36
58 46 64
16 96 22
41 23 41
86 61 26
66 84 40
22 82 57
90 4 80
99 72 40
22 27 18
13 32 82
17 51 46
28 25 58
5 33 12
67 81 76
91 45 72
74 31 49
29 15 83
70 53 38
74 98 58
12 77 21
12 24 46
26 62 65
34 80 15
77 75 30
88 10 16
15 99 25
52 56 33
26 4 26
71 90 45
10 70 17
90 45 68
65 90 37
82 4 70
68 17 78
67 95 26
87 15 55
83 56 62
13 87 41
45 5 37
94 95 12
80 43 24
99 76 74
65 32 42
85 29 20
42 38 71
51 86 38
34 44 66
14 68 54
15 9 66
60 33 7
39 56 5
78 28 7
72 74 100
45 79 92
74 20 40
41 9 55
95 94 95
69 89 11
51 8 60
60 24 44
76 24 26
38 27 18
49 62 2
59 92 16
28 57 41
87 98 10
95 68 4
92 81 94
63 53 95
23 45 35
10 31 49
46 45 82
51 16 47
87 62 22
39 24 52
52 24 33
3 70 79
80 92 69
62 24 73
90 94 54
92 40 57
86 43 24
95 0 22
6 39 34
24 62 6
41 78 57
32 71 78
48 43 60
80 14 58
18 64 34
79 19 81
47 24 47
5 32 15
51 49 69
45 52 7
16 2 82
12 33 67
84 96 57
81 4 70
17 98 24
70 83 26
25 68 11
80 69 99
24 79 4
47 70 32
16 33 75
62 29 53
7 37 52
49 33 39
84 69 64
97 75 19
83 3 43
58 31 80
89 75 44
41 36 16
20 80 58
75 97 5
64 79 6
77 24 52
91 7 31
1 30 44
90 36 62
82 31 13
84 97 21
39 1 46
81 88 82
58 51 48
28 68 61
90 88 99
59 19 43
31 51 19
95 66 54
69 49 86
27 43 75
0 31 24
55 82 1
99 1 24
35 71 33
25 75 77
77 12 85
35 56 64
70 25 77
82 57 73
70 46 52
72 47 13
38 24 68
41 25 37
87 47 40
54 26 85
27 65 93
43 34 74
51 37 91
78 68 31
23 21 12
82 48 22
94 67 66
40 60 84
69 77 50
68 11 31
14 88 43
86 89 49
34 60 72
73 41 57
54 81 80
8 52 5
38 72 34
47 15 16
3 71 31
49 72 68
36 9 15
10 0 21
47 92 68
53 30 29
37 48 15
92 30 43
66 99 94
94 67 84
44 58 40
30 41 91
63 98 11
18 56 83
5 91 31
57 74 96
33 66 34
86 65 82
43 34 78
16 41 12
32 34 42
88 81 20
2 42 71
22 15 47
8 71 37
59 82 21
46 74 64
30 32 87
9 6 31
92 40 63
14 19 53
2 53 70
81 11 38
10 13 65
9 79 57
81 11 69
47 25 76
94 21 73
24 11 45
57 44 25
49 39 44
9 44 95
97 30 7
29 90 23
32 98 85
52 98 99
25 17 10
29 58 85
23 69 72
6 97 64
68 39 34
31 74 4
22 38 69
98 6 44
97 1 29
82 99 98
34 19 78
43 37 67
46 55 97
29 39 16
40 29 36
16 35 56
1 95 65
58 46 10
14 93 95
25 75 63
94 23 19
18 44 39
46 14 65
51 49 88
78 62 14
34 52 48
85 82 94
33 21 91
28 3 62
76 5 61
95 12 59
57 31 52
91 62 89
87 19 66
74 8 38
70 20 62
24 72 9
81 79 92
77 62 66
45 57 9
65 39 68
14 2 8
96 37 57
54 87 39
71 24 72
63 84 2
62 80 54
88 11 9
61 11 81
6 34 51
34 20 77
85 27 59
59 73 92
41 96 36
99 24 62
92 75 18
15 61 62
29 86 67
19 74 73
70 94 7
54 26 35
96 36 13
55 86 9
52 17 27
51 97 45
83 76 18
82 33 63
99 95 35
84 35 97
91 36 9
44 50 99
58 67 18
10 66 33
64 74 28
6 5 14
52 87 38
97 64 91
4 32 63
67 22 95
57 37 97
68 1 69
82 76 18
97 7 43
4 88 44
91 46 38
22 69 53
51 41 64
8 37 91
71 96 14
40 25 7
19 29 47
37 64 23
55 27 91
41 13 15
45 43 55
58 7 20
45 36 24
14 82 18
99 29 83
91 42 19
55 5 75
61 9 72
63 58 57
92 68 53
77 67 23
23 20 15
23 91 81
33 65 79
59 88 51
20 24 97
16 11 28
15 61 26
76 64 54
18 5 70
63 95 51
17 87 98
63 82 39
84 85 92
81 99 6
68 12 2
82 59 90
59 66 80
9 28 6
84 86 23
34 21 6
70 94 23
0 64 68
38 92 7
14 74 58
15 77 38
21 36 54
35 27 83
59 5 59
91 66 19
95 15 43
12 44 88
68 19 18
28 27 64
37 62 86
29 78 66
42 79 55
70 43 90
48 15 32
33 91 10
89 40 47
55 45 31
96 56 33
23 55 10
87 0 81
84 75 75
85 73 86
51 43 2
1 27 5
1 68 90
23 44 81
77 3 13
48 42 10
65 32 61
75 44 98
62 75 41
39 69 68
25 4 93
38 67 12
24 77 1
32 92 97
55 99 84
2 61 11
95 85 45
50 18 70
3 50 33
56 9 7
54 22 91
96 84 22
79 96 76
92 52 92
13 41 2
32 60 80
74 64 74
74 40 45
46 62 21
9 2 88
47 48 49
69 33 49
80 38 89
57 37 58
93 95 83
47 25 77
92 88 58
15 8 66
28 62 88
32 94 44
69 5 16
27 80 2
30 16 83
28 96 82
98 69 10
40 10 2
36 91 90
57 0 53
75 86 49
92 93 19
5 68 4
18 99 21
10 30 61
87 24 67
41 59 19
95 15 46
89 5 19
74 1 81
91 43 20
49 47 48
48 93 76
55 1 31
12 41 55
37 36 43
75 31 92
51 41 36
27 56 75
27 48 30
39 32 96
64 78 55
93 8 77
46 48 11
92 6 41
92 50 57
60 54 82
8 21 37
98 42 26
51 27 68
40 86 7
89 81 2
29 40 10
60 30 62
99 42 65
12 4 92
94 50 19
70 38 94
69 15 8
65 21 43
9 84 80
24 89 41
11 34 69
71 79 97
97 84 52
78 51 38
18 78 6
72 14 64
31 76 30
91 10 90
90 53 28
43 47 34
72 57 50
5 34 59
18 56 22
81 60 26
91 19 31
63 2 19
0 4 33
56 84 54
55 49 12
97 75 23
4 58 68
88 15 90
69 65 64
61 57 15
30 96 57
98 64 6
8 3 81
61 0 72
10 53 12
26 16 75
93 91 5
74 13 74
98 56 64
20 92 91
97 65 67
17 86 28
80 60 80
12 67 83
98 0 81
48 45 81
28 88 52
12 53 31
42 75 51
16 93 93
54 55 47
67 31 30
60 56 64
9 43 41
92 39 62
67 84 70
21 95 61
7 99 12
34 89 43
15 74 79
10 76 98
13 55 84
62 92 57
3 59 16
80 60 65
64 94 29
7 25 45
54 15 20
42 10 55
3 42 41
87 15 13
43 98 25
72 26 8
49 64 56
45 7 96
76 7 34
33 76 3
43 16 67
90 32 1
56 39 14
41 47 69
85 45 44
11 62 70
91 97 71
24 20 86
88 39 41
44 49 46
61 47 89
87 58 21
78 33 55
76 74 80
36 74 14
10 68 27
74 19 77
73 90 91
63 36 83
89 75 45
62 44 42
11 79 66
19 82 85
32 6 66
35 73 23
57 19 88
20 21 86
45 55 67
76 92 87
32 2 53
5 22 87
36 39 8
24 33 85
12 98 99
14 39 7
22 80 76
19 52 91
53 43 53
56 54 48
99 62 4
92 36 71
62 30 48
45 15 79
79 12 81
91 44 44
98 38 49
51 40 13
1 11 66
62 25 29
82 59 73
43 14 34
50 58 76
45 73 76
78 87 52
73 70 36
74 83 70
13 95 96
84 36 31
38 90 42
12 34 18
12 39 18
86 23 41
79 83 28
77 84 35
81 74 42
84 18 92
32 63 93
61 51 39
8 50 42
23 92 86
37 75 14
83 10 44
91 21 97
43 34 73
79 81 47
99 88 64
7 55 18
57 66 64
4 77 24
76 58 86
11 97 47
53 72 66
0 34 41
34 78 32
11 48 27
18 33 1
35 95 80
50 38 31
23 60 87
98 3 54
99 59 40
20 72 81
83 43 62
98 59 4
20 35 95
19 71 3
6 81 31
32 38 30
43 14 77
98 20 3
2 94 31
30 55 95
48 15 36
35 59 69
63 55 16
42 67 89
72 88 19
8 88 51
48 23 77
14 92 66
35 43 46
68 74 33
23 74 95
69 43 52
68 91 89
99 62 55
13 79 17
5 48 80
26 72 81
95 54 42
3 83 15
26 40 50
59 76 69
73 69 87
40 9 99
52 82 96
79 65 86
57 27 29
48 91 100
32 8 20
67 8 90
82 29 68
54 87 57
35 41 47
5 85 48
88 99 42
45 46 35
25 55 93
92 65 84
75 28 90
2 70 9
6 19 47
38 10 2
65 35 76
46 3 80
28 98 61
2 93 19
85 0 49
75 29 50
53 79 93
80 50 48
57 29 33
48 68 75
51 83 80
55 40 28
25 26 86
5 46 7
5 52 77
69 72 38
49 9 60
26 42 56
40 58 91
74 37 77
24 76 10
17 82 49
25 73 36
23 70 75
12 9 44
4 54 89
47 80 64
84 59 85
24 59 25
1 99 93
53 20 79
65 78 40
68 26 99
91 11 35
93 95 61
10 63 49
96 17 47
49 31 91
6 83 40
74 20 67
58 61 70
90 81 41
9 16 40
77 80 42
46 62 28
53 13 70
24 14 22
41 37 61
97 87 69
45 50 1
33 62 66
70 32 25
18 23 70
17 2 94
66 52 76
68 72 13
18 46 71
93 27 69
32 49 99
55 28 90
27 66 72
0 67 88
70 42 90
2 51 11
52 74 37
19 27 88
56 26 41
50 70 40
21 50 40
40 30 95
8 24 4
78 50 53
97 16 47
49 46 33
3 4 77
27 54 51
83 87 9
18 41 68
24 16 74
53 51 50
76 18 78
41 72 51
34 69 27
13 38 72
2 54 13
19 31 99
37 12 31
13 65 64
16 86 52
12 79 61
9 0 58
21 40 97
33 14 50
24 76 91
2 22 72
54 32 19
67 46 78
24 33 62
11 38 82
9 67 93
88 50 6
93 49 84
33 82 6
12 75 76
61 74 77
16 21 53
84 26 85
50 93 47
99 73 75
50 60 92
69 56 64
89 7 41
4 95 13
34 44 75
4 9 92
62 18 68
55 92 9
93 94 56
65 52 11
19 89 87
97 58 85
55 25 12
14 81 63
73 94 59
51 46 64
98 56 74
35 87 54
49 32 22
65 0 6
84 26 66
42 32 93
94 64 47
13 77 84
49 39 70
90 7 95
30 69 47
26 39 76
81 96 90
96 41 26
45 26 24
88 57 60
40 29 68
49 8 17
67 74 51
44 8 42
1 12 100
98 33 32
53 23 66
8 83 40
58 75 12
91 36 24
20 57 73
52 74 45
58 49 62
67 58 4
30 78 20
34 50 51
27 9 35
10 58 49
82 62 51
97 77 81
48 92 19
55 14 79
67 68 25
89 19 26
88 13 39
0 42 88
69 53 74
51 7 85
38 57 1
77 30 53
87 10 88
50 27 24
84 77 9
49 86 37
13 5 37
70 8 43
21 4 78
70 66 1
11 81 59
22 47 49
15 48 91
32 4 23
31 27 37
86 20 97
51 65 92
16 46 100
25 65 46
32 9 75
6 42 59
22 5 13
40 66 1
38 78 39
20 44 11
56 41 18
28 40 100
92 97 40
39 26 93
31 78 45
59 21 6
12 73 47
93 66 32
72 41 25
85 45 44
95 20 27
79 83 23
61 40 3
78 81 26
8 45 92
60 31 7
31 59 95
31 33 56
45 96 55
58 64 27
19 60 21
8 28 47
46 78 68
0 47 89
92 78 95
45 22 55
18 10 80
64 27 90
56 30 5
27 88 80
36 74 95
64 86 65
28 71 76
50 15 1
14 93 78
25 30 48
26 81 9
98 82 86
5 2 63
39 84 25
17 13 27
55 42 79
25 70 49
12 15 14
84 51 57
50 8 87
34 64 66
96 94 8
64 28 40
90 55 59
77 19 20
10 40 78
61 96 56
28 5 100
20 68 43
42 96 73
85 45 81
67 26 77
39 26 2
67 13 39
47 74 75
67 56 49
20 2 74
0 5 77
86 59 16
33 58 2
91 29 9
22 58 66
6 45 49
85 41 18
95 89 52
56 59 47
21 18 73
41 5 95
9 99 14
88 49 17
71 43 69
54 76 11
67 69 81
70 93 94
67 26 54
84 54 93
93 2 14
72 86 12
14 87 44
37 16 63
76 47 42
93 32 52
66 15 47
3 4 9
73 2 93
43 63 39
88 41 85
17 6 79
44 26 95
3 51 99
84 86 55
33 60 88
26 15 35
99 21 85
34 91 2
76 72 11
29 63 11
16 27 78
6 45 53
54 95 31
51 54 26
34 45 84
61 68 80
48 39 22
79 51 80
30 48 8
55 9 48
76 95 66
78 95 83
75 65 46
53 71 79
85 3 73
91 19 100
93 2 14
47 1 92
72 90 39
34 55 29
31 85 53
43 91 68
91 66 71
74 46 31
95 22 96
85 43 4
77 22 43
68 85 57
15 91 93
11 99 73
43 21 44
35 72 31
75 15 42
46 5 10
66 0 39
87 91 21
59 0 1
51 82 49
2 55 9
38 51 71
9 2 66
4 16 7
55 49 26
16 13 46
88 45 88
10 95 7
67 72 17
36 64 22
38 15 51
88 70 29
11 52 36
75 73 80
84 37 60
92 70 76
44 63 7
33 89 32
14 61 90
74 22 87
80 30 74
6 70 48
56 58 33
21 48 48
58 73 19
91 12 2
8 63 80
34 4 64
47 13 42
78 70 95
65 41 65
37 97 12
55 10 65
24 58 25
60 75 50
51 40 90
21 4 100
92 98 39
95 45 71
22 60 60
24 46 40
81 86 9
96 51 98
7 99 73
99 84 21
20 44 28
54 1 93
96 31 33
24 25 88
96 49 91
97 82 77
92 43 76
13 87 78
27 17 79
45 42 75
93 87 27
29 99 62
97 27 7
74 97 91
61 23 100
45 4 53
72 59 8
89 70 94
73 56 68
22 40 75
3 63 91
98 57 29
98 43 22
66 58 28
29 85 30
93 86 70
90 32 66
12 43 10
47 30 24
6 86 67
7 74 71
39 0 54
77 67 6
50 76 60
27 36 51
58 81 41
50 65 18
98 1 14
49 59 38
5 12 100
46 19 14
89 72 89
3 87 35
64 66 37
94 88 7
97 17 37
25 77 31
21 44 62
11 12 88
62 37 94
58 82 95
82 69 84
52 48 95
48 79 25
62 2 45
45 94 96
26 61 87
22 19 99
53 14 94
43 55 81
38 83 27
12 69 8
83 24 43
83 86 70
26 87 79
77 81 25
41 66 94
27 10 77
36 3 50
92 22 11
75 96 41
77 27 21
77 57 64
44 43 80
83 2 63
21 81 20
98 75 81
25 26 48
51 23 35
64 55 73
49 31 90
58 92 66
39 75 37
30 77 9
14 34 9
22 94 58
87 10 50
17 6 65
5 64 29
79 72 31
96 65 100
56 40 91
73 26 52
80 47 25
94 62 29
91 10 18
87 84 1
36 45 51
97 28 74
45 89 97
14 23 49
36 37 55
88 25 33
77 54 77
70 48 41
55 84 100
52 45 99
38 80 60
0 99 75
73 96 58
42 90 98
33 74 65
97 21 79
73 20 26
2 75 42
1 37 68
22 8 100
55 65 76
96 98 7
39 64 51
49 53 76
58 80 37
67 86 73
53 32 52
61 18 57
92 28 30
44 22 68
72 39 6
49 67 43
32 83 99
92 76 48
65 53 15
99 26 88
34 22 38
96 79 21
40 51 16
99 2 38
73 63 56
72 75 23
29 88 12
68 28 35
82 51 62
19 31 20
73 57 44
51 22 14
81 88 48
69 73 67
25 52 31
80 43 18
84 16 91
65 58 58
58 42 34
5 20 97
42 88 77
34 13 20
40 59 6
69 12 4
94 81 11
2 3 81
66 91 54
46 86 66
65 16 76
83 92 19
63 62 46
20 4 75
49 13 16
82 64 13
59 44 2
35 89 62
74 35 96
61 5 39
81 28 68
24 19 3
52 96 7
68 18 63
36 92 32
87 71 71
80 53 91
13 58 79
45 75 21
20 34 65
45 31 71
6 38 59
27 50 9
56 53 80
95 11 33
21 30 53
91 36 7
67 75 3
50 72 20
87 86 100
32 1 65
86 44 18
60 30 85
41 21 97
65 97 82
0 25 7
43 48 47
43 66 22
14 17 43
31 1 83
37 16 78
88 87 46
5 0 79
84 72 68
89 14 1
73 16 6
63 97 42
6 94 90
46 4 80
14 64 54
33 70 66
58 2 11
90 71 5
31 39 38
81 61 4
8 31 43
50 61 97
80 19 46
11 50 9
29 94 35
27 80 28
40 99 36
99 24 23
56 43 99
43 18 85
27 70 83
85 99 23
31 91 35
31 92 66
96 64 11
2 0 78
42 52 31
88 33 95
33 19 48
98 61 71
78 69 87
60 32 17
94 73 41
46 84 43
88 4 13
53 29 98
73 95 82
50 15 48
67 57 40
25 21 52
72 85 98
83 94 88
69 72 78
61 58 23
77 44 10
85 43 12
46 59 29
76 65 84
42 29 59
29 95 25
30 43 96
56 48 32
46 64 39
55 2 11
8 30 47
61 63 99
48 99 69
34 50 87
20 26 82
25 32 6
7 16 47
55 82 23
22 9 55
60 51 24
0 58 67
68 18 45
54 21 91
84 95 57
94 92 33
99 47 9
75 86 28
41 60 23
97 7 60
84 63 58
40 2 79
8 5 82
91 51 74
81 27 19
79 57 62
45 35 7
71 13 87
32 98 11
93 60 41
16 91 70
29 28 66
54 30 74
75 25 18
69 37 35
53 22 77
51 67 72
60 47 89
26 34 6
93 66 42
39 72 48
32 55 18
37 74 88
23 34 12
9 69 83
4 46 88
91 92 16
60 64 16
74 94 94
5 63 41
64 77 11
23 58 61
30 11 14
6 89 31
10 16 84
61 24 100
77 10 20
84 97 86
48 37 89
90 70 62
9 17 71
92 14 83
40 14 14
8 85 20
76 93 3
43 46 24
3 28 75
54 49 89
26 71 74
17 13 54
1 93 47
94 98 20
69 28 63
62 89 84
49 39 5
92 30 58
6 76 27
97 76 37
39 52 31
64 92 96
69 61 64
74 31 21
34 29 1
42 46 32
17 27 73
36 0 21
82 58 89
8 2 57
73 2 16
28 24 38
29 63 25
61 83 1
63 19 80
22 24 24
18 78 91
42 48 85
14 60 75
18 12 4
71 68 37
75 88 56
9 37 93
34 42 64
17 18 16
15 68 67
87 64 59
27 44 19
67 9 26
72 39 93
77 57 21
49 81 33
55 50 81
18 56 83
15 19 34
49 26 29
12 1 11
4 76 62
25 16 66
71 9 22
16 60 73
82 19 16
84 68 56
93 29 32
31 5 64
53 40 42
85 10 75
23 26 84
94 25 65
49 16 69
70 50 23
96 24 95
54 87 18
64 60 84
82 8 36
14 62 3
85 53 57
29 47 50
81 30 29
30 99 76
46 49 62
16 27 91
34 1 11
35 52 31
86 37 73
28 64 78
64 70 77
90 66 69
23 49 78
52 40 98
10 99 18
31 92 99
49 75 98
10 95 62
17 29 71
50 86 49
24 10 38
32 42 64
27 9 91
73 20 2
44 62 7
32 99 29
16 29 64
6 99 57
12 76 11
75 60 2
9 93 66
21 68 71
1 28 27
63 92 29
50 23 34
11 8 41
90 97 57
86 20 5
94 90 53
29 4 62
68 24 94
48 3 49
91 60 73
1 85 100
14 19 92
9 97 69
98 70 93
67 19 6
29 8 77
6 53 1
20 92 22
73 41 98
82 50 93
24 41 25
34 95 80
42 63 60
82 49 80
99 10 96
48 64 70
81 9 4
77 37 46
81 28 86
36 24 73
83 3 37
53 68 13
8 6 39
28 90 85
15 8 14
31 83 8
78 36 35
18 67 81
11 7 78
70 53 41
96 12 82
12 81 97
1 92 52
78 60 81
47 35 99
1 11 5
43 67 44
85 17 77
24 73 36
82 88 7
1 79 59
27 13 12
94 79 88
80 30 3
66 43 7
42 12 67
22 20 75
30 91 48
50 73 69
44 91 100
41 49 40
98 22 65
29 17 66
98 6 69
81 99 19
19 34 76
62 5 95
90 3 29
50 67 6
40 6 36
61 98 96
4 5 78
87 17 22
35 51 79
15 89 26
0 12 38
86 32 75
16 18 64
39 13 12
87 9 10
97 83 17
97 3 93
28 89 36
56 47 44
72 78 55
41 17 9
81 4 44
87 86 96
43 46 41
64 70 15
17 66 31
64 28 36
18 64 7
64 23 35
3 67 38
24 41 82
21 52 95
66 64 13
26 2 63
24 53 39
26 19 11
60 38 36
86 12 100
15 53 70
33 6 99
48 69 55
98 99 14
75 30 46
58 7 63
26 33 20
38 23 4
44 57 29
83 19 98
10 50 35
86 96 92
49 31 30
41 34 83
17 41 23
61 82 25
28 29 74
42 39 89
26 71 44
3 85 59
81 1 76
89 13 81
5 27 27
86 23 26
46 97 11
97 39 84
16 11 95
44 17 44
2 30 17
39 65 68
23 48 25
59 60 66
41 69 17
95 34 72
78 52 56
27 10 45
49 9 49
19 99 12
81 78 52
16 60 11
78 12 91
51 80 23
68 25 89
99 90 26
76 7 6
30 65 60
41 92 38
58 54 52
73 66 74
46 15 11
72 81 75
33 62 38
66 54 49
14 46 20
53 67 81
29 74 45
16 38 20
16 49 87
93 87 63
48 29 23
76 73 43
27 69 28
59 76 74
51 56 68
13 49 36
8 3 35
14 18 1
92 93 93
65 38 59
52 26 15
60 26 65
34 30 40
98 46 91
86 62 16
97 8 18
27 39 61
32 44 64
69 9 6
77 32 90
17 90 57
96 34 20
11 15 14
74 44 78
17 5 81
86 30 84
99 70 62
22 3 58
78 39 92
68 85 86
30 79 42
84 22 31
55 26 15
67 51 53
48 70 95
31 47 4
13 83 62
65 21 97
25 28 89
52 66 31
60 29 16
60 95 56
14 44 37
83 72 68
40 35 7
99 80 96
56 14 60
45 40 91
8 33 99
54 96 4
77 95 11
97 41 14
55 42 93
33 57 34
15 47 52
96 20 6
87 40 36
2 81 35
6 89 37
36 8 59
36 98 19
83 49 74
9 16 99
68 14 31
36 79 92
5 7 9
71 84 5
82 35 56
54 0 95
3 87 59
92 84 86
95 18 5
49 93 33
11 86 31
75 87 9
75 8 18
75 76 60
81 82 12
61 0 13
74 52 77
41 29 73
50 55 46
75 91 59
60 83 9
35 73 1
13 5 72
69 72 77
18 23 77
89 82 2
53 92 89
52 47 99
3 83 69
89 4 16
22 74 80
56 50 53
99 44 47
30 44 19
22 55 20
84 68 56
38 98 2
83 34 3
20 58 88
79 22 52
20 6 13
82 53 18
98 78 43
37 32 38
57 40 8
32 79 35
65 59 44
48 62 2
16 58 57
25 14 60
2 28 70
64 77 44
94 98 64
60 40 78
46 49 15
53 94 27
38 49 56
1 98 48
38 41 75
3 1 4
87 48 11
28 79 90
69 47 96
37 27 80
35 61 9
26 24 60
55 78 37
24 78 78
70 64 2
96 0 75
77 88 100
44 86 17
94 72 97
11 76 9
3 67 41
60 22 9
6 66 13
55 61 77
22 19 60
26 16 86
45 47 96
64 97 63
91 99 3
82 11 29
99 19 15
99 19 17
13 96 50
20 99 95
32 73 41
47 6 51
31 61 88
6 47 28
77 22 58
70 42 8
36 72 40
56 26 76
68 47 32
48 12 56
5 78 80
23 15 2
59 6 11
23 68 80
13 77 65
9 88 46
44 86 58
1 81 18
60 20 96
74 58 50
32 71 54
96 52 39
11 53 33
4 80 1
98 17 86
82 29 15
39 35 91
17 57 70
79 13 21
74 80 41
81 7 61
2 24 96
81 5 73
79 40 100
46 71 96
21 80 60
41 57 40
45 94 7
60 78 37
16 85 97
66 75 9
38 32 75
94 68 53
1 90 56
60 16 32
57 16 28
88 82 52
82 51 47
70 30 24
38 93 48
84 75 32
29 67 91
89 18 7
22 50 47
49 37 27
62 48 90
41 27 48
0 20 75
5 10 24
65 32 36
41 77 57
90 97 72
38 32 39
98 49 39
19 51 71
5 97 30
25 84 99
4 80 98
74 80 88
35 9 91
97 36 54
86 74 74
10 49 19
2 83 60
87 64 24
70 71 20
62 61 67
50 79 24
47 86 49
76 57 31
76 95 65
12 68 99
46 94 17
95 74 58
21 40 80
47 30 74
66 32 73
98 42 39
8 40 45
13 55 84
48 81 85
94 7 54
54 90 64
66 12 89
13 42 25
49 70 100
60 93 87
26 84 90
18 40 93
3 32 4
73 59 61
36 45 37
93 30 93
53 91 1
30 22 74
99 75 11
48 93 42
90 7 15
73 82 6
81 41 17
93 49 19
62 92 72
42 44 84
27 9 32
3 74 55
35 49 10
98 16 81
13 80 28
26 48 24
15 4 30
41 86 94
89 93 97
50 68 26
36 99 5
94 81 23
36 68 12
94 13 98
14 87 23
7 82 86
97 47 27
51 43 27
42 79 2
6 36 52
34 80 71
34 24 23
46 70 44
84 96 79
17 25 89
61 73 61
1 50 84
96 74 34
20 90 77
39 15 27
25 70 20
29 31 78
85 49 83
48 18 67
56 99 44
62 71 90
53 65 6
11 95 20
35 7 8
38 68 90
97 68 23
53 35 95
95 67 35
16 45 40
50 10 25
59 33 91
62 32 27
44 38 35
2 99 87
9 49 55
18 81 6
24 32 86
23 56 22
28 11 35
92 64 60
31 40 45
73 72 70
90 46 19
39 50 31
60 29 83
37 74 86
76 13 76
69 49 20
24 35 89
20 34 16
64 27 69
69 66 2
64 78 7
55 49 29
29 63 79
63 80 3
62 92 57
32 56 47
18 84 28
3 13 10
55 3 46
12 63 20
15 43 53
93 39 21
50 61 77
29 72 42
30 61 80
49 28 78
80 36 33
50 90 35
77 44 82
31 39 64
68 22 87
52 34 6
46 96 66
96 21 30
40 53 27
97 60 71
22 45 19
74 18 89
59 91 94
20 29 71
72 78 95
78 57 61
74 70 93
21 46 90
12 50 25
31 54 73
83 22 64
55 29 73
33 56 45
8 13 40
50 21 9
60 51 31
32 53 34
45 84 3
64 91 2
56 48 69
9 4 25
52 22 8
29 73 54
91 40 2
67 89 54
41 53 32
53 40 100
38 35 98
0 60 80
20 19 12
23 99 14
62 20 15
67 70 94
30 33 58
95 83 2
15 42 26
27 49 32
67 11 32
35 39 64
83 51 35
98 96 55
13 88 55
61 71 28
14 70 59
47 2 50
48 83 37
64 26 9
83 13 88
92 96 31
19 44 4
9 43 16
54 17 63
3 99 86
47 21 22
76 94 38
82 35 22
24 80 53
31 27 6
8 0 38
6 35 33
72 95 32
58 9 15
83 57 35
79 39 79
62 87 23
45 56 17
11 2 85
84 57 98
96 27 15
61 66 53
87 38 13
49 11 72
92 70 50
58 97 53
27 0 42
26 37 41
21 37 28
20 12 39
69 95 63
81 97 1
72 94 23
86 42 92
51 49 30
52 27 64
44 59 74
44 6 85
25 38 99
9 66 26
43 52 95
2 47 23
31 76 59
5 28 17
19 1 22
86 51 52
88 69 40
35 46 9
78 60 2
16 60 29
0 46 18
30 4 98
77 43 51
5 48 5
68 95 28
29 32 22
43 76 14
58 98 67
16 55 37
7 78 78
38 65 54
96 7 99
8 21 70
48 93 40
11 63 44
44 26 91
9 66 73
38 93 91
1 6 38
65 57 21
80 86 71
78 50 74
85 98 39
34 87 33
73 54 63
46 52 51
71 19 11
13 75 90
46 68 20
20 84 80
76 51 95
75 99 62
89 70 14
94 27 96
5 52 95
98 90 53
58 88 62
85 90 96
49 78 74
62 24 78
35 45 45
17 79 74
75 52 89
53 16 28
96 17 26
20 80 75
66 31 20
79 3 53
89 84 4
53 60 13
57 16 19
13 51 73
34 63 56
69 85 50
50 26 59
13 1 36
14 47 3
4 38 11
67 53 3
95 6 33
30 43 86
49 80 56
41 33 63
3 19 47
55 4 4
26 41 52
61 79 62
56 22 85
98 3 20
15 29 40
82 91 7
45 66 42
17 72 58
18 64 100
61 27 82
50 55 82
56 43 73
99 17 90
51 95 97
52 44 12
46 92 80
74 97 48
5 90 54
99 92 84
10 92 43
74 54 73
95 16 96
40 91 100
50 79 85
16 67 36
10 79 34
3 46 77
51 17 30
46 97 13
45 93 73
58 2 49
44 93 39
34 68 81
47 92 94
9 77 61
52 61 22
52 82 65
94 50 60
83 76 53
59 16 5
40 9 70
88 82 66
86 88 2
52 93 78
48 99 100
67 3 15
68 99 99
26 19 12
93 13 85
20 64 71
21 80 59
5 6 68
51 2 22
94 49 13
88 85 41
66 41 69
55 70 22
47 71 70
2 0 43
31 74 15
52 99 33
28 50 11
94 86 26
1 66 69
91 50 63
18 46 99
63 44 69
61 18 1
38 93 75
45 90 93
90 59 85
82 58 30
70 60 50
6 79 77
58 92 51
25 37 72
12 22 87
27 67 87
47 86 8
83 11 90
72 78 88
21 82 92
66 14 2
11 2 9
96 6 38
54 12 47
47 0 44
54 8 13
4 95 27
57 99 12
1 17 57
19 63 71
72 55 86
4 36 35
15 37 83
72 78 45
53 28 62
88 34 92
56 22 20
57 70 69
7 77 46
75 21 5
85 24 55
21 87 31
11 18 3
44 89 31
23 76 19
82 67 50
59 51 44
86 93 66
67 51 27
74 97 94
86 19 15
80 62 81
82 44 61
16 57 75
1 11 34
28 4 4
8 36 66
26 76 80
2 30 31
33 73 17
68 69 72
72 29 87
69 45 64
58 46 46
72 32 14
47 74 58
29 24 31
31 58 3
36 46 44
56 98 65
74 8 7
16 56 31
78 60 40
45 35 44
54 28 67
78 44 8
60 34 37
65 80 13
93 14 92
10 86 7
99 10 70
69 41 94
33 46 23
72 95 48
85 95 99
67 79 73
63 2 36
64 20 3
94 51 96
88 48 17
50 45 94
85 27 76
53 70 2
87 92 58
75 47 56
88 20 43
17 68 98
11 66 99
12 4 3
67 64 28
85 86 54
71 86 39
68 19 40
32 3 16
94 69 70
31 17 61
75 96 47
90 92 79
95 83 49
46 68 91
44 9 35
53 14 6
19 50 57
60 90 74
56 37 55
65 10 80
98 86 3
7 3 42
50 5 64
1 97 15
74 28 91
55 92 56
56 57 74
55 88 62
77 61 51
49 69 38
99 96 40
36 7 40
67 30 94
75 24 19
46 63 76
18 77 11
86 47 75
16 11 22
33 19 32
93 6 3
70 67 81
0 16 27
75 90 52
38 55 35
31 41 99
61 22 72
62 46 27
89 81 38
72 90 30
50 28 29
89 9 92
28 85 88
32 60 15
25 8 69
67 61 3
85 19 92
91 70 2
17 35 66
29 23 21
13 58 15
38 49 86
43 17 27
72 13 37
67 13 80
24 77 14
65 49 3
45 2 40
23 20 3
65 98 92
18 15 11
6 13 40
18 57 40
40 58 12
58 66 38
86 36 14
20 68 41
12 20 68
48 13 34
61 28 70
26 50 87
7 26 75
41 26 15
58 30 4
79 67 26
88 59 13
85 39 95
46 14 9
50 85 4
35 72 54
2 37 65
46 16 90
25 18 32
67 97 75
78 67 91
29 59 25
41 60 17
76 26 99
85 91 47
20 15 55
25 16 2
99 76 85
83 84 83
58 31 15
91 4 82
36 22 80
4 88 5
57 11 2
90 71 28
23 75 96
50 45 77
58 81 27
14 32 88
98 66 55
53 52 37
85 54 34
69 38 81
63 46 1
54 41 87
74 61 100
53 66 91
50 64 4
54 66 6
32 68 69
60 50 69
35 4 85
90 19 52
82 18 54
52 63 24
58 83 1
35 16 91
2 26 19
75 95 92
87 18 44
94 24 3
37 57 60
38 51 78
17 30 33
59 55 82
96 81 5
55 20 68
84 95 63
84 69 47
93 90 12
82 47 24
16 49 13
65 1 87
35 13 47
84 72 84
1 95 50
78 74 49
66 0 46
99 19 42
54 40 9
53 13 44
29 4 30
85 69 12
70 12 27
60 91 48
71 12 25
72 16 70
79 71 69
80 32 85
9 60 25
56 6 42
77 87 93
46 68 9
79 78 2
6 1 41
70 0 63
6 85 60
84 68 53
68 17 68
46 37 84
40 80 45
20 3 46
3 53 13
36 69 66
13 85 59
44 87 78
80 65 54
77 29 20
18 9 27
75 72 52
92 89 67
66 11 80
30 68 77
82 99 19
69 16 95
46 72 37
48 32 58
55 16 71
12 8 8
41 99 81
38 12 85
32 75 49
95 45 70
75 52 19
98 14 81
93 34 43
79 55 55
42 17 3
63 15 46
8 38 59
12 26 26
2 66 61
79 51 22
61 53 28
91 20 38
24 73 70
45 51 11
49 57 56
52 57 26
35 68 82
58 46 26
58 24 30
3 54 52
6 39 77
18 72 63
25 36 76
72 88 82
19 38 21
89 22 24
35 46 19
28 87 30
22 91 95
80 91 96
86 81 84
31 40 54
18 16 53
39 25 2
87 1 35
2 1 55
4 81 35
7 60 51
29 61 50
84 79 8
58 25 20
50 36 45
98 45 51
50 46 63
96 44 1
98 66 88
7 28 59
70 65 85
6 93 37
35 53 83
29 84 98
46 29 54
54 10 23
47 94 85
11 4 21
49 76 39
5 61 24
91 57 67
35 44 48
2 67 96
8 56 38
89 49 67
25 0 90
65 80 83
29 78 27
71 35 34
68 13 51
76 28 76
40 77 87
47 35 18
43 73 36
78 37 15
73 88 96
30 96 82
9 18 93
39 28 18
79 15 39
46 61 44
92 63 47
35 65 30
15 1 25
9 6 26
39 43 14
93 46 23
9 30 52
36 37 88
52 32 27
19 56 58
47 51 4
29 70 10
76 23 87
31 44 32
68 95 42
1 29 38
31 2 3
45 59 56
83 72 55
58 90 62
20 7 32
7 6 84
21 46 12
29 16 24
94 51 39
90 41 89
34 67 54
64 60 54
14 12 15
4 40 61
15 29 65
75 45 41
20 27 88
33 86 83
25 5 29
0 33 53
65 63 63
28 61 66
38 78 55
46 83 89
55 50 72
19 18 62
50 10 35
95 8 46
34 2 77
94 88 91
51 87 39
36 28 87
29 10 49
25 33 41
59 65 81
44 8 93
58 81 85
24 56 60
75 44 23
26 12 10
61 92 99
29 49 18
38 53 53
10 83 86
34 88 75
34 18 40
82 48 11
30 27 82
14 33 1
43 29 98
27 93 70
50 98 2
49 55 60
93 46 80
79 84 81
4 17 27
20 64 56
64 51 54
91 41 62
86 4 67
27 64 48
5 90 40
29 54 19
25 74 24
63 1 70
48 36 95
43 67 51
39 78 92
47 99 84
53 81 14
8 41 86
90 64 43
61 88 66
51 7 96
9 82 20
11 0 84
93 57 10
96 99 76
11 20 99
30 88 6
41 68 76
0 82 96
56 27 71
73 72 31
44 58 83
87 54 100
19 48 32
69 67 52
33 37 31
77 51 10
50 96 68
97 13 88
7 39 10
24 97 74
0 34 74
24 73 34
15 39 78
74 31 63
52 56 3
29 80 26
70 13 14
3 78 78
74 6 48
83 91 71
62 92 100
12 35 60
33 8 29
47 23 93
97 53 53
88 91 20
52 80 93
44 97 6
16 66 34
82 42 81
81 25 71
44 49 71
91 92 28
51 70 59
38 99 26
2 95 94
98 33 75
0 89 84
19 49 50
45 68 2
16 78 81
74 58 42
47 65 48
80 2 55
36 94 27
55 67 3
96 78 5
13 51 100
44 48 37
79 66 93
48 20 59
97 64 85
9 73 60
40 63 59
26 99 96
12 85 94
65 90 44
99 91 8
30 20 83
4 61 2
97 10 56
97 34 67
81 49 26
94 64 69
91 34 85
95 59 8
18 80 54
13 77 77
64 95 22
43 62 43
65 12 68
46 82 75
50 25 86
87 36 55
94 12 60
42 84 95
48 75 46
88 58 14
2 21 51
38 63 82
36 32 38
68 4 11
54 27 39
30 23 93
83 75 58
28 88 74
12 30 9
34 90 18
8 33 95
43 86 89
17 96 56
97 41 88
38 73 44
44 36 70
18 50 9
85 33 18
65 56 78
72 74 41
9 57 35
63 79 2
77 44 69
35 47 97
31 26 17
12 2 91
0 31 67
13 18 87
87 35 41
40 73 16
2 37 10
22 8 24
23 97 87
95 93 13
3 90 34
19 9 69
33 36 91
50 32 12
51 96 57
44 62 23
67 90 61
7 44 59
2 0 64
9 26 81
63 36 29
57 58 35
43 39 45
21 2 93
17 9 56
58 26 56
9 93 61
20 69 24
8 52 80
40 90 19
91 26 74
18 70 82
37 42 12
28 66 15
82 75 23
24 57 17
74 26 82
86 51 93
95 73 50
79 40 77
81 7 35
93 52 36
83 67 46
94 73 76
16 74 91
57 80 22
56 3 49
8 85 41
51 89 98
27 34 58
25 75 7
50 29 24
83 51 98
99 59 95
78 17 25
19 0 23
46 63 88
54 33 81
87 43 33
37 1 11
30 10 46
44 58 33
18 31 63
59 88 71
84 70 67
75 66 86
99 92 85
62 3 42
97 74 97
27 62 27
10 51 43
17 85 44
44 85 70
94 66 16
25 67 2
61 89 97
58 59 90
49 55 83
67 92 36
76 40 45
22 13 77
93 34 84
49 31 21
42 11 76
35 26 91
44 4 82
35 20 60
58 4 31
97 56 29
56 43 70
23 81 52
2 44 25
86 4 58
73 26 46
15 66 78
65 16 100
59 93 90
75 78 18
37 42 57
54 17 85
91 7 66
19 88 34
25 97 26
55 60 78
34 31 23
84 71 96
98 49 38
48 55 31
50 37 26
47 27 26
10 76 86
18 26 83
95 26 97
99 48 89
0 7 69
37 99 53
94 33 75
34 74 25
51 4 97
89 82 44
38 18 77
92 89 64
18 78 24
