62 19 45
58 19 79
2 16 3
11 83 26
22 18 55
49 41 76
52 45 9
40 52 27
21 34 25
69 5 82
15 84 78
22 69 86
20 69 56
93 62 52
43 35 78
36 40 8
97 62 69
58 43 93
67 86 60
14 36 45
6 79 16
13 11 12
97 53 75
6 61 10
35 48 49
13 30 15
19 39 20
43 2 92
73 35 77
8 88 42
11 96 4
65 61 73
74 45 58
59 25 94
6 62 90
1 21 5
68 95 16
48 47 27
76 16 54
95 51 53
4 58 68
20 68 78
99 83 97
89 24 76
56 38 52
2 1 31
18 83 45
62 11 10
5 65 93
32 20 83
59 42 76
73 14 3
84 5 89
85 59 98
46 53 20
65 68 80
89 32 20
44 89 25
77 84 74
75 17 29
86 93 10
91 77 40
71 28 53
94 11 91
53 48 56
24 31 74
96 60 87
46 97 40
8 46 92
45 7 82
8 7 38
12 93 30
27 87 39
74 79 30
5 42 13
55 60 78
16 20 73
41 96 10
27 26 17
6 13 35
27 93 40
58 72 96
79 14 92
25 28 2
21 72 94
26 22 82
12 7 98
97 5 100
31 64 3
99 62 70
45 21 70
82 28 42
85 18 51
53 74 43
36 49 29
0 13 69
21 83 84
71 11 25
64 84 57
20 91 83
55 90 29
10 45 4
68 80 50
56 54 25
33 82 67
81 1 24
66 52 69
49 21 42
91 40 35
77 96 28
45 83 97
39 33 41
93 10 55
94 28 96
41 98 24
31 83 31
59 44 92
54 16 80
57 8 35
11 64 8
96 46 75
93 40 86
63 16 84
47 8 4
39 67 8
62 3 3
57 39 6
64 19 50
68 0 87
63 58 88
6 59 82
34 25 58
66 96 83
66 58 6
93 66 82
14 58 55
37 43 68
12 1 12
86 12 28
36 12 40
84 90 17
11 70 7
44 99 29
3 70 24
26 37 83
23 68 7
12 68 67
86 94 32
98 12 34
15 42 61
93 63 97
92 50 22
80 78 86
46 97 76
80 49 33
62 27 33
90 0 93
61 29 93
82 99 60
25 10 63
84 51 4
16 25 24
0 95 59
58 12 24
72 41 51
53 27 61
23 82 69
68 10 35
95 4 39
58 34 77
23 25 58
97 27 99
93 61 8
91 76 79
35 41 15
46 50 49
56 79 96
87 95 7
14 66 100
50 24 73
37 29 4
83 22 43
72 36 8
83 50 100
63 23 89
52 24 18
63 40 83
31 75 68
17 18 1
44 98 12
81 70 50
58 50 23
38 55 84
26 50 18
97 17 95
32 67 87
0 13 66
15 77 82
34 29 84
11 9 95
79 69 41
56 74 78
8 69 7
83 4 98
60 75 5
43 66 15
13 56 4
17 40 12
22 36 90
46 65 51
32 42 35
34 23 46
32 8 18
92 1 47
14 53 32
76 27 72
82 36 47
77 37 31
33 30 90
89 92 58
82 39 45
90 92 59
78 41 64
92 94 96
59 21 91
49 97 11
42 92 31
66 50 92
34 48 51
38 48 51
38 91 21
29 67 18
0 55 52
53 35 21
85 70 34
35 24 2
8 83 79
57 7 41
96 54 27
98 89 6
25 77 81
44 2 7
76 98 95
79 52 22
32 39 57
46 3 85
63 19 74
0 10 9
84 90 86
47 44 7
25 89 5
54 86 40
79 36 65
99 51 59
38 36 30
12 94 90
83 92 33
16 0 53
41 40 51
45 20 18
18 6 15
48 36 68
75 0 54
16 49 28
67 62 13
67 80 89
11 12 16
40 91 23
13 60 78
53 52 85
91 77 67
11 64 6
17 34 29
32 6 67
65 22 29
5 83 70
35 59 44
23 87 60
55 33 40
93 78 31
86 24 4
7 54 5
63 87 1
58 89 31
11 77 23
52 76 67
35 51 93
12 63 91
82 69 86
36 4 82
42 61 50
55 7 27
68 47 85
24 68 69
85 7 50
7 94 93
95 1 52
52 57 90
37 98 77
34 93 37
31 68 31
33 8 4
25 78 10
10 45 64
17 54 90
75 6 79
56 88 72
68 45 56
96 35 58
6 91 19
24 95 49
11 14 5
56 30 69
81 18 41
36 44 55
57 9 48
19 77 24
39 47 82
53 34 39
52 68 68
7 21 66
94 35 65
16 20 53
73 20 21
19 32 76
68 51 49
26 27 22
47 9 18
65 52 62
86 39 65
40 7 76
53 31 59
90 81 96
77 37 64
29 54 70
57 35 39
74 15 14
68 78 60
34 1 30
99 29 52
30 55 100
11 9 25
49 96 50
90 79 95
86 84 57
59 83 13
50 65 59
45 7 70
84 90 83
52 64 83
91 33 93
41 66 71
91 3 88
17 36 36
80 39 100
84 40 52
62 75 40
78 91 17
3 54 37
11 9 22
37 11 27
64 5 40
18 5 41
45 70 80
14 48 95
33 93 87
22 18 87
76 26 29
5 34 14
74 58 52
32 68 4
52 19 98
44 13 24
81 68 75
87 24 11
77 39 80
22 29 84
23 49 80
91 33 12
71 7 90
7 17 15
50 73 42
36 64 64
21 61 86
1 98 9
14 40 58
61 1 7
62 20 14
40 70 85
82 16 64
47 11 23
89 2 11
59 67 26
81 98 85
90 52 21
66 76 93
18 31 97
80 48 13
39 3 81
35 74 33
9 25 80
62 64 1
93 8 83
3 44 83
24 56 87
66 16 16
22 41 45
93 60 35
93 68 30
90 65 3
5 19 47
62 23 8
51 90 67
40 2 32
59 85 35
23 18 13
73 57 46
3 30 45
87 18 77
1 31 83
84 0 71
20 90 66
39 1 2
15 10 36
2 39 80
30 22 96
45 89 86
23 15 57
76 40 20
9 54 1
87 27 4
99 33 19
70 31 64
82 77 93
7 84 16
62 8 80
30 23 49
93 94 83
42 69 80
14 28 38
79 77 7
16 92 53
68 45 98
8 11 81
31 99 1
35 32 90
82 58 93
94 54 61
13 1 5
29 25 37
13 0 3
15 88 47
82 19 95
46 96 96
39 60 52
21 26 26
6 99 38
64 30 19
55 11 46
21 31 3
16 63 71
81 64 11
64 69 10
32 60 49
31 36 43
26 35 60
33 77 10
29 85 8
2 64 66
91 29 93
34 87 61
28 33 54
91 48 82
33 48 45
83 37 89
10 62 95
87 79 24
53 18 14
65 76 59
8 6 60
42 99 99
90 57 19
82 72 75
99 21 31
41 2 96
15 63 11
95 9 39
13 3 66
95 23 24
35 26 89
15 53 32
56 70 31
4 5 60
10 50 61
95 5 41
16 9 82
20 77 83
26 17 94
22 14 68
37 49 90
33 83 96
24 81 24
37 25 24
52 60 15
80 89 98
68 98 58
32 15 97
0 71 54
58 8 32
99 15 70
33 11 78
53 90 37
64 40 65
53 92 44
26 46 100
76 96 18
49 34 65
64 42 92
46 86 8
85 46 2
51 81 8
40 77 88
72 71 11
42 76 29
69 7 81
56 68 55
32 55 63
29 98 21
74 11 27
5 35 65
67 16 63
34 65 73
17 16 19
11 90 60
34 72 77
71 38 41
18 95 85
90 86 95
17 73 3
78 21 48
89 46 88
75 40 49
93 47 6
61 83 42
50 45 18
48 43 33
28 23 75
40 21 43
15 84 50
49 63 41
81 95 64
90 17 100
14 51 9
1 13 74
39 16 96
30 8 61
72 21 36
49 51 24
43 24 24
87 46 85
88 19 95
96 15 34
18 88 85
95 66 16
93 68 68
97 96 77
46 97 83
50 14 79
36 30 75
4 51 94
8 67 19
46 96 92
58 20 58
49 56 48
0 69 4
62 60 26
40 8 50
88 80 42
17 98 26
62 84 71
33 47 97
61 12 91
86 82 58
95 90 7
27 19 6
77 44 61
19 94 67
82 76 23
45 35 17
33 58 16
98 21 3
9 40 80
15 7 57
48 4 27
42 57 82
86 57 64
49 34 87
2 55 56
37 41 66
19 83 20
43 45 18
62 17 1
54 58 29
1 16 29
62 34 70
40 22 21
86 28 35
2 69 5
5 16 12
0 85 24
96 81 70
0 15 29
57 14 32
52 70 87
48 43 3
14 49 54
10 54 67
49 2 96
61 8 27
97 33 20
65 53 28
53 64 85
67 80 75
19 67 67
67 0 92
36 8 7
83 86 1
14 58 25
73 54 38
42 79 71
1 59 31
77 79 58
91 34 49
17 88 18
29 72 2
53 33 5
28 79 83
76 30 58
14 68 76
42 74 54
75 4 35
32 39 45
92 67 49
60 16 24
36 70 66
19 9 29
2 50 24
81 67 84
14 72 4
46 97 78
43 79 77
97 4 25
16 38 76
0 61 65
70 51 10
26 60 42
43 10 87
86 19 53
17 43 98
70 23 74
78 29 90
62 20 4
11 49 54
78 76 53
55 9 31
73 43 75
22 14 68
49 77 2
23 55 59
52 74 32
79 10 48
90 28 33
96 73 84
31 63 99
98 63 2
59 76 60
10 70 23
56 64 63
83 86 29
39 94 15
43 63 53
59 70 18
46 39 45
51 68 90
65 75 83
85 81 95
36 7 48
90 25 55
92 2 1
26 32 25
26 85 91
43 20 96
17 22 3
44 56 91
42 71 77
64 43 19
1 63 66
17 85 38
10 11 82
4 72 41
54 17 54
65 8 34
44 27 80
13 34 76
51 56 30
38 22 36
86 9 15
32 77 77
33 4 31
85 91 33
59 0 51
27 44 2
49 87 38
86 93 66
22 72 3
18 69 90
69 41 7
72 7 84
79 4 42
78 68 95
20 30 34
39 1 59
99 31 98
8 45 54
86 47 12
15 41 74
98 88 57
57 80 2
22 75 80
90 43 30
45 60 51
62 86 89
77 41 98
77 83 61
34 35 19
38 21 37
0 40 94
92 60 57
39 18 82
76 26 38
50 14 45
53 58 98
18 60 82
57 23 54
28 43 20
24 1 81
39 46 47
11 60 22
16 46 29
73 25 63
78 70 88
84 6 71
68 93 43
2 22 42
56 9 69
53 47 66
4 30 43
31 13 67
48 77 61
30 54 64
10 73 13
36 88 54
7 75 13
88 52 51
62 30 41
90 7 59
36 37 39
11 37 86
83 42 58
66 32 62
18 8 61
90 44 64
79 54 10
12 22 66
73 61 5
32 77 25
61 67 21
56 87 42
53 66 66
5 60 65
45 35 89
96 54 73
98 76 9
34 91 38
49 76 30
82 32 12
84 43 18
15 77 52
63 65 38
96 2 94
83 26 27
51 47 96
74 22 11
62 73 60
35 66 11
69 25 47
70 26 49
75 40 75
78 38 100
82 10 85
8 61 40
48 15 63
91 13 23
94 32 43
4 74 34
2 53 2
3 20 24
82 70 1
6 60 32
28 30 66
67 46 70
29 77 40
92 20 54
42 66 45
57 99 85
26 66 72
97 94 73
72 38 51
17 61 8
41 27 90
52 62 42
30 46 10
35 10 99
80 69 46
40 10 56
53 66 74
90 35 13
50 5 40
60 91 20
20 54 94
36 41 75
0 27 57
3 61 44
94 48 96
74 80 19
1 71 46
41 32 97
28 96 5
56 64 36
1 8 65
48 77 2
1 39 46
38 8 32
37 55 39
86 73 42
57 13 11
98 34 62
90 93 93
58 76 52
80 45 9
81 12 38
35 50 54
7 26 98
30 64 15
17 66 30
13 53 47
93 20 47
73 34 65
0 12 62
66 40 71
6 31 70
85 65 34
39 72 39
22 9 51
16 43 52
15 0 13
7 9 11
7 5 22
4 30 3
0 83 95
93 31 49
66 1 4
72 62 61
46 93 96
50 23 25
56 55 97
59 9 67
75 47 24
25 82 41
31 38 49
18 53 78
46 85 20
77 7 18
22 97 77
91 97 56
23 71 38
51 26 15
34 31 21
50 36 21
65 45 37
89 20 96
78 99 64
4 96 17
71 49 51
34 17 73
46 16 5
87 42 42
72 86 41
13 52 62
82 28 38
4 97 99
40 26 41
81 51 34
30 46 8
72 92 64
81 33 69
34 59 15
31 32 3
98 22 38
67 20 35
31 43 36
13 98 65
15 21 35
93 81 93
32 49 51
42 0 2
49 7 26
45 21 66
95 61 19
38 18 74
9 50 8
66 80 14
12 72 22
92 77 10
75 31 71
96 22 20
93 64 41
57 24 45
52 59 21
64 99 74
61 66 83
8 22 3
95 81 70
19 61 79
56 28 8
67 63 45
70 10 39
71 54 57
8 13 11
80 42 77
32 63 42
81 41 88
62 80 91
84 89 20
23 77 99
78 18 4
4 0 9
62 95 90
48 52 13
64 33 87
93 44 26
3 31 93
60 87 2
47 67 76
75 42 16
31 75 70
54 96 17
50 49 57
60 2 50
95 9 73
11 81 61
84 38 83
55 49 4
85 18 45
45 30 96
73 37 31
50 76 14
38 68 77
64 25 87
95 9 72
78 71 74
67 5 46
0 75 37
97 32 32
81 50 50
44 6 65
32 16 78
24 55 1
67 87 16
86 43 36
68 40 53
72 35 86
75 99 67
35 82 90
5 95 58
66 73 7
16 75 46
92 43 44
46 87 71
80 20 94
60 99 40
19 54 23
16 68 51
96 64 91
35 91 36
40 20 16
71 47 93
14 32 20
8 84 93
11 24 66
52 88 87
22 45 33
89 3 18
3 70 59
99 15 97
12 18 39
81 41 63
65 14 18
77 7 37
36 28 16
30 43 67
62 23 22
63 39 41
41 98 7
87 77 15
92 95 45
34 93 37
65 59 95
64 32 44
61 71 67
55 24 69
26 12 100
52 67 32
79 36 18
87 45 18
44 85 35
36 11 11
65 17 31
25 90 12
43 31 23
77 3 4
38 69 18
76 52 75
0 67 38
45 3 37
40 60 8
64 84 83
92 55 91
24 32 93
14 41 30
49 89 87
58 54 53
41 34 56
87 71 38
98 5 99
23 56 4
12 39 5
88 34 50
73 81 50
20 60 75
74 88 70
14 82 72
24 43 74
36 57 19
17 1 86
2 7 66
48 95 2
91 80 100
79 13 25
65 88 27
70 18 30
34 31 18
53 47 44
94 69 55
94 0 91
32 27 22
85 5 9
47 71 12
48 98 60
31 30 50
72 37 46
23 53 7
18 56 86
85 6 1
74 93 78
80 99 65
73 80 24
88 27 32
88 0 93
34 4 29
40 36 81
65 52 25
3 71 55
57 34 62
11 74 59
3 77 62
82 40 84
51 59 29
75 99 15
57 43 17
17 1 52
41 66 39
58 38 54
46 35 90
25 60 42
56 35 69
56 43 69
80 19 68
76 83 56
28 27 99
4 16 37
31 19 97
57 13 17
88 67 76
71 40 24
36 27 71
81 92 16
8 77 16
65 43 41
42 35 11
73 87 97
24 10 14
89 53 66
17 98 45
85 25 22
98 66 68
30 55 97
35 36 23
85 37 41
87 97 34
20 66 45
89 7 92
3 49 80
72 35 31
12 82 56
9 97 81
37 97 26
44 0 85
61 0 90
90 65 62
17 99 1
18 75 68
8 71 92
49 15 58
42 73 2
47 93 88
23 12 26
92 58 1
9 64 78
38 97 44
11 82 31
42 93 48
90 97 1
92 6 7
28 89 56
89 26 8
10 87 69
56 16 55
30 36 76
19 52 88
91 3 8
41 89 25
66 34 87
32 31 68
63 44 75
42 73 71
26 37 13
5 54 79
90 18 61
11 70 42
86 73 55
98 69 9
30 95 22
30 2 89
28 30 19
33 4 97
2 69 6
32 87 24
58 33 75
46 85 62
83 39 44
21 44 76
29 8 53
81 95 66
24 78 13
2 74 80
25 44 3
5 55 62
46 68 97
13 89 10
6 36 21
57 32 80
81 67 43
41 34 96
32 33 92
30 82 27
80 62 44
13 9 99
68 44 60
31 49 81
96 30 60
14 72 32
41 4 61
79 68 16
19 21 22
8 4 92
23 11 7
23 79 100
32 62 38
13 94 27
32 57 41
44 57 28
78 5 69
16 97 69
61 32 58
61 35 33
48 26 25
52 70 68
92 51 24
29 26 93
71 11 18
29 49 42
37 67 41
30 68 17
59 94 9
85 51 87
81 68 79
46 27 88
19 8 7
36 57 95
43 52 44
32 37 48
78 61 50
93 78 25
94 55 55
4 88 2
9 55 17
25 16 69
25 70 27
72 54 51
79 6 65
86 5 13
4 75 18
41 62 27
26 28 54
92 6 87
2 95 31
75 61 13
63 2 75
5 17 4
25 89 1
57 18 65
34 84 82
51 9 45
66 69 82
94 91 48
61 15 15
6 45 91
6 34 85
50 47 31
61 66 27
39 77 35
67 42 77
83 66 96
24 78 42
28 35 76
88 63 50
73 98 25
46 14 45
39 50 37
52 47 91
86 8 97
65 70 60
94 37 94
65 87 24
86 46 95
29 67 73
10 85 50
94 23 21
38 49 48
30 6 72
50 96 12
96 30 92
96 97 49
53 98 32
53 99 8
35 47 16
19 2 91
95 78 43
43 47 72
14 15 64
18 38 45
18 52 65
83 35 16
5 55 8
61 81 16
36 78 76
5 10 55
11 67 88
77 93 47
44 1 60
62 6 87
71 47 80
70 28 19
32 60 49
69 92 44
91 4 24
67 6 20
56 44 72
41 65 49
20 19 58
72 87 92
41 11 55
41 72 14
8 51 97
38 16 83
19 63 78
80 30 97
84 81 55
77 11 28
4 27 64
37 95 19
13 86 89
17 97 76
25 35 4
52 47 52
10 73 10
57 77 84
95 78 93
43 77 67
42 82 83
91 80 11
13 30 29
66 78 91
87 76 28
2 18 65
21 28 10
69 26 70
9 52 75
79 34 77
45 34 86
54 24 79
40 0 87
94 93 74
7 58 43
46 53 28
8 73 93
51 79 50
81 24 79
67 11 57
88 0 21
45 31 3
2 89 80
60 49 89
83 77 11
20 61 99
27 3 29
30 25 29
4 14 56
19 9 35
34 67 57
79 44 6
30 40 55
63 36 35
48 24 63
90 84 15
51 25 66
4 82 25
28 63 43
13 77 10
17 68 50
11 8 58
6 16 91
34 46 72
20 17 63
64 95 13
38 24 59
15 18 5
15 22 28
49 7 28
43 25 39
97 15 14
21 96 57
3 8 87
10 23 69
12 21 52
77 94 23
96 66 45
77 79 3
98 97 82
27 62 2
83 34 51
38 59 38
28 6 73
33 23 76
24 13 30
94 1 5
54 68 9
84 73 11
15 11 97
54 87 31
42 54 66
9 40 41
61 43 73
43 82 12
13 53 15
53 92 70
92 26 61
71 98 90
91 62 66
72 50 73
14 63 99
9 7 93
43 28 29
39 19 41
7 68 77
54 3 100
72 49 42
36 2 32
78 57 71
26 74 11
5 15 22
32 6 39
23 26 54
16 70 49
43 86 17
21 4 21
56 48 70
55 82 96
14 24 84
93 67 90
36 15 4
73 86 11
38 3 27
23 60 93
79 59 8
39 57 19
34 35 39
44 76 9
80 60 13
94 18 22
83 40 69
65 4 90
38 12 54
1 8 16
87 10 45
28 43 43
61 7 17
97 88 19
97 49 88
45 44 15
29 64 70
83 13 99
41 15 44
44 36 89
65 35 38
52 40 36
5 22 50
9 43 14
7 55 96
40 11 28
98 96 8
11 70 11
13 9 65
52 15 9
50 81 90
5 48 75
23 87 55
17 61 63
31 8 26
7 74 67
59 39 15
78 77 70
94 49 31
74 78 28
69 16 9
81 3 24
35 3 42
12 44 78
77 72 6
68 60 54
95 7 13
36 25 52
44 91 73
68 53 98
44 17 83
81 33 92
84 4 14
23 51 37
67 59 77
78 11 61
79 74 86
70 42 31
85 84 82
89 72 71
30 27 85
45 9 48
74 84 77
32 99 57
25 79 48
39 48 12
1 83 47
70 85 18
45 55 32
11 70 100
45 76 39
87 15 99
49 14 87
31 75 4
98 24 1
22 5 15
82 11 79
99 76 4
63 77 70
3 52 48
68 29 88
49 96 59
92 9 70
34 82 17
94 41 57
52 11 70
69 24 73
72 95 46
78 71 66
43 62 22
64 36 2
90 63 81
55 0 96
76 13 49
44 31 57
19 75 7
4 51 17
18 99 11
59 81 32
71 82 94
62 29 31
93 43 17
59 94 37
69 19 6
0 62 96
52 19 21
57 22 50
11 90 62
30 0 48
7 17 14
76 49 26
25 81 74
93 14 26
26 83 66
41 14 3
26 37 37
26 29 43
83 31 69
8 52 84
71 84 17
89 58 24
10 69 92
45 80 1
44 68 53
94 4 55
40 52 83
46 91 82
37 35 47
65 36 71
71 57 95
1 68 47
98 92 76
95 99 17
91 74 30
45 95 94
8 30 55
43 25 18
32 77 88
11 0 3
84 14 4
90 15 59
33 2 59
71 32 4
50 23 16
40 57 69
24 72 22
21 39 62
3 62 88
16 58 54
24 69 98
13 43 27
97 67 18
11 43 57
22 66 84
34 23 51
21 16 33
30 5 6
12 64 100
82 23 30
89 88 63
10 96 48
26 91 23
55 20 50
21 51 78
29 40 14
64 96 20
14 66 19
61 56 69
92 38 10
92 27 44
65 29 68
88 73 20
53 8 39
48 64 13
10 62 68
78 37 50
12 68 45
64 70 55
19 76 27
45 92 51
0 34 71
54 96 24
60 88 8
13 39 80
75 96 31
61 36 73
84 99 48
0 49 90
21 56 27
86 27 32
64 10 25
95 99 78
81 67 89
14 70 46
78 88 60
1 33 10
25 77 78
68 31 34
89 81 38
46 9 90
75 56 44
54 44 51
6 34 74
55 28 73
77 83 87
89 64 56
98 34 25
42 29 95
72 41 68
58 60 14
7 36 15
32 14 35
87 54 33
25 45 20
78 75 50
32 95 93
34 46 57
1 76 7
32 11 85
26 5 56
53 37 10
80 56 89
17 25 42
12 68 19
25 52 78
9 96 24
34 35 89
95 33 62
58 71 98
16 97 35
38 21 41
53 90 11
36 58 77
67 30 9
79 96 66
48 41 30
68 73 76
56 32 97
64 50 25
19 28 78
40 76 35
94 6 23
55 24 44
76 36 54
55 13 73
17 64 42
18 32 90
90 13 9
68 15 22
9 52 83
46 74 6
81 85 75
34 4 29
79 69 58
51 94 44
44 49 20
12 54 29
56 81 11
80 15 2
71 51 30
53 85 100
11 68 16
11 99 77
54 27 64
14 41 23
98 11 14
14 60 76
7 79 46
46 20 98
53 90 53
96 87 29
20 18 41
16 71 45
60 84 34
19 48 99
36 98 71
33 15 53
22 29 93
31 42 16
37 16 35
77 30 96
42 24 100
64 13 24
90 24 83
95 9 83
62 72 19
53 66 68
71 34 71
16 89 29
7 0 33
80 26 41
18 84 36
25 93 69
45 11 32
19 16 58
8 88 2
88 97 33
52 56 62
80 94 15
18 49 95
10 54 45
8 94 32
93 7 44
15 58 33
90 21 4
63 26 15
4 85 1
60 46 42
16 29 49
85 48 66
39 40 72
49 66 98
12 80 72
65 12 83
88 15 3
52 61 12
44 16 5
96 0 29
21 36 78
46 87 55
81 93 67
50 74 43
14 87 84
73 0 19
16 86 6
66 46 10
33 6 22
14 97 92
47 25 29
51 77 83
52 80 43
80 97 29
84 86 85
39 20 8
26 71 87
75 4 77
58 99 56
85 49 1
77 93 8
97 22 48
75 80 31
82 1 97
0 17 9
12 92 77
79 19 34
83 31 4
77 91 25
52 7 81
74 91 29
63 70 42
68 1 45
51 55 57
12 15 48
64 66 58
43 91 13
95 78 36
14 11 65
37 73 29
82 48 14
16 70 80
6 12 46
24 46 42
80 26 65
24 34 43
13 45 97
94 3 23
24 15 85
31 64 54
17 54 96
69 24 54
70 55 83
23 41 43
33 12 42
29 73 57
74 7 90
80 61 40
25 54 12
10 1 72
31 91 14
34 46 80
31 82 58
13 1 69
20 49 51
95 20 22
49 26 36
90 72 18
32 3 93
66 12 47
23 39 92
44 36 94
93 81 13
83 81 75
95 25 1
29 46 35
63 94 87
40 7 100
67 88 66
81 30 25
65 2 98
86 0 14
92 16 24
33 21 33
41 11 22
43 24 11
18 81 4
32 42 94
12 47 55
40 16 50
41 3 62
50 72 63
89 97 31
95 0 11
52 32 37
31 30 32
81 33 71
64 57 15
11 88 59
37 31 2
54 95 90
41 8 18
13 5 89
27 94 96
45 88 52
24 20 44
87 60 36
30 26 8
75 49 33
70 58 40
36 87 34
66 59 40
5 77 98
54 27 52
29 76 31
86 8 35
12 78 52
59 0 30
18 63 96
12 37 76
44 99 47
79 34 99
54 28 82
36 90 90
64 6 19
93 90 38
28 76 33
8 50 5
15 81 66
94 75 8
95 62 44
87 85 21
6 95 19
49 15 52
28 78 94
23 9 53
33 26 48
73 12 23
12 78 59
80 48 67
9 39 82
24 28 74
97 6 88
30 64 3
64 70 94
65 60 87
22 30 65
47 16 10
16 75 63
10 33 1
99 46 24
19 3 58
58 2 87
17 75 32
47 26 12
65 27 100
67 44 27
2 26 66
77 60 29
44 59 73
9 87 7
18 63 45
57 60 39
54 51 98
72 81 96
66 77 33
75 14 26
41 96 91
73 20 53
2 16 57
75 47 91
7 28 91
60 89 41
74 51 38
89 6 41
68 64 67
57 59 98
12 97 56
57 62 63
32 94 1
20 87 100
16 87 99
82 39 70
38 19 23
90 79 81
81 17 98
15 81 21
54 5 77
1 44 92
52 71 14
91 60 21
26 78 16
44 90 29
27 16 17
94 52 24
17 9 44
19 56 26
68 30 99
88 12 45
90 0 76
58 88 33
92 52 8
59 64 27
68 48 71
98 39 65
80 12 19
78 22 73
31 57 8
9 31 82
18 79 86
64 93 81
39 84 39
5 21 74
0 57 90
45 78 45
76 42 14
48 14 56
99 81 29
41 54 18
58 14 2
36 56 10
57 21 97
7 66 14
12 78 30
58 14 61
30 79 62
76 23 8
60 41 12
3 93 57
33 82 15
29 13 97
91 9 54
66 33 69
42 28 11
26 51 22
84 74 34
43 84 82
79 91 38
52 93 1
58 98 93
1 78 40
89 54 72
12 43 30
44 33 22
92 99 56
36 17 100
63 89 40
67 25 29
45 34 99
2 26 61
60 61 24
62 51 59
0 37 14
58 81 96
19 22 10
83 96 3
6 36 85
73 29 27
85 27 66
97 10 32
63 70 69
88 68 97
94 60 43
80 13 42
49 74 22
68 67 65
20 83 49
16 5 75
12 3 23
79 99 97
63 44 51
80 42 50
43 88 59
82 7 21
0 59 43
36 42 21
4 8 94
69 55 94
10 91 61
15 80 85
95 62 46
76 79 39
37 49 55
31 74 11
20 85 51
36 14 42
87 14 80
49 25 12
15 43 73
6 98 83
35 38 65
20 92 45
27 72 96
42 24 5
43 70 97
91 7 81
70 42 95
73 38 93
41 5 13
41 18 73
70 72 3
29 4 2
17 39 35
58 46 23
57 44 24
66 32 99
86 20 56
6 13 91
49 42 17
19 14 8
93 88 48
64 22 71
94 42 48
86 23 76
11 48 27
98 81 9
0 90 73
74 63 7
59 24 34
65 64 35
1 22 96
43 70 77
47 63 47
45 47 94
75 21 15
16 41 79
33 9 24
94 89 93
36 69 54
60 98 87
51 0 78
77 86 82
70 43 30
26 76 46
91 84 10
6 70 83
51 93 45
96 73 5
12 84 21
40 98 7
83 9 63
39 66 25
42 45 41
76 27 87
40 23 94
46 62 8
17 82 9
58 80 80
99 98 48
20 69 83
98 82 13
29 32 19
32 28 50
44 79 77
95 23 31
82 68 33
54 45 86
89 32 47
76 75 62
17 48 9
9 7 90
51 38 81
95 21 49
17 1 47
80 56 24
53 34 20
5 25 88
82 31 26
95 36 78
24 62 47
24 46 95
68 84 99
57 93 38
40 20 66
5 90 56
34 16 9
68 57 19
91 60 44
27 16 19
72 65 18
83 75 12
15 68 27
46 12 64
27 64 42
7 73 78
79 99 22
89 13 29
70 47 48
4 24 46
31 27 72
39 51 42
44 76 20
92 47 25
20 35 38
87 71 57
14 91 53
11 36 76
67 65 23
4 44 38
51 48 88
48 43 82
31 52 90
80 24 96
95 64 85
74 47 68
99 14 88
79 23 51
39 57 20
39 20 89
1 28 66
94 32 70
96 38 61
76 58 34
13 55 59
81 58 1
99 3 37
96 70 49
44 27 94
37 7 43
12 31 35
63 69 26
90 62 37
81 48 11
89 1 92
46 97 31
80 81 39
20 87 18
60 6 97
84 2 55
16 6 80
52 11 65
14 94 43
77 41 60
10 94 99
14 24 25
1 92 45
86 3 80
10 19 81
73 96 6
5 88 51
56 58 12
91 90 15
51 13 100
90 65 86
14 34 48
25 86 61
2 82 36
47 22 15
33 71 63
55 8 1
68 2 56
77 45 17
70 24 63
91 82 65
30 28 33
14 60 34
39 92 74
26 20 96
19 42 48
61 25 57
95 33 76
19 99 60
14 40 41
60 73 87
40 78 60
13 69 53
97 28 32
62 41 69
88 4 11
10 33 46
28 43 16
87 86 57
89 69 21
72 30 3
24 77 14
92 54 74
78 38 28
38 93 70
11 12 58
95 23 54
4 35 1
59 45 66
82 90 40
91 32 54
50 39 22
3 25 25
48 55 100
59 13 70
18 69 54
56 18 51
0 36 91
90 62 22
82 22 20
50 81 100
56 29 6
66 40 17
93 67 56
29 39 81
75 11 14
58 28 69
47 7 39
91 30 56
3 99 44
32 62 48
82 14 37
70 9 14
97 67 59
70 47 10
99 33 81
52 97 85
70 67 45
61 88 52
9 91 95
93 77 63
22 82 4
88 17 25
15 81 57
52 25 85
4 97 7
28 61 56
94 17 20
81 55 15
79 26 98
38 50 42
91 56 79
91 31 65
13 1 8
83 4 47
83 14 86
51 79 69
69 19 29
86 90 32
83 57 32
63 90 56
27 97 89
35 90 36
90 95 25
32 75 93
54 57 61
9 46 52
56 83 17
72 43 98
8 28 97
0 8 6
89 56 57
47 67 64
33 10 35
43 88 3
38 82 95
29 2 61
29 59 10
90 62 24
7 58 88
66 22 73
5 59 63
76 38 7
87 17 29
94 46 91
38 29 37
92 21 7
34 65 44
90 22 65
88 48 40
1 57 41
84 4 95
15 56 11
1 54 51
41 17 9
4 18 91
99 16 77
69 35 75
30 60 62
27 53 38
38 76 35
75 94 89
45 7 79
67 4 78
80 91 98
15 43 29
93 71 7
60 6 89
72 78 6
96 22 61
10 37 51
57 49 74
33 9 94
53 68 33
68 49 99
45 91 16
81 91 41
14 84 44
46 66 47
57 40 15
75 98 76
96 76 44
77 47 100
91 19 72
96 55 60
75 62 75
83 27 6
11 80 29
21 17 10
1 64 69
27 94 64
86 11 20
81 16 82
46 54 97
41 78 28
1 57 76
5 4 74
57 93 51
50 74 27
51 39 30
3 73 60
61 68 66
25 24 81
96 10 26
54 62 17
96 28 59
11 73 83
78 52 95
80 45 60
71 90 67
79 77 26
15 54 88
26 92 100
78 16 32
67 84 16
93 55 21
68 78 32
72 93 15
61 23 6
44 74 86
33 57 39
22 78 99
11 44 48
34 47 24
88 91 77
23 41 17
98 59 5
89 83 33
90 75 92
40 72 43
38 82 32
29 63 89
3 62 5
65 0 48
75 45 77
17 76 63
80 35 34
88 70 76
69 21 53
21 78 61
67 29 49
17 0 5
46 50 28
39 23 1
