72 78 87
33 99 87
39 74 15
21 11 90
1 60 9
90 56 90
39 77 31
57 66 31
21 8 7
99 31 68
58 45 31
92 54 34
41 86 71
64 59 49
41 51 54
55 83 86
20 76 65
15 73 73
0 45 64
76 40 52
35 10 47
67 53 2
61 58 11
21 47 15
26 42 53
82 14 60
49 90 1
24 86 8
46 21 51
75 84 19
77 70 30
63 70 37
62 57 96
67 39 17
22 57 67
40 0 83
50 71 14
40 50 54
42 81 21
99 3 20
13 98 57
36 57 84
31 44 20
32 93 48
27 90 92
92 1 44
75 56 85
39 20 97
83 99 11
29 7 83
84 38 55
23 92 91
16 41 42
49 93 82
65 80 16
63 93 93
53 80 71
6 73 61
90 78 96
61 36 44
16 26 69
96 3 75
76 42 2
53 20 13
0 46 74
5 38 28
85 76 85
74 38 90
63 33 43
93 34 93
63 56 31
32 72 81
23 88 66
17 89 5
71 72 21
65 68 34
20 23 23
93 72 88
58 78 62
38 65 66
52 24 16
94 14 39
76 74 37
26 72 97
99 61 8
22 88 92
50 70 63
94 65 95
18 1 15
79 36 37
99 23 21
45 24 67
55 23 85
23 89 80
10 61 84
20 83 78
18 75 24
91 31 17
98 28 51
90 94 67
31 25 12
51 40 72
94 85 26
48 3 88
49 21 14
25 30 78
16 3 42
87 20 49
71 30 77
26 76 31
22 5 64
15 10 53
83 9 99
25 89 60
57 33 42
13 31 74
16 17 83
84 32 18
47 13 33
39 32 50
64 51 80
13 35 67
83 19 41
60 26 32
14 59 93
78 50 72
95 67 72
59 52 42
97 54 19
89 55 56
2 96 55
63 55 52
27 52 61
71 92 81
20 85 61
38 73 83
51 41 46
65 35 81
57 58 7
60 94 39
74 18 49
5 39 85
82 60 28
35 1 21
61 43 91
81 63 89
27 58 38
82 65 87
9 47 34
92 41 42
39 60 34
79 93 28
11 13 98
17 66 97
28 58 83
91 63 99
82 61 68
86 12 21
85 49 55
32 13 12
62 97 13
30 11 74
26 78 84
58 38 20
74 88 22
39 40 9
29 80 95
54 62 54
9 52 99
17 29 93
55 22 49
5 83 1
38 39 25
54 39 24
41 97 40
19 67 72
15 62 90
86 71 84
50 52 61
29 78 24
38 30 81
9 90 3
67 29 69
25 47 59
1 6 72
13 81 32
94 27 99
40 23 31
19 75 79
56 93 75
16 30 62
68 2 64
20 71 88
5 7 29
60 97 75
10 34 39
57 80 12
88 35 86
18 47 60
13 37 48
48 98 9
52 56 83
77 39 18
88 54 53
53 15 48
72 52 47
37 82 13
71 60 74
65 27 79
53 59 23
85 31 14
96 71 69
72 95 53
82 85 91
17 18 77
27 28 47
78 24 2
99 89 60
4 43 21
64 4 53
34 90 33
57 36 95
61 35 21
32 9 49
36 15 8
48 12 60
15 28 89
27 89 21
66 89 55
42 96 48
8 5 30
28 24 70
98 11 78
80 77 25
2 97 43
32 96 94
19 32 57
35 62 100
42 78 5
37 80 99
65 27 13
75 24 81
23 22 59
11 63 4
35 24 6
69 20 10
13 9 59
73 83 86
84 28 3
31 82 23
56 94 65
74 70 44
66 19 35
86 76 55
83 28 82
43 60 56
76 90 3
45 84 100
31 90 72
94 84 74
50 68 96
64 47 40
78 51 9
89 25 56
4 24 35
67 20 67
68 24 21
4 17 88
11 9 15
84 37 34
9 31 50
40 33 51
48 10 96
9 33 34
88 58 95
41 8 74
72 44 50
56 51 10
56 42 97
24 34 74
48 92 16
2 78 31
86 73 67
98 69 30
63 23 48
18 30 70
55 14 25
98 71 44
69 54 48
35 79 100
85 50 4
13 34 42
6 57 55
0 61 30
13 29 44
28 62 14
41 20 31
28 53 65
18 21 39
20 65 13
15 3 26
19 50 96
49 80 82
34 61 42
13 2 43
67 64 21
80 33 58
54 78 62
98 37 35
41 30 38
46 15 50
60 47 88
45 50 73
95 7 93
35 98 52
9 52 83
0 78 80
39 84 76
89 20 58
25 71 17
54 87 88
3 20 82
63 8 26
91 88 8
87 12 77
60 41 79
20 18 1
83 46 36
45 71 20
25 84 30
44 58 57
8 51 86
46 10 30
0 40 85
40 27 2
65 63 40
97 9 43
20 40 59
16 8 33
2 50 22
59 1 44
18 50 19
47 67 46
32 13 77
52 66 57
39 11 37
98 2 15
32 47 60
40 54 13
18 76 46
18 63 69
18 10 28
15 9 65
57 7 24
72 16 66
37 87 72
76 87 79
92 17 33
59 42 62
16 53 86
85 77 32
12 38 12
56 83 46
76 48 72
98 90 64
4 17 36
32 38 39
67 15 56
22 62 81
60 51 28
28 27 26
44 73 19
24 36 10
90 74 91
44 59 27
64 11 69
22 72 66
83 21 11
97 60 2
85 75 11
61 77 13
23 9 31
90 36 43
6 37 78
0 11 40
53 86 4
54 12 70
79 51 48
14 73 29
21 39 14
63 68 46
43 39 37
35 86 22
7 35 30
87 54 27
59 97 17
78 45 42
77 52 50
76 58 14
94 23 9
90 99 78
94 11 29
43 33 49
12 86 75
20 29 90
59 71 100
42 40 81
4 39 91
68 28 27
19 97 50
56 8 64
30 27 100
52 18 46
63 93 61
1 50 9
94 85 20
69 27 92
79 77 10
38 58 55
63 56 92
58 88 94
36 50 88
15 99 73
56 41 28
8 36 80
63 48 49
44 62 12
25 51 64
12 16 41
83 36 36
51 78 2
18 70 4
39 93 77
60 6 90
79 50 35
21 47 34
39 54 58
40 49 97
30 69 15
5 42 86
91 63 35
99 54 64
85 46 80
32 39 97
30 47 63
42 44 98
98 11 35
90 10 35
54 93 46
84 58 65
44 22 73
16 57 84
76 70 49
74 12 14
22 84 66
64 75 14
40 43 79
14 92 47
41 82 21
34 51 98
6 45 10
35 61 30
88 74 97
53 60 33
19 27 32
83 71 43
82 22 25
72 89 94
18 8 32
50 18 28
32 64 75
68 50 38
84 50 32
43 53 27
57 75 86
95 2 39
35 75 48
97 34 52
71 97 37
10 76 10
4 99 85
68 43 38
64 27 72
4 3 88
96 18 28
67 72 65
33 81 7
52 93 64
68 12 79
58 57 58
31 59 87
22 80 87
73 3 37
92 28 47
79 29 97
89 28 59
70 86 36
11 13 27
54 48 45
64 27 54
45 54 17
28 24 76
82 71 65
13 91 83
1 0 80
18 67 46
18 89 95
8 81 76
90 32 1
40 15 53
41 33 79
55 28 27
86 33 100
81 70 75
73 4 29
5 22 66
44 5 58
3 27 21
71 25 8
55 68 8
43 46 33
5 36 12
40 56 89
15 54 57
46 78 36
24 3 15
89 66 89
70 54 7
42 40 1
46 15 54
90 68 43
95 55 45
51 26 99
14 1 9
59 96 26
18 50 22
75 51 39
36 71 52
44 24 15
62 53 67
24 69 55
57 4 11
36 63 72
3 16 61
13 92 2
88 57 35
88 2 96
48 70 49
49 34 91
59 48 78
10 47 78
34 24 54
20 43 69
69 47 24
53 66 42
43 49 14
27 53 32
69 76 59
17 5 26
89 26 22
7 94 19
60 25 98
16 36 35
3 34 91
45 26 22
64 4 7
31 82 80
21 94 94
53 88 95
40 53 22
72 57 100
52 66 48
97 21 24
65 35 45
24 76 76
8 68 44
14 72 11
8 92 13
57 62 48
87 54 14
75 69 99
14 72 88
46 48 3
76 20 71
30 96 31
8 15 10
95 53 37
29 7 51
68 99 22
72 80 70
80 75 62
55 85 3
48 95 58
44 86 17
87 74 53
95 2 78
43 28 93
55 53 99
18 97 75
33 40 84
19 84 82
90 61 50
70 32 25
85 28 4
94 82 69
69 16 24
94 61 13
70 13 34
66 1 63
72 41 89
44 30 38
16 41 29
80 68 77
52 74 37
23 32 47
90 15 84
38 62 3
8 30 76
65 40 39
81 92 29
31 62 57
47 16 88
15 2 7
36 39 67
5 96 26
88 50 13
4 52 12
23 99 32
33 79 85
66 34 72
28 4 43
4 19 42
48 43 78
30 7 58
27 10 71
42 63 71
14 87 25
24 2 8
85 9 82
1 38 45
45 49 6
33 35 91
32 24 28
8 12 44
74 92 84
68 8 5
74 37 90
69 15 93
48 32 48
22 27 100
15 3 62
92 67 67
20 44 93
48 59 100
91 38 73
14 11 85
92 38 67
89 88 42
17 52 33
79 73 45
55 8 30
9 58 17
84 19 70
12 58 6
40 36 65
59 27 87
5 37 95
74 55 13
72 71 87
38 91 48
34 90 87
0 36 55
33 39 32
54 70 62
28 30 6
52 18 85
55 95 98
27 96 4
20 52 16
11 42 4
19 48 3
54 83 19
74 46 25
50 26 56
31 54 92
23 10 11
62 47 32
81 39 100
56 47 72
3 39 15
57 62 51
33 70 19
40 52 62
22 78 33
30 42 45
78 3 6
24 55 28
22 97 45
11 92 82
31 88 23
81 2 29
12 11 24
90 32 36
57 51 43
63 3 3
83 28 84
60 40 94
47 26 68
55 40 94
10 12 96
92 18 70
97 73 81
51 25 26
2 17 47
18 84 65
96 18 22
17 21 55
26 68 58
87 23 63
21 58 87
96 26 51
93 23 86
89 58 69
45 96 90
82 49 70
39 96 7
8 54 78
62 70 23
94 2 9
30 21 53
76 56 58
88 39 93
95 28 37
27 84 73
54 89 58
36 75 73
39 51 18
20 61 12
38 29 65
94 92 69
58 79 25
78 23 12
43 70 65
77 95 7
83 69 48
22 56 18
6 57 10
52 59 94
68 21 56
57 11 69
61 37 52
92 30 76
31 29 30
77 71 34
28 96 88
30 41 85
9 18 50
21 63 33
90 39 61
43 62 22
79 81 4
77 89 11
10 48 53
31 5 77
28 90 89
8 54 37
58 31 94
46 91 10
92 81 62
67 47 98
17 86 91
85 79 81
4 21 30
43 94 17
68 10 47
46 72 76
67 54 71
74 75 11
14 72 89
96 65 6
38 47 98
7 10 84
29 33 56
62 77 65
69 53 43
17 35 44
66 43 80
49 82 28
45 40 14
95 20 33
42 65 94
37 39 38
46 52 53
58 52 80
11 89 35
98 74 28
49 7 93
63 8 70
61 96 86
25 92 86
55 70 84
31 99 85
49 3 87
36 41 82
25 34 53
9 8 56
92 70 30
41 36 49
52 74 21
91 52 35
55 83 62
62 4 95
62 26 18
97 31 27
27 56 44
1 58 42
11 67 51
64 46 62
52 36 27
91 50 3
18 98 87
23 50 84
2 48 41
37 89 21
20 51 40
45 13 7
50 27 17
38 61 63
50 20 15
75 35 82
0 10 19
93 53 89
43 62 41
92 14 53
43 63 46
6 80 86
93 92 66
59 34 83
28 32 4
88 76 41
82 7 3
87 46 32
92 91 88
27 67 90
55 79 91
31 98 94
91 88 30
52 9 33
17 1 17
34 42 84
57 51 32
78 99 98
20 48 4
30 34 58
7 40 70
10 1 84
72 98 64
34 42 17
36 26 38
47 64 5
59 32 33
69 26 39
19 88 38
89 58 42
81 77 40
98 78 43
90 7 51
25 69 4
24 62 33
21 19 79
98 5 3
35 83 66
68 86 57
56 4 62
81 79 24
95 52 54
51 53 93
96 20 32
44 39 4
40 23 43
26 56 15
63 66 93
13 92 85
39 79 90
63 23 73
28 4 75
33 78 13
1 62 14
7 56 6
61 18 13
44 69 43
25 41 6
0 43 90
40 62 30
18 83 21
93 83 97
40 19 27
65 36 10
42 83 23
0 84 8
42 53 7
45 87 84
2 18 41
88 49 65
26 31 22
81 40 91
98 61 93
74 85 39
93 81 96
85 13 11
23 68 80
23 15 55
54 52 7
55 14 33
40 10 26
90 31 50
95 99 22
96 7 95
39 1 62
9 53 45
8 3 46
59 73 96
58 29 59
68 61 18
30 34 15
62 74 31
97 13 10
62 41 68
61 92 60
17 1 10
28 78 97
2 8 34
11 55 95
33 76 18
82 90 80
42 3 57
41 86 99
34 81 62
84 21 24
88 82 29
97 38 52
70 40 57
97 79 99
29 85 35
46 32 42
35 30 53
63 29 48
55 95 9
40 50 44
19 7 38
83 93 45
46 68 78
52 77 8
7 15 89
54 97 35
92 79 61
79 28 30
9 59 46
7 28 75
3 66 73
60 76 17
11 31 28
42 37 41
9 54 83
23 59 38
6 92 28
20 85 39
94 63 87
49 39 12
48 3 52
90 88 36
85 41 40
46 68 58
30 1 64
83 32 10
85 42 16
6 82 72
70 42 4
96 23 94
90 15 41
70 22 46
8 2 12
75 82 26
29 45 20
62 35 47
48 31 88
61 42 11
85 81 63
40 77 9
49 32 47
50 14 38
49 81 77
83 27 30
10 52 63
98 72 97
39 86 93
51 58 11
67 27 16
13 63 97
66 24 87
85 62 45
77 66 7
84 6 82
36 20 73
66 0 21
94 97 74
92 55 72
27 80 34
69 85 1
75 34 74
26 18 66
15 18 50
46 31 100
53 89 24
20 76 97
97 52 85
87 6 92
92 91 62
45 56 78
78 93 89
38 10 44
79 90 77
44 29 41
99 90 38
88 72 67
42 35 81
83 61 90
88 77 6
63 93 90
66 36 6
80 47 23
55 64 15
7 97 15
6 66 68
71 24 84
52 69 81
37 93 2
76 87 79
92 75 60
62 83 9
48 91 49
62 79 79
10 52 54
9 21 23
44 18 100
70 87 95
39 30 80
95 37 84
96 58 16
74 81 58
55 23 66
84 35 96
96 95 97
17 69 89
17 45 35
67 88 30
11 19 34
78 36 99
19 56 97
6 19 59
68 4 94
3 49 71
8 98 44
67 69 74
20 59 66
33 6 94
0 85 57
40 39 68
1 61 38
19 12 24
90 69 55
98 21 70
44 74 45
50 77 81
98 16 42
43 85 18
57 33 10
92 20 38
22 84 62
93 78 20
71 36 40
46 2 87
72 14 77
60 46 22
61 47 4
47 71 3
4 89 12
88 80 4
73 81 74
74 70 34
33 5 98
78 5 34
31 46 96
17 56 33
23 48 65
9 54 10
2 1 47
0 60 64
97 19 17
42 35 39
71 77 44
37 14 2
20 71 50
40 30 7
12 6 22
45 77 90
12 87 23
5 7 41
21 1 40
83 57 31
14 33 50
44 6 94
13 12 55
81 59 50
74 27 91
22 69 45
83 24 93
79 53 56
64 65 43
58 24 21
50 73 36
27 74 4
44 32 31
73 19 76
60 51 14
39 43 49
21 6 20
8 13 77
28 42 41
85 67 57
73 81 19
53 70 3
75 81 65
26 47 45
34 2 54
0 26 79
26 9 92
98 6 66
98 31 38
5 96 97
23 39 32
8 33 93
1 97 29
50 2 18
11 16 15
36 90 91
85 55 57
57 65 100
50 94 15
61 74 60
90 78 93
86 53 30
28 34 25
42 5 2
49 24 29
43 8 30
87 92 10
34 49 30
26 50 9
41 70 85
95 3 29
68 58 34
47 68 57
79 76 97
91 10 17
44 34 54
79 34 57
93 4 36
29 77 66
36 7 97
8 57 40
99 21 35
10 60 29
11 19 95
52 6 8
28 1 5
13 88 4
89 24 49
15 17 63
67 19 64
55 78 67
6 14 8
50 19 65
32 83 2
87 22 6
36 83 5
5 81 90
66 5 58
56 90 79
57 6 38
84 57 16
96 9 38
49 39 87
35 75 82
39 48 97
90 70 48
81 89 89
56 63 58
28 75 89
42 29 76
8 74 19
14 27 75
57 63 3
7 97 32
52 46 86
86 56 89
11 90 22
32 86 91
89 35 78
89 11 98
99 6 1
21 84 53
17 47 10
83 99 24
44 66 40
75 65 45
57 67 38
93 84 65
10 74 50
74 47 2
62 54 67
40 42 5
15 29 76
24 43 16
51 68 32
64 55 83
67 70 98
78 48 30
86 70 91
42 98 41
62 46 26
74 84 28
14 78 18
81 49 73
38 77 94
36 16 98
69 0 36
79 6 56
94 85 80
38 41 52
20 55 72
25 31 22
83 28 9
91 21 11
53 44 22
50 8 9
61 6 78
3 65 2
79 53 74
17 18 48
86 97 16
77 97 38
69 37 78
75 49 31
56 26 10
3 98 71
21 4 27
58 62 68
33 58 85
8 81 42
72 57 60
68 71 42
33 2 56
29 56 8
28 69 62
44 5 91
95 88 34
4 42 38
9 95 16
87 54 37
53 82 37
65 46 5
41 51 55
88 71 43
42 81 8
29 28 56
0 97 91
65 61 42
12 94 53
18 40 8
4 65 92
31 95 13
88 87 27
21 28 98
72 60 15
12 52 8
95 69 55
41 14 40
65 20 10
96 90 69
36 25 59
69 64 34
2 29 98
95 60 2
37 49 24
90 36 2
64 87 73
51 15 2
89 97 66
50 43 13
95 59 29
22 53 40
62 54 27
25 75 93
32 78 28
10 0 77
47 24 20
42 99 36
8 90 12
74 45 60
55 65 19
97 92 49
41 0 48
25 64 85
73 42 63
37 75 23
88 61 78
70 41 92
44 7 37
44 83 20
38 52 68
53 41 25
60 27 75
70 38 92
8 78 66
6 46 26
15 53 68
43 28 82
22 87 17
19 92 23
75 78 7
9 89 83
8 69 41
21 64 93
32 71 18
47 17 95
88 42 66
60 84 54
5 71 23
21 38 33
28 54 66
24 15 85
92 16 5
44 71 48
39 19 32
62 48 52
2 24 65
25 9 92
56 38 49
19 97 74
58 54 12
27 61 47
11 51 34
92 5 98
70 98 25
82 6 97
0 25 49
2 30 30
65 6 47
88 48 10
43 36 90
5 93 45
65 19 53
30 2 55
46 84 70
80 13 79
1 48 99
71 42 7
74 79 20
40 39 58
51 38 53
93 22 33
59 11 93
63 40 9
54 6 52
81 68 8
23 85 29
83 81 76
22 47 89
10 70 43
46 74 60
76 97 6
13 0 50
50 57 63
1 9 42
75 57 69
67 98 23
98 56 70
46 34 63
29 8 72
83 47 85
15 81 86
44 63 23
25 50 39
57 84 26
98 4 19
88 68 90
46 2 36
84 25 66
52 2 2
70 33 58
20 1 89
52 19 15
43 50 91
11 23 99
98 26 75
2 55 84
35 73 29
64 60 21
41 82 81
89 10 89
80 1 45
5 22 73
91 38 21
4 95 70
57 98 96
74 87 9
43 95 30
72 66 66
93 90 7
14 43 84
16 77 49
98 65 63
21 91 81
67 40 43
35 80 2
86 59 78
47 52 4
77 7 41
13 95 95
66 57 37
6 42 5
39 50 99
33 31 63
45 39 96
31 25 27
24 36 42
16 7 24
5 64 11
80 72 31
54 27 98
54 50 75
62 39 4
93 26 73
44 49 97
1 57 45
89 37 14
66 55 94
25 70 26
81 44 6
60 87 37
85 43 93
59 27 24
95 44 22
65 97 77
29 58 84
38 7 87
99 87 84
68 30 99
96 45 48
36 18 25
21 95 59
67 75 60
72 73 6
30 94 73
96 61 53
5 47 33
84 67 10
77 54 53
18 87 59
0 65 87
79 60 42
95 4 43
8 61 79
13 58 91
1 11 55
17 72 80
63 42 89
24 22 6
53 52 12
91 56 69
30 88 98
53 63 100
4 35 4
62 57 57
15 25 86
19 1 11
35 93 98
98 95 56
53 18 28
12 74 28
58 92 80
96 57 80
95 25 37
7 43 62
95 8 39
98 27 99
78 10 94
63 36 63
10 60 67
37 36 82
93 50 58
56 3 9
38 1 5
16 31 2
58 42 20
94 25 38
20 6 40
82 31 41
44 42 93
17 24 2
94 7 74
46 4 69
60 39 50
57 27 78
96 64 89
26 35 4
25 98 69
2 76 88
31 77 19
23 16 62
94 95 82
11 17 94
76 48 45
53 35 56
9 29 42
6 15 43
42 38 64
67 18 1
33 92 49
39 54 77
94 85 53
90 88 30
39 37 32
97 3 62
90 52 84
69 77 34
26 86 33
88 60 90
74 76 72
68 30 82
41 73 85
59 69 47
73 15 62
13 90 28
14 3 27
73 11 45
85 25 98
92 28 29
57 35 70
4 66 70
67 27 16
14 17 51
90 57 80
3 50 6
96 50 3
83 13 69
38 61 3
81 87 66
80 43 2
1 52 36
27 15 59
40 53 12
78 7 58
60 32 75
93 36 3
14 3 93
31 83 32
80 24 17
3 96 88
48 18 50
10 38 20
42 18 10
6 2 29
92 66 44
82 38 28
32 89 13
50 68 19
25 55 18
49 54 32
31 56 61
48 88 40
74 50 91
78 76 46
94 50 17
44 38 94
9 38 8
61 85 35
30 49 17
27 63 22
91 70 86
7 99 51
97 51 68
23 62 8
61 83 92
0 57 23
43 62 84
12 19 19
99 45 38
66 23 9
52 5 46
85 25 23
49 46 34
37 74 94
46 65 29
28 96 57
93 22 65
12 57 71
51 83 73
34 94 36
36 19 36
55 97 32
64 54 89
12 60 78
71 31 86
9 91 2
77 65 18
7 18 78
91 49 2
96 2 31
1 98 2
26 92 100
81 5 71
85 57 13
53 36 40
54 80 58
88 1 87
68 23 12
8 87 5
15 24 22
44 45 94
24 79 28
30 28 32
11 22 69
28 6 83
54 72 87
19 66 77
92 24 25
62 28 80
28 18 71
8 88 68
3 66 58
38 61 32
98 35 21
13 7 58
86 2 99
45 94 97
0 11 75
69 50 72
6 7 47
75 73 86
90 18 36
46 81 83
76 74 87
15 5 87
33 47 70
25 64 32
83 42 4
52 19 60
36 44 71
3 74 48
24 75 74
21 18 79
44 86 21
15 95 30
13 81 85
55 37 56
52 24 46
31 83 65
55 20 14
91 52 32
93 52 8
58 24 9
55 80 63
15 38 95
17 48 11
0 67 58
76 92 92
11 71 72
31 3 98
2 19 53
68 17 77
75 38 9
56 27 49
2 97 93
23 97 49
10 28 22
53 93 74
81 96 91
3 1 18
13 95 15
9 49 14
87 5 71
27 12 49
14 25 35
80 88 99
3 82 30
60 80 36
8 52 38
92 1 84
43 2 16
4 34 72
56 84 8
41 82 83
13 92 44
40 24 85
77 99 2
21 88 82
18 82 67
34 59 42
74 34 72
97 56 99
5 40 17
70 52 1
22 45 75
20 71 46
18 8 20
30 34 14
19 38 97
91 57 64
43 66 68
25 7 97
48 63 40
52 39 86
32 56 11
53 59 82
62 22 67
17 50 60
51 70 83
57 10 27
95 75 71
0 71 57
53 71 6
49 4 35
97 94 12
14 94 26
22 83 3
25 83 83
22 98 26
76 90 73
31 58 87
88 37 47
4 39 97
26 23 71
95 40 74
13 14 99
80 27 61
83 87 72
62 60 4
3 9 31
34 42 42
16 41 25
28 73 30
74 75 32
16 98 22
83 26 63
9 91 77
65 57 31
81 72 74
75 14 25
7 63 49
52 98 73
82 85 10
38 14 33
44 78 83
18 56 24
58 84 41
72 76 16
79 61 25
13 62 97
43 21 41
5 82 5
75 50 36
76 17 59
34 4 57
48 94 40
2 37 4
38 0 98
80 29 80
11 3 23
95 35 81
77 57 10
16 48 48
38 86 47
30 14 17
71 19 51
9 63 35
19 38 1
17 4 68
16 34 63
37 88 59
44 86 83
81 71 10
49 54 29
79 66 92
86 27 18
97 59 56
26 8 55
3 38 19
87 96 60
91 14 70
55 69 4
9 73 18
4 91 37
70 50 88
1 21 9
26 81 96
45 36 78
72 89 11
40 20 93
68 54 72
36 73 51
89 17 63
64 9 52
64 2 34
94 41 82
88 71 40
45 71 32
57 55 82
17 59 47
85 53 18
45 54 69
31 46 24
84 92 98
53 4 94
13 58 71
90 20 84
25 0 96
15 49 75
24 27 98
74 67 52
12 94 1
43 81 78
71 54 91
96 84 29
21 55 30
33 12 98
38 72 75
51 59 19
3 58 21
0 2 47
88 0 72
44 76 64
64 13 6
82 53 10
87 6 72
60 68 36
70 19 42
48 87 27
99 56 26
37 48 99
60 73 6
58 36 39
76 22 9
12 79 36
38 72 77
57 45 90
8 98 63
82 99 3
28 46 6
65 35 33
59 66 91
17 10 89
77 41 98
95 2 27
62 29 39
31 34 8
88 10 15
92 58 30
83 4 13
71 86 78
17 38 54
7 20 65
50 87 41
96 26 56
49 11 51
76 63 22
22 8 84
98 46 21
65 6 54
91 43 82
54 57 20
35 6 84
92 42 70
24 36 52
41 78 8
83 17 8
7 74 23
79 3 21
46 62 90
46 78 67
84 5 32
33 64 89
11 87 51
6 72 9
7 12 96
88 46 78
98 5 32
52 31 56
48 75 87
23 42 70
66 93 8
71 93 60
64 40 62
67 86 3
98 46 93
77 22 89
59 27 6
32 25 40
43 29 85
40 20 88
14 54 28
11 52 80
34 77 29
59 1 77
84 90 58
61 64 80
77 46 57
34 53 47
52 40 65
61 89 48
36 25 13
98 88 2
30 46 91
19 35 47
86 97 21
45 12 98
9 73 39
57 12 87
54 6 77
66 60 57
5 92 32
7 25 28
90 46 25
56 97 46
73 40 95
83 10 89
87 42 80
56 70 30
30 27 46
47 70 82
47 86 82
55 44 9
16 47 46
47 92 25
32 20 76
33 3 86
74 31 40
39 57 63
60 11 48
76 28 76
45 29 16
26 98 12
47 4 11
6 64 24
8 88 78
90 5 3
5 0 52
30 82 23
11 49 31
47 75 88
29 77 6
23 14 33
42 1 33
39 22 11
96 83 70
22 66 65
81 77 67
63 31 5
74 50 99
41 13 81
31 94 68
89 91 71
56 97 31
41 87 98
52 41 78
18 55 100
42 95 62
5 12 52
28 71 58
55 65 81
24 38 14
74 2 75
50 54 67
57 25 43
28 58 34
18 38 66
78 26 78
9 81 88
47 87 89
85 65 94
0 16 78
3 6 79
18 46 28
4 24 44
41 74 65
78 64 91
84 59 91
57 79 52
28 53 65
0 65 48
33 8 89
88 13 5
25 68 68
56 45 67
42 28 50
35 73 74
6 91 27
89 35 43
4 14 15
74 91 91
92 72 67
0 88 81
59 87 9
2 77 37
9 78 20
95 77 67
17 39 51
40 78 40
68 54 90
72 32 7
4 52 86
78 66 50
49 1 5
16 82 98
65 90 95
76 72 78
56 59 44
84 80 63
66 0 56
61 52 40
17 21 55
98 20 16
35 7 31
18 16 59
82 56 47
50 0 7
12 25 53
93 59 85
13 82 99
8 31 56
35 41 78
64 62 38
97 44 96
91 8 16
2 70 51
81 8 45
56 42 74
4 59 31
26 55 29
13 55 5
19 35 18
24 41 15
87 13 37
88 72 76
2 57 40
96 20 67
55 36 82
92 4 66
14 0 55
61 34 51
21 60 37
6 98 39
73 51 7
89 60 26
89 60 17
87 79 27
58 56 24
78 95 83
20 77 86
0 69 64
14 66 53
99 11 25
27 1 5
44 15 3
99 81 52
90 15 14
21 31 11
95 40 63
43 90 92
75 72 83
29 19 13
67 43 63
90 5 95
79 78 81
50 99 44
41 20 22
66 91 72
77 73 96
27 64 54
59 14 29
35 1 89
38 61 44
99 20 59
85 1 3
71 67 79
56 2 14
13 14 54
46 58 33
35 39 39
25 76 18
8 24 87
50 69 9
68 74 44
50 55 40
18 61 21
49 40 80
74 17 92
15 65 81
5 21 97
89 91 64
56 57 99
78 9 66
45 42 87
38 56 36
37 56 12
59 61 72
91 13 89
84 33 14
14 88 34
32 4 16
45 91 22
30 24 91
31 50 75
2 6 38
54 44 100
76 39 75
60 48 29
29 17 60
83 49 11
27 29 57
2 1 93
57 16 73
34 97 91
93 18 39
1 98 6
72 91 68
59 13 81
65 15 78
83 22 94
73 80 32
55 65 37
61 81 91
1 51 52
15 1 90
15 92 95
58 32 21
40 28 58
76 34 21
43 81 47
81 99 76
33 7 17
72 24 82
94 12 36
40 36 72
95 51 4
86 13 24
56 87 18
92 70 60
48 27 91
66 24 61
18 13 84
75 64 34
0 18 30
20 90 91
64 82 98
87 69 71
95 11 13
90 60 24
23 26 43
89 33 48
96 14 45
53 58 57
58 23 63
36 24 80
50 57 89
71 87 18
25 94 52
69 77 62
47 41 48
20 26 64
75 73 71
96 71 70
56 37 36
19 84 48
69 23 21
82 44 88
22 84 1
0 85 15
7 75 35
30 83 68
59 6 77
21 54 99
95 16 91
59 96 93
22 99 83
84 92 60
97 92 43
4 34 47
21 29 57
20 89 85
22 10 76
10 75 16
64 69 42
11 75 78
75 7 32
43 14 30
83 74 99
73 57 68
30 5 55
72 69 83
79 5 26
89 6 62
34 10 2
56 61 72
85 38 52
1 36 4
53 11 20
69 37 88
86 92 19
79 73 17
30 89 41
42 44 29
5 81 23
3 54 57
90 20 80
97 61 59
25 20 26
31 1 44
11 25 1
87 89 40
23 96 47
49 80 70
8 30 60
46 39 80
28 91 24
80 17 69
76 13 89
95 28 69
64 45 72
7 97 13
46 42 36
42 5 7
26 48 8
15 20 7
76 36 17
35 66 27
16 29 54
44 31 80
16 54 93
75 10 45
79 7 20
11 29 88
13 35 37
14 62 45
4 67 7
51 89 68
90 75 72
84 96 75
64 72 20
66 58 21
3 90 16
24 99 51
77 94 36
66 56 44
13 84 85
33 60 57
1 71 88
37 90 23
20 46 30
50 0 76
80 65 20
39 25 1
46 80 5
29 98 62
3 83 41
23 59 7
15 26 82
15 97 1
1 55 50
70 26 39
42 22 9
98 6 13
88 90 13
32 57 21
27 10 85
43 51 19
21 40 39
75 85 4
79 23 18
43 44 97
5 74 12
86 26 23
83 61 22
18 92 59
76 53 42
47 93 18
19 36 96
27 34 99
9 84 52
78 73 78
25 1 5
0 46 32
28 82 16
27 97 9
96 79 7
90 33 50
32 79 15
34 60 57
42 38 54
64 36 27
69 49 24
1 32 71
63 62 21
81 31 70
92 75 88
74 11 71
12 82 17
89 43 77
15 51 90
76 37 3
62 45 46
19 40 58
62 74 88
38 73 46
44 92 63
41 97 69
45 70 41
90 76 78
84 19 49
56 77 80
18 37 87
58 99 77
50 67 20
6 84 85
32 0 54
45 31 39
77 65 33
37 38 12
76 64 71
42 30 36
34 27 6
39 79 97
42 59 2
42 69 77
8 66 75
14 99 26
2 23 12
32 52 88
52 70 44
43 76 15
37 91 93
8 78 25
61 67 12
71 44 6
90 96 30
96 18 19
51 90 70
60 72 13
6 46 90
51 95 67
57 44 69
10 91 23
20 42 59
45 96 67
96 90 62
70 47 23
81 83 30
77 27 29
4 81 17
81 5 57
94 0 86
87 15 90
85 23 72
0 84 67
60 95 62
23 54 2
31 28 47
55 84 87
21 6 10
95 26 27
92 43 11
5 61 57
19 79 84
93 55 44
63 5 65
16 46 87
49 2 65
45 38 93
1 50 34
86 33 66
67 43 78
82 61 11
16 58 93
83 49 16
37 14 58
92 71 56
41 46 71
88 22 27
40 52 82
59 44 97
11 44 49
97 69 22
65 55 95
18 85 94
62 29 32
77 16 45
63 25 61
36 49 21
25 22 90
64 46 8
42 5 21
3 68 82
60 86 1
58 44 57
22 60 8
87 86 34
27 76 17
66 48 63
95 9 95
58 25 73
92 44 36
17 90 93
55 65 47
58 4 46
57 40 66
30 96 2
6 69 95
82 99 44
72 77 23
7 56 83
71 24 38
16 92 40
63 92 28
46 35 91
40 44 22
49 19 50
85 40 49
81 22 99
11 50 15
58 3 80
52 94 72
16 59 67
95 7 51
46 69 45
30 65 88
90 48 69
7 3 75
86 14 31
82 5 96
88 64 83
96 16 6
2 16 16
59 89 71
12 88 57
43 4 31
79 15 36
88 30 27
58 93 14
40 70 69
1 92 40
91 3 24
94 96 97
55 73 86
55 27 65
99 9 100
1 20 92
92 9 83
99 75 36
68 66 10
62 4 23
96 83 56
51 67 18
62 88 92
20 22 56
2 58 7
31 83 62
76 15 33
59 94 60
94 43 44
35 4 48
8 92 40
43 40 5
8 54 45
22 70 11
72 54 37
58 18 61
41 83 40
31 88 100
95 89 52
98 83 55
66 8 38
45 44 2
55 87 36
94 83 7
17 33 54
80 69 92
80 83 85
74 10 24
79 74 20
18 90 63
9 5 58
62 78 86
91 2 2
67 46 100
95 13 79
24 94 28
22 89 53
47 4 52
2 93 7
67 97 67
13 98 91
93 35 78
97 20 51
31 32 38
3 76 74
32 5 34
43 52 58
27 11 96
83 96 95
15 77 30
72 81 81
41 43 5
17 63 95
38 9 30
57 44 81
93 70 56
21 9 88
84 19 59
30 24 38
72 82 65
66 74 69
50 75 82
82 69 68
20 52 16
22 96 22
80 35 82
9 82 80
34 53 55
94 37 82
66 33 20
62 85 36
55 68 45
98 1 58
41 9 4
56 87 96
84 94 99
83 21 60
45 91 15
43 42 13
21 91 6
92 10 83
17 35 56
0 37 41
2 90 3
20 73 18
90 53 87
86 45 62
57 63 97
57 4 52
5 45 75
48 17 23
87 46 50
79 8 2
83 59 23
96 84 84
26 4 45
12 67 35
95 4 87
23 33 68
43 22 60
83 65 99
79 72 75
15 30 63
87 55 18
79 86 62
98 33 90
37 79 13
87 88 16
19 91 31
66 18 47
17 68 90
66 8 71
59 46 91
24 99 30
1 46 68
78 20 91
31 54 30
12 73 42
71 64 19
11 96 23
58 36 64
4 20 55
42 25 83
78 67 38
21 4 78
60 4 84
94 38 8
14 7 14
79 20 45
99 8 63
83 50 65
20 65 4
58 90 63
64 15 81
82 72 60
19 29 98
49 81 11
90 31 86
67 82 51
95 55 19
59 89 30
25 56 75
1 71 30
90 65 83
11 81 79
5 78 12
35 14 16
81 34 25
17 9 83
2 70 63
40 48 51
55 26 13
23 87 12
96 88 61
28 70 24
25 85 81
19 53 64
68 11 98
63 21 34
1 13 21
91 63 87
97 24 94
36 64 90
7 39 66
30 42 34
2 95 97
36 81 17
40 36 46
44 73 73
28 43 48
81 54 24
38 90 35
81 43 61
48 26 90
82 47 13
81 6 49
64 67 79
43 45 67
81 63 43
2 5 79
42 48 99
46 53 27
59 91 73
85 22 38
58 25 32
94 53 42
69 46 37
61 91 56
83 93 82
72 69 40
11 10 96
52 24 60
93 67 2
75 2 84
62 16 74
92 50 66
70 14 99
79 96 51
47 29 22
34 77 75
93 68 70
61 21 72
67 89 44
98 61 48
62 1 56
54 15 46
63 65 28
96 95 100
1 87 40
84 52 43
97 92 55
10 47 92
12 97 35
4 19 55
45 35 57
67 86 38
32 41 96
42 67 4
6 51 78
0 54 54
83 31 21
7 96 33
77 23 39
98 75 82
41 71 24
70 30 41
47 55 61
95 65 96
10 47 53
13 25 100
88 55 28
58 40 46
11 55 81
62 84 98
63 22 45
46 31 66
25 10 91
15 63 84
77 1 82
95 17 72
22 63 86
88 99 12
32 35 55
23 96 94
64 89 74
42 7 60
11 40 56
83 69 58
70 32 44
56 57 42
60 22 70
6 30 54
90 18 3
4 10 39
53 2 10
60 21 15
64 25 74
80 89 66
30 94 72
13 3 87
95 59 1
67 15 55
77 91 20
17 19 67
97 44 71
50 43 47
53 56 42
35 88 87
45 28 23
15 12 27
35 11 77
39 48 41
1 82 58
85 19 37
14 18 26
89 95 42
63 92 74
52 17 70
94 39 20
29 62 18
73 87 69
7 12 42
4 73 89
21 95 11
62 59 91
59 45 99
41 67 13
48 39 51
47 86 71
20 59 84
12 13 70
24 17 29
75 42 50
85 22 22
54 44 21
71 51 85
77 41 2
44 94 13
15 97 3
19 73 70
36 65 61
99 70 26
22 89 92
69 25 92
68 54 14
85 38 59
65 70 35
82 32 29
86 57 91
90 79 27
50 8 64
45 38 84
76 17 86
73 51 55
8 83 64
54 75 84
74 61 4
75 63 94
35 79 30
37 52 69
7 46 32
37 77 30
13 14 17
72 77 77
58 51 75
71 77 88
31 5 67
93 54 13
2 10 74
91 81 33
48 31 44
73 23 40
56 15 20
91 11 12
58 30 73
88 68 43
28 32 10
46 94 12
24 78 48
20 14 13
94 56 22
71 74 67
4 0 51
37 92 7
88 53 20
87 89 49
33 65 34
62 77 40
26 41 45
87 48 24
25 14 41
98 99 17
33 74 53
62 37 30
67 63 66
55 66 39
53 41 71
34 75 74
43 14 6
55 17 12
49 24 5
15 70 12
75 52 73
97 7 84
68 84 32
71 20 46
72 17 19
58 95 84
39 87 13
51 25 32
80 92 16
69 39 37
69 92 84
11 4 6
32 91 100
64 17 78
73 90 46
8 59 54
27 85 12
73 12 76
15 64 47
60 83 31
67 18 70
51 20 18
20 9 93
41 52 23
69 32 79
39 5 2
48 4 24
24 75 50
56 16 46
24 5 24
33 1 33
53 48 48
71 62 90
41 66 51
13 18 20
8 2 42
80 90 94
62 93 66
55 14 53
1 9 99
64 49 41
7 1 18
64 8 80
12 78 50
53 88 34
53 88 18
33 76 14
55 22 89
23 24 41
90 64 15
5 39 41
37 73 93
59 86 64
15 48 18
96 17 51
45 43 27
79 38 1
4 61 99
3 57 37
12 50 8
92 39 12
9 39 37
39 48 35
64 27 33
46 69 63
77 81 81
49 54 90
95 71 98
92 68 89
81 73 23
4 30 40
68 82 69
95 22 64
31 58 77
14 45 99
86 89 6
86 76 91
52 68 15
29 35 99
90 41 10
77 42 20
67 34 71
53 54 65
54 49 22
95 37 87
52 31 11
72 40 49
0 73 74
86 73 72
38 6 52
34 77 41
75 22 100
21 72 43
94 36 14
80 65 45
18 77 66
17 9 66
16 80 34
24 60 91
36 76 19
9 39 28
91 10 11
13 12 100
78 64 50
41 46 53
9 86 6
97 95 62
93 52 56
6 28 67
9 33 22
4 66 32
82 28 18
4 55 95
98 84 16
37 70 59
6 68 46
82 80 79
33 20 19
3 98 39
51 81 39
14 61 49
20 88 11
43 77 98
74 35 85
66 90 31
68 9 74
89 65 68
17 6 8
26 91 11
55 6 39
95 29 56
92 98 37
85 31 93
65 89 81
58 18 49
43 51 38
95 30 50
2 93 33
21 79 2
2 5 92
91 73 61
62 82 97
17 46 31
64 36 78
83 57 64
87 18 62
88 59 4
17 92 100
17 92 93
59 63 16
12 64 65
39 58 42
15 65 36
94 5 85
92 98 37
77 29 62
40 78 38
38 73 52
13 22 68
77 0 76
19 71 51
36 48 80
40 1 64
7 76 24
19 30 4
63 94 47
40 64 93
75 67 17
76 12 65
63 25 22
66 82 16
78 32 93
36 1 96
37 58 3
52 37 64
18 2 97
59 3 58
30 87 36
54 36 12
51 11 20
97 42 40
29 62 86
19 34 11
82 96 24
48 80 62
7 12 23
94 48 85
30 7 2
58 90 95
2 80 28
76 8 84
7 67 65
50 73 62
6 15 96
89 19 77
64 47 93
72 48 11
58 73 50
62 24 22
83 65 97
89 77 36
91 58 28
53 50 53
84 42 98
94 13 51
28 23 16
96 97 32
87 15 15
65 61 95
64 33 33
0 33 24
31 8 56
6 19 67
5 88 42
58 79 12
4 86 67
89 62 99
69 61 9
49 16 46
20 35 29
77 50 91
36 46 68
7 72 65
62 89 80
73 4 98
75 23 17
81 68 95
76 47 86
55 43 28
28 29 73
33 17 58
4 32 76
57 80 61
27 87 35
39 34 98
22 28 46
24 80 33
39 81 82
13 76 97
8 97 75
37 60 78
30 22 73
57 96 42
22 75 96
87 88 96
60 18 26
21 86 26
25 43 13
35 37 55
54 0 15
48 2 13
76 69 20
78 6 4
49 71 6
52 80 89
47 6 59
37 11 30
33 51 56
5 97 89
52 80 73
16 78 21
99 28 77
22 49 60
0 2 97
20 65 28
31 67 42
7 24 98
86 48 27
24 77 48
3 8 76
21 73 84
71 24 20
63 16 41
79 57 25
43 58 28
43 0 69
99 71 8
34 60 53
39 90 32
20 4 31
70 8 56
46 97 67
69 56 91
29 80 34
82 66 22
7 82 83
67 29 34
96 90 21
48 76 25
16 96 16
68 46 1
5 65 55
90 67 31
43 84 66
56 24 81
12 29 32
39 93 29
21 95 63
91 82 75
71 8 14
16 59 10
75 8 46
23 65 20
98 96 90
35 50 66
60 6 69
23 14 37
74 92 74
11 6 27
71 90 72
68 12 46
56 57 38
55 24 65
24 59 67
98 40 22
95 56 76
45 10 79
71 81 17
65 83 37
91 16 26
16 98 51
41 17 3
40 28 97
50 62 19
7 36 2
29 55 65
19 84 1
0 3 53
92 88 89
3 31 72
37 98 76
70 15 94
52 16 4
15 53 77
52 68 10
91 56 57
37 2 20
48 3 21
41 19 44
32 46 16
94 39 25
88 92 22
72 75 37
82 41 29
72 0 23
89 71 29
52 49 15
23 13 78
34 54 17
58 99 35
89 98 16
54 34 98
71 50 12
96 23 15
27 81 67
16 84 66
8 55 26
63 68 62
87 51 62
76 65 40
8 85 23
53 70 50
58 54 37
37 82 36
29 14 25
47 31 8
18 33 74
83 10 53
45 10 96
56 45 53
40 68 63
40 98 23
49 72 26
71 22 28
67 61 97
19 25 64
98 53 97
4 76 14
79 75 27
8 7 55
2 28 56
89 62 44
33 10 47
6 44 12
34 4 6
30 28 15
55 73 35
34 19 40
49 37 48
26 94 70
81 58 100
10 1 89
52 71 74
48 88 95
49 21 85
92 7 79
74 38 57
86 90 17
57 73 75
76 5 36
41 72 81
67 18 51
24 83 93
86 88 67
0 46 46
55 58 69
28 73 26
26 54 78
46 78 60
13 79 15
51 7 13
20 42 11
90 93 9
8 4 28
13 99 39
57 12 56
33 72 10
24 49 41
32 11 89
34 8 48
13 92 77
89 59 42
36 98 62
41 81 99
88 36 72
62 18 50
24 20 25
31 80 55
62 90 32
20 96 60
8 79 29
38 76 7
15 77 71
69 64 14
30 26 50
22 48 20
52 84 13
25 5 78
17 14 48
80 23 40
96 95 23
14 59 70
88 56 62
78 87 61
48 7 98
10 5 3
8 42 1
67 11 10
62 15 23
97 31 15
54 26 95
76 86 83
90 81 66
74 55 82
54 68 42
66 21 65
77 53 38
39 31 46
83 94 9
80 81 56
62 48 18
40 1 23
76 25 66
29 23 78
6 65 62
12 24 41
87 47 78
11 45 78
24 62 76
90 51 18
96 4 74
34 30 62
86 44 4
68 76 36
77 92 30
99 90 43
87 8 59
79 52 28
17 77 19
82 80 82
94 53 17
87 6 30
68 34 10
27 57 47
72 30 24
62 82 32
30 60 29
6 30 54
63 9 66
51 35 62
84 65 3
49 10 30
47 43 97
34 5 43
57 5 61
70 22 71
74 60 98
3 86 78
28 80 43
67 73 96
19 23 51
56 23 61
56 14 64
49 32 82
3 18 55
99 27 12
17 65 53
47 19 24
61 31 17
0 72 87
85 29 49
68 27 58
24 35 60
42 74 45
64 67 63
83 53 66
75 85 69
17 53 56
24 40 42
23 8 27
14 64 94
36 84 85
62 85 47
78 43 22
60 50 96
57 56 89
87 59 48
32 20 38
93 89 5
61 94 86
74 88 52
13 69 59
57 7 81
55 1 93
23 94 38
92 97 15
55 5 87
33 80 5
72 97 69
56 43 92
24 33 19
36 68 73
24 77 14
21 64 40
12 89 50
90 58 96
83 78 100
23 75 67
52 5 6
94 37 69
93 62 1
35 39 67
65 14 1
73 99 3
2 85 33
82 28 14
53 57 49
69 13 47
18 63 6
63 30 52
80 43 30
2 33 100
69 72 91
34 63 53
95 10 48
65 44 96
15 54 37
20 81 77
65 93 60
52 57 43
28 0 32
15 73 92
38 5 42
64 70 86
22 92 98
37 74 5
74 43 53
3 46 79
73 22 24
68 41 18
38 71 87
86 16 9
99 20 3
81 34 19
6 10 83
34 82 80
68 37 9
90 97 11
11 61 25
87 94 69
22 17 76
72 28 61
8 79 45
98 6 64
5 88 58
6 85 83
97 68 5
89 14 98
67 64 41
0 35 89
63 57 90
2 0 19
59 74 7
3 96 74
87 51 86
88 56 42
8 32 6
1 95 47
57 0 79
29 51 99
41 8 34
38 97 43
42 13 27
16 27 98
28 48 99
93 70 70
3 58 100
28 4 4
38 33 63
82 20 63
13 90 20
41 28 57
78 55 18
25 67 4
69 10 38
69 33 32
38 77 11
93 77 7
7 73 99
16 55 56
19 36 64
13 79 55
68 81 86
59 97 78
61 17 71
58 82 17
9 47 93
75 20 85
81 92 73
9 47 94
41 52 9
14 80 92
7 85 43
21 59 2
78 61 67
56 42 41
44 20 84
16 90 33
7 77 79
8 4 13
1 22 5
36 68 86
52 28 5
72 42 53
21 33 100
44 58 33
41 47 92
34 18 39
43 91 23
11 77 28
87 33 12
2 52 7
71 16 80
21 70 9
8 55 92
61 76 93
40 78 44
66 55 99
58 9 17
88 36 89
87 82 45
65 30 55
52 48 43
23 29 25
63 24 33
58 65 99
9 48 14
89 95 40
25 81 69
38 97 53
7 58 28
15 74 27
90 58 13
83 77 20
71 85 98
82 92 93
33 71 33
68 13 60
72 16 30
79 36 54
67 25 19
97 64 78
30 86 50
24 51 61
28 25 74
9 75 99
95 42 33
46 65 60
96 57 55
99 36 65
23 25 53
11 29 100
89 32 61
31 39 6
20 3 59
63 42 29
35 37 6
73 56 99
52 83 91
16 8 25
14 80 2
16 97 60
56 58 92
37 21 26
80 89 44
90 42 12
57 87 12
7 20 68
68 23 48
49 6 81
90 94 30
26 0 67
75 64 97
3 76 13
96 82 14
65 61 94
81 43 27
62 28 57
43 1 48
76 77 20
9 56 94
79 70 26
79 99 62
11 23 13
43 5 96
55 91 28
62 60 74
70 40 35
24 14 51
33 15 39
74 20 88
29 6 18
36 9 67
50 35 97
35 36 46
60 19 5
6 28 72
55 99 26
88 86 58
7 9 2
56 64 63
21 56 52
19 54 33
79 81 13
89 83 27
54 69 43
11 36 95
55 2 31
37 15 99
50 40 93
21 31 54
10 36 14
16 6 47
29 57 67
35 68 67
47 96 97
4 10 37
24 34 95
97 45 67
76 21 4
21 89 7
58 9 50
14 71 38
62 49 80
30 0 48
92 69 52
81 85 97
10 75 9
75 31 14
79 96 47
21 32 78
80 50 68
20 28 21
12 65 12
76 83 73
37 53 50
33 72 26
84 88 1
98 55 61
4 59 37
17 83 46
74 84 59
85 31 76
52 13 47
17 9 93
62 14 86
59 19 13
24 82 68
79 80 3
22 32 100
26 23 98
94 76 71
65 52 97
50 27 55
92 20 29
59 43 11
47 11 89
55 86 10
18 40 96
98 34 41
32 58 14
89 11 90
17 90 46
71 86 4
69 31 11
5 12 100
28 83 81
69 4 22
18 97 36
7 83 89
64 54 62
67 35 4
65 87 15
33 87 95
70 61 26
16 22 92
71 93 47
51 16 99
71 51 31
42 53 81
36 90 60
4 93 34
92 60 50
44 73 75
76 62 15
54 15 41
14 37 65
0 30 60
26 99 97
44 89 86
53 86 97
65 17 74
80 82 49
55 46 47
24 87 39
94 70 78
11 38 54
50 72 29
50 27 5
95 90 84
91 63 69
44 97 87
89 79 12
79 67 9
71 55 81
41 90 76
67 64 82
8 6 12
46 34 62
30 13 16
27 48 64
88 31 16
38 57 57
79 35 3
2 33 98
46 21 6
91 76 69
99 42 19
1 90 62
38 52 12
6 33 74
44 38 59
74 10 25
60 10 23
46 16 90
72 89 46
10 6 69
70 60 32
70 2 21
7 37 24
10 36 95
93 38 52
59 51 56
53 90 10
8 26 94
33 11 60
47 55 17
40 82 56
82 77 53
34 73 23
7 65 97
94 87 16
1 33 59
99 84 92
78 1 86
53 39 78
78 86 96
93 21 28
76 9 7
8 18 39
66 39 83
77 21 81
59 83 67
26 28 13
25 4 15
91 56 90
48 97 80
62 53 40
75 51 28
60 70 18
26 76 94
46 15 91
34 3 68
52 33 91
40 0 24
13 68 50
83 8 50
28 62 68
33 29 54
28 34 3
32 7 79
74 25 36
9 4 72
98 68 96
43 46 32
46 2 75
74 33 70
64 98 19
14 36 35
27 31 60
57 9 14
75 92 70
82 38 46
68 12 32
48 44 88
12 88 36
38 74 98
28 39 56
13 72 25
30 54 45
61 22 66
8 56 69
81 25 6
67 50 53
24 90 5
99 56 86
67 33 27
98 58 31
27 11 42
33 7 21
36 37 60
26 17 96
54 51 58
50 60 71
28 94 89
72 60 16
40 17 42
78 19 62
47 86 84
31 63 58
48 15 4
50 14 92
45 39 20
76 44 12
37 16 93
62 55 13
24 17 55
81 37 18
76 12 6
46 1 3
93 60 60
62 72 43
68 46 43
63 46 75
98 93 80
71 93 27
82 55 52
85 3 100
12 43 75
22 87 21
75 2 28
7 71 87
99 51 12
85 40 44
0 97 52
44 74 61
24 44 6
17 47 12
89 96 2
47 85 41
95 45 5
26 59 34
18 46 58
43 78 87
38 71 62
82 11 25
54 79 1
59 23 50
67 47 58
13 24 6
49 21 97
40 29 31
80 99 62
79 92 64
1 71 25
32 64 70
29 37 20
25 17 77
94 68 95
52 76 57
54 49 78
30 49 8
4 21 16
35 75 25
77 99 38
5 14 2
2 29 80
22 88 45
65 79 22
45 47 98
7 83 1
66 22 37
32 43 2
58 63 95
78 23 11
72 9 54
42 59 59
99 68 6
25 92 37
41 0 94
16 84 5
21 41 56
90 35 1
88 57 54
58 87 21
48 26 81
81 1 53
6 90 100
47 42 66
66 17 63
27 88 100
81 41 35
28 69 87
4 27 66
17 42 94
49 83 56
33 39 76
45 34 37
38 81 68
84 6 34
34 46 16
87 52 18
48 58 47
8 77 54
64 5 86
0 14 98
91 63 13
63 42 14
16 68 98
74 31 84
18 85 90
99 90 19
38 66 84
56 85 100
11 31 58
56 53 97
63 15 28
54 98 76
13 89 19
72 8 75
1 83 8
23 73 44
76 85 39
10 45 61
12 75 14
10 56 59
93 80 16
74 95 67
89 12 71
26 49 70
22 65 76
5 99 27
99 59 58
80 96 28
5 99 37
44 59 11
42 64 70
20 23 16
48 0 84
68 87 53
0 14 45
79 89 32
24 83 46
10 3 28
75 55 74
0 3 38
60 35 55
17 37 12
18 62 91
37 13 13
14 26 76
37 25 53
53 63 41
29 49 46
13 81 2
66 12 100
63 8 85
12 18 69
49 13 85
34 88 48
15 9 99
48 19 80
63 55 66
36 1 38
31 36 18
64 76 23
89 9 64
50 97 76
92 79 22
87 21 49
71 31 26
90 15 7
31 32 23
74 51 15
85 57 86
94 59 55
17 56 99
98 28 27
20 47 58
33 85 13
38 64 99
45 78 100
20 82 16
19 23 77
12 25 64
68 57 17
96 53 25
1 34 33
12 54 76
83 81 80
2 4 39
81 86 93
91 84 92
45 87 94
62 8 48
45 98 28
62 53 53
27 64 73
13 74 87
58 86 5
12 71 83
76 25 13
10 82 77
5 91 50
0 53 79
95 51 60
92 72 77
39 98 58
91 92 100
93 38 89
24 47 10
7 42 76
20 68 64
74 97 96
88 29 82
48 7 22
59 65 65
91 32 53
6 15 40
67 44 88
25 86 7
38 9 74
30 86 71
23 60 96
65 85 23
90 46 99
10 43 49
89 26 76
57 56 2
13 77 94
20 78 29
32 46 57
87 91 9
47 75 99
63 69 83
45 47 61
86 47 52
10 2 91
44 75 41
7 15 13
28 46 95
9 23 33
27 82 1
35 74 76
4 32 65
98 68 10
16 86 35
85 62 89
8 15 16
79 52 84
69 46 3
16 83 75
75 13 10
6 44 16
18 39 80
95 83 82
86 66 99
28 39 46
63 0 12
59 31 76
4 46 15
21 69 62
63 38 49
93 40 83
88 52 88
38 32 24
5 65 14
72 57 67
4 78 73
0 72 42
41 1 24
3 60 87
19 62 10
88 9 81
87 44 39
0 79 13
59 39 53
60 11 60
59 21 76
81 8 98
5 73 28
73 70 100
22 89 16
65 57 61
75 35 77
77 4 46
90 17 96
47 5 85
66 47 43
32 9 54
38 55 73
55 60 86
37 93 84
37 49 88
76 71 67
82 46 85
9 61 93
14 77 13
47 6 9
36 6 40
17 27 69
37 96 80
22 55 92
86 92 49
77 60 39
24 25 9
92 3 42
10 70 25
74 16 6
27 38 27
6 32 7
12 13 98
13 21 28
33 77 99
12 60 85
9 15 6
90 15 97
88 14 33
61 30 85
95 88 43
78 26 31
2 7 21
77 35 26
73 47 91
87 35 83
0 11 60
0 13 80
80 28 43
47 12 1
72 75 32
22 97 43
3 42 51
73 18 51
19 96 84
69 51 36
60 97 16
90 8 97
15 27 50
19 75 65
32 98 10
62 6 85
49 51 1
54 73 2
15 83 84
24 71 21
60 62 70
71 24 96
54 58 49
27 59 81
64 0 25
15 7 22
50 66 21
73 6 84
47 55 72
42 81 19
67 52 65
84 22 63
11 3 5
42 11 72
50 40 65
53 7 1
35 98 94
96 20 58
87 92 76
30 74 10
84 30 59
58 29 1
98 63 1
71 59 82
46 50 87
40 91 27
69 99 73
54 77 22
48 65 91
85 42 39
96 45 60
72 65 6
28 30 24
22 24 2
25 10 7
57 54 10
49 70 16
70 39 73
35 14 45
22 53 36
60 88 33
94 1 82
70 45 41
63 48 92
25 58 15
97 50 33
24 90 63
91 36 6
0 70 64
63 56 70
8 4 77
0 56 16
79 63 97
10 91 28
20 81 30
79 73 23
43 57 96
74 22 81
97 66 72
16 61 17
12 68 100
66 11 50
14 82 67
91 40 54
54 13 61
21 87 27
14 74 78
63 66 33
62 73 82
87 55 56
77 93 45
29 71 2
69 60 65
65 51 75
58 29 17
42 9 68
31 93 11
72 88 13
42 69 61
98 72 12
48 26 52
5 37 31
36 83 74
72 52 46
49 78 61
50 34 22
5 99 26
98 40 85
51 44 41
65 26 84
19 23 13
50 78 46
70 57 54
38 80 2
24 53 57
32 4 98
64 43 70
92 98 24
12 90 80
28 50 44
51 0 54
5 53 68
80 73 80
96 90 94
5 85 83
15 76 30
2 73 78
75 61 13
96 10 36
67 87 85
53 76 4
33 99 32
35 64 12
1 20 86
15 69 43
53 15 26
9 95 13
58 50 47
17 29 10
37 93 15
4 91 78
9 87 27
12 57 53
41 53 29
41 15 38
12 85 65
95 88 68
40 9 5
39 71 90
19 59 52
52 24 87
61 18 89
37 51 26
61 26 100
44 71 27
61 96 17
94 36 23
20 31 95
94 96 44
71 73 33
28 87 63
83 80 36
0 45 84
60 20 74
10 94 30
70 24 46
99 97 27
97 3 85
96 79 2
73 75 82
88 38 80
95 67 98
59 61 88
34 56 58
60 80 24
53 0 90
62 78 11
25 89 13
80 34 18
90 86 92
47 62 45
95 29 51
82 41 36
82 62 30
95 58 43
66 94 42
17 0 44
92 38 3
23 36 73
76 36 35
80 51 95
85 59 98
20 60 88
44 91 64
83 27 24
59 12 45
82 73 21
10 29 99
2 67 8
66 86 8
97 87 32
29 79 63
44 26 81
63 97 29
83 8 9
53 4 99
13 57 47
41 72 57
86 34 2
38 26 49
19 54 3
56 81 29
56 66 95
73 64 2
96 30 100
67 51 63
6 19 62
49 15 57
82 78 100
87 70 84
31 72 16
76 64 23
89 78 84
93 21 88
99 26 6
64 34 23
6 11 16
87 89 23
85 48 73
8 41 69
12 11 46
75 56 33
73 93 10
52 56 37
30 47 66
13 53 88
57 2 72
70 52 8
32 14 88
75 73 28
80 10 7
46 77 34
22 69 73
54 99 55
1 43 62
42 10 87
54 15 100
19 31 54
21 66 59
86 38 100
99 38 13
0 97 41
55 58 86
31 29 5
23 43 20
98 2 95
6 19 52
81 37 43
27 47 57
47 53 82
18 68 2
81 82 89
24 34 87
57 70 89
72 27 65
44 53 33
4 9 85
69 76 91
12 87 70
44 58 73
77 93 15
68 44 68
41 55 47
11 33 18
42 65 14
5 16 13
99 73 58
59 57 63
10 95 1
31 81 63
32 44 24
38 84 62
75 62 6
26 8 46
63 34 52
87 80 13
0 46 83
3 76 85
52 21 65
20 93 76
40 51 1
99 91 96
72 65 59
34 60 7
96 93 17
32 70 13
80 16 53
27 72 39
25 68 34
46 35 61
94 76 28
8 16 78
64 56 59
38 42 4
20 58 28
58 95 4
70 91 58
62 40 55
63 0 85
99 57 15
34 55 6
73 29 63
76 83 20
78 46 79
54 41 22
54 32 42
46 15 68
24 48 18
71 44 78
7 81 42
71 96 44
98 36 17
26 3 24
64 71 82
24 41 39
4 34 36
44 17 96
3 85 1
80 77 99
40 15 57
53 19 49
64 19 6
56 55 99
29 93 1
57 56 68
21 30 90
19 43 72
55 11 25
84 33 35
11 80 36
46 11 15
23 3 11
37 67 19
76 57 40
7 16 78
39 69 25
62 2 74
68 0 19
94 82 93
68 96 54
7 21 37
40 74 55
88 59 12
33 32 60
24 64 41
63 15 65
88 91 99
16 39 59
64 7 30
17 30 10
93 53 21
97 94 51
36 64 57
6 2 47
63 30 10
34 49 14
54 52 67
94 51 60
38 91 88
34 66 77
64 4 80
51 98 96
31 23 57
82 54 20
77 23 8
23 90 97
33 19 44
73 77 82
47 40 78
33 60 79
65 32 57
93 98 26
39 84 46
57 98 55
11 99 83
99 76 100
54 89 89
15 53 100
58 91 13
53 36 84
24 91 89
53 9 25
74 65 53
80 75 98
19 57 7
76 22 88
94 78 78
23 51 52
69 18 42
89 97 64
64 2 8
78 18 96
35 82 77
58 12 75
16 26 26
88 27 33
72 86 17
56 71 50
85 7 92
0 70 56
26 83 9
5 96 16
83 22 40
33 76 14
8 34 75
54 6 54
59 22 30
88 8 73
95 11 54
6 76 18
25 48 76
64 68 25
61 6 78
63 78 62
32 48 70
63 51 70
62 24 2
91 20 81
41 85 29
35 27 9
6 27 6
41 45 52
99 41 54
45 53 87
59 37 36
67 53 35
70 5 79
98 12 90
38 30 2
38 24 93
10 76 54
88 47 88
27 79 85
82 62 67
75 11 3
32 30 36
98 18 2
80 37 77
80 23 9
98 48 85
76 25 60
61 90 98
12 87 22
6 72 77
6 24 76
11 15 20
25 26 88
85 54 70
79 47 54
84 3 63
97 18 100
20 1 99
76 38 19
11 55 32
66 29 18
10 20 53
42 12 37
75 4 38
98 58 28
37 67 1
27 64 96
64 82 100
20 60 46
75 12 2
97 75 61
42 15 42
23 92 75
50 26 48
65 27 49
49 89 42
85 24 65
85 63 91
68 6 63
15 63 16
14 68 37
0 8 51
8 65 43
17 3 91
67 5 27
51 67 69
98 3 88
88 78 22
30 24 66
19 65 87
3 19 50
83 40 62
10 11 57
18 15 62
58 74 70
54 2 86
97 78 82
60 71 36
53 40 22
22 70 21
89 62 14
83 7 45
88 98 80
17 39 61
88 58 99
72 98 94
19 32 94
66 22 92
19 65 46
58 95 89
62 68 93
6 62 80
82 26 29
24 71 66
57 78 52
54 23 37
30 39 73
93 40 11
6 60 84
84 73 59
40 91 51
43 96 91
8 15 62
17 5 58
62 30 62
9 23 32
74 80 20
12 80 97
97 68 62
21 83 42
68 93 62
30 41 17
67 46 81
40 6 84
15 65 2
81 24 44
50 94 67
95 96 38
35 87 55
53 11 92
29 43 16
67 68 37
97 89 54
61 71 50
35 66 8
46 63 19
95 25 61
57 6 9
21 44 100
20 29 54
9 55 38
55 89 38
50 97 99
20 97 73
90 59 70
97 5 41
5 19 3
5 3 94
21 0 50
40 70 13
6 20 30
28 53 12
23 87 20
10 44 99
59 23 91
78 11 89
82 19 74
66 79 43
84 99 5
63 93 87
71 70 75
68 21 96
94 5 33
10 8 59
20 54 63
53 5 87
42 47 47
16 52 22
65 70 46
14 79 97
77 82 28
72 25 64
25 51 13
6 24 21
24 69 31
50 72 37
45 35 82
58 49 48
22 29 28
12 41 59
17 11 58
28 60 66
5 20 20
78 31 35
99 10 80
99 10 35
31 14 2
61 32 39
26 91 84
61 28 45
77 4 36
90 25 52
99 49 38
52 1 29
23 76 34
9 22 70
47 15 65
16 53 25
28 90 95
41 31 100
33 98 97
94 61 63
24 4 62
4 30 19
15 90 97
93 70 96
52 14 71
56 87 18
42 52 34
55 92 45
14 9 92
2 23 12
90 54 33
51 97 71
86 14 84
70 93 16
14 82 83
15 18 53
27 94 50
29 39 78
41 39 25
99 20 13
92 75 44
71 68 80
24 21 37
2 68 69
44 26 33
95 17 2
65 87 29
27 43 15
44 69 68
52 56 41
0 46 43
39 56 84
71 35 33
97 24 68
25 92 15
17 75 81
68 25 61
56 93 16
70 40 86
91 15 68
8 33 55
94 15 99
22 23 18
87 65 56
0 21 25
50 15 70
68 42 79
39 51 46
28 86 43
47 8 65
78 81 17
46 63 65
87 84 26
65 50 38
6 80 63
45 94 79
96 88 20
79 29 61
32 98 22
67 84 30
28 7 24
71 1 81
26 50 84
8 45 66
72 70 15
0 69 57
80 48 9
6 82 29
78 32 79
94 74 83
87 43 31
7 3 67
2 76 75
42 22 55
4 51 86
38 49 11
20 22 44
36 20 90
0 96 18
41 31 71
8 13 11
37 19 46
90 74 25
38 47 64
81 63 68
22 88 71
26 5 81
69 19 73
90 0 31
35 29 76
73 74 42
97 30 21
51 53 17
70 60 11
10 65 44
54 41 16
17 48 62
40 16 11
4 86 21
50 11 11
35 57 39
2 27 12
62 70 30
74 61 9
69 68 75
21 85 5
88 78 81
9 70 33
9 0 59
99 33 58
27 63 67
96 40 86
21 69 47
42 94 77
65 90 48
49 92 63
23 85 8
35 22 15
43 35 12
52 29 8
29 44 60
92 19 12
56 17 40
40 7 58
14 36 93
36 82 88
35 16 21
28 85 51
17 77 50
0 82 50
64 2 21
59 70 42
98 3 27
52 93 6
76 89 53
66 29 45
18 59 48
91 54 15
76 58 28
96 42 1
73 53 94
83 43 70
5 40 59
88 86 11
63 82 22
37 89 30
18 72 85
98 25 1
6 50 91
68 71 62
89 41 85
8 82 53
92 40 48
19 92 73
40 61 58
57 47 2
69 86 82
9 78 31
88 46 24
56 57 49
41 74 36
61 77 60
73 19 42
31 8 26
0 58 16
43 48 77
66 74 72
20 32 40
90 4 66
85 3 30
11 82 66
5 67 44
94 45 37
64 41 27
17 35 22
12 81 78
43 97 6
99 16 81
33 42 60
57 15 11
59 5 42
46 51 97
37 56 9
63 60 70
28 89 42
11 80 91
81 59 51
78 28 57
72 13 78
61 29 80
30 60 35
63 7 76
4 69 51
87 58 18
73 28 87
92 5 28
65 69 19
49 5 14
71 45 67
24 20 79
36 56 64
39 17 25
97 34 64
10 62 89
29 66 60
94 67 76
4 39 57
25 41 47
68 41 20
47 44 95
19 37 63
89 79 17
36 19 92
3 18 32
15 1 31
94 11 49
30 2 30
36 73 4
96 11 74
96 45 87
54 19 78
90 27 34
97 42 10
0 25 23
88 47 30
61 38 75
11 7 14
72 55 14
5 54 38
19 39 70
63 84 30
91 51 54
57 50 53
44 86 71
18 31 51
46 89 79
22 83 22
90 28 34
60 9 12
75 41 68
78 42 79
85 34 14
3 97 47
60 4 51
9 0 53
91 35 4
67 80 66
33 19 89
51 26 29
74 40 79
90 30 90
64 85 26
32 71 92
34 53 33
54 7 31
25 96 29
58 86 44
10 0 40
47 17 11
34 36 13
2 47 79
74 6 63
28 87 17
88 4 13
97 22 53
48 58 71
74 84 86
4 74 70
94 55 35
89 18 82
11 80 98
18 87 45
36 71 13
34 71 94
75 84 29
88 40 58
