78 57 17
74 16 18
9 85 94
66 46 31
18 36 57
69 85 46
73 42 75
49 11 40
28 7 63
85 76 43
52 19 71
6 26 86
57 65 66
13 82 11
16 0 14
50 2 56
46 52 85
49 31 13
72 65 16
51 25 34
84 53 72
67 46 52
91 64 72
7 20 48
96 79 74
79 22 89
19 1 36
88 36 74
35 83 99
68 82 6
46 72 13
93 48 25
60 47 64
22 56 61
30 76 58
49 54 40
74 48 26
95 79 43
49 79 5
50 61 21
29 51 85
34 13 91
2 15 40
83 9 70
6 47 44
67 12 44
63 36 67
47 98 72
54 30 75
71 68 58
25 55 54
55 56 16
59 77 16
63 99 36
14 79 18
80 79 77
17 2 44
81 7 7
43 47 5
91 95 86
29 21 35
15 25 7
53 26 63
33 70 17
49 3 2
2 55 32
34 92 14
29 50 21
72 88 54
75 2 11
29 69 90
85 96 69
45 43 29
53 22 27
27 67 37
18 87 53
58 16 41
86 15 91
17 11 100
45 62 47
43 94 25
7 80 2
71 5 51
11 24 19
34 24 96
83 60 50
23 70 4
4 62 100
43 26 65
11 54 74
24 88 68
24 71 59
40 61 89
2 50 19
54 70 24
71 76 42
58 71 39
5 62 82
2 10 70
32 58 50
59 48 67
10 23 85
70 92 40
89 20 68
47 89 38
93 35 36
59 56 31
72 3 24
25 41 28
10 42 41
11 94 92
63 14 35
95 47 99
37 63 51
1 23 55
28 40 58
0 36 9
67 96 90
37 3 24
55 73 26
17 82 58
60 9 33
32 29 64
73 93 7
70 13 55
98 61 58
43 23 20
2 34 54
78 38 95
23 97 86
58 56 35
70 22 26
35 32 11
86 76 65
36 50 20
8 80 40
53 92 76
59 0 14
52 22 100
8 20 50
89 30 63
25 22 44
6 9 81
19 90 33
90 5 11
63 20 100
38 63 15
47 20 77
75 1 21
19 95 39
56 82 37
53 39 34
70 21 10
64 78 87
94 12 58
76 84 61
82 11 70
6 53 2
22 86 38
87 5 44
5 67 58
16 99 19
55 39 10
7 71 79
16 96 95
14 27 66
10 73 19
15 84 16
70 26 98
38 72 92
72 47 10
41 61 70
84 82 11
13 28 32
83 3 31
62 20 70
27 28 25
59 18 24
23 75 9
77 16 63
29 36 88
7 0 7
46 72 2
61 43 57
78 35 72
8 24 20
50 26 84
21 14 53
76 56 79
42 56 49
4 36 82
34 64 79
14 56 2
1 24 10
21 43 17
69 49 21
9 31 20
17 15 29
39 90 15
98 30 64
17 45 66
54 66 46
15 73 31
69 81 9
47 4 100
3 58 20
25 35 32
7 44 19
8 53 41
99 86 53
5 15 28
61 63 31
90 66 67
28 41 43
28 89 69
30 50 93
23 18 22
56 17 75
51 24 66
63 69 74
10 42 91
29 8 85
85 91 36
49 79 96
38 71 25
69 57 99
48 46 40
26 83 19
91 85 11
75 3 97
30 27 49
68 18 20
97 90 21
14 47 54
53 21 59
72 14 96
68 0 57
20 27 80
68 22 46
83 45 26
54 66 35
49 51 96
27 3 30
79 48 50
16 14 82
50 12 98
70 78 52
41 54 27
55 81 25
65 95 81
18 52 66
38 66 21
94 67 69
37 86 4
61 86 1
9 57 13
69 45 97
32 9 69
39 46 75
4 27 93
5 13 32
60 25 49
22 34 52
27 97 87
44 78 96
7 25 38
67 85 13
82 99 41
89 29 63
34 56 37
81 18 56
49 67 44
13 89 83
81 89 36
63 54 17
28 29 35
97 82 56
49 2 72
52 55 98
17 31 7
51 20 70
91 10 26
54 99 38
47 90 41
64 36 85
5 1 29
64 58 31
61 91 15
35 87 64
95 68 93
59 76 53
70 12 68
44 96 46
40 51 51
97 75 24
65 70 83
0 92 53
23 74 42
41 69 31
99 32 43
74 9 65
54 50 53
38 74 19
95 83 53
36 76 17
50 24 23
73 42 50
66 21 83
84 99 81
89 63 17
67 82 44
8 88 13
58 48 95
52 21 57
29 43 61
43 89 55
64 48 69
3 60 87
57 20 91
0 88 64
96 7 98
43 5 48
72 11 5
42 70 55
82 37 72
21 10 83
13 53 71
27 53 39
68 65 87
53 23 23
31 14 49
77 90 6
65 95 17
26 81 77
59 5 68
53 63 82
41 44 13
9 97 23
5 55 12
76 96 86
84 41 15
27 36 62
22 95 1
50 12 59
15 73 44
31 23 89
49 29 52
99 48 3
32 77 89
62 9 41
50 31 21
49 68 51
48 19 36
24 64 60
66 13 67
37 90 94
98 30 50
37 66 54
12 8 84
45 21 95
34 68 40
79 64 56
18 61 53
42 30 13
40 19 89
31 74 12
20 24 22
96 78 91
83 67 69
3 43 86
69 24 7
54 0 94
91 57 89
13 59 80
80 95 38
61 90 70
19 76 34
10 67 42
37 63 31
64 93 96
68 6 48
95 89 45
10 49 95
70 73 70
63 2 49
73 1 26
73 26 34
76 18 86
13 45 79
37 27 27
45 36 85
6 44 61
46 71 23
75 43 20
58 14 43
19 98 60
88 99 42
59 95 92
25 63 7
12 28 69
50 71 55
26 21 96
96 94 80
15 31 60
77 29 51
51 90 91
6 75 89
3 74 69
7 65 93
42 35 60
36 27 64
32 66 90
11 16 95
86 46 64
4 17 18
13 6 82
5 46 13
30 28 27
3 8 44
41 70 37
39 37 46
82 2 53
7 85 62
2 7 92
85 24 72
85 70 88
30 79 17
8 17 21
61 83 14
20 69 10
51 31 15
94 60 36
59 45 37
66 51 17
47 38 63
66 88 60
41 69 11
75 52 5
35 37 42
95 96 92
47 3 96
21 93 16
65 67 94
13 25 46
14 54 38
2 10 70
97 23 62
93 73 2
15 34 85
13 84 2
19 81 11
3 23 25
7 99 85
44 22 26
39 16 10
68 70 41
21 57 80
61 94 83
96 18 91
85 79 26
57 56 56
28 14 56
93 63 30
66 20 63
92 81 77
48 61 40
86 80 96
81 99 62
77 20 59
37 0 7
60 71 21
51 31 26
15 81 44
33 70 22
6 64 50
93 70 19
77 81 69
29 64 44
76 19 34
72 16 36
59 21 32
20 29 100
68 75 82
14 88 57
74 54 38
3 59 85
48 60 82
65 21 44
28 17 15
60 75 86
74 68 71
54 33 90
50 26 19
63 8 71
0 23 79
91 10 7
51 52 87
79 26 37
29 47 44
59 5 19
74 19 20
7 64 86
76 12 33
67 73 57
87 93 20
70 93 17
81 54 2
79 8 65
19 64 68
77 40 68
33 98 71
30 45 98
35 33 51
79 45 100
64 72 85
94 46 77
56 19 90
11 85 26
98 5 89
16 12 85
41 31 68
77 4 8
97 29 74
11 2 89
72 8 68
79 49 60
35 79 87
62 15 4
35 80 9
88 50 25
8 37 97
24 37 86
71 85 31
71 88 60
92 21 15
24 56 19
44 98 17
86 27 37
35 61 99
58 99 68
73 33 19
51 95 99
9 55 33
84 38 93
30 53 57
44 58 91
89 36 12
15 84 46
80 90 13
59 68 81
62 28 81
10 47 68
60 61 43
24 66 22
82 16 53
29 58 20
48 59 92
14 51 81
19 4 29
18 35 78
92 66 86
37 71 76
43 48 97
4 92 99
77 79 90
78 26 99
7 44 30
14 1 53
44 95 42
87 12 3
4 32 30
12 24 5
74 36 2
35 59 78
51 99 31
26 80 28
36 29 31
65 37 80
92 29 79
41 78 3
79 66 100
8 28 22
3 52 51
54 34 8
29 94 81
5 96 27
39 3 87
46 38 2
58 46 37
1 69 7
31 81 42
88 51 5
30 67 51
52 95 5
69 21 19
4 77 19
52 45 81
91 24 14
87 46 33
44 5 54
42 88 16
86 56 9
25 32 11
10 40 83
63 88 55
78 44 45
89 27 12
85 17 90
42 13 58
72 13 94
90 52 22
3 8 32
76 74 71
4 46 58
1 93 53
33 16 71
28 77 12
51 17 13
7 3 47
38 66 79
87 96 25
70 63 51
37 59 34
39 49 42
77 56 80
88 60 100
14 50 22
64 11 86
66 77 69
71 77 46
94 65 56
30 58 29
21 61 60
59 17 67
41 1 70
49 35 7
23 87 92
39 72 74
55 31 86
89 29 8
8 99 62
60 69 31
37 72 10
72 94 72
80 17 38
86 15 4
82 55 18
98 88 91
19 51 44
67 0 8
48 64 47
91 66 69
39 46 11
76 92 60
68 49 100
93 33 67
10 38 75
78 64 37
47 39 85
91 37 73
1 72 71
88 43 31
81 88 9
99 59 83
63 94 11
61 51 25
29 6 95
5 34 46
76 25 39
60 59 14
56 60 97
1 17 31
55 99 12
93 37 15
80 78 68
63 22 61
37 63 76
25 14 42
2 42 59
71 31 37
3 83 3
30 21 52
82 10 88
51 37 82
24 97 79
60 83 54
56 19 77
60 89 42
15 57 71
21 39 72
26 24 38
15 51 68
48 89 21
68 77 22
81 88 49
37 41 70
50 26 99
47 15 30
52 37 64
51 11 88
89 64 16
70 51 38
94 67 10
53 36 79
20 13 22
68 80 65
57 89 65
28 58 43
38 72 31
60 40 71
91 39 60
30 45 60
32 56 37
43 84 86
23 92 21
36 55 7
26 68 57
47 68 95
34 84 12
45 28 95
7 58 24
30 34 56
41 68 79
72 45 40
41 32 13
17 36 15
90 47 97
27 11 81
5 85 53
55 24 68
73 23 50
88 14 87
71 14 40
38 56 68
21 49 53
42 83 38
69 48 75
75 80 36
61 4 26
57 32 90
82 86 4
69 82 92
91 99 41
55 99 19
58 32 51
72 49 72
5 10 56
58 54 47
48 30 64
4 73 18
94 27 45
2 82 25
73 28 45
32 67 51
27 99 56
40 54 27
52 3 74
74 25 100
71 95 56
70 64 96
8 69 74
73 10 24
5 78 12
30 59 44
51 63 99
29 60 63
98 61 11
18 32 93
40 63 43
27 49 62
0 57 45
10 43 95
68 77 77
21 36 31
22 34 61
86 69 30
64 59 39
46 17 50
21 1 20
27 13 75
83 37 61
59 54 29
43 71 95
49 16 85
47 79 16
54 79 72
98 89 61
82 78 33
43 82 37
79 51 52
97 60 84
33 7 73
49 58 13
61 24 90
80 31 94
38 7 87
34 62 89
31 88 57
6 37 8
22 82 97
92 78 31
13 11 25
33 8 16
93 48 22
19 78 14
87 22 36
78 0 24
91 96 8
72 9 87
7 33 27
54 88 55
77 8 49
93 64 72
0 85 9
33 10 90
57 6 100
73 69 73
62 65 92
93 43 72
48 90 52
81 4 74
57 76 48
87 94 32
56 9 59
10 16 69
74 4 45
3 99 28
84 17 26
20 80 85
45 85 18
26 13 37
1 74 10
87 49 88
83 36 5
58 24 17
4 21 32
19 88 62
59 92 6
96 97 65
39 20 25
68 1 10
40 32 87
70 15 47
62 40 44
49 43 43
54 8 10
56 79 47
54 43 25
3 84 44
49 77 89
25 53 87
84 85 71
43 73 60
95 86 56
85 97 81
95 45 67
69 6 62
2 61 85
65 49 66
48 40 24
72 36 25
38 48 34
76 93 85
60 94 32
47 28 31
78 87 45
22 96 49
92 66 86
56 8 19
42 78 46
37 91 78
76 17 74
29 7 87
7 77 91
67 92 84
39 90 85
71 75 30
45 55 54
85 65 13
92 4 98
77 16 25
24 33 55
26 86 100
95 33 93
26 19 15
35 75 60
13 97 52
61 32 88
22 15 9
16 74 37
86 47 15
7 27 43
22 93 32
95 28 95
57 31 18
71 76 38
34 4 8
81 95 55
61 51 18
16 47 73
48 36 77
32 24 33
32 29 30
73 58 40
75 41 40
69 0 94
63 81 13
23 19 5
23 6 67
65 1 23
38 96 49
64 70 72
72 76 38
9 59 80
58 95 22
92 51 26
45 37 75
33 74 95
90 26 76
86 95 85
78 63 17
48 73 50
65 97 70
95 79 3
70 91 29
23 17 100
73 70 55
96 26 59
92 50 45
8 39 31
2 65 24
1 27 18
42 55 29
97 64 50
2 33 25
55 78 31
20 29 78
58 46 94
21 83 62
70 89 5
35 53 34
32 60 78
85 45 38
29 7 98
84 25 55
17 40 26
90 97 70
52 54 37
96 61 90
77 42 1
76 64 48
19 15 97
30 55 20
42 61 12
79 50 91
65 2 51
13 45 37
36 73 35
38 5 27
39 17 41
74 15 24
51 55 6
0 42 86
67 44 20
37 30 40
27 97 93
75 20 22
6 74 31
99 9 80
47 75 20
90 55 70
62 20 78
67 86 82
46 24 34
93 12 88
13 27 51
2 21 50
31 51 21
58 64 9
75 33 65
83 78 31
55 69 100
75 91 16
86 9 44
36 17 8
1 50 73
7 80 74
34 36 48
86 4 44
10 80 6
22 50 55
31 44 45
79 40 87
63 36 7
60 30 93
59 36 91
70 68 73
48 97 42
15 93 25
53 21 28
22 76 33
23 75 87
64 45 83
26 39 31
64 45 92
79 17 3
68 48 36
80 1 1
46 87 100
27 28 24
33 68 95
14 68 39
28 80 20
87 72 43
96 89 25
72 69 66
78 36 6
1 29 26
2 17 51
4 5 72
78 35 95
69 90 73
54 20 49
37 60 31
57 26 16
27 28 23
38 21 61
83 1 48
92 22 97
62 26 33
58 68 58
96 44 34
3 18 99
51 71 84
95 25 91
99 92 49
69 60 83
51 79 18
81 61 81
99 94 2
28 51 62
90 71 68
36 29 40
95 19 65
41 85 33
65 26 22
97 96 14
1 54 23
10 0 98
79 45 14
8 95 57
81 68 78
23 47 5
76 22 94
38 72 43
64 12 70
98 15 25
80 14 10
1 15 54
21 20 26
63 0 19
75 61 87
1 70 54
45 63 77
31 63 48
90 42 75
50 7 15
47 46 59
94 61 24
97 37 65
84 4 75
86 61 83
40 62 71
31 93 73
22 82 56
20 86 63
37 79 39
1 89 25
31 72 20
64 12 70
85 33 28
2 34 90
72 88 65
4 59 19
87 20 71
61 9 91
31 88 65
1 97 28
39 93 48
81 79 59
81 63 24
0 90 98
15 25 68
28 34 31
54 70 80
70 88 76
10 19 18
32 37 72
18 2 6
96 49 49
68 24 30
83 16 46
21 24 74
93 58 88
93 70 50
15 53 70
24 33 50
96 21 92
17 94 30
94 95 56
2 88 77
58 20 37
82 12 40
7 72 46
70 69 99
73 65 94
1 4 59
95 5 40
95 80 25
98 87 13
87 26 55
9 66 40
59 89 73
86 9 67
86 29 50
19 14 85
99 75 55
96 90 20
30 22 50
58 64 34
40 73 36
93 27 82
91 72 88
44 74 99
67 98 6
48 1 33
21 47 48
97 28 68
91 88 24
28 84 5
58 41 67
47 60 43
14 66 82
52 87 27
45 84 38
83 42 95
17 82 92
74 19 26
9 32 61
36 94 13
33 80 41
52 49 44
92 23 98
19 1 53
1 15 58
23 71 37
11 1 24
45 73 3
30 87 82
0 21 94
11 75 46
47 55 97
33 74 84
19 92 87
79 29 3
29 73 69
57 73 3
33 21 42
41 92 46
58 25 36
34 59 68
46 51 1
87 27 59
80 85 9
41 89 63
54 40 39
33 65 77
99 31 44
14 66 60
80 62 71
44 8 95
96 72 76
91 63 5
65 32 58
54 21 16
68 35 49
68 99 98
52 59 1
31 67 83
52 65 96
69 71 60
23 87 91
44 60 71
12 13 8
70 88 67
22 7 38
5 22 79
8 89 32
43 30 59
96 20 87
16 83 41
6 70 94
71 51 75
39 7 65
23 4 79
38 26 80
19 14 74
81 41 45
65 20 32
45 36 40
78 65 86
49 18 23
56 94 28
33 14 54
63 66 18
25 82 84
32 92 56
42 99 17
75 20 7
49 75 8
12 19 91
97 39 63
60 87 43
85 84 69
96 31 54
34 0 26
63 35 7
20 77 31
54 12 20
85 15 29
52 70 88
9 77 3
18 72 25
34 24 44
92 6 49
48 54 65
40 25 3
22 3 58
84 0 84
13 88 45
76 7 82
53 89 45
15 87 95
45 38 43
86 19 5
33 11 92
40 61 33
57 1 32
91 22 50
90 34 87
12 64 18
56 95 6
89 85 61
49 75 64
77 59 88
14 88 15
96 14 43
8 29 41
41 51 76
79 90 85
58 91 38
40 46 50
61 20 25
7 36 86
53 76 54
81 99 56
35 73 51
51 29 15
71 94 99
26 29 33
83 20 29
58 53 88
63 4 40
24 69 24
3 68 38
94 98 74
96 63 24
74 3 5
72 73 83
49 60 69
79 57 12
48 28 13
90 38 82
88 50 86
54 52 6
17 13 64
2 34 1
73 59 57
70 92 97
35 37 51
90 8 28
91 26 4
1 19 18
53 95 70
85 9 34
23 74 3
31 29 19
72 43 75
30 16 45
47 23 16
24 23 39
88 3 25
20 77 25
71 6 48
72 82 70
98 6 49
57 44 35
98 52 9
75 18 95
38 91 37
40 14 42
28 26 71
38 33 16
27 53 24
89 70 99
17 5 88
82 9 45
67 26 82
23 40 15
44 57 87
45 57 17
91 78 69
92 82 26
38 32 53
75 8 43
60 73 26
93 61 98
5 17 88
84 77 73
2 92 77
16 27 33
61 82 39
27 40 87
6 90 84
5 72 36
29 4 59
79 86 27
30 35 55
10 96 95
52 18 71
62 27 25
23 6 17
27 19 19
39 66 25
11 49 86
80 41 32
29 75 90
88 87 93
87 21 38
85 14 50
25 51 93
33 7 9
82 38 99
39 21 11
90 70 3
34 33 84
64 1 8
41 68 44
5 75 75
33 23 84
71 84 31
52 42 98
38 31 54
43 59 41
64 4 76
45 77 68
16 81 30
56 96 91
83 91 96
33 3 31
16 2 66
53 61 57
19 95 38
31 9 64
79 85 29
14 33 81
91 61 28
70 55 100
54 83 75
40 50 77
91 13 93
65 92 52
60 76 69
17 75 83
63 46 42
55 17 41
80 62 9
54 12 96
88 7 75
84 93 75
40 95 23
14 87 55
28 48 82
46 81 5
34 18 5
64 62 41
31 17 33
54 57 80
38 23 71
72 97 94
24 9 97
70 11 1
89 51 38
95 12 98
53 70 78
76 63 42
73 43 18
25 52 2
44 13 79
54 1 74
49 59 82
51 82 20
80 93 46
24 28 73
53 9 36
59 20 13
65 2 29
12 73 71
47 15 91
31 76 19
38 71 94
23 50 73
98 62 42
69 4 85
99 5 4
60 63 43
97 23 61
90 36 13
97 64 57
25 60 43
46 17 33
78 45 72
68 92 15
23 52 100
67 33 65
32 86 48
96 84 98
8 70 77
30 0 49
32 51 11
1 41 52
34 63 45
93 35 40
97 35 17
40 13 61
31 39 97
58 10 26
54 62 25
43 45 67
85 82 89
89 54 40
7 19 49
42 80 45
23 59 47
79 90 67
57 65 3
12 30 77
85 48 49
5 1 97
84 12 47
48 73 19
17 4 86
99 52 99
34 40 8
45 60 53
48 10 61
38 78 88
57 54 52
37 6 7
37 35 46
61 53 75
12 58 17
62 38 31
89 42 30
79 23 76
82 34 41
83 30 58
4 69 14
38 69 74
64 96 32
25 77 53
31 55 68
28 93 73
43 8 57
43 30 67
32 58 62
19 42 82
35 29 15
84 67 21
98 7 51
92 7 43
55 5 16
84 7 95
66 61 28
62 41 57
6 52 85
70 16 62
96 69 88
73 62 50
38 7 25
88 86 98
83 36 94
19 88 60
42 3 99
34 40 55
91 59 2
44 3 80
28 3 55
26 35 21
79 46 85
80 86 83
58 59 75
80 4 26
53 73 38
13 94 49
72 74 6
58 78 40
74 98 87
56 8 98
82 5 16
17 66 68
80 40 50
69 38 46
63 40 91
87 51 44
78 65 40
83 39 80
90 7 86
16 70 17
50 1 34
32 82 14
78 49 68
57 42 41
77 87 23
39 75 33
49 73 13
57 82 15
9 44 35
20 80 29
32 80 74
9 2 62
45 48 7
26 56 41
14 71 47
30 81 73
98 73 47
46 86 7
82 3 7
42 76 34
99 94 93
98 46 28
14 79 71
36 39 24
67 93 23
23 44 15
67 65 53
37 88 55
91 65 75
62 64 56
34 98 12
79 17 13
38 9 28
7 77 48
3 80 73
12 72 44
30 10 57
36 57 60
42 22 9
85 15 59
85 73 11
72 54 12
56 16 33
73 82 45
28 38 39
90 78 62
50 20 6
11 97 24
13 53 29
57 71 12
1 73 55
51 94 15
75 74 77
35 55 83
72 34 18
24 23 16
75 93 92
76 87 13
29 35 24
95 14 85
22 91 32
93 98 30
68 41 36
79 62 46
30 49 60
66 55 35
91 80 10
19 30 99
11 34 14
40 72 92
44 34 42
8 45 37
23 78 29
92 3 22
86 6 85
89 51 4
28 33 17
33 14 38
47 33 22
37 14 13
86 38 97
70 35 5
0 47 59
50 95 46
90 66 59
83 84 25
78 87 78
58 97 95
96 43 11
70 80 41
37 91 34
28 44 68
92 20 11
63 60 80
19 86 8
80 57 81
78 82 43
97 90 71
70 18 5
19 80 90
72 31 93
16 47 59
81 47 43
0 82 100
35 5 4
28 43 37
58 11 66
62 27 86
91 68 87
55 31 52
80 6 66
97 53 89
84 24 37
54 86 54
24 6 59
79 92 42
57 70 76
82 13 56
26 1 76
60 23 63
39 94 11
46 90 76
3 83 1
83 3 26
96 22 29
94 21 100
33 63 79
25 59 3
22 43 35
51 43 100
39 99 95
52 51 24
36 4 62
41 87 86
70 67 36
60 26 94
48 96 91
18 54 62
49 78 94
97 36 67
7 72 4
13 66 73
26 31 72
49 4 63
37 43 21
8 40 27
98 12 60
78 0 2
49 3 91
4 36 49
43 58 99
80 83 90
5 8 16
74 98 94
5 13 32
25 45 80
61 51 35
99 33 31
84 38 80
14 94 10
70 0 29
85 59 13
24 90 60
55 2 27
13 94 92
8 60 19
37 55 57
31 49 63
1 81 36
58 44 39
21 10 23
34 31 32
44 16 84
90 25 23
61 31 77
56 80 56
98 54 53
65 76 21
63 10 87
40 2 49
42 8 78
97 60 2
7 34 29
19 77 16
86 87 79
4 43 96
32 47 17
89 66 37
40 8 66
42 84 37
66 9 95
41 98 54
20 14 54
95 2 20
20 10 99
82 78 43
33 23 92
73 79 65
80 62 62
65 15 87
23 71 99
77 88 89
71 47 43
84 51 62
11 71 99
4 65 28
60 61 64
92 80 39
5 63 42
36 87 73
81 2 60
92 55 84
35 51 90
69 89 60
28 62 75
11 33 97
75 11 81
68 9 26
52 55 72
84 17 78
37 1 55
19 20 9
15 44 89
25 0 30
3 32 74
63 68 71
10 98 61
94 90 45
2 96 20
82 38 38
4 83 12
24 3 16
82 2 49
4 66 50
52 17 48
75 48 17
88 93 21
6 28 4
62 92 75
76 28 82
56 90 16
3 94 94
32 24 66
55 45 76
42 13 74
31 89 59
59 12 24
49 60 49
8 58 46
94 14 57
61 11 4
94 97 34
62 20 98
29 33 98
63 84 100
87 62 27
25 3 46
60 40 77
71 41 83
43 42 28
50 41 5
40 78 30
46 64 51
28 38 95
62 75 34
59 26 74
96 11 97
2 91 96
96 87 23
71 15 100
78 58 54
92 74 45
0 52 96
17 66 40
30 67 41
62 91 27
15 85 72
84 80 23
75 54 11
2 68 65
23 14 25
65 84 52
99 16 68
78 43 84
80 31 83
29 64 2
69 39 62
40 90 55
42 43 29
17 63 54
28 91 56
87 76 14
70 43 51
82 85 61
18 83 82
6 26 67
4 25 53
34 88 27
95 70 11
70 50 85
99 92 90
92 45 39
46 13 13
12 49 61
48 1 74
53 40 55
21 48 58
97 11 6
77 51 89
55 44 79
38 22 10
39 92 24
38 52 83
3 9 67
50 77 20
25 62 45
18 80 86
98 44 10
78 2 61
47 2 74
92 24 96
15 73 90
33 57 32
96 73 37
6 12 15
93 54 18
11 33 39
1 68 96
63 38 66
57 68 98
25 0 52
11 33 70
24 92 92
48 38 87
26 39 27
8 56 13
92 76 73
64 13 64
59 78 9
31 85 89
45 63 29
4 27 4
44 10 27
95 44 7
32 95 79
22 6 58
30 15 36
91 93 71
66 38 93
45 9 82
21 76 40
5 18 98
97 49 20
74 65 43
14 86 11
75 58 26
42 86 85
42 77 99
71 87 53
48 70 36
91 89 33
25 63 31
32 42 5
99 87 50
31 66 89
66 24 48
74 96 41
77 9 79
44 74 73
76 87 54
91 5 51
86 19 38
28 0 25
17 70 52
66 77 61
40 18 29
37 99 92
52 23 18
12 47 51
68 30 75
97 24 1
52 3 16
75 31 22
17 51 24
71 9 40
91 38 33
99 90 30
65 64 24
16 51 32
26 27 30
45 31 12
49 55 81
3 56 40
74 63 96
86 81 19
4 86 77
95 90 24
33 96 95
89 3 23
94 71 75
32 36 28
20 34 33
35 21 30
51 26 55
90 60 100
84 77 53
39 81 72
15 22 64
47 27 66
51 13 83
42 86 48
98 14 18
23 95 68
38 27 85
51 46 62
12 32 81
17 0 15
18 49 82
14 12 55
66 80 97
84 36 39
23 67 76
20 0 40
97 82 74
97 33 89
67 97 35
30 58 36
79 49 10
49 51 28
68 30 83
43 83 67
90 32 45
99 44 49
42 60 52
96 64 65
12 19 74
78 77 97
90 29 28
62 3 92
43 28 8
59 80 27
78 47 12
83 89 97
61 11 61
57 50 38
89 47 32
15 14 86
13 38 14
6 85 51
3 24 82
41 10 29
65 20 90
24 59 1
3 97 60
24 55 58
4 40 66
71 60 65
16 79 28
18 56 74
35 95 84
77 80 62
31 9 62
44 72 60
47 97 61
62 95 50
21 20 35
96 37 69
22 33 19
5 72 43
41 87 16
50 29 73
51 23 63
4 1 84
68 2 56
19 6 67
83 47 20
63 1 94
54 77 61
84 82 6
21 42 96
20 4 94
69 30 42
75 62 58
87 23 33
77 15 12
30 28 71
94 43 20
16 43 69
18 1 97
75 65 59
95 88 49
53 76 78
43 26 97
74 63 63
93 10 81
47 78 95
4 6 70
63 97 62
28 88 64
3 94 95
57 77 25
19 2 30
21 6 53
3 78 34
45 69 51
19 82 80
50 49 54
55 33 44
30 47 53
16 38 73
13 97 30
15 61 57
34 68 29
18 21 37
13 99 31
81 20 4
85 8 78
8 26 81
53 96 30
90 55 62
14 83 70
55 52 61
78 27 82
98 2 25
84 79 98
80 6 45
28 38 98
97 85 32
51 79 67
24 51 64
93 14 24
4 99 58
67 35 92
63 29 88
38 97 16
99 34 24
5 99 89
37 55 20
59 14 89
19 78 10
72 86 23
57 29 56
58 53 6
61 84 6
56 23 34
19 74 23
56 50 64
99 19 96
83 1 20
81 21 50
24 35 24
94 58 33
65 8 68
18 68 38
96 93 38
58 54 61
14 44 88
3 5 75
70 64 46
32 29 60
34 43 7
0 62 1
93 88 42
15 12 85
41 80 94
15 76 17
5 20 48
42 98 8
61 10 73
12 40 65
81 93 61
82 48 39
86 95 71
84 63 97
60 96 100
37 45 12
13 97 80
21 61 81
43 33 10
69 42 21
53 24 16
51 74 75
42 53 75
24 43 39
10 39 66
41 24 74
22 12 85
65 95 14
67 49 53
55 40 66
75 59 20
33 27 6
67 83 90
59 48 56
66 48 43
20 31 48
69 55 83
47 86 37
10 55 55
85 22 80
10 36 68
5 24 75
49 7 67
69 92 71
96 34 85
35 63 32
86 3 51
76 94 37
13 74 32
96 94 11
70 82 69
32 63 96
5 67 61
64 0 93
44 17 53
36 97 20
90 32 64
11 2 85
62 91 28
8 6 99
18 33 7
36 96 40
46 48 26
61 54 82
2 21 65
48 58 72
34 24 14
47 6 94
49 29 51
15 35 21
4 79 60
48 63 9
56 15 66
40 18 53
1 2 54
86 33 1
90 63 86
53 42 5
77 85 18
30 86 3
93 59 65
7 40 36
5 12 79
19 71 61
5 87 72
91 31 13
30 24 31
45 6 93
36 59 76
49 8 10
78 30 90
66 59 69
98 49 13
10 68 100
24 38 66
55 78 44
86 52 56
84 28 42
91 7 92
61 81 96
83 46 10
23 28 76
16 44 98
67 99 32
45 82 10
24 91 40
59 39 54
12 65 21
80 42 28
86 99 5
5 54 94
43 93 36
64 87 45
82 13 78
40 30 54
66 21 95
59 20 83
83 40 62
43 21 45
56 58 88
60 73 88
83 23 58
56 68 76
11 70 67
33 73 95
33 13 51
24 82 50
86 91 88
67 80 35
78 50 13
27 60 23
77 85 33
41 66 37
4 40 18
2 61 66
46 84 95
79 86 72
22 8 49
26 83 72
27 97 36
30 82 53
30 82 19
50 3 95
70 51 17
55 39 86
22 55 15
24 58 6
70 38 38
20 66 91
22 2 5
48 21 79
93 43 62
39 57 24
52 72 1
38 71 53
47 14 14
17 21 97
85 46 47
72 56 100
61 77 22
54 89 61
35 16 95
17 25 90
3 58 94
16 57 62
72 7 8
33 67 37
12 81 19
86 37 78
21 31 61
98 96 83
28 88 62
60 28 91
57 12 71
35 96 46
96 40 59
5 93 16
51 11 72
43 31 94
13 30 23
68 16 85
67 42 65
25 88 88
64 10 60
28 40 89
92 21 7
99 22 37
19 67 46
87 5 7
50 3 34
54 75 57
13 81 18
78 56 75
94 97 6
29 41 30
39 28 3
44 82 31
88 10 21
98 61 21
74 86 69
81 53 22
18 57 91
47 95 88
34 95 58
30 40 72
71 68 94
28 88 21
81 41 37
34 55 88
24 81 28
31 76 2
70 0 30
75 64 76
77 63 18
69 24 74
12 72 96
8 28 55
40 19 35
44 33 81
38 23 1
3 16 98
44 81 99
54 71 57
14 9 100
84 36 52
0 83 11
80 27 45
46 10 7
13 38 55
52 1 81
89 44 55
40 95 67
96 10 13
76 50 53
25 1 74
33 26 41
87 50 67
61 94 63
23 32 37
97 69 62
35 5 82
17 97 13
15 3 83
6 5 34
45 36 56
26 58 36
1 28 4
31 56 44
42 7 2
80 38 59
95 32 81
45 12 98
5 83 24
35 3 23
13 73 80
79 43 52
43 66 13
60 92 2
76 77 3
47 73 18
3 29 26
96 26 88
37 7 87
70 93 27
4 98 98
20 98 41
85 4 37
6 16 38
85 37 45
85 7 10
58 75 13
51 55 40
75 65 1
83 67 29
55 79 40
91 25 68
2 80 81
65 46 8
36 82 21
27 98 38
94 21 13
83 33 5
49 7 19
46 70 7
5 10 75
75 74 44
23 33 58
18 66 70
15 12 50
79 18 63
79 18 19
86 4 29
42 59 88
61 99 7
47 67 89
55 54 39
80 95 2
2 0 9
9 26 98
99 38 14
86 10 68
88 31 39
73 14 59
20 85 81
83 17 83
26 63 89
67 24 74
72 87 63
58 78 59
54 51 60
60 31 26
25 2 80
61 96 61
90 94 22
75 14 61
67 7 72
71 96 62
16 81 85
28 6 46
89 14 70
29 56 51
29 35 29
92 62 85
0 72 39
58 87 10
33 8 77
66 79 1
88 92 21
32 76 57
93 90 81
79 97 4
30 92 40
28 9 10
62 29 87
78 1 42
72 34 91
94 60 73
41 85 65
28 70 72
85 32 16
93 80 7
40 62 55
59 94 80
72 84 20
70 18 30
60 48 61
88 21 71
43 53 30
39 75 89
35 57 22
39 32 34
69 99 61
52 26 87
1 84 49
71 49 26
76 9 6
46 78 62
41 20 14
28 76 27
33 46 99
85 6 55
53 11 99
38 19 52
75 97 89
13 82 73
35 25 65
19 74 50
91 27 17
60 18 38
45 73 68
76 65 94
46 87 42
42 3 40
97 66 78
81 51 69
58 29 80
34 46 75
98 82 96
52 0 60
19 76 17
57 45 5
58 32 68
33 68 84
97 41 57
37 76 18
47 82 7
16 75 61
66 11 35
76 96 10
50 91 23
50 25 42
10 52 43
83 56 79
35 74 89
86 14 93
60 42 12
78 5 75
8 51 13
84 16 50
93 82 26
2 72 32
93 90 56
45 29 73
32 2 42
79 64 65
20 62 68
28 65 10
27 9 81
72 84 84
2 84 64
3 47 90
30 23 37
15 11 67
57 9 70
34 33 96
69 6 52
32 49 93
99 22 28
92 30 27
45 59 67
89 48 19
6 38 20
47 55 76
90 54 90
10 4 96
17 47 44
40 39 24
95 61 24
49 66 4
52 31 60
89 62 94
81 31 8
53 43 15
10 70 79
98 3 79
15 98 79
68 51 34
54 68 86
34 82 91
92 35 85
77 58 13
10 96 78
30 91 64
45 3 7
85 87 84
93 11 57
29 9 34
1 78 55
33 80 97
60 16 94
72 41 22
79 28 99
97 58 36
24 53 98
18 54 4
0 52 52
60 46 5
42 11 74
47 75 68
67 29 37
83 48 38
60 67 51
29 41 77
30 57 57
69 64 8
55 5 92
32 39 74
94 9 17
37 3 13
67 15 84
31 35 33
83 84 68
68 66 13
79 15 92
1 78 86
37 11 30
10 54 75
99 53 59
94 16 29
79 85 76
83 51 75
24 23 49
71 16 91
87 44 3
63 47 28
62 95 78
89 23 32
95 51 82
50 62 23
10 20 90
9 24 18
95 32 62
63 5 44
18 95 74
69 84 43
79 51 25
61 19 74
27 52 69
7 35 16
25 86 91
32 81 22
21 39 29
35 88 6
76 51 17
85 72 31
48 31 61
8 57 85
7 38 33
46 65 21
56 23 37
43 68 79
29 58 44
57 82 86
0 62 70
13 57 80
88 87 41
15 8 28
61 99 9
11 43 86
91 88 46
44 98 18
53 54 38
83 88 24
18 13 26
67 95 47
32 62 94
36 79 4
85 47 29
40 99 49
10 33 68
0 26 86
36 42 76
3 4 73
61 93 30
8 43 44
6 56 29
6 19 14
92 59 69
78 73 21
37 18 94
42 62 15
23 42 33
24 37 87
47 61 1
3 57 31
71 42 63
60 31 53
87 21 61
71 80 92
2 94 53
68 75 89
23 12 1
38 12 8
63 23 71
95 60 47
22 54 1
40 26 29
48 83 9
61 59 35
47 2 75
78 82 72
56 83 65
84 25 94
11 53 68
46 45 73
0 5 63
65 39 9
76 38 83
43 78 2
28 10 60
88 16 70
66 59 79
47 55 69
90 44 10
80 98 44
64 6 79
41 55 51
8 24 59
97 43 58
10 20 12
97 25 12
42 39 34
47 2 68
33 39 21
42 11 97
34 2 3
0 41 22
28 99 99
15 69 14
37 20 15
39 89 98
32 21 96
18 62 41
7 77 11
42 97 4
4 63 92
51 36 11
89 49 59
77 97 41
21 51 3
17 97 79
21 56 59
76 15 21
65 22 99
15 86 4
74 96 13
15 4 67
38 53 91
46 67 48
18 72 54
81 89 72
