2 13 55
20 5 89
70 33 54
61 9 13
73 41 77
53 21 96
31 76 60
93 29 57
23 75 25
73 53 12
52 19 55
97 51 66
55 74 65
47 45 2
17 49 51
21 11 69
97 86 44
99 70 47
19 96 78
8 76 16
21 87 59
36 1 78
69 65 36
21 35 58
93 24 95
32 61 40
37 80 33
33 31 82
48 83 74
27 16 66
26 64 82
53 37 54
14 60 86
25 80 62
12 58 29
77 15 5
87 81 59
0 17 72
1 14 62
96 66 46
41 51 27
13 53 80
64 47 64
51 85 4
94 39 24
79 59 9
71 7 24
33 77 2
38 37 73
33 90 13
47 39 4
45 24 15
98 67 28
29 6 13
56 21 59
24 74 31
70 22 48
59 33 94
54 25 53
26 99 93
5 1 16
32 11 21
12 42 99
63 75 8
99 31 90
20 47 95
64 66 50
55 28 98
97 15 75
7 54 80
76 13 33
10 92 62
75 26 16
51 97 17
18 47 100
85 72 37
2 42 92
71 26 9
53 15 62
24 79 78
75 93 93
14 31 38
31 24 12
1 87 60
51 21 78
98 69 2
1 3 34
42 82 5
88 44 31
91 33 33
5 81 28
99 91 93
68 94 74
68 47 32
48 19 19
44 84 1
59 99 20
97 48 74
58 68 1
53 86 30
63 50 22
75 22 97
19 25 62
32 52 70
54 18 70
47 35 41
80 41 77
89 16 17
70 79 32
55 88 71
86 55 90
1 71 15
18 60 99
66 94 46
28 62 89
70 91 50
1 63 84
39 64 69
67 48 100
29 31 21
16 25 58
25 36 59
56 93 44
7 5 24
15 38 67
21 15 66
64 16 77
79 29 48
75 8 91
3 56 30
92 48 51
2 14 95
22 55 48
69 73 63
72 62 27
58 55 57
16 33 48
39 60 62
16 72 97
47 43 32
90 92 63
47 80 50
93 27 65
62 80 49
10 95 38
46 9 80
62 31 56
23 36 87
76 96 16
69 18 78
22 32 85
39 91 92
12 18 93
2 36 46
53 27 82
87 46 53
47 10 59
68 34 6
50 2 98
57 40 62
36 84 76
26 67 56
7 86 15
90 2 24
55 2 15
20 59 7
51 54 62
79 74 28
28 67 94
46 26 22
69 99 60
52 81 6
80 54 38
78 19 44
23 7 84
26 69 41
8 41 53
22 69 8
60 22 86
0 34 36
0 89 2
6 1 27
78 70 9
45 5 85
95 55 34
90 64 3
24 7 67
18 73 11
45 28 52
88 15 18
11 65 99
66 93 80
88 53 57
22 83 53
0 55 98
5 86 81
7 29 60
58 90 68
37 90 100
34 99 43
90 7 33
11 42 54
60 44 97
1 87 39
1 46 36
72 45 72
49 19 3
48 91 72
94 80 86
84 62 77
14 99 18
94 78 98
29 85 55
54 60 29
16 12 55
2 6 28
55 40 15
53 41 27
60 55 86
82 44 63
91 7 71
52 91 47
36 2 43
23 17 95
33 15 92
75 16 74
84 32 81
42 77 51
32 42 82
83 55 79
84 58 35
13 78 80
58 47 15
85 3 2
37 12 51
56 70 29
94 2 80
68 56 80
10 85 40
60 68 85
68 30 75
25 6 74
97 37 95
37 38 19
45 66 98
83 74 82
89 30 47
19 17 86
1 52 100
77 79 65
14 82 93
92 3 4
87 17 29
13 77 75
84 96 55
71 48 91
73 61 45
69 36 79
30 52 41
42 7 79
86 20 80
38 84 16
32 35 64
16 24 93
61 87 81
53 44 47
29 14 38
81 52 25
20 59 43
49 93 94
19 91 37
11 49 52
42 16 70
89 35 73
1 4 2
81 25 33
67 1 9
51 75 85
4 70 79
54 17 65
9 31 51
85 20 63
90 44 60
47 61 56
83 23 62
93 95 97
71 14 75
77 62 15
88 5 93
25 31 73
27 62 54
98 85 77
29 84 78
97 48 99
23 75 80
3 58 82
39 84 5
63 80 77
54 2 35
38 15 23
10 93 49
94 74 61
74 50 14
17 55 50
74 89 39
35 39 96
35 54 70
6 68 69
47 45 13
11 57 82
57 33 33
65 67 62
15 55 4
23 41 12
1 65 43
17 24 3
51 16 30
71 39 19
31 54 53
68 43 23
47 58 64
46 56 73
96 90 63
72 9 96
27 41 31
8 99 90
75 65 53
58 15 86
15 91 71
40 77 10
51 22 86
6 33 69
86 79 21
97 89 22
16 46 38
70 91 39
98 82 50
56 88 75
54 22 30
93 79 73
40 45 44
10 40 48
57 10 9
94 26 21
38 12 60
45 76 56
7 67 40
52 27 34
98 1 65
43 53 71
32 20 47
32 94 76
13 92 16
12 32 40
57 52 39
41 31 98
18 86 29
58 33 86
85 22 8
84 18 44
7 21 14
65 33 69
94 68 18
22 66 65
32 54 68
93 82 36
58 64 20
29 92 51
27 96 4
27 6 1
37 65 27
87 63 60
66 22 56
77 23 65
4 19 87
72 87 3
25 49 53
19 37 48
51 84 39
98 73 57
49 56 8
31 94 33
93 54 58
26 5 30
80 29 16
0 19 4
14 53 17
13 96 93
95 5 7
3 17 69
3 9 99
0 14 24
56 23 74
63 23 100
65 17 24
14 41 36
32 62 87
55 59 54
23 1 14
78 64 29
73 97 86
91 55 62
50 69 73
30 65 77
58 13 67
40 12 85
79 96 44
74 97 88
57 95 82
20 43 79
41 83 6
0 70 73
90 31 18
19 29 52
10 91 72
12 69 56
84 25 13
23 50 30
70 35 67
97 30 4
41 46 38
47 90 70
15 30 38
89 25 75
72 87 4
91 83 55
32 22 16
66 63 45
28 7 43
12 39 1
66 17 16
1 61 74
24 7 33
80 86 36
61 17 37
46 10 73
96 16 66
8 12 12
55 56 69
51 88 6
23 64 29
14 57 33
68 37 23
0 61 83
99 65 19
82 58 49
89 46 17
60 51 15
8 64 82
29 24 62
56 83 65
65 37 24
87 10 19
74 16 59
33 84 71
96 14 43
69 97 46
42 1 98
90 72 92
49 69 38
90 50 7
14 31 44
77 74 82
27 20 70
71 46 94
46 54 29
91 29 35
21 30 51
21 0 60
89 31 10
39 3 93
45 3 86
82 94 33
1 83 97
61 46 36
5 17 62
34 80 14
62 68 17
40 92 68
84 9 15
51 82 19
63 97 16
54 61 34
18 29 67
77 57 22
20 7 86
13 40 81
88 46 71
44 66 63
55 50 78
68 27 26
39 67 14
1 54 68
18 19 68
2 67 60
68 72 85
72 83 74
94 35 90
96 16 39
66 45 36
48 56 26
27 93 36
78 66 36
65 86 24
65 44 38
23 5 100
15 54 10
95 92 50
67 70 23
78 45 11
93 52 68
24 87 92
4 99 100
88 85 75
60 1 35
11 51 80
3 54 94
85 39 13
47 41 96
87 93 62
17 4 75
26 69 19
98 55 91
76 45 94
94 29 45
36 55 27
3 45 75
40 46 51
45 44 43
40 97 18
35 84 36
22 43 23
73 21 47
90 62 97
70 84 19
94 7 100
67 54 36
67 48 78
51 93 81
74 13 80
48 71 31
33 23 39
50 6 4
94 76 6
20 12 21
85 29 55
99 95 44
67 37 16
54 58 39
53 95 94
99 35 57
46 5 49
81 45 13
62 95 36
23 25 61
12 16 48
89 74 1
74 5 15
11 40 35
49 95 12
87 18 72
53 21 50
63 50 32
20 43 25
19 39 3
49 84 38
26 48 50
95 73 6
64 61 63
67 9 37
18 51 63
64 95 56
68 29 13
18 96 18
11 72 73
52 68 28
32 93 14
84 1 28
47 3 77
32 52 82
56 69 37
72 7 66
67 18 49
41 68 37
92 38 9
22 14 4
93 48 76
30 47 76
18 0 91
97 93 42
90 16 99
74 55 19
46 3 72
58 93 66
79 39 96
49 43 3
5 15 3
39 47 82
75 77 51
48 69 48
11 89 35
18 56 44
95 88 40
88 44 32
17 26 93
32 4 37
86 84 99
1 55 90
90 78 50
58 37 40
97 16 18
80 62 1
65 46 22
26 66 19
12 73 3
31 19 59
61 35 32
4 92 44
64 17 47
8 65 19
41 59 70
52 13 55
45 19 55
21 29 90
95 67 94
28 32 29
66 46 41
84 25 75
36 43 33
40 85 46
87 1 98
14 31 53
57 70 72
77 46 40
15 29 67
23 46 18
82 74 80
3 37 9
22 93 89
48 13 37
55 79 44
46 11 34
40 99 58
76 69 73
62 49 36
64 83 35
12 71 83
38 16 4
28 92 41
87 23 38
16 67 15
49 22 64
75 79 70
3 28 48
88 29 88
78 21 45
4 76 88
17 81 12
68 98 55
4 56 40
46 39 84
92 15 66
45 88 99
94 64 73
51 61 7
37 9 40
10 20 18
3 18 33
26 41 28
82 72 87
21 68 90
56 58 45
90 96 35
60 34 89
44 4 75
32 24 45
93 36 73
60 83 93
82 22 91
80 37 31
36 67 17
82 68 61
80 97 24
86 73 72
27 58 58
98 56 64
25 34 100
83 77 77
16 53 7
53 68 82
38 23 34
29 80 95
14 63 65
50 56 36
83 68 52
55 19 38
1 69 37
59 97 68
79 42 4
34 52 54
60 2 2
67 33 59
78 44 87
30 61 96
80 35 11
70 92 11
51 81 1
9 5 65
89 51 83
16 59 8
40 33 21
81 88 15
55 85 54
89 49 65
76 91 76
57 59 93
76 33 19
68 71 69
13 82 65
45 69 43
55 80 77
71 93 55
92 74 81
73 4 87
27 91 37
93 62 91
74 39 1
98 83 95
46 47 42
35 77 62
40 17 22
34 28 9
48 71 61
59 66 72
25 7 64
9 26 62
91 69 97
47 99 8
24 41 74
88 85 91
23 43 20
11 99 97
19 81 71
69 30 35
50 43 12
18 68 67
11 48 36
96 63 15
94 96 64
90 61 36
26 1 7
43 18 62
38 7 94
67 58 94
67 34 56
23 30 65
79 19 96
2 61 6
1 64 29
86 55 40
90 89 57
67 84 44
1 33 52
87 34 59
47 9 70
7 79 56
44 3 26
50 5 88
34 91 98
21 23 58
51 28 90
32 72 26
27 61 45
95 66 65
82 73 74
20 4 13
94 73 7
49 90 37
2 50 94
8 74 25
81 16 64
32 94 100
33 27 99
19 71 29
24 31 50
46 36 25
49 60 34
86 52 25
40 68 99
15 28 22
73 30 76
27 82 32
40 34 50
56 90 100
64 82 46
91 83 24
76 79 64
36 84 22
66 81 66
36 91 63
83 2 8
75 95 35
64 6 25
14 26 6
77 12 37
92 49 86
76 28 19
59 31 55
14 71 72
67 60 4
88 92 41
2 95 32
43 49 63
24 70 52
69 6 9
85 57 19
55 28 61
59 53 47
76 17 17
59 21 45
29 44 15
8 65 34
28 89 79
69 71 18
29 28 55
31 36 17
34 1 41
69 30 35
16 6 55
77 86 59
75 18 5
69 75 83
71 77 15
95 16 9
40 25 83
26 41 5
76 16 21
87 91 89
28 90 58
61 34 19
31 43 85
98 34 54
34 6 34
63 92 40
37 23 9
49 73 45
10 72 45
33 2 8
22 32 42
7 40 95
96 73 69
7 57 28
5 96 37
9 84 30
80 93 30
94 44 17
1 3 42
0 96 55
96 38 11
37 48 38
47 48 19
57 29 35
87 99 72
45 16 59
92 51 93
87 52 66
14 42 88
30 53 61
76 57 32
14 18 29
18 40 52
17 34 68
33 99 49
76 59 3
87 37 81
92 33 88
99 68 10
24 59 7
20 52 74
73 94 15
84 77 21
27 61 61
32 5 50
38 21 20
53 26 73
15 41 34
23 95 50
16 90 69
44 14 6
71 90 47
66 10 34
63 44 92
72 33 64
89 21 29
78 4 90
33 59 64
19 22 48
41 89 36
8 56 52
11 95 100
14 72 99
38 24 7
3 0 81
75 55 15
8 89 40
95 19 100
13 37 50
98 23 86
37 10 21
88 91 69
63 58 12
71 95 24
58 52 18
97 25 73
29 45 8
92 4 16
20 48 42
57 20 38
99 41 90
74 0 11
98 10 47
65 4 48
51 28 72
74 97 97
31 67 13
89 10 63
52 70 84
88 80 41
75 76 98
23 67 98
39 96 42
16 82 16
90 16 70
22 91 35
9 59 28
56 20 19
88 58 58
74 20 96
33 41 13
6 88 37
28 41 91
34 71 16
60 18 32
86 42 4
33 60 29
83 67 28
86 96 11
69 21 12
2 89 73
80 0 97
96 1 45
92 14 83
3 60 93
97 57 18
1 53 16
37 76 38
80 82 93
35 22 43
31 4 15
54 58 7
22 76 24
49 80 55
6 31 88
70 42 23
61 23 28
45 60 55
13 52 52
66 49 97
62 26 41
75 55 91
26 84 52
18 80 29
3 19 58
46 24 42
19 60 80
42 62 88
47 5 61
36 8 74
47 49 57
54 55 93
42 29 13
23 64 85
20 94 100
71 31 79
17 19 26
62 97 14
89 44 91
80 75 14
51 96 55
74 97 27
8 72 81
2 4 72
28 51 96
67 42 36
89 44 67
75 2 97
88 9 61
7 48 38
55 3 85
5 3 35
93 15 32
98 89 22
71 91 84
11 73 45
50 70 39
67 28 77
7 51 41
93 15 2
3 81 80
55 56 84
17 30 60
62 68 47
14 55 65
68 47 61
90 15 39
0 82 57
71 0 81
61 46 27
71 18 68
96 5 60
97 43 37
33 95 59
10 0 66
87 35 42
5 54 50
42 81 43
45 35 91
21 41 89
52 79 84
21 49 3
39 77 97
32 53 93
6 86 15
12 67 67
49 83 68
45 27 69
25 20 89
95 38 29
85 7 64
88 59 36
17 7 19
24 69 4
59 79 65
38 84 63
41 87 58
94 41 46
84 49 46
17 98 82
90 81 58
10 56 55
55 92 39
2 22 25
96 75 35
9 16 46
31 71 94
15 19 71
3 58 89
85 69 38
27 17 76
44 25 58
53 96 69
79 68 86
50 38 95
68 95 1
86 93 70
38 88 25
83 18 56
51 82 97
80 36 1
31 17 10
17 0 52
55 69 70
16 79 64
28 17 24
20 97 60
28 68 55
31 53 59
43 0 87
35 51 97
59 76 67
71 80 78
47 7 31
70 29 55
87 94 85
6 35 44
47 19 77
97 93 25
67 59 89
48 89 52
61 84 63
19 38 70
25 40 8
35 33 93
97 34 38
16 26 90
24 36 70
79 91 96
1 25 79
50 31 94
46 10 85
80 85 54
68 24 44
71 65 30
70 87 95
13 92 47
39 96 34
24 58 99
80 10 21
68 44 42
66 51 25
50 24 34
7 21 8
28 82 20
96 73 93
15 28 31
45 97 72
97 24 46
33 61 7
31 83 3
39 16 54
33 0 42
60 74 1
79 67 28
9 83 24
2 90 55
76 38 95
10 64 51
52 93 96
84 66 24
77 66 30
32 47 89
59 99 89
34 24 91
84 67 48
11 8 68
65 60 82
73 20 48
72 38 50
0 47 64
24 1 82
25 82 34
56 4 82
36 32 50
96 43 70
89 29 92
26 24 1
73 92 44
55 70 38
70 84 29
26 37 93
45 53 71
92 78 54
60 6 78
68 88 32
6 31 66
80 96 97
62 75 93
4 99 83
1 21 53
28 95 36
72 5 32
24 70 26
72 70 43
37 93 9
66 73 87
57 39 74
73 96 29
63 26 63
55 3 31
55 92 62
41 15 67
56 83 22
96 36 48
6 53 16
68 84 49
46 92 52
31 7 46
61 15 68
23 34 39
16 72 47
13 32 21
62 9 62
50 62 57
74 71 79
64 24 59
88 57 68
24 15 50
72 86 60
74 55 7
35 19 27
87 20 96
68 66 84
83 96 43
18 75 59
11 73 98
84 43 50
57 7 10
42 49 6
72 13 6
75 16 74
8 9 29
40 31 14
47 90 79
17 57 90
48 40 56
92 66 28
51 29 86
74 56 28
71 38 78
41 13 81
92 37 8
60 89 34
24 83 58
52 8 96
62 71 56
80 61 95
60 92 20
13 24 50
48 59 60
19 10 35
29 13 100
75 21 49
28 93 11
15 58 22
22 35 6
16 81 24
94 4 97
24 50 50
75 82 48
81 52 45
56 72 35
66 33 55
6 49 1
31 2 53
50 60 77
17 90 85
94 80 2
93 44 24
56 94 6
99 23 60
35 48 87
71 8 30
50 94 40
16 7 36
34 74 14
10 9 42
7 89 60
20 78 90
53 13 63
3 20 45
41 89 65
76 55 6
57 65 94
73 10 44
53 10 42
86 70 28
58 59 30
38 4 29
62 51 23
45 67 9
79 91 45
40 44 27
28 82 56
26 72 84
17 46 45
94 70 75
60 53 10
27 98 58
32 85 79
53 33 1
27 56 19
80 15 50
31 92 55
93 74 60
5 32 66
78 46 33
12 93 62
99 94 69
10 27 27
94 70 50
39 79 60
40 21 28
31 16 24
34 97 28
49 26 65
16 98 97
14 47 93
0 29 73
53 44 46
24 34 21
85 82 57
76 40 84
26 35 73
73 6 66
73 75 92
60 64 55
84 75 17
67 80 39
84 22 15
47 35 64
69 23 12
19 24 6
8 41 44
61 21 21
41 0 55
30 95 29
22 48 28
62 64 74
22 93 21
39 24 92
60 8 11
62 5 19
90 97 66
51 7 89
10 69 45
87 80 43
74 75 11
88 94 20
10 92 62
35 44 45
84 57 49
27 57 43
83 5 32
36 89 18
42 78 82
0 74 31
32 10 15
33 82 84
74 58 19
56 38 85
66 73 67
18 7 82
42 34 49
41 99 3
50 49 26
24 71 25
48 69 65
31 26 22
57 5 92
53 29 99
72 17 3
58 29 79
38 2 68
73 66 3
20 55 83
55 89 3
91 66 85
85 88 43
60 21 96
37 22 58
18 11 95
73 3 84
90 47 86
24 9 26
4 15 57
31 85 9
7 26 84
76 40 16
50 99 51
18 19 80
63 47 36
43 26 35
96 82 94
95 78 37
28 1 12
32 24 25
24 60 96
10 73 47
99 83 5
56 2 90
17 46 55
35 73 46
7 58 86
47 10 4
62 15 56
96 91 32
79 29 60
20 48 8
38 47 52
83 90 70
61 78 40
6 86 46
12 91 55
45 26 7
89 37 85
71 15 36
84 85 34
98 24 20
87 36 89
97 79 58
97 90 84
44 4 44
39 22 34
48 94 99
46 39 96
94 0 80
71 41 91
1 62 19
26 53 29
26 32 27
11 63 29
72 7 96
24 77 38
56 76 14
61 13 80
77 79 40
55 52 21
63 8 38
63 83 95
59 87 53
30 38 5
14 0 43
82 8 87
75 61 1
48 72 5
44 75 70
24 26 1
36 14 89
68 7 19
64 14 65
23 79 71
63 64 28
52 1 37
3 64 15
81 71 38
28 90 25
23 27 65
85 4 99
81 73 61
60 21 86
22 80 21
23 31 32
45 16 93
71 8 76
8 74 4
39 75 86
24 7 93
43 55 39
38 66 69
50 22 93
83 54 1
35 44 96
39 55 90
59 1 23
11 89 48
43 82 66
63 44 63
41 56 34
43 67 56
24 83 59
80 46 9
39 79 23
37 71 30
83 94 12
22 13 9
88 9 97
34 14 50
23 91 86
12 64 82
74 97 74
24 37 80
40 24 57
48 56 64
4 64 56
15 35 13
93 85 14
82 38 4
72 44 42
12 64 9
37 90 98
55 68 34
68 71 65
99 89 50
93 0 47
77 26 57
33 30 21
67 79 83
21 90 94
24 83 74
25 87 21
21 59 28
33 43 16
12 35 79
38 70 3
14 72 42
54 90 40
32 52 46
15 77 74
89 36 51
43 61 30
63 28 95
11 9 74
77 45 95
57 11 100
62 6 38
62 34 46
59 71 100
45 85 70
39 10 19
96 73 65
57 36 8
63 65 40
81 79 5
87 84 78
88 0 34
77 83 87
13 19 70
84 38 70
8 63 93
43 80 68
21 82 82
85 90 40
14 46 13
99 12 45
76 72 29
97 84 88
6 97 7
82 63 91
54 98 55
28 39 34
59 55 52
21 60 65
94 69 87
88 61 59
88 77 59
59 10 47
81 54 70
93 8 18
32 34 52
98 78 43
40 23 63
58 10 36
74 25 50
31 60 10
78 25 90
46 95 74
19 39 43
69 58 7
47 16 31
64 65 62
23 60 1
87 23 89
38 82 53
90 47 69
31 57 16
36 52 56
15 61 49
30 17 44
96 76 14
49 39 71
54 14 73
8 15 86
85 64 69
25 84 7
97 51 49
51 25 81
12 89 24
22 20 79
30 53 26
86 96 92
12 92 3
33 75 55
30 94 49
8 22 48
83 43 2
9 75 43
32 98 33
22 39 92
64 40 31
60 3 9
74 58 3
2 45 2
45 88 76
69 61 63
80 75 79
18 99 47
24 96 13
73 65 15
2 4 84
6 90 23
8 73 62
34 12 70
83 79 83
87 25 51
32 77 6
58 85 43
27 2 97
36 92 72
55 73 9
6 66 25
57 42 71
62 52 52
83 72 52
6 82 35
84 17 64
58 86 24
43 29 83
89 98 44
25 52 39
39 65 96
40 32 54
2 58 100
75 61 38
91 73 15
17 63 22
78 36 53
46 39 79
1 39 4
99 96 16
17 94 96
49 85 6
52 67 95
45 71 68
32 25 63
87 49 28
60 70 22
39 91 7
73 81 96
97 8 23
75 53 42
42 78 26
2 18 37
11 67 42
44 30 85
52 78 96
60 23 59
41 18 16
67 94 27
11 91 55
92 15 69
80 29 1
96 51 17
54 26 85
65 23 65
29 53 70
42 34 39
59 16 65
57 4 74
18 81 15
44 94 88
31 68 44
1 86 93
53 73 34
36 23 24
99 44 22
47 57 47
31 80 18
12 21 75
91 20 6
71 8 29
39 61 2
85 27 89
74 52 95
83 8 62
7 29 85
92 9 23
6 54 72
9 95 5
75 17 16
24 12 12
2 13 91
91 90 18
40 15 43
98 90 17
79 89 30
80 92 24
1 51 40
11 98 92
67 5 23
54 65 14
42 6 13
56 32 44
45 4 15
93 43 80
94 34 57
33 49 89
66 67 26
72 1 61
35 38 63
43 67 22
52 16 66
59 74 89
48 26 67
5 72 59
50 79 65
39 17 97
51 8 90
98 54 71
19 34 32
59 48 19
88 98 69
8 30 20
48 95 75
76 38 65
43 56 18
57 2 22
2 90 27
61 87 73
90 93 87
51 82 62
29 49 56
41 10 46
24 30 19
15 62 43
0 45 63
68 93 32
30 99 47
11 71 3
30 35 64
46 73 94
27 89 58
74 71 95
1 52 70
99 92 62
16 62 66
56 51 6
25 71 75
64 13 77
13 64 80
78 24 24
0 27 16
51 64 84
12 34 15
0 58 39
86 69 61
49 4 31
43 80 36
2 61 55
64 24 30
94 38 77
61 77 61
18 6 63
46 44 15
71 12 50
10 28 64
83 59 49
38 66 2
44 6 60
96 16 19
63 19 90
55 70 75
9 12 81
27 14 23
47 85 27
75 56 67
73 61 91
24 65 95
61 95 16
21 56 66
2 8 99
62 4 7
71 87 2
69 71 80
29 50 51
66 51 1
15 58 13
66 55 39
18 64 58
54 45 19
91 25 37
77 48 68
44 55 86
56 23 35
87 98 1
0 66 80
87 86 69
53 58 36
70 55 54
85 92 74
11 47 42
1 2 6
81 74 82
46 30 51
93 23 19
39 29 11
99 26 17
86 79 61
90 57 28
51 40 13
38 33 77
50 30 93
83 57 14
39 58 83
79 56 94
13 34 12
72 30 62
54 40 8
90 63 37
6 69 25
29 81 14
82 21 18
73 18 86
80 61 66
15 89 25
54 29 96
30 49 65
9 59 36
73 69 48
89 90 60
70 3 39
97 79 25
14 65 81
23 83 84
0 80 54
93 81 81
43 30 32
39 82 16
91 21 46
69 97 21
77 28 81
69 46 12
59 82 27
98 89 44
53 73 3
10 16 13
26 54 23
89 76 8
37 40 72
0 10 39
48 9 69
60 55 14
68 32 46
56 5 81
93 59 28
23 48 26
71 44 79
84 13 9
49 25 71
8 12 74
98 61 74
3 73 78
61 7 11
31 14 21
96 11 44
9 65 32
37 65 95
66 22 48
78 32 3
10 57 4
97 3 36
5 15 25
36 54 93
95 11 22
45 36 52
39 77 56
68 24 78
72 18 55
58 14 61
96 67 83
24 4 96
62 35 91
18 56 19
38 34 14
94 29 51
80 93 44
89 4 11
3 60 89
19 76 38
48 43 82
5 1 91
45 63 15
93 25 48
32 26 44
81 22 18
47 85 51
91 5 77
28 0 27
67 33 73
88 9 48
50 42 48
74 93 14
7 91 5
41 49 33
37 87 90
64 91 25
99 36 57
79 14 29
66 49 10
49 66 43
72 67 68
43 34 51
1 95 76
57 46 76
24 40 96
27 68 94
36 95 96
18 65 76
15 74 21
67 14 47
48 90 44
62 53 50
36 24 24
12 53 18
54 22 33
87 83 53
8 80 85
32 34 63
65 79 79
71 3 13
27 36 56
15 41 98
24 99 76
73 83 26
39 57 8
31 50 39
57 84 35
73 31 53
6 86 26
40 96 49
45 21 23
28 26 88
72 1 41
90 71 18
4 0 35
35 67 50
77 89 99
28 38 1
80 91 94
26 60 39
77 36 68
57 17 91
82 24 99
81 57 2
98 52 60
50 58 43
97 80 34
55 22 13
76 77 78
68 98 37
15 21 66
3 42 77
4 78 56
4 96 66
63 25 71
1 71 76
15 90 30
57 19 94
80 59 100
1 9 48
54 74 87
37 67 2
52 67 38
83 68 34
46 69 15
81 10 14
92 74 13
95 7 32
49 47 54
91 9 92
68 16 64
16 12 63
93 47 63
58 82 55
89 84 17
61 78 42
38 47 29
61 54 87
39 14 6
28 24 28
84 86 92
16 23 36
29 83 94
67 13 48
71 31 68
29 33 50
35 6 68
76 24 68
97 85 70
83 15 22
18 28 33
68 91 19
23 78 35
12 51 8
76 18 46
29 36 91
58 41 4
8 28 28
19 45 87
5 18 2
37 58 7
23 1 37
92 38 1
87 82 90
42 14 58
53 41 97
65 87 44
96 24 62
70 94 24
25 12 60
73 9 70
37 29 96
87 7 44
93 5 84
58 74 36
40 73 48
26 36 81
72 20 69
62 55 16
16 29 32
79 23 67
90 5 59
32 81 72
5 20 35
39 82 48
37 1 60
88 16 62
76 20 1
9 78 97
12 95 8
79 81 92
29 69 78
1 46 56
9 6 7
40 26 23
29 26 56
61 17 88
69 6 78
15 1 83
48 31 15
21 95 52
60 68 50
93 17 9
21 30 96
11 43 100
15 5 53
5 36 21
76 13 34
93 14 17
69 63 40
10 17 11
37 86 4
31 91 39
30 51 34
25 26 63
42 44 68
65 42 10
99 71 80
91 64 10
88 38 2
5 27 71
83 26 33
16 28 12
19 53 1
17 41 13
72 35 81
23 2 30
0 30 87
53 21 1
46 62 35
54 60 51
53 38 27
76 9 6
65 51 83
73 20 100
19 55 8
70 5 34
62 2 26
4 43 23
0 76 17
90 85 97
52 84 8
86 42 94
4 61 16
69 66 44
16 89 16
22 24 76
78 45 74
4 98 19
90 74 28
76 85 68
40 57 92
50 54 24
17 73 81
55 30 22
0 22 64
94 59 61
58 23 86
11 18 27
74 98 30
53 22 60
89 2 45
23 70 29
39 96 2
67 78 58
45 93 85
6 82 81
92 55 96
45 36 17
45 98 67
3 59 96
89 74 70
26 8 84
1 18 13
26 89 65
49 34 11
10 23 49
99 48 17
29 57 81
5 55 12
9 66 69
63 81 12
44 88 77
1 64 96
85 7 1
37 76 82
61 51 42
79 49 10
51 47 54
6 14 10
31 58 1
55 30 38
38 69 95
32 30 77
6 11 91
18 70 27
59 43 94
49 97 41
28 45 81
13 66 84
25 89 90
87 35 99
48 49 74
6 3 22
48 98 5
2 47 18
18 39 64
65 59 27
82 70 30
56 32 57
2 73 69
84 46 14
29 58 5
60 8 99
68 96 36
85 14 18
48 16 29
59 88 30
27 12 41
85 46 97
14 83 74
13 73 50
87 90 60
76 46 88
82 44 78
62 27 64
80 99 37
17 5 32
32 27 72
45 30 11
7 83 68
46 96 43
96 46 43
67 5 99
64 78 70
75 68 98
66 89 92
83 44 12
82 23 87
24 91 60
12 70 31
2 9 80
25 18 43
9 34 21
16 71 85
89 71 23
84 25 24
70 99 64
20 97 34
89 67 11
33 76 13
44 4 65
15 78 45
40 26 8
6 92 41
90 48 5
65 72 50
94 27 48
70 97 90
83 59 66
18 68 64
66 85 84
78 16 10
82 89 63
12 19 12
32 5 66
42 91 7
41 69 72
4 40 51
60 42 23
4 6 22
12 83 4
64 7 29
27 14 73
68 31 14
81 41 24
22 58 29
54 23 94
53 37 72
44 34 69
56 24 89
96 79 89
40 86 24
84 81 46
12 24 55
47 69 6
31 89 42
70 66 35
23 65 37
47 96 14
46 20 67
56 78 73
3 89 43
42 5 100
86 93 90
42 97 98
70 16 63
28 4 46
82 13 8
12 80 43
98 41 35
38 28 68
35 53 44
3 98 82
75 23 55
75 30 15
67 59 23
45 78 14
9 67 78
28 14 39
78 21 32
17 66 26
91 74 93
89 21 3
26 56 34
99 48 48
7 91 73
33 72 79
27 14 24
84 27 73
24 2 6
86 80 92
69 2 4
8 69 27
64 45 2
19 23 13
73 58 62
68 34 11
51 56 45
66 21 32
74 68 92
69 46 53
95 66 23
87 13 72
22 84 28
9 36 8
74 10 79
79 49 8
1 18 86
16 7 93
22 46 8
36 26 31
61 63 97
48 82 40
65 63 46
73 71 57
32 57 2
70 98 47
7 41 100
44 83 17
51 13 91
77 15 25
11 19 50
22 1 60
39 64 16
80 95 8
4 69 63
71 64 87
95 6 89
34 67 33
94 55 33
52 21 50
71 70 42
41 51 58
78 11 81
53 8 67
92 97 63
80 81 48
7 75 73
60 23 19
34 35 59
46 14 24
32 16 55
96 9 5
91 8 32
76 77 72
19 63 25
13 21 26
34 76 70
15 73 81
87 13 76
68 98 14
49 40 22
39 17 31
10 35 43
50 37 95
39 8 22
96 79 21
74 64 9
42 27 35
89 86 83
67 50 32
51 99 33
68 14 64
95 70 43
26 6 13
34 93 94
54 62 89
56 1 85
25 91 63
69 67 50
58 36 65
84 77 85
76 25 79
30 22 6
78 94 7
43 74 33
65 7 33
85 32 38
27 23 57
76 23 95
99 14 80
67 64 13
77 35 42
10 80 14
30 38 10
81 95 16
56 22 95
58 47 60
71 12 14
75 41 87
33 43 47
2 38 45
44 43 4
18 78 26
28 27 7
38 27 18
36 29 46
92 49 42
58 96 36
86 80 49
28 85 37
23 78 27
19 92 83
28 3 78
90 68 20
36 93 91
53 39 15
92 11 15
36 45 62
71 96 32
96 50 26
14 17 40
6 66 15
30 43 84
82 29 75
80 65 46
53 17 47
18 92 75
56 25 49
49 36 50
43 12 82
86 16 2
7 27 17
30 54 31
99 37 40
30 45 54
45 92 37
52 74 65
42 81 58
31 37 7
12 6 36
79 34 15
30 8 79
10 48 83
76 48 4
70 6 85
0 63 57
95 76 87
69 30 91
71 41 55
32 19 49
89 13 57
20 32 22
14 55 31
75 82 9
20 57 85
84 2 3
34 66 50
64 3 61
51 57 95
50 9 20
76 80 4
73 21 92
95 90 49
37 16 6
49 34 95
78 65 49
81 28 71
23 70 97
20 38 78
66 87 95
60 31 39
84 12 47
17 15 44
29 92 73
35 1 66
22 59 100
69 38 25
61 74 84
10 7 9
31 57 88
62 98 72
5 40 54
23 5 9
72 49 72
74 13 74
59 48 96
74 78 8
10 0 35
76 81 50
15 4 29
62 12 64
14 82 12
95 90 94
97 69 30
23 22 21
78 83 78
8 22 43
1 51 50
97 62 63
11 12 64
79 8 90
54 90 6
17 99 43
71 2 43
18 31 100
27 21 22
88 4 64
67 77 63
46 66 39
90 98 24
74 11 78
7 38 81
47 37 90
87 33 70
65 82 34
98 99 44
74 18 94
2 74 95
23 27 28
69 25 22
6 54 23
83 11 6
92 79 94
28 69 66
37 95 8
42 67 63
25 20 18
87 42 36
69 10 15
46 54 80
15 8 60
47 30 20
96 59 33
43 6 68
9 15 66
53 68 9
80 58 89
64 86 31
90 42 1
77 35 2
8 34 48
39 89 96
62 23 70
12 62 52
84 37 34
67 78 20
27 20 89
87 29 46
88 78 79
40 7 6
23 74 85
28 91 10
40 63 53
63 9 49
41 63 94
76 69 93
55 30 10
62 23 6
86 85 88
35 22 69
74 3 74
27 19 82
39 62 85
53 73 24
40 24 11
8 19 55
69 25 41
73 5 17
5 16 93
42 23 27
29 67 78
86 29 12
96 55 50
24 21 38
18 11 88
27 65 87
35 64 55
20 14 85
81 53 35
4 20 83
57 26 13
77 32 77
35 37 53
4 83 69
95 89 19
19 5 42
53 76 18
34 38 89
32 56 95
87 34 61
13 39 10
47 71 86
82 99 72
79 50 52
90 56 46
75 85 24
75 22 92
87 25 36
67 76 100
60 99 39
24 57 60
67 94 75
9 67 30
36 42 37
98 69 74
4 37 97
31 3 65
27 99 79
35 77 93
14 42 53
66 27 95
15 50 82
28 90 76
72 15 36
2 72 6
85 33 12
97 0 21
95 0 64
4 30 32
26 21 10
37 16 41
93 38 55
43 72 29
51 1 36
49 55 46
23 66 68
70 34 4
78 36 69
24 82 12
6 5 92
31 61 82
9 96 62
74 6 33
54 13 66
46 13 68
21 22 30
90 75 92
60 81 53
44 72 93
57 88 96
12 64 21
78 53 75
12 95 1
6 11 35
67 5 100
22 53 79
65 21 97
10 41 19
80 16 20
76 10 83
74 88 87
76 90 1
46 23 6
26 25 92
18 92 60
34 36 58
39 43 7
61 72 28
92 15 81
95 97 18
72 27 11
18 5 65
68 27 12
89 66 32
29 21 20
91 1 13
28 27 70
7 89 13
47 78 80
84 25 14
74 89 79
16 28 1
78 8 63
71 45 83
1 85 1
79 89 78
71 64 17
39 79 94
31 62 5
39 79 70
19 93 55
1 99 77
55 83 71
72 40 97
75 25 40
57 74 24
33 13 100
80 75 35
57 0 28
95 83 68
67 69 67
44 5 15
87 2 61
55 3 5
6 30 86
87 51 95
63 19 86
11 41 31
11 7 63
73 56 4
21 17 18
28 78 36
64 2 76
33 34 92
46 71 5
73 16 59
42 28 51
88 15 8
8 14 18
63 28 89
28 99 11
69 31 72
54 83 42
99 58 63
18 27 36
78 55 82
67 12 65
89 13 79
61 1 69
54 0 82
9 72 84
65 13 49
57 38 93
91 94 12
81 51 81
72 22 18
26 34 3
12 20 32
90 96 62
73 22 53
90 6 36
47 23 63
54 1 65
24 30 58
70 60 8
55 24 87
11 76 38
40 2 56
71 22 24
11 66 100
69 27 77
49 44 92
13 66 91
36 68 50
98 15 42
12 40 95
1 44 22
11 8 12
94 55 82
39 10 41
1 95 43
60 33 56
17 41 11
69 32 2
21 67 63
15 61 26
65 60 83
86 69 16
96 79 80
81 77 25
24 60 66
20 78 68
95 74 97
85 11 33
21 78 56
87 21 10
65 89 80
40 86 89
51 18 66
88 99 69
25 93 7
52 66 84
37 99 23
67 74 19
65 23 40
60 39 30
55 61 43
48 28 63
65 17 6
34 99 11
72 54 36
33 53 71
88 36 66
72 36 37
17 1 58
36 19 35
83 96 12
77 3 72
4 2 71
11 3 70
19 44 18
18 34 21
8 9 1
58 79 9
84 93 99
26 4 1
34 5 43
92 62 45
44 10 41
24 30 96
24 81 56
70 26 14
54 2 61
37 10 94
21 12 59
1 25 38
23 34 71
21 65 34
80 18 45
64 27 92
24 29 54
9 64 58
27 59 25
83 80 75
34 10 75
43 27 15
93 51 45
18 38 87
39 46 14
51 9 86
45 76 74
53 90 62
23 68 22
99 20 23
86 44 90
41 83 35
79 38 57
7 33 66
19 87 98
29 16 93
66 69 48
14 76 20
19 69 79
64 31 91
21 93 57
0 29 14
30 25 74
7 8 81
80 42 36
41 51 61
91 51 20
57 44 55
15 79 88
34 39 61
74 64 96
10 28 93
83 34 91
91 26 92
66 32 64
22 13 88
92 5 29
74 92 54
16 44 47
93 72 99
84 80 29
12 72 12
71 70 21
85 47 34
97 11 59
99 40 93
97 6 85
74 11 1
89 52 32
59 18 86
64 59 56
49 47 92
97 66 9
93 94 26
50 23 59
79 35 92
45 1 76
46 8 41
74 89 38
6 54 93
14 2 17
20 98 39
66 69 34
88 70 10
7 70 22
5 71 8
86 37 69
0 52 99
95 15 54
62 75 41
55 95 3
7 9 20
68 78 22
77 57 73
82 33 26
63 54 26
43 83 15
95 61 28
67 75 17
19 64 24
24 73 4
93 11 8
50 85 99
37 68 45
17 95 74
94 65 94
30 67 60
46 77 86
89 25 10
1 72 27
51 41 66
66 85 4
82 22 49
91 60 14
37 7 85
51 32 77
23 61 8
15 23 56
98 41 8
28 71 4
6 28 73
98 85 27
97 10 76
81 29 52
55 70 43
93 54 52
57 81 83
74 35 74
43 41 82
89 91 71
19 61 82
1 57 56
16 65 67
73 15 17
3 60 87
54 81 5
42 17 84
15 14 57
74 30 71
18 86 81
30 74 35
86 57 53
25 20 52
99 45 14
44 11 6
93 38 68
34 72 35
31 2 85
0 67 35
13 78 17
54 9 69
97 75 64
57 22 5
9 97 66
78 17 95
13 83 69
18 72 3
78 29 79
42 39 52
8 53 72
57 63 60
74 51 74
96 27 92
51 90 67
22 90 33
77 7 12
57 24 79
45 97 55
26 49 68
12 0 83
3 0 89
77 23 67
38 25 78
87 13 83
72 87 48
86 60 60
14 17 24
65 91 80
43 83 55
10 86 51
38 94 90
79 23 85
77 81 3
10 76 67
56 49 49
85 19 31
6 88 76
19 86 68
37 53 4
29 74 48
77 7 51
10 55 25
46 73 6
3 77 78
74 13 45
90 8 71
87 28 54
47 69 89
20 62 63
71 81 2
40 21 83
22 67 49
97 0 46
4 3 41
82 91 7
43 26 91
51 19 59
23 22 67
6 65 76
78 8 67
59 11 74
52 12 40
5 32 83
27 60 26
15 72 79
24 30 2
80 25 22
61 69 69
8 13 73
35 58 92
79 17 80
2 5 13
67 6 34
16 23 57
59 19 83
63 68 47
23 90 59
6 90 47
7 5 62
69 4 88
53 69 11
88 46 44
83 0 28
30 18 7
8 76 51
79 71 50
21 83 42
39 2 31
82 83 73
64 51 66
18 24 17
0 25 76
99 65 34
65 97 50
92 13 37
70 12 58
17 46 49
94 75 25
71 53 83
73 85 57
98 62 27
36 24 45
13 27 64
85 38 28
75 70 69
61 60 56
3 77 55
82 97 52
34 36 22
95 44 35
81 38 24
64 40 94
75 85 18
71 78 59
37 34 92
73 9 52
75 22 14
51 85 94
49 19 39
55 79 17
70 0 49
80 54 39
0 92 64
47 17 20
87 85 33
70 44 19
0 54 39
64 24 79
11 87 24
84 58 3
83 3 68
49 99 2
67 49 47
28 43 7
62 23 77
33 49 99
18 81 33
22 9 53
50 67 47
48 60 58
95 17 100
2 79 96
62 45 34
44 10 61
19 78 45
20 46 52
42 15 10
42 26 80
24 39 81
42 84 78
35 91 45
63 12 60
59 33 12
53 93 84
95 59 88
48 33 10
20 30 66
81 66 3
25 14 59
85 14 56
16 44 70
52 86 46
2 74 42
26 5 41
90 95 40
58 32 19
91 71 49
91 7 96
43 91 30
22 12 29
52 93 27
18 64 92
89 14 38
57 83 5
5 46 34
60 13 89
5 10 53
22 6 1
83 34 19
3 51 30
59 6 99
58 59 24
16 61 80
49 82 28
58 33 84
14 29 28
88 61 15
57 50 81
10 68 8
46 15 55
26 94 25
76 68 65
96 19 36
33 15 19
22 15 44
29 52 5
19 29 83
50 79 21
72 60 56
67 28 4
50 51 91
67 27 70
35 44 96
82 65 39
19 68 10
94 73 92
12 9 82
0 48 35
25 56 16
66 86 17
22 73 13
77 75 37
25 59 10
95 42 37
93 63 63
95 71 33
23 26 56
58 24 2
98 20 74
64 49 65
15 57 65
36 99 89
42 64 15
80 52 52
51 4 97
1 62 76
46 33 8
14 94 25
32 93 2
81 37 44
73 65 93
96 76 78
37 7 2
42 38 19
32 26 49
28 67 84
14 2 71
16 40 88
63 1 83
30 27 71
88 18 13
35 32 27
4 47 83
75 35 60
65 3 36
31 99 85
29 68 70
58 72 38
33 22 61
11 68 38
43 15 40
18 72 82
13 9 32
25 2 12
52 17 52
74 14 98
60 91 63
97 25 75
20 1 99
49 52 89
90 85 98
71 31 89
53 46 34
8 24 17
69 34 74
32 56 56
43 16 69
80 86 22
55 48 73
41 52 39
91 9 57
29 43 88
70 29 89
97 70 99
2 9 44
55 34 9
47 88 56
82 54 57
30 31 65
82 94 77
40 88 76
86 54 100
78 88 8
86 18 45
32 5 27
39 61 76
35 26 94
11 73 71
72 52 4
64 16 89
64 10 94
31 1 63
60 6 62
61 99 75
47 40 48
59 67 56
19 65 29
50 29 83
38 20 84
64 73 49
64 70 47
24 0 63
78 22 43
73 80 15
38 82 76
85 52 19
6 43 29
2 77 13
99 12 86
53 10 52
63 27 79
84 11 6
45 14 49
70 97 11
84 11 16
73 97 72
22 80 79
13 17 78
21 99 84
84 99 97
46 17 100
68 96 23
39 65 64
66 76 75
75 52 81
16 11 58
63 21 41
72 27 5
38 15 71
96 81 33
59 85 48
64 12 66
13 55 37
75 70 39
78 70 59
73 74 6
66 16 29
12 45 15
77 38 13
6 27 75
55 25 69
4 13 30
32 17 20
26 7 82
76 66 54
25 26 3
16 14 6
63 28 63
1 23 56
26 95 24
84 60 74
46 14 7
62 84 91
4 37 85
81 80 54
56 96 85
39 75 80
6 38 55
25 68 56
20 6 54
52 63 35
5 46 62
54 53 52
55 74 20
47 94 51
97 0 72
63 24 2
13 53 26
20 75 51
55 90 88
46 45 9
91 43 21
21 87 62
80 11 80
22 56 22
67 7 89
6 21 27
7 8 61
68 66 4
95 37 53
64 32 53
92 7 32
81 57 37
35 45 89
95 1 97
21 68 65
34 8 23
81 92 92
88 38 33
42 92 51
56 58 73
14 51 35
60 79 98
76 54 30
92 61 100
23 41 42
54 84 11
98 97 79
87 55 98
1 43 61
67 60 24
89 90 34
51 25 72
71 22 86
15 82 14
6 54 67
68 64 93
8 84 98
42 77 46
67 23 34
15 37 64
41 48 26
22 10 58
26 18 88
58 49 16
81 85 45
4 22 20
82 27 19
26 55 84
35 70 80
46 45 20
77 73 98
1 34 69
72 43 77
54 15 12
23 90 52
14 83 27
10 16 44
73 25 15
33 28 3
0 11 11
73 39 32
92 60 13
89 96 52
27 49 94
90 94 3
40 51 83
22 63 93
40 76 97
22 43 15
98 79 46
27 91 71
96 72 94
10 27 41
38 28 78
34 23 47
59 4 2
53 65 59
96 15 100
0 62 41
2 24 86
50 79 69
1 47 34
8 43 47
90 1 99
35 79 12
39 97 94
52 18 19
29 58 22
42 61 7
77 88 82
36 0 92
92 53 9
64 30 12
7 22 100
51 72 59
95 83 95
33 66 52
97 93 17
39 61 96
29 80 80
96 79 34
39 69 69
33 8 71
8 16 29
4 10 37
0 72 68
60 24 53
71 79 8
49 17 54
28 56 87
86 83 29
37 43 79
21 59 74
33 85 52
7 81 19
54 90 43
39 42 12
75 4 11
28 39 62
12 48 87
74 86 89
34 69 70
76 29 26
96 76 68
8 6 64
49 9 40
26 10 12
45 30 63
13 23 97
33 62 12
50 65 8
89 59 1
49 4 86
21 41 18
55 82 87
31 17 50
73 86 9
48 88 29
67 17 78
18 52 91
82 11 17
85 35 25
42 62 9
76 47 89
69 35 8
94 12 67
89 71 34
34 60 95
98 23 79
24 26 96
86 49 38
47 26 99
65 38 61
11 2 19
41 32 50
52 28 11
79 1 3
31 58 11
26 58 43
9 36 76
77 70 92
3 29 62
3 60 47
74 79 48
8 93 45
90 48 79
11 50 28
86 0 48
24 12 44
60 74 35
37 57 67
59 92 8
20 54 65
43 14 87
46 43 14
38 67 75
71 32 95
19 78 98
72 38 88
59 65 60
49 44 45
60 61 52
23 1 98
25 45 12
69 66 9
74 45 74
19 12 31
82 99 77
46 48 95
84 91 45
33 55 45
21 93 47
25 28 54
46 84 57
48 35 27
0 75 66
21 18 92
92 85 69
80 62 87
1 77 97
7 77 68
33 49 71
66 41 44
84 55 71
26 64 57
13 10 23
70 7 9
60 84 31
84 11 24
48 26 81
78 8 41
20 60 9
83 14 21
3 39 87
15 19 15
20 43 44
77 62 58
32 30 100
10 14 79
41 70 11
15 30 21
74 10 45
58 85 27
2 61 98
93 87 96
35 60 18
17 94 56
6 40 70
3 45 21
43 88 41
87 89 81
27 79 80
41 4 32
15 95 15
1 55 65
25 86 63
89 63 96
39 36 10
95 49 69
4 10 48
50 27 45
52 53 88
33 27 81
35 77 8
40 65 16
93 54 90
55 47 17
82 33 61
91 47 31
89 84 62
29 68 49
66 51 93
58 73 96
66 81 91
22 47 45
40 84 52
85 52 1
34 97 70
46 42 62
41 1 89
83 11 34
60 41 86
18 92 85
58 64 53
46 22 13
70 48 56
87 13 63
25 31 73
12 68 47
93 34 62
0 95 83
15 89 82
70 81 40
64 86 31
22 17 12
64 77 30
90 93 82
27 0 97
14 72 27
13 98 18
58 13 12
80 16 70
13 8 64
68 25 74
44 85 98
30 70 60
78 93 40
26 12 90
69 52 51
22 10 15
49 76 44
50 38 6
8 74 42
64 4 53
10 7 90
10 76 26
42 56 10
85 73 49
34 67 93
1 7 73
63 53 84
50 73 82
54 61 2
84 57 45
67 56 18
36 96 94
34 95 28
77 30 11
2 79 44
45 16 28
80 34 61
46 18 71
56 22 90
40 74 14
85 88 1
66 97 99
4 70 35
61 11 59
93 67 67
85 65 66
51 84 52
33 62 38
64 87 33
6 40 29
85 20 90
12 26 17
4 75 55
89 76 46
66 81 78
4 88 51
36 59 30
73 0 9
12 61 59
74 67 90
38 58 57
1 9 73
49 43 93
23 53 1
59 41 20
81 63 1
29 3 54
35 2 68
71 53 30
3 78 38
50 63 17
73 32 60
89 9 42
35 56 94
13 17 87
35 17 7
53 72 26
4 61 11
84 9 79
34 69 7
6 37 74
92 87 1
60 56 66
26 54 21
98 11 14
86 94 75
77 61 93
19 97 14
29 25 65
77 43 43
16 76 88
33 78 94
42 61 95
20 10 41
38 12 50
75 92 16
98 49 38
79 31 73
10 96 60
99 97 44
90 46 1
28 91 45
26 84 3
83 3 96
23 87 20
45 23 57
54 44 12
54 31 78
82 63 36
40 8 13
77 51 14
1 97 73
46 3 15
67 52 74
53 42 41
7 8 63
52 51 4
67 97 30
70 69 65
93 80 80
18 0 1
10 56 17
51 46 78
83 86 93
28 95 26
24 1 1
65 96 84
43 79 75
60 74 4
90 11 22
32 55 64
47 45 80
64 75 18
47 14 71
20 50 3
50 11 12
63 62 40
5 18 42
97 86 2
1 49 65
84 95 50
0 86 54
76 6 50
21 37 60
95 30 23
22 45 3
55 65 17
33 69 68
74 96 12
79 87 91
32 84 27
33 17 13
3 18 63
24 63 95
45 90 68
37 40 87
58 22 66
63 14 30
79 37 23
13 31 49
25 5 10
23 81 66
13 71 55
91 44 98
51 3 12
94 45 90
81 60 23
37 20 17
22 74 77
40 95 48
27 34 79
11 95 33
79 38 46
32 57 6
14 16 97
93 11 73
72 53 96
61 11 63
34 66 33
22 39 65
67 41 31
27 21 3
94 56 13
78 69 89
60 2 11
96 4 65
46 29 17
93 85 39
33 66 80
20 28 58
94 32 45
86 70 74
46 67 12
21 47 99
8 22 38
74 53 17
44 25 61
9 0 25
38 31 41
76 39 29
1 33 23
87 22 83
17 45 7
13 72 86
54 61 22
21 35 15
85 59 95
41 69 40
19 62 48
58 95 18
21 70 22
14 32 46
28 53 15
6 77 9
70 46 80
48 28 41
29 98 83
88 12 13
43 9 18
74 89 45
54 32 92
75 1 75
74 59 15
91 58 100
33 87 78
97 43 93
19 18 64
84 0 31
46 2 80
74 76 63
97 36 7
38 35 37
57 52 18
84 29 55
31 17 24
74 66 82
85 94 21
15 39 4
38 94 68
51 38 80
66 56 22
45 75 14
67 38 14
24 30 41
1 66 63
29 78 65
94 45 9
91 28 64
45 46 12
51 35 28
90 39 60
96 54 61
11 41 6
68 30 45
21 34 18
99 79 48
15 30 58
20 74 22
12 29 82
67 56 25
53 6 11
3 32 22
75 61 71
80 31 32
75 70 62
68 83 79
63 62 21
64 34 1
69 74 15
97 72 8
76 95 71
37 90 91
68 13 34
55 10 96
51 34 57
78 39 1
17 2 89
74 35 90
25 75 31
33 52 61
61 53 77
42 50 35
6 4 92
21 56 73
1 27 68
37 26 83
94 36 1
90 71 80
36 51 21
54 73 71
88 61 93
79 8 12
85 67 51
66 33 45
86 11 65
51 1 94
92 95 3
14 67 89
37 10 10
51 16 46
61 78 49
0 50 23
35 8 28
99 90 8
47 48 47
59 15 48
97 58 5
89 71 33
31 40 24
28 48 85
56 95 56
19 58 6
17 97 63
67 78 59
24 36 30
86 50 83
59 43 59
64 19 22
59 69 80
10 5 25
0 17 76
27 39 97
15 11 34
67 81 83
81 62 21
80 73 19
86 96 28
95 51 56
9 46 87
83 21 50
68 6 28
74 2 90
81 5 46
52 34 98
1 68 15
30 83 45
94 12 82
95 47 74
40 54 95
17 60 31
35 19 14
72 19 74
73 25 62
9 66 99
91 90 11
57 67 75
66 71 45
85 81 10
16 40 19
21 25 94
49 13 28
6 83 29
98 14 28
6 19 80
42 7 10
38 91 65
59 38 45
57 29 28
19 50 97
16 80 98
87 91 17
98 56 81
30 45 5
10 78 74
63 61 57
95 76 36
98 58 47
70 30 15
7 86 72
36 21 37
59 97 16
54 3 48
22 8 88
64 11 89
68 54 30
58 44 37
55 18 55
36 28 63
67 38 54
5 13 3
62 42 42
55 35 78
25 13 26
85 4 14
13 71 90
90 6 80
40 59 87
26 91 22
34 72 32
24 61 6
14 55 14
97 21 77
26 61 69
17 77 34
57 70 26
41 62 66
44 72 67
16 20 29
58 97 83
64 30 44
77 42 44
77 1 98
74 25 19
48 23 12
31 46 48
47 31 12
84 10 87
84 98 66
7 42 100
25 3 44
97 67 15
62 64 87
18 90 68
44 59 12
67 42 92
32 11 21
99 73 57
21 23 3
73 3 13
33 52 69
55 2 55
1 31 12
13 24 41
50 60 75
30 88 21
5 76 89
52 77 75
15 62 23
35 6 55
54 98 14
34 17 84
80 36 18
5 95 10
54 31 24
26 18 24
28 58 99
84 26 79
33 4 50
42 65 43
33 21 26
39 6 1
62 88 18
92 43 93
68 1 33
62 5 36
93 89 100
69 36 91
84 30 54
96 83 68
47 4 55
58 65 92
28 69 68
96 42 73
26 2 12
89 26 89
27 18 96
1 4 97
76 74 74
74 17 72
32 18 11
65 6 31
46 55 92
32 86 85
2 63 31
81 4 61
18 1 73
48 58 34
36 68 73
86 80 1
64 86 24
4 37 57
96 75 91
34 90 73
65 82 46
46 86 45
60 38 18
32 11 16
81 41 70
18 20 98
44 19 61
20 26 25
44 36 85
25 33 96
95 30 50
33 78 79
82 9 48
13 53 68
1 52 86
75 43 53
82 41 21
57 22 34
75 18 87
87 15 60
44 21 36
75 42 61
35 64 80
63 70 29
46 2 98
69 91 46
46 20 75
15 38 76
19 50 42
67 88 13
28 79 83
59 81 56
54 34 68
99 29 21
65 54 37
30 4 69
34 13 22
89 28 63
73 49 87
68 57 34
96 88 12
83 52 15
54 58 12
79 18 9
83 19 52
97 55 84
40 70 92
49 37 76
84 87 15
87 40 34
43 86 64
98 48 80
21 39 27
36 16 45
85 11 43
39 41 2
7 87 97
46 57 96
82 67 83
49 24 45
72 70 92
41 1 55
36 80 10
96 89 23
48 40 4
4 25 19
8 76 10
49 20 90
49 44 77
83 46 33
43 81 44
67 36 26
91 57 99
30 70 47
38 58 42
40 16 15
81 30 18
63 75 99
9 99 56
84 98 94
92 45 16
1 73 85
47 17 36
90 6 74
57 21 48
18 94 44
0 10 70
5 31 48
90 76 19
99 6 8
45 36 46
55 73 74
13 68 2
94 10 95
53 60 14
57 2 90
34 73 89
91 74 38
56 15 52
26 47 27
6 81 94
20 23 40
95 17 16
73 11 74
5 80 83
36 83 66
52 99 88
15 94 48
63 78 100
52 25 30
40 72 70
86 93 84
80 12 2
48 50 21
99 14 85
5 68 3
79 8 57
4 44 10
67 37 32
75 7 8
60 86 9
76 5 53
47 90 79
89 32 57
98 18 75
22 99 55
69 56 71
4 25 74
44 67 50
35 5 44
23 82 25
64 79 74
72 58 40
86 54 29
62 90 19
26 44 87
97 50 88
1 85 47
80 6 42
60 97 23
33 80 65
46 28 64
0 8 50
33 11 85
63 4 2
63 35 93
64 4 25
56 53 99
46 99 36
98 28 65
95 13 24
24 88 73
88 53 54
64 41 10
45 69 63
1 71 79
91 48 83
50 58 5
5 10 56
55 41 76
39 55 12
21 26 29
25 39 42
92 8 99
81 14 25
23 82 49
37 96 20
66 3 79
19 62 97
42 13 19
34 4 26
50 56 67
32 68 59
58 22 16
13 5 92
15 48 57
99 43 27
8 15 70
97 42 87
67 5 35
80 35 35
37 87 69
14 87 8
92 11 52
36 39 54
82 68 62
89 2 23
45 55 96
3 34 71
53 3 83
6 41 81
11 41 39
44 49 4
68 5 52
48 72 15
82 32 57
16 36 81
31 62 32
32 28 4
9 69 35
91 60 64
39 33 39
99 71 53
70 21 11
80 35 43
19 92 3
78 28 12
8 7 26
36 31 81
56 75 54
30 63 86
39 70 38
95 24 94
80 8 95
4 65 50
14 23 60
19 99 27
17 8 70
72 74 96
44 0 51
82 16 86
27 73 18
65 87 51
88 70 42
47 61 71
16 76 10
77 7 59
23 33 85
41 62 71
72 27 3
72 83 83
72 54 2
48 69 50
44 53 4
78 31 27
91 89 73
49 7 64
85 66 25
90 48 94
24 73 42
5 81 4
87 61 59
41 51 11
4 21 26
74 5 66
40 56 2
33 12 25
5 65 45
78 33 4
66 79 88
45 64 94
22 10 86
77 50 20
92 50 2
78 57 84
42 55 50
77 78 73
85 77 57
95 96 32
95 93 43
5 19 63
28 93 25
29 88 100
67 88 73
24 64 42
10 2 62
38 70 15
63 66 49
74 1 10
51 84 32
71 9 52
41 95 76
12 95 17
23 19 2
3 88 14
94 0 26
20 65 24
7 54 38
12 75 41
3 13 67
35 65 5
69 48 69
31 20 78
58 54 13
1 89 80
8 37 80
93 77 26
61 2 85
68 82 4
49 54 3
34 92 7
81 6 24
17 39 97
18 54 87
57 67 88
34 37 43
9 1 79
65 28 95
45 71 2
1 27 19
61 1 77
95 23 60
87 6 20
79 22 79
84 4 29
79 91 27
8 19 22
63 76 45
94 59 89
52 48 41
10 95 1
94 27 23
71 74 92
53 70 35
18 82 69
29 75 43
66 61 20
21 6 38
27 26 28
85 10 94
64 44 27
64 83 93
6 1 99
51 14 3
94 79 12
64 41 82
25 34 7
87 15 95
39 54 60
94 35 7
31 64 79
61 12 9
18 75 46
8 32 86
88 91 85
34 5 92
1 47 65
0 1 53
22 1 43
66 48 50
87 56 69
4 45 39
8 29 27
28 29 77
88 81 98
1 10 64
57 43 54
68 27 33
98 96 61
74 65 31
9 43 18
97 32 63
75 63 31
85 65 94
29 28 39
90 88 93
18 62 28
5 57 88
73 21 46
83 11 75
20 54 13
35 15 60
60 40 15
9 34 94
41 95 42
76 64 86
7 27 56
39 25 37
20 17 20
25 95 38
14 39 53
29 75 92
76 24 51
1 62 49
0 49 34
2 6 85
24 57 45
11 97 27
69 0 28
70 9 11
94 22 51
16 21 32
28 45 29
70 77 30
44 99 12
36 21 51
52 53 12
11 40 93
68 87 36
33 77 65
36 45 33
54 9 51
63 53 14
74 11 52
63 9 9
99 49 45
41 91 58
58 60 47
63 34 34
14 74 17
79 46 39
21 72 83
47 35 42
43 51 67
6 13 17
48 82 16
88 87 66
74 88 69
12 63 43
17 2 65
74 36 54
14 76 61
29 92 68
58 80 33
38 52 100
59 48 39
13 75 11
94 38 62
58 17 68
78 15 45
65 75 85
14 31 89
61 28 67
21 53 44
99 33 67
50 36 73
88 35 62
41 9 73
11 21 62
3 44 43
98 25 6
36 27 41
28 21 72
90 48 19
73 22 56
9 23 47
40 94 29
44 72 91
22 59 60
19 76 42
44 75 6
26 73 40
44 60 1
89 25 91
80 77 30
24 60 66
17 61 60
44 86 21
4 61 94
9 24 70
0 44 44
22 91 40
92 20 59
5 25 48
26 32 72
51 82 53
46 68 76
42 1 95
69 15 43
35 74 24
2 36 41
59 60 100
56 18 96
32 25 13
21 7 41
79 47 38
74 79 9
39 15 36
31 7 27
62 61 48
57 21 56
21 93 23
60 65 60
41 63 26
66 55 42
74 17 89
14 57 21
87 91 62
59 50 4
9 47 77
74 27 75
34 12 63
50 93 56
5 58 82
5 56 9
60 56 5
59 39 60
97 57 23
98 27 46
44 35 24
44 61 86
11 61 4
6 45 96
72 12 19
35 2 61
30 92 36
55 32 45
84 66 36
56 76 19
45 95 94
74 53 33
89 65 9
18 57 33
64 73 29
56 21 76
28 64 90
17 58 95
15 17 79
56 13 34
7 3 27
86 92 81
19 99 66
99 62 77
21 61 2
87 44 71
5 74 67
85 99 52
75 48 93
14 71 80
5 89 30
4 90 15
39 9 98
69 32 52
72 37 87
60 59 47
29 4 20
24 70 68
98 91 30
86 56 92
97 69 30
44 89 87
58 15 49
37 7 4
2 88 31
43 39 27
97 69 43
67 50 18
50 46 25
72 33 77
62 76 57
77 68 93
11 97 99
29 52 10
1 97 85
87 37 40
39 76 86
76 83 43
71 97 20
23 39 96
65 17 24
56 66 52
57 55 77
36 57 85
19 59 8
10 77 1
9 62 100
91 50 93
4 71 94
96 4 58
29 39 76
66 7 62
90 23 55
17 83 54
72 8 17
65 29 51
69 82 46
42 31 30
3 24 86
23 45 15
11 23 17
49 26 72
68 34 32
37 74 90
76 49 91
56 38 84
94 60 59
98 32 83
88 54 70
71 74 91
74 38 92
82 60 96
67 77 55
18 17 34
19 16 44
19 78 60
14 1 46
19 84 60
72 38 84
94 34 74
71 81 87
30 49 59
32 1 20
84 10 55
44 34 33
61 97 62
8 57 54
84 35 74
39 73 66
9 26 32
92 48 76
50 76 15
71 75 42
68 23 90
7 97 70
11 95 54
99 49 25
86 52 47
21 42 93
91 77 17
30 93 90
26 57 25
30 8 71
87 29 85
14 45 64
1 72 92
45 96 84
74 88 46
17 68 71
99 11 99
7 10 38
20 60 30
2 59 47
86 95 54
33 54 90
44 79 64
29 30 70
0 15 87
9 95 63
62 39 63
27 25 15
25 9 96
70 69 47
13 5 26
17 77 8
61 8 22
15 59 61
28 47 76
35 1 96
88 26 18
91 86 82
25 8 24
21 96 78
0 80 100
59 17 45
27 66 70
38 25 92
33 37 46
8 68 45
8 10 81
13 59 8
16 17 62
71 73 5
34 77 61
42 43 17
38 4 56
47 63 21
47 67 93
25 9 96
28 42 71
14 18 88
69 86 99
66 34 81
27 25 90
1 88 62
49 8 56
85 84 26
57 9 84
22 94 31
28 89 86
45 80 100
68 4 41
48 6 82
28 87 70
81 1 70
8 56 33
11 45 88
72 81 78
19 3 39
41 38 87
45 29 9
62 69 65
9 82 55
23 57 2
52 18 10
27 66 30
73 13 85
20 7 15
22 55 20
84 49 22
56 91 88
8 4 64
67 51 34
57 51 31
0 40 96
95 98 98
11 50 86
7 13 45
64 38 9
21 80 70
25 0 89
71 12 37
77 67 24
48 39 28
71 13 76
15 88 69
7 84 13
99 79 8
80 48 59
44 32 26
48 96 69
8 71 7
15 67 39
23 79 50
77 38 16
67 73 36
23 29 44
84 38 26
0 40 96
30 85 69
5 82 89
25 67 95
91 21 2
60 52 64
29 0 31
24 83 69
52 71 21
17 12 94
25 58 97
67 68 13
81 50 96
93 28 14
3 2 71
2 37 5
54 22 8
66 31 52
29 65 66
67 6 87
54 59 80
37 2 69
36 19 51
35 19 22
11 23 75
76 14 35
91 37 55
53 30 20
58 22 45
45 59 22
91 78 60
71 43 4
83 5 12
86 49 14
37 14 98
32 9 1
1 65 93
81 99 79
18 9 13
85 12 37
58 13 31
28 79 91
5 31 46
25 23 93
45 3 77
88 80 68
37 18 65
43 28 15
0 99 66
6 47 87
14 29 25
22 29 51
52 30 85
37 86 67
48 69 92
76 36 23
46 50 25
90 1 14
12 99 75
33 86 68
30 78 49
9 19 41
85 80 12
6 48 51
96 86 51
83 15 74
1 76 7
41 69 12
33 61 8
1 3 69
54 71 69
34 1 43
90 16 61
38 98 48
39 46 21
77 13 87
78 32 84
17 85 88
35 67 22
96 24 96
23 79 49
79 23 62
13 33 83
2 67 9
82 52 56
28 42 55
4 11 79
33 42 11
87 66 1
8 19 73
44 94 60
28 18 62
70 44 14
25 95 11
34 46 1
50 83 14
9 51 2
24 32 15
99 91 44
72 34 65
77 32 74
18 2 46
14 18 58
10 80 24
36 8 73
97 58 21
3 5 19
34 6 52
81 54 90
28 29 88
50 62 14
61 53 84
53 92 70
71 32 53
54 75 94
51 59 76
58 98 65
95 12 78
16 2 4
90 56 5
99 57 48
26 17 50
99 8 88
51 91 76
83 44 72
44 43 82
85 50 11
49 9 41
88 50 75
71 55 65
1 99 71
47 67 2
11 28 73
22 1 24
47 22 83
81 88 24
29 21 28
37 20 13
82 95 70
22 30 6
6 4 72
31 9 22
12 77 46
89 35 37
27 32 80
12 85 81
36 84 45
98 96 9
23 76 48
2 80 74
22 29 11
17 62 87
97 59 68
76 50 53
20 91 69
70 53 54
12 63 16
82 56 94
50 47 31
64 17 20
92 31 32
33 13 28
38 36 6
5 28 6
13 50 100
95 16 50
74 50 60
82 74 3
0 39 76
27 91 5
51 6 79
52 5 44
65 94 37
35 83 59
7 36 37
66 5 88
85 9 66
90 32 65
92 25 27
48 78 94
65 73 53
17 92 89
33 48 96
27 29 20
60 67 10
94 97 98
16 68 19
80 0 38
69 93 84
82 59 18
50 43 71
96 13 83
62 47 78
17 54 60
70 82 39
29 44 91
49 59 15
31 24 58
98 56 6
45 84 88
46 33 31
91 24 32
37 65 21
75 34 8
34 80 1
99 11 10
1 50 82
15 48 11
62 89 80
27 6 10
19 22 4
2 74 73
82 26 100
24 13 17
32 4 68
55 13 84
92 23 74
13 75 71
83 92 63
36 88 67
13 16 12
0 66 87
6 38 14
69 76 11
88 54 1
83 70 92
1 6 75
19 39 36
83 99 40
30 6 71
63 26 37
78 17 85
6 98 51
77 67 14
31 57 19
72 56 96
22 5 39
99 71 93
55 4 82
42 35 60
83 86 55
57 54 13
81 7 54
18 7 61
43 93 86
86 88 32
34 2 36
83 21 63
96 11 50
88 90 41
28 8 6
21 23 25
92 28 23
48 86 54
3 21 91
53 54 85
88 20 6
79 98 48
29 16 42
84 45 95
94 48 75
60 9 28
28 63 98
37 13 22
8 56 37
23 70 78
70 19 40
68 72 83
55 5 73
73 50 96
67 56 76
66 28 25
73 92 17
47 53 53
2 50 61
35 85 3
67 10 53
36 65 31
82 27 49
15 59 85
27 47 49
93 16 71
3 88 78
87 11 7
57 63 93
72 63 7
22 2 89
71 0 4
77 48 97
38 15 32
54 46 4
73 66 18
2 1 32
23 19 51
30 42 38
68 88 83
27 81 52
79 61 38
52 27 90
16 79 60
40 56 65
82 40 22
11 53 36
82 39 2
74 39 8
97 75 55
57 77 34
91 85 14
47 62 71
69 32 29
8 17 47
86 10 34
32 59 7
79 19 35
0 47 67
31 16 33
74 2 29
73 97 62
90 73 26
32 11 89
25 80 35
78 17 59
55 74 94
19 71 85
32 99 22
41 22 90
60 44 36
38 81 6
51 95 45
29 96 63
98 77 87
70 20 83
94 83 62
38 9 49
79 60 46
7 76 19
7 31 48
40 24 58
20 5 47
25 90 11
18 41 49
71 81 21
92 19 61
37 65 17
61 55 21
43 11 98
2 86 27
99 25 20
40 95 73
67 84 36
64 72 11
0 45 64
96 71 7
62 36 1
50 73 58
60 0 94
92 5 79
6 49 39
22 3 93
73 30 69
36 72 23
7 25 100
8 41 22
95 8 4
29 33 83
76 14 44
85 83 37
40 82 11
33 92 35
6 71 27
41 14 38
9 24 5
54 70 63
8 5 77
55 22 36
55 42 47
57 39 14
15 70 70
39 29 91
88 18 35
50 82 43
9 81 23
91 97 47
42 63 57
64 9 61
55 99 28
77 71 6
97 15 55
90 60 69
12 16 48
37 46 41
49 77 57
62 70 99
55 3 59
18 58 55
19 66 35
72 63 41
42 17 18
72 85 34
18 87 99
47 30 56
13 29 25
70 0 94
71 0 12
96 82 1
2 15 3
85 44 75
65 7 4
37 11 83
82 34 83
93 84 4
50 40 90
66 42 33
76 18 36
47 87 63
10 25 64
66 74 10
75 74 77
22 75 61
91 59 15
17 72 42
93 0 3
64 61 83
47 19 22
33 27 23
4 12 96
8 21 86
59 74 73
52 53 77
34 8 33
45 2 84
0 45 87
29 85 68
81 10 29
25 26 19
27 78 84
71 92 99
85 23 65
1 15 32
18 69 68
79 59 43
60 55 12
82 35 41
74 98 18
41 92 77
4 73 55
85 6 35
17 79 92
3 22 77
37 7 90
99 91 15
12 29 3
50 52 16
75 7 23
39 88 20
79 57 16
14 70 50
43 1 28
46 54 87
89 97 93
41 54 33
1 90 28
78 74 92
23 21 79
11 49 65
24 45 54
47 82 21
17 69 21
33 5 73
79 69 82
23 98 37
47 53 63
73 60 67
90 46 62
92 53 34
94 4 53
42 83 32
33 5 53
64 67 78
75 68 94
94 9 87
33 96 43
93 37 57
14 83 17
20 84 37
67 63 76
59 52 92
56 21 18
64 6 21
3 22 66
0 25 23
6 94 60
10 94 58
31 43 15
91 2 50
82 44 86
46 50 83
52 95 25
48 18 17
97 13 44
11 56 55
10 61 2
12 46 70
36 45 96
78 88 18
95 27 32
72 51 63
88 83 45
78 92 34
23 66 68
77 69 53
83 54 94
27 15 39
72 54 71
96 50 77
79 9 55
21 77 39
64 10 1
76 72 2
23 4 93
66 57 11
80 30 3
17 1 44
7 30 24
64 58 32
31 35 46
75 37 57
14 60 14
40 72 37
57 80 58
52 7 85
35 98 80
53 78 24
75 27 84
99 81 68
51 90 96
9 12 24
27 58 75
90 49 92
54 46 42
37 34 51
21 80 45
35 60 4
46 20 60
66 28 22
48 80 27
52 6 57
69 1 65
66 7 79
13 74 4
21 57 67
23 78 85
42 50 73
98 2 15
95 56 92
22 12 59
74 10 27
14 2 37
74 75 38
31 70 13
67 43 95
81 95 72
79 8 83
11 49 98
94 58 74
98 68 46
64 82 31
7 32 87
81 92 10
38 30 70
50 39 97
69 58 14
3 2 87
88 76 61
19 5 95
67 41 7
99 85 11
72 83 78
9 64 40
7 42 57
82 9 69
49 30 20
6 70 3
81 51 86
75 5 89
73 42 13
44 48 50
29 28 92
42 53 51
33 57 20
9 57 69
88 42 76
14 91 17
74 97 35
13 55 74
17 66 92
82 69 7
67 66 63
44 41 51
54 22 69
51 53 7
13 92 18
72 0 75
22 14 11
3 36 58
40 68 70
19 6 65
83 31 4
38 44 18
13 99 53
23 29 30
64 57 81
67 72 21
29 39 77
55 46 25
36 74 12
50 5 90
30 65 57
62 57 42
50 15 44
10 40 52
45 38 7
75 14 81
13 72 42
61 36 29
15 65 85
18 70 78
85 64 24
99 3 93
29 71 31
87 55 3
76 22 1
56 13 67
43 40 2
24 25 84
52 19 32
46 58 28
89 22 98
6 13 22
73 16 3
20 38 16
29 27 7
13 41 23
74 80 24
22 63 2
77 3 91
53 68 34
17 77 38
21 76 13
48 36 29
43 1 85
35 17 82
2 54 81
5 79 74
20 62 71
11 63 13
12 50 64
36 4 7
53 82 87
79 91 38
55 45 6
14 49 32
59 50 75
15 67 42
1 22 13
77 26 15
94 89 39
48 65 4
55 75 8
9 42 38
58 87 71
69 27 9
19 99 52
40 52 78
40 14 9
63 77 3
19 13 21
12 73 81
85 33 80
3 36 91
