10 16 78
41 4 14
53 50 51
2 74 81
3 19 83
46 51 95
4 54 58
89 48 3
5 57 79
1 22 48
26 89 12
24 7 7
77 16 18
6 1 24
41 51 42
49 91 86
40 96 12
86 56 38
85 47 30
35 4 79
39 95 75
5 73 34
24 78 24
17 68 31
3 35 70
50 90 98
50 3 74
14 35 27
51 3 69
60 65 51
11 84 90
71 40 78
82 49 62
96 44 50
36 67 33
43 37 94
34 26 65
34 82 70
29 22 72
27 44 24
79 39 93
48 73 4
60 21 61
27 32 77
95 15 95
1 47 51
36 15 58
53 92 65
31 11 68
47 95 28
94 76 58
81 35 26
17 46 40
37 88 5
94 7 58
61 33 29
5 19 37
52 16 10
47 83 52
66 18 94
59 57 3
77 36 41
12 4 92
13 65 33
42 32 89
1 36 83
80 62 18
76 33 71
11 92 9
68 21 44
82 7 38
83 85 21
68 64 85
74 7 10
4 97 100
84 91 68
99 24 5
54 65 5
41 80 60
48 51 21
92 72 66
32 13 38
36 40 34
61 93 24
73 35 100
75 69 28
65 83 36
9 30 61
96 24 50
60 84 55
52 59 37
91 15 50
30 98 18
70 88 69
16 80 76
80 27 55
42 50 82
54 40 74
8 53 16
75 48 41
87 32 64
43 23 67
86 82 48
3 18 21
31 86 29
79 20 97
14 99 86
23 48 40
26 49 25
65 52 96
34 91 25
98 43 11
75 3 3
68 58 75
73 31 73
37 30 17
45 14 14
38 50 65
73 42 9
80 44 5
37 99 9
50 34 62
18 53 3
92 41 63
48 99 4
70 54 95
37 73 55
27 40 87
42 96 62
96 47 32
73 90 98
39 49 72
11 25 76
68 58 24
94 28 30
97 24 64
97 98 70
48 10 39
15 72 16
58 43 12
6 42 64
22 92 96
2 16 49
89 37 96
2 54 35
38 72 10
12 8 78
99 59 81
42 20 59
68 51 9
39 77 71
44 62 38
75 87 71
28 76 82
42 45 12
43 67 82
10 90 4
66 67 20
46 6 95
4 57 59
85 64 59
94 27 58
30 39 21
15 6 41
33 62 61
84 59 78
5 96 72
81 77 14
13 8 84
36 33 76
0 22 21
52 91 49
44 6 96
60 89 80
16 59 72
60 40 59
56 19 11
15 58 15
30 48 10
96 45 69
80 92 40
3 63 44
22 53 3
15 9 68
20 75 56
57 40 91
6 63 89
15 61 28
4 3 95
5 90 79
56 37 20
24 9 52
67 85 1
69 77 12
63 30 4
11 0 71
18 93 51
13 33 45
39 7 93
83 80 91
44 81 90
36 33 52
40 27 66
89 13 7
40 83 52
35 13 5
29 3 22
28 4 55
6 98 51
47 3 61
82 24 36
91 0 5
31 28 51
6 10 50
75 54 89
66 71 23
95 16 91
7 86 60
48 32 40
88 54 84
97 82 87
35 51 96
3 41 2
31 52 80
89 8 45
88 53 10
53 65 56
40 94 91
69 60 87
68 69 9
74 60 47
18 6 23
97 84 1
47 34 2
98 1 70
86 8 5
46 55 16
14 43 41
81 25 95
65 25 14
10 97 27
69 77 25
80 42 24
28 67 76
51 82 13
57 49 32
30 35 9
93 30 40
61 49 97
79 52 27
75 94 17
7 35 59
99 19 14
19 3 51
39 20 85
89 70 96
90 27 59
92 27 59
94 38 40
57 78 33
40 28 75
82 77 3
92 60 36
24 65 2
96 34 57
98 60 84
40 51 22
58 33 84
46 63 92
47 52 10
83 84 87
58 63 83
43 34 74
62 66 43
20 72 47
84 67 55
52 27 43
32 59 89
34 64 19
48 65 61
56 6 49
92 81 26
31 18 90
51 36 53
85 94 44
25 0 12
26 20 50
20 91 51
17 42 73
43 64 85
39 56 51
93 39 87
44 36 2
56 97 98
82 64 72
35 4 75
18 0 37
67 79 98
60 44 22
60 66 81
19 68 14
42 94 25
45 52 61
31 85 87
88 44 34
75 65 55
96 59 66
7 16 51
42 99 20
20 28 1
22 62 15
52 42 73
55 76 7
69 93 1
12 81 69
83 44 86
18 65 3
54 39 89
76 0 38
32 40 7
2 23 98
96 69 19
86 9 4
34 27 60
30 83 44
51 61 24
67 46 16
78 69 75
71 45 87
82 57 47
54 91 24
48 14 93
23 4 77
53 32 65
71 74 17
44 34 91
88 35 79
49 35 20
20 83 51
61 90 89
17 67 87
49 51 65
25 27 5
96 93 93
13 77 19
75 66 51
88 1 32
51 30 51
80 2 25
21 6 6
70 50 48
84 38 52
98 26 65
69 92 14
90 45 83
85 54 13
55 51 85
79 12 63
51 6 33
45 77 13
31 64 48
51 81 5
60 89 11
18 33 83
77 88 32
86 34 48
6 31 46
97 72 49
57 90 71
66 97 96
97 12 3
67 88 47
10 77 14
14 33 17
23 90 8
62 72 51
74 28 2
91 86 3
43 39 15
91 27 20
45 81 56
78 31 4
16 99 8
5 40 39
79 24 90
10 34 55
44 27 14
48 68 92
36 44 80
34 96 21
16 6 61
32 18 79
73 13 57
55 12 79
70 2 55
11 69 42
86 49 52
4 47 81
70 24 53
10 35 71
31 89 32
11 62 93
58 17 70
68 44 11
24 68 10
52 92 37
8 4 48
91 33 78
33 3 26
21 70 20
75 44 94
11 92 66
15 89 100
21 2 61
67 59 10
49 87 51
29 67 6
2 32 81
14 81 79
2 98 28
26 52 100
50 49 57
77 92 95
11 5 64
96 53 63
71 37 36
70 42 9
36 10 9
83 35 83
50 3 20
84 6 5
60 99 15
24 30 25
74 81 54
64 31 81
24 73 22
46 4 21
49 37 53
44 17 87
49 82 4
71 88 25
16 12 58
16 86 37
65 37 69
2 96 90
22 45 49
0 37 55
37 36 37
1 54 23
34 23 23
97 12 23
44 22 37
2 61 45
96 77 72
29 0 100
48 3 47
64 41 75
77 10 50
10 37 100
2 93 32
36 74 59
33 93 77
49 0 11
9 69 11
69 66 65
54 98 34
58 45 69
40 19 7
18 71 20
22 23 21
85 63 31
81 23 35
87 70 99
20 35 74
86 98 64
65 70 30
16 90 51
73 5 85
33 15 51
22 53 15
66 49 31
38 5 23
96 27 18
64 29 50
7 9 4
10 32 26
62 58 86
4 75 53
44 45 67
25 74 8
26 36 68
0 19 90
41 66 4
48 18 74
1 55 65
37 28 21
58 72 66
40 1 80
17 76 86
47 10 88
10 38 82
78 51 55
8 64 87
81 25 50
70 2 8
37 39 65
93 99 86
88 31 25
76 63 42
43 58 96
83 86 35
75 37 88
37 81 4
62 56 84
79 74 43
50 47 17
12 55 56
82 39 14
7 18 3
12 54 84
65 36 44
65 81 50
57 10 51
47 22 29
63 59 49
7 2 86
88 67 97
70 37 72
35 5 15
41 94 46
27 86 71
86 74 11
45 9 23
49 97 28
21 13 16
42 24 57
88 19 40
6 13 5
51 45 87
34 99 10
22 3 47
46 52 31
14 69 13
91 41 80
54 86 75
89 7 77
87 45 11
61 36 44
43 67 2
92 66 72
19 11 86
46 11 10
63 94 50
71 48 12
79 88 67
91 71 51
65 61 14
11 52 95
2 71 69
85 27 88
59 17 99
6 66 35
4 14 24
96 55 69
31 40 100
55 92 39
16 9 36
41 50 93
45 58 79
29 75 64
29 88 5
62 44 32
38 23 87
13 54 5
62 47 23
4 88 19
89 87 20
21 42 100
83 33 66
2 64 63
72 4 68
22 65 61
72 22 42
36 90 34
17 76 41
64 33 50
45 92 69
95 98 61
74 12 20
82 41 70
83 81 55
6 18 6
59 66 16
90 68 43
39 80 63
82 33 29
48 36 36
89 57 93
97 90 89
16 41 33
28 31 13
88 35 4
81 97 66
29 80 61
69 65 78
85 76 75
10 75 28
76 31 18
73 33 79
0 98 12
23 33 3
92 35 44
29 32 57
78 11 33
36 23 14
0 68 29
36 98 60
36 54 12
18 88 4
35 91 14
40 1 78
98 68 86
51 89 10
23 76 23
3 99 4
19 21 57
65 17 21
44 0 98
95 58 27
55 20 1
74 64 54
61 96 78
49 77 44
11 62 71
7 49 87
64 30 94
14 38 81
4 71 61
10 87 46
53 47 3
71 86 52
81 0 5
21 82 97
84 68 36
42 18 20
69 42 66
17 94 89
12 93 9
31 12 16
74 5 99
63 8 29
81 67 24
78 55 48
38 2 30
30 13 75
37 4 10
98 79 16
37 99 81
44 29 6
71 2 85
98 77 11
36 0 50
10 49 20
61 40 79
52 44 93
73 94 58
46 90 75
97 17 41
30 17 70
96 52 64
76 75 55
23 89 7
21 53 10
40 14 83
66 53 46
97 30 52
30 53 7
47 23 78
22 57 31
63 16 25
68 49 33
29 47 51
78 19 19
2 84 66
24 14 16
43 45 8
93 27 62
57 86 65
31 55 77
50 60 71
57 69 46
64 75 48
82 52 75
74 8 89
70 74 42
13 61 34
37 7 10
60 25 78
31 2 49
17 95 54
69 22 81
92 52 59
68 37 83
87 93 88
1 66 73
20 21 29
26 54 69
92 17 45
44 17 58
20 62 34
40 7 1
68 69 18
44 52 33
35 73 62
0 55 89
9 37 64
59 21 61
83 30 60
22 13 76
74 69 95
59 91 3
68 35 64
84 10 31
89 47 98
69 53 6
5 89 17
93 23 86
10 2 80
79 48 44
0 53 11
53 49 90
93 2 65
40 82 26
50 80 4
72 99 12
52 77 87
77 88 31
96 93 95
68 66 29
71 77 19
4 79 19
13 51 58
8 67 54
3 73 99
32 23 32
20 7 61
93 77 3
5 82 19
8 49 2
53 40 36
3 25 35
16 49 97
98 87 92
44 66 38
98 44 54
12 81 95
65 83 80
6 42 88
57 69 30
11 31 88
80 57 19
70 8 22
4 41 86
69 28 58
53 1 78
28 36 81
66 67 81
27 52 27
81 85 69
96 58 78
21 65 43
28 81 78
10 31 53
93 24 26
74 20 37
21 71 89
43 80 78
37 25 23
17 56 2
23 6 70
49 89 24
30 68 58
21 54 4
56 82 63
63 79 82
47 52 88
26 59 13
43 95 15
84 67 85
77 88 60
16 6 52
45 89 3
29 80 47
40 69 83
92 20 11
53 10 81
53 90 40
2 43 27
79 47 50
46 59 1
70 99 74
24 88 33
27 10 27
32 47 34
82 19 81
13 58 70
61 5 20
1 71 84
42 5 51
12 95 21
60 22 78
84 58 77
87 98 66
9 45 99
76 44 32
13 97 17
79 3 98
72 94 100
48 6 4
43 3 34
32 19 90
18 43 78
75 0 91
91 3 49
60 74 59
36 23 32
90 26 84
0 63 23
29 61 61
86 93 50
39 22 87
49 45 73
67 31 24
5 91 84
93 66 23
39 81 11
20 26 94
69 52 9
83 3 18
36 29 60
41 91 58
75 34 65
83 37 22
42 14 76
55 10 92
39 80 19
56 51 29
32 69 90
73 87 88
7 66 66
41 5 6
24 18 1
3 18 26
88 78 86
46 5 79
53 33 69
77 91 80
13 52 71
73 49 55
8 90 14
23 26 95
66 51 74
69 16 8
27 6 2
13 53 9
65 3 48
51 4 50
33 60 46
60 53 16
69 87 17
38 71 43
89 62 24
87 10 48
13 28 62
17 25 43
66 6 27
15 44 46
24 44 62
16 95 24
40 74 22
5 2 12
0 33 42
64 82 8
54 47 86
63 13 57
88 86 76
24 27 3
40 55 32
39 15 82
91 47 28
94 6 72
36 46 52
25 70 4
54 85 55
38 90 13
68 10 33
7 49 30
18 20 100
85 18 70
34 55 6
86 74 7
8 6 32
98 50 62
25 77 97
72 62 85
62 22 74
91 96 40
60 42 10
65 70 84
55 66 36
73 4 2
97 36 59
77 74 53
71 87 21
45 7 13
69 40 19
66 95 56
65 74 32
90 25 49
75 18 82
15 18 65
42 7 70
3 76 100
43 48 56
33 81 100
15 46 37
2 62 49
32 94 82
94 51 19
15 90 85
52 73 8
74 75 99
46 33 40
3 55 80
5 26 5
87 22 98
73 47 1
70 84 73
88 11 78
52 93 38
51 0 39
25 14 93
99 3 65
20 96 71
26 61 41
72 36 31
0 17 98
49 71 43
90 85 30
76 78 42
12 40 40
95 85 54
60 43 1
90 10 77
90 29 99
70 56 90
81 94 37
41 27 24
41 74 34
33 29 40
42 3 4
44 2 98
11 44 19
77 53 25
88 0 26
25 22 71
70 49 99
55 46 56
73 24 35
2 19 51
80 5 45
2 29 17
3 78 62
62 51 89
86 35 83
89 97 14
54 9 90
60 28 30
14 83 94
21 37 62
26 50 47
89 52 70
42 18 76
59 68 21
19 0 73
40 75 86
34 82 44
62 9 67
23 1 53
0 75 99
95 69 7
48 75 72
82 65 76
21 6 91
66 13 3
30 75 12
68 54 77
67 52 22
56 38 8
54 96 19
81 51 64
20 73 97
23 96 67
1 52 53
99 61 18
94 21 95
18 0 10
90 71 70
37 44 57
42 44 88
34 62 30
51 30 20
93 74 63
95 57 76
72 81 93
47 63 19
23 60 82
22 90 12
68 7 40
41 9 65
85 19 87
3 27 60
55 11 32
99 44 62
14 53 68
2 63 61
66 57 33
43 21 4
50 36 46
89 45 14
24 97 80
79 8 51
89 94 40
42 83 59
97 33 59
99 86 21
57 13 66
44 1 49
42 14 8
89 51 69
19 55 65
57 2 1
52 90 38
9 30 46
85 18 91
96 55 67
49 51 31
68 11 47
77 46 20
94 79 8
6 39 46
32 62 34
9 87 3
83 90 77
35 36 38
5 40 48
54 23 48
13 55 87
7 20 51
73 45 88
52 18 51
32 80 79
83 54 39
2 18 13
19 66 32
14 94 4
24 30 80
33 44 85
36 85 1
98 92 68
69 58 87
88 6 35
86 34 68
23 47 86
14 64 58
76 41 94
86 37 58
38 96 79
6 37 14
91 53 73
68 82 80
58 60 87
63 10 84
13 67 42
49 65 81
21 3 54
76 58 92
53 89 94
98 39 14
69 57 63
85 49 54
69 99 10
94 90 73
49 83 50
46 52 57
3 23 32
72 76 28
88 98 1
8 30 61
51 5 68
20 13 65
50 51 2
37 0 97
78 33 26
69 99 41
59 88 32
27 78 38
49 5 54
60 71 46
6 67 96
29 1 68
44 30 26
32 13 58
39 50 64
34 9 79
66 0 93
30 38 62
83 90 6
28 3 33
52 4 92
79 31 88
25 48 35
28 40 59
30 11 30
5 66 37
85 41 83
16 33 42
70 12 6
74 56 87
19 22 54
82 31 80
26 73 37
77 29 23
70 26 69
71 52 32
65 75 23
64 9 31
27 0 10
17 96 55
37 16 53
66 0 71
37 13 37
32 38 14
28 11 41
23 97 37
10 82 87
29 95 62
40 75 90
1 93 36
41 94 98
74 76 62
11 88 59
66 90 54
6 48 80
71 44 51
40 72 97
9 64 26
4 0 87
91 13 60
63 94 52
5 71 77
65 41 73
69 33 26
59 62 31
38 66 55
68 27 20
85 57 45
42 0 78
74 76 19
57 46 37
35 62 33
12 22 9
56 5 61
18 24 49
88 72 96
13 74 56
85 63 26
43 39 71
96 59 44
85 0 35
83 6 46
10 11 92
28 93 41
89 14 38
36 1 52
29 28 29
24 58 70
31 18 89
50 54 78
61 59 55
5 8 93
11 77 29
10 73 39
4 71 16
78 79 41
41 19 17
39 95 7
88 67 68
49 81 63
20 18 24
1 26 50
7 83 7
78 15 57
89 87 13
93 5 58
95 37 82
63 27 19
38 83 58
42 88 47
38 34 36
59 38 15
59 4 99
31 58 25
27 89 53
17 34 65
50 54 2
43 8 14
32 92 11
24 69 8
42 25 43
81 35 49
61 25 66
37 58 81
5 12 42
94 74 23
66 73 71
21 45 18
91 3 61
25 57 61
77 34 65
54 87 6
11 94 9
92 61 51
27 70 71
37 39 72
2 92 33
33 97 24
96 48 6
43 99 78
68 59 85
66 91 98
39 86 62
93 95 9
27 1 14
65 52 9
67 72 29
21 84 80
30 39 90
44 43 8
97 9 36
54 74 25
22 98 16
18 80 85
19 60 63
64 43 51
69 76 66
88 57 27
97 14 52
14 56 89
44 17 78
87 10 57
92 96 55
92 67 39
80 27 28
82 90 30
99 48 85
58 11 49
5 91 61
56 71 84
30 65 42
23 44 54
26 74 34
69 94 98
82 27 6
47 39 4
24 41 52
98 13 22
59 16 92
36 81 6
46 30 43
31 85 87
22 34 42
99 33 33
3 99 50
44 59 52
87 54 93
24 43 51
35 77 70
95 36 94
80 99 53
88 16 70
53 30 64
58 24 65
56 72 26
4 24 94
38 83 73
16 33 95
65 71 37
59 35 43
83 22 89
28 1 29
85 32 61
7 54 82
56 64 76
67 82 31
31 98 79
32 85 30
88 23 16
22 43 79
71 41 21
15 38 15
5 19 44
67 11 54
41 95 4
83 37 31
73 30 55
19 3 26
51 81 73
15 45 41
70 24 64
57 55 75
31 80 85
56 36 71
59 42 70
39 22 75
76 24 5
0 89 30
83 28 16
30 49 8
18 87 93
6 53 60
28 88 27
6 95 85
21 56 92
38 66 15
92 22 100
39 80 79
14 88 70
26 27 46
43 63 72
12 91 55
14 25 93
76 31 68
45 41 51
1 91 97
21 82 22
62 92 24
38 92 73
48 36 2
23 54 60
73 78 12
4 51 48
4 92 78
26 55 2
69 44 59
61 34 85
17 2 2
3 36 11
82 74 50
7 43 94
80 55 80
98 72 35
33 48 100
29 84 89
47 64 20
63 95 16
38 94 2
15 35 28
73 19 45
32 92 39
58 42 29
57 58 40
91 10 14
1 28 94
29 56 10
33 76 20
99 62 2
72 96 59
1 21 36
39 9 3
35 34 42
57 81 3
98 84 16
9 45 8
37 96 70
54 88 35
3 83 20
7 60 29
62 54 69
65 1 31
52 3 55
32 75 21
78 63 42
87 17 36
37 49 2
52 73 39
26 95 69
62 28 24
8 64 49
94 81 25
20 83 28
8 38 77
16 49 86
8 18 34
49 19 57
81 61 67
51 26 11
46 81 82
42 7 79
51 82 62
12 99 14
79 89 12
39 52 88
23 71 35
96 80 39
75 51 77
52 94 21
52 85 53
87 31 81
97 88 4
60 28 25
75 88 5
48 6 10
28 13 11
60 41 32
37 9 26
98 54 61
84 10 90
86 8 23
61 16 47
57 35 89
66 3 60
82 96 20
15 19 65
6 39 61
13 87 53
65 72 45
2 28 29
54 58 30
30 2 11
93 21 15
99 21 57
62 20 6
0 18 77
89 97 74
22 26 23
52 66 47
1 7 62
39 53 50
77 51 63
78 7 59
96 53 87
60 24 85
53 6 93
42 6 20
34 47 87
0 47 68
93 73 3
56 74 11
32 46 69
8 77 28
3 85 22
32 58 28
28 67 100
24 47 78
10 2 56
52 63 85
1 30 87
65 77 79
17 18 30
57 89 31
38 88 68
44 21 46
46 50 52
56 5 66
91 49 99
94 49 56
3 16 13
63 14 40
86 23 25
29 48 87
94 59 58
34 59 50
28 78 51
15 62 67
12 72 43
48 20 39
99 9 72
78 24 34
35 78 60
79 52 25
41 70 46
67 15 26
86 18 50
74 34 90
31 58 25
64 37 1
51 22 38
89 38 88
60 71 7
94 40 52
55 43 8
68 57 75
52 16 69
10 53 75
53 8 49
44 27 56
52 82 3
75 33 58
31 26 9
0 4 51
72 53 7
95 51 59
57 68 79
91 29 32
62 61 5
7 20 12
14 21 80
51 90 39
75 46 5
82 8 88
44 52 31
13 29 17
66 96 58
5 28 84
35 45 63
49 88 81
33 20 34
40 81 78
31 69 73
94 96 70
92 90 4
20 44 77
72 62 66
40 78 42
40 87 79
6 36 48
47 3 47
38 1 16
87 68 87
90 53 43
48 9 3
38 82 23
2 14 92
1 8 49
29 33 22
27 77 15
62 89 96
29 56 21
86 35 10
28 80 29
32 78 74
82 50 61
85 46 74
73 31 27
14 64 96
46 12 98
56 90 21
34 9 69
92 98 76
36 39 97
57 15 20
28 35 59
46 22 44
4 43 91
33 79 76
21 43 10
88 2 55
94 81 28
81 31 59
91 68 18
11 56 93
16 13 30
30 64 94
82 85 94
38 1 43
95 45 18
47 32 13
10 88 44
61 51 43
67 53 73
81 36 59
28 98 60
45 52 47
15 16 100
50 13 1
57 97 7
71 91 44
63 25 54
28 31 74
14 97 24
43 45 95
64 98 10
42 47 93
88 44 90
45 13 65
91 42 65
41 72 75
43 5 22
80 10 57
95 28 74
49 32 96
98 72 54
46 42 98
4 30 53
54 65 49
65 57 88
76 44 65
25 52 11
47 59 36
6 34 84
79 47 81
41 56 95
30 15 84
95 11 68
76 85 87
43 16 67
97 46 63
38 50 50
77 43 82
37 43 18
24 20 42
56 44 56
68 6 64
2 64 18
3 0 33
19 3 8
17 56 86
92 8 2
49 55 68
2 4 38
48 31 22
76 83 57
37 25 94
91 5 3
97 83 36
10 35 26
61 68 77
24 37 65
26 19 44
57 16 72
12 38 31
11 9 1
19 44 49
48 8 27
51 75 32
45 56 31
92 73 65
72 0 1
93 43 20
46 90 29
75 73 67
85 75 66
37 40 12
89 20 87
86 77 87
7 73 12
57 5 42
98 54 39
8 28 18
27 4 24
10 45 63
21 92 66
11 97 41
73 92 97
97 41 89
12 88 51
40 30 38
46 70 55
52 90 80
44 7 83
56 18 95
93 8 85
45 46 30
2 71 43
28 44 79
49 15 61
47 97 31
50 91 61
85 72 94
22 46 3
12 78 15
88 37 37
51 79 52
37 14 95
65 19 83
81 76 56
81 57 88
16 78 45
25 42 46
0 47 9
72 43 66
73 70 50
67 13 11
77 81 25
90 35 64
35 25 24
89 90 5
87 59 16
49 87 10
70 50 47
18 24 15
34 63 70
73 53 11
40 74 20
28 93 38
27 25 71
63 77 81
45 99 76
27 75 57
57 38 5
2 74 33
63 44 41
27 13 53
0 69 35
52 41 70
39 56 38
13 85 73
24 51 3
39 84 48
19 26 64
83 68 98
72 30 73
28 61 15
16 63 78
97 52 57
34 60 21
25 9 44
74 43 88
89 30 65
65 31 31
62 60 65
80 17 5
77 65 88
86 60 54
68 67 44
17 80 93
53 69 86
21 60 73
18 95 24
61 14 72
24 36 29
92 83 3
35 60 34
69 33 48
63 72 25
61 99 37
56 19 74
53 46 41
41 84 84
22 45 22
62 76 46
48 99 32
42 77 100
59 31 35
37 99 97
17 60 1
26 67 96
43 97 9
95 54 85
25 7 19
94 81 79
47 38 24
47 45 3
92 45 3
58 81 32
0 63 46
74 34 60
27 94 72
18 66 4
80 87 69
25 76 12
61 75 95
96 93 74
81 83 27
26 11 75
85 36 42
4 82 60
83 58 56
73 53 28
35 76 26
10 77 84
8 44 98
66 81 86
33 21 66
8 84 85
53 91 81
0 13 47
90 64 47
15 0 83
24 91 96
81 78 16
76 9 91
21 49 62
40 7 5
22 59 96
79 12 74
78 47 67
89 22 17
91 3 20
90 44 20
89 27 23
2 64 85
88 98 83
5 54 9
6 98 90
37 34 1
75 87 87
97 35 71
20 40 59
47 21 54
49 95 67
57 67 62
20 21 32
8 30 99
35 45 5
90 73 22
18 71 18
7 59 31
6 84 83
35 89 94
24 97 70
22 7 69
0 4 26
11 59 43
71 38 67
3 85 95
89 6 90
93 41 83
21 84 39
29 39 93
65 15 17
41 43 85
80 53 47
78 86 5
69 86 25
21 55 39
66 14 32
0 85 31
47 2 39
40 54 2
21 87 25
32 8 30
10 57 69
46 80 21
56 13 97
14 85 83
40 66 88
82 80 91
82 92 26
19 83 88
22 74 99
98 50 100
5 36 27
2 0 8
65 70 82
38 1 83
52 62 58
70 41 57
9 68 90
90 89 65
72 34 65
20 48 10
97 83 59
59 61 95
56 2 31
31 52 98
64 31 71
85 53 4
37 15 86
12 95 84
81 80 41
30 41 58
84 59 77
73 4 18
90 20 78
93 78 20
75 38 84
25 66 9
6 27 3
80 29 6
56 94 99
12 26 34
23 68 97
60 90 93
62 60 56
53 86 34
33 80 75
89 30 88
27 87 47
94 37 58
63 46 16
83 48 37
19 57 53
70 31 100
46 36 8
15 18 37
43 51 88
15 38 95
85 24 54
75 92 14
45 1 86
15 45 53
15 54 37
34 9 58
32 33 1
60 92 49
52 68 38
1 59 31
33 75 7
95 55 5
4 79 32
76 78 59
56 4 43
56 23 66
79 9 73
34 37 37
13 29 75
9 19 99
18 87 91
17 89 28
15 74 36
87 77 49
43 63 38
90 77 10
51 75 19
9 6 70
95 16 69
68 51 20
64 22 63
28 41 48
47 40 77
91 72 13
41 68 78
69 55 23
55 40 79
2 28 93
99 2 14
27 95 36
24 64 49
10 51 55
33 21 22
34 21 10
8 62 41
33 77 79
10 58 98
81 89 32
76 66 31
54 72 19
47 72 96
65 92 70
75 76 93
22 76 94
15 63 92
22 58 76
78 25 80
36 59 27
24 74 80
43 31 4
24 84 25
88 14 7
7 11 4
23 52 1
11 65 30
26 65 69
67 66 13
46 13 89
20 28 20
67 71 72
31 8 5
42 82 52
48 76 62
4 22 23
43 89 75
74 3 22
49 51 76
90 35 90
45 8 86
1 34 86
25 14 14
70 45 56
21 36 75
81 71 30
6 26 28
73 57 69
66 64 40
76 70 31
7 54 99
70 85 94
24 46 7
88 34 12
63 52 98
24 54 96
89 41 57
55 1 99
72 31 7
59 93 7
48 43 41
32 93 34
97 75 8
80 45 58
9 90 34
97 70 73
25 72 86
0 16 54
86 51 8
73 23 58
26 37 22
31 77 14
57 97 53
25 79 71
29 46 84
60 53 52
17 44 54
17 6 14
25 19 88
63 24 42
7 16 52
36 4 20
68 30 60
45 75 61
69 41 41
90 23 76
64 18 67
74 27 42
48 72 80
63 75 16
42 78 52
73 74 36
92 52 18
25 58 49
5 22 9
66 30 49
17 88 4
57 61 28
36 68 94
40 82 42
58 35 38
31 48 38
94 24 33
42 1 66
38 15 50
56 9 71
36 97 2
88 2 26
84 71 11
54 21 19
81 52 15
55 6 49
72 56 85
80 69 90
50 87 29
65 4 84
44 63 41
16 67 91
0 11 26
18 60 1
85 66 53
66 69 48
39 70 78
9 47 72
87 21 22
29 66 61
90 29 6
51 15 86
20 52 19
25 8 38
61 65 53
92 5 86
56 31 22
88 59 26
96 58 79
67 46 35
22 65 71
63 19 98
17 77 16
87 11 85
75 98 16
50 86 8
61 83 80
32 28 28
20 36 96
27 25 50
89 76 53
87 72 69
56 21 64
75 64 19
36 92 17
91 25 51
68 44 79
42 94 93
41 62 35
37 51 19
73 1 87
23 18 13
89 70 47
3 11 49
36 3 93
81 76 80
18 17 33
62 40 100
36 57 63
33 88 42
80 41 35
46 13 32
38 97 94
40 34 29
90 23 74
23 52 92
35 10 25
92 20 99
35 46 39
58 48 70
67 96 76
27 48 81
67 9 100
13 63 62
47 82 74
36 37 26
91 61 90
32 38 63
80 0 10
95 84 52
76 97 83
21 92 65
87 92 99
25 94 2
35 87 60
95 30 37
40 79 15
69 41 22
24 20 31
15 57 95
46 81 65
45 97 86
86 83 43
20 83 63
89 70 33
96 14 60
95 97 59
84 65 94
82 18 42
0 72 26
95 68 35
94 22 81
36 78 75
66 2 92
8 6 45
84 22 56
51 26 28
7 57 99
71 43 39
79 45 90
95 21 99
25 64 37
56 8 86
7 43 60
16 12 60
25 51 53
79 63 3
29 86 26
53 64 10
99 49 14
57 90 25
78 31 35
69 60 11
55 81 66
51 41 17
20 60 9
34 19 9
98 19 43
52 36 3
65 60 100
38 19 37
69 62 64
49 39 36
60 76 81
35 34 63
19 37 74
75 61 98
96 25 87
47 11 33
38 52 46
92 13 29
61 79 1
37 17 43
48 29 35
90 44 10
35 96 11
68 9 88
91 99 1
74 36 70
90 34 79
38 61 66
86 16 24
33 15 44
56 36 89
99 37 14
81 87 6
42 91 23
68 11 5
86 3 37
36 33 92
84 64 78
67 62 12
85 78 13
66 79 21
24 58 53
93 94 80
76 61 12
88 86 96
95 34 28
71 30 75
11 90 70
64 52 71
37 82 32
79 21 79
35 22 37
32 85 50
3 52 47
52 73 98
11 27 82
15 74 9
17 34 8
79 52 9
82 66 84
80 25 48
85 1 32
31 64 68
91 21 94
52 82 99
87 0 92
20 65 92
20 61 87
1 19 16
29 36 46
78 75 98
36 27 45
81 59 98
12 2 23
2 70 48
27 26 99
28 40 84
93 44 54
1 61 38
90 38 62
6 34 49
82 53 95
86 27 35
73 28 16
81 93 36
0 56 35
14 66 6
80 79 8
3 48 2
78 84 65
43 30 81
0 42 45
48 32 94
65 14 15
34 22 57
86 88 4
68 55 93
87 0 95
45 34 40
1 90 94
0 45 19
98 76 55
36 10 7
35 50 48
9 2 86
51 76 3
62 66 70
6 56 44
34 64 19
30 69 59
53 43 54
99 69 55
29 98 57
52 24 29
19 25 96
56 72 52
3 56 6
95 44 55
87 56 72
77 56 18
28 10 8
16 71 72
93 74 77
23 98 70
75 29 24
41 79 84
74 22 24
11 44 44
33 77 3
58 79 71
23 32 98
14 75 37
37 90 5
30 76 14
51 9 58
61 38 56
83 21 2
18 88 27
43 2 9
71 42 65
49 50 56
6 92 27
57 17 91
14 65 41
7 84 96
72 19 21
52 19 48
44 63 27
10 45 88
91 36 49
2 81 10
30 73 77
71 2 61
88 2 39
17 94 46
52 61 79
90 87 99
92 52 66
85 78 74
1 71 84
22 84 65
30 79 66
91 42 80
41 53 23
9 47 36
92 95 34
78 87 69
5 55 32
65 88 19
27 41 15
64 13 70
7 38 77
3 52 9
83 35 98
92 34 36
79 23 44
8 51 7
12 55 84
95 56 80
17 88 16
46 26 29
6 42 65
69 28 38
17 49 89
96 64 82
16 25 39
37 11 18
49 97 40
57 8 71
26 78 33
13 80 77
55 57 47
92 89 70
49 57 28
91 72 90
72 92 21
93 82 38
56 6 2
83 54 65
29 65 83
69 9 43
28 55 26
34 76 53
0 73 83
39 87 20
20 63 64
76 30 9
66 64 50
74 65 60
16 2 98
55 71 69
8 98 62
7 3 45
45 73 100
94 53 80
4 33 21
45 66 43
59 82 32
85 79 23
3 27 94
81 88 81
22 89 14
83 26 61
41 22 98
56 32 69
18 9 96
47 64 86
38 62 42
43 31 54
50 9 42
45 81 32
35 73 48
37 79 56
99 15 53
40 99 49
72 7 40
97 15 52
39 47 10
92 74 16
50 39 62
75 28 82
97 14 66
1 62 67
88 47 58
18 95 47
56 98 16
31 25 88
64 92 95
32 56 48
69 35 32
98 73 59
12 29 60
69 75 9
26 72 63
39 78 51
99 21 77
86 25 44
85 31 76
30 48 60
10 56 75
65 22 30
65 59 94
79 85 8
4 87 45
58 35 84
28 12 96
51 78 88
18 69 91
5 87 83
58 73 10
95 61 15
83 73 27
53 47 85
66 90 89
84 91 2
25 54 91
30 87 36
15 81 79
11 12 75
85 51 93
58 32 45
7 35 45
88 84 6
94 52 79
5 72 38
4 16 22
66 4 10
28 58 80
33 73 18
71 28 29
65 57 82
54 55 63
78 30 10
71 30 62
71 21 1
79 54 96
32 79 30
18 2 82
98 65 84
90 97 96
36 52 17
35 91 82
31 80 46
51 77 75
6 10 73
16 22 83
69 27 30
7 47 57
71 46 39
86 46 40
5 57 56
10 37 28
47 19 86
72 22 95
98 29 74
51 9 58
1 92 41
57 49 94
58 18 95
20 90 83
19 6 99
3 11 26
23 92 50
58 13 35
31 20 39
94 52 71
36 70 37
5 78 58
67 96 45
85 25 20
91 76 58
85 20 28
33 38 11
52 6 45
15 46 99
48 92 64
38 41 54
62 91 43
56 94 58
30 58 73
14 26 65
45 1 67
87 84 31
80 51 57
2 90 12
80 1 59
17 13 73
65 42 34
30 66 57
77 55 87
4 51 52
61 45 66
82 30 7
30 84 20
25 31 37
80 60 14
78 99 29
51 74 31
33 91 66
58 12 87
58 23 87
86 38 85
22 87 18
77 63 78
61 40 57
6 89 35
87 56 12
71 81 79
7 96 44
12 4 26
64 45 35
98 71 62
94 52 49
76 77 92
64 14 40
2 80 98
45 52 93
68 79 89
64 6 24
19 60 58
87 43 19
89 78 85
61 32 59
69 2 36
19 96 11
83 44 83
50 15 35
53 82 36
89 44 11
98 67 24
48 44 3
9 76 39
46 7 83
80 8 87
0 1 71
0 96 35
54 31 90
73 99 24
31 12 64
43 74 16
63 88 39
63 65 75
13 78 65
20 18 25
15 7 28
58 31 27
8 90 60
25 53 16
14 89 10
8 52 81
56 81 27
22 0 14
96 63 82
31 5 28
51 91 95
25 70 43
37 84 57
15 6 98
71 68 44
98 97 62
27 51 1
35 93 93
44 10 96
47 93 78
31 52 4
11 19 72
9 40 26
81 69 22
30 79 6
41 39 96
11 17 39
49 51 95
71 12 8
86 83 3
4 9 31
31 95 37
37 13 57
5 27 61
14 68 30
85 81 90
42 93 71
58 84 94
28 66 86
64 16 7
18 9 67
83 93 8
39 4 49
80 36 49
98 50 82
93 74 38
43 26 56
18 28 15
9 52 84
30 54 94
37 12 46
44 28 16
37 70 100
40 96 64
16 7 91
75 76 43
9 91 87
86 34 84
75 28 26
41 25 100
51 35 5
2 80 66
53 72 35
75 67 34
5 51 1
79 60 85
8 29 38
62 41 58
48 32 32
21 4 9
41 93 24
3 30 80
84 34 90
47 26 46
50 94 32
51 9 48
96 35 26
57 68 79
11 21 98
89 6 100
26 10 76
91 83 19
46 31 72
43 68 89
48 9 22
51 30 84
45 61 6
49 19 47
9 56 54
11 16 94
75 55 64
78 60 83
99 11 23
38 55 80
66 22 17
84 40 15
56 6 99
76 73 14
85 48 4
49 42 23
94 93 75
35 93 95
30 74 98
80 8 63
74 45 87
4 24 95
9 91 43
84 13 25
21 4 45
85 11 35
76 54 72
37 23 19
34 91 55
32 68 22
86 45 22
14 83 92
98 5 27
81 51 6
39 70 1
88 61 77
21 20 95
5 67 8
50 0 78
3 19 43
84 97 99
61 83 51
39 63 11
7 96 73
53 67 85
29 73 86
18 5 18
64 52 47
52 10 68
25 59 81
89 8 69
60 62 1
17 54 92
63 40 6
90 64 61
58 27 51
42 50 78
52 93 22
93 98 45
84 94 42
99 52 36
85 41 90
45 80 43
17 6 48
51 79 37
29 75 73
29 64 54
53 73 46
20 27 19
32 60 68
36 44 35
46 22 70
20 53 16
79 70 56
18 24 2
40 58 24
70 67 15
72 24 13
82 8 68
47 18 30
80 72 4
47 7 76
85 61 60
60 13 64
86 97 77
2 85 22
88 15 55
2 77 50
77 56 6
85 20 80
50 20 37
62 53 37
74 1 90
1 95 23
13 19 58
22 87 5
2 43 23
7 26 86
75 52 86
16 96 21
62 65 79
22 60 76
45 20 21
42 82 33
48 15 90
30 43 19
93 79 75
95 49 97
35 93 33
5 92 63
97 13 7
41 10 76
76 93 68
76 80 95
28 31 11
70 87 75
53 10 96
6 75 25
67 99 49
41 15 76
74 84 32
77 79 78
9 46 25
21 91 95
23 35 31
69 1 89
45 86 76
8 76 75
54 32 99
18 41 46
5 82 48
67 74 71
62 39 84
11 44 12
42 67 53
55 45 40
61 89 75
74 20 71
6 58 92
97 61 59
19 13 19
95 50 8
30 81 91
6 66 4
47 86 95
68 8 78
76 64 7
1 27 30
84 76 43
95 78 2
92 44 98
2 61 15
81 87 28
90 39 36
56 10 80
64 29 36
25 77 57
77 71 64
82 97 28
88 39 73
39 16 8
94 19 28
23 82 3
65 22 91
46 80 15
63 38 36
86 94 27
28 73 66
26 80 29
37 18 13
78 62 83
60 79 27
42 4 65
8 11 92
33 15 43
31 71 28
29 84 46
71 44 18
18 5 62
40 2 6
53 75 100
29 23 20
19 82 91
54 59 84
22 42 79
91 88 49
28 69 62
19 82 77
73 96 98
61 53 32
15 9 68
98 89 61
61 62 19
48 82 53
41 32 54
69 16 53
15 81 78
34 96 48
97 87 30
14 91 49
14 21 56
93 0 100
37 91 67
97 46 55
42 34 39
54 46 75
39 15 68
48 61 46
43 93 8
38 63 10
43 38 2
33 22 14
88 80 12
3 60 13
22 54 71
72 17 39
30 87 36
21 1 13
65 67 87
41 11 92
35 12 4
84 20 97
28 53 61
53 98 89
33 6 19
99 43 56
19 39 62
41 56 89
37 38 26
91 73 92
76 8 71
40 24 3
32 82 95
65 68 49
23 21 76
5 47 69
37 58 52
58 67 33
19 38 14
68 88 83
27 3 65
76 79 56
37 95 21
63 94 42
59 3 71
38 63 64
95 23 64
45 71 35
67 32 92
74 3 85
83 47 39
12 38 3
47 63 24
96 38 67
66 49 90
41 86 53
13 16 4
97 73 85
56 87 89
84 83 20
10 82 24
52 64 40
4 29 84
14 80 30
97 21 18
39 34 97
7 69 87
89 31 65
25 65 84
58 69 71
43 40 77
44 73 52
77 37 30
41 4 30
51 28 95
83 17 53
99 32 47
75 43 27
45 99 54
12 11 12
41 61 79
24 42 63
37 95 47
33 4 53
9 11 94
29 21 50
32 27 50
70 35 66
95 56 39
81 18 76
8 46 70
48 62 46
48 38 52
36 76 5
81 14 71
37 94 25
45 86 25
94 76 31
41 54 5
0 70 39
10 87 96
81 43 91
7 47 34
88 54 95
33 21 49
6 63 49
96 1 37
10 31 26
77 31 97
66 82 66
74 43 95
60 25 74
49 10 10
39 22 17
16 98 65
30 14 6
57 30 17
78 51 59
90 59 32
92 18 80
35 99 24
8 23 77
94 47 6
0 37 69
95 24 47
56 98 79
99 22 17
99 96 70
5 62 69
32 43 63
65 91 46
14 8 23
92 16 23
48 6 24
10 70 96
17 32 73
45 41 78
41 55 37
61 50 35
3 70 29
97 77 60
27 43 11
37 76 16
66 29 8
40 29 62
6 11 90
97 77 15
99 79 55
47 72 96
75 82 44
67 16 53
52 30 60
25 87 20
22 13 59
39 74 28
73 77 31
34 0 28
60 14 49
6 98 52
40 5 43
18 96 92
19 97 88
43 30 96
33 94 1
89 3 37
27 52 12
15 41 3
41 81 50
68 28 49
56 37 57
5 32 73
60 99 74
67 19 67
18 42 17
60 7 65
62 36 45
81 3 99
92 72 14
38 32 93
11 77 41
95 7 15
41 74 82
90 26 92
47 55 18
8 80 68
66 10 31
34 45 89
89 94 81
19 63 13
97 18 83
71 7 78
93 99 74
79 1 61
55 49 38
42 28 32
97 27 78
22 0 45
52 40 62
16 6 30
56 89 96
2 63 46
44 92 100
38 87 11
22 58 84
45 50 40
31 26 92
99 12 54
67 20 20
9 75 64
54 51 36
18 91 2
83 40 44
12 93 98
56 58 11
60 66 11
16 74 38
1 94 56
12 91 53
31 39 88
99 79 43
8 85 48
29 17 51
14 96 82
98 57 77
8 3 13
37 61 28
70 36 5
95 12 93
43 35 58
0 22 54
97 56 7
38 8 14
64 56 68
20 66 28
38 87 54
23 53 60
81 58 50
82 4 13
81 32 56
6 35 87
79 37 14
39 2 2
33 46 66
42 46 11
36 59 77
45 26 49
20 76 24
26 69 13
7 98 56
69 36 65
87 64 34
48 73 16
87 2 79
98 52 91
39 22 19
66 51 6
66 17 16
53 75 67
47 1 60
89 49 59
1 95 46
83 71 89
80 29 56
22 91 100
57 37 52
37 69 51
19 60 62
49 94 89
53 11 57
19 23 75
39 51 29
83 3 100
79 10 72
64 47 50
8 9 58
56 73 91
5 53 93
78 63 67
11 19 41
68 58 5
51 46 94
49 25 17
96 5 3
84 20 43
54 24 11
62 1 30
49 30 36
10 15 37
15 45 7
81 6 83
89 31 71
65 26 14
9 80 19
27 13 4
81 49 94
77 24 91
94 56 7
59 57 41
62 80 77
77 11 52
0 60 11
79 61 2
20 64 91
18 64 59
13 14 41
64 47 50
5 60 50
81 98 10
34 96 9
32 9 98
48 83 80
63 54 48
30 89 60
22 5 77
19 87 4
84 44 83
24 97 72
0 7 26
8 99 28
24 69 95
58 17 77
77 18 18
94 32 8
81 53 91
17 32 84
57 52 7
37 52 24
98 74 91
53 35 57
66 83 94
5 96 91
15 80 17
54 93 12
13 66 59
4 97 100
35 80 57
82 38 37
54 81 11
48 14 31
24 90 39
31 28 61
65 79 23
70 57 96
90 50 15
81 11 4
99 6 82
89 4 84
68 60 29
17 2 24
33 57 67
47 22 76
95 41 58
72 51 89
32 28 91
30 63 63
9 27 16
75 70 36
81 77 48
21 41 9
74 80 95
36 64 91
51 70 44
29 25 34
28 82 85
1 55 15
32 83 12
14 42 66
82 11 8
26 71 32
89 77 66
59 36 6
55 28 2
80 40 69
51 78 94
66 46 45
95 41 50
30 37 95
75 1 38
46 31 1
72 39 35
49 5 65
45 86 7
71 4 96
62 30 38
55 65 79
14 94 81
40 11 39
28 99 81
10 63 28
47 25 53
40 50 80
73 26 9
82 42 86
95 28 89
22 17 38
84 5 68
41 79 24
69 19 12
67 59 50
80 56 18
39 36 51
77 36 37
54 2 18
49 77 47
41 40 75
73 6 47
7 74 14
28 65 3
8 3 97
68 74 44
98 20 53
70 10 94
64 96 5
37 66 43
92 39 43
72 48 49
59 45 14
47 13 36
52 24 56
67 21 89
63 2 86
44 43 22
50 52 11
19 24 4
99 30 2
20 38 23
36 51 81
30 62 42
90 64 59
71 43 76
95 39 88
71 49 27
39 38 53
86 62 71
25 46 48
44 24 50
2 48 45
0 57 80
26 33 72
54 80 26
36 0 9
5 88 77
62 68 47
64 48 13
17 30 86
4 22 90
57 28 10
32 90 22
59 95 63
23 85 20
93 79 23
25 2 82
19 83 16
4 63 56
17 18 8
25 54 89
96 88 54
71 52 17
60 36 1
59 57 39
19 29 4
18 29 36
9 12 64
33 37 10
22 44 95
56 31 33
69 95 10
97 66 59
42 65 68
31 81 19
43 71 3
30 40 54
73 65 100
89 24 55
64 31 48
67 14 82
41 39 66
39 21 86
35 86 93
99 66 50
99 9 77
77 9 77
65 20 99
44 14 78
31 62 48
38 25 95
46 98 56
1 76 14
28 51 22
87 34 11
84 2 41
30 61 91
61 28 59
87 40 35
85 68 53
97 12 35
30 15 93
27 58 93
56 2 7
36 18 2
99 42 33
31 1 69
89 8 91
47 66 32
30 48 98
10 11 50
71 29 67
67 51 21
83 26 94
51 63 90
27 79 67
19 62 28
76 52 4
95 3 64
85 79 82
0 9 31
31 63 15
90 78 92
39 25 98
2 30 84
12 22 67
3 12 14
77 88 46
42 88 73
33 47 26
84 86 41
20 23 68
58 22 54
67 61 71
73 80 36
65 66 89
42 46 92
34 66 84
34 76 77
59 26 17
39 49 99
78 56 70
2 53 14
91 30 43
84 57 47
34 91 11
60 6 13
38 66 54
72 51 16
21 52 66
54 3 66
41 99 58
94 42 88
10 73 54
98 4 29
91 32 45
74 73 96
48 3 61
70 39 5
89 73 42
18 12 95
38 77 34
32 77 77
20 95 4
44 38 73
70 19 75
42 3 60
62 38 43
84 26 44
52 75 15
87 89 79
16 84 39
1 27 79
54 14 49
94 28 9
81 67 53
69 47 37
60 47 74
55 71 84
0 34 97
98 88 25
20 71 81
11 17 42
9 76 9
70 21 97
55 34 92
55 20 68
87 90 19
29 31 72
26 65 74
93 94 28
30 81 51
50 17 17
56 82 93
83 41 89
91 37 100
52 10 2
98 8 98
92 26 90
28 53 88
13 46 34
20 52 92
65 52 20
50 52 51
14 84 91
71 98 88
5 99 21
87 88 69
9 30 91
76 31 46
6 51 14
14 89 89
16 81 25
72 10 25
9 25 60
6 37 98
70 41 61
72 37 15
93 44 23
26 64 29
40 88 38
12 22 55
91 67 72
35 23 89
6 58 89
11 8 57
85 64 25
48 78 79
51 88 16
17 7 69
37 58 63
95 15 57
35 89 7
16 53 54
49 16 64
81 37 90
57 12 26
67 38 13
94 12 8
15 18 5
63 56 84
85 71 21
6 39 26
36 17 26
34 59 68
22 19 37
48 43 31
60 94 39
50 74 39
59 71 61
19 51 63
48 64 19
14 76 62
36 28 64
30 56 16
56 64 97
36 24 2
72 64 3
27 97 61
82 96 73
65 84 30
84 82 66
89 83 13
5 38 17
37 47 91
71 86 89
93 11 69
76 74 6
56 24 62
45 91 67
12 71 2
1 39 18
25 90 91
62 42 62
96 48 75
74 99 50
76 22 100
77 8 28
23 36 99
16 1 11
58 66 52
68 86 63
12 24 21
64 31 21
58 75 22
35 89 92
35 22 24
57 13 4
27 60 6
60 80 78
0 10 26
85 72 11
84 95 31
9 57 98
55 13 71
69 98 32
17 1 38
76 94 89
33 25 12
52 47 51
71 37 50
12 87 21
63 77 69
5 12 46
58 95 34
4 0 94
24 3 95
94 65 27
72 63 87
67 46 78
29 0 91
98 33 8
32 64 67
23 77 22
46 63 99
83 84 68
85 7 32
39 36 79
72 56 67
96 1 91
6 25 1
0 69 60
68 64 81
25 18 71
0 9 88
80 59 41
30 5 53
36 34 35
15 9 88
18 82 42
66 18 1
85 26 70
1 84 54
82 55 39
0 20 49
47 44 69
8 44 35
17 46 24
58 69 75
74 5 45
11 9 77
82 96 38
13 91 78
62 29 59
72 53 84
64 77 100
5 54 77
1 17 90
2 20 48
67 15 59
34 78 43
60 76 28
66 48 53
61 34 8
7 20 2
16 11 94
64 83 90
94 33 89
93 28 1
96 76 58
1 89 43
37 85 8
38 48 27
56 59 98
31 61 45
63 9 45
76 9 5
41 81 90
1 5 81
14 61 82
34 90 100
67 89 92
4 49 2
6 48 80
50 96 69
20 11 60
60 35 12
42 96 50
2 61 44
20 18 9
41 53 52
46 20 8
41 34 63
30 36 61
34 41 21
58 47 44
17 92 43
62 70 70
20 32 11
17 95 96
46 37 65
16 7 40
3 73 100
43 7 86
19 85 17
97 47 73
70 48 2
92 0 100
16 10 87
23 45 47
82 80 50
61 52 73
31 44 10
38 10 37
75 77 91
93 95 85
31 3 54
96 70 93
59 80 25
92 25 78
42 78 2
0 51 97
59 53 99
38 61 93
48 66 72
78 2 18
52 0 7
16 10 29
18 31 24
30 35 82
88 18 58
67 85 9
65 88 59
41 89 67
5 58 28
64 74 27
6 27 5
46 94 17
83 80 76
36 75 59
24 55 18
92 65 95
64 28 65
48 68 12
81 25 56
25 70 31
76 39 88
97 84 42
65 20 16
98 18 2
85 8 59
49 39 6
49 96 11
67 41 39
35 25 99
90 76 68
77 87 23
5 98 76
72 57 27
37 57 2
69 27 36
51 33 23
72 76 2
27 30 86
25 26 75
15 63 71
5 33 31
95 3 12
55 40 42
50 2 14
10 54 52
82 39 18
2 11 30
54 24 21
56 94 29
84 26 33
62 61 37
72 75 55
45 29 75
69 65 29
64 98 67
4 87 95
3 5 62
86 22 15
95 26 69
50 37 73
26 96 35
42 79 35
40 85 94
84 75 79
46 19 86
27 93 13
79 87 58
87 20 70
22 89 76
14 86 87
56 39 45
36 6 96
5 49 45
15 47 49
94 3 96
47 7 10
42 17 14
12 96 80
97 87 23
98 58 58
35 56 6
48 13 45
83 22 3
96 95 29
18 68 43
72 60 65
97 43 22
72 11 19
33 98 97
69 5 19
29 24 22
53 77 97
8 63 83
12 34 79
94 61 60
76 89 69
93 46 9
45 60 94
87 33 35
14 56 2
24 0 89
26 54 42
76 90 92
82 69 30
42 89 13
73 1 83
81 64 88
42 35 40
17 19 59
52 88 49
97 82 32
17 11 59
1 77 78
78 19 29
5 0 13
95 66 25
73 71 93
16 8 35
63 18 49
74 28 74
32 40 73
48 14 70
58 91 59
63 88 81
51 58 83
55 86 67
43 3 32
78 0 80
58 47 28
13 87 60
85 18 2
34 64 41
92 15 18
10 49 77
98 68 42
95 64 77
75 97 60
64 54 37
62 23 69
38 3 93
24 26 2
4 19 19
10 17 10
15 67 72
83 57 39
67 22 69
34 60 88
92 3 54
63 8 8
62 29 58
16 59 56
98 11 56
42 89 94
15 43 47
50 77 7
80 4 85
9 96 35
70 38 51
42 58 56
5 65 5
62 21 80
70 75 98
58 34 78
29 10 13
76 21 91
40 34 54
16 72 64
76 85 2
45 69 16
12 48 1
30 43 8
15 75 55
29 19 29
31 79 64
45 16 16
56 80 29
28 81 85
47 64 53
90 32 20
16 65 38
74 66 89
53 81 80
46 27 38
96 34 29
22 33 46
35 41 65
34 68 87
97 64 71
38 39 64
91 16 47
28 22 7
77 83 2
59 60 53
13 75 59
34 30 44
24 73 85
83 86 55
60 42 56
77 57 71
5 35 15
5 12 75
72 52 52
26 90 59
97 53 78
25 41 20
31 5 74
77 55 30
17 64 15
65 60 20
23 94 14
94 21 14
8 97 68
47 33 86
35 17 91
65 50 78
52 13 38
44 51 29
94 68 75
1 44 46
67 42 65
83 13 21
16 73 41
62 46 34
6 28 15
93 59 12
49 20 17
92 34 18
54 71 79
53 89 16
21 61 13
33 85 58
99 81 72
4 68 9
45 0 41
47 5 34
41 96 30
2 61 90
12 79 87
18 82 100
6 20 1
11 71 21
18 76 25
62 34 99
26 96 74
85 69 23
98 49 16
96 83 80
59 38 6
7 44 53
80 25 30
27 23 60
45 81 51
4 76 74
17 20 89
90 22 86
30 2 49
10 37 79
50 74 91
9 39 77
55 98 93
39 53 37
37 85 70
58 45 50
50 32 61
85 13 30
95 58 12
97 6 92
64 47 48
93 29 42
56 99 96
24 87 77
83 20 34
2 3 4
68 22 40
78 15 95
73 70 74
61 3 22
90 17 48
62 54 56
53 50 87
58 25 78
0 74 56
1 61 74
7 70 4
53 11 12
74 90 22
81 19 59
96 1 80
63 90 77
6 47 3
40 3 97
7 54 73
99 57 86
4 47 35
21 13 33
22 7 2
26 88 14
41 76 33
41 49 90
89 65 60
31 28 96
26 70 25
87 7 5
49 70 39
7 40 24
73 60 64
9 61 19
51 57 86
96 50 33
92 17 54
2 5 99
76 3 35
5 27 93
5 82 35
51 18 28
37 20 75
56 17 53
55 36 55
69 4 37
62 24 28
81 39 48
10 38 30
33 68 25
51 87 19
33 80 28
51 48 63
33 72 48
3 96 54
44 41 49
23 99 54
7 5 37
5 22 55
72 42 4
75 47 42
87 2 17
30 98 45
35 30 12
13 68 8
90 1 96
82 59 15
96 6 76
14 31 57
57 27 29
81 67 78
86 10 1
65 47 13
12 2 51
37 91 83
92 94 59
8 43 24
7 17 86
21 48 47
29 5 12
76 49 11
73 71 70
93 5 14
43 93 5
27 61 54
92 41 52
5 66 4
21 81 98
48 90 66
32 71 71
8 48 80
79 53 9
83 55 60
78 59 27
13 99 6
20 0 31
8 93 2
53 5 10
31 69 8
23 51 67
29 53 5
96 30 40
50 45 69
30 7 71
75 31 45
52 10 85
38 25 94
67 36 97
6 35 23
79 13 53
29 76 87
20 70 76
2 99 82
30 54 32
26 63 50
30 46 72
70 73 13
60 45 88
84 70 79
34 82 68
15 62 69
66 4 17
25 24 87
25 58 59
46 41 96
7 29 96
59 13 44
11 18 62
19 27 100
96 10 32
22 89 94
96 28 77
31 28 55
45 88 33
21 11 48
74 67 73
18 10 8
73 27 98
95 42 42
42 59 86
57 21 64
13 99 22
33 67 86
98 77 13
66 20 67
1 69 64
69 16 82
24 26 45
41 72 88
48 33 13
22 69 80
6 52 60
77 48 24
10 0 3
8 46 14
93 61 65
49 28 63
32 34 60
60 45 59
72 88 5
92 18 31
81 69 52
85 10 39
10 46 31
79 70 95
91 73 41
58 5 46
64 70 53
49 1 35
28 76 9
39 96 31
94 9 61
54 19 92
20 99 5
19 94 23
48 37 77
18 79 86
8 51 72
39 88 50
9 86 47
65 1 83
85 14 11
29 23 95
44 70 36
88 39 89
95 14 41
65 63 60
60 38 80
35 11 97
24 64 44
85 26 98
82 5 44
70 72 74
5 10 20
81 13 54
29 2 77
78 8 76
80 50 99
1 81 4
38 79 85
20 11 5
93 38 97
35 50 37
66 77 51
40 3 38
20 97 25
54 21 55
50 71 66
33 57 16
71 25 74
96 87 46
2 73 35
2 91 82
49 77 16
12 55 95
33 57 6
13 75 99
39 74 71
28 57 97
57 26 96
0 43 98
87 25 63
49 90 37
79 27 47
52 71 37
31 76 90
22 60 90
18 71 18
87 50 63
20 53 91
87 89 74
69 91 71
86 81 62
28 36 4
79 52 96
79 72 23
60 19 81
69 21 10
26 68 97
0 14 22
70 60 40
23 82 20
24 42 15
54 63 9
87 35 97
42 88 30
8 73 81
6 70 73
49 37 62
91 25 5
84 22 57
28 72 25
93 4 29
53 90 14
77 83 37
49 32 11
60 71 89
16 75 23
84 36 17
78 42 100
12 91 86
15 25 48
17 30 87
78 84 50
30 89 37
91 99 24
66 27 73
12 66 99
41 47 76
31 16 72
6 17 19
84 47 32
87 49 57
39 94 28
7 82 46
29 91 98
74 78 48
88 31 8
83 13 95
96 38 81
58 6 88
70 48 52
98 64 86
90 99 3
10 76 60
3 77 46
85 49 70
49 75 100
8 68 75
6 26 82
68 22 72
70 45 99
28 65 47
66 58 15
23 72 50
32 94 74
65 51 10
27 80 69
17 71 97
37 14 100
23 11 37
74 48 41
51 11 96
23 55 90
26 60 91
20 60 47
56 78 93
23 90 21
84 90 88
63 56 100
16 73 2
5 8 54
83 48 99
37 1 15
23 58 19
46 67 56
82 12 50
77 2 4
33 73 67
35 0 59
87 53 35
57 71 62
15 95 59
59 70 19
13 46 23
32 74 58
4 22 56
50 80 58
74 45 43
67 98 12
24 36 46
54 56 72
57 82 19
5 2 38
40 78 54
10 80 77
40 11 13
52 94 8
78 35 83
12 78 46
12 94 9
82 40 83
47 19 8
7 68 63
65 68 93
11 4 69
5 22 67
91 95 18
75 31 84
59 98 34
69 72 65
91 59 12
18 1 77
36 25 48
78 37 50
54 89 5
33 71 75
56 40 98
62 38 72
46 67 60
17 45 66
93 52 80
95 21 90
9 45 66
72 2 11
50 55 15
11 80 18
23 3 66
35 39 71
72 85 44
33 40 21
67 84 79
44 47 71
48 26 20
58 2 17
18 91 76
83 34 76
77 91 97
53 90 50
37 17 62
47 74 50
1 94 98
73 85 98
15 89 85
34 46 12
20 57 19
40 62 14
8 51 17
87 86 70
75 54 4
21 88 29
36 48 96
92 88 58
88 61 82
47 99 77
48 15 90
54 87 90
56 40 38
28 92 73
62 22 25
77 27 6
28 21 82
58 9 89
28 30 54
35 16 55
66 35 77
99 9 77
43 44 97
85 34 62
64 71 65
16 90 40
10 97 100
84 80 6
42 33 63
67 78 46
88 4 9
52 8 62
57 78 82
75 11 81
37 71 71
30 0 73
59 5 33
86 73 18
69 5 63
43 34 24
50 66 73
55 3 65
99 43 7
24 87 10
50 34 45
26 34 83
84 72 50
19 35 47
78 44 78
34 22 7
98 86 71
94 99 45
86 1 52
89 60 55
1 30 52
87 40 44
60 96 40
99 22 41
4 0 99
66 3 32
38 0 74
99 74 54
39 50 1
6 80 25
65 24 98
34 98 38
4 88 84
94 54 31
70 23 73
93 63 44
77 73 71
37 79 84
29 94 52
47 69 79
62 76 73
39 50 59
61 79 96
42 51 48
68 28 84
67 78 92
18 66 61
75 96 77
51 40 45
47 21 17
0 1 30
53 47 71
71 60 83
93 23 83
37 4 80
77 97 75
78 52 52
35 51 74
78 23 84
36 45 52
24 41 34
75 12 92
87 17 83
24 19 38
96 36 9
32 0 30
34 30 2
1 94 91
75 91 87
16 54 26
55 66 34
99 95 7
39 10 92
1 0 45
26 25 27
76 9 29
62 54 40
40 37 81
8 87 64
44 50 45
73 22 9
45 68 75
32 68 43
38 28 42
44 79 85
22 29 31
18 42 96
87 24 28
16 78 78
91 60 58
23 55 23
50 84 56
41 49 95
66 22 9
9 62 36
23 69 56
6 46 67
77 72 15
29 85 42
23 36 98
34 13 70
48 15 28
67 64 88
5 99 81
85 82 96
14 49 81
1 46 33
16 83 94
64 15 55
36 44 97
5 1 18
57 68 85
79 4 63
97 59 62
29 50 26
89 17 72
13 71 1
5 10 78
73 79 45
39 11 86
29 67 22
72 36 93
28 44 34
8 69 29
36 78 2
47 64 3
35 64 69
24 6 58
50 11 41
30 40 71
99 84 66
9 99 82
24 39 38
53 71 82
50 59 4
63 35 81
68 39 59
18 58 99
11 82 96
79 61 71
64 47 37
21 66 12
35 76 85
25 62 3
89 90 89
30 48 38
35 97 58
9 33 72
82 5 59
59 22 2
60 75 72
6 80 44
90 43 35
17 91 22
30 81 4
72 19 79
47 25 63
17 85 14
89 53 47
5 10 14
58 44 35
53 1 2
51 92 12
39 17 12
28 72 65
21 7 57
72 58 35
45 91 94
9 20 31
17 38 26
34 60 50
22 56 58
89 17 85
97 75 24
89 29 42
17 55 53
16 72 53
70 95 92
26 83 90
34 79 6
27 93 85
73 71 4
82 92 66
77 74 80
57 67 30
30 66 30
97 91 41
8 74 52
31 95 38
74 65 71
71 58 22
42 11 68
50 24 7
33 50 11
95 90 54
36 46 21
87 78 27
85 58 78
14 20 56
36 93 92
80 11 31
12 3 68
55 57 87
29 26 74
42 81 56
9 18 30
69 67 34
34 95 83
8 43 36
28 23 94
98 65 53
15 35 34
65 60 15
20 51 87
93 85 100
33 62 3
77 86 9
27 85 27
44 31 19
76 65 82
10 91 12
59 22 42
77 80 99
62 16 94
11 30 34
22 20 36
58 31 69
19 88 65
24 9 1
46 42 4
20 9 48
74 69 100
68 65 13
64 34 6
86 69 92
70 61 19
21 52 73
22 74 98
74 81 79
74 84 59
49 41 2
16 41 27
8 60 9
18 94 53
42 70 74
34 79 10
80 9 73
4 12 13
89 58 58
70 95 56
93 43 62
0 55 87
94 39 9
27 29 83
50 72 61
93 44 4
18 84 94
86 62 92
76 81 33
25 41 31
12 98 40
34 52 30
38 16 37
23 17 69
14 10 97
7 85 64
76 66 82
71 3 66
44 57 44
97 24 6
83 49 11
84 81 87
40 12 55
67 83 15
93 64 22
47 67 71
32 81 88
91 62 68
69 80 1
98 73 76
20 92 92
61 46 82
53 9 51
48 59 96
44 55 84
2 83 14
24 15 60
12 11 67
44 74 54
26 35 37
52 37 25
21 48 91
58 81 3
8 24 68
20 60 62
61 60 67
23 91 52
93 30 35
86 29 80
84 16 4
52 94 77
36 94 23
29 26 19
94 72 46
14 21 58
85 7 38
67 61 29
83 12 90
27 84 73
68 20 25
66 58 21
49 2 37
35 13 24
42 69 14
54 11 64
44 12 100
46 44 12
64 46 21
23 65 57
25 52 72
47 98 96
47 38 38
25 89 36
92 68 38
39 78 98
32 13 88
96 29 69
5 48 26
5 46 16
24 76 24
99 10 73
27 2 100
94 85 36
55 14 51
45 44 45
41 1 23
26 46 46
64 7 42
64 45 98
65 90 96
8 52 57
57 58 94
37 61 45
98 56 91
71 11 96
26 89 62
25 6 52
41 63 84
34 72 57
91 9 98
71 57 59
44 76 25
27 34 17
26 25 72
53 6 33
68 56 12
81 23 46
40 75 61
50 45 95
43 53 51
66 78 88
25 68 99
18 13 14
85 57 77
2 61 56
23 11 99
28 64 8
22 96 61
47 6 99
89 18 59
74 60 74
59 39 6
64 67 14
28 66 58
26 25 62
1 9 25
78 95 69
46 92 65
94 68 76
80 22 94
60 32 2
27 29 3
4 59 1
98 47 27
65 0 23
65 92 2
35 53 89
77 3 53
67 2 3
76 87 39
50 61 83
26 40 40
41 87 36
54 67 29
86 5 47
58 48 36
64 96 75
93 41 55
94 69 16
24 36 28
46 69 36
94 66 20
21 39 93
26 31 19
42 12 9
74 78 4
53 15 74
19 79 76
13 16 22
21 69 56
20 23 3
37 76 19
57 61 39
8 99 100
13 40 1
15 54 10
83 23 9
13 79 38
28 8 18
42 37 30
43 53 95
91 42 55
19 98 97
93 14 64
66 16 11
34 92 65
74 39 76
93 10 38
34 82 20
10 71 57
32 95 8
37 65 28
37 40 26
58 85 16
81 33 84
68 62 33
12 98 22
97 21 10
53 52 9
49 26 85
49 24 59
34 32 3
16 75 9
91 62 74
91 72 77
59 3 51
16 54 80
76 57 78
10 80 19
35 88 26
27 37 67
44 48 43
25 97 12
8 56 43
64 70 84
68 64 100
56 85 99
19 76 35
55 27 16
28 50 76
85 82 88
77 96 92
80 49 68
39 33 86
94 53 19
62 93 44
85 8 80
42 50 1
39 99 24
12 46 12
27 84 1
52 82 81
54 18 57
69 89 15
91 94 97
49 57 66
84 88 52
62 88 93
31 24 82
49 0 67
32 9 29
30 88 11
20 42 12
44 76 40
24 31 38
43 7 58
76 90 41
21 50 82
32 23 67
16 86 59
36 23 35
29 82 57
47 22 89
15 41 31
78 2 40
54 91 57
60 94 16
14 59 33
41 38 26
48 1 73
89 60 42
62 6 24
99 47 30
75 48 13
79 51 93
87 11 12
33 50 2
51 6 74
94 87 90
59 4 35
90 59 44
73 60 80
2 4 35
66 39 25
78 87 26
3 53 35
12 37 55
39 72 77
38 78 92
96 6 63
34 14 6
50 79 11
24 22 33
39 11 39
36 26 91
6 7 68
10 98 90
58 75 82
7 54 34
50 94 98
16 90 26
71 0 86
21 95 76
67 54 85
54 75 30
45 94 81
89 43 18
16 62 38
32 99 73
32 90 97
98 56 35
19 39 22
73 67 80
4 15 84
78 52 69
76 22 83
8 41 84
41 12 1
24 85 2
45 82 48
2 94 93
14 81 34
74 93 36
89 34 74
85 4 95
66 68 71
14 23 51
78 17 60
75 85 36
7 21 92
56 58 20
5 71 76
29 65 57
70 47 40
77 86 22
44 69 92
70 49 38
37 5 66
43 5 73
17 82 93
45 62 57
97 64 17
56 31 27
89 43 38
43 32 35
15 67 51
14 70 88
81 56 72
28 64 66
50 93 74
45 62 39
36 97 66
61 53 28
17 20 48
1 69 22
33 81 44
38 66 24
68 58 18
7 51 35
98 47 43
5 47 10
30 45 100
10 21 88
61 62 24
10 74 85
50 85 51
3 60 96
29 83 29
15 29 34
20 2 56
45 56 60
90 68 22
70 17 75
84 32 13
20 29 3
46 9 2
14 47 13
94 73 7
94 67 44
75 45 86
27 23 78
67 65 100
24 32 14
53 75 100
73 83 4
77 15 91
94 35 43
70 37 20
20 67 36
12 93 65
20 75 19
30 79 82
60 45 59
43 88 71
40 65 34
95 94 79
37 3 28
30 18 21
5 22 29
96 82 45
27 49 52
71 32 25
53 86 74
51 17 11
71 16 7
28 23 50
3 63 62
59 82 15
73 20 2
18 67 45
72 19 4
37 83 72
86 6 51
39 8 55
47 81 84
54 80 64
44 93 68
18 9 4
60 28 35
93 76 65
15 20 100
55 73 82
37 11 45
95 47 73
53 18 77
18 10 60
26 0 63
42 93 44
13 25 32
31 91 14
96 31 38
70 98 100
24 95 3
58 55 12
10 6 6
12 54 99
59 14 66
30 25 9
1 66 76
60 99 66
83 61 75
85 66 44
27 4 56
10 17 94
22 80 47
82 63 17
14 89 7
81 16 42
89 53 15
38 85 26
99 61 18
65 76 67
62 87 55
66 10 29
72 83 66
74 39 35
49 14 95
52 22 42
63 74 98
3 28 57
71 72 97
38 5 51
10 89 56
85 37 61
22 45 18
2 76 36
98 0 53
11 30 93
30 66 15
90 16 70
90 64 91
32 90 66
28 9 55
3 23 66
40 73 41
2 85 73
29 83 3
34 65 74
87 65 64
14 19 19
21 12 91
26 95 34
47 51 25
22 60 21
54 51 17
6 15 53
57 59 64
38 77 25
24 2 16
28 72 68
55 89 11
4 58 91
34 12 48
95 39 6
8 52 52
71 93 88
82 58 37
93 51 90
40 31 14
7 28 36
5 84 86
64 78 81
24 12 2
59 79 91
34 9 31
31 34 15
14 47 12
58 82 93
59 39 75
63 67 17
69 83 48
74 94 87
76 57 88
88 47 38
59 71 91
51 39 71
28 55 37
46 24 31
35 26 51
36 45 76
8 56 71
76 13 29
34 97 82
76 87 55
85 27 44
19 41 24
41 11 41
67 78 86
2 68 44
93 73 50
70 4 88
60 75 91
16 74 5
49 69 95
21 54 22
35 18 47
92 65 75
27 66 70
94 28 58
60 51 49
59 9 73
29 43 65
24 54 16
44 57 100
56 22 84
65 18 85
65 70 80
24 93 19
91 69 98
66 85 37
33 10 34
56 29 20
70 32 99
18 23 64
69 90 12
10 67 86
69 62 20
98 74 90
14 5 67
87 22 93
46 94 88
25 42 56
66 41 27
92 4 16
7 86 56
71 63 21
36 51 82
62 81 81
44 84 42
58 68 4
47 93 17
19 16 5
62 48 47
84 28 28
49 2 40
25 76 99
3 42 3
51 63 72
3 76 40
13 39 31
68 34 46
42 67 24
32 38 55
57 95 64
16 91 100
53 92 25
8 22 15
60 29 15
2 57 57
47 38 57
18 94 99
83 31 83
31 22 96
9 49 99
26 59 59
74 10 54
85 12 99
23 80 13
41 54 19
4 17 58
76 52 5
48 91 76
26 54 68
43 70 93
44 37 59
39 94 89
0 51 24
56 35 20
72 80 56
92 52 82
22 97 96
14 48 3
74 72 47
93 33 65
67 71 59
0 68 37
44 23 15
93 96 4
55 28 50
21 77 72
87 39 69
41 98 43
26 20 9
71 48 12
27 52 7
31 86 49
1 68 38
53 69 100
45 89 2
98 35 82
79 64 11
43 49 12
68 34 71
20 10 65
75 26 53
8 89 5
96 49 84
89 3 1
9 2 35
6 69 68
26 42 4
18 3 7
65 49 25
28 60 4
43 18 2
71 57 32
16 36 9
72 38 74
73 38 84
97 51 42
10 79 95
20 50 6
5 26 76
15 9 94
58 28 83
52 18 77
80 53 60
44 36 94
73 6 40
22 5 81
68 73 19
38 79 59
78 4 26
40 33 97
51 98 72
67 71 96
50 74 3
30 39 29
43 64 95
36 73 78
89 6 2
69 80 80
20 97 66
48 47 88
47 93 85
86 97 39
39 20 34
27 18 58
89 22 80
12 11 27
20 70 54
88 64 100
77 45 94
64 10 71
65 5 72
63 25 14
40 71 1
45 83 27
56 15 41
85 61 3
67 60 13
94 2 31
43 73 84
68 40 58
33 52 2
58 32 53
15 51 9
20 12 2
22 97 60
65 45 37
74 99 28
11 54 96
45 99 57
24 87 73
5 56 2
65 28 37
82 20 8
12 94 47
99 51 32
39 86 46
61 89 65
42 92 52
94 81 5
31 38 46
99 45 76
80 75 52
82 77 47
89 55 57
46 28 6
97 67 57
33 37 2
28 70 12
28 35 92
99 43 70
2 22 49
11 92 6
93 12 59
3 96 54
54 9 50
59 92 38
30 92 93
57 0 45
45 50 90
87 25 78
62 86 100
5 45 7
71 0 23
36 8 33
19 2 33
98 58 28
45 41 40
3 47 9
66 14 5
75 44 13
79 56 51
41 78 1
72 87 8
84 95 46
21 89 90
38 37 57
90 35 56
39 68 51
95 14 81
74 68 10
64 32 84
72 42 28
31 33 28
24 38 78
98 20 98
26 84 49
12 85 80
8 24 42
83 76 39
68 73 72
12 58 17
77 96 48
46 36 58
25 7 60
79 8 63
84 31 4
69 56 80
92 7 35
68 48 2
1 25 42
33 38 34
52 31 83
58 27 24
0 1 37
92 75 51
28 39 72
55 52 56
83 97 59
77 0 5
8 82 14
37 13 65
75 50 38
34 2 62
60 67 95
34 58 59
68 43 23
89 66 20
57 84 8
98 94 100
35 33 46
68 24 74
55 1 29
87 65 81
53 65 97
94 8 92
8 14 39
81 1 10
12 42 35
10 74 6
52 47 27
63 31 75
59 72 54
89 51 8
3 9 79
78 26 75
13 59 64
66 42 83
74 75 73
6 66 20
65 82 18
11 1 18
88 60 28
19 14 95
38 65 11
46 44 13
87 52 7
21 43 95
33 56 33
89 7 44
20 58 33
97 17 45
51 81 85
4 22 54
90 29 42
45 64 73
75 86 82
97 86 12
40 76 75
27 48 35
24 11 12
31 81 100
38 1 45
53 7 9
90 79 95
74 17 4
98 74 13
40 84 17
42 15 78
7 97 1
1 68 45
3 37 15
37 87 71
88 25 24
96 99 94
84 57 86
26 87 57
35 9 68
22 18 18
51 40 72
82 90 4
84 15 1
60 24 5
38 8 47
14 33 9
81 49 37
67 1 80
4 45 30
63 11 74
51 9 74
7 32 27
85 95 2
7 24 74
63 78 64
1 86 67
56 51 11
89 96 50
39 29 9
27 72 83
42 68 3
10 18 72
91 55 83
7 33 16
92 83 82
3 47 16
42 58 1
65 51 65
99 14 75
91 70 41
78 58 19
63 88 2
98 67 47
14 85 18
93 33 61
80 5 73
24 92 32
1 50 79
94 52 43
54 79 94
93 72 1
28 95 84
65 29 18
73 43 12
81 1 65
1 4 59
95 67 94
56 76 20
20 41 34
64 8 27
42 97 43
5 99 47
28 31 9
51 87 76
57 34 83
21 19 9
7 42 20
17 59 90
95 66 39
51 75 12
33 8 92
60 25 67
78 57 82
99 70 24
32 62 16
23 52 88
14 66 40
68 54 72
24 49 90
48 66 45
80 63 67
46 49 78
35 82 94
6 35 16
11 12 25
78 80 20
68 30 54
62 27 96
98 87 49
91 65 34
79 84 25
7 10 93
88 42 91
26 52 8
29 96 55
71 14 43
33 12 3
11 99 61
66 97 66
15 6 92
1 78 81
74 44 76
74 52 83
95 7 98
31 74 73
57 76 60
52 12 96
67 88 85
4 42 98
20 94 62
18 86 75
30 43 4
6 7 94
16 89 62
85 21 4
61 75 60
93 96 37
18 47 10
69 59 27
81 45 74
29 67 42
99 63 7
70 11 1
10 15 12
90 43 15
76 18 59
10 0 61
51 56 30
64 10 53
75 31 81
92 74 76
10 22 54
85 99 67
21 54 14
46 60 19
5 11 47
39 90 87
6 28 87
24 78 79
17 81 37
40 63 73
25 31 94
72 56 41
0 36 22
66 82 96
48 54 18
98 30 83
70 12 80
62 91 38
45 93 99
88 80 52
82 42 52
1 19 65
88 31 83
64 36 27
59 60 79
2 16 74
42 81 84
11 86 39
51 26 74
38 92 9
48 21 98
43 22 12
39 26 17
69 9 80
42 86 92
17 13 27
96 68 3
78 68 18
28 63 47
96 86 87
95 82 73
49 56 45
48 60 87
86 8 71
49 13 49
50 82 97
50 15 71
74 63 5
13 92 93
90 52 68
21 24 88
88 19 81
79 36 85
95 51 34
58 20 83
34 0 99
61 11 62
61 43 53
83 58 40
80 43 28
5 79 26
27 30 37
82 70 82
89 14 71
59 66 5
8 67 26
32 26 4
41 37 32
17 70 89
78 17 60
5 81 29
95 85 30
33 94 74
22 24 98
2 60 30
65 74 53
46 28 72
79 25 91
55 62 42
31 57 36
60 23 51
88 71 49
3 56 27
32 79 89
90 42 70
52 9 91
90 36 11
37 97 28
98 39 60
37 71 54
50 5 36
23 85 78
8 34 56
34 32 85
25 85 74
28 81 21
64 66 83
11 54 2
2 67 28
19 72 94
86 6 68
52 54 84
91 23 66
93 39 55
36 45 32
40 35 10
76 39 22
80 10 47
3 91 100
51 90 27
99 57 65
23 40 56
74 8 52
87 32 41
84 44 26
23 92 83
45 59 94
57 93 77
56 72 67
9 98 76
54 29 41
58 8 20
14 48 84
97 46 90
74 33 68
75 67 32
89 79 72
11 80 7
35 19 23
34 5 58
65 36 49
99 70 32
89 16 44
30 3 79
28 12 77
46 87 18
55 28 42
62 57 26
37 54 36
24 92 80
53 76 48
56 15 25
90 85 90
96 5 14
24 96 6
65 16 72
84 9 42
62 22 93
7 73 2
65 54 100
64 96 31
77 92 45
8 72 100
11 10 97
63 37 47
90 36 48
55 34 91
43 95 7
22 80 54
62 78 40
71 72 69
69 60 27
80 37 90
20 71 23
73 40 82
54 48 57
46 79 21
25 17 80
99 91 30
27 22 71
86 12 64
36 80 6
43 53 44
1 87 73
62 98 61
23 56 99
54 70 53
33 66 98
49 57 86
48 32 49
19 68 93
5 38 82
76 26 52
10 78 94
25 70 59
66 95 83
3 9 66
29 22 18
67 99 90
92 20 52
75 30 2
36 47 74
82 63 16
71 40 21
98 88 31
90 86 16
98 84 44
92 12 68
87 95 81
42 87 81
73 98 3
27 70 67
77 72 22
30 90 30
76 80 76
91 55 61
35 9 62
51 97 4
59 19 98
37 11 51
43 50 27
0 91 17
8 90 51
5 14 38
92 63 43
84 19 78
27 48 94
10 36 15
35 51 67
2 56 26
42 99 34
65 2 15
70 18 61
89 14 22
33 93 26
26 3 24
88 38 35
93 99 10
90 89 99
40 10 41
9 85 91
85 9 95
14 51 85
91 14 66
26 3 75
86 26 80
27 6 57
71 73 97
53 49 14
20 22 65
34 40 12
15 67 21
35 48 37
92 80 65
34 44 41
47 66 16
11 24 95
31 69 32
43 16 86
88 31 12
75 5 36
71 35 9
21 73 28
51 11 2
63 1 80
21 97 7
36 73 36
78 68 13
14 60 7
52 24 98
51 66 72
7 45 73
56 95 35
49 96 68
58 77 27
3 20 3
51 88 68
87 1 41
91 74 6
85 50 37
31 34 96
33 85 57
85 51 44
46 57 42
22 53 79
73 90 13
25 85 84
67 22 59
77 59 99
11 76 93
19 1 48
44 10 14
19 25 13
16 29 95
93 52 71
8 62 100
27 15 86
91 5 89
18 65 94
77 88 65
22 19 72
35 69 34
98 11 87
39 62 67
17 31 7
84 27 49
73 44 57
91 86 74
21 15 76
79 71 47
18 41 100
66 67 25
61 34 31
81 13 13
14 10 74
5 49 55
85 69 49
48 76 83
2 73 21
0 12 50
98 81 51
25 91 100
70 19 56
23 91 6
33 78 62
23 63 76
52 79 98
84 87 55
76 14 5
57 94 61
1 11 10
67 65 11
27 76 51
50 39 56
99 45 50
29 39 26
49 18 30
1 94 65
69 42 98
84 56 36
93 70 9
72 29 93
36 15 32
72 12 6
9 63 5
35 73 64
99 14 2
90 54 6
49 77 24
14 85 40
74 45 24
10 67 21
95 52 35
76 74 69
39 65 21
68 25 6
94 26 23
59 28 4
37 88 94
72 29 16
61 65 47
97 60 6
43 92 54
3 63 10
64 50 61
81 70 41
65 33 48
33 52 11
19 84 82
28 50 1
66 52 94
56 5 70
23 81 84
43 36 41
75 6 71
16 79 83
97 59 80
37 41 30
8 11 37
47 51 4
9 57 76
2 9 62
81 31 9
12 96 59
12 0 3
55 51 43
71 48 36
31 92 96
15 13 12
90 88 67
97 31 14
99 56 17
17 4 13
73 84 83
90 9 66
55 81 37
15 6 58
78 70 83
85 50 66
65 52 34
15 61 54
14 39 68
8 60 1
29 97 95
50 85 17
23 39 78
91 49 76
82 37 38
67 1 44
97 0 58
57 51 69
50 53 19
46 4 29
94 32 72
0 45 91
99 83 46
22 53 80
58 94 78
90 24 47
48 96 51
51 13 16
78 37 12
99 85 67
26 60 72
56 95 90
28 17 48
23 90 54
5 55 76
29 95 6
75 11 39
94 60 44
54 41 63
45 85 11
38 60 79
67 34 88
33 74 40
66 31 48
98 63 79
60 3 94
14 52 91
21 52 28
83 27 90
80 7 81
22 84 16
98 30 45
90 9 91
75 66 84
56 47 56
59 45 55
36 62 5
40 39 80
6 47 80
93 80 53
61 96 65
97 4 30
81 85 19
31 94 16
69 82 63
59 90 16
38 83 98
6 92 15
42 45 26
43 84 91
9 29 86
25 34 33
2 16 72
4 25 67
32 33 86
47 44 43
45 33 75
96 70 91
26 35 23
70 27 62
54 92 71
83 24 71
70 57 47
61 17 58
96 83 77
11 60 36
15 5 70
7 50 30
89 41 42
74 25 69
62 40 36
15 8 68
70 24 47
83 59 20
19 45 52
34 54 61
26 69 92
95 82 28
93 35 37
59 38 26
73 9 45
56 73 98
2 17 24
83 64 81
73 46 69
28 62 87
75 0 46
65 3 62
12 53 72
4 67 97
48 36 68
86 55 14
48 92 63
48 47 7
48 91 10
94 93 10
5 9 86
3 39 44
60 86 100
35 48 58
25 29 37
36 24 92
99 59 16
79 53 70
54 71 9
56 58 97
65 25 100
9 94 2
76 8 83
99 47 84
37 3 71
5 90 65
70 96 7
86 98 43
6 3 45
20 57 28
68 55 55
15 66 64
25 70 84
55 88 57
72 18 73
0 15 97
26 17 3
16 17 67
82 58 75
83 12 59
20 64 37
75 50 9
0 7 75
86 56 21
47 40 6
8 67 15
87 54 64
91 96 13
17 59 83
54 61 29
60 33 21
67 50 54
33 59 64
69 57 99
84 44 100
7 4 62
85 19 51
32 10 74
84 72 9
82 46 31
6 23 44
68 64 89
88 52 34
5 52 15
64 91 19
71 70 44
92 2 34
1 69 75
51 74 49
84 65 20
3 26 72
44 37 35
75 80 77
7 73 36
29 50 82
67 58 85
41 35 23
94 6 77
69 89 32
41 59 13
93 85 8
97 29 57
78 62 13
98 66 87
60 46 17
27 57 95
12 77 20
25 59 90
8 18 62
60 78 64
55 73 83
82 16 83
44 39 17
78 27 38
88 60 86
64 25 100
80 40 42
47 81 4
63 71 27
31 4 27
58 26 43
69 32 89
30 34 18
13 50 24
4 9 73
42 81 67
79 45 76
55 76 3
6 62 27
89 59 80
94 41 100
80 29 22
24 31 28
5 96 3
78 54 72
35 54 76
72 15 72
49 20 99
9 14 76
58 71 47
65 15 65
22 72 40
15 50 77
22 81 99
68 54 15
2 21 51
36 16 10
29 85 84
56 82 62
98 87 20
83 38 52
67 44 73
18 80 27
43 25 62
48 38 34
61 47 100
60 43 5
81 88 96
41 12 73
89 22 92
55 8 71
85 92 2
84 4 1
87 20 1
40 17 63
13 8 60
13 21 54
81 69 86
30 72 76
82 66 88
83 12 75
35 8 28
6 48 45
62 31 21
94 13 8
21 57 43
29 16 72
48 0 49
80 61 84
14 86 72
28 47 78
54 61 72
68 64 85
85 10 27
83 75 81
90 36 55
92 74 68
11 27 30
62 85 64
97 78 44
19 2 81
49 66 70
67 7 76
49 26 51
76 15 31
64 61 49
89 79 100
93 66 67
39 74 62
83 29 78
72 21 99
7 55 19
1 88 74
81 37 89
12 67 82
33 67 100
55 41 61
72 7 27
80 79 37
53 38 36
51 76 45
62 23 75
82 89 51
81 43 28
82 91 47
30 38 11
56 16 45
47 71 11
50 94 71
39 61 70
90 32 23
6 67 92
53 95 53
74 73 46
64 14 43
25 84 23
9 36 62
98 93 98
16 36 84
17 27 99
16 82 36
70 23 86
32 96 95
75 40 47
63 43 57
94 48 63
78 72 57
28 11 52
5 71 78
51 31 11
80 0 12
64 99 75
77 35 73
29 88 5
20 73 8
9 52 84
37 51 61
18 63 54
26 85 63
17 76 71
16 46 57
33 83 5
0 35 62
12 54 47
56 64 75
77 53 25
60 77 6
62 90 41
24 48 50
21 50 1
68 9 2
48 89 89
88 60 63
97 74 48
42 81 55
48 36 27
31 83 29
76 65 33
5 41 10
88 23 83
38 40 94
54 46 100
36 57 99
78 26 76
11 46 96
1 22 6
14 37 88
85 4 22
79 74 94
57 51 58
72 2 26
46 81 13
73 99 67
28 57 62
56 23 80
24 20 99
0 65 39
22 16 8
28 85 4
96 61 93
47 65 71
21 84 58
30 21 65
80 30 88
61 79 7
71 48 46
16 33 18
55 88 7
13 29 43
24 84 47
12 91 6
22 65 62
99 57 52
52 9 44
22 39 11
26 55 38
36 44 65
46 23 90
57 79 88
34 88 47
83 12 43
73 56 5
83 8 99
17 29 67
49 32 97
36 68 53
32 12 76
81 49 85
12 10 9
92 82 12
24 51 58
99 44 59
17 94 16
79 45 12
26 93 28
66 58 90
24 52 20
0 7 2
57 0 24
58 98 83
45 31 13
94 39 62
25 27 12
21 53 7
41 50 90
52 77 46
26 35 77
78 92 3
58 28 86
39 12 2
14 25 40
93 84 12
19 58 76
16 13 49
76 32 59
7 80 15
49 74 27
49 30 38
96 53 26
30 43 8
8 73 7
67 15 70
95 13 27
82 22 85
66 46 85
35 6 3
7 21 92
42 5 12
57 81 19
16 65 77
53 0 22
10 87 86
6 33 83
16 54 41
21 57 58
44 8 94
62 74 61
65 16 24
81 3 23
79 68 35
13 48 89
