6 69 46
74 35 67
14 48 68
47 92 82
3 70 95
31 20 92
8 7 40
11 74 9
86 21 14
53 12 9
81 71 62
67 80 34
55 37 13
8 53 79
56 71 22
50 61 41
90 89 25
66 81 4
33 24 14
19 94 51
53 83 62
58 64 51
49 61 37
99 28 6
85 50 28
16 42 51
71 51 16
62 7 2
22 36 5
62 51 81
28 68 64
65 63 58
16 67 37
15 7 6
75 54 36
61 5 5
70 59 82
43 91 72
11 63 47
44 15 3
10 90 12
66 61 75
62 63 90
69 29 99
22 51 97
14 7 36
22 94 68
1 67 28
61 91 95
4 14 69
83 56 97
67 27 22
27 9 16
79 62 65
80 79 48
92 52 87
28 38 87
78 23 72
56 69 84
30 14 82
53 91 9
20 5 42
32 64 6
15 26 84
60 44 10
45 13 18
6 87 8
27 77 30
33 98 50
91 3 29
41 26 13
11 13 70
51 59 91
31 72 13
9 89 36
13 48 38
29 65 52
27 24 68
32 26 71
93 5 7
94 29 42
37 17 18
50 61 81
25 82 92
71 15 24
94 43 12
77 10 86
21 83 96
35 13 18
29 20 94
96 34 33
82 5 30
50 44 58
46 13 29
54 39 63
5 42 67
4 11 37
16 63 90
49 71 64
69 61 68
69 78 13
68 44 26
32 99 23
38 63 43
54 46 32
79 30 99
86 13 74
23 49 41
27 49 70
31 62 72
32 87 46
28 42 2
12 44 69
29 66 49
59 51 96
57 49 61
22 69 53
51 44 30
69 81 36
92 68 71
50 35 44
26 42 39
89 0 75
50 84 20
36 73 19
50 3 89
29 2 47
71 4 53
47 56 15
40 17 95
78 46 68
29 72 8
90 33 91
72 39 48
11 75 23
95 67 85
55 99 62
76 23 1
53 96 47
48 49 25
40 1 51
74 27 23
21 94 33
60 32 98
2 23 48
88 8 60
19 99 92
18 15 31
23 19 52
22 79 23
62 81 70
71 96 26
8 85 65
68 41 29
29 50 38
14 75 36
60 96 14
64 83 74
77 68 13
73 96 85
32 60 55
64 79 74
49 64 17
41 6 81
15 17 14
33 46 6
71 54 5
87 99 31
7 44 86
11 54 7
53 64 23
56 7 85
66 34 14
20 21 69
20 71 93
3 25 97
38 91 48
85 39 73
77 87 95
28 73 80
39 29 25
8 65 29
98 66 3
7 75 76
67 70 85
84 55 82
4 65 90
91 6 75
46 64 7
21 48 28
50 25 40
53 70 46
6 0 74
87 20 93
30 24 42
84 96 58
75 19 31
14 19 20
76 11 19
79 14 41
32 45 84
51 76 4
11 6 70
15 9 99
60 27 18
26 18 28
22 25 76
50 68 24
39 79 53
16 80 24
89 99 1
9 67 99
99 47 92
23 2 66
67 82 89
77 68 91
46 72 55
99 67 81
35 26 94
91 8 2
3 72 6
89 8 14
4 88 42
8 34 42
79 92 27
60 76 94
59 4 17
65 85 88
8 17 32
60 30 16
88 72 57
17 43 92
92 43 51
87 29 76
40 8 51
90 63 3
35 96 71
32 24 90
26 14 74
86 52 74
67 95 60
39 19 68
48 5 42
82 76 24
93 72 38
15 93 26
9 34 23
21 76 70
6 39 42
39 99 40
13 88 28
71 1 22
99 53 51
63 10 99
30 18 83
81 20 77
90 39 61
56 17 34
31 92 35
33 95 47
14 3 41
22 83 87
75 33 36
98 93 47
14 32 7
79 49 76
93 0 76
13 30 48
96 61 58
53 2 57
27 45 44
52 3 73
43 8 32
37 19 89
54 39 77
75 82 51
30 96 28
23 76 13
18 33 18
40 4 2
58 6 36
33 90 5
47 5 28
36 83 35
22 99 20
49 23 32
99 20 1
37 1 9
56 95 88
55 68 7
64 60 25
76 13 11
13 65 99
41 64 89
42 53 100
61 44 79
19 35 12
72 40 61
65 77 35
68 10 77
6 88 60
9 38 20
5 27 48
28 63 30
24 15 2
98 19 90
25 23 65
87 44 69
18 54 30
88 18 92
5 17 76
70 47 61
83 73 5
21 57 24
15 44 65
98 99 17
1 14 38
57 10 97
17 93 34
20 14 20
75 59 35
90 62 89
41 69 64
49 53 13
54 31 43
78 76 25
12 60 52
42 18 4
57 61 8
78 34 13
84 72 48
16 88 83
40 46 93
56 46 13
56 35 28
16 64 96
65 74 41
98 5 88
42 29 86
14 41 50
32 43 80
39 41 24
76 98 5
0 18 55
20 97 43
75 44 75
88 27 22
62 56 62
76 54 19
43 6 13
91 43 84
68 26 23
81 39 58
17 2 10
81 30 30
61 77 64
72 21 97
78 50 72
19 82 12
91 89 10
72 54 10
51 85 62
26 46 28
48 67 34
8 23 11
23 17 60
79 33 48
40 62 34
86 26 42
84 47 72
17 3 88
77 92 39
75 17 48
48 43 96
58 79 72
1 93 60
8 75 49
3 82 34
47 58 35
2 70 61
20 7 93
98 83 25
59 44 1
7 89 23
57 80 60
34 42 3
41 34 47
78 82 94
21 14 83
27 43 45
23 42 38
26 3 42
48 36 39
84 89 70
75 94 14
85 57 49
6 51 89
10 4 52
11 40 12
57 37 64
83 42 44
14 99 28
25 0 19
4 29 12
89 81 56
43 93 61
14 82 49
92 52 25
87 22 37
0 92 43
26 88 100
47 75 74
58 0 16
73 16 78
13 18 78
83 2 4
17 72 60
48 38 47
21 63 82
3 65 2
16 38 69
33 88 54
34 79 19
66 58 43
57 70 69
7 0 62
29 71 43
77 76 8
78 36 30
94 27 63
46 86 14
10 73 41
51 62 83
81 56 2
59 90 87
53 84 17
13 53 50
70 41 18
39 92 12
69 67 21
33 88 83
16 54 7
86 48 41
72 74 58
2 1 50
19 86 35
85 92 61
91 68 52
97 50 85
64 66 61
27 22 42
94 90 100
51 90 56
31 81 57
70 0 65
76 92 54
83 79 69
19 23 67
52 29 28
6 68 78
15 37 51
21 32 34
65 87 7
81 19 74
88 50 76
16 49 13
25 60 45
2 1 46
31 78 3
33 14 95
71 42 95
84 77 44
61 97 41
67 20 80
8 75 68
61 76 87
26 56 67
91 14 68
95 77 21
67 62 15
18 69 69
14 47 51
70 36 53
42 62 58
40 92 50
16 18 23
54 71 45
93 22 29
35 26 14
17 9 66
92 67 49
68 15 98
58 22 92
17 59 13
12 20 82
98 53 28
44 65 53
0 4 33
29 38 67
80 15 37
45 29 81
54 51 31
43 89 64
58 72 6
69 73 36
86 32 60
49 68 65
39 48 90
9 88 18
4 68 39
77 7 98
27 73 19
17 86 97
11 51 89
8 27 28
6 39 100
71 63 69
0 38 32
50 85 99
70 42 91
36 2 14
99 23 69
40 43 61
38 72 32
82 62 55
19 26 16
1 91 86
44 87 29
17 79 58
61 30 82
46 13 20
48 60 100
74 82 73
78 97 12
24 38 95
42 14 79
11 79 90
86 69 62
30 59 80
41 3 45
64 96 42
23 43 18
22 39 31
30 67 100
8 16 69
22 69 67
54 34 67
11 46 19
35 88 94
12 62 78
0 77 58
56 21 77
0 99 48
13 48 80
24 94 21
49 9 70
19 81 76
9 14 52
9 19 77
34 37 99
60 8 78
30 71 97
4 74 81
26 54 79
49 21 53
8 40 33
36 38 63
91 81 21
35 2 45
76 32 39
43 40 28
15 99 74
10 68 63
54 39 71
21 0 47
21 89 56
51 4 74
83 60 99
0 6 82
39 41 70
96 94 16
91 8 95
20 1 82
48 34 65
64 15 19
57 17 43
41 98 36
91 88 24
85 4 32
36 44 57
38 74 85
13 44 79
47 45 95
77 84 77
81 30 6
8 76 20
74 60 61
63 67 12
93 61 33
9 98 54
35 15 67
76 46 73
71 33 37
20 32 28
43 73 63
83 25 83
23 44 81
80 48 27
54 37 82
95 73 48
99 53 49
53 21 30
76 45 41
6 91 31
22 34 88
6 94 38
43 21 8
75 95 86
15 12 82
1 22 73
41 92 85
62 77 39
83 86 51
58 38 35
12 32 57
90 28 85
29 88 30
85 48 28
40 59 10
13 73 3
90 48 36
55 85 18
36 78 82
63 71 95
98 36 28
46 66 24
37 57 64
25 17 66
95 18 47
30 39 77
88 77 5
67 48 93
12 1 84
8 65 5
99 14 65
33 19 77
69 61 83
51 3 89
76 39 99
15 41 76
53 97 68
43 96 30
35 52 52
8 87 2
81 74 16
81 83 49
82 6 20
16 32 43
86 56 55
13 11 55
94 21 40
57 70 14
42 2 53
50 98 27
8 73 5
11 42 4
12 94 59
83 78 24
94 12 44
86 19 72
37 70 69
36 96 45
61 66 79
78 60 79
26 12 63
56 54 73
48 80 39
78 56 53
73 40 21
75 7 66
39 59 5
41 24 73
61 17 33
37 21 90
74 68 80
9 53 10
95 2 87
5 27 3
21 61 93
98 35 11
90 9 43
7 57 91
21 14 39
25 86 94
74 35 44
69 81 75
93 66 52
15 40 86
77 22 96
65 15 71
39 1 28
68 24 14
98 65 85
53 82 52
41 35 49
8 14 65
99 95 35
45 63 82
96 20 57
71 11 67
11 82 83
21 7 20
44 47 61
74 20 31
42 12 8
63 49 53
39 9 71
51 87 76
9 10 25
78 93 66
25 82 47
55 14 2
74 57 53
29 40 78
37 7 2
91 34 85
5 79 12
53 94 99
66 63 16
32 76 57
44 31 62
18 2 86
51 33 45
59 54 22
37 14 65
14 48 26
64 67 83
21 29 28
78 69 50
19 80 42
7 17 30
41 67 15
46 44 73
90 8 41
36 29 76
77 36 99
7 61 31
21 13 39
18 83 60
44 25 6
44 83 2
18 79 97
66 37 67
16 81 92
2 36 51
22 2 22
68 30 97
53 83 8
14 17 82
76 62 64
18 72 93
79 77 12
52 88 53
14 37 8
12 60 98
59 8 32
33 56 51
96 1 16
0 11 99
54 90 8
84 1 51
10 42 13
60 56 81
27 43 52
88 1 42
76 62 22
75 52 88
93 14 95
53 5 28
21 44 15
29 9 6
80 76 49
36 1 19
35 1 38
14 15 36
80 3 7
48 34 15
51 94 36
24 3 49
30 43 38
93 40 19
5 9 77
41 64 54
81 0 61
50 56 22
32 63 35
60 40 77
46 82 48
51 90 63
36 5 1
13 59 15
65 38 26
78 81 59
48 99 37
52 43 73
73 11 98
65 6 64
92 90 78
3 64 79
74 78 66
80 78 6
39 13 29
32 62 2
54 40 56
1 83 53
43 50 57
30 6 100
90 33 19
85 59 18
94 55 21
47 86 95
3 38 75
67 41 73
67 73 42
38 70 68
13 80 65
9 81 81
7 47 71
44 20 87
36 89 64
80 18 15
31 37 67
39 81 70
70 97 9
77 27 32
84 75 15
36 44 89
5 44 24
54 91 49
40 83 36
98 36 94
18 41 11
18 19 34
57 60 44
0 78 14
86 95 27
36 84 30
52 21 76
29 60 8
98 6 76
90 47 84
47 15 92
57 8 1
26 2 50
4 42 89
28 71 77
15 56 53
25 52 62
36 44 8
39 89 71
63 12 48
84 46 74
78 97 69
20 41 32
26 15 40
11 80 18
21 10 47
64 50 89
58 65 18
37 27 28
86 95 96
11 78 71
68 23 49
19 23 99
53 35 18
21 34 70
14 80 45
44 72 100
77 74 52
43 26 84
31 53 79
50 23 71
88 79 63
30 1 30
12 39 94
34 10 50
4 82 4
8 19 10
90 54 73
34 97 81
71 53 54
23 58 36
57 84 73
5 41 11
27 96 77
59 76 42
63 8 13
71 49 61
57 92 21
95 35 73
2 27 20
3 90 28
39 76 22
44 84 52
83 15 98
34 33 24
68 76 93
15 63 7
23 4 34
78 61 5
66 7 35
60 69 84
30 84 67
97 37 77
45 94 83
80 78 56
49 37 27
29 63 68
98 42 31
90 15 17
18 29 72
18 20 61
88 0 11
69 99 13
80 94 44
4 94 50
63 74 47
92 2 51
72 26 15
36 86 21
1 22 15
45 21 15
57 75 88
25 98 56
31 80 99
64 74 36
67 29 65
12 27 94
60 34 77
71 63 83
82 52 11
16 98 62
33 71 28
23 45 25
46 61 46
25 70 36
42 53 11
33 76 33
19 16 98
41 63 92
40 24 33
59 18 63
33 59 24
4 62 63
64 76 81
43 82 17
42 59 52
65 10 36
0 47 68
21 23 60
35 97 51
65 14 54
65 29 21
9 18 11
28 10 69
77 81 26
62 80 89
20 1 32
92 94 21
53 24 25
60 19 88
81 49 87
82 98 45
75 25 35
39 36 1
0 27 20
31 76 14
50 22 91
65 18 88
59 31 6
24 4 32
87 64 20
36 38 7
93 17 74
79 23 55
39 74 32
34 62 22
79 38 11
26 48 62
56 55 33
86 39 13
30 36 71
16 92 89
30 39 56
62 43 40
31 94 19
45 30 43
25 16 27
94 3 98
83 59 5
65 63 33
97 16 15
87 60 64
94 57 50
65 60 39
26 32 63
48 22 92
48 98 39
39 33 53
10 63 36
82 38 70
15 71 13
4 84 41
69 79 21
74 96 45
96 85 29
83 24 60
55 14 91
6 32 39
57 81 75
36 43 3
10 93 54
44 30 53
95 8 26
30 67 45
23 40 63
47 46 3
50 57 85
31 28 87
7 78 94
5 56 65
29 7 92
67 96 75
35 99 1
34 40 81
33 7 94
1 80 90
65 48 60
95 5 95
73 42 12
31 82 80
19 66 76
90 79 36
48 47 91
83 71 58
98 36 82
46 22 92
60 57 88
38 47 9
67 79 52
90 45 76
78 60 24
8 50 90
61 80 14
68 60 55
0 27 72
86 35 3
95 85 27
1 26 56
26 54 95
82 48 56
23 88 92
68 74 10
30 2 94
90 0 14
32 98 80
4 35 72
12 82 97
85 4 56
48 84 30
90 13 72
25 8 47
86 45 60
34 48 51
72 7 63
88 29 76
21 59 75
43 75 7
56 20 74
41 57 24
4 55 61
96 86 83
21 18 1
90 40 8
51 68 68
11 3 82
17 44 89
81 38 14
28 48 34
7 35 13
79 53 12
69 3 93
23 90 43
95 30 45
87 54 21
58 51 70
54 11 77
24 35 70
17 62 29
35 40 51
13 62 8
96 42 98
28 81 34
86 7 10
57 42 11
18 48 62
96 34 99
91 59 68
90 27 91
78 47 50
75 21 73
18 30 36
24 97 19
62 82 96
76 89 97
8 15 53
23 16 32
64 87 5
74 76 86
26 89 82
75 93 44
79 68 51
65 5 95
88 22 17
4 22 79
97 0 88
22 15 82
93 79 73
22 14 50
23 16 53
74 8 12
11 96 46
13 32 60
32 67 72
12 66 33
22 99 23
8 38 82
80 18 67
95 74 19
86 3 22
35 47 86
49 60 44
89 58 36
73 19 88
99 84 56
85 71 15
5 73 9
9 34 96
82 36 34
74 56 96
9 74 11
51 94 30
60 90 51
47 2 58
16 1 44
45 53 21
71 9 96
40 61 65
69 63 66
43 53 86
55 49 35
77 52 51
54 41 44
79 53 28
93 64 68
64 74 31
55 16 90
76 41 65
22 28 53
33 62 71
81 33 80
80 23 67
67 58 1
55 28 92
8 23 11
25 53 92
0 69 93
92 73 79
59 2 56
4 65 97
3 94 87
79 69 18
80 94 70
85 31 58
59 72 65
71 3 75
3 82 15
12 10 82
75 65 11
12 57 45
88 96 19
40 29 85
4 67 25
61 15 97
17 85 18
72 76 83
46 53 8
29 84 35
41 59 59
91 0 49
60 57 44
7 17 3
61 10 2
86 88 39
30 42 11
17 85 72
29 36 94
18 71 97
89 72 96
44 24 26
95 96 100
54 19 11
78 92 59
26 71 12
20 18 5
78 44 4
15 59 76
98 77 80
26 19 94
0 42 52
84 51 35
46 74 32
19 39 91
12 52 26
38 9 8
28 74 68
48 33 29
82 30 64
62 2 37
86 69 29
47 34 2
5 13 90
97 16 26
38 85 73
35 9 4
12 90 82
8 78 40
66 52 24
93 16 81
65 18 2
0 12 2
53 72 39
68 92 10
66 54 80
47 1 32
0 9 65
81 96 71
79 64 34
25 50 9
21 55 78
54 60 39
54 25 27
42 44 77
41 26 97
66 32 25
19 29 81
77 42 4
50 47 23
95 20 74
16 69 30
27 97 15
23 40 97
47 14 42
85 7 64
39 74 73
68 20 22
75 47 23
5 21 39
57 10 73
2 36 1
90 21 89
12 68 43
9 81 43
27 18 55
87 29 17
65 93 90
22 45 44
36 52 2
35 45 63
20 19 15
45 26 92
56 2 18
82 33 11
18 43 18
97 26 24
53 94 9
4 7 33
37 12 31
88 19 77
55 16 21
97 86 33
51 2 16
44 13 64
16 50 10
66 91 15
87 35 63
28 51 59
59 60 11
58 91 70
82 57 96
65 38 9
49 86 94
53 97 77
44 24 28
21 40 59
26 45 16
35 4 31
62 23 89
84 51 67
82 40 95
38 33 36
89 42 60
70 82 13
3 32 66
79 23 25
26 16 82
9 87 100
87 13 79
99 44 35
66 42 75
56 87 31
70 80 100
66 0 50
34 9 41
49 86 11
50 83 61
11 21 9
86 0 56
72 14 14
80 59 22
24 53 31
50 26 55
49 66 73
48 38 68
30 45 4
45 83 38
48 41 98
49 93 79
88 91 25
90 74 31
4 69 16
6 45 27
66 12 75
87 8 60
89 79 72
85 42 32
48 80 70
89 20 79
15 53 66
9 92 64
81 30 40
50 59 58
65 35 78
4 35 86
10 28 16
73 66 38
78 20 77
88 58 89
20 31 64
12 14 77
80 52 16
55 77 37
28 74 4
61 4 89
79 26 40
21 3 35
45 28 68
39 3 64
42 71 67
73 82 48
43 12 18
85 48 79
25 26 71
89 86 30
54 53 77
36 94 71
46 65 57
11 49 86
82 7 82
81 2 61
14 6 93
33 15 19
44 66 26
85 17 39
82 22 46
26 85 93
46 49 40
78 84 59
92 7 28
54 88 83
16 91 89
84 86 76
56 4 47
24 40 62
74 49 33
13 6 93
33 70 98
11 22 78
49 80 28
10 68 31
34 71 67
72 22 8
91 62 99
94 59 58
74 4 71
76 28 93
26 94 38
3 0 53
6 59 18
40 25 61
37 4 23
16 46 31
80 25 44
69 12 15
36 70 77
91 85 41
57 49 46
34 19 67
80 72 99
61 10 18
26 27 18
76 5 91
75 41 99
31 20 85
46 16 75
45 62 12
6 30 80
26 44 91
18 19 48
39 16 41
79 32 92
89 44 26
4 39 33
15 47 86
42 67 78
88 78 88
29 32 38
78 7 12
73 62 48
55 89 29
17 80 100
95 54 63
32 73 82
36 38 28
29 67 98
79 64 61
47 81 22
50 38 36
7 11 41
18 41 42
91 75 52
40 75 48
67 75 40
80 94 49
4 0 35
94 62 64
83 26 87
29 78 79
61 25 95
34 50 31
42 97 88
45 76 94
14 52 25
42 79 79
46 41 48
56 27 89
99 32 56
7 87 29
19 10 99
9 37 43
86 22 21
15 58 10
24 66 50
54 75 78
71 92 3
76 54 54
83 63 98
45 59 95
49 30 26
44 97 39
53 89 70
94 40 16
77 80 54
72 3 58
21 71 15
18 56 57
98 12 93
6 85 51
51 88 49
47 16 72
39 21 12
88 35 3
98 9 83
45 37 100
13 45 43
12 34 11
82 10 75
69 68 86
85 0 53
96 77 83
16 75 19
45 58 59
79 89 87
10 34 41
27 79 99
13 90 13
62 55 65
22 19 53
36 44 3
86 0 77
84 77 22
65 67 95
79 4 15
85 75 21
26 50 81
55 75 36
52 47 39
38 0 49
56 9 65
83 33 61
73 78 29
50 98 92
66 85 62
26 51 37
34 53 17
95 90 20
63 50 43
30 90 46
72 91 23
0 23 71
68 59 68
90 49 36
48 63 25
45 96 5
46 47 12
0 94 10
75 49 16
77 78 97
46 80 16
51 28 90
54 82 82
63 52 23
49 94 44
47 83 92
48 29 13
95 50 99
46 42 3
23 15 10
88 44 58
78 46 87
47 91 35
98 86 84
38 8 22
76 19 66
33 78 42
93 97 63
26 93 75
18 92 39
93 30 55
28 21 12
11 86 76
40 36 39
45 7 5
84 16 19
99 16 29
42 68 31
36 37 14
46 40 97
52 81 93
57 78 97
13 99 33
91 39 99
19 94 98
27 51 96
31 62 85
61 42 93
84 18 59
48 21 95
78 52 79
89 58 9
85 34 98
35 69 48
59 31 55
26 69 93
61 13 62
9 66 23
65 19 55
89 35 91
7 36 84
23 2 39
16 47 60
23 21 36
40 92 73
89 40 7
83 74 81
94 7 48
45 44 28
48 85 82
9 97 15
4 62 45
97 19 62
64 48 29
85 38 56
19 54 46
66 99 83
64 12 10
88 23 34
88 26 51
72 64 36
24 96 83
17 15 31
13 69 11
28 8 83
44 97 40
0 91 1
3 93 91
31 34 72
13 53 85
54 78 55
91 42 88
66 79 70
29 32 2
73 62 68
22 62 80
33 3 84
13 60 79
57 11 72
69 46 35
59 8 68
24 5 50
21 84 38
44 2 87
19 41 85
71 21 31
7 51 53
2 13 60
13 12 61
11 75 75
27 96 51
61 1 53
75 34 8
30 1 88
57 86 72
64 85 24
94 18 40
63 50 23
13 16 83
99 23 45
36 37 93
43 10 62
92 73 81
18 45 80
12 46 83
64 52 24
34 1 95
90 3 99
25 62 92
93 40 16
99 92 14
93 27 87
92 35 87
68 34 65
56 29 6
24 89 41
93 45 29
59 26 16
46 9 42
23 46 54
5 91 12
57 36 55
49 27 56
78 20 24
98 12 83
9 56 62
23 87 36
35 12 8
1 35 34
15 48 41
80 82 40
69 52 55
6 13 35
24 90 61
64 40 44
3 64 40
17 85 97
64 98 10
0 26 19
3 51 5
43 14 16
94 45 9
57 0 23
86 58 51
27 44 66
58 3 98
26 23 61
72 74 48
93 97 90
20 35 28
65 4 38
16 77 87
99 4 67
34 21 61
65 56 94
26 44 3
3 89 44
24 2 31
36 25 70
78 34 89
40 72 3
8 28 80
76 2 6
49 36 37
51 96 28
4 53 95
36 55 28
60 57 41
54 11 28
72 10 75
57 95 32
4 34 60
77 55 46
70 95 40
43 34 61
93 96 25
89 76 71
53 46 70
91 29 80
35 45 11
35 37 26
1 49 50
46 89 65
59 4 42
57 34 90
1 75 29
79 89 28
96 49 49
9 49 53
99 35 79
58 91 30
32 22 51
63 85 14
30 36 8
97 52 49
83 16 97
32 80 83
6 1 43
89 97 76
83 38 85
81 12 9
49 76 36
63 6 53
10 91 32
14 8 77
95 39 9
44 39 58
46 51 78
97 94 72
19 22 29
75 10 3
13 66 15
47 1 31
12 40 87
81 67 26
58 5 47
45 86 33
91 96 94
48 24 11
36 18 75
79 83 17
46 64 3
85 1 20
62 85 39
47 7 52
43 90 97
99 64 50
57 64 47
90 86 68
4 13 1
22 26 62
93 73 69
37 93 40
87 79 1
1 93 78
51 35 62
93 59 57
47 84 14
61 10 11
20 81 58
40 62 21
8 6 2
94 96 89
67 96 11
72 32 39
48 15 53
40 47 11
98 55 54
27 31 55
19 25 17
54 63 41
66 36 28
11 40 44
70 37 77
23 92 79
88 16 11
19 49 68
48 60 38
39 35 12
69 92 40
47 78 91
77 46 89
56 27 96
26 12 38
4 49 81
64 33 89
51 94 88
65 22 62
24 58 2
84 22 25
70 80 32
9 41 30
93 5 88
89 95 71
45 22 10
32 99 28
76 15 28
77 94 71
8 0 78
62 69 43
90 45 25
69 26 46
27 41 78
75 86 85
31 60 39
21 56 95
54 36 53
98 28 28
8 91 59
59 52 17
4 23 95
42 11 4
36 91 65
65 58 84
27 20 16
73 98 70
26 56 91
27 32 82
22 60 94
96 27 91
53 77 5
92 74 29
90 45 1
67 72 48
88 17 95
93 94 74
39 32 50
32 89 53
25 42 41
51 78 57
12 79 96
44 66 66
10 96 54
59 63 33
22 85 5
74 89 21
44 11 76
28 3 65
58 16 44
72 60 90
13 81 57
52 27 44
49 73 44
64 61 98
4 47 29
48 28 65
11 36 44
20 55 75
19 34 11
62 26 90
44 6 41
30 67 65
37 90 12
78 71 87
62 63 10
15 12 69
46 12 98
29 73 88
56 97 71
52 84 19
73 53 66
42 62 52
58 32 70
38 83 59
96 48 60
74 84 25
83 93 82
79 69 73
47 33 97
39 26 9
36 97 61
97 56 42
59 52 86
34 22 48
60 14 34
44 48 59
37 60 22
14 61 36
91 52 33
77 16 15
32 0 96
29 33 70
31 26 20
89 78 69
88 36 57
65 70 54
25 49 2
60 34 14
70 74 7
57 29 57
92 67 58
78 5 90
94 24 88
10 62 99
15 18 50
21 41 90
3 70 64
25 44 64
74 24 38
10 18 88
70 1 48
82 60 13
64 86 85
58 36 38
69 75 89
74 99 28
76 88 62
53 14 70
98 75 66
71 80 14
79 43 39
13 11 36
37 73 40
29 78 49
93 91 63
64 48 83
70 78 67
59 2 62
33 93 23
44 51 73
65 41 83
76 94 72
67 9 81
49 67 84
1 86 29
19 91 50
63 77 53
69 41 39
60 29 89
41 81 8
96 1 88
56 55 71
58 80 95
45 13 16
46 48 94
7 92 48
19 86 46
0 51 30
38 28 15
71 68 35
51 67 64
36 58 82
57 50 30
79 70 12
89 85 56
14 97 37
20 5 11
60 48 46
87 37 98
43 48 11
28 7 48
33 42 64
6 91 45
87 0 62
89 95 31
82 15 96
2 44 27
66 76 6
65 54 51
50 53 2
86 10 21
33 38 10
99 66 16
8 61 62
75 26 61
77 62 23
85 50 53
8 92 86
14 22 63
38 82 40
44 79 17
11 65 56
7 54 89
7 42 16
19 64 2
85 12 81
96 33 87
11 70 12
68 52 11
11 70 79
59 9 22
5 55 85
78 20 80
0 23 5
77 72 47
53 43 91
31 89 5
70 69 24
77 94 13
33 82 30
42 65 23
7 23 31
29 35 1
63 74 33
21 66 11
70 23 96
80 75 11
92 94 36
18 17 2
56 1 46
41 30 78
31 95 47
48 35 13
19 54 62
83 26 95
37 12 32
98 14 47
25 64 66
78 83 31
17 13 3
67 7 80
83 63 61
94 29 39
44 19 57
80 48 73
53 22 34
23 18 66
38 71 3
39 3 98
22 40 16
18 43 51
29 48 58
89 69 31
77 78 46
66 74 84
11 50 43
85 69 80
31 50 81
99 98 47
11 74 69
73 32 60
44 53 30
52 42 68
57 64 15
33 34 82
37 75 75
92 48 87
34 77 95
49 83 44
88 65 82
76 89 45
55 82 14
90 76 17
95 71 49
96 2 62
10 77 42
2 38 77
44 83 65
15 71 10
0 95 78
79 33 74
98 73 1
17 97 41
78 50 18
4 58 50
96 75 43
32 26 39
30 27 66
35 83 12
46 38 78
11 88 6
3 84 30
57 12 57
80 46 88
68 34 64
60 44 35
58 98 41
33 67 95
0 64 46
38 60 4
41 76 75
34 28 67
86 35 12
26 24 16
78 46 54
96 34 66
76 37 57
22 92 73
12 63 13
76 3 24
30 86 30
8 89 51
10 39 38
52 60 27
77 70 83
56 37 59
60 18 79
28 92 55
52 4 62
20 35 63
47 36 10
71 75 51
15 53 69
54 43 33
47 68 88
8 39 94
65 71 99
81 26 44
21 77 61
77 99 74
20 29 35
6 30 91
74 12 66
95 30 52
23 51 41
97 65 91
73 33 32
85 75 13
36 44 26
56 69 73
33 86 49
50 28 37
35 62 62
3 19 41
13 9 31
24 16 37
39 57 85
5 78 89
66 15 93
22 67 22
47 56 85
87 13 46
16 94 20
84 30 94
93 62 50
57 91 75
13 67 41
24 69 70
20 36 33
96 89 79
13 94 8
31 21 57
57 73 5
2 44 60
72 26 99
76 87 96
19 67 94
23 16 30
77 93 7
99 64 11
91 23 29
2 16 91
12 28 99
92 21 8
55 75 37
75 58 58
59 23 48
66 63 25
12 59 5
32 68 15
84 78 14
42 6 12
79 22 39
39 77 19
83 57 77
5 45 24
96 83 82
50 73 69
55 70 72
94 22 11
61 28 85
52 8 48
44 53 71
66 53 89
22 6 74
56 96 54
24 39 13
37 52 95
79 3 34
16 18 74
82 68 44
6 90 48
80 74 3
50 27 40
76 52 65
18 13 33
37 86 33
63 19 51
85 53 88
50 22 28
32 6 86
0 49 84
96 28 69
35 99 20
52 83 32
87 8 45
25 30 13
32 13 99
5 15 1
6 83 11
13 34 79
39 15 65
75 35 42
67 20 27
69 97 72
85 11 73
93 66 47
9 30 81
39 5 58
48 49 70
37 85 3
2 72 27
64 19 66
75 2 72
49 34 23
7 2 68
7 36 72
42 67 10
69 29 3
48 50 73
95 47 92
1 7 62
89 76 86
91 58 6
29 50 66
27 73 20
5 59 83
44 93 43
38 75 100
43 62 62
59 20 71
35 43 93
45 89 39
98 97 2
88 21 69
21 55 84
96 11 60
20 13 36
17 64 55
35 1 5
53 43 59
4 79 6
87 6 50
98 87 19
83 35 20
47 35 37
28 81 44
7 28 40
85 72 18
79 4 73
25 30 12
8 90 73
14 82 35
37 29 13
67 34 50
48 80 87
42 68 93
99 7 95
13 34 7
56 26 81
31 15 19
15 4 62
59 46 88
85 90 82
8 31 39
32 83 74
65 2 35
50 88 63
67 66 43
39 24 72
99 54 10
43 4 85
23 66 76
78 64 56
89 81 31
26 7 11
13 66 78
85 46 99
8 36 18
94 44 36
4 60 47
40 88 5
7 45 70
6 68 77
24 79 15
45 29 64
0 99 44
17 41 6
98 24 85
7 72 72
2 17 42
13 4 63
35 59 30
74 11 64
32 46 86
14 95 91
77 91 72
17 32 20
34 56 13
71 94 57
40 88 60
68 56 14
18 66 100
33 41 34
67 36 40
4 50 53
1 16 100
8 78 96
11 5 30
77 94 15
41 93 59
71 57 12
54 72 80
77 92 62
98 91 87
52 45 54
68 63 33
26 13 22
78 61 3
54 28 87
57 38 48
65 93 40
12 39 32
91 60 6
48 50 72
95 11 18
2 78 32
53 59 69
22 96 71
27 93 99
79 28 65
9 25 85
70 98 77
1 32 30
93 2 60
33 80 94
96 52 75
3 39 33
68 35 64
70 43 72
1 74 4
78 64 26
40 63 31
87 48 25
66 13 84
41 62 51
51 29 76
18 45 74
3 76 83
4 19 66
15 14 16
58 20 49
4 34 16
22 77 67
30 72 2
10 98 94
64 89 100
34 68 8
9 11 97
43 13 4
38 51 19
60 83 3
96 78 5
92 15 43
50 18 80
9 53 67
83 51 99
56 23 35
36 23 38
86 50 6
89 38 33
61 77 19
20 3 70
88 40 52
70 38 2
64 22 51
86 88 18
70 43 29
55 19 78
2 42 73
13 91 35
71 73 9
55 7 16
76 92 83
0 55 40
91 4 44
73 77 14
0 88 19
85 23 27
10 69 65
86 44 77
96 3 20
26 90 94
55 75 67
53 43 77
32 83 92
85 4 24
19 72 59
57 59 99
45 42 76
55 97 58
42 52 26
66 46 3
61 86 23
74 85 81
65 85 71
85 4 30
10 31 76
65 42 96
46 58 83
37 41 24
17 25 32
81 98 94
24 8 52
95 77 22
24 89 26
38 22 59
6 63 47
55 16 60
36 99 99
98 80 42
26 38 45
29 17 71
90 34 89
94 30 20
27 15 64
44 34 67
38 8 68
0 99 62
41 50 61
88 39 23
94 76 33
70 38 75
75 84 31
67 63 56
28 82 74
82 88 21
43 71 4
98 77 33
94 26 40
2 18 40
69 26 31
11 84 14
32 98 99
62 45 74
25 92 64
45 49 64
0 83 16
13 25 58
55 70 83
83 10 96
14 23 2
21 80 95
33 50 53
41 52 75
55 89 51
67 61 76
9 61 6
7 55 71
80 24 14
31 60 43
26 86 34
12 66 21
17 53 42
76 39 27
80 57 15
29 34 67
84 29 81
98 31 35
11 7 38
68 44 92
84 76 43
81 25 72
52 22 49
60 74 51
14 61 3
58 95 51
44 64 4
22 63 40
69 42 80
97 54 29
63 49 98
57 91 43
27 67 53
56 98 80
45 5 96
35 39 92
37 15 22
32 90 87
4 11 61
68 70 8
20 64 35
42 23 18
29 32 64
25 49 75
95 17 63
6 39 84
53 89 26
10 85 25
28 74 30
96 43 61
5 33 81
61 37 19
23 24 44
1 44 4
63 98 57
17 42 16
5 50 56
34 74 45
28 71 50
26 87 96
38 56 12
20 62 38
24 53 54
36 34 17
30 52 8
50 29 76
29 70 63
30 58 100
13 54 55
72 33 72
99 78 4
21 78 25
13 97 93
5 48 94
60 38 44
77 32 46
91 35 40
81 51 19
41 68 54
4 97 27
68 21 37
88 54 9
40 98 26
49 21 50
29 36 45
1 9 47
38 15 16
1 71 12
15 71 21
66 84 1
32 87 19
69 66 93
44 50 61
76 78 100
35 11 4
56 79 7
52 30 88
17 21 50
27 43 39
44 42 15
90 24 100
80 40 27
80 34 63
61 80 20
47 16 84
52 6 65
71 56 94
81 87 80
36 64 46
14 98 63
56 74 4
43 37 37
72 97 39
25 32 21
62 98 49
91 52 82
77 10 83
91 95 34
57 29 39
36 87 39
85 80 31
47 14 46
80 28 1
34 37 56
18 83 77
74 37 39
39 60 30
54 94 29
6 32 55
79 49 24
3 18 63
91 87 74
76 35 92
55 96 41
57 58 20
90 0 75
7 55 96
90 6 59
77 10 39
46 41 50
81 24 48
31 85 8
19 84 18
71 78 30
46 12 26
91 16 99
17 78 22
26 81 4
96 4 86
58 20 66
39 35 33
39 94 25
75 23 28
4 13 16
26 79 57
74 89 8
85 89 83
39 43 97
72 14 88
10 8 64
7 67 73
21 80 97
43 58 44
96 27 6
71 17 58
20 57 54
91 56 67
33 45 97
50 1 94
45 50 19
80 14 72
76 67 83
83 43 21
35 69 75
30 10 5
31 24 46
26 66 85
19 99 22
77 22 50
97 99 8
50 55 72
37 81 47
76 56 16
68 28 55
82 44 14
97 28 53
79 29 62
17 82 68
31 73 7
64 20 48
75 91 12
41 80 84
60 23 69
61 24 37
87 8 1
35 79 13
3 29 67
49 16 70
29 26 20
53 12 83
51 96 94
43 5 34
43 81 73
43 78 71
72 98 82
24 13 100
85 17 94
12 81 24
50 35 61
87 7 54
78 97 40
51 76 14
68 65 4
77 64 85
71 29 79
81 67 34
31 98 3
69 83 90
18 88 40
28 30 20
62 58 69
83 57 45
66 27 72
62 3 53
60 95 69
76 68 42
56 26 69
67 48 81
36 28 64
73 84 30
62 46 59
39 96 72
82 34 71
91 6 68
62 48 28
13 93 46
12 56 84
26 50 28
83 30 26
19 97 6
51 85 10
74 75 14
32 72 87
78 13 81
42 90 15
49 34 55
38 24 91
98 61 25
24 71 92
39 53 96
65 20 65
31 53 46
88 76 34
33 4 92
75 93 80
51 72 80
85 41 64
96 91 24
9 85 44
55 32 56
60 46 46
35 10 6
91 55 2
8 17 59
64 66 81
36 65 18
39 3 93
67 60 92
1 91 13
92 35 99
2 69 84
61 32 50
50 99 48
54 62 30
19 47 81
50 88 16
92 66 20
72 34 20
12 35 11
66 37 26
75 12 89
86 92 30
95 10 72
6 41 53
4 3 85
1 50 97
22 11 42
1 31 9
78 37 89
93 76 13
60 40 35
0 62 10
20 97 91
38 78 10
99 37 19
71 83 12
67 96 65
59 42 94
98 93 68
33 64 63
10 1 46
48 73 34
85 4 32
62 83 43
43 29 100
39 93 66
82 16 57
21 85 38
53 15 52
55 74 98
90 10 99
41 68 22
38 14 97
31 24 98
82 58 76
50 21 65
64 23 17
50 96 28
10 66 85
33 15 26
34 72 56
9 49 48
66 29 49
90 62 8
64 12 91
43 25 73
99 94 40
10 1 87
70 91 80
77 27 98
4 62 79
1 99 76
54 76 31
85 84 82
95 71 77
33 8 6
64 69 70
49 7 78
44 47 88
30 29 92
60 70 13
21 74 81
81 36 50
22 10 50
84 95 84
18 87 71
91 11 11
82 95 62
67 44 87
34 3 76
81 90 4
76 88 36
22 36 17
57 15 40
55 24 10
59 35 51
89 38 17
82 13 64
22 3 29
88 79 92
86 33 46
11 18 64
39 72 59
35 67 57
67 35 10
7 71 28
26 45 32
58 71 82
71 92 74
93 81 49
50 45 41
47 3 27
79 35 19
75 66 64
91 34 23
12 23 22
46 77 93
45 21 45
96 5 15
52 23 45
30 52 77
56 97 3
38 43 83
21 89 9
33 97 66
80 55 13
77 27 14
90 37 50
46 78 31
97 47 81
66 89 77
49 1 82
13 53 51
23 18 29
32 88 42
36 74 29
51 14 18
48 14 98
73 97 3
64 82 83
54 0 99
34 90 14
0 76 93
86 11 69
83 33 11
99 12 15
24 64 73
43 45 30
88 32 89
61 17 65
99 87 61
57 65 38
14 6 49
13 23 19
99 82 12
88 16 49
41 26 82
5 82 6
42 33 96
92 48 89
94 1 95
48 76 5
48 56 72
82 66 75
73 41 31
74 17 13
3 62 65
47 79 75
91 65 91
13 0 13
83 91 29
82 87 89
33 87 62
82 53 70
88 10 69
64 54 63
54 70 53
77 0 10
81 1 62
66 24 54
64 41 99
33 35 42
82 0 75
79 15 89
34 83 81
72 13 64
19 43 55
97 17 66
72 48 40
60 16 20
85 77 1
38 95 82
70 82 2
56 77 12
69 45 29
44 77 4
61 4 67
71 46 1
43 74 59
38 59 85
46 33 27
72 92 76
80 87 63
80 88 37
8 4 61
52 48 13
82 63 15
53 18 20
19 27 8
66 88 63
69 76 49
64 1 4
28 47 90
94 3 65
14 88 14
77 10 3
21 83 61
49 78 78
20 99 33
66 13 25
36 21 46
8 34 73
15 48 69
2 20 96
0 83 85
40 67 47
69 6 93
5 35 28
47 29 80
50 35 34
9 92 5
54 88 71
47 1 5
1 44 90
15 10 18
59 46 58
97 92 98
97 48 27
14 7 28
91 99 86
64 35 75
70 27 23
49 48 61
23 55 78
76 3 94
86 87 70
72 9 18
54 84 96
94 38 32
44 45 4
20 32 49
90 33 11
29 48 21
26 88 10
65 60 21
9 99 21
70 9 11
50 2 46
28 24 54
92 96 31
96 12 51
86 38 77
2 48 38
80 21 31
19 33 71
18 89 71
23 28 6
35 27 64
84 88 25
19 10 31
86 93 43
18 90 81
99 3 42
37 25 100
45 90 96
41 14 60
53 62 52
61 49 60
36 92 3
31 69 38
37 18 81
65 74 79
63 34 80
85 6 29
60 48 96
30 17 60
93 51 66
86 62 21
29 88 74
14 70 76
49 17 6
10 32 8
3 55 87
39 25 12
56 37 91
19 35 37
92 65 83
75 73 55
49 97 95
92 90 40
79 35 19
44 90 61
56 58 96
37 41 73
93 9 49
28 91 94
98 74 83
40 54 63
30 92 76
27 23 55
62 41 34
64 63 59
49 1 74
41 81 98
42 84 9
99 50 74
35 50 36
88 87 61
61 39 23
62 72 72
85 53 56
35 28 14
13 51 3
5 95 99
85 6 49
41 90 6
86 20 79
93 70 93
52 77 16
32 86 45
20 4 73
34 11 73
92 51 96
42 28 21
54 12 60
69 32 54
58 91 40
2 80 7
20 32 97
31 84 10
31 41 61
76 95 47
35 85 61
21 72 21
10 21 81
83 33 74
88 97 6
66 41 74
65 51 5
64 26 84
36 19 46
87 45 43
87 10 42
59 67 24
16 5 79
85 24 82
31 79 20
38 70 92
55 73 20
57 49 1
86 41 95
32 29 34
19 38 95
62 19 67
69 22 88
20 30 99
82 56 63
82 62 21
6 3 45
4 18 44
3 98 51
68 4 41
42 35 51
15 93 35
90 25 46
97 8 70
96 30 79
39 49 65
57 91 38
50 11 37
6 93 17
93 21 53
22 11 74
63 6 25
57 67 69
76 5 7
82 83 97
55 80 74
43 49 48
97 86 8
16 5 22
71 42 61
57 9 9
31 77 46
66 6 28
86 88 61
24 25 84
86 65 30
15 76 14
16 12 78
96 75 68
4 69 74
2 29 81
2 62 60
62 79 62
41 42 74
56 23 75
54 82 44
97 19 97
26 54 58
11 21 12
85 14 75
74 66 58
18 90 48
17 42 3
11 70 10
85 71 43
61 68 92
79 39 38
26 99 4
66 39 97
41 26 22
3 7 76
72 96 4
23 91 42
49 52 78
21 34 15
36 25 21
77 32 68
95 17 82
92 34 8
92 16 3
97 3 46
99 77 74
52 75 83
96 43 90
65 83 77
25 4 49
39 98 38
67 81 90
30 97 62
99 68 20
12 18 87
23 79 91
40 34 25
40 33 90
63 69 48
85 20 13
18 85 64
81 32 35
28 25 37
43 57 44
9 24 66
26 10 79
26 78 1
17 63 70
24 64 98
26 23 27
92 32 81
2 50 46
34 72 5
11 58 2
41 33 88
24 88 61
51 42 13
17 47 86
18 45 77
16 27 58
44 88 15
27 76 25
59 91 4
73 76 65
18 32 92
78 56 27
66 64 63
47 51 35
75 82 23
7 6 29
25 77 62
72 80 75
18 72 68
22 80 80
50 23 16
95 38 19
18 89 23
11 35 41
61 33 80
30 91 16
59 31 44
15 33 1
16 66 89
3 76 34
79 51 35
7 10 63
52 15 43
31 29 85
47 93 99
40 81 15
64 23 93
47 74 60
6 5 81
82 2 46
51 30 83
83 49 37
66 60 90
43 92 12
76 96 54
12 23 42
58 21 98
55 84 38
25 33 39
29 38 87
73 33 76
23 54 66
13 50 44
26 96 32
88 33 54
50 49 84
75 82 35
87 34 86
36 4 86
24 42 27
44 79 48
76 69 63
30 72 37
70 66 37
18 35 50
34 54 52
92 59 32
44 96 45
99 44 52
93 74 39
62 19 81
88 83 35
80 60 61
56 24 93
82 61 27
11 21 81
14 30 29
95 27 88
50 68 5
77 16 1
67 81 67
64 68 67
62 74 66
17 30 82
7 39 4
82 69 36
10 97 33
75 24 97
14 31 47
79 57 43
94 32 9
71 89 82
66 40 99
65 51 66
61 84 16
23 65 40
34 7 62
52 14 80
81 78 89
56 5 46
26 3 19
14 98 47
89 79 50
34 42 23
99 24 6
83 98 62
77 51 23
67 5 90
35 45 46
92 79 79
54 95 96
43 18 47
57 43 81
4 68 30
62 55 77
14 82 81
70 84 3
99 60 31
68 96 67
97 22 56
32 5 64
16 28 7
73 27 29
6 58 87
97 80 35
53 51 43
63 98 10
60 12 44
53 6 29
33 37 61
35 59 94
9 38 29
85 49 57
10 0 96
13 8 20
68 99 36
35 50 10
9 82 75
20 18 78
13 26 97
99 45 54
7 94 98
36 39 95
47 69 68
72 98 76
62 22 9
88 91 46
64 80 54
16 49 66
9 23 38
30 78 29
93 58 9
30 71 66
17 56 97
38 13 38
55 53 89
61 4 19
74 77 83
52 98 18
30 95 65
23 88 80
86 23 88
29 46 91
57 45 55
77 45 79
21 94 43
7 2 71
61 88 96
30 42 37
85 56 81
46 82 27
47 7 93
18 8 55
24 85 73
95 47 91
77 62 36
56 2 66
49 88 63
5 4 57
37 26 69
64 11 72
80 60 67
40 88 61
75 90 28
72 92 1
7 67 82
89 54 71
97 19 100
35 96 29
94 17 21
88 53 64
84 13 51
96 97 15
30 49 29
20 87 39
33 4 7
57 64 40
51 77 2
8 14 12
26 58 29
38 29 19
43 80 4
20 79 87
88 31 99
77 20 17
7 64 64
39 40 11
63 52 86
96 72 58
21 80 6
73 88 98
81 18 27
95 78 21
24 99 75
17 8 87
62 68 3
94 88 70
99 73 50
54 44 53
26 88 35
48 96 60
6 75 23
2 56 77
82 93 12
38 2 62
50 3 72
14 47 87
33 49 62
6 41 44
85 58 67
19 9 44
60 68 9
57 28 81
39 82 78
25 49 61
28 76 20
22 62 89
7 95 65
69 74 56
4 19 47
46 63 44
41 67 72
68 92 51
58 10 97
18 94 42
50 59 69
73 19 12
35 91 72
84 46 96
88 27 23
12 87 61
51 82 19
39 83 36
61 49 77
46 99 60
35 28 54
89 5 41
90 47 56
87 23 64
98 5 70
38 76 96
77 28 36
6 96 40
7 40 17
80 36 8
4 14 23
55 23 48
5 30 78
37 33 92
14 58 23
86 31 90
97 60 69
54 47 15
56 52 69
0 92 66
88 33 88
94 6 75
60 6 15
61 14 75
69 48 73
7 84 91
76 96 91
14 87 43
18 66 53
81 37 100
26 13 14
8 32 57
52 85 71
52 33 8
98 33 32
89 18 21
13 69 91
33 93 63
11 47 26
18 77 44
26 80 63
13 71 62
91 75 88
51 68 31
21 34 6
50 20 44
72 86 2
88 28 7
28 39 24
15 41 87
79 25 56
32 79 44
18 62 53
95 33 33
20 64 33
52 34 48
62 21 82
99 25 66
35 74 11
7 52 92
47 43 21
69 67 82
56 45 54
83 77 1
62 82 67
28 96 66
68 92 99
78 29 50
86 91 4
40 55 98
71 98 1
11 83 43
0 1 5
85 28 77
32 58 36
83 39 23
99 65 42
12 66 75
62 81 99
61 18 13
53 86 86
0 8 97
22 29 49
94 47 39
41 64 38
34 44 4
13 22 20
49 24 47
43 42 29
4 93 35
57 33 2
49 4 76
29 23 35
91 39 35
68 64 21
49 39 32
36 93 16
63 50 100
18 70 97
93 58 30
59 96 48
76 31 97
57 89 3
86 46 95
8 18 50
47 91 49
10 26 61
41 80 24
26 56 51
20 10 45
30 18 10
46 1 99
19 51 1
34 60 68
59 1 77
84 68 23
43 50 20
26 80 86
62 16 74
37 96 6
41 51 80
9 57 5
90 76 45
83 44 17
41 68 17
60 23 53
43 90 74
29 1 60
36 90 12
23 22 25
97 80 18
20 8 44
85 22 91
29 22 88
39 57 52
35 1 81
72 37 69
71 24 99
73 77 16
62 28 37
9 43 49
17 13 7
74 96 21
48 54 75
59 68 13
66 57 55
63 40 73
92 80 6
68 46 19
33 81 2
33 42 80
88 41 33
73 59 30
67 14 71
45 74 18
34 58 64
62 99 38
60 15 81
12 7 70
47 64 78
56 2 11
66 74 82
73 26 76
19 14 27
71 96 81
4 9 45
55 20 14
40 32 37
28 26 3
87 59 64
72 31 3
42 11 1
40 1 56
54 5 20
99 11 80
58 94 76
94 66 62
72 99 60
47 41 81
89 67 8
14 8 18
39 23 13
92 12 93
27 92 74
56 63 85
43 3 33
84 12 18
21 94 82
25 23 43
86 34 19
35 87 20
76 96 69
5 45 10
54 30 18
71 77 80
42 99 82
61 2 41
53 30 62
4 5 25
11 66 16
48 40 98
93 21 54
12 58 27
81 89 86
86 30 2
96 47 2
87 63 24
32 33 98
76 65 49
12 98 14
10 97 16
12 23 92
75 9 34
77 14 32
22 83 37
49 29 42
44 99 17
3 56 39
72 65 49
34 94 17
9 16 88
87 86 63
36 11 36
39 96 6
19 62 3
92 0 100
57 89 30
17 10 57
12 71 76
98 47 55
3 76 21
32 65 92
65 51 95
17 90 74
35 71 95
71 98 52
62 80 20
47 26 1
44 67 87
62 65 46
57 48 64
83 40 26
79 59 14
82 55 24
76 70 55
70 95 48
93 80 32
63 47 47
83 45 63
76 64 99
14 19 60
78 51 43
91 2 99
63 55 50
90 84 14
35 14 52
59 25 12
11 48 74
41 95 16
12 55 96
49 43 81
86 5 29
58 57 58
21 67 76
95 31 96
18 62 61
89 38 24
35 76 27
8 34 66
47 65 79
56 93 47
47 49 46
68 71 87
81 12 17
38 80 63
14 73 86
32 15 56
47 27 20
27 8 8
64 70 83
83 67 81
79 22 51
79 85 19
5 98 59
3 88 34
98 68 63
16 15 88
3 13 96
83 93 25
41 80 47
39 93 51
79 59 67
89 68 55
37 13 28
57 96 40
63 26 27
37 82 9
27 12 26
43 69 48
68 0 90
71 45 14
99 41 50
97 44 61
18 43 95
90 89 27
71 39 8
30 72 54
12 65 78
58 48 78
70 23 58
81 36 85
35 71 18
26 55 95
30 35 88
50 68 27
6 46 52
23 60 57
19 92 3
43 53 38
76 6 94
6 52 62
54 96 76
87 99 33
95 19 46
0 15 76
22 91 53
10 64 13
24 81 41
49 29 12
51 14 10
11 59 35
25 99 88
23 97 24
92 43 95
15 11 35
35 37 33
78 93 56
98 65 50
77 70 3
77 40 100
9 68 88
23 65 61
83 3 1
46 67 29
70 51 34
38 54 78
73 31 71
54 3 30
22 35 64
50 9 86
50 61 53
88 80 51
72 60 43
22 31 62
4 84 64
64 59 29
98 79 55
83 33 80
24 38 37
52 36 72
0 19 90
37 49 86
71 51 69
22 30 65
28 78 67
8 12 76
92 11 50
53 22 28
46 27 98
55 62 27
80 94 54
1 53 56
84 7 28
91 23 95
45 57 42
21 41 84
18 77 22
46 16 22
30 71 10
8 31 38
41 48 84
59 13 21
98 87 49
87 46 74
86 56 50
90 7 12
84 58 54
62 56 17
74 49 22
97 41 41
96 40 29
82 0 82
44 55 38
77 97 33
69 66 46
71 72 2
4 7 53
44 29 30
75 43 37
4 61 55
3 24 22
9 68 6
23 32 79
76 84 34
44 78 40
34 40 74
45 23 32
29 48 7
62 67 5
70 33 8
47 33 5
83 87 3
80 52 47
57 87 42
29 88 77
26 22 41
6 16 82
17 73 3
25 95 85
69 13 85
53 97 27
11 38 48
85 8 25
35 15 81
63 39 72
60 46 32
23 12 26
52 46 58
97 84 52
40 15 69
5 11 74
70 95 96
66 70 40
0 81 79
58 44 71
94 10 51
1 89 78
95 16 52
2 56 96
73 34 93
83 23 66
30 68 59
54 22 5
45 25 93
58 98 42
33 96 70
71 91 38
72 18 38
66 15 8
35 8 34
65 88 92
65 59 78
75 81 40
59 80 49
7 73 81
42 69 93
36 22 69
45 87 54
35 69 69
98 47 97
75 19 78
59 41 98
36 16 98
52 61 69
30 74 39
80 78 39
21 17 69
99 59 6
70 87 64
0 43 79
93 33 86
94 97 43
95 0 30
90 80 10
66 12 49
95 76 68
31 95 15
21 2 21
3 82 28
65 9 72
9 92 46
25 26 30
66 54 66
49 3 53
86 27 52
95 71 89
87 0 25
71 91 20
71 56 54
27 11 53
47 7 65
27 4 54
32 70 24
46 72 57
3 61 90
49 19 9
50 26 31
37 60 61
51 63 6
70 0 2
14 47 10
40 32 98
41 92 95
36 28 62
90 11 92
9 5 98
12 74 30
28 86 99
50 83 67
27 5 100
57 92 22
87 75 84
35 13 65
5 17 66
2 4 88
70 10 5
32 76 65
80 52 3
76 55 52
28 52 54
89 91 65
76 43 98
12 96 86
62 60 50
2 13 94
24 21 5
90 56 81
5 73 53
9 38 15
11 81 22
66 43 91
91 62 15
57 47 48
75 95 23
74 78 71
92 8 28
48 98 21
25 41 1
58 79 7
31 92 62
88 57 25
41 53 9
65 0 10
4 15 65
45 64 63
15 93 18
87 50 72
48 29 2
66 37 88
43 53 33
83 42 42
60 64 86
45 31 50
58 92 91
29 3 75
21 36 69
68 47 97
64 59 97
98 2 41
28 43 92
41 58 79
57 12 78
84 18 93
19 79 84
9 87 50
84 86 46
25 51 32
85 32 70
18 60 30
96 50 14
4 75 34
32 65 12
60 10 98
88 57 57
14 88 34
25 67 61
17 54 20
26 25 38
3 82 70
80 84 38
40 28 81
35 11 79
36 96 6
85 87 97
19 38 95
9 96 39
6 74 47
66 96 90
79 65 1
17 84 16
39 31 89
65 60 100
66 13 57
4 32 61
97 24 81
23 39 70
29 27 73
74 15 18
32 90 53
94 93 20
11 49 69
26 68 12
79 96 79
80 0 27
37 36 87
19 32 83
57 28 77
91 84 76
6 73 84
73 29 57
1 75 64
89 8 37
60 35 17
15 36 45
55 99 82
96 56 81
15 14 94
94 89 13
12 86 94
61 28 79
52 82 83
50 64 10
58 5 27
82 89 26
36 89 95
10 20 50
12 98 8
3 16 24
50 6 11
76 63 4
18 45 1
71 78 66
56 84 16
90 15 30
18 8 14
86 4 56
34 51 7
79 45 90
63 30 52
59 71 62
43 16 42
33 61 3
57 77 89
95 5 89
49 52 72
24 58 48
1 74 32
81 16 47
32 1 74
88 39 18
41 5 87
39 41 13
54 96 69
32 19 70
33 90 14
75 32 26
95 36 65
62 18 77
59 43 30
86 71 65
92 89 55
36 55 93
53 50 22
38 9 1
98 70 16
69 87 98
66 83 62
74 78 53
57 60 29
18 59 34
37 59 90
47 85 91
42 3 91
84 69 58
14 71 53
99 86 46
7 3 84
86 71 13
91 39 4
29 69 100
10 80 4
32 37 63
30 15 9
56 92 19
57 68 19
59 62 47
35 89 10
29 17 87
49 54 8
32 39 96
12 66 8
45 20 9
81 20 3
60 76 85
46 79 96
5 60 99
75 17 54
2 9 76
15 59 85
28 37 3
3 73 77
43 17 28
37 2 71
99 47 24
51 78 62
63 77 83
47 98 68
52 33 68
14 60 34
18 59 40
41 10 34
20 18 3
24 19 18
3 50 93
43 77 69
27 0 1
84 85 53
45 43 66
19 96 63
66 35 34
3 6 86
24 30 45
84 39 50
20 29 88
18 27 5
14 43 39
89 31 81
46 4 6
74 90 96
46 43 52
61 73 12
13 31 64
86 41 32
50 88 79
25 36 75
47 16 3
45 35 22
78 93 8
28 41 86
34 56 62
11 28 53
38 52 74
83 99 58
82 60 93
75 53 46
81 42 82
46 82 7
34 35 78
35 94 36
56 71 47
99 8 21
60 19 62
77 57 84
17 79 53
14 31 94
5 52 13
69 21 8
4 20 100
49 31 27
96 37 21
80 37 80
36 43 54
45 56 71
45 9 34
24 19 42
32 35 96
3 53 90
43 17 74
33 19 5
41 14 62
22 72 54
71 21 53
33 29 77
41 64 79
9 86 33
55 29 96
79 27 94
58 57 28
54 34 46
25 83 20
59 33 79
92 81 97
77 53 45
1 83 59
70 54 62
76 42 97
46 13 10
79 87 61
60 48 65
85 27 31
28 55 45
7 81 8
97 68 19
15 64 66
23 96 54
3 99 29
64 5 54
84 39 54
81 25 28
83 1 73
3 88 13
32 23 82
24 19 9
40 33 29
3 96 15
88 56 62
67 98 77
19 20 58
52 0 27
17 39 53
76 45 31
97 58 41
70 77 50
67 70 8
54 43 85
32 74 1
11 82 7
9 76 95
77 29 26
44 79 32
34 27 2
30 95 77
72 31 96
55 42 56
48 66 34
70 47 28
10 90 68
0 48 87
10 98 64
46 36 27
20 41 24
69 85 79
58 27 95
32 45 63
19 81 77
65 85 8
70 13 14
99 10 50
16 91 87
42 46 86
64 12 92
84 18 43
16 26 39
49 6 22
45 7 31
1 2 90
26 64 30
96 76 70
88 96 16
39 46 36
11 84 42
13 59 27
82 10 25
76 58 16
41 53 45
99 62 22
58 26 23
15 22 18
13 3 55
13 50 18
20 59 35
78 80 18
14 76 25
58 47 49
79 8 10
86 29 48
89 52 100
43 64 94
46 38 95
98 35 81
36 96 31
56 66 86
96 28 81
39 52 27
0 95 1
57 98 68
34 87 41
31 53 74
57 35 96
49 16 91
50 28 42
56 14 9
20 37 16
93 87 6
10 5 29
24 62 47
59 79 14
43 78 46
82 63 28
97 79 70
54 21 49
62 40 97
47 77 77
82 97 66
74 60 79
42 70 76
25 30 35
65 92 92
0 43 61
53 39 75
48 10 54
73 80 79
59 29 26
21 37 33
67 48 9
61 28 20
6 64 85
66 54 11
87 55 98
83 51 22
45 76 42
87 40 62
7 39 73
15 84 72
75 80 46
73 78 65
29 31 26
68 24 38
58 2 97
92 82 12
33 24 1
73 10 7
63 90 62
77 17 59
28 74 88
29 91 85
1 0 1
50 94 31
53 32 100
28 32 85
85 27 76
45 98 51
4 34 44
26 2 78
28 21 7
96 84 65
88 46 4
62 21 49
2 95 35
46 74 67
28 16 14
29 28 50
90 78 54
3 12 48
89 51 83
62 56 93
78 31 62
3 29 19
16 57 49
69 40 37
21 70 3
40 23 16
90 95 80
43 19 2
64 85 20
98 44 36
12 42 67
36 18 35
51 0 2
69 56 23
15 1 98
37 40 98
33 28 3
88 15 40
52 36 86
62 7 59
48 65 98
98 28 35
70 99 14
28 32 100
31 1 43
82 42 64
57 29 56
28 88 64
48 27 7
48 47 17
82 89 27
43 27 96
66 14 47
16 43 90
22 29 5
31 42 59
0 55 30
65 52 25
67 90 84
51 8 34
89 66 49
80 12 76
15 27 15
31 26 99
28 69 86
47 91 43
55 26 36
66 69 35
56 91 73
21 8 76
51 31 8
20 84 22
37 31 36
45 96 94
1 71 15
22 15 44
25 72 65
46 2 61
63 50 53
37 19 10
7 70 70
6 74 24
19 80 70
68 53 72
80 28 44
79 12 8
90 34 10
58 77 24
57 93 32
83 91 48
50 0 26
12 2 86
98 9 89
91 78 44
31 7 30
58 45 70
37 17 73
29 43 21
11 52 30
86 87 67
23 81 28
79 24 79
95 12 66
70 46 58
88 55 24
1 91 41
98 46 4
54 65 23
16 68 62
3 87 39
96 28 68
52 4 5
67 53 10
8 81 14
86 5 8
48 29 45
14 66 39
39 60 65
5 78 84
19 95 23
97 21 41
5 7 2
38 3 71
72 89 46
76 10 43
80 63 55
69 49 7
84 11 18
77 65 53
92 13 1
12 66 86
63 89 27
61 88 74
43 24 73
25 13 81
91 37 88
68 18 13
35 92 58
40 26 34
27 11 77
64 37 78
28 15 54
94 18 44
21 60 39
66 63 95
74 1 47
25 84 71
46 12 3
27 90 48
11 31 53
24 59 43
43 49 59
1 29 55
93 68 12
20 26 65
2 12 37
57 31 99
52 48 33
70 31 56
42 60 36
42 51 45
32 71 23
61 1 50
45 91 89
29 38 77
5 46 77
2 14 21
61 39 89
31 94 18
65 22 21
96 75 94
64 68 66
37 92 17
36 12 9
67 17 93
13 69 16
74 32 5
35 99 99
36 80 52
92 21 37
6 71 82
18 52 71
6 62 2
43 69 15
6 8 14
80 15 75
7 72 67
1 91 50
28 24 6
28 72 18
13 36 46
52 25 63
42 35 27
41 65 4
47 35 22
54 2 37
92 59 46
90 96 55
43 25 28
37 90 67
19 40 30
9 19 59
85 41 97
53 70 79
79 74 87
87 18 39
79 58 31
21 90 3
15 18 94
84 40 96
16 94 40
20 48 32
82 90 82
39 14 31
76 40 34
17 59 92
98 28 15
29 17 55
3 32 55
7 5 4
57 27 99
38 13 5
26 98 64
95 91 75
6 56 71
73 61 35
58 28 7
72 48 58
26 11 48
49 74 35
58 55 42
51 92 51
88 57 49
49 23 100
13 3 69
36 61 71
59 21 84
37 17 77
59 69 67
75 76 17
39 76 69
29 16 29
31 60 41
64 65 76
47 84 83
48 77 60
61 78 26
36 40 31
63 91 9
13 28 28
89 75 89
40 22 9
51 97 68
33 69 93
87 79 24
83 56 52
44 99 51
93 92 86
65 51 81
69 67 51
79 94 91
68 10 32
6 37 69
76 20 60
56 17 33
46 59 5
45 90 22
87 15 45
28 37 57
60 34 75
47 80 18
50 39 43
4 31 10
67 0 40
2 20 1
31 37 88
47 71 5
32 29 57
72 47 58
16 94 70
26 10 83
98 76 30
9 8 51
27 7 76
87 43 67
6 2 24
25 87 71
96 41 77
71 52 72
61 67 63
36 26 7
62 53 49
5 92 3
92 21 72
27 84 1
35 19 76
57 96 30
94 54 67
76 12 44
1 54 7
82 90 38
3 65 34
6 95 89
71 80 30
92 44 67
15 17 70
41 86 54
86 69 36
6 82 74
39 18 23
25 24 74
74 45 37
28 56 14
19 25 62
38 43 53
84 7 13
81 51 89
26 67 67
36 50 66
84 96 26
16 44 39
68 38 13
36 73 75
53 66 8
84 40 69
65 56 94
43 26 32
42 84 6
70 71 44
56 28 85
34 17 68
85 39 38
47 21 59
54 67 71
88 12 34
30 42 66
40 55 87
17 21 90
5 82 84
37 49 85
88 62 3
37 10 21
72 4 43
64 79 25
20 99 9
93 60 1
32 50 58
1 44 3
49 30 9
44 45 25
36 3 100
33 56 89
6 25 8
84 33 72
72 57 89
78 2 92
76 98 32
92 91 76
76 81 13
95 83 22
73 57 43
41 2 95
84 82 74
37 10 79
37 12 29
82 80 94
17 33 44
35 33 64
0 81 64
61 22 54
20 84 35
75 99 78
89 5 23
99 22 64
41 85 87
84 51 8
31 39 91
4 35 89
12 23 15
23 24 47
71 12 43
45 20 27
24 12 9
70 78 96
50 7 67
83 12 59
61 45 47
44 57 25
97 53 84
56 25 43
80 94 84
40 49 77
76 66 26
37 67 73
49 10 57
13 63 45
67 72 55
46 8 58
13 24 11
86 38 51
80 29 60
26 10 61
81 45 34
44 94 98
37 64 78
16 49 67
52 69 100
84 14 69
5 21 8
84 60 28
85 29 72
1 77 49
4 61 96
8 47 88
30 91 37
98 68 58
92 89 51
89 27 40
22 29 23
96 34 22
32 59 94
5 79 89
29 40 89
75 1 77
31 36 99
11 26 15
45 5 74
42 53 58
29 81 17
66 90 60
76 79 79
67 0 27
47 48 20
45 16 31
29 35 13
29 54 44
37 20 89
28 77 35
69 89 1
78 70 49
29 16 63
81 82 20
32 96 20
88 61 41
58 57 43
44 19 29
21 25 52
35 6 31
71 80 34
4 51 6
3 90 73
1 15 36
0 99 69
39 24 98
45 85 49
46 20 33
47 92 69
45 69 25
1 84 1
64 98 68
83 23 4
55 35 51
93 90 76
67 36 33
50 58 88
18 84 32
27 65 2
50 62 33
80 71 40
44 95 3
92 25 18
40 10 46
32 53 10
50 53 63
44 33 24
15 9 95
15 25 12
88 68 74
48 77 19
40 10 72
29 15 71
94 23 85
33 90 31
16 78 43
56 89 37
87 33 65
25 75 66
15 41 66
28 85 11
25 23 83
32 45 13
2 97 45
66 83 35
92 90 79
14 39 15
0 97 19
48 2 65
5 90 72
12 92 79
34 15 25
93 2 21
71 63 12
28 84 75
64 63 83
58 88 55
40 5 12
29 47 100
44 21 82
34 75 40
73 93 41
89 45 24
69 63 92
7 75 13
45 91 29
39 51 95
85 61 3
94 93 71
52 82 7
21 35 66
28 8 62
22 72 74
24 97 69
91 26 95
89 49 57
92 71 39
17 84 10
25 28 6
27 39 3
34 64 17
82 3 11
95 54 53
82 54 19
74 90 63
81 60 98
7 32 96
69 88 64
71 96 40
11 50 78
12 90 47
7 1 75
88 76 35
25 59 69
82 27 21
5 50 75
48 35 66
98 31 66
54 5 85
98 14 79
81 43 3
18 71 83
61 32 32
12 42 99
84 24 71
34 77 11
81 87 15
20 3 70
91 68 39
27 5 61
67 46 39
36 47 9
36 77 36
4 9 61
48 50 39
25 17 17
39 21 71
90 55 48
15 19 62
90 26 13
38 1 83
31 45 55
49 50 46
93 57 74
55 57 100
11 98 88
72 68 57
98 89 70
42 36 20
60 23 80
89 30 2
6 38 56
42 15 91
82 91 26
25 4 100
10 27 52
3 39 68
42 1 42
7 2 16
87 0 74
34 51 80
20 89 95
0 21 45
24 80 95
57 97 92
4 22 26
32 12 18
71 37 21
22 81 43
31 83 38
41 14 39
93 48 75
87 61 37
71 73 78
98 32 65
33 24 47
56 48 27
20 37 19
23 19 32
15 0 15
6 65 92
94 35 11
40 80 74
23 41 87
91 1 58
71 15 31
56 13 6
56 49 46
58 85 2
66 12 40
20 53 91
60 26 50
53 38 65
66 63 89
44 41 56
85 51 27
58 95 36
82 97 30
46 85 42
30 94 32
92 0 95
31 13 29
77 4 69
53 98 37
44 1 22
64 45 2
54 3 15
60 68 42
60 19 4
66 37 37
11 78 90
76 70 33
31 23 22
87 76 95
12 71 65
41 31 69
49 76 58
26 2 93
0 58 22
66 54 16
39 76 53
26 65 9
67 23 61
90 1 21
47 29 66
84 45 24
45 51 62
83 80 52
84 98 35
50 24 99
67 33 44
72 48 7
80 16 35
69 44 80
31 62 23
1 87 52
63 53 23
27 72 15
63 88 63
0 1 47
76 83 92
42 37 89
39 82 38
23 44 67
50 25 9
52 44 81
17 45 54
24 20 6
47 21 1
33 56 20
21 96 70
66 49 8
4 20 82
67 39 85
61 85 99
48 21 13
52 91 12
35 11 2
54 13 27
13 78 40
31 94 20
17 86 26
1 10 98
27 17 36
28 47 26
43 8 100
29 60 8
64 37 45
79 76 66
67 25 49
25 70 59
19 63 23
84 6 55
99 26 47
35 27 11
20 79 88
13 75 62
41 42 14
52 97 100
24 76 27
19 60 86
60 81 92
32 61 29
16 74 78
81 65 93
43 62 64
89 41 73
88 80 100
87 69 35
77 30 7
80 0 3
7 30 60
49 13 36
75 99 88
32 72 70
43 56 84
59 0 59
6 5 62
87 66 35
68 60 94
84 62 58
7 4 72
40 91 69
82 51 37
32 55 41
89 27 38
74 78 28
64 82 30
48 15 71
34 29 87
11 79 11
43 25 9
69 71 92
91 16 91
56 52 10
4 86 80
6 50 92
82 20 38
21 75 99
90 64 92
90 31 74
90 87 43
71 83 16
84 47 16
81 9 53
94 24 19
42 46 23
11 6 79
79 97 80
11 26 62
93 9 67
36 20 33
91 74 50
8 16 21
16 68 98
46 56 85
23 62 21
35 87 33
80 57 53
95 73 6
32 69 83
19 25 8
14 49 4
32 79 64
98 17 7
61 70 82
7 93 55
59 68 47
14 1 17
33 58 52
1 86 62
26 47 52
67 22 78
33 93 5
2 28 52
85 45 35
52 4 71
4 3 54
58 62 79
1 63 97
63 74 9
45 12 16
91 19 20
76 11 42
47 66 95
91 83 55
13 64 82
21 72 88
68 24 99
51 67 66
72 67 30
38 98 32
9 17 3
5 82 90
22 89 74
89 26 13
84 3 20
27 11 30
79 44 87
16 8 82
45 56 41
98 5 10
23 75 81
83 53 4
24 14 85
51 45 19
87 50 81
16 93 94
13 19 100
12 9 94
60 81 98
36 54 14
18 53 56
89 78 39
88 54 34
41 19 46
29 60 57
47 32 35
92 60 36
60 37 28
1 96 27
79 74 47
3 44 71
20 7 31
54 30 63
30 93 13
26 63 97
4 82 54
76 23 61
80 10 45
60 9 62
19 50 2
92 1 36
7 75 82
93 13 97
99 88 88
83 81 49
72 67 47
72 33 29
45 86 73
25 14 86
54 58 65
32 85 29
27 25 99
58 49 3
43 17 5
73 49 25
34 15 1
45 38 32
68 11 48
84 72 61
19 16 91
36 34 70
31 41 10
81 37 96
30 43 48
87 74 55
0 40 7
14 64 79
11 94 53
38 45 76
77 51 88
96 1 100
69 63 63
83 46 53
11 54 23
50 33 29
96 34 28
63 1 30
79 62 50
90 78 54
35 28 95
59 21 74
62 87 71
7 54 59
67 58 67
94 59 34
38 60 44
22 76 13
68 23 87
25 6 43
42 52 94
57 80 56
30 73 92
59 19 15
48 23 85
86 16 9
11 66 63
50 47 62
29 12 74
26 28 49
16 19 41
91 4 81
26 75 74
37 46 65
86 70 72
97 24 58
54 12 6
31 9 85
60 68 84
90 21 18
62 36 9
47 33 23
75 64 45
84 15 22
46 61 9
28 52 5
2 33 95
33 98 60
60 81 80
7 17 15
88 6 93
9 78 18
35 77 73
83 53 18
79 66 10
14 33 23
61 56 67
63 61 13
57 26 33
22 53 8
42 61 40
18 29 33
57 33 22
56 9 27
18 20 89
2 64 49
19 54 100
76 32 46
27 24 95
7 31 82
22 60 2
47 70 59
89 53 5
14 39 60
40 18 89
82 71 78
84 76 29
54 22 8
33 99 59
87 7 35
4 0 64
50 31 77
1 89 97
87 51 42
12 62 69
94 41 4
19 7 83
24 18 38
62 97 81
37 26 25
79 84 4
96 8 50
16 89 77
12 26 44
83 75 26
45 12 83
15 87 34
56 99 30
95 92 13
4 10 83
45 22 82
12 17 17
20 25 13
48 7 22
48 17 89
86 94 58
62 75 42
13 45 49
30 80 62
45 51 95
82 88 19
16 43 71
85 5 13
38 18 40
30 39 86
72 49 4
83 21 46
0 56 83
33 38 54
76 82 17
31 27 82
33 88 16
88 99 36
55 31 97
72 25 6
35 38 14
3 94 45
65 68 7
11 30 21
92 33 66
69 20 42
17 83 40
28 40 49
23 60 34
57 18 81
86 73 44
1 40 90
35 64 50
41 8 79
20 60 85
38 35 22
5 44 6
47 56 90
52 94 17
54 4 97
34 22 35
56 87 9
72 24 11
32 57 28
78 29 70
53 8 93
14 92 49
36 58 22
13 49 15
40 61 8
92 21 39
48 66 20
50 27 43
59 82 57
37 98 46
77 80 61
46 71 60
57 0 22
46 14 100
2 21 10
39 87 17
63 7 41
72 30 1
12 42 8
69 56 34
38 65 38
10 37 16
42 77 9
49 16 91
90 48 14
60 33 5
88 33 53
53 80 99
17 50 26
7 15 26
59 66 68
24 49 64
23 8 51
99 96 17
72 62 65
13 62 25
60 12 41
43 0 85
73 15 90
47 57 7
56 80 20
91 17 61
30 2 52
59 51 80
63 32 70
45 96 47
37 10 43
89 90 58
96 64 71
75 88 80
64 62 58
36 30 13
68 5 8
41 48 25
28 44 13
82 87 37
67 98 38
95 91 51
27 28 80
37 66 43
20 47 64
69 43 72
77 33 33
94 68 2
26 25 60
79 3 2
47 75 46
43 68 6
43 36 31
35 90 68
76 8 60
43 81 98
34 51 80
6 21 72
25 65 56
89 86 55
68 26 65
57 65 77
84 46 23
89 31 57
81 26 46
22 30 70
74 58 50
93 6 49
35 37 92
71 20 89
58 91 80
40 43 72
20 16 46
69 84 82
82 5 20
41 1 8
74 99 96
49 60 54
0 97 95
43 25 61
24 97 88
72 44 40
74 72 74
5 13 75
73 42 24
82 44 79
12 54 18
69 82 87
4 43 71
7 58 42
95 35 9
14 40 32
3 88 20
85 41 38
38 42 14
75 55 53
21 39 58
45 57 27
49 93 2
86 87 18
7 28 6
97 35 90
23 95 93
90 5 91
84 49 26
15 48 90
65 3 95
98 1 89
80 58 85
81 18 1
5 63 86
80 54 80
23 62 10
87 53 50
79 28 54
18 75 28
42 98 100
82 5 25
57 48 27
9 11 9
12 34 70
97 99 92
57 76 38
81 51 37
14 6 12
40 1 58
24 32 55
1 59 35
69 58 34
20 65 15
66 78 14
27 23 18
48 7 8
47 73 71
42 23 18
76 75 83
61 74 93
12 51 47
0 65 19
79 93 88
12 18 44
80 85 85
34 54 33
2 92 64
60 40 96
92 97 56
6 18 78
40 18 49
16 25 30
75 32 15
56 67 87
78 74 61
66 77 29
21 89 55
39 37 43
38 89 93
14 84 70
65 77 69
55 70 47
94 55 71
55 36 78
27 43 22
42 83 46
5 23 17
6 66 2
73 50 46
16 61 93
85 24 28
73 62 78
75 71 11
10 19 28
93 62 72
8 19 46
8 90 58
42 64 17
59 66 19
34 65 77
12 68 74
71 19 17
13 46 89
91 40 39
97 3 5
99 90 89
48 44 26
13 53 6
18 58 16
77 37 50
73 5 58
34 69 90
57 80 60
52 99 58
49 38 67
37 11 27
94 52 69
18 22 7
13 9 97
65 56 52
97 2 39
56 45 46
11 82 11
99 18 22
38 33 68
71 78 96
40 89 11
79 16 50
0 65 82
40 20 69
26 0 99
91 5 92
82 21 71
32 66 59
55 52 44
48 96 85
50 3 57
94 22 62
43 54 95
58 76 69
8 87 84
39 93 15
59 12 99
10 90 10
24 62 26
61 72 26
15 42 66
3 91 32
18 47 35
16 45 49
83 79 31
31 85 10
82 28 96
74 87 10
8 78 2
97 74 74
27 4 50
69 96 1
65 31 95
16 12 53
37 81 35
39 72 28
47 93 57
50 24 94
58 18 87
78 48 69
88 42 95
98 85 53
91 87 74
82 46 66
77 78 66
75 17 84
4 24 67
77 24 39
25 93 57
24 79 87
98 43 5
6 55 84
55 68 18
22 24 10
78 57 78
1 45 69
91 8 6
53 56 15
13 9 36
95 83 28
4 62 23
13 94 77
84 21 40
1 26 22
34 38 99
96 20 47
46 74 26
80 98 99
11 99 73
11 2 42
5 72 52
17 45 41
34 99 37
74 70 100
52 34 28
75 82 16
15 17 45
98 71 37
61 40 64
14 5 12
1 65 50
78 59 25
55 7 44
46 38 51
87 9 69
28 54 35
26 17 42
9 18 5
89 17 46
70 30 5
87 99 35
46 34 82
60 51 95
49 94 43
28 32 99
63 36 32
96 69 51
11 75 64
25 40 48
30 21 38
14 85 15
94 23 57
10 30 47
25 5 45
11 20 26
0 43 88
68 10 46
99 22 89
19 63 45
78 20 4
71 48 19
56 11 76
57 59 5
84 18 28
6 86 75
89 65 32
59 55 60
67 21 58
6 73 4
76 16 3
13 64 79
24 27 59
85 84 72
15 87 61
95 28 66
68 15 73
4 84 54
75 54 17
72 13 84
1 71 32
0 8 87
13 2 84
67 90 10
7 75 74
13 89 51
38 31 40
77 72 10
32 70 74
24 90 46
81 63 97
13 4 62
55 75 84
0 60 62
59 13 88
59 49 33
17 47 73
21 12 95
6 76 96
34 9 10
43 7 32
23 74 99
45 39 78
69 84 67
55 6 79
28 35 100
87 22 44
39 19 68
73 98 55
77 9 64
42 32 18
47 37 85
54 40 21
36 26 5
77 15 37
31 82 55
32 62 62
88 68 10
25 55 85
69 61 73
0 24 40
66 82 1
50 64 80
82 58 53
52 68 88
89 59 42
9 45 79
36 91 49
87 69 55
52 74 36
70 14 33
29 72 40
50 92 60
8 14 38
1 44 59
17 77 36
24 56 32
12 13 9
20 57 16
95 56 44
25 68 23
73 69 2
43 54 51
41 15 8
47 85 99
27 77 52
43 65 90
94 40 33
10 22 78
95 94 30
26 0 80
4 56 12
6 92 64
44 52 74
87 13 23
89 57 52
35 22 7
72 64 85
39 45 100
62 12 71
69 24 12
23 83 100
12 96 25
43 56 30
62 58 95
63 62 46
46 18 87
14 73 96
34 69 19
71 30 97
40 67 53
79 69 57
41 86 56
30 95 99
9 44 40
82 89 32
52 62 14
41 28 16
32 74 99
90 71 43
82 80 71
97 90 9
98 78 50
75 52 28
46 8 69
51 7 36
83 15 44
32 6 45
23 9 69
94 33 27
36 65 44
38 69 89
88 51 48
22 88 48
60 94 3
93 83 25
22 39 57
51 73 99
44 86 23
80 85 22
95 31 48
41 57 47
46 80 6
49 80 69
57 2 23
16 70 3
15 88 37
40 17 78
99 96 74
96 41 58
73 33 72
53 9 63
37 84 73
6 30 18
25 8 100
84 90 96
60 11 33
11 29 37
49 15 61
96 28 11
81 30 96
34 53 19
72 85 97
75 85 80
16 34 38
36 82 30
89 29 80
66 4 71
25 49 53
2 27 13
88 92 29
72 10 45
78 6 43
35 72 2
48 14 16
80 87 87
10 36 12
61 25 3
86 60 90
66 95 87
34 32 89
78 35 49
21 53 82
14 87 15
79 12 87
84 25 90
29 94 17
71 94 34
92 61 27
90 45 56
12 42 72
40 44 81
60 39 55
55 97 99
97 22 15
95 4 34
92 8 49
84 21 8
5 70 11
23 27 33
32 62 31
73 53 57
29 59 91
41 8 5
38 15 82
59 98 32
89 25 90
65 49 45
44 23 60
40 82 73
32 17 63
15 71 46
10 80 77
14 60 26
96 88 48
37 76 62
35 34 74
58 59 26
18 55 66
29 9 99
58 96 2
54 99 95
26 43 79
44 15 67
42 48 98
54 94 93
16 65 59
29 83 83
47 19 30
21 41 99
87 98 5
20 58 35
44 18 2
14 31 90
16 62 61
6 51 32
57 30 55
50 87 4
66 53 80
36 75 86
99 42 70
3 39 94
92 87 5
60 79 10
93 78 20
78 84 65
53 87 100
45 47 14
27 58 86
53 37 7
15 68 25
55 65 77
47 52 89
23 28 5
75 2 61
19 53 30
57 67 11
94 53 90
10 39 61
31 19 83
94 7 51
96 48 35
43 97 57
66 15 33
80 93 96
23 3 9
97 50 69
45 23 7
42 58 59
80 65 28
54 0 94
54 67 5
55 57 42
85 21 89
61 31 82
93 63 49
0 38 53
19 29 7
65 19 41
73 99 82
39 59 80
69 60 40
86 33 79
61 21 94
22 9 19
59 51 43
10 5 67
16 92 23
84 74 97
53 1 86
5 90 42
94 14 4
49 79 88
23 73 99
80 91 96
5 34 38
17 57 27
54 32 95
68 19 56
21 52 66
95 15 82
14 17 27
82 12 11
13 55 2
7 43 47
85 25 10
78 57 21
19 37 29
56 17 89
83 45 8
29 94 33
90 34 59
3 66 62
60 18 27
0 53 71
62 26 67
40 45 31
67 74 44
42 21 1
13 90 1
92 38 4
86 46 89
34 32 98
41 49 30
64 17 77
10 18 86
14 7 8
56 21 55
43 14 89
14 76 58
64 72 52
4 54 44
24 60 14
83 1 84
28 42 83
67 96 96
50 87 18
88 77 34
26 87 43
52 22 38
56 67 25
74 18 20
83 10 73
49 4 14
64 35 15
63 82 81
73 75 37
64 47 70
54 62 41
47 98 72
76 49 82
12 19 54
63 75 1
82 8 12
59 42 36
24 50 48
20 7 40
35 54 5
56 46 88
87 28 34
37 16 7
94 81 39
76 22 84
55 98 34
26 98 14
73 14 89
55 50 25
76 49 71
33 10 38
80 84 39
77 38 11
42 80 73
19 44 37
49 95 62
30 70 19
83 3 63
66 9 88
24 79 41
80 53 7
23 69 14
91 9 50
89 0 49
35 15 93
14 3 14
1 79 100
37 39 30
77 74 86
96 34 98
49 54 49
59 43 68
71 50 51
91 26 49
65 17 87
75 26 21
17 75 67
10 69 55
85 56 59
29 51 29
10 21 89
70 48 50
73 78 62
80 61 73
40 3 4
50 57 85
21 51 14
46 54 14
28 64 70
28 71 99
94 27 6
84 47 77
33 34 53
12 51 62
71 49 69
83 15 72
96 94 37
30 48 80
37 30 33
25 10 43
79 86 74
51 13 99
83 49 32
99 51 45
71 50 65
85 38 56
29 79 32
49 43 39
37 69 3
55 6 53
4 57 61
68 92 74
16 15 99
92 49 25
24 87 71
76 93 89
10 48 35
40 55 2
99 57 54
60 47 14
4 89 89
46 99 94
58 77 26
91 80 2
60 96 35
97 37 42
45 51 24
66 12 9
38 98 92
21 0 19
7 11 49
64 58 60
91 12 53
22 96 47
39 5 88
91 88 58
15 91 62
40 10 65
87 40 47
56 63 6
57 13 78
99 21 6
96 66 43
22 15 15
57 32 87
47 8 71
16 1 25
60 32 10
34 78 82
48 6 24
8 42 14
5 19 16
79 72 98
62 69 63
53 95 78
69 34 20
16 13 97
7 24 11
50 6 86
58 13 92
46 67 75
51 48 68
55 80 79
45 98 69
75 17 80
74 83 59
49 57 51
67 37 81
59 71 49
41 4 6
30 50 39
93 19 33
77 26 67
86 14 86
69 71 15
26 45 79
66 57 20
86 28 18
71 16 63
33 21 41
22 65 71
90 42 64
14 33 70
63 92 26
36 2 50
11 59 31
27 69 5
91 79 62
47 42 19
42 51 48
53 14 62
30 47 9
75 22 77
75 48 35
69 16 55
1 47 29
1 73 50
49 96 73
1 74 96
27 94 49
48 8 74
32 58 88
43 91 64
86 83 42
9 26 14
69 94 67
82 47 15
62 51 76
27 29 34
10 19 64
71 28 37
70 21 66
68 81 97
70 92 81
50 35 66
15 68 7
87 45 92
50 15 26
8 79 60
92 73 45
76 67 38
87 63 33
24 73 13
19 11 5
69 90 79
69 64 95
22 59 42
15 37 21
99 38 61
29 3 15
16 5 23
64 48 22
2 50 77
66 50 69
22 34 31
94 88 86
91 90 83
17 26 13
54 51 73
8 24 35
40 46 35
11 45 60
9 99 37
79 54 94
30 87 16
4 50 84
87 5 30
54 77 38
67 13 99
3 99 78
21 73 77
72 99 71
75 52 69
67 9 29
84 35 50
4 77 94
16 72 75
44 16 17
53 87 80
55 63 47
41 50 25
66 84 34
18 13 34
29 94 88
59 53 18
61 70 56
46 71 43
69 22 22
26 17 99
94 92 40
89 6 6
63 33 2
98 36 40
29 71 81
19 94 10
65 82 3
7 63 84
60 82 36
6 61 9
22 4 74
87 44 70
8 76 57
47 43 1
53 66 67
63 39 63
28 11 61
74 96 29
34 0 59
26 21 39
4 93 70
42 34 94
90 1 32
89 22 20
62 21 82
52 44 13
75 97 2
73 74 90
43 94 15
41 44 17
36 42 34
74 67 75
1 80 91
8 69 42
6 26 5
32 48 25
98 40 45
74 97 68
92 79 50
61 45 50
79 2 20
15 13 83
32 14 45
42 80 84
90 3 96
73 95 24
92 75 5
76 74 63
88 45 87
44 8 93
37 26 30
18 22 33
55 50 65
26 49 62
10 0 37
68 16 76
57 89 5
3 8 60
69 32 44
7 59 74
84 67 44
14 79 16
18 41 49
49 3 73
14 27 7
62 65 48
49 98 19
53 13 55
8 77 53
58 49 70
11 97 92
48 87 87
26 1 75
3 84 74
84 6 46
23 8 46
25 93 70
44 4 38
1 75 17
51 65 63
18 87 28
93 47 5
13 57 58
83 67 14
31 6 78
50 1 77
79 49 15
94 14 56
96 32 16
59 74 82
19 85 27
34 66 20
40 77 22
92 12 36
40 75 57
81 64 31
2 20 20
87 46 26
50 27 76
58 52 2
16 22 38
39 13 5
88 77 37
35 31 53
35 92 23
57 0 11
99 42 62
26 25 19
37 30 79
30 56 23
87 1 31
87 68 45
80 22 71
75 9 78
87 67 47
42 27 93
2 64 77
24 45 65
43 88 3
2 74 35
70 81 88
90 67 30
39 97 41
75 51 44
60 28 6
62 85 23
63 71 88
56 58 30
15 40 77
63 57 63
64 15 46
29 68 75
63 6 34
58 39 45
59 15 13
72 40 43
89 68 99
55 44 17
81 79 84
78 87 95
94 50 33
47 19 40
51 90 36
20 42 35
45 0 67
9 55 30
82 13 75
39 74 15
99 98 78
78 37 90
67 76 58
74 86 41
40 56 69
68 61 20
26 41 80
80 96 94
52 69 69
49 72 52
45 87 92
42 78 31
61 30 58
26 27 71
85 48 17
51 99 43
80 47 61
51 74 8
54 30 18
42 70 58
31 79 38
71 41 15
35 67 96
64 68 89
72 10 60
37 47 78
93 76 63
84 82 1
28 65 92
25 82 6
68 14 92
43 46 82
88 1 62
73 70 77
4 53 20
41 14 42
53 69 6
31 91 22
70 25 31
15 91 87
72 70 26
38 56 5
74 22 30
27 96 38
40 9 18
38 41 42
58 39 39
23 79 48
84 8 2
8 13 81
11 0 20
29 42 28
86 1 56
10 67 76
32 58 53
15 32 51
17 92 14
95 22 77
32 88 18
19 2 80
79 60 82
32 58 79
55 11 38
2 69 33
31 87 65
79 6 64
44 34 53
84 85 30
38 95 52
61 97 61
19 65 19
48 67 38
45 9 61
4 61 77
2 21 1
93 62 87
95 52 34
54 18 24
79 58 53
77 76 16
80 81 67
42 25 21
93 44 10
33 48 66
66 95 49
21 75 99
44 99 58
62 11 43
9 18 64
41 65 70
59 46 97
39 24 47
19 50 62
13 42 1
45 22 90
45 90 100
3 51 52
12 85 87
79 41 29
85 97 82
5 31 62
21 62 72
1 74 35
17 9 93
99 88 26
64 56 82
40 60 6
38 58 20
55 44 69
28 61 25
36 60 38
24 97 2
52 87 85
0 72 11
92 64 6
23 81 18
40 84 56
16 69 93
71 74 80
6 94 11
56 15 59
21 35 52
59 89 59
8 26 91
51 19 56
2 11 48
0 51 82
8 98 51
58 5 41
59 41 32
82 48 87
78 29 6
84 17 65
82 7 70
96 19 71
76 37 38
10 97 77
93 44 85
97 75 81
68 94 62
41 40 76
30 7 5
70 74 6
29 18 37
28 48 32
75 1 72
14 6 58
85 51 80
75 57 77
47 8 64
85 76 17
63 5 5
50 71 29
45 80 37
96 99 2
68 70 59
59 83 75
9 41 96
50 97 25
98 8 86
22 77 13
20 40 33
85 53 32
1 44 4
30 0 48
98 28 37
88 25 59
77 37 18
79 9 12
53 28 21
22 61 18
9 58 95
9 77 98
67 68 72
67 32 5
25 85 37
46 12 39
21 15 45
75 34 10
19 57 85
26 29 79
77 57 51
48 43 18
91 34 63
50 43 58
24 93 70
18 39 17
15 31 41
45 94 52
84 1 98
0 23 49
77 4 21
31 24 97
73 65 84
38 27 17
92 9 29
1 75 16
81 48 94
95 55 38
48 37 83
23 48 36
76 91 51
61 3 49
38 81 7
75 95 71
39 78 81
20 98 25
87 61 16
60 69 59
54 37 89
80 78 6
14 85 95
55 17 14
25 26 48
56 39 14
45 41 13
97 56 17
53 34 44
73 5 42
36 49 30
25 64 56
48 27 74
56 50 2
55 64 27
98 37 81
92 50 3
0 99 46
20 15 23
98 3 92
49 52 69
84 71 32
19 57 21
71 62 67
92 28 75
43 31 88
86 8 40
85 48 74
47 64 67
94 54 27
6 96 35
35 51 87
63 31 41
42 31 29
94 68 28
90 75 66
0 56 70
74 81 4
46 52 99
15 90 57
18 90 91
59 25 15
25 52 13
51 79 84
51 66 24
7 98 66
82 51 84
10 11 94
79 24 49
40 44 70
45 92 24
18 71 71
8 21 47
13 8 33
93 20 20
73 85 10
94 70 54
43 79 48
29 65 90
38 21 39
95 70 63
66 65 82
44 15 63
28 86 15
61 90 81
44 22 29
70 16 59
48 95 92
4 29 30
87 18 81
91 50 73
45 9 16
43 80 4
83 27 36
79 13 36
92 76 82
94 25 25
55 40 29
35 56 71
78 38 47
23 12 61
72 76 85
91 61 3
54 86 99
31 38 95
96 44 4
39 69 100
31 35 3
9 62 7
70 49 38
97 22 73
30 25 97
5 98 80
26 62 53
43 44 32
30 73 100
57 66 81
13 75 71
22 90 49
61 45 65
2 38 22
23 48 96
86 97 90
27 25 51
94 41 29
44 85 62
95 28 94
14 71 41
51 6 26
6 11 18
2 39 9
0 42 79
36 55 60
44 39 52
22 51 76
90 30 60
51 48 22
17 18 59
99 36 61
91 40 83
27 55 71
27 74 74
77 70 88
29 68 74
64 86 31
67 25 55
13 33 73
0 22 66
9 59 39
23 9 62
61 63 56
75 73 33
54 64 75
71 99 7
5 63 35
36 7 14
95 62 46
98 12 8
39 48 95
25 62 11
70 99 38
88 29 69
67 94 32
5 47 74
5 53 55
12 27 74
72 78 31
5 42 78
63 38 47
99 60 88
24 17 68
4 34 42
62 47 57
16 18 17
82 13 25
22 95 43
85 93 31
49 74 21
48 16 78
82 2 70
72 69 49
84 88 14
83 58 54
27 20 69
13 45 72
2 42 32
63 94 55
28 79 99
10 71 83
93 79 38
36 30 18
64 70 71
81 31 74
16 23 26
10 95 47
64 81 38
32 41 1
36 33 43
95 77 92
73 78 53
12 69 40
67 17 68
86 52 36
90 19 19
32 72 53
12 3 82
92 28 3
99 92 88
10 43 57
10 97 87
71 99 44
96 28 35
46 60 61
90 49 27
78 56 60
21 24 3
50 20 82
13 71 83
17 1 2
59 9 87
47 35 37
77 70 53
29 81 89
48 44 1
79 51 73
94 65 96
76 44 3
17 19 68
76 77 78
24 75 47
55 64 79
84 46 82
36 23 66
68 44 70
94 45 22
17 8 6
34 63 87
59 12 4
11 64 19
69 33 39
60 44 22
81 20 55
4 82 72
73 53 71
79 53 88
75 88 77
76 25 53
23 63 15
85 16 77
8 89 26
52 8 3
72 68 2
68 34 58
22 36 55
70 73 88
0 9 70
84 44 8
11 60 22
84 26 47
8 3 14
20 32 19
6 49 51
71 39 79
54 34 72
78 23 33
26 49 73
98 0 68
20 32 71
77 82 70
94 17 29
43 65 35
50 61 95
64 24 63
45 17 33
98 97 15
9 99 24
81 82 97
21 55 60
86 72 100
40 84 80
46 95 67
69 50 71
64 65 26
50 76 93
7 38 7
10 33 79
91 55 75
13 72 16
63 25 82
97 46 48
30 66 88
57 32 89
80 17 94
62 45 78
78 87 65
59 57 84
39 64 88
36 2 45
84 40 57
66 54 18
30 51 2
70 43 41
52 96 97
37 73 58
35 84 72
8 68 13
29 23 5
76 92 52
70 15 15
86 88 70
9 79 40
24 54 20
99 14 92
23 69 61
69 7 5
4 76 51
26 71 38
55 28 10
85 76 47
47 40 78
89 11 78
21 20 36
62 34 10
68 52 96
92 93 8
39 26 10
28 24 73
62 9 7
48 28 8
71 17 7
91 12 92
40 87 30
2 70 64
50 84 86
67 14 50
60 1 83
79 51 13
20 80 32
93 32 56
1 49 20
13 50 25
71 80 24
82 77 26
71 50 9
16 26 67
77 48 98
9 63 28
21 0 49
39 48 98
86 38 28
8 86 69
65 38 52
10 41 71
59 41 42
36 47 11
67 50 65
92 57 68
68 19 32
9 76 33
41 67 17
7 44 68
31 13 33
3 96 23
25 20 34
16 79 92
56 43 3
27 7 19
80 4 17
35 9 80
40 59 5
28 93 2
32 69 10
97 28 29
47 85 37
4 58 93
81 57 54
55 31 83
67 54 86
33 10 40
19 90 49
93 76 9
69 40 81
17 36 26
96 57 91
79 46 4
56 38 85
96 70 68
76 89 22
23 46 60
50 88 30
66 61 48
65 23 61
73 6 5
50 94 95
90 97 20
69 49 20
96 98 10
77 66 43
16 68 56
93 21 70
45 94 96
62 72 94
86 27 13
95 4 45
66 53 25
32 83 2
38 99 73
73 95 94
93 28 23
38 17 9
8 18 100
10 89 95
67 13 22
65 8 98
90 10 80
40 83 8
37 67 87
59 77 20
30 54 49
96 65 14
66 98 27
93 22 72
31 92 35
17 18 56
46 0 79
63 28 62
1 19 82
42 40 29
83 43 76
12 82 95
7 58 13
39 30 39
49 14 8
37 80 34
91 67 99
19 80 22
1 31 41
83 84 76
14 26 55
44 57 5
24 7 79
49 85 88
9 22 14
74 51 54
38 9 61
87 55 96
32 46 35
46 68 97
70 34 63
65 34 97
81 37 23
55 68 98
31 5 91
44 58 25
17 75 67
53 32 88
74 39 6
47 74 77
60 99 3
61 64 49
10 30 45
87 41 67
27 12 32
50 69 84
87 43 2
82 74 32
61 31 45
5 60 90
39 4 26
58 43 1
81 30 47
85 75 1
29 60 57
7 36 37
99 41 13
14 81 61
74 10 84
69 77 92
64 70 33
52 43 40
22 33 75
98 99 22
0 61 29
6 25 50
32 88 57
52 38 31
32 18 87
52 37 60
30 84 85
55 46 41
32 91 6
60 15 4
98 34 58
98 16 18
20 23 100
11 23 16
75 86 84
87 29 61
63 77 56
48 14 48
51 6 96
33 36 79
97 37 62
82 77 27
78 51 30
9 0 74
87 19 86
66 19 24
86 76 83
52 15 49
12 56 82
96 97 70
14 26 93
1 33 24
32 21 17
94 5 71
28 76 4
23 60 54
3 79 72
71 11 29
0 84 28
14 59 51
97 22 7
10 81 16
34 33 49
62 5 52
11 14 55
30 61 47
48 24 14
64 10 18
93 96 60
47 97 91
22 85 21
5 38 28
34 15 26
20 34 87
91 38 80
57 10 60
55 89 5
24 99 77
21 43 67
80 40 31
8 26 74
32 46 50
25 97 90
77 37 54
33 72 65
18 73 4
33 49 18
16 22 25
84 49 73
43 99 42
71 57 39
99 37 20
34 15 23
35 37 2
75 67 16
9 82 25
13 21 75
66 12 47
48 10 37
17 78 8
91 67 12
0 93 82
52 95 58
42 46 23
34 11 51
98 33 17
91 41 85
65 54 94
48 28 69
96 27 63
39 99 41
21 50 36
16 68 34
26 71 92
50 63 13
59 47 91
71 46 73
87 40 45
48 3 42
81 68 25
61 31 25
1 39 57
27 45 36
4 98 23
56 57 57
43 75 10
61 68 21
90 17 87
75 26 9
18 98 18
21 94 79
51 40 20
23 79 86
51 55 67
27 51 32
29 77 34
96 29 29
83 36 70
54 64 57
55 75 77
12 26 12
88 51 33
0 80 54
55 62 26
2 72 41
95 96 40
69 71 27
87 17 84
21 19 64
63 35 5
16 49 11
53 62 93
39 41 24
81 5 96
8 10 55
19 50 17
93 38 77
63 84 33
63 5 6
15 0 77
40 59 57
63 81 74
10 91 87
17 41 86
75 24 89
60 42 65
37 69 41
14 62 60
96 18 80
44 73 50
40 87 9
81 90 37
45 59 52
17 32 39
31 44 23
9 14 22
90 21 40
67 9 41
31 75 15
54 40 77
64 30 2
35 37 92
87 47 51
22 48 39
17 95 97
74 3 8
70 66 3
11 83 14
46 76 95
21 24 73
94 82 20
54 69 67
5 95 14
20 19 68
39 21 54
56 89 84
1 97 1
35 6 88
66 3 93
21 9 4
11 45 79
12 78 37
14 94 12
79 19 65
17 25 43
52 21 53
25 28 94
32 92 100
14 27 35
49 18 49
70 38 45
35 19 53
44 13 7
0 39 26
26 14 84
18 67 46
51 93 93
0 19 36
50 36 40
89 6 41
34 84 35
58 62 41
10 38 48
60 70 97
41 87 86
62 58 75
80 72 38
6 91 61
86 59 74
4 56 24
99 70 26
54 86 48
45 18 27
4 82 91
77 53 56
85 21 47
54 2 52
58 47 30
35 23 49
51 8 50
83 48 71
63 37 85
81 29 75
47 4 19
18 50 37
4 27 29
14 54 86
28 50 57
99 77 75
1 10 88
94 12 31
65 83 43
9 23 15
1 98 98
27 57 43
57 85 55
69 25 32
29 65 29
38 13 97
38 82 43
64 59 60
65 28 50
98 76 34
34 48 90
18 15 24
30 26 41
47 99 98
10 89 4
34 51 5
46 92 79
20 52 80
90 68 13
95 5 81
40 4 55
16 60 96
20 66 39
41 68 45
11 58 61
29 40 90
90 7 81
74 20 92
96 53 63
32 21 82
68 81 79
10 17 70
19 84 17
20 93 100
91 72 61
0 55 4
27 86 56
56 27 46
85 34 52
84 28 21
41 86 96
52 38 89
18 15 49
18 91 54
81 76 26
66 39 25
94 64 27
57 82 11
14 20 1
26 60 12
33 6 45
34 0 89
10 18 18
8 81 79
23 53 1
77 84 41
64 50 40
61 95 20
10 31 5
97 81 3
15 77 76
33 84 97
4 38 41
33 86 36
65 51 95
2 0 6
86 73 29
99 44 58
21 80 29
12 30 27
31 11 21
63 22 30
81 53 16
14 6 5
43 41 90
68 75 8
71 73 86
86 18 54
73 3 72
13 41 95
27 71 57
15 25 33
54 66 40
9 91 15
81 41 31
31 16 64
42 2 95
7 12 7
15 36 9
6 98 87
74 35 3
73 62 20
87 26 49
51 33 86
85 33 67
21 39 36
73 92 9
33 31 88
14 61 32
95 79 7
47 53 5
10 73 89
80 10 17
61 86 6
19 32 26
27 36 27
74 8 72
86 48 37
58 30 4
47 93 39
73 91 40
16 97 47
55 21 76
54 81 17
90 15 70
1 51 14
11 84 39
38 86 4
22 95 12
86 39 4
85 6 100
1 50 19
54 60 73
28 30 82
58 99 60
73 88 62
50 12 64
95 61 23
2 64 12
82 13 57
90 97 4
63 37 85
39 8 65
86 93 37
90 81 16
90 37 73
67 16 88
99 23 12
26 43 97
25 59 74
65 9 37
69 48 58
25 0 68
44 49 36
17 82 92
55 40 14
60 87 64
69 21 81
96 77 19
87 13 86
27 36 50
84 75 20
22 65 91
11 35 97
88 57 45
67 96 5
5 27 95
33 81 71
14 75 63
73 52 66
26 34 56
9 57 47
92 66 27
54 0 83
56 92 36
46 41 6
88 52 79
55 42 97
30 93 46
35 33 12
73 40 70
36 41 29
8 78 73
70 90 66
21 84 63
4 60 2
43 9 85
76 48 81
78 22 58
80 57 9
14 30 9
0 91 67
36 73 67
48 10 23
53 8 21
21 35 16
61 54 43
39 4 33
3 85 48
26 5 50
21 94 18
58 16 31
71 61 54
1 31 21
38 31 76
77 15 50
5 65 71
0 9 20
32 20 80
6 84 25
43 73 63
21 6 84
30 1 7
79 40 27
19 15 29
72 33 91
91 40 63
27 49 89
68 20 8
8 52 61
69 2 11
33 80 10
37 38 78
43 76 18
69 70 24
65 89 4
55 60 80
23 76 53
60 81 66
20 82 89
31 70 31
62 71 68
42 3 95
43 41 10
80 11 76
36 29 50
4 21 5
99 86 49
22 73 71
40 77 46
81 85 55
80 40 19
16 50 70
58 48 35
70 86 86
96 88 27
75 89 26
13 71 32
41 35 26
36 77 12
0 28 82
2 91 51
62 58 37
10 5 32
84 97 36
15 2 99
82 15 37
97 93 66
16 35 14
9 0 42
16 26 47
26 76 8
60 50 88
26 47 19
74 8 65
16 63 53
25 35 3
99 19 55
85 46 87
68 47 96
37 80 40
37 40 100
6 22 27
28 46 69
65 20 64
26 66 50
21 38 80
93 0 97
59 99 53
20 76 31
52 81 5
97 5 51
38 72 54
71 77 31
15 81 36
28 7 34
28 69 86
47 58 47
14 32 74
34 95 53
32 43 7
10 22 26
25 29 45
45 86 48
32 54 50
32 11 93
80 46 25
60 64 90
0 37 87
42 18 97
57 72 20
16 44 60
84 34 86
85 50 32
39 56 96
16 89 80
95 26 16
13 17 25
70 50 55
26 70 20
49 44 32
50 33 13
34 12 90
21 36 24
97 78 31
79 61 19
4 40 21
73 36 8
87 58 24
95 85 17
98 6 53
25 4 75
62 72 45
38 33 19
65 36 75
49 75 76
5 57 69
57 44 61
53 71 7
9 0 39
2 38 1
78 57 47
23 34 9
6 35 79
15 80 96
81 24 19
86 99 49
21 0 5
41 22 25
91 64 47
85 82 79
86 36 56
94 6 80
92 6 37
38 29 68
54 20 79
2 44 81
55 21 8
58 35 69
45 95 3
86 10 39
12 16 11
78 87 5
66 5 82
46 34 81
99 84 61
34 10 49
22 63 13
93 22 96
23 11 28
17 9 69
8 71 69
59 25 72
50 99 27
54 21 50
8 53 17
95 19 36
14 67 91
63 41 17
23 58 97
12 6 68
30 29 66
84 54 86
98 90 55
2 69 38
56 92 27
58 29 89
87 9 83
33 19 83
26 29 90
73 98 10
12 7 9
66 68 41
53 25 32
15 17 67
8 73 62
58 68 23
49 42 52
57 34 1
36 87 93
13 25 76
68 0 72
29 39 20
6 57 47
96 71 8
90 3 63
34 71 27
78 21 31
28 43 43
59 51 96
86 27 7
68 31 5
89 72 96
71 35 66
73 24 83
57 30 29
67 47 58
55 40 22
79 48 58
79 29 75
83 68 93
76 53 76
75 57 34
64 85 44
58 30 47
71 63 31
76 50 38
94 67 67
15 11 50
39 18 42
20 5 41
98 92 51
89 20 69
34 10 17
99 27 11
68 39 97
89 36 2
69 65 76
52 1 74
75 72 86
20 63 57
30 32 78
43 92 100
81 19 23
33 69 99
63 66 46
90 8 56
70 40 71
1 39 55
67 19 16
99 88 7
58 80 57
66 4 73
23 95 97
24 80 26
34 61 35
62 55 60
11 3 32
72 41 67
13 63 94
91 67 12
95 89 49
83 36 18
11 4 17
46 47 98
16 95 86
39 59 55
59 47 10
45 58 10
57 25 19
71 80 72
18 1 36
23 35 96
61 48 80
78 15 33
46 44 11
78 18 95
79 86 73
32 74 51
67 70 5
20 13 51
10 51 37
88 67 87
37 47 40
51 38 60
47 81 44
65 41 44
59 64 90
26 72 68
46 85 55
20 90 16
28 36 53
66 62 71
36 3 79
11 62 64
83 71 2
89 36 63
79 1 7
17 97 34
73 69 98
15 48 88
4 64 42
29 35 65
35 88 94
31 80 97
26 91 100
93 32 85
35 44 40
89 70 35
89 1 37
65 79 68
16 78 59
50 85 31
41 70 80
21 55 41
17 88 56
28 76 56
29 69 47
48 93 71
71 55 23
61 93 72
72 93 15
66 35 18
28 37 49
27 47 28
98 11 92
88 90 18
52 34 56
22 77 73
5 80 23
88 83 49
3 31 25
66 15 39
3 8 95
96 66 57
57 67 18
35 8 14
81 79 59
89 11 54
66 42 84
44 10 61
97 19 81
49 95 46
58 0 92
45 66 3
37 67 28
5 77 75
24 34 82
53 55 11
56 40 68
13 31 66
83 92 92
43 50 7
86 59 84
93 51 71
57 99 84
23 73 53
41 75 14
11 74 76
53 7 10
17 66 26
16 73 56
79 54 27
36 15 44
86 88 47
36 83 92
90 66 54
5 29 47
69 4 73
74 23 93
72 49 65
91 61 76
33 14 54
49 71 50
51 25 65
63 93 40
44 99 78
60 1 80
98 30 58
14 56 42
61 93 10
72 20 70
96 29 39
41 18 65
23 36 27
50 72 24
3 59 13
65 23 26
28 79 21
52 1 8
96 12 81
64 57 95
72 33 21
68 80 65
57 67 49
33 57 39
74 4 77
56 78 32
50 94 80
77 66 10
41 37 58
44 39 100
50 35 82
22 42 97
64 58 8
73 75 89
46 59 20
65 90 7
39 88 94
79 57 61
97 67 5
27 84 94
38 52 73
71 79 33
34 37 86
88 96 81
52 46 51
83 81 24
78 45 28
60 91 19
90 46 9
79 99 70
75 25 70
83 4 7
98 43 38
44 31 22
71 19 24
13 30 23
7 1 80
13 50 12
14 26 83
72 1 47
15 27 52
89 54 83
7 66 56
89 77 100
26 61 30
39 99 41
39 98 9
15 53 76
82 49 73
45 49 54
57 1 38
33 32 58
43 29 61
66 45 16
59 39 56
41 99 90
7 78 23
28 48 23
47 99 56
88 62 77
27 5 80
20 59 92
54 90 3
42 19 24
83 28 71
13 91 76
34 97 18
22 64 77
28 37 26
30 0 64
48 46 40
51 91 95
14 11 86
30 85 37
38 53 64
46 54 50
3 25 37
19 33 71
44 98 38
27 96 85
80 42 98
56 29 5
48 49 100
39 35 30
96 59 85
52 26 77
25 51 73
46 38 8
56 94 27
31 69 18
17 11 14
37 45 20
35 24 7
4 25 88
68 93 10
67 43 63
9 92 20
46 7 41
4 16 47
99 81 43
27 74 89
33 88 5
57 28 43
57 4 28
24 10 79
39 84 99
68 61 26
97 54 26
43 90 36
35 82 19
94 69 81
92 66 3
35 19 77
98 90 74
33 78 32
10 71 69
48 76 82
38 28 24
74 72 40
56 4 8
26 76 66
28 40 40
87 38 23
10 6 15
90 34 62
48 55 66
0 2 50
34 91 25
87 44 99
96 42 95
66 1 97
99 17 94
66 83 7
37 32 45
24 47 98
63 93 95
35 4 7
73 53 30
14 31 89
11 28 14
11 35 40
59 55 64
26 48 28
53 29 85
65 45 44
60 46 9
93 80 14
86 47 3
24 48 31
92 34 4
42 24 2
53 59 28
0 37 84
31 21 60
75 43 79
82 60 74
97 33 41
96 58 62
86 24 34
57 47 7
82 93 68
81 18 70
76 63 68
22 94 39
99 47 65
42 62 50
75 56 79
17 68 86
60 36 98
64 86 22
25 83 68
72 44 90
88 39 49
42 69 45
53 12 28
13 72 86
29 12 60
94 33 30
41 95 56
67 61 55
29 11 13
86 74 25
21 60 54
2 45 53
37 86 10
6 87 96
84 4 89
43 13 55
98 89 66
78 22 40
77 33 76
94 89 75
2 93 74
29 46 36
93 73 24
77 57 4
36 35 7
72 58 81
48 57 77
69 81 6
17 79 16
53 89 78
86 29 53
88 73 13
91 82 60
12 24 91
66 76 20
51 32 8
28 1 35
10 21 77
54 34 18
83 16 1
89 97 14
10 58 9
17 46 9
71 48 24
92 46 56
4 74 50
53 98 10
41 29 32
63 84 72
28 41 57
43 7 13
38 49 26
71 81 5
79 5 91
22 37 87
52 42 29
50 57 70
62 30 73
97 84 29
87 48 56
93 69 90
20 86 20
2 58 1
96 75 99
26 6 87
18 50 22
33 24 12
21 68 2
10 63 44
38 70 15
53 11 31
82 26 64
75 50 41
13 64 76
45 0 75
45 73 87
88 24 65
91 56 76
46 93 46
69 51 41
50 0 35
96 55 76
98 31 83
41 20 78
28 48 77
16 63 50
42 17 70
49 52 30
79 60 81
88 20 51
57 83 37
27 95 47
73 69 33
41 21 22
48 70 36
98 55 65
18 21 53
5 72 58
35 39 21
0 99 19
99 80 12
0 25 2
70 79 80
80 84 40
22 94 62
81 90 96
64 0 67
54 85 92
22 19 10
15 11 81
11 15 15
81 71 27
31 75 11
14 5 25
93 67 28
33 0 27
99 4 65
48 59 74
77 51 6
33 58 42
72 11 19
32 49 80
87 26 29
57 91 2
87 14 36
82 10 34
17 12 14
49 38 54
74 43 77
93 28 17
46 7 53
37 38 10
64 40 37
63 18 84
89 96 27
79 87 22
9 82 54
8 29 99
3 73 40
26 62 44
24 8 99
38 35 100
54 84 34
37 58 28
87 9 5
64 1 63
57 14 10
61 90 18
30 22 39
45 82 25
80 42 44
0 50 59
81 67 34
60 70 74
4 76 9
47 97 77
89 28 80
46 53 81
61 51 9
54 36 10
39 80 57
72 76 26
85 67 19
83 21 63
50 78 12
76 33 71
14 88 13
93 56 58
63 57 75
75 39 10
61 60 42
58 31 29
3 50 53
9 89 66
13 32 67
17 46 10
62 56 9
29 28 93
34 71 82
75 89 77
16 56 45
72 25 3
73 43 77
92 86 45
67 39 1
29 57 74
54 16 23
19 71 80
76 2 6
36 92 23
42 15 2
3 81 89
75 49 88
48 76 88
24 80 13
8 0 7
87 43 55
33 55 11
