42 76 2
36 18 3
91 2 8
68 20 45
46 26 17
24 68 57
33 78 34
70 15 68
43 68 68
43 12 78
93 10 46
50 23 46
65 29 53
89 54 65
30 50 43
97 41 27
1 48 57
21 67 92
49 69 19
14 64 56
91 86 5
40 14 86
28 39 32
89 43 100
7 50 64
21 4 35
11 85 43
66 42 91
24 15 41
85 43 25
78 30 54
24 75 82
49 56 43
72 66 79
25 90 44
49 23 30
3 17 52
97 15 44
77 12 3
10 59 48
12 78 46
75 38 78
37 74 74
32 62 2
85 0 5
69 58 47
54 69 77
42 36 72
44 19 25
17 79 25
43 64 54
59 20 85
27 51 71
66 95 70
41 81 70
31 75 5
3 72 60
31 29 2
66 2 65
21 35 92
26 93 23
99 35 54
95 94 45
39 5 35
30 5 71
48 35 40
32 76 77
24 69 5
6 62 11
92 30 74
86 7 22
64 44 19
27 63 18
85 42 12
63 28 56
59 30 29
44 15 37
2 81 17
63 3 50
8 20 45
1 56 89
42 80 20
60 94 64
21 37 63
91 19 90
78 37 11
10 35 55
4 8 29
32 42 76
96 62 51
91 59 56
70 67 96
22 34 51
34 6 34
69 7 50
70 50 60
92 93 56
57 28 54
0 76 65
43 70 54
99 87 51
39 64 98
70 28 19
2 87 21
9 27 57
62 80 64
97 55 57
29 7 3
58 21 55
78 40 77
18 42 97
61 16 7
38 59 57
12 81 33
9 70 59
72 55 69
78 58 58
7 6 73
95 59 41
55 52 78
11 50 71
69 55 4
62 52 77
12 7 68
25 55 53
60 16 14
29 63 14
62 23 54
31 96 78
14 48 57
70 29 22
59 74 52
83 80 85
38 43 91
9 7 81
30 85 57
18 11 84
95 99 75
71 62 87
80 76 49
21 75 42
14 20 87
25 21 90
69 46 25
91 38 12
37 73 2
82 27 16
96 85 100
85 46 74
38 17 74
21 99 28
36 21 3
4 10 23
0 55 88
15 6 50
96 75 15
93 13 3
84 16 4
14 15 86
77 90 12
43 38 67
39 42 77
38 45 86
99 14 86
59 23 68
28 77 97
70 97 67
34 66 59
98 19 65
98 5 66
65 2 23
55 13 51
56 10 50
79 19 50
19 87 89
16 53 82
22 63 90
50 59 45
41 25 29
33 50 57
53 95 16
31 20 73
16 74 4
84 6 88
74 8 31
42 75 45
1 47 27
32 6 87
89 46 73
4 5 23
60 69 40
26 19 79
37 1 93
39 22 81
72 19 62
37 64 76
59 88 41
8 79 12
51 80 51
88 6 46
96 11 11
30 73 68
91 11 52
87 66 45
81 66 1
17 85 59
87 25 25
47 14 74
50 96 7
1 81 1
64 70 7
94 4 80
78 98 12
22 20 77
28 41 10
64 73 12
66 89 45
61 2 11
98 42 87
55 21 89
86 28 31
9 15 66
93 79 56
30 16 63
41 98 97
75 9 33
12 75 73
85 24 11
97 29 10
16 85 1
46 2 70
97 99 97
54 43 32
98 14 25
42 85 95
44 53 98
69 42 29
50 86 43
57 44 95
3 50 86
49 68 44
25 55 31
79 68 25
4 93 57
17 28 61
9 19 83
10 0 2
63 10 33
25 76 6
60 64 14
46 1 4
17 59 81
35 32 36
97 18 14
79 43 21
25 50 21
31 48 70
91 98 76
41 53 94
0 98 71
80 71 85
50 11 66
21 52 43
67 27 96
58 52 98
92 77 29
37 48 81
14 48 63
87 58 23
73 38 85
2 48 57
8 85 52
41 35 68
76 2 31
58 6 89
23 12 42
78 45 18
78 32 18
9 54 81
59 48 17
44 22 72
76 62 98
69 32 21
11 64 90
21 6 18
1 14 25
30 41 47
59 9 3
15 40 4
87 58 28
56 45 75
61 59 47
14 38 19
8 57 46
83 77 43
95 63 39
62 5 9
93 50 4
94 44 76
95 62 8
95 25 78
90 49 2
93 13 67
50 75 54
4 6 27
99 30 5
68 92 82
1 38 37
84 5 28
60 30 83
5 20 35
67 56 74
89 54 9
9 60 19
94 73 26
24 68 65
91 54 7
74 67 86
12 74 35
44 33 47
73 49 7
86 32 79
25 32 67
28 18 8
3 46 68
45 56 82
89 67 73
33 78 14
75 23 3
52 83 54
19 98 49
52 12 33
31 29 96
17 88 61
6 90 64
13 67 10
68 92 54
85 74 85
11 34 12
73 89 10
44 52 99
79 11 36
67 66 23
2 50 46
42 32 40
66 49 33
10 82 95
57 28 42
10 84 28
27 49 38
43 86 41
80 53 96
98 19 64
20 53 19
12 21 18
38 31 5
88 83 16
74 30 73
18 19 38
93 90 86
42 29 6
62 51 19
13 32 61
39 72 13
28 92 63
7 33 82
81 11 53
73 75 70
60 14 59
44 11 23
21 36 3
24 16 3
61 66 38
92 50 52
6 91 41
33 74 97
45 57 82
64 38 28
93 25 72
65 98 76
18 4 40
8 16 35
6 25 36
47 98 42
92 95 30
83 56 30
52 87 76
94 67 55
77 12 78
25 16 80
38 1 1
75 77 34
53 12 85
75 24 59
75 16 82
59 21 92
29 96 44
42 37 22
7 74 66
97 29 34
35 95 93
97 40 75
23 10 87
28 23 34
60 30 94
85 35 21
62 40 18
29 52 45
68 20 42
67 22 31
10 36 65
57 29 8
86 2 29
5 0 37
97 70 44
8 36 73
24 64 69
61 22 73
10 64 45
89 29 6
63 71 76
11 9 26
16 3 48
44 21 47
99 80 39
90 92 80
21 93 2
71 39 56
99 30 73
84 71 16
69 65 84
1 95 64
63 32 44
93 60 85
49 50 66
34 10 5
10 27 45
14 62 40
40 85 61
39 58 18
42 27 3
58 59 40
54 65 40
38 93 16
2 8 91
38 98 66
46 38 42
55 52 39
11 77 16
99 16 47
76 24 75
61 80 97
82 19 62
73 18 24
69 6 53
75 61 1
50 3 25
22 95 12
22 20 88
54 33 95
19 0 27
56 57 53
44 18 50
80 39 80
96 43 53
79 22 57
76 9 19
99 66 21
0 35 56
57 10 94
7 55 9
87 38 83
83 86 26
12 58 8
58 2 56
44 76 64
24 68 53
72 17 97
89 12 83
66 10 20
94 28 51
11 44 18
83 54 24
93 59 4
49 10 8
31 73 100
62 48 22
53 34 43
87 57 53
98 32 79
98 80 45
52 97 86
97 18 73
3 42 10
7 37 28
97 99 79
31 29 99
89 67 44
67 11 63
86 53 23
35 12 98
62 22 66
60 78 84
50 86 66
98 78 9
99 8 52
99 91 52
73 53 24
3 17 32
15 73 10
22 55 31
64 73 37
97 57 60
30 59 1
13 36 89
45 66 85
55 30 59
31 22 9
86 89 61
21 62 19
56 53 100
73 94 67
40 58 71
30 67 85
41 42 33
32 40 91
85 33 38
36 22 38
81 80 75
84 80 35
55 72 68
3 34 23
67 90 63
53 91 5
19 41 13
62 48 70
27 23 47
82 97 72
44 1 19
12 75 49
63 83 69
14 33 6
49 16 33
60 29 100
42 94 48
84 93 39
38 4 48
51 84 43
43 41 17
31 47 86
71 88 79
33 23 64
80 55 44
8 65 5
31 46 26
68 24 76
95 0 92
96 13 60
11 18 66
83 34 4
18 34 31
2 24 94
68 86 84
39 25 66
63 82 82
12 22 12
17 76 24
85 2 26
22 89 49
6 84 34
10 25 18
96 2 60
26 41 66
9 94 5
49 20 6
61 39 8
75 30 23
47 56 71
78 87 1
37 26 11
23 83 56
38 14 70
5 18 45
6 88 16
57 27 10
53 4 56
73 18 31
18 51 70
3 61 75
90 17 31
61 5 44
81 38 9
67 36 63
65 21 41
30 21 25
78 45 8
56 54 55
86 30 3
89 38 32
95 99 31
11 92 70
19 87 36
59 33 4
98 45 6
85 43 36
85 83 70
47 11 65
43 52 62
66 51 24
82 77 9
37 68 21
72 71 15
4 57 22
20 61 67
75 89 51
91 89 83
43 45 98
1 87 98
0 56 20
73 12 5
19 79 84
95 69 99
12 85 52
2 33 32
61 67 67
53 16 83
44 1 17
78 92 83
64 93 41
39 9 5
37 81 27
91 30 60
67 98 94
64 84 69
24 12 79
89 88 69
81 7 75
80 89 96
77 95 24
82 56 84
98 95 5
63 56 40
79 98 76
88 47 90
90 4 63
56 13 70
30 87 21
31 91 1
37 2 69
30 68 51
56 91 53
22 79 52
88 32 47
90 64 48
63 17 64
30 57 71
95 52 82
13 7 23
27 11 93
81 60 73
90 35 17
77 55 70
67 81 53
93 9 34
15 63 53
8 48 66
39 48 72
65 33 64
48 11 55
22 71 4
42 88 72
11 28 45
98 85 4
16 54 89
81 6 20
28 52 58
37 15 20
13 33 34
85 96 58
0 41 22
93 69 79
27 62 63
57 56 82
33 77 53
63 39 4
69 76 24
52 28 87
78 13 86
2 98 19
13 47 80
15 33 80
86 59 21
10 94 15
53 77 74
50 87 64
83 34 2
11 3 65
74 55 80
97 72 87
2 76 86
14 93 68
32 72 35
74 41 70
37 18 88
89 94 6
90 58 77
38 84 77
36 55 44
20 81 17
78 84 1
54 1 15
34 39 4
5 13 95
14 13 29
95 34 14
78 47 8
20 98 52
69 25 79
90 49 19
36 79 9
53 93 16
5 75 20
56 72 82
88 67 48
12 18 75
72 4 47
53 32 46
84 28 3
65 72 47
4 3 80
22 99 49
20 73 92
53 94 9
78 0 99
7 13 83
83 3 26
32 90 70
11 29 82
1 23 8
84 78 73
80 78 72
52 25 11
80 98 22
27 63 31
49 81 5
19 21 18
87 54 81
91 85 21
71 13 38
99 3 31
95 4 44
32 50 37
95 84 84
21 5 68
5 45 82
82 65 77
27 88 28
35 1 33
15 5 27
37 14 37
35 49 77
93 25 18
91 38 97
95 27 41
82 99 7
77 79 73
62 80 79
67 70 5
62 54 91
36 43 95
67 32 17
75 43 2
29 33 78
63 9 57
54 60 20
50 93 14
67 82 97
77 49 30
32 22 98
12 34 18
25 48 1
94 64 7
84 73 76
11 20 40
67 29 13
28 92 78
85 95 6
95 30 21
36 8 74
78 47 92
7 60 54
84 33 12
88 71 37
47 84 85
4 91 40
80 69 36
55 78 28
36 16 22
72 7 49
3 24 85
68 63 14
1 78 61
17 38 81
45 58 73
28 94 89
83 31 66
46 7 75
99 54 83
18 6 80
59 88 71
74 27 17
23 69 85
76 10 90
88 16 79
2 96 51
11 65 75
36 34 70
14 69 36
51 73 70
63 85 17
48 6 24
59 75 38
33 66 65
6 4 66
28 68 33
76 86 36
38 49 27
1 48 31
23 95 91
52 15 20
24 71 78
50 22 66
61 59 64
25 41 43
91 72 61
84 32 55
97 68 5
35 1 92
94 50 13
73 90 41
2 4 80
90 27 11
20 80 39
22 38 29
40 2 90
71 98 23
11 66 37
99 73 37
20 51 39
13 91 90
60 35 29
22 66 13
55 61 83
42 90 71
21 12 32
76 69 80
46 63 45
57 10 16
82 37 85
63 9 42
85 32 22
14 96 30
48 15 52
20 72 78
42 92 96
89 60 56
44 14 64
98 39 76
82 63 32
87 66 20
33 53 62
78 2 100
16 36 15
21 0 3
48 62 57
18 38 37
54 0 10
38 10 72
6 47 46
60 44 46
48 17 54
72 9 94
84 58 88
76 66 81
14 35 7
59 82 51
35 84 22
78 61 42
43 98 44
2 30 30
72 9 61
19 61 19
24 22 8
54 74 48
18 95 16
58 29 43
69 95 72
18 65 40
19 4 87
79 52 80
37 47 100
5 66 21
17 20 88
24 14 6
34 23 57
11 9 65
66 4 18
64 40 2
34 55 97
91 66 75
47 71 36
66 10 11
84 56 70
73 12 97
5 34 53
83 94 16
59 88 1
9 49 13
80 33 22
16 59 35
37 36 71
0 87 54
40 88 61
27 81 39
37 22 98
40 7 96
6 16 91
4 36 14
98 0 58
39 57 77
81 25 50
95 83 98
17 21 43
67 75 62
5 82 99
37 94 73
82 15 36
33 48 6
97 4 25
61 29 27
11 20 34
96 26 38
68 84 50
90 36 28
77 54 74
14 85 83
95 11 37
23 44 32
35 54 93
94 27 57
54 35 22
55 28 92
54 13 73
25 60 57
17 76 95
19 53 1
36 33 81
95 62 9
7 52 4
57 16 92
51 34 54
45 54 94
34 92 28
99 88 94
58 62 95
25 39 10
43 14 98
35 37 81
65 55 48
6 63 7
15 51 29
11 32 36
49 53 97
7 31 33
62 8 85
22 56 33
22 9 73
68 39 82
53 61 94
40 49 99
44 66 42
72 26 80
1 73 36
80 11 53
6 25 87
53 16 39
40 85 69
81 9 29
47 72 96
51 66 6
0 54 88
27 7 59
73 9 40
49 89 61
13 42 3
73 85 30
40 77 85
9 65 86
94 88 57
32 95 25
96 56 81
90 77 58
71 21 35
92 7 43
14 48 100
75 53 81
34 3 77
40 62 8
62 22 20
51 4 5
77 69 97
16 39 82
97 95 73
99 50 77
80 88 91
17 73 75
30 50 96
78 50 33
9 85 19
73 70 20
9 20 50
26 69 65
36 84 84
41 57 75
38 7 33
57 31 4
45 5 95
28 86 57
8 63 66
0 22 69
52 94 52
74 18 25
11 69 78
78 10 75
50 94 5
47 97 98
70 17 80
6 42 69
71 70 26
3 0 87
95 78 58
46 24 78
70 82 3
30 43 35
70 30 88
91 12 21
51 25 48
15 7 3
93 63 15
77 78 37
73 55 12
79 65 56
95 22 27
0 42 12
81 46 5
57 54 50
21 75 76
21 91 30
48 3 56
4 63 42
42 14 47
87 32 26
50 66 51
50 26 12
13 19 60
48 55 43
88 57 80
44 45 35
23 20 52
88 96 72
6 30 10
53 50 97
21 80 56
97 55 39
56 65 12
73 4 2
87 86 61
3 40 7
20 95 17
85 41 73
70 45 76
38 53 92
33 0 69
30 22 62
18 5 8
16 82 45
19 16 16
51 6 52
95 57 64
31 82 64
41 8 35
89 73 30
93 40 79
73 63 68
62 54 92
96 25 89
45 59 46
20 14 21
33 77 45
74 86 14
99 76 76
82 45 65
84 67 28
68 71 86
54 8 13
11 26 12
0 65 18
98 41 87
95 7 57
25 49 73
80 42 6
18 27 60
34 29 92
1 65 23
23 78 57
44 59 33
30 78 24
7 61 18
80 29 61
78 98 52
72 91 75
77 22 35
61 39 51
4 39 12
61 91 71
58 29 1
85 58 66
56 70 31
93 57 59
90 31 67
20 87 42
99 91 88
7 56 79
34 52 26
51 64 86
63 8 20
78 54 32
61 10 88
89 23 11
45 42 58
41 27 96
17 31 58
12 48 25
80 21 69
84 17 14
25 2 43
94 91 3
12 80 61
24 73 37
44 51 43
81 77 87
81 20 19
54 36 94
91 21 42
82 2 76
47 58 10
96 76 44
68 30 46
6 40 30
55 40 71
24 22 48
50 54 72
69 68 92
12 41 85
94 57 42
66 88 56
85 81 4
88 30 10
57 34 43
76 87 61
51 86 55
43 99 58
93 83 37
60 85 35
46 64 12
42 18 30
44 18 13
12 35 16
93 18 64
29 15 6
43 14 24
66 17 77
22 74 16
43 20 91
41 65 10
3 63 50
13 76 95
83 64 76
60 97 92
50 29 61
54 10 66
55 35 76
23 46 41
76 4 32
97 50 23
85 53 69
20 1 92
57 59 95
8 49 90
82 8 48
42 71 60
8 9 73
91 66 52
36 48 84
83 61 32
49 60 35
92 31 29
16 63 71
66 27 62
7 4 34
21 40 92
40 94 39
19 57 53
93 26 75
87 24 11
31 25 5
57 59 14
61 88 74
93 75 72
51 72 40
87 8 98
7 89 95
61 3 54
48 78 3
12 13 4
63 94 92
51 97 94
1 26 38
30 65 5
79 73 43
57 72 81
23 26 47
21 43 62
9 42 50
99 35 47
21 95 69
2 25 81
28 58 48
49 77 90
63 13 42
29 25 11
97 24 50
19 53 58
23 45 2
10 33 3
55 21 73
33 63 100
44 18 21
89 29 64
13 47 88
66 29 81
21 93 24
35 38 77
91 27 17
13 2 15
62 73 98
40 57 17
41 16 9
3 81 58
6 3 22
30 14 26
68 64 86
53 58 21
70 80 74
85 3 19
2 29 92
14 50 5
78 33 11
55 93 62
16 62 48
30 29 64
42 56 46
63 42 25
90 36 94
41 38 76
47 92 44
29 97 21
56 32 10
83 50 7
28 58 25
52 16 24
85 90 54
2 33 18
8 95 32
79 40 76
58 51 22
62 50 69
98 78 92
60 22 20
45 77 28
84 18 93
12 31 62
59 54 67
15 76 3
73 61 46
17 36 99
71 89 93
87 83 24
18 5 77
6 8 88
58 12 90
89 33 29
53 52 2
37 70 33
18 97 39
8 1 87
9 65 43
18 7 87
98 37 16
21 52 38
23 63 80
86 88 31
87 40 71
24 29 75
81 75 68
45 63 57
49 2 3
36 21 38
99 39 57
19 60 41
17 39 41
51 10 74
80 3 28
31 10 4
47 10 59
4 49 62
4 64 60
53 35 51
26 89 52
26 51 62
35 60 15
11 6 26
60 21 88
75 8 95
68 63 60
91 31 65
38 18 21
42 3 100
84 20 80
88 60 24
29 23 36
21 12 39
89 31 73
82 40 52
18 61 13
50 77 68
23 18 58
4 72 65
91 17 22
53 15 41
21 50 96
89 24 59
29 63 91
75 97 94
2 54 86
27 23 58
76 9 27
86 30 43
27 83 78
53 71 98
47 45 56
39 48 45
18 7 48
47 9 63
30 21 36
25 30 34
45 4 74
45 68 62
98 21 7
71 3 66
4 1 3
5 57 2
58 95 58
97 6 39
17 29 41
41 98 59
64 3 14
35 0 28
25 47 13
37 45 73
15 28 34
84 0 59
80 5 72
9 53 52
44 84 55
42 15 12
43 64 76
32 72 43
53 64 86
55 72 6
30 94 78
86 75 83
9 28 1
60 20 77
70 73 40
4 81 71
46 70 43
8 43 2
13 9 72
66 96 74
70 56 14
51 63 45
8 46 93
51 52 6
35 8 49
62 86 91
4 15 48
62 81 6
65 8 61
67 83 67
17 87 37
17 21 64
71 69 70
98 14 5
54 22 20
31 27 62
20 24 59
4 88 26
96 56 75
87 58 70
46 63 33
90 10 6
30 2 20
43 22 42
2 61 23
74 54 24
15 5 45
20 15 75
3 50 25
28 81 64
89 53 80
7 58 32
53 97 72
4 34 81
62 39 28
98 64 27
54 88 4
77 67 50
2 73 15
49 89 31
25 31 96
79 2 95
98 19 45
61 10 58
19 34 19
21 70 13
4 38 6
62 8 66
72 24 22
36 35 51
20 53 1
40 98 75
23 44 65
53 61 25
77 48 85
59 85 3
70 75 15
98 73 34
97 90 81
72 42 94
1 65 53
29 35 78
24 23 39
17 12 66
61 38 55
86 60 22
27 35 9
42 50 83
49 69 23
62 67 59
67 6 77
98 33 20
49 12 23
98 72 43
59 7 40
49 3 60
76 15 66
98 56 23
39 5 26
59 40 57
60 30 99
56 65 39
32 57 25
73 20 8
12 81 90
44 41 91
93 19 87
84 54 10
26 82 32
12 22 98
46 41 57
19 24 79
98 39 66
57 25 82
90 9 43
47 85 12
24 67 45
2 0 91
3 39 66
87 8 8
62 96 33
90 79 98
77 30 26
54 98 24
91 55 33
77 70 62
11 48 65
44 52 76
68 80 92
1 46 65
91 65 76
93 27 97
32 65 34
22 85 96
38 65 57
84 37 12
12 5 69
72 84 69
33 23 13
21 14 18
88 94 22
36 44 11
95 3 65
71 48 60
18 74 47
57 61 9
19 43 49
76 95 19
28 68 100
58 63 60
41 37 49
44 72 83
13 48 63
5 67 67
45 77 25
16 32 83
81 86 2
9 63 84
84 66 27
60 5 61
2 13 88
81 62 20
1 16 19
52 75 21
88 62 23
63 59 64
28 53 98
59 38 53
88 80 17
36 80 47
85 12 8
83 57 56
25 46 85
50 51 65
71 11 33
44 57 28
8 72 85
89 98 5
45 78 66
98 29 8
33 38 52
88 4 47
85 87 91
65 63 9
26 76 91
71 4 5
63 77 5
19 26 21
59 53 45
12 4 56
76 54 60
15 5 48
10 26 47
93 50 16
37 30 29
70 34 37
37 25 61
44 77 7
4 83 9
82 57 100
59 50 30
58 68 78
70 18 77
26 55 31
35 96 87
60 32 88
50 88 77
49 53 65
60 79 12
50 62 44
4 68 17
96 20 88
33 16 3
28 98 98
82 8 18
30 67 51
92 30 91
11 28 54
68 25 3
50 64 86
12 44 33
35 53 85
18 73 31
17 60 94
40 28 54
31 59 36
47 96 43
96 90 65
30 31 56
71 77 98
2 47 76
49 26 26
48 82 83
27 54 83
13 33 63
42 40 22
49 97 33
54 81 8
67 84 38
8 83 80
23 55 7
68 74 19
86 69 52
35 81 50
89 48 42
81 20 4
21 72 17
30 4 49
24 83 45
42 82 85
12 31 8
65 34 23
62 43 64
87 25 15
53 17 33
62 60 49
50 92 95
64 36 61
32 47 6
46 21 40
64 74 58
61 76 2
48 55 39
39 7 28
9 3 77
13 47 99
25 77 21
36 14 8
56 48 41
94 99 60
39 55 81
40 68 1
76 55 33
19 16 57
52 77 10
67 93 42
93 35 35
78 75 37
66 79 6
42 79 1
81 19 29
54 41 24
12 61 59
60 16 9
68 55 7
92 10 90
83 79 25
37 86 30
15 24 13
82 10 28
95 73 93
7 79 18
0 43 30
53 22 75
88 95 74
36 68 19
10 11 30
76 27 95
90 19 34
46 24 25
56 94 40
70 54 6
99 25 84
32 99 28
76 29 32
85 65 19
85 35 46
59 15 38
70 63 5
9 23 48
37 62 72
37 74 93
64 56 66
11 92 26
99 90 8
22 90 70
33 23 45
42 59 74
23 41 99
6 54 40
81 68 84
37 13 45
29 83 63
39 42 64
20 11 84
8 15 84
33 67 70
49 13 78
51 13 96
69 32 50
42 82 46
16 27 69
24 22 74
31 81 59
78 4 68
78 65 5
5 2 9
20 1 78
0 27 62
60 7 93
54 1 3
96 57 100
1 88 19
64 89 85
36 73 26
54 81 71
40 70 50
50 34 21
49 46 98
0 38 7
5 95 90
21 13 43
33 97 10
12 65 59
49 78 92
1 2 68
42 67 53
94 93 13
68 30 46
10 85 77
33 57 56
65 89 53
7 85 57
51 6 34
2 72 2
25 91 78
86 68 31
28 53 89
75 51 95
3 21 12
71 75 52
31 97 4
1 5 94
59 30 61
29 55 23
98 17 6
27 94 53
19 1 23
44 56 88
79 19 95
76 38 84
49 59 72
28 73 76
1 9 35
60 88 79
45 95 64
45 26 5
98 69 25
62 49 8
6 48 25
72 4 9
55 4 87
5 45 29
98 66 73
73 28 26
83 68 24
34 88 71
72 57 48
1 62 32
53 40 27
34 87 45
32 59 54
61 47 11
62 57 15
45 62 21
23 6 7
48 86 32
89 39 80
71 0 84
26 47 43
10 88 7
11 16 52
90 34 96
10 37 93
62 66 27
42 58 38
38 56 50
94 17 3
92 67 38
2 76 25
45 35 74
60 43 69
8 92 23
56 43 93
71 78 5
2 95 26
75 96 70
30 88 3
38 3 46
12 67 5
56 26 55
73 5 71
82 90 57
64 93 29
62 45 4
61 31 14
13 95 40
2 0 15
37 27 18
23 98 100
98 86 55
11 86 45
99 6 11
42 35 71
40 97 84
17 77 60
26 40 93
32 14 58
18 10 33
16 37 88
83 10 46
96 91 74
73 92 78
12 11 48
46 99 52
49 98 30
54 87 59
46 88 4
9 48 76
1 20 82
35 55 90
50 16 20
31 36 32
76 77 65
66 97 97
95 30 43
47 35 71
1 62 81
49 58 8
10 12 93
98 36 41
83 70 53
52 42 50
45 12 66
29 38 7
33 46 74
36 53 99
44 23 70
47 37 96
71 68 74
61 45 66
30 42 1
98 29 46
94 44 65
43 35 28
79 46 57
25 47 79
27 61 60
28 13 75
70 7 9
28 93 95
30 94 31
5 50 14
61 64 7
92 95 35
23 73 51
0 42 25
34 16 88
0 18 62
32 78 31
81 11 20
24 95 54
38 0 41
40 50 88
56 20 62
13 38 44
69 83 28
79 58 61
65 45 84
51 97 76
6 38 76
61 69 43
54 45 63
88 27 60
31 68 93
37 28 26
62 72 84
45 96 84
74 51 20
20 24 31
62 82 18
20 67 64
84 88 58
43 7 19
17 65 23
26 4 74
97 93 88
79 12 49
2 60 46
77 63 35
76 36 31
63 12 43
66 75 20
10 67 100
24 34 33
36 77 90
13 35 52
19 25 64
54 68 22
0 6 68
9 87 13
0 29 37
3 73 45
87 86 96
17 32 35
39 98 83
74 63 55
16 67 69
92 87 84
62 0 39
33 0 86
3 98 94
46 49 83
33 58 86
51 73 65
17 99 21
57 39 36
87 20 69
92 91 79
9 58 97
59 4 68
1 29 97
15 88 37
82 31 85
48 52 11
5 52 73
0 90 9
42 38 9
50 75 24
23 93 19
91 63 67
21 57 42
80 85 19
65 39 36
29 66 63
7 57 18
11 67 29
83 79 82
90 34 40
79 69 69
25 56 50
95 1 61
23 61 34
24 40 33
71 64 85
35 34 43
12 83 92
67 21 5
47 54 24
48 38 58
94 74 32
25 33 62
39 26 26
12 76 92
12 30 48
80 7 8
38 33 43
1 20 29
72 45 39
0 51 71
93 32 39
73 54 24
18 40 70
30 38 45
65 45 84
54 96 12
60 29 62
28 23 43
80 49 62
58 26 44
53 29 74
41 21 21
73 24 69
56 47 6
48 59 21
30 12 85
6 79 67
22 7 89
31 85 72
40 51 23
50 38 17
13 84 87
96 2 48
0 50 81
18 13 48
38 21 16
65 56 18
8 10 17
34 24 11
39 85 54
71 38 84
64 39 84
8 47 70
5 55 46
61 93 15
11 92 42
16 25 92
39 44 49
81 12 15
3 89 48
52 88 84
98 33 12
62 20 30
42 99 85
22 20 78
25 17 25
64 27 83
57 52 20
69 16 76
71 97 59
27 73 56
93 79 63
80 34 31
63 84 58
37 24 4
56 26 11
54 29 66
55 83 45
16 23 76
86 7 55
40 0 58
77 87 56
83 7 49
93 50 71
85 70 10
14 17 23
21 66 51
90 24 50
15 17 78
76 11 69
26 75 72
26 82 7
19 32 27
27 29 98
98 62 32
94 61 18
6 8 30
61 32 68
1 73 75
72 61 19
32 39 37
24 99 76
62 29 89
90 86 69
3 25 72
82 94 46
30 21 54
17 30 58
52 96 25
71 44 11
63 8 29
35 85 81
74 8 98
54 25 52
93 5 31
73 35 41
52 15 20
94 6 56
20 23 36
57 44 37
89 74 69
15 72 38
84 65 9
24 4 60
45 75 47
38 14 10
21 38 73
70 56 82
14 12 15
85 81 79
3 41 17
50 3 75
9 75 55
69 87 11
20 54 30
10 12 28
47 38 29
10 51 62
75 70 43
89 72 14
6 10 48
40 61 36
39 68 13
92 67 29
70 27 26
65 91 33
77 21 50
64 94 13
86 25 65
57 76 97
26 32 80
84 26 95
29 23 1
94 20 5
36 68 45
71 9 41
91 19 60
92 71 35
63 67 77
46 2 23
63 39 17
21 95 61
76 75 76
44 14 37
4 54 37
47 53 48
29 44 78
69 68 33
38 40 11
64 44 88
21 77 17
20 85 2
91 1 80
71 87 45
32 25 95
28 31 8
58 2 89
57 97 59
82 37 82
70 68 24
40 1 6
94 30 27
74 83 37
84 72 15
46 99 87
92 77 75
47 89 13
58 70 57
0 95 93
25 49 47
54 44 47
81 2 19
74 84 97
85 48 78
43 91 47
86 91 56
86 18 31
22 74 100
66 97 83
87 56 5
12 20 68
0 84 79
55 6 39
8 20 93
98 94 99
13 82 94
99 73 88
98 90 48
49 86 48
26 89 40
40 3 95
27 87 62
96 65 14
84 30 43
0 40 75
98 24 27
19 61 2
77 50 26
52 23 80
4 51 96
19 96 77
27 75 20
18 78 57
46 89 5
62 26 41
75 8 82
44 62 30
91 38 42
97 81 27
15 65 29
56 84 75
38 93 72
90 13 33
21 58 19
66 40 2
37 15 36
76 20 28
59 99 11
33 19 88
5 56 86
14 51 76
68 69 11
51 23 69
29 57 33
57 39 90
30 59 88
63 20 59
85 96 68
58 31 10
68 24 81
36 15 25
96 33 77
56 66 70
68 85 51
89 15 26
90 9 66
78 43 48
28 87 7
59 33 6
81 62 72
8 36 62
13 60 61
32 20 8
12 95 21
36 48 40
80 15 56
30 78 65
65 34 6
14 57 54
14 65 3
43 6 36
20 64 46
33 86 38
80 2 59
41 17 11
9 37 66
1 67 66
88 42 7
89 5 43
31 93 21
38 34 28
10 52 48
29 56 69
3 76 38
90 96 28
47 26 54
75 25 65
89 19 52
82 9 79
37 69 85
89 24 71
17 63 9
16 14 25
57 82 41
55 17 31
48 32 15
5 69 91
13 67 52
99 60 69
40 80 48
53 93 81
6 57 71
98 80 13
75 43 32
49 35 99
41 24 52
54 68 31
87 90 4
21 38 65
73 41 4
21 14 42
33 2 89
72 79 40
76 92 70
64 35 73
91 41 66
70 48 85
13 32 73
99 90 33
98 63 58
16 14 12
83 56 48
78 8 80
77 56 9
24 89 62
73 72 23
44 45 27
20 83 85
32 44 53
35 54 57
95 9 23
85 23 12
1 75 65
4 29 33
67 70 29
53 94 81
69 38 43
21 94 14
85 38 86
87 82 41
49 95 62
45 74 93
77 9 95
10 24 42
22 12 38
15 96 10
37 45 87
64 48 34
48 83 49
42 92 30
61 95 8
40 47 77
37 55 62
45 22 12
15 54 64
37 78 81
84 76 5
28 44 50
14 70 96
13 76 19
73 70 85
66 22 87
19 63 79
57 62 40
72 62 13
52 16 55
57 56 29
50 2 69
62 31 69
99 51 12
47 59 83
93 1 84
0 45 62
50 62 65
41 51 23
40 43 88
96 29 16
79 44 72
4 42 29
19 54 80
79 21 32
52 74 25
26 13 69
82 35 81
45 66 11
66 59 38
32 22 89
69 88 54
48 9 85
10 0 30
35 24 86
64 91 28
87 1 21
64 97 74
43 46 55
9 61 79
71 67 89
30 79 82
28 98 9
65 72 52
31 72 65
22 4 93
80 21 22
86 34 6
5 40 29
64 65 16
89 69 46
49 94 44
22 42 52
78 69 94
35 2 45
54 65 60
80 32 46
53 93 27
30 43 82
3 29 16
97 76 87
11 76 67
8 16 54
60 42 6
40 58 80
4 82 27
72 17 29
85 83 32
46 25 88
52 78 11
12 27 17
57 76 87
49 26 23
16 64 74
53 87 53
1 14 32
50 82 12
41 54 63
22 69 92
8 52 5
75 63 88
45 86 15
48 94 23
73 31 85
11 79 66
29 1 54
36 7 88
16 82 31
36 51 64
41 77 22
56 37 30
83 93 56
41 57 36
77 1 61
40 57 66
92 46 8
37 31 99
36 95 99
10 91 19
26 41 49
76 4 71
80 25 88
81 25 76
7 41 39
15 92 10
11 9 25
10 7 54
10 41 84
55 56 92
1 4 73
20 29 36
15 58 65
30 70 88
34 62 24
6 54 3
36 25 59
33 59 68
36 0 16
64 16 15
74 45 36
18 48 35
58 51 40
0 53 21
6 5 97
23 48 11
68 44 63
80 85 44
70 43 4
74 25 89
84 62 9
68 66 58
31 40 79
16 29 65
76 63 1
88 10 23
64 85 45
29 84 16
94 76 24
11 67 32
41 69 85
61 63 21
77 68 34
33 76 95
7 18 74
92 75 68
15 74 28
67 47 28
74 46 16
59 40 69
69 84 8
10 83 41
26 49 50
43 1 23
50 48 76
18 26 27
69 91 29
97 67 58
8 68 74
64 86 95
52 20 52
92 31 41
20 50 66
31 81 75
72 70 3
52 96 45
66 37 80
75 97 70
77 97 25
27 89 46
17 27 36
61 20 33
88 42 100
45 68 67
65 30 75
87 46 9
51 80 23
21 84 74
23 79 99
36 50 57
22 62 34
39 9 15
65 54 24
76 23 100
23 83 55
94 35 90
60 49 75
22 20 56
38 65 5
39 85 47
67 20 40
35 79 47
23 54 34
16 43 32
82 69 63
52 31 68
34 29 86
90 54 43
51 66 15
16 89 29
58 24 94
42 77 36
13 39 16
71 93 66
61 47 59
87 70 63
76 43 48
62 1 74
16 17 29
74 3 38
25 63 54
96 23 47
79 95 25
96 7 37
48 90 70
35 77 94
85 41 31
92 60 2
48 52 68
65 50 65
15 41 95
40 58 20
10 57 91
46 76 44
10 52 67
69 63 9
77 14 86
98 5 70
11 70 83
72 31 72
38 67 100
88 47 48
65 26 25
98 6 86
12 73 33
57 96 97
14 57 84
11 5 68
92 23 89
4 74 6
28 47 44
31 50 18
75 68 96
51 65 98
35 7 23
21 33 3
69 43 76
91 79 89
25 58 24
41 44 100
46 54 71
74 85 41
89 85 53
90 95 44
76 98 37
17 85 50
42 15 43
52 37 75
49 17 82
21 30 92
75 29 37
33 90 51
37 39 85
27 28 59
52 15 82
70 50 63
36 83 66
36 98 86
21 84 74
14 54 66
34 41 38
3 74 57
6 4 63
39 42 80
13 40 89
45 81 17
4 91 73
52 4 29
65 13 72
44 15 51
95 83 64
47 85 76
10 12 37
89 49 33
41 35 22
16 59 80
51 0 76
32 18 53
78 77 49
41 82 1
50 98 92
38 83 39
68 61 34
32 87 8
21 7 27
40 29 2
95 63 56
15 96 77
90 87 95
82 75 40
12 64 63
12 1 14
89 86 29
68 6 52
80 19 40
16 40 22
49 1 48
26 55 88
59 99 61
51 71 1
61 66 38
83 62 82
70 6 98
26 73 14
88 32 23
73 60 98
55 81 3
30 98 93
94 64 11
99 52 67
40 17 20
58 35 2
29 42 4
52 81 62
43 29 4
11 67 3
98 53 18
77 9 22
91 19 25
42 33 61
43 5 90
77 43 69
9 64 25
56 54 4
81 3 92
96 91 59
33 19 31
14 80 45
25 30 89
77 23 66
39 54 17
26 10 82
31 76 21
73 51 30
94 82 98
79 5 30
92 79 75
66 67 47
39 16 25
97 40 47
13 48 14
57 65 36
23 9 31
9 91 77
98 79 39
49 29 47
39 14 38
57 24 20
9 65 73
80 4 31
70 93 91
43 86 69
24 43 38
79 33 45
74 81 38
81 96 49
34 71 29
50 71 25
25 65 18
85 99 12
50 10 29
10 12 81
74 21 39
74 66 62
62 25 76
72 35 96
11 36 96
27 74 57
34 40 53
40 66 45
13 62 35
59 89 11
17 97 8
10 11 53
99 63 24
91 67 78
25 89 28
9 21 39
41 2 59
41 16 54
56 70 7
94 35 60
69 84 53
70 58 58
71 46 21
76 7 32
85 56 48
79 96 31
46 16 19
34 94 49
23 67 9
9 93 39
41 8 62
45 61 23
32 53 63
77 52 72
57 50 81
97 26 55
7 4 5
25 85 61
95 56 27
64 2 83
0 48 54
74 48 50
64 41 21
62 54 16
76 46 37
61 39 40
80 53 14
63 19 58
23 38 17
99 87 79
84 50 68
50 99 100
57 63 36
83 9 27
57 36 28
48 1 48
23 24 4
0 15 86
36 11 97
64 62 64
77 13 30
14 63 44
7 9 92
67 13 96
73 15 42
81 9 76
51 53 42
38 57 30
36 84 51
4 16 58
90 21 42
34 45 63
46 87 66
84 14 67
34 16 100
67 42 61
55 34 59
33 83 1
31 79 99
67 92 3
43 2 60
75 6 28
66 47 21
12 58 39
15 82 100
72 84 42
50 6 16
32 78 93
71 8 27
16 37 30
86 7 95
77 58 8
44 6 77
61 45 64
17 36 57
91 30 57
2 69 62
77 0 53
87 60 40
31 42 5
20 97 1
25 99 34
55 15 22
68 60 3
33 28 35
59 4 13
20 46 84
61 7 67
94 86 72
91 40 12
38 55 87
33 58 74
58 22 61
70 96 48
81 58 33
92 30 8
75 71 25
68 9 18
73 41 73
46 27 56
74 60 23
17 96 60
18 86 28
69 35 50
78 29 49
15 6 55
88 47 3
14 88 82
2 84 47
94 38 73
23 67 54
9 55 66
77 29 55
20 94 14
91 32 55
47 34 79
15 47 97
28 93 7
38 85 25
10 91 85
49 91 35
67 85 23
88 27 24
65 19 84
75 78 34
71 49 75
24 40 32
14 78 6
95 44 12
69 53 77
54 8 58
89 65 68
6 88 46
85 62 1
69 80 23
25 59 6
90 52 50
36 19 8
51 36 62
6 23 56
39 21 26
93 5 77
68 96 30
82 6 86
39 94 97
17 96 23
51 47 47
38 20 55
33 31 7
62 6 74
61 13 94
74 47 53
18 22 52
12 88 50
12 47 90
3 7 17
99 52 58
48 29 12
60 46 99
13 79 39
18 73 55
65 78 3
53 49 16
97 54 70
60 7 26
73 1 80
39 68 29
59 35 50
14 61 63
68 91 19
35 42 64
6 83 94
72 25 46
56 65 19
36 46 71
95 28 2
23 54 25
65 43 52
79 62 38
39 94 85
10 81 46
71 46 40
65 4 55
4 45 1
91 41 92
31 32 52
50 19 31
68 42 88
88 53 1
75 83 73
15 59 9
10 77 77
58 38 32
91 64 83
5 49 51
90 45 17
68 59 14
61 7 94
81 14 41
25 11 52
32 22 92
44 46 79
79 34 42
14 16 57
49 12 12
65 53 58
2 53 61
83 84 22
97 80 17
43 17 19
83 90 80
31 4 19
10 41 85
57 27 99
47 76 80
77 73 55
33 38 21
10 49 9
43 47 1
51 16 29
44 0 85
94 9 62
15 67 75
13 39 86
1 48 58
84 93 2
94 9 43
9 25 49
96 62 32
64 97 89
9 83 99
75 86 34
5 94 29
63 44 49
16 73 43
78 30 28
19 1 36
13 23 19
22 50 33
52 99 9
64 96 24
47 49 65
33 80 17
3 50 85
62 38 8
98 27 6
73 61 22
84 46 56
20 80 28
4 60 39
75 43 25
63 97 65
83 35 59
82 33 41
10 47 48
14 97 32
68 97 33
22 27 36
1 15 59
33 56 7
62 68 52
52 86 10
49 38 23
35 80 57
57 49 73
13 34 13
41 17 73
58 21 15
77 93 53
28 9 92
76 68 57
91 92 1
9 70 82
85 76 33
72 30 4
46 40 10
69 57 13
68 71 77
5 42 4
70 29 4
84 31 86
74 80 88
89 27 75
70 37 71
95 15 10
39 48 71
86 27 19
36 11 80
23 39 93
89 11 71
12 59 42
25 13 66
27 58 5
17 85 100
40 45 28
66 36 36
99 1 48
67 1 44
11 61 4
69 90 40
55 30 11
87 78 37
56 82 48
76 28 18
99 17 92
84 36 27
41 89 93
18 25 80
77 52 45
51 91 26
79 5 20
86 2 69
92 60 47
85 15 3
30 62 28
56 79 79
23 58 22
13 96 22
50 66 33
84 93 18
41 92 16
55 42 21
52 69 28
99 57 14
93 56 16
1 19 17
72 98 4
24 97 45
28 70 33
44 88 63
95 62 36
66 30 51
9 82 88
75 81 64
93 58 87
14 67 86
45 5 35
60 33 4
37 74 74
49 4 89
10 54 4
79 31 62
12 18 100
40 97 10
41 8 93
68 25 91
43 31 60
18 19 41
48 20 95
45 36 9
61 32 70
7 59 87
22 66 1
60 39 45
95 84 36
83 30 85
63 91 24
49 62 70
28 89 44
4 37 12
13 35 10
57 73 28
96 76 52
64 60 89
43 91 83
43 23 39
33 79 80
36 94 81
28 17 71
92 53 91
69 75 17
81 56 68
82 94 98
15 63 34
91 13 52
48 77 24
59 64 95
1 3 93
0 31 68
78 16 57
61 69 18
33 50 89
17 51 82
1 77 31
9 4 66
28 68 52
79 51 30
83 46 47
7 69 33
39 31 43
98 57 72
21 20 14
34 91 57
53 64 62
39 68 80
55 7 7
33 76 98
87 84 24
18 90 66
61 62 1
24 20 18
43 44 29
53 47 94
49 6 65
66 22 14
22 62 70
36 96 47
87 86 12
80 36 68
52 32 36
24 11 13
80 65 81
63 8 73
18 43 2
42 7 60
44 97 27
48 95 29
41 92 97
60 67 71
84 47 2
80 57 12
82 90 90
14 49 94
35 97 89
68 71 73
63 60 59
83 82 72
4 3 100
63 23 70
64 92 82
0 81 24
58 59 84
46 31 30
66 5 32
76 29 37
92 89 48
69 78 50
20 49 26
34 99 35
28 70 62
59 43 11
80 47 82
43 37 33
43 17 19
80 98 49
91 72 49
91 77 30
6 22 91
32 89 49
1 53 48
87 34 64
1 19 38
68 24 46
0 96 45
98 6 22
93 14 52
6 25 90
82 4 53
89 76 39
96 58 77
37 76 100
75 28 12
25 20 48
65 43 25
90 27 97
85 60 7
66 35 82
48 9 52
38 43 85
65 47 83
65 2 75
39 36 43
22 63 88
47 33 63
81 71 48
52 20 89
87 48 100
67 4 95
76 30 18
31 27 77
41 90 40
71 44 42
66 17 50
96 29 9
5 4 42
76 5 88
17 74 32
26 70 13
10 24 73
89 83 63
58 35 2
95 33 22
27 39 79
81 40 32
40 66 43
32 33 44
7 90 69
37 29 12
13 80 97
93 54 15
57 68 30
32 44 58
43 33 72
96 59 82
99 58 70
63 23 81
19 99 48
24 50 61
8 42 47
53 32 35
95 76 39
52 80 21
69 48 43
92 63 15
50 45 55
87 64 52
61 82 88
13 48 3
55 95 13
11 38 58
95 75 89
7 2 34
38 0 35
90 77 41
58 80 98
82 81 43
12 42 85
74 66 57
50 35 91
49 67 88
58 28 61
94 48 3
65 40 30
95 87 1
21 78 54
14 29 48
97 17 23
99 18 83
92 97 65
83 68 4
81 28 86
44 65 81
91 22 15
32 21 15
37 57 7
67 84 28
64 81 43
29 80 36
27 20 75
66 1 20
78 74 73
70 88 6
61 76 53
99 56 88
87 1 80
2 32 91
63 53 43
89 53 52
53 58 6
97 88 26
2 44 82
18 42 87
45 61 40
95 62 85
66 73 40
2 64 84
96 69 90
89 18 89
24 10 64
70 39 99
79 89 44
55 35 16
22 30 69
30 17 75
75 36 86
90 13 9
61 81 11
44 89 13
47 88 8
83 25 48
63 20 61
13 55 30
79 97 41
8 72 9
83 14 37
31 24 31
73 71 97
65 96 52
39 43 73
56 8 60
65 89 75
19 22 69
17 79 57
49 94 26
95 59 17
39 79 30
35 6 46
16 39 79
2 22 55
38 1 47
71 34 58
64 62 89
93 27 23
61 35 1
39 1 41
30 61 94
82 51 27
93 21 47
46 57 80
37 65 35
3 7 49
52 70 25
9 66 6
50 57 28
72 69 31
74 27 26
34 64 39
31 73 96
31 54 20
91 93 18
94 95 38
35 73 90
44 90 54
30 47 57
43 16 88
0 57 27
45 46 63
24 66 60
52 77 70
48 75 15
70 32 89
72 95 30
5 69 31
56 12 4
70 66 100
98 31 14
83 57 90
83 86 90
49 73 8
2 62 36
72 27 88
24 22 98
98 58 79
71 98 93
85 9 3
44 70 48
13 24 60
14 75 77
57 67 55
15 30 8
87 84 79
22 91 13
94 31 22
5 56 30
62 85 48
93 36 34
28 33 58
34 67 58
92 91 25
21 94 77
45 71 95
63 12 56
20 36 96
1 32 80
64 5 84
67 32 23
35 78 21
26 87 50
14 51 15
46 90 66
97 57 33
22 97 72
79 78 89
92 69 8
43 16 66
81 24 92
55 25 72
63 18 81
94 59 73
47 11 2
44 37 87
68 16 46
23 9 63
90 80 85
0 98 32
40 57 92
51 39 24
49 80 92
51 37 57
99 17 55
23 90 54
38 71 96
39 60 58
68 70 38
31 29 45
17 15 55
77 4 71
77 90 52
83 95 36
34 55 78
45 83 69
55 2 13
26 8 67
17 70 71
90 58 84
25 68 82
11 55 20
33 10 45
39 22 84
15 89 56
60 69 73
94 80 5
90 83 1
73 5 75
34 89 92
8 78 75
14 21 5
30 11 29
11 28 23
86 96 35
1 80 91
87 77 61
22 91 51
39 13 30
9 3 22
97 92 37
61 71 94
9 13 13
56 34 82
49 19 69
86 9 86
72 91 37
94 36 84
74 97 29
16 44 9
55 80 8
74 51 97
40 65 91
6 25 80
50 35 8
2 71 31
63 74 14
53 7 8
91 38 30
12 34 67
47 8 11
54 7 58
59 31 90
10 8 4
41 91 15
30 98 80
91 3 39
11 38 90
67 18 45
11 33 16
21 44 97
83 17 32
37 20 22
41 75 9
73 65 24
61 93 51
95 34 2
98 47 34
54 7 79
40 27 95
50 53 29
31 17 28
31 87 69
83 85 88
64 88 4
19 83 97
30 23 30
99 85 38
81 95 68
22 56 62
37 3 89
34 53 55
61 42 86
95 65 4
55 21 67
72 74 98
23 93 88
89 20 71
61 50 27
34 39 1
75 21 18
23 2 40
98 67 17
54 5 39
39 52 3
59 20 90
97 83 42
83 2 16
28 63 100
24 31 38
51 11 93
20 80 54
37 72 18
64 14 50
74 41 61
25 40 85
86 31 89
86 69 64
56 54 62
58 31 69
44 78 12
12 80 83
61 62 2
16 96 72
87 85 79
2 89 32
4 82 57
86 28 18
77 12 19
34 15 76
28 24 77
77 95 75
94 60 13
48 25 17
64 68 49
48 41 48
81 57 26
67 11 68
76 40 20
87 30 60
59 6 39
15 11 76
43 47 51
40 74 98
70 99 82
53 39 57
75 23 99
72 97 9
49 96 26
96 76 17
37 96 48
67 98 99
31 27 52
41 36 28
50 49 96
2 39 17
66 68 90
75 53 100
6 8 9
62 14 61
3 70 44
6 93 11
43 10 23
54 51 50
80 10 86
2 9 85
46 22 13
51 59 62
9 31 6
73 11 23
83 20 78
25 68 70
64 0 27
20 81 25
83 19 11
19 62 3
4 46 3
7 69 32
91 95 8
7 66 66
66 54 30
61 29 3
35 45 73
99 78 60
23 96 31
31 51 92
65 52 17
3 18 4
57 23 69
81 55 49
65 33 66
3 99 14
57 13 51
6 62 37
39 24 2
31 74 25
37 71 84
45 4 1
92 5 17
31 83 26
85 33 51
5 60 39
97 26 52
61 15 24
76 19 39
98 71 17
61 15 59
5 0 88
24 68 96
79 27 76
38 93 37
95 89 41
79 49 29
4 43 11
44 81 25
69 62 50
25 11 61
28 97 100
14 92 87
48 34 12
5 7 50
36 44 18
58 47 16
46 44 6
3 18 44
16 24 69
4 49 71
21 12 76
31 43 52
7 48 97
94 41 30
38 31 72
15 24 97
63 15 56
32 55 22
18 5 61
62 30 100
6 74 15
75 67 11
15 61 44
98 59 36
93 6 89
20 43 5
9 85 36
38 12 34
1 73 20
20 53 10
63 89 4
73 66 59
95 41 2
53 58 26
2 67 42
50 28 66
24 44 44
92 95 59
16 72 61
88 39 54
82 71 2
49 71 68
49 58 92
95 29 48
26 95 54
10 63 39
88 62 73
16 4 96
99 2 90
14 50 87
30 91 52
14 48 88
98 24 60
12 65 1
84 79 32
73 48 29
92 50 33
49 93 38
86 77 16
80 55 50
63 28 49
58 89 73
85 70 79
34 82 32
73 63 54
6 28 91
45 37 62
98 7 41
8 95 63
31 60 8
13 57 11
29 24 19
1 15 92
41 85 81
73 17 80
26 4 60
18 74 80
1 49 20
29 54 13
21 80 14
92 10 56
16 60 96
72 90 35
33 11 88
95 48 68
32 71 89
82 14 38
78 63 89
51 23 25
78 88 17
18 69 92
10 88 33
2 91 88
60 69 29
37 30 47
98 89 19
45 7 92
12 62 62
48 22 24
28 40 50
35 26 1
6 33 98
48 76 72
0 9 92
10 78 74
72 71 37
67 30 49
6 31 29
1 74 13
19 87 89
36 35 24
22 21 52
88 72 14
9 58 86
28 71 79
81 74 70
47 58 1
17 51 12
13 93 33
79 58 32
63 88 8
42 23 41
2 13 61
32 89 11
50 40 12
81 84 32
21 71 70
17 38 75
49 26 74
90 98 86
88 63 77
15 46 47
80 23 3
98 36 41
46 85 88
46 4 9
43 5 85
83 89 48
94 1 55
48 92 17
48 5 97
34 48 39
44 25 58
65 87 65
2 45 92
23 74 4
85 27 66
81 77 25
44 89 61
70 2 90
9 3 83
81 27 12
44 48 94
44 19 41
27 22 86
90 13 64
75 63 84
64 49 63
87 36 75
23 36 34
53 31 69
82 38 26
68 16 75
9 54 82
30 59 5
81 79 60
90 97 55
29 94 48
37 11 53
78 80 66
51 35 70
2 34 76
67 65 74
57 63 2
41 44 62
95 30 23
89 93 9
61 88 58
34 39 18
92 28 26
22 57 76
48 72 66
15 51 87
20 52 38
59 4 63
16 34 68
56 12 73
15 73 3
13 93 79
29 3 55
55 98 45
62 68 41
14 35 41
62 90 43
70 83 39
1 0 98
58 94 12
18 46 81
13 92 87
72 89 39
69 14 31
33 12 45
55 59 57
34 61 84
31 0 59
46 91 14
28 26 22
89 44 54
25 85 26
87 99 19
95 26 95
52 36 72
93 74 50
33 82 38
40 76 16
61 95 1
52 83 58
61 44 53
93 97 37
46 19 13
82 38 96
48 80 40
37 28 24
15 82 60
47 72 99
43 61 6
27 42 73
10 63 11
75 94 72
57 28 94
70 97 78
7 65 28
51 56 77
53 83 6
71 94 51
80 47 71
55 20 9
52 8 40
97 92 38
2 90 30
75 59 88
16 93 47
73 15 68
70 26 15
1 98 23
76 80 21
77 10 47
26 16 25
50 94 37
61 12 18
46 94 88
59 41 27
6 33 52
21 37 32
86 19 26
45 32 90
75 61 50
11 37 37
57 33 89
35 3 9
34 84 1
59 88 75
9 79 9
77 31 86
72 56 82
0 59 63
5 72 86
67 9 38
35 92 79
60 69 82
78 48 53
56 22 98
60 16 84
79 58 64
69 25 61
88 95 70
38 21 47
69 97 59
81 52 48
28 38 88
66 61 32
50 45 100
9 39 14
64 86 79
58 54 91
28 46 41
39 54 16
94 17 45
52 25 37
96 14 68
27 9 10
66 27 27
19 75 83
5 6 40
50 8 95
10 88 100
5 76 90
83 38 50
23 67 30
57 67 18
60 29 25
51 28 38
85 73 81
7 63 53
48 21 13
97 6 28
68 4 30
48 30 56
78 87 18
31 64 34
14 51 30
34 81 21
51 2 87
85 73 28
53 39 43
85 56 90
12 41 11
83 74 100
74 32 22
14 65 23
45 78 84
53 60 28
29 69 17
4 93 60
70 23 66
70 80 21
33 79 67
81 43 99
53 65 49
84 85 37
93 11 42
24 25 34
38 26 23
5 85 73
24 14 43
92 25 67
18 1 81
21 17 38
12 29 85
93 20 12
72 3 28
91 31 47
89 15 54
95 4 82
90 19 73
71 0 64
47 48 15
8 25 26
39 57 87
42 6 33
85 42 44
5 81 52
38 82 87
91 39 5
3 69 95
35 32 40
69 33 45
55 81 90
44 70 87
36 22 10
20 10 18
8 15 70
13 42 54
14 61 99
56 93 43
7 35 17
13 79 95
77 37 68
26 77 63
27 98 53
64 37 70
98 89 4
89 5 33
34 22 83
28 75 41
42 39 50
65 1 66
22 47 51
62 98 3
13 47 39
83 79 52
10 98 62
61 20 51
3 34 79
95 45 1
91 59 84
64 23 83
54 46 95
16 51 33
86 57 65
15 29 3
99 83 65
23 50 49
35 73 10
57 31 70
7 57 15
2 96 14
43 48 77
13 25 23
34 7 11
7 0 63
96 5 31
64 83 7
80 88 31
2 80 83
83 65 91
48 7 38
89 11 76
55 71 17
31 26 51
6 7 10
60 9 59
58 47 54
43 36 93
14 45 3
96 20 83
23 45 29
92 86 77
42 85 79
6 95 86
62 41 23
14 8 10
26 96 58
76 43 84
53 75 31
26 4 76
37 34 9
65 60 49
75 58 98
76 42 24
37 79 45
37 67 61
4 8 42
39 38 87
67 22 85
75 68 75
70 16 100
58 65 78
26 71 42
57 18 13
90 78 5
17 7 30
96 72 91
47 92 28
52 57 33
25 94 7
56 59 56
24 32 40
69 47 92
13 62 55
75 87 60
30 98 4
11 41 31
31 46 45
35 60 74
70 38 81
35 57 51
67 87 91
83 61 82
57 78 68
55 51 92
99 36 58
64 61 25
94 40 49
23 13 45
71 68 29
81 18 47
45 77 66
82 31 57
47 48 26
25 71 25
71 35 93
78 42 23
44 25 44
41 24 90
32 29 27
13 7 99
48 47 97
6 97 76
46 48 79
59 73 83
99 54 72
26 27 9
24 99 31
12 33 57
67 89 87
19 3 52
40 20 50
16 51 50
47 72 24
26 42 42
6 26 75
15 54 97
56 3 98
88 93 57
43 38 5
95 71 15
65 76 36
15 59 67
81 22 60
12 23 75
86 7 85
72 16 17
72 17 28
6 67 50
8 85 78
77 5 3
99 10 1
67 2 88
20 15 89
56 58 72
45 36 84
12 39 7
45 58 87
22 43 63
75 94 8
55 16 49
79 91 87
94 0 13
39 57 45
43 55 65
63 17 43
9 64 90
10 50 2
83 28 59
9 47 63
15 90 47
44 43 62
61 39 100
70 59 23
60 68 98
34 41 47
57 88 60
50 19 14
1 40 9
77 29 16
10 99 47
54 91 60
49 64 38
80 24 83
13 68 35
36 58 71
35 94 30
94 78 94
71 47 95
13 55 83
33 64 28
93 43 24
59 36 43
80 96 69
79 19 15
32 5 67
72 29 59
46 49 14
69 91 77
57 27 37
9 87 100
63 9 11
68 43 10
73 54 64
9 20 35
9 87 44
97 95 64
92 76 84
49 24 4
51 70 18
67 22 74
30 1 32
37 9 50
92 69 42
0 7 44
90 73 91
75 91 57
58 33 66
3 18 92
47 13 83
35 1 92
83 45 98
23 41 22
66 13 33
47 32 14
46 48 25
27 4 95
21 91 1
13 64 30
64 93 37
82 58 25
59 66 100
8 98 67
73 46 69
66 45 27
91 63 100
31 95 58
54 64 24
16 44 29
61 50 75
27 82 59
72 62 89
73 29 58
2 93 51
97 30 8
89 7 34
21 24 25
11 38 69
8 9 23
18 51 18
49 1 89
98 53 75
83 61 12
76 9 96
36 86 97
25 77 1
66 70 74
43 12 94
39 42 75
67 18 79
32 35 71
56 69 22
82 34 46
57 1 74
98 19 75
87 48 97
78 57 59
42 5 20
53 52 86
91 39 6
0 56 17
76 14 45
73 10 99
70 11 49
5 15 49
40 61 4
41 67 10
9 99 38
50 28 73
60 73 29
59 34 57
68 84 52
0 41 14
64 5 38
65 7 38
31 22 28
35 88 41
23 59 69
14 39 61
46 65 91
14 28 26
24 42 92
2 1 73
99 28 84
99 19 47
89 65 98
5 40 70
22 7 4
78 21 92
23 94 62
65 50 46
8 29 7
69 15 13
64 22 90
71 26 96
69 72 64
67 56 10
15 31 84
4 84 10
37 5 28
26 97 75
15 65 17
12 15 55
70 20 28
95 96 30
39 42 2
22 76 74
5 17 25
32 44 82
72 80 17
37 29 15
95 65 82
98 67 19
4 41 76
28 63 71
75 55 53
96 1 21
76 86 9
49 71 23
58 52 27
72 97 31
47 59 19
35 9 73
86 22 58
46 90 63
46 79 24
93 15 6
60 66 49
83 20 75
67 72 96
44 48 62
76 39 53
18 90 79
67 65 22
99 5 17
92 72 39
8 90 99
5 90 69
31 22 27
19 94 69
34 32 31
92 35 42
30 71 20
28 88 49
19 98 45
37 95 9
32 72 62
30 18 48
67 94 31
45 70 2
38 60 73
65 96 77
49 82 41
74 13 40
28 98 42
42 0 16
1 76 63
64 87 3
59 72 56
40 20 69
16 48 70
9 66 65
0 89 69
34 89 79
76 85 34
2 31 53
61 79 30
59 87 12
30 62 38
0 3 91
37 41 64
31 41 90
0 12 52
18 27 4
53 87 34
24 8 80
12 97 87
88 71 57
34 59 99
9 24 12
9 44 75
66 51 56
87 49 96
60 99 64
96 33 45
60 71 59
44 45 66
88 39 53
67 25 5
54 6 48
23 52 92
78 47 31
6 47 84
69 33 55
31 13 13
17 41 92
73 93 54
48 58 39
15 29 58
57 0 24
86 50 41
73 8 69
18 22 39
51 53 6
12 45 9
35 99 79
46 9 20
44 84 95
71 12 61
81 31 31
99 92 24
50 8 65
14 17 5
63 37 2
12 75 70
53 21 45
9 1 31
67 43 61
58 50 95
92 9 29
53 95 50
82 25 33
69 3 69
76 2 95
50 35 68
42 94 91
75 76 79
68 31 50
44 18 2
86 67 45
99 13 31
62 5 57
13 95 91
66 99 91
75 51 22
3 78 59
11 24 83
22 92 6
64 96 49
97 90 50
51 48 17
36 6 84
3 56 71
96 81 80
37 39 37
34 39 89
21 85 39
26 29 56
15 1 99
25 50 43
87 88 55
13 82 98
33 31 69
28 93 78
40 84 84
84 44 67
19 64 24
25 86 10
56 39 61
17 93 12
70 12 59
19 75 77
6 88 40
90 62 1
69 91 14
68 70 13
35 64 24
89 33 74
23 8 8
22 35 36
17 66 100
35 70 10
78 52 24
13 96 67
24 65 65
30 76 48
56 67 50
12 51 42
27 61 10
48 19 88
43 48 67
54 95 25
96 99 26
4 35 18
32 42 72
83 42 63
11 17 7
46 63 62
16 22 54
81 28 32
99 42 18
23 71 44
57 78 96
36 85 81
96 94 32
63 53 31
0 99 37
74 85 89
40 48 94
5 7 42
40 96 89
21 80 19
10 58 30
13 23 83
44 31 20
22 37 16
5 89 42
52 27 32
14 92 33
7 2 65
13 69 85
80 66 50
76 96 6
23 78 69
91 58 48
96 0 11
74 3 18
2 43 48
83 70 8
35 95 43
25 78 51
79 18 74
86 87 21
80 58 4
32 79 76
47 94 59
76 2 55
88 2 68
2 41 2
28 72 35
14 37 79
70 99 84
7 3 85
63 20 82
64 73 21
11 25 47
59 39 58
42 70 60
7 3 2
83 59 61
64 4 1
21 31 92
19 9 33
61 72 15
66 3 42
65 48 52
35 73 18
79 91 100
0 21 84
44 12 45
5 51 35
19 29 30
72 32 45
47 74 50
35 55 29
87 51 5
38 99 16
96 61 75
77 71 96
91 30 43
50 5 85
18 62 41
65 76 89
90 66 11
60 7 28
12 51 41
59 76 19
74 61 76
66 95 6
18 61 16
8 66 60
52 38 97
70 54 39
52 12 60
49 65 31
60 53 36
75 23 99
73 27 62
90 54 59
77 16 40
21 66 92
26 47 56
93 22 30
79 80 64
40 76 23
1 53 37
53 45 52
6 34 89
41 31 26
33 95 36
63 70 56
27 56 28
17 77 9
39 72 37
70 19 1
42 43 94
88 6 43
14 88 16
60 20 26
93 91 49
66 6 73
36 20 5
78 40 79
37 71 20
57 8 18
89 71 57
25 41 32
79 44 35
6 89 37
94 10 88
4 46 80
63 96 65
54 86 7
63 2 38
17 55 99
45 52 6
18 10 74
74 78 32
48 88 10
0 94 50
40 92 32
49 66 72
28 54 16
80 63 52
25 77 33
66 59 5
40 87 38
84 61 40
82 45 75
26 37 94
79 81 44
37 72 12
10 60 79
31 67 92
67 72 83
79 67 66
30 8 17
11 20 11
51 1 51
98 93 23
17 46 66
51 80 15
13 82 9
48 88 59
36 43 27
41 18 66
30 3 18
58 61 90
63 93 30
75 94 55
14 82 59
73 25 63
42 43 72
44 48 99
8 76 21
64 65 32
37 33 21
71 30 52
65 69 28
81 21 60
80 36 21
48 25 49
39 9 64
56 26 63
78 36 93
27 89 4
3 75 54
24 21 98
27 89 100
35 50 18
32 88 10
96 45 72
21 8 14
42 98 41
72 69 78
90 23 96
31 41 72
4 24 27
13 58 16
26 61 18
95 11 46
48 49 19
46 83 24
8 72 15
42 46 24
89 44 20
6 45 36
40 83 83
45 13 66
83 98 25
79 68 62
55 18 84
44 61 91
39 59 86
51 93 8
92 46 37
88 27 44
20 68 15
13 36 97
60 69 74
10 63 85
35 49 44
12 40 61
91 95 84
54 83 24
47 58 75
90 33 5
72 14 25
84 93 7
48 15 71
79 93 63
92 33 72
34 99 83
91 22 9
65 85 59
23 77 67
64 84 22
8 23 6
76 20 9
25 2 49
3 76 10
95 62 73
10 62 44
40 16 22
97 59 97
99 89 13
16 84 22
58 65 70
76 51 1
81 68 15
48 2 27
5 26 43
96 5 44
38 26 70
51 62 39
98 91 24
41 51 89
33 68 40
8 4 10
76 18 84
15 19 38
96 13 75
23 87 86
36 96 3
90 27 27
26 4 29
83 84 81
38 66 40
97 25 37
89 25 56
83 41 95
14 37 2
72 26 43
82 51 61
12 50 76
41 89 37
68 84 41
14 21 57
17 68 42
10 93 46
76 13 74
80 68 42
48 10 84
78 21 43
74 75 89
74 57 52
32 53 19
64 66 39
8 66 70
92 91 48
9 75 3
61 70 41
22 70 3
69 66 81
27 40 6
56 28 99
99 22 29
56 33 31
53 14 69
6 38 2
57 8 63
19 74 57
54 68 44
3 22 9
34 95 78
64 97 72
52 51 64
5 92 23
57 63 73
56 67 5
81 17 13
89 69 90
14 17 48
9 72 90
89 33 58
52 86 38
74 75 28
63 72 6
4 51 96
99 52 52
52 67 62
28 2 23
30 97 74
92 63 68
76 28 68
10 20 99
62 20 19
42 51 17
42 81 58
95 67 55
17 67 24
67 10 16
71 51 30
59 63 55
61 9 5
92 72 11
48 90 74
17 8 11
50 97 74
2 37 69
96 50 1
12 81 25
42 50 97
81 4 57
90 50 9
4 73 77
53 11 27
52 59 55
44 96 75
73 58 84
9 95 86
73 58 75
84 28 38
68 69 29
6 60 10
45 32 20
7 26 9
50 25 47
99 4 89
87 71 31
64 68 86
31 81 93
37 11 9
13 7 37
73 36 60
71 58 31
92 61 90
15 33 47
40 87 81
35 82 18
45 56 98
54 83 2
7 12 91
30 82 41
25 31 59
93 94 30
1 73 10
3 81 24
46 85 19
51 75 68
2 0 91
11 52 37
4 68 38
37 36 88
98 31 11
16 6 14
35 63 56
98 46 42
78 2 42
0 7 29
75 24 67
36 24 43
50 55 62
33 2 95
42 66 61
16 35 71
23 91 36
54 41 95
83 31 30
96 13 47
91 47 29
51 14 78
29 64 22
51 9 73
39 27 42
42 76 15
63 13 13
2 70 37
15 62 22
79 19 65
97 93 92
16 34 22
68 47 33
55 30 4
99 16 13
18 24 11
13 23 64
54 76 1
7 25 76
18 57 87
96 32 98
54 65 27
17 90 47
54 96 35
37 12 93
79 94 45
9 63 86
2 11 70
10 29 59
3 51 15
61 88 81
23 4 60
60 20 16
19 76 15
0 49 40
83 40 61
14 79 89
77 57 25
27 97 22
54 24 5
72 25 43
12 64 44
38 71 98
23 94 65
79 64 26
5 48 49
3 14 43
36 51 41
60 77 16
96 28 26
0 48 23
96 8 57
7 6 33
39 64 35
28 85 55
18 94 34
55 6 42
64 28 36
60 24 80
4 95 77
40 55 88
73 44 91
47 66 46
30 26 90
65 18 32
33 8 18
3 97 14
17 42 52
79 72 100
58 66 58
82 18 47
73 8 46
70 32 47
19 30 7
3 43 4
14 96 86
79 2 2
2 90 63
30 74 72
76 55 38
89 9 7
57 99 38
44 95 55
41 63 35
34 62 64
29 3 32
3 97 8
19 55 23
1 17 30
87 68 94
80 46 16
48 37 96
85 93 10
28 10 91
65 1 10
82 86 14
44 64 5
25 34 75
94 47 68
81 94 21
3 76 92
8 13 18
77 42 59
59 82 23
79 74 92
58 40 62
45 89 72
58 7 94
5 41 10
37 92 12
51 15 31
6 15 60
98 53 45
23 45 93
32 43 1
70 87 87
5 97 49
72 48 82
27 96 70
86 88 55
63 90 63
37 87 2
13 39 48
11 47 22
74 9 23
50 34 55
87 1 91
89 86 60
14 88 31
91 49 48
32 0 42
27 76 50
77 66 41
56 60 20
6 86 79
29 61 17
17 53 85
58 77 8
40 82 16
51 78 22
18 60 75
98 97 42
58 16 43
65 23 29
15 69 29
63 11 80
40 9 64
22 51 54
53 4 34
16 7 46
69 1 46
85 97 6
9 69 24
80 63 87
67 56 21
16 80 4
25 99 75
17 53 18
90 88 6
12 14 72
56 33 28
25 78 19
99 87 75
24 1 51
51 22 66
56 9 80
30 97 70
74 94 18
75 97 9
57 77 84
5 60 94
60 33 22
36 31 79
87 49 27
88 28 1
82 36 12
76 74 47
13 53 44
37 11 57
34 5 11
61 70 53
83 2 97
95 54 15
61 14 79
61 51 48
68 92 53
32 90 82
56 3 40
96 83 67
9 73 77
64 38 26
32 58 72
52 26 78
54 82 12
57 84 44
23 92 18
66 92 18
33 65 64
58 7 91
33 25 68
33 86 55
49 97 51
88 57 76
10 43 44
43 18 38
77 74 86
53 79 58
21 3 8
15 81 88
53 14 66
6 47 49
26 71 96
50 19 29
5 70 77
12 20 98
29 21 53
27 75 52
38 99 68
87 65 69
48 42 27
18 40 15
63 8 99
91 20 91
91 92 71
74 60 34
65 79 77
6 86 91
63 97 47
91 19 5
59 72 55
55 33 34
89 40 36
54 28 35
92 42 60
71 61 39
53 54 36
79 0 7
42 86 12
53 88 77
36 79 17
6 28 38
6 99 93
20 1 58
10 75 93
98 75 99
34 51 10
23 80 49
8 87 82
71 85 22
31 84 51
18 57 43
86 33 26
68 34 44
35 75 94
67 59 52
17 60 97
76 15 92
74 78 14
80 75 19
46 98 35
46 90 8
33 97 1
79 38 65
99 88 42
84 25 27
32 95 8
93 36 47
42 36 85
37 66 91
64 83 91
48 79 67
87 45 63
71 94 44
25 83 99
47 57 94
42 56 58
63 33 66
9 37 48
84 69 6
56 0 12
77 49 36
53 4 59
33 18 40
44 96 56
1 87 34
49 5 21
49 82 45
22 29 62
40 95 17
28 26 34
6 61 46
27 2 6
80 74 55
89 26 67
51 94 51
14 92 50
41 3 81
57 48 87
80 90 96
48 11 3
64 52 9
1 54 28
78 17 95
0 60 69
31 7 73
12 74 9
22 86 50
71 66 96
1 34 31
60 63 76
83 96 72
94 79 61
9 3 100
43 1 16
99 27 40
77 31 73
1 41 48
80 8 16
67 33 6
49 31 65
79 52 95
59 55 7
26 22 2
18 9 54
59 15 29
70 77 19
8 38 88
48 89 4
58 97 15
34 77 72
24 50 25
75 13 7
12 65 94
22 99 80
52 5 33
49 6 65
62 32 47
11 20 54
46 42 45
95 29 59
34 81 73
82 46 92
19 20 72
69 21 14
78 64 28
66 22 65
37 10 90
93 6 62
72 56 78
46 30 52
6 73 16
99 36 4
40 62 23
51 78 42
60 55 68
39 15 69
98 60 62
27 23 63
76 22 81
98 31 4
51 71 95
31 23 57
26 34 28
11 88 32
66 62 21
83 62 10
20 12 53
46 51 45
16 79 21
17 38 44
90 12 81
32 97 82
12 24 41
66 94 62
54 30 12
39 73 47
45 66 30
44 64 91
78 93 72
80 33 86
35 26 61
38 16 79
18 45 77
27 93 1
30 90 17
5 50 14
65 72 16
62 96 51
82 95 15
98 16 30
56 57 24
67 64 5
3 73 72
97 85 55
74 84 35
28 10 70
13 31 23
56 30 86
95 53 15
5 52 99
92 14 18
70 55 68
87 19 72
57 38 89
82 37 82
18 7 33
47 97 14
53 83 76
14 15 80
93 88 80
94 62 75
48 85 82
9 32 48
37 10 41
30 71 67
17 41 13
54 5 70
35 64 86
29 20 17
32 6 90
97 55 74
36 35 90
11 39 74
75 60 57
35 16 80
19 48 84
29 38 71
38 1 46
79 31 94
52 27 58
80 7 17
32 76 4
75 87 87
95 52 21
73 70 95
0 23 1
96 88 61
12 6 54
49 3 10
16 61 35
80 16 84
24 23 80
9 56 16
12 10 38
64 78 96
41 10 64
45 28 26
40 23 25
99 66 6
79 87 23
36 27 60
8 98 58
59 77 71
64 17 89
41 61 55
53 36 3
51 18 43
88 89 19
2 94 44
94 63 44
70 54 69
56 83 99
14 27 13
19 21 45
21 58 27
3 14 21
48 15 4
56 87 71
81 93 91
81 99 20
41 20 17
29 14 16
79 73 62
83 95 58
75 80 43
11 91 97
13 68 65
9 37 98
92 93 33
18 43 68
51 88 22
73 88 24
41 21 78
5 97 6
23 98 60
0 94 70
79 7 86
48 56 53
31 61 90
38 85 90
4 86 80
97 95 96
27 54 35
23 78 89
60 51 3
20 95 19
85 16 18
65 87 77
35 72 87
7 3 82
17 0 11
98 39 6
15 38 65
54 78 10
36 4 27
52 3 81
74 97 40
68 66 44
53 81 3
6 35 13
35 43 60
91 82 5
10 83 92
7 40 18
66 4 32
62 90 73
11 68 27
74 20 19
10 93 61
3 71 5
32 96 68
99 62 45
17 9 34
66 67 37
97 23 60
57 71 70
63 96 30
7 77 70
87 2 20
8 9 83
4 25 86
15 66 85
61 15 52
7 34 26
71 58 25
15 68 40
90 65 94
96 18 64
37 30 87
65 12 1
94 82 36
65 30 95
21 91 70
24 42 46
28 9 37
48 92 72
14 26 100
51 97 72
94 74 60
93 68 39
90 56 64
98 77 17
51 36 79
36 41 32
24 87 20
13 9 61
6 69 6
70 45 35
6 38 21
46 51 56
89 46 40
25 67 37
74 82 42
17 47 39
2 52 87
49 58 74
55 59 79
55 49 4
90 43 85
69 76 22
24 79 13
56 30 84
75 74 19
3 70 23
99 78 72
95 8 36
7 34 54
80 55 80
65 94 38
29 23 4
47 64 73
97 11 42
23 85 19
93 76 77
23 30 52
64 9 92
58 78 62
75 26 54
77 50 36
77 89 53
4 49 74
71 1 74
57 72 76
24 49 38
17 24 57
82 78 20
91 98 9
96 32 86
73 51 63
37 1 39
12 29 87
99 17 91
71 87 55
41 5 93
31 98 94
79 82 42
8 40 71
42 53 56
40 35 72
37 31 63
59 80 10
24 9 45
15 73 81
47 38 66
1 16 6
24 84 58
91 56 70
74 57 38
10 90 2
46 2 86
38 74 100
83 76 60
81 53 14
44 87 71
33 43 92
49 15 12
97 46 85
90 50 4
93 89 56
85 91 2
29 84 100
60 67 56
97 29 76
54 52 72
67 22 48
80 16 24
76 19 23
86 58 84
58 12 95
35 47 17
58 68 54
73 93 67
13 17 25
91 54 59
6 41 26
1 80 4
7 61 1
48 33 55
71 60 50
68 75 8
48 92 91
52 24 74
33 15 36
31 9 8
23 66 36
20 49 71
44 20 49
64 60 70
67 60 2
12 19 66
60 85 13
15 47 69
32 28 67
14 53 32
12 92 37
5 62 3
30 33 76
0 32 45
4 43 87
10 3 38
84 22 30
40 99 94
36 48 94
77 1 70
64 5 52
99 36 21
76 14 60
90 46 19
28 83 100
95 27 45
34 10 94
89 43 85
91 53 46
41 65 14
22 97 51
12 99 76
59 49 60
71 94 80
11 42 18
49 64 2
95 21 26
47 23 49
79 91 52
49 58 7
24 7 63
30 25 46
1 73 31
83 93 47
92 23 27
36 18 84
93 82 67
19 14 71
19 68 5
22 47 79
56 63 10
23 94 5
58 64 5
0 72 46
35 82 8
22 99 50
84 49 8
6 33 70
79 65 97
60 24 23
59 20 95
64 61 1
40 99 80
1 20 41
18 1 34
73 85 60
16 47 55
30 84 55
2 64 16
23 4 18
20 84 73
45 78 57
78 93 47
90 96 87
65 71 44
51 77 86
22 73 30
99 59 35
94 23 49
32 57 81
78 20 68
5 76 97
75 25 59
65 14 2
45 53 92
8 36 93
31 20 19
14 85 52
39 59 83
15 78 32
81 54 40
30 21 18
73 43 91
53 95 69
55 90 66
86 43 10
80 62 12
72 6 98
43 76 84
61 14 8
78 30 55
10 45 5
14 44 84
48 52 96
57 73 14
74 80 1
61 94 33
40 51 49
71 31 54
6 43 23
12 1 57
45 92 30
90 6 40
23 91 56
89 67 83
24 36 90
11 3 18
54 37 17
19 89 68
21 79 98
7 87 43
67 34 88
12 32 70
79 73 65
28 54 30
93 97 100
36 23 9
7 93 31
83 97 79
30 73 39
30 24 17
94 34 78
91 73 34
84 57 18
14 69 2
93 48 14
8 79 63
66 22 17
41 43 33
96 55 26
50 29 7
85 65 5
98 55 28
30 55 97
12 66 89
20 66 74
25 58 98
4 9 68
42 86 69
39 49 22
70 44 18
46 70 56
51 5 94
5 71 84
36 81 34
83 30 16
44 37 66
61 97 59
61 39 80
10 62 39
82 91 29
65 42 18
50 36 79
76 11 56
14 67 39
35 91 25
71 28 63
9 32 54
97 84 3
64 45 7
25 35 88
15 19 71
10 27 73
4 39 64
0 81 62
21 82 34
44 73 95
1 61 62
21 15 40
56 32 33
45 52 56
39 60 86
5 34 77
7 70 57
20 0 5
67 95 97
95 39 95
13 80 29
88 30 86
82 60 73
11 29 99
20 48 58
93 53 22
56 93 63
93 96 38
40 88 70
9 41 87
54 51 79
26 16 8
71 15 16
56 28 9
93 9 94
42 66 43
95 87 3
52 74 9
39 96 11
42 35 6
46 43 43
65 42 74
12 23 1
65 89 99
42 14 91
85 3 20
34 38 63
75 15 27
89 8 43
72 84 53
25 10 99
37 74 54
53 31 11
91 94 29
29 40 61
80 2 15
46 19 77
83 64 42
98 78 63
1 0 18
56 13 80
57 34 2
75 95 54
26 33 97
44 55 28
45 36 17
12 57 11
60 47 20
93 25 77
62 38 87
10 39 6
45 36 69
87 76 76
76 1 42
1 50 37
90 72 4
50 39 11
24 96 4
64 75 77
7 21 29
24 79 6
85 8 96
59 70 63
70 85 49
16 97 71
56 68 31
43 56 1
5 15 48
59 44 13
22 69 49
36 72 80
60 80 99
91 13 34
63 24 45
11 80 96
12 19 36
4 88 11
75 29 43
0 83 45
44 10 65
48 17 91
14 92 45
29 20 17
74 4 30
43 58 46
59 74 7
86 16 57
0 8 37
83 43 2
94 95 25
12 9 8
85 27 15
4 86 96
65 30 12
68 86 43
53 80 84
18 89 82
79 73 60
39 50 67
93 0 9
84 80 93
32 57 61
49 95 68
28 32 6
80 19 96
72 22 4
26 67 96
68 29 79
75 57 68
53 96 61
40 74 53
32 66 78
70 37 56
60 34 88
28 88 28
22 37 52
2 22 21
82 13 69
64 91 28
50 35 30
44 49 3
40 46 1
25 13 31
28 6 79
64 22 51
50 81 54
31 84 4
59 82 64
32 24 85
83 1 63
49 94 63
83 9 51
55 0 43
10 17 14
4 56 47
95 32 72
19 88 9
71 41 64
27 15 85
88 1 74
12 69 52
20 58 51
53 23 95
51 1 11
39 97 17
60 84 34
56 60 99
41 40 65
11 28 18
15 45 62
17 10 54
14 2 41
84 51 7
72 84 20
50 80 97
80 14 97
61 28 20
52 12 84
20 90 62
83 78 81
27 94 11
82 59 40
42 1 1
50 85 77
16 2 26
72 0 46
15 52 74
3 20 55
71 23 67
2 20 48
83 76 19
19 44 41
51 62 55
99 38 70
13 25 64
13 69 84
47 40 11
69 93 25
37 60 58
51 44 44
80 30 5
21 87 46
81 69 85
37 72 75
98 22 67
48 88 62
91 9 86
67 47 50
9 28 82
16 58 19
31 44 16
4 94 33
35 23 90
63 70 75
58 32 2
40 68 29
72 43 27
6 42 31
86 84 88
26 74 48
61 42 4
60 10 86
12 18 43
65 40 53
42 33 60
24 61 41
47 98 56
81 34 40
12 73 84
18 47 82
65 7 59
42 34 47
85 65 34
41 59 30
70 5 45
94 10 35
33 42 52
18 32 46
98 1 5
93 85 11
2 60 93
85 21 59
19 52 10
2 82 10
98 60 30
35 73 86
70 61 44
72 23 70
22 86 97
88 30 94
3 75 17
77 63 59
84 52 91
65 60 33
23 93 22
39 90 13
10 46 90
61 91 32
77 75 26
78 6 39
7 14 25
49 50 47
85 2 51
83 96 64
32 82 74
97 68 93
33 32 1
92 73 32
32 60 30
54 53 100
94 18 66
28 93 73
85 22 33
86 3 9
88 43 28
64 61 43
23 19 26
79 7 12
39 14 47
90 32 66
60 31 46
16 2 52
5 84 17
98 67 86
99 3 36
69 62 3
41 95 52
74 66 62
70 56 17
10 65 4
82 43 17
4 40 30
70 86 30
16 34 57
90 96 63
24 12 18
25 64 23
81 19 7
93 49 100
37 46 61
10 48 87
89 75 89
65 56 37
86 4 47
86 61 58
34 41 23
25 83 48
11 97 100
63 34 79
57 72 61
30 3 13
12 61 33
91 90 83
54 59 3
55 80 30
78 87 72
71 97 59
43 37 42
28 45 1
56 12 96
30 87 10
76 35 97
78 58 93
18 85 55
38 19 99
19 99 15
38 88 6
79 8 29
84 56 54
8 69 2
32 28 49
4 73 23
56 4 50
68 52 94
60 85 19
45 35 37
23 85 10
76 50 39
42 48 54
83 31 92
22 97 18
64 76 19
83 9 27
19 60 47
1 93 79
14 53 100
73 93 3
79 72 81
54 94 95
81 31 47
61 15 56
75 40 28
96 2 57
94 33 11
80 56 53
52 42 90
82 90 63
79 41 65
83 35 70
61 77 58
85 57 58
67 29 81
92 81 42
18 62 85
21 65 97
94 21 66
34 99 22
74 99 79
42 9 63
33 11 46
93 18 39
65 22 68
75 28 55
78 11 49
43 28 4
71 94 81
44 16 45
87 75 100
79 45 46
52 5 60
37 74 59
65 55 57
35 56 50
10 85 59
65 46 31
33 98 42
30 45 45
25 10 86
19 0 43
90 36 24
76 81 19
42 11 83
40 20 3
1 32 4
74 77 26
50 4 63
19 53 24
18 24 40
90 65 6
17 8 54
13 72 62
51 7 62
45 0 73
6 87 100
70 5 79
5 11 22
24 68 17
6 64 39
97 83 83
18 16 69
50 49 11
3 41 87
33 51 63
13 36 19
17 54 25
21 55 15
33 30 6
7 65 87
70 84 46
58 55 77
79 90 15
72 19 31
41 17 27
57 49 26
76 68 48
97 73 63
38 16 90
56 27 96
86 73 4
7 71 8
19 61 87
44 74 82
98 93 65
76 4 82
78 37 9
27 34 18
33 61 46
62 33 90
92 0 39
78 52 14
31 64 47
17 39 10
11 46 45
92 82 30
75 37 73
28 53 80
17 1 20
98 90 6
7 24 66
91 54 18
41 68 26
52 39 95
48 6 7
25 26 85
80 70 98
17 77 77
45 84 6
21 68 13
66 5 22
49 4 16
2 79 23
89 29 92
62 66 38
51 61 20
31 7 70
58 83 91
51 91 71
10 9 51
19 39 74
90 97 32
96 92 78
44 35 44
27 37 61
8 67 31
45 24 96
30 17 86
0 67 13
22 87 62
78 47 30
40 75 53
87 36 51
86 28 32
32 96 5
82 28 78
54 94 35
47 58 43
45 0 19
17 94 18
80 29 76
8 22 12
24 30 70
79 93 83
62 1 77
58 46 39
43 48 23
85 39 62
57 41 33
26 34 36
54 48 58
82 0 22
33 83 72
13 24 73
58 19 29
41 17 27
39 61 1
97 46 72
2 91 27
37 15 56
68 78 97
50 11 37
22 99 20
9 30 6
61 23 9
50 38 9
18 52 15
47 23 41
31 77 87
86 95 89
53 0 68
38 88 73
36 7 1
77 48 33
68 6 3
40 71 70
56 37 67
7 79 41
21 33 22
71 62 62
55 60 76
43 84 31
6 94 7
55 46 24
52 45 81
24 5 24
68 74 82
73 54 14
15 61 62
13 59 77
8 78 46
19 76 15
26 35 11
96 16 49
9 5 27
79 28 43
73 40 71
28 58 72
23 68 45
16 56 4
66 16 95
19 40 40
92 5 19
48 11 54
74 67 77
4 26 40
78 73 60
95 21 69
10 0 76
61 76 63
53 60 78
81 33 63
85 46 89
66 36 26
51 35 5
86 40 96
62 17 64
9 5 41
10 21 15
92 71 5
61 11 33
83 42 53
21 11 34
38 55 48
4 91 85
72 14 7
68 98 53
40 15 63
24 67 54
91 42 18
75 96 34
79 90 29
86 75 87
20 93 31
42 55 66
50 36 82
61 95 58
46 8 17
90 99 26
53 12 27
54 30 84
14 51 36
87 67 89
86 84 48
16 13 33
15 68 2
37 53 41
26 90 7
40 50 25
85 23 69
6 54 50
21 22 71
92 93 6
52 58 21
95 53 59
81 53 3
72 61 93
62 66 46
43 42 99
6 49 49
86 13 21
44 68 43
14 44 83
2 78 1
93 50 76
38 7 22
42 68 23
85 42 27
25 30 90
7 58 8
69 48 35
0 76 25
50 15 55
56 71 80
10 90 77
32 8 27
63 93 43
89 90 3
85 82 37
7 47 92
38 13 48
97 19 75
66 92 9
21 77 46
25 78 77
19 17 33
97 72 15
88 94 70
75 48 14
34 8 90
86 96 9
93 69 7
94 13 61
90 94 47
16 40 87
81 60 58
57 93 29
22 73 5
17 1 99
1 92 2
71 13 66
18 12 28
97 52 30
22 61 98
23 66 17
85 97 59
87 98 96
97 15 75
58 56 84
92 31 41
9 37 8
25 88 48
95 94 70
55 10 43
66 45 17
64 27 21
18 31 21
89 69 69
56 88 40
52 89 44
22 27 77
0 95 48
80 33 98
11 27 80
84 39 30
63 29 14
54 0 39
90 67 72
40 95 90
38 63 21
98 89 71
26 80 60
54 34 49
23 94 78
88 7 36
55 38 90
57 20 50
75 79 2
49 19 20
34 95 15
14 72 16
54 35 55
67 85 67
89 53 3
37 93 9
32 15 85
24 97 23
38 92 16
63 99 30
97 59 21
58 86 46
96 47 11
95 3 96
28 31 99
54 60 92
26 19 55
1 36 52
67 89 63
79 37 98
91 48 50
8 65 19
35 82 69
10 45 89
48 77 87
7 63 40
27 32 2
33 21 48
97 39 47
25 13 82
76 33 56
25 64 82
26 87 17
27 44 38
52 18 87
70 52 85
42 61 64
19 93 95
65 27 30
9 14 61
14 40 75
55 66 70
13 35 48
52 4 99
36 55 3
31 52 9
74 36 11
59 62 50
31 65 74
20 50 2
95 18 23
51 45 28
87 35 81
10 71 40
26 57 1
81 12 46
62 16 64
29 59 3
98 29 20
60 18 79
62 50 10
92 85 50
6 13 53
27 61 30
83 71 16
44 16 31
36 16 51
70 85 71
24 41 3
28 8 98
64 41 21
52 81 27
2 95 10
82 36 67
41 69 63
87 51 54
81 99 1
22 5 50
42 43 52
8 27 95
94 70 40
89 71 37
94 60 22
34 57 14
71 51 56
30 33 1
89 37 42
50 16 49
30 31 32
81 39 17
23 63 15
21 18 36
21 61 78
13 83 85
47 94 74
19 64 28
59 15 56
81 37 43
22 5 91
55 23 51
76 89 29
18 12 92
47 53 38
79 8 55
4 26 84
73 98 14
82 89 90
86 87 16
49 28 89
59 16 21
28 16 91
73 18 45
51 21 57
65 99 96
61 39 4
32 65 39
42 65 12
24 6 51
46 37 87
82 13 88
33 76 49
29 9 15
87 0 64
69 18 79
87 97 32
35 68 3
13 73 61
92 66 36
7 27 69
30 78 85
93 41 61
29 32 52
77 0 82
7 30 52
64 16 93
3 87 88
73 20 43
83 46 90
12 67 12
97 40 51
86 9 2
28 47 1
0 25 23
38 55 78
97 41 65
88 8 76
40 35 24
93 50 79
96 52 12
96 87 69
67 42 92
69 12 82
46 97 13
16 0 53
89 49 43
70 32 37
50 57 87
50 12 44
35 48 21
38 9 90
99 95 54
80 47 82
62 68 47
80 23 91
19 99 73
64 1 7
9 53 31
44 25 70
48 20 34
92 59 64
86 31 91
4 38 43
40 24 41
88 63 2
90 77 4
62 59 59
57 40 92
96 64 53
94 79 99
10 46 35
37 34 49
57 16 62
94 7 85
59 60 27
28 40 90
67 84 62
86 23 92
94 1 37
60 18 29
21 95 20
16 99 59
7 45 94
90 0 61
79 85 66
76 37 82
53 96 43
78 49 99
2 95 75
68 5 15
41 39 88
23 20 14
9 58 56
12 16 5
43 18 43
93 86 29
42 43 21
39 45 99
6 1 64
51 9 21
27 78 43
27 81 1
90 54 63
89 33 87
25 69 76
38 48 19
59 70 30
50 12 46
65 38 39
85 28 3
32 9 96
81 4 46
30 9 32
98 68 69
25 69 23
90 29 9
58 87 36
80 50 74
11 75 81
59 27 39
99 10 42
99 19 66
55 4 52
12 8 9
21 93 77
47 48 47
95 50 47
59 98 74
12 41 24
93 23 90
9 2 85
7 69 10
57 7 1
40 83 54
56 95 81
41 13 1
99 26 19
54 6 41
69 70 48
61 22 27
27 25 68
87 29 15
12 61 29
67 18 7
11 81 54
48 74 70
45 86 87
89 17 22
41 57 1
26 1 87
86 60 4
89 77 93
92 15 74
49 64 90
66 37 52
16 74 8
89 7 100
11 14 57
18 99 36
9 66 26
84 7 41
69 23 7
80 54 10
57 78 26
77 90 7
33 98 66
42 95 56
0 59 11
74 22 33
40 44 11
99 27 46
89 72 51
3 85 72
4 86 41
38 11 24
20 93 67
18 28 84
14 78 94
6 79 100
36 39 100
28 43 100
80 15 52
26 15 52
40 83 47
57 89 97
65 55 49
1 21 1
91 19 55
28 4 24
67 21 66
70 10 53
48 67 42
59 26 39
3 80 2
51 40 71
20 14 93
63 95 11
81 71 20
96 88 49
15 27 10
3 70 47
95 99 86
39 97 14
62 95 5
56 2 60
23 51 81
50 84 70
35 57 15
57 34 81
52 46 77
33 17 27
19 60 91
0 70 51
9 20 11
91 92 46
5 92 66
81 38 18
33 36 30
69 13 95
44 68 30
51 37 47
88 90 8
10 93 54
3 12 61
49 62 38
72 74 5
77 73 20
93 92 51
84 42 79
21 76 57
32 24 82
56 13 37
23 70 86
78 38 49
49 58 73
91 88 92
31 61 40
32 67 47
49 65 58
52 9 11
57 35 65
53 50 52
82 68 9
1 13 19
53 65 20
15 20 46
26 67 17
87 73 89
98 72 94
96 95 54
57 56 19
8 96 73
37 13 19
13 21 61
90 13 40
50 27 56
47 99 86
62 2 34
11 68 25
64 32 21
91 87 76
12 30 5
11 13 27
49 32 10
28 86 77
19 17 60
27 67 63
61 10 42
39 89 87
52 8 90
17 36 89
88 70 26
30 47 88
11 65 30
80 38 84
7 27 44
10 12 27
86 95 85
45 80 54
50 85 22
99 92 7
34 22 76
46 3 55
24 95 100
58 28 56
71 74 6
2 87 47
21 13 70
6 24 7
42 3 21
21 5 85
73 86 85
97 31 53
35 9 64
86 73 62
58 97 14
31 57 40
53 81 91
99 30 88
72 77 10
53 94 26
26 64 72
92 95 2
82 35 37
32 97 86
45 67 99
72 90 93
66 12 47
7 47 25
47 57 66
54 31 52
90 61 13
19 62 31
46 78 44
4 70 11
13 61 12
91 30 48
21 45 34
67 1 29
5 93 73
9 82 10
97 9 40
78 29 68
58 31 58
37 90 42
17 64 57
46 5 54
83 46 61
97 26 93
29 94 54
31 83 61
89 99 57
77 56 77
81 66 86
20 56 11
2 10 32
38 3 84
17 51 47
62 7 100
74 77 54
19 61 39
46 54 1
24 82 13
1 10 45
74 99 7
5 81 68
76 32 11
38 46 88
8 99 9
18 67 14
68 4 65
40 63 66
24 57 70
72 51 53
25 95 17
49 19 91
81 87 98
9 69 40
3 68 52
0 19 45
21 15 15
54 27 2
2 49 55
34 88 2
66 3 46
59 48 54
42 69 10
71 90 83
60 77 51
39 21 31
68 85 21
45 19 48
5 86 3
17 43 32
99 63 62
90 88 44
35 9 75
26 54 86
27 66 3
73 66 42
90 63 70
66 12 22
43 49 7
86 4 98
41 88 27
50 8 47
26 89 26
98 28 94
48 44 76
76 33 72
5 2 2
26 75 23
12 72 12
62 51 42
59 46 14
24 26 71
20 5 23
97 45 37
38 29 93
13 35 57
47 35 47
2 78 72
26 86 55
14 5 96
59 84 2
72 91 89
61 47 25
1 4 11
57 3 51
12 53 27
47 76 11
29 85 50
50 83 35
94 93 12
99 69 43
21 83 51
51 92 6
45 68 54
62 85 48
78 59 14
56 29 27
90 44 57
43 79 33
25 86 62
64 74 21
27 33 3
92 64 90
0 33 29
81 46 75
46 69 72
37 57 1
45 93 79
98 49 55
65 25 14
55 28 89
28 24 49
8 19 67
27 56 77
73 41 8
87 96 28
53 16 33
94 50 100
19 97 18
92 60 98
20 31 82
54 70 70
67 78 42
98 2 32
98 99 94
46 36 77
50 51 77
66 92 26
61 34 62
94 43 78
91 56 11
48 51 44
12 53 87
71 13 8
79 57 95
5 72 31
45 50 41
58 72 47
6 85 35
71 54 37
19 13 71
77 87 59
89 79 17
27 41 32
47 83 1
27 21 15
7 37 60
37 26 48
0 93 10
43 35 41
45 66 64
81 28 69
8 49 2
43 21 77
51 99 82
31 77 67
20 54 69
16 81 75
26 43 61
72 86 51
29 26 91
4 2 49
28 0 33
13 94 9
89 0 13
27 14 63
83 23 35
43 13 4
11 58 17
70 13 38
26 43 82
54 57 75
29 8 36
63 74 55
17 9 65
79 98 42
30 38 22
6 36 89
15 87 86
69 47 69
31 48 48
57 31 56
19 75 16
31 30 90
34 48 30
84 58 94
68 88 34
72 60 28
66 69 8
55 88 39
83 41 42
23 18 73
37 31 69
73 2 72
35 81 81
86 83 89
22 75 3
49 83 48
43 38 85
51 15 21
87 90 86
36 33 20
91 89 86
47 15 63
35 34 73
99 45 17
50 40 62
47 32 23
57 72 28
31 89 77
61 21 79
12 81 11
29 17 4
87 86 19
93 48 11
71 23 69
20 60 1
18 15 72
13 31 43
15 52 3
99 70 72
86 50 95
10 36 91
68 24 12
52 5 90
97 47 51
78 23 2
68 65 45
32 98 28
66 23 4
40 55 89
27 43 37
62 94 70
92 63 65
48 80 9
68 23 55
90 88 44
40 48 62
78 27 73
76 93 59
95 53 35
33 37 94
67 86 95
28 85 60
34 21 74
94 60 23
77 99 95
11 20 17
38 70 32
15 38 46
79 28 19
41 96 43
62 79 66
93 46 42
35 33 62
79 57 43
95 96 57
28 56 90
63 95 75
44 99 73
35 57 22
46 0 79
47 32 35
86 72 13
79 41 31
78 9 55
86 15 51
6 95 66
16 25 47
91 93 64
14 42 32
73 31 81
65 13 51
0 18 9
39 87 41
60 11 47
82 27 59
78 99 28
12 41 82
91 12 83
89 22 30
77 66 40
73 29 19
2 89 87
94 23 45
51 89 54
58 93 37
28 75 91
17 72 100
22 33 64
73 40 29
22 32 6
71 45 73
45 74 37
17 78 55
49 98 60
7 49 6
67 46 48
63 36 69
29 5 44
98 89 65
4 21 20
66 5 61
90 2 62
82 4 7
80 46 17
21 40 98
43 83 68
25 11 37
50 60 46
17 27 2
25 31 87
53 36 41
79 47 59
36 4 45
58 83 85
61 39 25
73 79 62
94 51 62
4 96 60
22 37 77
47 98 45
65 7 56
2 85 34
45 41 43
82 46 2
53 94 45
42 93 31
73 40 19
17 26 48
74 12 62
81 38 49
68 9 43
30 91 82
26 41 14
60 96 1
96 10 56
70 51 75
43 12 29
43 84 47
15 38 67
35 74 21
34 88 6
32 94 9
49 76 39
37 60 46
18 29 25
41 70 21
94 33 63
75 40 41
15 73 52
91 68 60
87 60 49
7 89 89
92 18 89
94 78 56
18 93 43
96 41 58
47 24 50
82 53 51
68 77 95
37 81 64
74 66 19
73 80 64
16 46 59
37 97 90
40 84 79
15 30 28
47 65 10
43 32 48
4 78 67
0 4 45
4 85 38
98 76 66
84 0 70
7 71 95
38 28 28
91 25 58
18 13 84
70 36 70
72 89 21
69 31 61
49 65 53
77 30 69
34 91 8
72 65 88
94 17 69
95 27 91
15 72 1
71 88 63
1 70 61
16 56 42
59 41 78
42 13 72
24 35 60
84 15 46
34 90 69
87 51 42
16 11 89
54 67 77
55 32 1
12 37 61
92 46 35
33 59 22
