7 14 45
98 9 29
47 86 67
95 53 28
49 94 26
80 47 95
54 20 92
74 18 73
9 78 17
58 18 19
60 99 32
45 9 80
61 49 90
70 80 99
37 83 37
94 95 15
38 11 20
56 28 54
14 34 50
24 18 28
80 5 100
30 47 90
50 20 40
95 85 68
3 51 39
9 75 42
98 88 77
11 62 51
37 3 33
83 33 2
88 34 37
89 13 62
47 2 73
25 93 87
76 77 5
70 13 8
65 46 65
53 48 8
67 59 25
45 26 100
79 95 42
93 41 18
32 44 85
73 6 39
45 55 27
80 53 73
34 15 76
54 94 1
2 1 80
22 74 63
61 81 46
1 26 88
44 22 99
35 96 57
65 20 80
33 99 20
88 71 85
93 68 58
63 32 83
66 57 20
94 6 46
70 41 71
86 77 46
75 93 27
13 52 76
5 29 2
99 71 17
28 55 52
93 10 54
10 4 76
58 11 55
63 58 16
41 12 66
49 96 50
6 80 95
62 39 45
97 43 67
8 93 60
3 95 71
25 55 83
84 78 6
13 47 51
99 45 93
94 0 58
12 71 14
39 3 17
55 38 44
82 48 99
15 20 58
92 95 24
44 83 40
24 90 38
24 30 67
55 79 93
10 37 94
6 2 34
12 64 72
77 25 92
73 17 27
52 73 12
43 8 27
59 72 71
22 79 59
9 46 41
92 85 73
55 85 14
37 14 46
64 15 97
5 57 93
28 91 78
2 31 71
55 31 13
14 6 50
64 5 88
6 47 53
83 41 54
26 33 83
44 6 74
80 99 8
72 39 41
76 88 13
80 38 30
69 83 8
98 65 32
5 17 85
17 76 10
65 22 98
22 77 50
28 10 100
76 57 49
21 11 67
55 34 30
93 14 49
23 52 69
4 53 91
70 2 56
75 89 100
13 79 95
86 22 89
68 59 69
84 35 4
45 56 98
68 24 32
46 44 59
34 19 31
3 21 18
85 33 97
18 47 49
12 71 9
20 34 84
71 12 88
9 8 20
79 6 19
93 64 79
39 35 83
49 99 37
77 28 95
43 91 38
15 14 42
20 6 87
64 31 85
42 33 54
98 74 72
40 52 82
57 36 22
14 36 2
5 12 27
9 74 86
89 40 33
97 63 57
56 24 20
88 0 30
66 57 2
80 0 81
10 79 15
0 69 38
57 88 53
79 88 90
18 75 79
37 91 17
71 73 71
44 39 66
75 94 15
53 50 48
55 9 32
48 18 19
83 22 65
36 15 68
67 39 57
29 27 3
4 3 22
17 65 6
63 98 57
65 13 60
4 49 32
6 28 60
91 5 92
3 5 16
7 9 44
65 54 44
99 70 3
11 94 29
40 46 36
36 60 14
95 17 80
56 40 15
33 13 89
74 1 88
89 44 53
55 75 66
43 49 88
2 30 97
0 48 67
45 87 3
90 66 40
80 43 47
67 58 70
97 44 86
58 38 17
84 25 94
1 84 72
55 54 61
36 81 8
35 93 18
89 92 20
17 47 37
28 98 24
56 17 25
72 18 73
68 4 55
11 38 28
34 58 51
57 30 28
51 81 44
5 74 63
50 7 6
45 81 19
44 21 52
5 66 2
41 77 69
24 26 11
75 95 60
85 0 23
71 20 78
93 69 33
12 92 94
78 7 16
95 74 44
28 96 21
94 37 14
8 96 50
96 21 44
71 26 55
14 4 53
83 68 48
60 35 72
82 40 32
27 59 78
6 1 57
33 19 37
17 63 90
31 65 38
73 55 5
44 91 77
32 28 4
55 54 72
43 34 54
43 83 65
54 32 41
89 74 33
5 58 6
99 8 66
84 79 75
98 82 70
59 79 14
91 25 56
12 13 32
23 56 63
17 35 9
40 3 20
46 12 97
49 73 22
5 2 81
21 27 2
33 93 11
57 12 70
16 68 44
27 43 46
63 30 71
47 25 65
31 63 11
18 57 44
97 44 86
78 23 57
53 68 34
55 56 72
83 43 27
85 4 66
91 60 20
2 42 10
49 82 37
48 72 86
31 92 73
9 87 58
37 2 25
54 58 98
30 46 34
12 88 15
27 30 80
96 36 4
20 16 52
60 83 1
0 13 45
55 12 1
50 99 98
26 11 44
0 81 63
8 87 37
77 44 41
92 31 31
40 59 50
84 57 36
42 74 14
30 85 34
83 65 89
36 15 89
91 24 23
67 86 28
88 15 40
19 35 50
32 72 62
80 45 68
50 79 4
70 43 10
30 21 100
76 25 37
8 69 72
9 18 90
28 5 94
58 83 23
88 58 22
7 19 23
12 47 78
59 1 49
79 65 27
84 58 97
15 72 53
11 21 62
22 42 75
76 5 25
5 53 56
47 46 52
13 47 14
28 48 94
8 72 85
74 82 98
61 6 40
70 17 26
66 60 73
77 52 99
0 6 61
81 48 96
35 4 60
17 88 12
41 47 45
46 7 21
13 5 93
10 2 28
97 20 46
79 22 48
56 1 4
54 73 31
98 83 13
74 70 48
19 55 46
38 93 48
47 0 41
48 35 17
75 47 73
66 28 47
9 19 44
84 89 75
47 27 48
56 29 47
89 13 33
9 44 54
56 29 81
61 51 94
82 83 83
50 92 39
48 8 62
79 2 75
87 17 68
13 25 72
15 18 62
0 83 65
70 54 33
89 83 12
58 64 42
65 43 50
20 36 46
58 18 58
12 17 77
40 89 100
53 19 13
99 21 88
58 53 36
79 8 64
55 47 65
54 44 5
98 42 42
84 62 84
48 94 13
96 68 78
20 82 89
83 50 3
5 22 44
12 99 30
78 95 70
0 94 80
31 68 44
50 65 100
27 44 64
86 69 71
40 22 63
9 40 23
96 93 87
49 30 73
74 72 99
26 92 19
15 78 6
11 95 87
68 8 67
20 34 10
44 53 40
3 24 62
78 81 95
77 79 10
85 34 36
51 90 43
88 1 29
11 8 40
73 72 54
16 97 85
79 22 27
4 57 91
41 21 71
35 92 56
72 49 11
73 40 40
35 88 59
34 53 36
54 34 57
78 20 34
89 48 53
15 52 56
71 49 32
66 92 23
39 13 87
45 97 50
67 29 7
5 1 57
29 90 5
69 6 63
2 49 70
23 47 67
28 62 98
55 2 53
39 68 86
9 37 67
52 88 19
23 26 48
50 39 18
63 43 36
71 94 91
16 46 86
94 7 89
77 10 74
88 57 54
46 96 70
0 55 41
95 71 70
43 71 1
12 49 48
77 99 90
56 8 81
60 67 7
96 87 61
82 37 100
88 41 77
63 99 20
84 52 21
79 85 78
34 55 75
52 1 68
80 45 47
97 67 20
64 31 32
77 55 51
57 44 64
62 54 99
90 58 78
14 95 35
29 4 87
56 13 60
46 57 76
24 63 66
32 18 94
97 58 68
54 13 58
58 98 78
83 53 46
66 27 96
68 92 11
96 69 47
61 38 50
47 64 46
62 38 88
5 82 77
26 35 18
51 47 23
99 87 34
33 10 24
61 63 10
33 8 43
29 98 72
68 11 21
47 8 34
86 65 83
26 64 75
59 56 50
53 24 88
46 26 37
56 40 88
89 25 90
14 44 1
87 50 31
79 86 48
81 83 42
57 83 35
65 97 18
3 50 91
7 72 28
95 76 27
61 50 15
86 91 83
92 89 86
82 92 31
15 49 37
15 42 24
96 73 12
74 91 83
63 11 25
78 38 36
4 46 60
97 41 53
81 18 86
31 37 69
65 60 18
57 26 56
85 48 84
60 49 31
16 5 44
54 75 29
51 36 37
27 25 13
51 40 30
19 75 73
10 79 95
48 58 20
9 62 24
98 54 63
77 13 78
36 42 62
95 83 39
12 48 38
67 79 53
53 69 93
75 87 34
95 27 99
88 50 80
4 91 44
25 36 10
6 80 37
17 43 70
26 18 5
20 36 3
43 88 82
43 87 40
43 1 9
75 15 86
8 75 6
38 15 19
69 30 84
47 83 17
65 20 75
53 91 46
48 29 44
34 1 77
50 41 55
71 95 80
47 86 100
5 9 12
76 75 11
12 30 41
78 65 87
6 66 3
71 53 69
81 19 12
51 85 99
88 15 87
71 39 90
15 20 98
80 6 9
0 22 12
12 65 14
42 58 38
79 40 87
70 6 50
68 26 4
28 59 85
38 66 57
46 9 49
62 71 46
88 66 96
10 99 62
1 77 48
33 13 33
32 85 72
53 69 38
32 48 55
33 65 64
88 70 66
5 36 4
80 38 93
35 62 6
52 44 57
36 3 45
87 14 4
28 4 86
50 62 26
55 22 20
43 22 4
2 83 83
13 5 68
39 27 87
73 0 83
78 3 33
66 18 76
97 31 16
61 6 41
31 49 76
70 18 35
35 59 84
46 19 99
9 55 99
52 35 58
87 89 13
84 23 10
23 57 65
45 77 24
72 21 74
39 21 74
50 71 47
77 10 28
25 98 48
58 28 84
22 18 78
40 87 70
39 15 20
36 39 10
71 32 37
15 39 80
40 82 80
53 47 90
17 77 44
11 14 45
13 5 8
12 94 18
46 49 23
37 11 58
35 99 2
30 88 67
29 91 70
63 89 65
46 69 87
42 82 40
48 39 42
49 67 43
91 98 8
52 26 78
62 71 81
2 87 29
85 45 100
45 87 63
83 32 20
27 16 28
61 11 48
4 60 13
1 84 70
76 50 78
46 33 29
69 52 61
70 39 81
74 93 28
60 50 78
6 51 25
92 34 76
96 64 95
69 70 42
24 0 44
15 69 99
54 25 68
48 10 73
62 64 38
81 12 39
10 63 88
12 8 5
97 99 39
78 44 9
68 89 73
52 0 21
37 83 50
17 93 52
47 91 17
24 79 92
42 7 72
66 54 48
7 27 24
3 62 41
10 25 51
23 61 14
39 88 100
47 98 89
1 0 14
20 45 93
92 32 74
44 75 20
66 54 44
51 31 78
60 91 59
73 39 83
99 32 27
64 13 28
17 63 23
68 92 63
50 40 48
50 91 71
49 10 84
78 58 75
99 25 5
78 41 63
1 72 11
38 36 52
87 61 58
83 81 58
83 42 84
72 41 62
20 5 29
60 54 45
5 44 12
27 18 36
78 80 63
22 79 98
15 47 48
39 99 67
81 70 71
5 97 78
30 39 50
88 95 15
39 11 97
94 35 36
91 37 21
8 35 79
99 77 52
0 69 56
80 73 90
77 7 24
9 77 10
62 10 43
56 3 17
33 19 23
16 41 96
47 25 41
52 56 14
0 99 16
17 73 62
18 13 81
98 53 35
47 93 48
99 92 8
94 70 92
32 37 12
78 37 29
95 28 9
7 95 40
67 18 42
16 79 38
12 35 58
64 44 48
38 64 42
68 33 79
73 85 28
96 24 82
23 14 41
30 16 71
95 49 44
1 72 53
73 74 48
15 14 69
65 15 47
71 8 5
76 48 6
82 33 41
87 83 40
71 99 49
44 62 70
49 22 4
11 71 73
36 55 44
19 64 96
61 86 70
24 46 11
35 82 55
50 15 96
30 63 88
49 63 47
47 77 79
4 60 4
16 49 86
3 10 37
33 65 22
55 80 30
1 59 82
31 41 87
74 95 18
97 81 7
13 30 64
61 34 33
37 80 49
27 64 44
18 80 81
60 40 88
77 2 24
73 9 84
51 57 11
79 75 6
7 10 76
17 6 36
46 4 79
92 44 93
59 43 7
49 50 23
62 86 84
27 86 13
75 42 41
55 24 54
8 36 56
7 21 29
4 72 27
4 5 38
77 58 2
51 8 80
53 67 89
64 58 10
84 53 55
10 78 63
3 77 20
13 78 45
38 5 38
45 26 8
12 16 36
18 87 13
59 33 38
74 77 9
10 9 100
27 45 66
76 77 78
19 2 41
55 18 31
59 81 22
67 53 3
60 57 89
21 60 15
67 0 85
75 88 95
42 81 84
95 99 49
79 84 16
52 50 3
17 14 51
43 76 72
39 40 75
20 8 51
81 39 19
24 88 51
55 59 97
81 96 38
90 34 91
61 90 10
3 35 61
66 81 17
42 3 33
0 37 68
58 80 71
1 69 9
60 67 93
49 99 51
6 13 81
59 80 16
58 80 7
43 28 30
26 64 28
3 0 49
91 63 15
73 99 69
88 81 86
70 33 21
59 70 34
58 77 76
14 4 78
59 35 46
29 4 28
54 75 24
52 59 79
31 84 55
57 20 85
29 14 91
84 31 70
60 67 62
35 57 94
10 2 46
78 29 91
54 77 5
31 76 100
10 6 25
27 82 79
16 84 83
25 59 79
16 88 48
37 0 24
89 91 67
77 46 21
64 4 45
69 72 55
20 82 73
37 57 6
19 48 15
97 23 80
22 71 42
51 53 74
45 16 37
45 40 35
94 61 38
3 90 74
63 47 53
72 25 25
51 64 96
54 17 79
61 87 88
19 23 53
37 26 92
64 14 76
64 25 2
15 36 63
42 98 42
80 12 75
13 94 74
50 39 57
41 43 60
54 53 63
33 30 60
33 95 65
54 56 2
63 39 70
42 6 44
63 41 10
29 51 30
77 80 10
23 2 43
33 5 5
29 64 94
18 63 54
4 28 6
98 89 4
8 80 98
91 47 71
48 0 10
79 92 7
36 10 76
76 96 61
67 21 47
29 65 75
61 91 51
55 78 33
6 60 57
58 83 29
78 14 27
30 50 52
98 53 45
21 30 71
91 26 35
12 37 77
42 60 38
38 13 39
86 45 61
0 71 100
80 90 6
15 47 1
90 50 76
53 44 35
93 53 69
21 69 14
77 23 76
42 27 99
6 80 73
59 13 51
61 73 47
57 32 85
47 77 8
8 92 32
45 61 1
64 37 78
72 98 84
40 98 11
39 48 41
11 37 89
55 63 31
39 51 57
78 99 6
41 35 95
80 66 80
74 55 47
31 61 65
21 78 14
97 3 62
15 47 21
56 25 100
89 47 39
94 72 24
78 75 13
64 12 81
39 49 13
29 58 91
85 91 36
11 20 14
6 21 52
91 34 27
30 97 79
14 96 61
8 25 59
70 6 57
80 14 55
88 97 9
73 78 39
79 31 94
26 18 14
59 9 90
63 30 56
73 85 29
37 27 82
5 63 2
72 1 50
8 59 24
40 22 13
28 39 25
54 45 40
40 97 24
85 64 33
21 24 56
30 37 85
45 3 82
93 91 97
34 76 38
5 90 25
28 56 39
77 76 45
99 19 75
63 25 94
52 92 60
97 58 86
98 17 42
90 97 89
63 0 51
67 58 58
11 86 2
99 25 92
69 48 71
22 14 83
2 72 67
68 39 39
7 30 18
92 56 78
84 24 23
47 23 38
81 38 56
54 99 80
34 17 79
7 34 37
34 86 9
23 33 29
13 75 83
81 51 12
61 53 4
25 52 98
68 91 25
25 45 98
32 99 60
72 32 78
16 97 11
83 8 17
53 88 47
47 26 44
49 59 37
93 14 12
65 14 22
60 43 27
70 77 90
19 25 76
6 53 97
1 4 74
46 87 39
47 82 13
1 74 78
54 17 67
39 65 13
79 53 70
8 72 94
55 54 52
21 46 13
44 65 56
2 53 8
50 13 54
76 80 2
36 57 8
65 0 94
81 38 51
98 1 18
76 40 75
90 24 90
66 26 98
52 13 2
57 25 65
93 48 46
56 95 1
39 83 68
7 54 86
63 93 32
8 73 3
51 20 36
80 87 68
8 22 9
93 85 40
73 46 31
46 44 26
2 83 34
33 71 67
18 26 100
75 40 100
25 74 92
12 71 70
93 44 64
9 97 5
86 54 49
90 45 41
50 73 81
63 5 82
94 37 39
69 42 65
9 90 60
75 8 42
31 14 18
85 39 3
69 38 64
58 84 97
1 37 59
13 43 90
13 76 3
6 18 61
47 28 99
23 17 94
93 17 51
15 90 43
22 30 54
15 98 76
19 51 47
38 65 50
16 98 100
46 90 76
37 44 92
83 79 97
7 6 67
26 2 85
39 40 19
61 56 60
5 30 44
99 20 20
50 92 100
69 1 22
7 85 12
81 62 55
64 73 76
64 32 86
69 26 31
99 78 36
44 70 17
89 38 53
40 79 87
60 8 31
50 64 95
75 9 91
24 19 50
89 55 64
83 23 57
79 74 47
54 71 50
80 93 31
98 59 18
39 56 37
54 1 63
8 28 83
99 53 29
40 94 97
98 57 11
42 87 66
22 21 71
54 20 90
30 60 6
64 63 92
5 3 83
98 32 8
49 70 77
41 88 45
71 6 42
76 66 64
41 59 53
97 99 37
64 8 66
7 38 99
67 62 89
99 96 75
70 48 20
10 97 14
58 19 54
17 14 73
46 66 85
41 23 22
68 16 67
79 68 32
52 45 1
25 98 35
56 99 28
76 56 28
61 11 60
9 50 31
19 71 44
78 14 92
63 37 19
95 42 77
87 44 34
86 66 29
19 37 91
63 31 67
3 57 42
5 34 96
15 75 8
7 48 38
80 61 21
70 92 57
91 69 85
95 8 21
17 58 71
73 1 90
46 23 61
67 4 42
81 3 89
51 35 57
70 6 3
36 41 92
21 72 18
92 9 19
69 75 51
40 95 57
38 21 4
34 16 35
3 21 15
51 94 36
2 63 41
32 11 67
48 57 1
71 61 39
27 55 12
84 52 54
8 23 86
43 56 24
38 42 34
82 74 3
31 10 73
64 39 34
48 5 37
11 2 53
87 7 31
81 96 4
99 51 47
89 38 56
44 87 3
86 75 65
40 64 53
48 97 92
10 83 74
8 5 66
37 9 79
67 50 5
59 42 4
84 7 1
0 86 44
65 96 88
48 79 11
1 34 87
50 31 7
91 54 84
35 16 53
19 63 91
14 28 49
51 41 73
55 79 13
55 65 95
61 68 54
50 74 90
11 32 51
25 7 67
31 6 31
8 3 42
25 39 44
74 27 3
4 8 62
74 90 34
6 5 93
59 70 76
1 89 69
68 41 10
19 6 44
98 6 84
11 93 50
24 37 29
68 78 22
80 62 41
98 39 43
37 82 99
17 31 40
2 61 28
46 17 29
71 49 4
19 59 41
10 72 77
40 3 28
94 84 42
22 4 38
38 82 6
77 49 16
80 49 84
72 57 62
87 23 32
69 42 9
19 93 86
6 31 6
92 98 30
59 7 42
47 95 81
28 31 74
44 87 88
2 73 20
46 49 43
49 47 30
45 33 37
69 13 45
56 91 88
62 5 67
19 99 89
10 53 94
79 34 44
83 29 79
79 69 28
59 65 98
67 17 70
58 41 9
91 8 94
46 4 45
51 32 51
61 83 21
45 20 14
48 37 49
90 86 81
23 30 80
36 98 63
65 38 93
14 29 91
95 59 48
11 13 87
88 59 29
36 44 34
70 50 44
22 86 41
38 48 14
5 49 71
73 18 38
22 31 38
35 65 22
0 56 68
22 20 45
1 42 87
23 77 74
89 20 55
41 30 76
45 7 73
25 15 77
18 64 38
49 84 91
34 93 12
32 85 4
34 63 7
30 80 48
18 24 30
57 34 67
33 13 18
97 2 96
10 99 41
88 94 26
6 54 38
71 37 21
93 7 76
97 44 53
56 36 95
56 89 23
34 54 64
0 37 8
8 92 22
87 33 64
85 29 40
13 26 65
12 52 42
56 47 63
72 84 48
72 57 30
32 5 46
81 7 66
19 62 48
55 64 77
7 79 29
6 55 1
38 61 99
18 68 22
68 66 16
26 53 85
23 56 12
59 55 63
9 45 94
1 84 34
90 7 24
46 85 88
7 54 46
77 66 18
68 17 39
21 31 73
84 70 26
91 58 24
85 60 56
47 0 94
59 75 68
60 52 2
85 45 68
6 21 27
31 97 17
8 3 27
50 76 64
19 44 86
43 10 86
42 12 26
29 73 65
92 48 62
8 40 53
9 17 99
75 37 42
38 31 67
8 1 92
88 99 11
31 11 81
92 85 65
4 18 73
69 71 87
66 92 63
64 45 11
79 71 35
71 53 25
50 46 34
90 18 83
2 11 28
77 99 30
60 14 93
87 20 51
59 75 93
7 28 57
69 84 20
56 18 43
98 95 74
73 91 2
36 28 9
90 0 99
98 69 67
36 35 71
94 51 31
60 2 1
22 20 24
37 66 20
63 60 77
20 75 59
96 37 92
60 92 65
77 74 31
79 23 31
70 93 19
41 82 77
4 49 65
52 53 19
48 6 30
75 76 95
5 74 93
91 57 97
30 60 60
62 55 13
79 32 41
52 92 5
61 45 7
92 80 54
52 54 94
22 52 62
77 58 28
96 21 80
81 95 84
75 86 87
73 56 24
58 61 34
99 15 86
37 64 89
83 34 24
43 77 12
29 36 41
35 20 22
86 88 64
4 62 44
62 9 89
99 49 49
94 66 16
31 55 6
35 12 44
67 60 22
72 59 11
52 1 74
92 43 5
39 81 61
58 50 52
31 52 12
6 35 75
98 35 20
81 73 83
3 9 17
21 9 36
89 53 78
64 66 3
31 13 58
61 16 44
26 6 41
33 8 53
22 78 91
27 17 18
56 21 41
95 43 11
2 54 58
63 24 21
58 99 41
28 5 76
22 27 45
43 70 89
88 66 54
72 43 78
21 24 56
89 37 42
44 73 46
26 63 60
32 90 87
26 72 94
28 77 20
17 6 42
32 41 32
36 40 63
6 38 8
79 66 79
34 15 25
70 52 28
77 80 71
9 70 20
68 7 46
70 62 94
8 73 64
90 70 20
50 43 80
45 95 43
62 99 45
30 44 98
60 56 65
17 10 14
67 96 29
4 46 88
87 40 87
8 61 72
77 39 9
98 39 33
89 85 99
2 85 56
59 65 31
77 66 19
11 28 11
9 58 62
5 55 69
96 45 82
12 16 52
40 0 71
91 60 48
61 54 82
44 87 17
77 89 88
62 80 91
87 75 89
82 12 76
90 42 49
57 23 6
84 6 69
39 48 20
9 69 66
59 28 72
42 15 24
93 58 60
31 70 66
6 40 60
61 76 31
44 85 1
2 80 32
40 43 42
96 23 26
79 57 50
84 75 80
3 48 27
70 75 85
28 11 46
20 19 58
32 50 36
63 6 19
83 89 47
30 23 50
76 78 78
57 80 12
75 22 50
75 59 12
17 38 36
36 85 25
44 98 76
31 61 11
44 67 93
98 81 49
76 32 2
5 15 2
32 8 93
81 72 23
58 66 42
57 55 59
48 95 68
10 1 44
49 25 37
28 59 68
42 44 37
83 42 13
37 5 81
32 70 34
84 24 10
71 42 77
39 18 64
64 0 63
2 75 38
10 31 36
15 14 20
79 27 55
17 78 47
87 14 18
66 31 41
48 26 80
48 63 52
91 90 87
16 62 59
24 6 48
14 53 66
84 8 75
14 13 3
34 3 60
79 51 45
31 68 86
32 81 73
23 31 62
94 15 100
93 86 95
71 75 88
9 7 20
84 92 1
20 77 72
19 39 46
68 29 69
10 94 24
97 41 1
39 3 86
97 95 20
83 40 58
19 80 5
40 45 4
18 71 26
33 0 25
52 47 51
21 7 76
52 75 28
32 98 88
83 32 34
82 57 84
67 82 39
26 77 65
62 58 41
77 64 73
66 82 87
48 55 12
40 39 25
91 92 63
54 77 36
30 35 2
34 29 44
92 66 88
48 6 73
62 78 11
28 16 16
13 41 75
72 81 60
27 3 31
5 39 86
30 34 87
93 36 20
97 54 92
54 51 60
81 42 90
43 60 52
32 88 51
65 13 77
97 57 60
90 26 73
13 59 94
17 87 72
15 66 40
79 20 84
89 13 33
91 96 85
58 7 1
62 19 46
48 58 15
66 32 84
76 88 6
93 23 73
94 58 13
80 12 21
70 60 27
73 35 16
33 20 70
37 47 17
65 89 48
99 0 83
54 81 5
74 2 88
64 82 100
83 28 33
50 14 11
11 42 78
61 35 39
81 80 90
42 66 58
94 18 96
36 92 70
24 54 74
8 80 16
65 2 12
52 6 100
64 79 24
93 69 81
90 63 69
56 55 82
24 49 16
38 1 83
54 1 74
79 81 8
9 0 20
70 28 95
63 75 24
11 96 71
7 79 70
78 76 93
27 56 47
19 81 35
66 53 99
73 18 62
7 68 75
37 34 21
52 96 7
48 7 31
25 90 58
2 99 22
50 17 86
67 17 34
67 42 75
98 86 31
41 2 91
55 75 41
68 98 1
12 56 45
29 11 18
9 97 93
27 42 68
41 17 12
97 49 68
68 8 37
48 5 61
43 61 48
0 58 23
90 8 25
7 17 44
99 47 66
44 81 86
95 93 76
51 86 94
76 32 98
12 65 48
49 60 10
98 90 13
24 29 70
82 99 32
31 93 36
72 20 7
97 41 99
47 90 26
81 51 20
65 92 10
90 38 8
15 24 89
54 14 95
15 29 49
19 6 42
47 52 12
50 73 78
77 99 47
32 71 65
45 35 79
11 36 86
26 71 4
1 43 30
27 60 87
96 40 24
11 80 9
86 29 5
44 92 90
49 18 40
32 43 30
63 40 1
16 27 92
55 22 76
63 39 55
26 10 90
44 20 47
64 84 66
2 36 96
26 63 98
82 28 70
95 50 44
82 55 15
20 29 90
82 71 98
34 92 77
37 88 80
49 16 53
20 25 35
60 7 41
1 31 95
80 18 43
59 0 61
77 93 68
68 47 14
40 0 1
69 94 66
53 84 76
36 65 9
94 36 43
34 85 95
50 48 14
7 34 83
5 79 27
42 78 8
39 21 36
84 37 53
63 60 25
49 96 83
23 19 16
13 48 42
2 75 88
69 44 1
6 94 56
98 82 69
12 63 57
28 6 27
23 61 26
32 33 26
79 3 42
14 42 50
97 20 63
14 78 36
32 44 83
11 41 90
40 80 61
92 50 66
32 49 89
61 70 98
1 60 34
21 84 69
97 56 19
39 50 82
74 78 48
32 30 82
67 12 34
62 76 91
58 80 79
41 8 20
87 69 88
46 57 15
44 38 83
82 49 55
96 79 85
53 28 25
2 91 59
56 12 82
78 37 3
68 26 75
37 77 1
46 79 51
44 6 65
27 31 11
8 10 36
5 24 18
67 40 56
75 29 61
22 77 52
40 64 100
8 61 2
36 93 26
93 42 2
63 37 41
21 37 46
13 72 59
57 50 84
99 95 81
93 24 40
95 39 21
47 36 32
29 4 23
42 30 98
73 64 48
7 16 89
87 62 37
30 26 25
86 70 96
84 46 26
57 83 48
14 37 32
35 11 59
79 59 88
73 7 100
42 9 94
16 28 97
74 88 87
61 17 13
86 14 38
41 6 87
61 16 49
18 80 41
81 60 51
54 40 94
4 44 11
54 64 9
17 96 38
75 18 29
95 90 61
72 50 54
38 71 78
47 9 66
14 18 13
12 57 21
57 60 67
12 13 42
84 99 76
98 16 75
65 58 100
20 8 72
71 90 97
48 25 64
61 80 98
79 88 14
15 92 82
64 91 48
86 50 9
69 73 12
5 50 9
11 56 88
90 5 38
84 21 39
91 77 36
52 46 43
34 84 58
31 58 22
10 89 30
45 5 8
5 23 63
25 66 52
23 67 95
92 22 24
20 56 57
96 57 78
96 75 47
3 6 77
14 21 4
63 47 95
86 29 51
82 86 62
8 27 77
83 20 11
32 56 67
6 39 94
49 26 31
46 30 1
80 84 8
14 11 36
95 90 86
18 39 100
93 20 82
10 51 32
12 95 75
41 37 77
53 31 78
4 91 100
41 98 21
18 55 26
40 42 83
24 19 91
77 35 12
60 5 62
63 48 63
17 72 76
60 63 95
11 35 21
32 22 33
42 9 16
67 42 21
88 99 70
91 38 62
18 12 97
93 18 30
82 13 43
50 96 47
93 76 17
55 2 53
45 31 62
18 67 18
98 65 91
7 79 79
93 48 53
39 16 92
32 71 84
16 10 85
49 63 72
28 48 43
23 72 2
1 28 16
17 81 35
96 64 57
1 62 69
12 83 19
27 25 76
18 40 68
60 65 90
40 20 36
94 90 61
51 52 21
61 63 25
44 93 1
4 54 73
8 84 48
74 52 8
84 66 49
33 30 91
78 73 88
62 57 53
60 43 49
8 11 93
71 76 97
55 39 14
12 70 48
10 29 67
90 41 42
74 95 10
92 13 32
33 77 50
82 3 76
80 91 59
86 49 99
26 30 46
72 97 11
84 46 36
2 90 84
31 87 91
20 97 64
94 81 95
50 6 47
86 27 61
19 53 22
89 66 42
3 21 65
87 46 6
51 42 79
2 11 90
79 19 6
67 51 12
50 45 50
73 91 93
37 88 87
43 24 90
47 53 26
25 32 83
66 53 38
97 78 75
65 84 41
12 89 23
14 10 60
3 69 31
40 71 29
55 88 30
81 17 79
86 27 67
2 7 87
23 18 37
45 73 82
75 74 80
77 97 30
81 5 97
15 95 12
30 22 56
51 2 74
4 35 30
76 92 12
4 2 44
82 65 90
88 40 57
49 51 61
21 86 29
14 87 63
34 57 80
1 97 76
51 83 8
81 18 42
2 10 31
62 19 10
58 41 87
15 46 81
62 51 50
95 56 65
5 63 61
81 78 85
72 84 24
38 90 39
41 97 21
21 57 33
62 18 30
91 84 95
55 67 51
29 74 57
70 46 30
17 78 17
2 81 16
48 7 38
0 43 28
91 32 82
3 54 8
81 33 17
93 96 72
89 17 58
89 97 26
53 17 30
99 28 24
94 39 13
36 32 17
15 21 96
94 61 82
33 14 1
21 76 3
91 76 66
23 97 19
54 79 20
26 12 86
14 19 87
25 92 66
43 6 54
21 98 31
89 63 78
80 57 78
43 69 29
9 60 46
53 0 60
46 63 54
46 24 41
48 14 53
83 68 83
62 29 30
27 69 60
40 90 18
46 77 51
68 39 51
64 91 71
6 13 83
26 25 60
15 72 1
20 28 15
33 48 36
31 16 48
18 81 62
48 24 95
73 24 87
91 28 31
77 54 75
83 53 5
59 35 65
29 26 61
77 81 30
67 62 100
74 81 18
55 45 99
82 49 82
78 20 50
31 82 24
55 83 63
9 93 79
69 37 76
21 49 68
11 23 30
91 65 27
41 54 40
72 82 100
59 58 24
88 65 7
72 44 53
57 17 90
8 47 8
43 10 32
71 51 66
84 4 3
86 22 77
26 47 53
82 71 5
46 43 41
74 2 1
93 1 4
84 6 95
46 23 34
54 11 12
72 7 85
34 51 22
41 1 73
91 38 57
26 92 7
51 43 70
66 29 67
35 72 99
90 42 88
9 4 69
80 63 21
38 84 78
2 71 85
72 9 70
78 55 97
66 79 19
90 47 30
67 84 25
0 51 78
27 21 62
43 44 7
90 85 43
70 53 66
60 98 60
19 71 78
23 43 4
25 32 81
12 55 44
50 38 90
64 51 71
90 74 47
30 70 92
61 45 5
87 10 85
15 8 74
88 33 11
16 99 84
53 60 95
50 76 77
17 58 63
20 19 95
48 63 39
3 29 31
75 54 80
17 35 83
55 53 42
14 84 98
19 73 34
21 29 36
44 49 14
52 96 68
25 43 90
88 70 54
70 87 89
20 11 86
91 61 26
57 76 54
78 88 43
57 89 9
95 76 97
94 85 87
13 77 44
82 45 65
94 14 78
86 18 100
10 66 27
12 17 18
43 4 46
56 78 53
2 79 61
55 38 1
76 52 66
82 55 39
25 26 37
64 56 100
31 64 85
22 56 55
54 89 28
66 55 82
14 10 5
55 19 96
4 3 67
83 72 38
71 35 100
37 79 12
87 39 34
55 52 78
93 55 53
20 99 64
33 49 6
71 24 24
64 10 76
83 66 7
90 25 11
5 1 68
15 72 35
65 58 33
30 83 53
81 27 15
1 94 35
17 71 5
42 24 64
21 90 61
17 41 79
7 83 81
57 92 94
6 72 23
4 62 72
32 97 79
18 84 44
89 6 35
65 56 7
6 75 4
60 87 22
93 57 51
28 99 47
22 12 34
58 85 86
86 49 37
68 97 15
10 99 59
61 75 32
72 95 21
86 22 16
34 21 85
11 23 64
31 68 39
20 97 28
99 6 65
50 36 39
35 55 48
55 14 88
31 76 91
10 39 88
48 11 7
58 92 44
18 1 21
40 92 75
75 12 41
51 88 50
22 15 67
84 80 69
25 88 97
44 30 7
17 62 3
99 51 62
78 53 39
89 20 77
94 50 54
99 52 82
37 31 15
40 14 81
62 6 86
28 39 82
92 14 75
12 17 27
1 9 13
23 86 85
58 46 84
2 86 77
13 56 50
67 95 29
12 3 86
87 37 58
66 70 21
18 4 43
49 89 72
78 64 79
33 63 98
74 85 77
58 96 15
69 26 24
47 7 88
47 57 63
16 50 42
45 54 72
36 7 50
77 29 28
83 30 20
23 89 50
12 71 31
98 90 81
81 53 90
28 95 98
86 16 31
51 70 90
17 44 39
89 29 96
24 65 38
28 64 33
38 5 26
3 45 73
11 53 76
91 37 12
8 76 60
0 19 12
44 87 18
74 54 95
29 33 84
67 73 17
11 37 45
7 0 85
56 87 48
63 98 4
24 4 86
38 66 17
15 88 93
28 16 49
36 82 86
69 75 34
64 37 51
96 76 100
72 27 100
69 52 8
8 98 26
48 18 24
97 94 12
1 60 90
56 7 45
95 70 86
3 59 7
20 31 12
92 78 22
79 73 63
60 57 53
25 13 39
29 96 3
99 62 71
68 49 19
34 38 60
66 55 16
66 10 1
8 7 99
10 63 17
39 81 5
17 30 79
3 90 85
84 55 28
76 79 35
89 37 31
41 87 80
69 0 37
17 26 32
51 97 90
95 7 10
71 12 27
83 27 65
69 24 33
65 69 77
49 72 95
51 7 16
36 81 30
44 23 6
73 61 78
85 45 28
46 31 61
78 85 68
3 5 93
80 51 98
77 70 30
77 96 87
71 9 62
11 27 92
86 2 24
90 24 81
96 71 27
4 15 27
85 84 30
93 63 13
3 72 79
75 95 94
9 60 87
30 99 78
79 90 21
18 34 14
64 60 91
28 31 29
38 49 12
40 42 44
85 41 35
66 15 1
11 71 28
79 50 89
82 67 64
43 68 18
58 68 12
54 38 97
27 12 27
70 24 63
18 57 77
87 47 57
16 12 44
23 34 97
33 57 6
82 43 73
37 7 8
65 71 2
7 72 42
23 77 18
79 78 72
16 53 71
68 93 82
43 38 17
21 35 24
7 22 54
67 82 61
79 80 44
90 85 54
32 70 72
29 86 75
13 16 33
74 34 48
13 78 91
17 27 54
84 82 62
64 93 41
72 96 28
34 90 88
63 1 40
6 38 8
21 4 43
98 40 56
6 9 97
27 84 63
56 41 24
92 15 64
9 25 13
94 77 22
26 21 87
86 14 41
74 99 68
73 70 100
33 11 21
10 90 6
21 63 7
10 84 47
9 90 50
11 43 7
35 33 96
66 87 85
93 84 62
92 91 45
56 34 36
35 90 59
23 22 67
75 94 40
95 72 80
83 66 46
68 75 56
29 34 34
17 43 72
99 60 5
29 87 62
59 49 19
21 32 33
95 18 48
60 41 8
42 30 58
7 70 94
77 2 80
89 37 33
52 17 10
7 69 98
73 40 28
60 81 46
65 80 17
46 34 12
95 42 77
12 52 74
5 11 27
53 17 67
4 49 75
31 53 99
23 27 55
73 97 13
7 78 26
43 82 38
48 80 11
50 73 16
4 95 48
53 35 35
75 28 50
32 9 65
47 77 41
83 62 66
5 72 2
4 52 74
23 60 2
94 97 10
50 6 58
54 46 70
46 98 80
75 28 8
73 93 66
8 55 31
73 51 76
45 75 100
21 50 73
10 14 24
5 45 36
45 59 50
89 68 20
92 71 76
33 61 96
6 80 60
19 38 40
72 44 8
60 3 31
2 10 48
74 84 55
11 87 37
30 56 42
9 29 15
81 69 29
7 46 23
42 53 14
9 60 48
83 29 85
96 21 51
87 72 74
28 63 12
20 64 83
96 80 34
73 47 52
83 29 4
39 54 96
4 1 11
96 16 77
56 36 82
95 40 62
48 83 34
12 41 41
11 99 45
8 12 95
98 41 16
52 16 85
33 38 99
2 45 80
36 56 1
88 12 84
98 30 20
65 16 23
29 44 20
17 84 73
17 69 18
85 28 82
47 32 81
68 38 40
26 50 83
80 99 64
31 59 29
6 50 26
33 51 45
59 81 66
57 17 38
2 45 59
0 67 96
59 97 24
51 38 76
43 30 98
93 76 34
23 57 6
83 79 33
75 31 72
41 14 31
64 71 95
94 53 82
85 97 31
99 49 19
48 7 91
32 6 16
77 26 59
31 30 19
3 44 33
70 3 67
72 79 22
27 26 13
2 48 97
16 28 90
99 54 28
14 79 78
0 97 68
86 45 66
31 77 1
80 4 7
59 8 7
28 49 89
20 15 48
93 68 45
42 61 10
81 13 62
83 48 64
62 2 93
34 78 29
19 71 33
33 20 69
36 53 15
92 34 30
74 6 13
34 61 36
87 91 34
1 98 50
33 31 92
82 59 85
8 65 81
26 24 16
85 68 13
27 57 7
69 46 54
65 45 92
44 64 89
71 24 15
94 21 64
19 31 71
35 90 96
41 50 76
94 49 38
65 39 27
49 7 61
23 34 30
66 11 58
16 2 52
76 38 66
67 80 12
33 81 39
47 30 71
70 58 62
96 46 33
95 0 1
27 9 98
69 34 41
16 73 95
96 20 72
80 99 44
53 90 28
18 48 54
20 25 89
65 14 47
79 75 20
31 53 24
74 60 89
53 95 100
49 6 50
52 23 34
15 69 28
17 87 20
38 7 59
51 84 41
81 51 50
24 28 27
37 13 66
47 36 16
60 23 14
98 11 34
90 46 42
10 26 29
16 34 79
61 99 94
57 96 98
61 30 54
97 5 9
37 96 72
74 66 83
48 25 72
84 0 96
21 70 14
98 81 86
88 22 80
19 18 96
4 96 71
24 16 43
89 9 11
1 16 14
71 50 43
52 99 82
85 18 29
9 22 99
75 71 82
65 97 68
79 88 30
93 35 47
35 48 46
73 9 70
54 5 48
79 2 39
82 90 92
60 89 67
9 54 77
62 60 44
79 62 44
30 71 76
64 55 5
98 9 81
9 97 17
46 92 30
6 49 48
63 95 72
38 62 60
36 76 32
83 40 90
33 81 31
9 24 94
10 45 54
81 49 32
35 64 53
4 1 37
87 79 37
69 9 95
36 91 27
88 44 45
40 43 40
28 95 64
54 5 21
68 10 54
50 20 37
99 77 19
72 12 66
45 93 66
60 33 11
21 36 50
16 56 86
45 65 23
38 47 39
62 4 20
27 7 24
8 12 21
65 81 6
66 62 95
63 94 81
42 80 100
32 34 59
99 29 15
79 50 22
14 1 29
71 68 38
65 26 55
74 42 50
79 95 19
2 62 76
91 34 26
48 50 97
88 80 30
94 46 26
78 61 34
27 54 48
74 4 94
32 48 25
50 10 91
43 28 68
76 61 99
98 62 26
56 81 89
1 51 46
78 25 48
63 89 95
25 40 65
31 39 94
32 48 85
73 86 41
36 51 96
81 93 25
66 10 3
90 7 98
97 48 61
63 48 84
68 73 78
77 50 33
2 80 80
86 71 35
56 48 88
32 95 37
79 5 73
56 35 62
9 84 28
87 42 95
22 81 93
0 49 31
52 24 91
15 72 25
97 35 64
7 56 33
94 53 13
48 84 28
4 52 71
75 61 50
27 87 45
92 11 65
3 76 96
11 48 37
66 35 38
94 40 64
80 48 19
28 40 86
46 30 89
4 97 25
0 70 9
13 71 43
53 55 55
2 94 49
60 92 45
96 27 68
57 98 28
84 64 14
7 29 48
50 32 87
71 41 55
3 92 87
26 77 49
35 6 62
45 19 10
71 31 91
78 73 25
88 16 65
72 40 98
80 97 48
23 52 45
45 88 4
99 24 11
35 10 96
3 68 94
54 55 18
79 65 65
84 92 43
20 52 87
1 30 78
91 72 35
99 72 25
43 14 18
79 50 51
76 34 78
60 88 52
55 94 76
21 72 54
98 16 63
8 73 22
86 64 35
38 88 15
26 6 70
45 15 93
19 91 15
11 8 89
4 95 22
30 57 43
58 51 74
14 11 45
82 26 46
9 24 5
94 95 61
11 27 97
4 99 38
75 47 16
52 12 22
77 64 10
11 64 47
18 17 12
10 23 22
54 59 6
72 24 69
45 20 37
10 57 89
36 7 65
33 47 10
49 9 67
65 30 35
36 96 4
58 32 13
3 66 81
32 92 95
8 13 93
63 60 45
23 44 15
77 55 51
4 63 59
66 78 52
87 54 18
28 70 26
64 36 75
33 4 21
85 55 85
93 87 5
78 31 28
74 70 33
83 71 77
26 87 29
80 87 11
94 23 39
41 57 36
97 33 80
19 24 39
97 45 77
85 72 86
83 72 84
68 34 73
13 87 54
25 77 21
5 28 55
82 30 95
96 48 70
7 87 50
13 59 36
13 9 77
97 36 59
90 99 93
51 16 67
24 35 32
65 43 87
70 62 77
77 36 69
96 12 84
6 26 51
2 54 61
95 26 99
71 93 63
43 56 63
5 88 67
46 9 53
64 34 34
67 12 90
32 87 71
79 41 43
51 76 81
77 87 27
63 9 90
11 10 83
22 70 82
41 81 26
31 69 47
65 52 3
38 98 54
26 55 71
36 21 11
33 76 46
49 90 63
76 0 74
73 62 48
20 97 3
94 57 63
40 89 8
77 5 47
41 83 9
63 85 19
74 16 37
58 45 76
31 12 58
23 18 41
16 10 70
60 8 88
57 43 3
44 90 55
29 89 48
39 89 40
89 26 91
90 43 71
20 17 39
6 97 99
90 83 13
11 64 67
1 85 81
24 97 33
76 32 6
87 12 21
77 38 38
59 94 47
49 84 98
64 33 19
88 54 44
60 12 64
59 64 86
30 83 8
89 7 88
87 99 31
62 86 61
89 40 56
65 80 27
99 65 97
56 26 92
89 39 4
79 57 71
2 17 16
51 18 23
85 50 93
4 66 90
83 10 68
48 28 78
66 18 62
76 14 1
42 20 83
56 48 38
29 80 83
33 71 23
69 41 12
21 70 37
70 64 71
17 87 13
69 72 81
38 92 63
14 1 34
90 53 3
25 67 24
83 93 44
99 18 51
49 92 97
10 79 93
80 81 65
39 54 99
10 79 7
99 40 34
30 67 96
71 21 99
91 61 90
88 49 73
16 92 72
66 43 78
80 79 89
46 82 13
38 57 59
98 7 63
91 63 35
90 88 22
35 72 61
32 28 74
8 49 26
76 80 5
64 69 87
64 4 54
72 0 86
80 85 83
93 55 73
99 21 86
40 42 43
14 52 54
51 83 84
2 89 74
36 40 31
7 9 55
15 72 7
13 25 87
42 81 32
49 73 55
67 60 17
14 46 67
61 11 63
93 55 48
63 0 76
96 78 73
58 97 3
96 44 89
48 74 66
74 10 16
49 84 56
27 73 98
41 89 78
53 85 28
13 12 37
9 93 39
90 40 98
13 96 27
69 1 79
31 77 75
3 62 47
29 26 42
67 85 2
94 22 50
38 27 4
76 54 55
23 56 68
52 15 92
82 12 17
68 32 20
35 79 92
1 53 29
57 15 34
22 10 98
15 12 52
12 93 15
57 2 78
54 94 54
38 13 47
81 32 26
26 97 24
68 26 75
16 55 49
93 78 87
67 98 61
12 10 58
84 75 27
65 21 83
6 96 75
27 61 56
86 4 64
54 45 18
9 4 90
41 76 62
79 67 34
45 64 41
62 15 20
46 85 43
57 7 86
16 52 5
2 80 79
45 43 51
2 72 21
74 37 63
43 37 23
65 3 11
9 48 59
45 26 61
69 83 83
97 26 74
75 37 95
2 12 50
78 23 89
79 18 15
72 63 91
17 77 19
61 29 90
80 48 20
17 97 63
22 48 94
72 43 64
54 97 28
19 71 64
63 65 75
84 26 70
94 97 73
12 32 10
94 57 81
75 2 62
45 37 38
94 61 70
32 44 27
2 36 30
75 28 87
77 55 62
27 58 93
48 6 30
95 21 97
96 93 100
1 9 40
66 46 14
11 76 6
39 42 54
45 36 6
96 79 67
32 38 75
13 66 85
24 46 2
89 97 81
33 0 82
1 88 81
94 5 70
89 16 12
78 19 55
29 97 80
42 54 22
99 1 100
43 31 66
62 95 39
27 23 11
74 69 87
51 55 42
86 69 40
56 32 42
8 91 8
87 41 61
8 83 95
9 76 100
42 17 50
80 83 69
26 67 94
78 39 10
96 59 85
27 48 83
22 88 72
4 56 61
62 12 34
78 46 55
59 66 91
29 88 11
97 26 90
64 73 28
76 58 40
0 30 94
95 17 27
82 93 1
66 6 59
63 44 79
57 75 94
69 13 9
34 66 80
22 32 86
54 80 6
53 11 76
1 8 53
98 91 37
97 21 63
15 81 97
65 2 16
2 63 83
53 7 64
0 42 85
42 51 81
74 11 72
1 2 38
97 35 37
26 18 65
74 68 19
27 23 9
55 65 23
30 27 5
17 68 96
78 44 73
32 35 73
49 52 49
4 78 99
68 59 34
52 13 39
31 27 37
37 73 78
35 42 74
83 20 88
15 36 63
50 34 8
54 51 53
33 84 73
85 55 89
66 45 14
50 53 76
29 97 42
7 72 69
22 33 100
40 66 19
27 30 9
28 80 30
13 86 84
8 42 74
80 90 49
2 3 48
56 40 57
48 31 11
12 2 20
40 51 85
49 46 21
59 21 99
63 92 81
30 43 47
85 83 4
65 72 55
28 71 54
80 78 78
92 21 14
85 54 90
42 60 39
80 53 100
15 48 55
56 51 71
49 91 38
21 92 99
73 86 53
27 36 54
99 0 24
34 72 50
99 73 51
83 75 81
7 76 17
10 74 97
62 40 17
27 42 69
43 53 12
82 73 24
80 89 88
50 72 23
3 98 69
41 78 79
91 21 39
80 41 26
63 69 71
76 44 19
63 45 50
44 42 11
74 99 87
7 27 56
60 58 21
35 88 54
0 51 89
53 13 90
60 22 75
10 60 31
56 49 84
36 90 7
77 25 27
90 32 26
49 72 3
92 27 26
54 5 54
58 76 18
44 30 11
17 95 15
62 34 30
68 66 70
24 20 85
10 66 5
42 82 39
80 45 91
59 98 72
53 50 97
58 45 39
34 89 99
21 7 35
15 45 21
78 72 21
28 78 28
10 20 96
47 82 11
20 76 73
46 79 98
58 73 95
66 57 91
44 67 84
99 6 82
75 1 88
46 66 81
80 37 86
5 70 45
47 77 85
9 36 7
60 90 30
67 72 14
54 12 58
10 12 81
85 57 19
62 29 85
30 54 7
68 12 19
85 48 10
9 77 33
78 53 29
93 89 79
97 40 94
99 81 26
62 64 8
65 80 38
94 25 10
71 38 49
17 33 55
3 86 12
45 87 31
34 0 12
40 39 25
41 65 16
5 40 8
79 62 90
99 14 35
38 61 65
48 67 29
6 51 61
17 65 37
52 24 4
72 17 16
78 67 1
28 67 28
0 21 86
11 27 80
4 31 26
71 97 86
26 32 35
66 15 40
80 55 98
38 51 5
50 33 31
94 72 4
2 22 17
15 78 46
52 39 60
35 26 82
21 88 18
3 39 58
77 75 64
74 83 83
50 48 88
50 87 31
71 13 31
69 13 99
81 5 29
8 43 53
16 29 71
90 16 88
99 11 94
81 63 93
26 90 46
20 59 23
63 67 72
56 79 75
66 32 36
2 91 83
1 0 16
99 69 11
59 77 70
35 44 98
28 93 99
3 2 41
10 17 81
36 57 31
83 63 72
11 80 54
5 41 100
81 39 95
89 53 66
36 9 100
33 52 66
46 39 41
11 44 98
60 74 43
50 36 13
70 45 20
51 21 79
61 79 62
57 54 25
70 16 83
51 82 10
69 79 16
16 44 87
84 67 59
75 68 57
18 68 43
39 18 18
31 73 14
36 74 66
59 6 99
51 53 16
91 63 77
6 59 40
98 21 97
17 8 86
90 68 44
41 91 35
54 53 28
12 62 83
78 90 86
36 13 50
42 65 13
87 9 18
27 63 8
52 34 49
48 42 79
21 22 77
93 26 53
52 17 9
29 92 33
21 18 47
63 29 27
64 86 54
85 70 4
59 61 30
91 84 23
69 37 59
15 19 61
59 86 95
42 71 18
71 20 47
96 69 35
93 29 80
51 35 7
25 56 26
93 61 75
8 76 79
39 7 86
39 8 20
7 82 82
10 27 82
61 57 6
7 72 8
62 21 52
12 91 76
7 47 74
25 66 99
5 38 92
83 78 97
29 68 23
52 31 16
49 5 8
36 70 5
50 51 78
42 21 95
17 37 43
71 67 86
96 52 64
36 60 1
84 46 78
50 88 60
89 0 18
79 63 14
7 59 85
53 66 91
77 75 37
54 78 27
69 34 11
1 7 50
16 12 30
85 58 80
84 23 22
82 6 92
65 91 92
36 18 6
17 64 25
14 51 48
15 60 51
94 64 26
21 52 34
72 59 34
76 73 56
22 47 73
52 0 84
47 75 94
80 2 84
10 93 29
51 47 66
24 6 55
9 77 53
99 52 45
41 42 51
55 33 94
49 88 85
4 27 49
11 69 67
30 68 69
67 56 44
16 87 23
87 33 69
13 94 46
44 68 89
64 73 30
54 10 81
56 82 42
50 26 17
51 71 1
52 94 26
37 15 4
17 12 28
21 14 57
86 92 28
34 3 88
40 56 34
6 73 78
6 72 58
17 92 21
81 96 44
23 26 20
22 36 67
46 0 85
36 64 88
17 2 46
35 66 80
18 5 37
7 20 1
80 66 80
38 54 75
94 69 51
72 85 89
61 70 40
52 51 33
58 88 65
45 71 89
81 94 32
91 74 94
68 36 7
20 65 16
51 16 72
30 67 58
9 90 93
32 91 78
33 88 30
85 9 37
22 2 50
54 62 32
86 44 74
70 97 88
23 35 33
5 1 11
35 60 65
40 31 51
74 9 91
76 74 100
52 99 66
62 33 96
91 1 33
71 62 27
23 17 1
62 34 87
9 45 15
93 65 96
6 28 47
91 82 74
70 80 18
21 34 39
37 28 11
64 97 20
53 72 42
82 17 92
86 40 45
69 17 47
86 97 1
6 47 60
68 6 78
91 99 97
55 19 31
83 42 26
87 47 50
15 60 48
28 76 5
57 40 48
12 50 60
70 74 8
2 29 69
1 15 62
47 77 6
70 88 60
25 17 26
31 8 21
7 61 45
75 0 26
69 84 36
10 6 19
14 72 66
22 23 54
90 82 88
13 43 92
65 74 17
41 88 76
34 7 38
69 60 3
5 74 67
93 89 10
69 49 29
30 53 91
66 0 56
65 8 37
15 53 98
32 33 43
93 71 13
14 27 50
23 63 24
62 40 15
7 63 78
86 21 1
11 84 90
99 30 33
30 65 18
74 21 86
82 50 6
54 21 51
79 27 25
11 58 11
10 20 73
44 2 48
91 49 30
0 94 16
89 95 9
78 76 91
79 19 85
9 2 83
40 47 39
42 97 67
75 87 69
23 31 13
47 39 69
11 23 79
35 87 77
51 62 82
57 52 62
3 68 46
21 52 36
67 22 17
64 55 12
73 1 83
74 20 33
35 89 40
30 70 96
8 49 100
28 90 17
82 64 92
15 86 58
99 3 53
84 0 100
75 49 28
34 2 92
95 5 96
25 1 47
35 72 69
14 83 60
55 96 87
72 69 64
21 34 58
94 8 85
50 4 82
49 26 4
52 30 57
18 78 70
76 34 32
36 65 54
52 45 30
2 89 62
16 77 74
53 26 45
80 29 100
77 66 49
18 19 63
53 41 8
72 40 14
34 41 97
98 36 42
13 91 82
20 30 21
90 74 14
4 40 81
0 65 21
13 8 28
34 5 51
70 20 78
26 24 80
36 99 40
97 91 21
67 70 14
5 85 33
53 94 10
79 44 46
70 55 55
28 84 10
37 2 82
53 23 20
68 17 19
63 12 72
9 80 99
88 77 85
71 65 50
28 74 65
0 40 94
17 98 38
57 72 39
77 7 39
91 27 88
31 37 3
70 29 88
92 68 25
72 84 84
91 71 29
34 56 20
45 70 10
88 61 13
26 44 96
57 67 60
23 22 30
10 85 40
89 70 53
16 81 62
48 32 1
70 97 87
3 27 24
5 20 35
99 19 96
75 98 97
10 74 88
72 49 37
21 14 10
17 7 49
6 2 67
75 50 56
70 76 36
79 50 25
19 67 3
97 30 84
42 21 58
17 26 21
34 70 60
84 29 82
52 17 47
4 9 8
12 39 6
31 42 42
17 78 70
61 99 58
19 33 94
30 83 3
15 64 70
69 37 67
21 38 73
19 28 52
9 86 52
80 36 82
61 41 100
42 68 39
20 14 65
98 75 92
56 87 62
1 22 88
87 54 66
36 23 23
58 62 79
87 28 43
62 45 10
7 67 51
23 61 6
41 47 74
40 49 54
56 85 59
29 61 94
47 70 11
1 87 55
67 61 90
70 45 14
48 68 87
45 93 32
66 16 90
66 48 58
22 49 72
63 32 10
87 68 10
76 84 18
38 81 81
40 2 91
50 27 63
15 87 94
7 94 47
75 19 39
93 13 48
73 74 47
82 84 1
78 64 54
78 60 31
79 78 10
57 11 69
92 42 83
14 23 25
15 80 55
78 3 30
16 88 49
96 35 10
52 89 30
72 51 89
61 59 73
13 99 51
29 51 94
93 17 96
27 36 88
32 31 17
53 35 47
34 11 86
30 77 83
90 20 94
42 31 62
99 80 26
22 81 62
39 6 95
80 69 43
47 17 43
8 65 9
85 19 96
93 86 55
49 87 32
43 19 6
6 64 16
95 93 39
10 58 42
55 10 51
29 58 78
74 63 34
66 92 66
87 25 31
74 32 62
41 4 51
62 20 67
66 45 74
90 32 86
0 84 16
36 17 44
33 2 38
74 59 67
52 12 16
14 11 22
99 70 26
76 18 3
16 13 51
77 97 69
94 25 41
85 47 49
63 51 99
98 70 20
74 22 55
10 25 8
35 44 26
40 39 49
97 91 33
53 16 51
33 47 47
16 93 43
99 40 47
93 53 78
86 27 31
30 85 88
83 5 39
77 95 51
27 36 82
61 24 26
78 9 28
46 91 42
36 5 95
98 84 53
71 15 89
5 66 74
60 14 5
39 25 7
80 40 58
0 25 1
85 34 79
22 33 60
17 37 65
53 17 31
70 29 39
37 65 18
51 64 29
28 84 77
48 7 3
75 44 13
89 29 76
55 4 12
93 64 89
62 46 72
43 25 90
44 0 82
92 39 70
22 78 98
71 94 58
82 42 4
54 47 62
30 92 61
90 95 37
50 20 30
81 10 90
6 31 10
91 76 3
88 55 24
44 85 43
87 63 46
39 79 98
34 37 57
10 49 27
40 38 57
54 6 26
58 67 43
96 15 74
50 13 80
50 73 68
92 31 50
75 7 36
88 39 82
46 71 42
59 25 63
3 36 6
21 99 12
76 25 99
35 13 85
12 68 46
53 55 46
68 83 48
81 59 18
50 32 3
8 4 22
70 74 40
44 28 91
14 17 35
10 4 91
12 80 49
72 77 95
40 29 9
84 51 3
10 95 4
30 99 54
51 7 31
48 74 74
41 14 12
53 74 94
26 45 65
99 51 51
46 5 38
52 19 11
45 82 83
77 70 1
24 3 80
21 57 20
4 39 69
67 21 60
87 27 12
51 47 71
41 98 73
21 20 91
77 60 93
61 20 89
83 82 34
63 39 21
50 99 42
53 95 35
24 5 84
84 65 23
15 5 77
46 55 17
6 51 95
5 79 96
23 62 89
19 79 57
87 62 38
84 49 96
23 73 86
87 3 79
35 26 49
47 65 65
50 84 70
51 32 3
97 96 96
71 17 53
1 29 43
96 5 99
33 61 32
95 62 71
49 48 7
87 7 21
48 88 89
78 83 36
17 83 35
79 48 19
91 34 24
54 42 67
30 60 55
60 44 36
12 57 86
85 35 67
74 51 70
20 73 5
12 42 12
66 59 4
8 83 33
39 71 9
18 98 58
8 3 1
12 64 65
11 78 43
84 55 53
32 25 99
47 28 61
25 50 48
69 74 70
25 41 4
18 66 37
1 75 51
65 45 23
84 14 90
47 6 68
52 56 59
82 27 40
94 17 8
84 90 38
8 6 35
27 17 58
10 41 32
13 45 4
61 10 16
48 4 37
52 41 16
51 46 85
51 24 36
57 33 15
28 2 40
60 82 79
72 92 28
45 50 47
41 2 7
59 50 39
19 61 45
13 18 80
77 63 19
26 27 86
95 32 74
97 34 1
38 64 92
27 88 1
39 78 79
7 90 91
19 32 94
21 3 97
10 89 55
49 81 79
31 97 58
6 62 30
78 30 92
24 7 70
33 74 22
0 60 76
10 9 65
63 46 34
91 69 1
44 58 49
97 31 30
52 73 27
72 37 7
2 53 7
99 75 46
29 31 79
71 99 5
40 17 46
47 38 82
60 28 2
75 74 82
64 66 63
33 18 1
26 4 7
60 29 97
77 3 76
59 5 28
84 2 77
41 37 60
33 29 72
42 33 29
52 19 52
70 40 89
12 82 84
32 29 4
28 37 64
53 6 24
13 32 45
35 54 6
12 3 7
60 37 4
23 90 34
45 25 70
42 26 79
5 17 63
20 90 14
10 25 5
46 25 11
19 70 49
37 45 11
16 56 94
82 54 28
73 6 18
5 24 25
20 56 31
19 26 88
38 19 73
32 91 17
54 31 51
66 71 35
64 86 97
57 92 87
92 77 25
14 97 17
9 94 70
60 97 27
96 42 30
10 95 36
4 52 88
61 19 68
40 95 56
68 72 32
33 16 5
6 44 99
26 35 87
25 22 89
85 1 96
88 17 43
25 38 53
93 6 74
85 95 19
30 62 90
36 47 5
90 50 54
5 65 57
20 90 44
90 87 20
45 49 28
44 79 33
38 98 29
36 44 85
13 89 3
8 73 37
52 69 96
83 94 95
44 27 72
65 9 27
33 55 43
56 77 77
77 68 66
59 56 86
81 20 2
26 28 23
55 7 81
93 47 7
9 8 80
55 22 8
8 0 80
16 34 10
62 80 69
52 57 100
1 61 23
93 3 49
23 35 97
59 25 11
98 92 20
15 93 49
11 44 75
71 80 28
68 72 45
77 4 29
34 30 94
35 93 16
67 43 100
56 47 48
40 98 85
28 95 71
82 62 40
93 53 54
28 91 87
21 37 90
61 97 55
39 9 42
60 83 78
36 0 90
45 82 30
20 30 7
25 10 72
60 58 45
11 50 45
41 80 37
79 62 52
22 23 3
28 62 20
8 21 20
91 18 62
6 39 9
74 79 19
43 8 69
76 63 11
74 70 14
95 49 9
74 30 100
25 13 44
1 84 35
51 23 92
26 32 98
0 95 38
82 21 57
8 48 25
45 16 55
52 43 92
16 12 32
42 69 63
30 81 9
65 33 32
16 8 7
89 16 19
31 71 1
90 38 8
90 23 19
83 90 83
58 3 66
37 44 89
28 14 97
17 91 18
21 78 59
33 29 64
14 66 17
12 9 9
2 48 50
91 65 45
2 75 65
83 49 86
26 78 23
28 60 6
38 54 14
54 58 94
79 66 24
10 56 91
23 63 94
79 34 75
0 30 27
21 33 41
37 35 22
93 52 66
78 8 75
61 83 93
27 3 49
65 35 6
8 51 56
79 75 84
26 29 24
32 57 18
19 78 34
60 49 18
87 45 94
42 30 9
7 50 74
62 28 97
32 26 59
74 1 81
33 96 61
94 53 34
28 47 70
6 41 31
23 65 83
7 38 16
99 29 98
94 53 33
30 75 88
46 59 89
54 69 23
26 37 36
28 65 35
3 56 54
48 4 54
73 17 37
53 19 70
63 98 21
82 46 71
54 60 36
60 52 53
67 11 54
45 83 68
21 95 65
71 73 64
66 96 99
64 16 10
62 72 47
88 47 5
7 45 53
31 15 64
6 65 22
19 12 13
86 26 37
67 74 28
71 10 85
81 59 45
54 2 96
64 83 21
3 95 97
95 7 52
96 86 36
93 60 52
53 33 54
60 35 63
43 59 64
93 70 67
33 72 24
50 16 45
60 43 38
12 49 64
33 37 29
87 83 60
32 18 23
93 58 36
97 77 26
84 73 9
41 45 44
12 98 55
27 81 12
67 96 59
57 58 24
13 86 13
84 70 90
45 69 97
39 42 31
43 53 18
52 90 100
56 97 46
93 68 19
75 50 22
53 17 66
31 46 8
54 79 61
69 30 77
80 10 68
5 83 70
46 87 51
52 22 10
76 98 43
40 87 71
19 50 92
14 89 28
72 38 54
58 11 38
79 18 49
7 38 9
39 54 90
58 38 47
1 66 20
59 81 42
19 89 6
40 95 45
13 53 31
76 25 92
84 68 51
63 53 71
52 55 16
54 26 66
91 92 1
81 99 78
91 40 27
57 9 98
87 27 81
62 64 16
0 20 40
25 33 17
71 48 58
98 42 26
16 88 43
57 63 38
15 10 29
0 92 64
53 55 27
83 86 54
26 39 26
0 41 57
45 77 75
69 86 2
45 91 73
0 20 55
94 69 4
64 96 79
61 60 79
32 57 78
45 39 28
6 15 55
37 30 46
49 82 14
13 24 3
13 58 54
63 7 75
55 80 59
42 41 88
21 66 15
88 47 88
21 47 38
96 27 95
46 25 20
91 32 36
20 78 2
26 76 21
62 54 2
9 83 35
23 42 58
95 81 1
12 14 91
57 44 66
8 72 61
56 65 30
70 2 17
87 78 33
7 21 35
25 43 25
31 29 74
98 94 83
1 22 87
20 64 98
49 93 65
73 82 67
7 1 84
10 72 15
21 22 25
97 90 67
13 63 82
57 17 8
52 58 43
9 94 9
9 90 70
27 37 52
65 25 60
91 63 54
16 57 38
49 51 22
78 12 80
66 42 79
57 61 40
41 21 38
43 62 31
58 75 42
82 76 74
10 51 78
39 4 48
24 99 89
55 65 59
83 70 99
5 45 92
32 0 55
77 66 44
99 92 32
78 50 9
36 69 33
52 61 98
15 1 46
47 56 11
1 38 44
50 6 80
90 56 68
42 61 99
53 75 28
17 34 86
6 13 22
18 89 75
69 79 35
67 86 77
80 86 29
67 28 74
94 76 5
21 75 93
77 5 18
63 37 51
43 65 62
85 37 29
33 81 79
8 14 21
26 63 54
29 12 81
14 41 20
23 4 57
0 12 33
89 98 59
93 87 71
55 3 7
95 74 82
1 3 1
81 88 38
47 42 18
87 65 2
66 92 51
85 5 50
93 45 56
4 77 65
83 18 69
56 43 77
33 80 91
71 87 50
64 36 99
4 12 63
26 65 16
49 6 8
38 60 93
32 54 21
36 86 25
29 26 61
45 27 65
59 92 22
81 40 45
30 18 20
16 56 12
50 24 95
54 20 35
3 55 6
51 61 15
42 73 34
43 11 79
36 77 39
7 2 12
95 82 88
3 94 95
75 41 29
34 8 73
17 73 100
84 4 70
8 88 58
69 82 71
77 82 40
30 88 51
18 88 68
16 4 91
69 50 26
18 19 53
6 93 46
46 56 2
81 40 56
61 58 35
22 83 95
19 96 68
29 79 58
91 62 51
91 99 42
56 63 17
63 86 81
72 65 68
21 36 53
77 8 11
2 98 68
75 58 29
4 13 91
44 90 3
2 7 19
58 6 96
88 46 53
97 2 67
48 22 13
16 13 40
14 71 26
38 14 73
13 58 75
8 11 28
10 33 18
59 9 39
3 5 15
76 26 34
93 47 1
40 47 43
76 38 95
4 57 15
83 88 49
19 67 85
35 38 54
70 49 100
6 68 26
41 87 71
18 20 45
82 25 83
22 60 14
31 84 6
82 70 14
5 83 19
36 19 55
91 10 18
10 43 4
11 26 37
4 2 10
84 52 45
38 79 8
56 34 98
32 47 23
91 77 34
88 23 58
70 79 21
50 60 78
27 24 74
78 65 92
79 37 76
73 4 42
73 24 90
58 28 16
47 42 90
71 41 34
78 90 53
73 19 94
16 75 20
95 93 80
26 9 31
90 15 13
30 87 60
74 65 48
45 34 55
94 25 57
71 91 72
80 75 65
93 78 57
76 94 48
8 22 35
92 53 12
7 66 67
79 22 34
26 69 79
97 80 19
35 22 9
20 31 16
40 2 4
72 69 49
22 33 32
30 79 6
85 52 72
83 35 95
1 61 54
82 56 37
1 74 4
49 56 66
35 86 1
65 52 24
41 57 90
38 82 7
14 51 20
0 30 3
86 58 15
34 99 47
98 14 58
72 65 41
94 74 4
19 58 97
71 67 38
25 35 28
83 94 31
53 14 14
72 22 28
79 29 91
18 16 44
87 72 72
18 43 95
44 67 41
81 14 60
28 49 15
97 10 31
93 9 78
11 77 64
44 74 25
3 98 92
45 79 32
44 5 13
41 69 82
7 88 74
55 95 99
36 15 16
11 1 74
93 64 13
36 22 28
80 73 56
59 83 47
61 47 31
34 5 19
48 3 55
20 24 57
59 96 48
53 26 90
48 0 64
72 58 23
83 41 33
55 72 75
73 47 95
30 99 87
0 33 15
70 57 74
6 76 16
57 21 78
54 82 32
48 77 73
88 6 94
11 57 19
79 3 76
13 1 34
75 91 24
90 61 65
24 46 44
19 42 95
47 66 13
14 16 50
13 95 19
5 55 31
78 65 54
32 7 64
60 49 48
4 44 69
49 22 80
17 70 8
30 94 23
34 21 97
21 94 91
77 63 67
66 20 49
8 40 22
51 55 31
35 93 34
42 32 27
99 46 32
83 7 54
81 27 8
87 74 98
47 95 41
40 85 17
35 70 87
89 28 79
94 21 8
84 89 24
39 92 70
35 88 93
43 72 53
34 77 88
60 17 27
33 64 44
46 60 43
38 62 28
48 73 21
8 12 76
79 43 41
18 37 26
47 71 92
82 54 99
19 57 7
58 14 20
39 41 93
24 15 44
27 58 90
28 63 79
79 31 14
41 83 53
21 60 78
42 83 85
64 92 19
81 0 20
34 86 76
70 19 76
32 33 32
55 15 95
34 77 69
33 54 6
84 4 70
31 90 97
79 65 13
24 65 68
21 28 57
81 11 66
28 96 67
88 37 2
71 40 100
11 27 43
14 32 81
76 48 25
58 46 64
14 40 50
37 43 59
21 35 22
8 55 91
33 72 9
28 49 53
73 10 46
88 89 62
53 66 77
3 37 14
46 28 23
88 40 14
57 87 11
79 72 85
79 66 41
8 78 3
22 91 100
76 56 27
97 2 22
99 18 86
95 14 55
64 85 15
21 14 77
68 88 57
21 49 51
56 58 21
68 6 26
58 8 58
6 14 54
75 3 98
8 75 71
26 0 5
48 72 76
23 14 53
54 34 38
23 8 88
39 89 97
52 12 56
0 80 89
16 70 72
39 42 23
0 87 94
54 24 79
81 79 34
81 93 48
97 86 85
81 24 44
15 93 76
98 53 30
78 42 49
13 26 15
45 61 94
4 75 60
25 95 26
32 35 36
89 37 50
52 34 41
90 50 99
7 49 85
73 32 75
87 29 48
76 23 100
13 78 14
88 39 94
32 1 28
70 46 70
67 6 31
32 61 54
28 57 47
9 89 31
52 64 34
84 54 98
23 46 15
62 92 8
3 38 93
28 78 8
0 74 53
4 26 87
63 65 6
7 83 67
52 11 87
43 5 77
1 13 5
3 21 29
65 45 59
48 18 20
58 62 17
84 63 92
77 13 6
80 98 57
67 53 76
98 77 85
92 20 5
61 73 98
96 37 67
7 31 36
56 63 31
87 35 68
67 2 81
19 66 76
52 31 78
53 92 18
96 46 18
6 31 13
23 64 12
98 57 93
27 70 85
45 59 35
66 89 89
81 99 4
11 12 84
55 97 76
2 67 2
11 23 3
60 69 65
87 33 54
96 20 57
44 60 25
13 63 66
36 22 26
39 54 72
9 54 17
59 34 58
13 8 17
35 65 81
77 35 52
26 60 34
3 84 14
56 42 60
69 95 40
93 10 7
84 88 37
14 18 24
55 45 79
10 77 62
30 23 36
29 79 16
40 53 54
93 30 27
80 73 67
77 54 63
6 52 23
34 23 39
45 69 88
71 62 79
97 76 2
91 88 2
32 81 61
66 89 15
92 49 58
25 71 23
71 4 48
7 86 48
81 94 70
80 14 89
45 75 27
29 47 31
94 6 29
87 85 88
62 70 22
75 44 38
37 97 38
17 7 94
55 11 96
0 80 30
6 53 72
48 41 5
31 63 38
24 38 91
83 63 42
26 35 81
7 63 90
17 63 29
41 82 63
42 63 81
55 16 38
99 81 31
50 98 88
37 72 60
78 25 83
59 51 71
76 5 80
40 1 98
61 88 84
12 26 100
10 19 48
4 13 99
97 49 22
25 98 85
94 95 60
96 12 62
85 87 68
50 70 90
38 0 44
62 9 74
27 32 15
80 31 45
74 46 7
42 82 46
9 56 57
5 87 62
37 26 92
4 76 55
7 81 86
91 73 39
77 13 49
34 81 27
44 23 47
15 0 23
71 76 35
6 94 68
39 69 43
39 40 20
87 44 48
37 68 32
67 37 3
11 99 42
41 58 20
38 4 52
96 4 91
66 38 24
64 47 90
53 31 76
49 15 51
39 56 39
77 87 22
23 92 33
34 42 40
71 23 29
72 83 51
60 69 14
60 38 81
67 22 93
0 66 62
20 53 30
64 70 35
23 4 52
21 25 27
16 8 55
60 74 13
11 6 87
94 87 29
53 61 73
22 89 45
33 5 33
97 69 81
31 41 81
82 18 27
0 35 96
66 34 80
44 29 29
12 75 64
28 31 54
9 43 41
78 65 88
72 45 82
6 12 81
52 77 15
55 69 75
72 95 24
75 87 38
66 0 16
69 14 76
40 17 17
94 50 71
66 45 95
20 42 55
0 9 98
59 97 81
2 71 15
48 49 31
92 50 33
68 84 47
69 52 96
30 91 59
74 54 20
62 87 97
8 11 20
10 23 42
41 31 42
31 45 71
26 54 59
79 30 84
55 44 51
12 72 37
54 79 6
0 24 95
7 94 39
54 91 20
69 39 58
28 16 59
13 70 33
64 10 44
30 83 92
45 67 35
32 22 21
92 51 23
66 6 4
74 37 85
50 5 42
18 1 53
10 92 63
43 13 56
11 55 73
75 94 54
75 3 98
89 86 36
7 27 80
49 94 8
60 23 37
11 98 22
6 51 90
89 67 65
67 71 18
55 29 95
14 54 95
69 6 14
7 11 75
83 12 81
49 90 84
76 91 30
31 61 43
73 53 13
65 19 33
29 9 35
96 86 49
1 75 100
36 89 45
59 40 83
49 14 71
91 64 48
21 63 31
41 48 22
43 3 29
68 47 54
78 41 31
53 60 12
0 11 30
18 28 30
5 64 75
15 3 50
80 55 21
1 26 47
61 28 19
40 20 6
71 49 13
64 83 13
81 83 33
85 64 21
96 87 90
69 87 41
84 65 99
78 5 64
11 58 80
69 79 33
68 7 27
47 23 35
70 99 78
4 71 30
89 50 28
54 59 79
85 17 72
30 15 76
23 29 14
96 81 86
70 72 59
79 91 40
20 40 88
7 94 53
89 12 54
85 6 64
52 22 27
68 58 59
42 41 2
68 32 26
63 84 75
86 84 21
22 32 87
38 27 79
85 43 71
94 39 6
4 88 17
72 15 68
28 43 6
6 34 24
64 87 46
22 88 24
39 54 80
82 49 68
62 36 2
79 46 26
63 17 59
70 47 7
25 2 86
37 40 93
11 54 14
62 36 3
87 35 7
81 69 19
49 72 4
15 72 35
25 60 50
50 87 86
89 56 19
60 26 90
4 32 81
5 87 42
23 5 25
94 79 78
10 79 52
92 75 87
44 2 16
68 2 9
60 24 90
72 47 30
38 7 21
94 92 1
22 36 68
30 22 88
92 95 98
41 62 90
97 17 59
69 44 72
73 34 34
77 8 84
17 14 50
35 57 60
97 40 87
44 78 87
37 72 87
21 86 26
83 88 55
43 46 3
32 25 47
41 91 87
66 82 71
40 60 96
61 13 12
27 12 35
73 75 1
64 17 54
19 16 81
5 17 4
25 87 25
18 0 89
17 70 53
72 2 6
59 37 33
93 39 46
36 46 19
78 82 9
58 2 50
75 71 92
68 43 35
33 63 77
93 7 34
42 61 94
29 98 4
3 54 34
83 0 74
59 70 15
12 16 53
53 66 28
38 79 95
52 30 95
99 44 26
70 21 1
9 3 76
7 42 64
22 48 100
0 95 85
21 88 97
49 11 23
63 45 49
54 56 16
20 55 43
14 47 97
6 13 1
64 57 11
85 58 4
55 47 31
84 49 3
95 99 76
99 42 31
96 23 48
10 67 92
42 92 8
49 82 85
13 31 27
66 29 88
66 19 96
79 8 44
10 64 66
90 81 76
26 36 21
15 92 3
61 24 89
46 8 92
55 99 45
80 86 60
50 87 73
21 12 16
33 24 2
79 30 98
95 58 37
5 6 51
90 94 34
93 74 32
48 32 8
9 45 50
54 29 100
96 88 49
28 35 73
42 58 40
66 26 4
43 67 1
99 43 21
52 56 91
18 27 9
44 56 74
45 91 19
2 29 59
57 27 78
45 27 25
86 60 82
95 68 71
44 63 61
30 33 85
52 29 3
81 89 81
30 8 41
89 77 15
61 88 93
9 30 64
63 58 38
7 39 69
94 92 79
17 36 97
87 5 83
32 51 26
86 83 50
33 14 68
75 89 76
67 85 8
7 67 64
5 94 17
79 55 99
71 65 84
72 1 86
65 23 78
99 12 67
80 22 21
85 20 44
50 15 25
68 5 48
36 4 51
94 19 7
6 80 11
55 12 57
38 86 3
69 49 65
11 92 62
81 28 95
69 73 89
66 25 75
70 97 86
39 37 14
45 50 69
36 44 29
19 6 52
49 83 54
42 19 87
94 46 68
24 96 23
26 38 16
52 39 73
87 54 40
58 99 3
27 83 70
92 58 96
82 72 43
50 55 2
80 2 9
49 84 16
54 38 16
59 84 69
28 29 60
40 19 67
77 55 22
38 40 58
34 1 14
9 80 21
85 62 12
43 32 89
51 65 93
21 95 78
29 75 82
95 71 39
7 37 91
98 15 32
98 95 31
0 18 76
68 75 39
98 97 74
65 16 75
30 19 3
80 31 68
62 61 18
61 31 3
19 56 24
18 1 64
29 38 55
47 63 74
73 13 82
71 13 82
19 26 69
37 16 79
54 46 11
8 23 57
20 22 76
69 35 74
27 89 61
31 88 49
34 12 53
37 52 70
21 63 100
33 30 20
41 17 42
82 55 27
43 87 58
20 39 10
27 74 63
31 73 82
85 41 37
46 74 98
88 69 73
22 61 69
12 52 3
25 88 49
47 32 21
51 90 94
70 4 6
31 88 72
19 62 13
6 15 32
46 22 48
89 78 90
87 82 15
72 98 33
5 0 52
7 86 40
4 57 79
77 43 15
56 65 63
38 10 75
77 85 59
50 16 62
20 78 92
3 52 61
6 80 34
54 34 5
12 50 1
95 46 72
50 45 49
14 87 36
91 48 90
45 92 61
7 82 21
78 79 88
23 12 38
30 58 74
1 88 50
72 25 83
93 99 88
25 0 33
7 10 92
96 20 8
57 26 46
95 22 69
78 93 78
34 53 97
20 53 61
89 27 55
9 63 33
39 70 80
50 55 55
11 47 44
9 11 97
54 55 69
69 5 42
43 15 69
98 62 37
88 91 96
12 33 40
53 21 30
33 54 10
92 69 44
43 75 64
43 98 37
7 24 19
52 74 82
64 28 9
77 5 99
83 42 80
24 16 65
93 79 63
64 73 98
76 14 52
13 12 71
46 25 36
32 59 59
23 4 94
76 56 62
53 81 64
58 53 16
4 17 54
38 56 65
23 60 12
99 7 30
76 64 41
60 3 45
17 63 16
86 5 12
46 96 19
55 98 8
76 79 68
60 27 35
79 30 83
72 85 47
67 59 6
9 73 34
9 14 53
39 74 29
25 10 94
38 1 91
45 92 47
72 4 92
67 51 23
67 62 84
28 23 71
41 81 21
64 59 90
24 49 89
75 20 28
83 42 48
11 46 29
12 98 37
62 11 97
72 76 70
5 29 74
51 24 47
76 46 27
97 27 90
51 69 66
26 44 55
87 94 18
39 32 41
23 6 58
74 70 51
59 97 98
46 12 71
99 58 39
2 78 17
32 66 72
78 63 57
24 15 42
79 18 44
85 33 88
27 90 17
97 10 90
78 22 40
50 26 52
64 39 61
96 0 74
45 26 90
6 49 65
45 60 3
79 72 44
86 76 60
12 32 66
87 9 9
61 63 79
85 86 45
31 85 70
61 6 93
51 20 85
21 70 62
27 63 85
72 42 72
54 37 73
36 49 73
43 0 50
15 89 22
70 90 28
80 24 7
2 61 37
98 51 94
64 18 83
14 57 30
2 25 20
54 1 35
27 99 49
57 86 16
35 28 1
43 93 35
85 44 14
10 27 52
2 73 55
13 74 43
45 34 20
84 57 15
92 67 18
48 42 20
36 11 15
63 24 55
62 42 65
91 45 9
9 79 89
67 62 71
39 17 71
7 58 15
31 4 53
72 76 26
98 47 37
70 65 3
54 58 83
20 10 35
23 56 31
43 3 55
74 9 61
53 74 78
5 6 58
5 2 36
35 96 41
77 81 42
94 49 34
89 62 42
14 10 6
40 49 42
41 67 78
97 18 13
2 66 66
25 32 14
10 85 89
39 60 12
31 15 98
4 59 39
4 24 21
10 59 66
15 19 45
8 76 92
8 32 82
56 98 74
87 43 52
78 53 69
10 92 92
93 27 8
94 58 10
46 77 72
12 98 86
84 15 70
2 14 92
50 13 83
73 33 99
56 69 66
51 62 87
33 8 64
4 81 48
27 30 95
15 49 70
61 8 73
14 60 8
3 78 87
44 52 17
6 77 13
17 56 23
9 49 61
58 69 4
36 21 35
29 57 50
92 30 30
15 27 73
32 35 67
38 36 20
26 37 80
5 30 76
58 17 78
33 5 23
54 60 39
53 88 76
33 12 36
89 61 66
10 51 35
30 50 43
20 90 49
94 41 58
59 66 67
70 91 60
94 70 7
0 57 73
44 81 10
14 54 2
67 33 48
54 68 34
60 87 43
84 46 86
99 74 88
62 94 72
69 60 15
36 87 20
27 16 67
1 82 39
71 84 78
92 84 38
70 59 1
93 94 95
21 72 46
54 93 62
20 21 38
26 94 49
3 88 74
57 30 58
98 0 89
26 25 99
40 80 63
13 18 84
84 25 25
97 60 24
18 52 58
7 54 60
88 92 100
36 79 74
41 27 70
0 22 93
53 82 72
95 15 87
9 97 64
46 59 23
79 4 67
34 30 32
44 93 69
82 26 91
89 2 70
5 10 52
0 74 55
70 25 3
74 34 26
88 9 29
78 5 52
10 68 5
9 31 52
82 53 30
61 79 20
89 16 43
85 20 36
91 88 13
18 93 14
53 68 29
16 14 6
8 83 52
41 85 20
44 64 45
71 49 33
10 1 75
0 45 16
15 31 92
59 77 36
12 36 24
0 76 50
79 40 42
3 57 37
87 8 63
89 85 95
79 94 21
79 89 48
52 47 54
31 7 100
48 10 24
26 49 54
92 44 33
12 39 61
20 59 71
75 40 13
63 8 23
24 29 46
61 81 75
82 33 61
43 84 20
45 86 20
78 37 66
82 53 93
14 66 47
15 19 23
44 0 93
2 62 47
19 22 100
56 19 4
11 34 23
77 16 84
37 39 12
82 39 46
57 63 54
43 33 76
25 0 81
81 42 99
8 95 42
52 43 38
10 90 49
80 89 49
0 36 17
64 78 37
85 61 71
63 34 78
44 73 94
36 41 100
63 3 48
60 57 98
57 77 70
68 18 80
99 63 96
64 95 76
85 97 65
76 66 5
96 4 24
58 35 24
75 58 15
94 35 50
43 78 86
86 63 29
79 95 6
12 17 57
19 70 53
26 87 54
14 92 12
39 59 14
10 14 66
55 23 75
88 93 73
23 30 7
76 2 84
91 6 90
53 18 79
48 17 95
39 24 42
72 79 35
19 40 27
79 92 18
85 23 24
77 88 37
25 20 57
19 52 53
31 35 61
52 53 51
14 19 20
88 9 54
60 49 44
28 20 40
44 51 59
62 47 61
30 33 51
69 27 36
48 6 32
18 10 6
53 23 31
90 48 40
48 70 87
94 28 97
16 2 74
19 89 48
32 56 96
50 60 4
21 0 51
20 63 67
87 53 49
0 9 56
34 75 60
35 16 51
33 98 34
12 87 65
30 60 55
18 90 28
5 40 35
93 87 12
78 15 11
52 67 96
84 21 85
33 34 69
5 63 3
23 76 22
49 23 6
7 18 42
79 4 100
70 54 80
66 3 46
85 41 31
43 19 35
89 82 78
13 1 75
4 7 51
40 61 10
70 42 61
23 95 33
84 99 92
93 72 16
11 0 24
10 92 99
57 47 27
61 83 44
38 4 11
97 40 3
39 32 68
77 18 3
93 94 78
21 62 76
72 70 81
10 99 46
65 2 13
96 98 85
51 17 85
71 92 24
45 85 54
81 36 19
1 69 92
68 5 73
87 48 38
71 90 20
92 64 9
9 21 64
31 41 2
87 6 96
19 61 45
66 93 20
95 61 39
2 4 80
26 10 51
60 50 56
12 29 7
67 69 83
98 61 66
49 1 33
4 73 88
10 20 94
37 51 3
96 81 39
34 81 53
75 52 62
43 1 36
94 89 21
54 53 54
14 19 31
90 38 86
18 87 53
63 44 69
69 88 29
33 83 27
34 31 82
45 74 39
45 23 26
27 4 59
2 79 41
82 76 21
89 73 18
98 61 61
32 51 19
9 57 6
34 86 98
45 43 30
49 18 82
91 2 12
55 21 60
15 62 85
85 78 19
25 77 97
84 56 10
74 89 52
35 73 29
94 1 38
59 27 51
67 36 65
83 11 76
12 67 25
21 47 27
17 3 50
48 97 2
75 90 64
34 51 55
33 88 47
59 51 55
11 29 26
67 98 19
61 79 7
23 70 53
64 30 60
81 34 57
36 87 94
24 97 10
4 99 5
59 2 28
55 29 83
90 55 6
17 24 32
63 11 43
47 44 65
39 90 66
56 58 47
58 31 17
7 35 29
26 13 10
49 86 83
11 54 3
51 24 30
96 62 69
0 85 25
21 75 10
89 77 98
59 35 63
3 60 3
55 40 34
1 69 58
66 6 85
49 72 98
9 73 75
60 77 54
85 32 20
80 51 52
45 38 67
32 84 6
7 0 37
47 12 13
70 49 47
68 69 94
33 83 100
44 10 41
9 54 71
89 51 5
25 22 75
28 2 87
69 28 40
43 74 26
57 56 2
78 36 21
39 18 46
9 89 88
26 79 50
21 64 33
98 35 61
69 44 2
88 2 8
75 52 40
1 70 5
7 42 66
62 99 17
0 49 82
41 72 39
21 40 47
90 24 11
75 25 53
93 0 20
98 46 13
39 49 70
19 3 75
41 46 35
40 36 7
5 85 69
89 90 24
47 8 2
71 25 7
3 8 20
86 79 77
18 1 45
31 32 4
1 65 62
2 96 2
24 46 46
89 30 89
57 96 50
12 76 51
61 32 54
75 2 34
78 57 61
80 53 37
67 68 93
39 13 50
9 84 11
36 5 81
37 81 11
58 77 55
86 22 78
77 4 83
69 81 32
69 62 15
94 24 17
15 28 28
62 42 16
4 32 24
29 70 46
61 86 82
49 30 86
98 97 35
35 52 48
32 93 68
73 93 16
12 33 39
82 68 100
12 19 94
70 35 71
20 70 73
49 14 64
93 91 48
95 63 27
60 54 99
20 41 16
74 54 100
99 97 50
24 6 95
78 74 24
64 43 86
90 3 57
29 24 94
53 15 95
37 96 23
55 56 10
78 64 31
86 13 52
83 90 98
21 59 5
11 30 48
24 86 19
62 1 27
75 55 77
37 52 9
46 40 12
36 42 89
3 67 50
33 6 75
15 51 8
46 75 93
40 1 8
58 51 1
83 33 36
36 69 87
78 92 87
83 9 94
84 8 29
29 11 68
92 71 58
84 15 8
2 35 1
62 13 79
16 20 32
20 29 63
30 44 62
40 65 81
15 35 24
17 90 2
85 52 52
70 50 33
6 11 3
99 76 55
7 70 90
72 20 21
81 83 52
27 21 70
95 59 44
38 87 58
82 14 12
92 93 31
96 22 28
45 11 58
10 92 80
46 89 17
47 64 19
24 68 52
97 33 33
91 34 22
41 83 76
61 44 99
91 12 74
28 35 43
24 12 33
90 91 52
60 74 45
45 50 66
42 76 38
14 11 69
45 74 12
79 98 85
69 30 66
41 84 98
13 48 51
29 23 95
13 3 80
24 54 19
52 13 16
49 5 77
32 55 63
11 19 53
30 21 43
17 67 3
86 41 94
17 65 40
95 45 72
87 61 2
90 68 60
57 5 73
99 41 98
44 62 46
84 72 88
39 14 80
53 6 50
52 68 25
44 72 41
87 48 57
66 17 45
74 28 10
39 56 9
71 36 31
5 35 87
90 34 80
46 39 64
76 18 43
21 26 45
8 10 28
28 68 32
89 79 42
44 37 6
5 82 82
42 34 76
87 93 59
14 32 78
74 33 64
22 91 6
77 0 61
33 70 13
0 56 17
88 69 34
41 56 44
80 99 3
59 91 40
62 80 76
22 65 64
10 96 77
83 55 92
38 19 86
41 54 90
19 34 7
37 40 49
38 55 88
10 33 27
39 8 48
4 62 86
7 23 5
39 68 99
75 76 93
82 61 70
92 33 7
64 7 94
61 19 94
31 54 50
11 10 47
14 22 55
98 94 47
45 89 36
82 24 35
86 94 50
95 41 42
58 53 25
16 2 85
70 23 33
18 72 92
92 43 97
26 6 85
28 0 11
55 29 59
10 67 84
61 51 34
35 65 7
99 60 29
32 28 54
6 94 30
92 54 72
19 99 64
40 35 44
82 13 45
54 57 7
39 78 10
33 17 94
92 15 25
24 13 15
7 4 66
5 74 20
68 88 64
20 25 1
44 35 41
63 81 97
69 61 74
8 74 87
45 13 87
64 37 63
72 45 85
46 68 34
95 39 38
54 89 17
28 70 23
61 85 88
62 43 77
55 77 84
31 34 7
39 3 33
85 80 73
12 82 21
12 67 57
80 0 11
2 14 18
18 29 89
53 26 28
1 45 85
0 61 54
7 60 66
92 81 86
89 98 89
31 54 24
57 17 9
41 64 15
88 19 49
10 60 79
64 24 85
28 45 30
22 3 15
11 37 41
46 12 43
14 72 22
23 35 73
87 5 39
79 25 61
81 21 37
42 26 57
77 85 62
84 61 29
62 34 36
68 75 23
58 2 61
13 69 98
39 65 95
30 9 36
15 80 26
87 60 34
82 6 94
68 1 7
71 61 95
72 16 3
29 23 21
37 95 31
51 70 80
38 36 25
18 77 61
92 91 84
1 57 86
67 26 37
62 52 65
96 3 52
69 7 43
8 77 76
28 64 56
91 83 73
4 6 24
69 47 67
21 97 16
7 84 12
50 27 7
80 98 38
20 76 85
74 78 94
10 56 55
58 97 61
63 12 68
64 77 47
18 48 57
94 95 42
35 5 36
31 8 13
24 5 79
98 47 98
82 41 79
57 18 62
97 40 68
64 47 35
71 97 8
87 29 5
36 77 62
26 7 34
0 94 68
71 88 52
32 26 49
22 5 70
36 76 84
77 96 91
43 17 40
49 67 12
47 29 52
15 68 66
95 37 79
32 38 8
19 47 30
9 94 4
0 29 92
12 46 38
33 28 65
91 50 52
87 92 19
59 43 86
9 31 8
50 26 93
94 26 12
19 39 13
79 20 19
32 4 58
72 5 63
4 41 12
60 50 82
26 62 64
80 69 24
39 95 22
89 28 10
83 19 16
6 61 72
9 20 19
55 26 84
36 71 10
99 98 1
39 46 73
15 78 24
34 96 91
31 10 71
87 70 83
12 70 3
49 91 95
69 63 92
51 5 49
52 78 34
78 35 2
78 19 70
74 11 5
72 11 60
33 92 53
2 75 35
72 23 73
21 67 14
87 37 42
16 31 98
49 8 51
41 93 46
19 65 86
49 32 22
55 59 91
61 57 45
83 69 23
21 46 100
28 73 48
41 76 26
70 83 90
82 6 74
46 47 44
54 38 93
21 9 30
42 92 5
73 45 94
92 88 53
23 52 70
8 34 67
27 96 90
81 21 71
27 80 82
47 97 72
20 57 40
36 86 3
57 18 44
56 37 96
69 63 7
79 19 88
77 63 26
88 54 84
45 39 30
77 23 68
34 89 55
31 4 83
49 82 18
85 1 56
72 2 41
84 39 29
77 2 71
31 92 19
96 2 98
49 21 68
21 22 88
60 2 33
31 43 98
82 19 3
41 72 58
66 98 18
53 17 68
19 32 21
1 88 84
26 90 55
4 19 80
1 84 53
82 70 70
28 48 73
78 7 24
90 38 73
64 30 27
23 96 25
53 84 23
37 67 64
44 98 53
67 54 15
51 4 78
84 71 56
51 20 34
43 28 34
49 23 52
39 99 49
55 74 8
72 92 96
97 80 79
98 54 75
7 18 33
64 34 38
69 10 41
64 55 63
80 96 77
75 4 79
45 79 75
33 69 12
89 38 52
26 0 6
10 96 2
35 55 74
24 23 18
85 59 8
56 0 31
95 2 69
24 57 31
71 56 19
68 27 47
29 47 9
82 30 45
78 96 54
59 27 76
8 39 13
64 31 33
44 26 88
16 10 96
79 87 82
89 5 84
82 27 13
60 46 2
62 59 86
92 84 3
39 3 42
96 19 39
77 67 19
4 8 51
65 12 10
9 35 47
93 87 47
72 7 87
65 4 82
20 36 73
52 63 65
1 98 5
42 18 67
37 22 38
86 34 14
56 29 19
44 54 48
24 60 70
42 5 29
40 22 11
30 57 98
70 95 85
42 30 57
84 85 47
37 84 85
91 6 40
52 12 6
17 50 50
80 21 10
58 92 44
34 26 20
99 24 40
46 5 3
91 23 41
66 78 96
37 15 80
51 29 36
77 1 13
75 18 99
45 5 56
68 47 50
19 66 15
12 62 9
6 29 39
13 62 78
21 43 90
95 79 95
22 53 52
37 9 23
52 58 58
69 45 26
3 35 51
29 18 38
43 79 34
37 88 96
61 70 64
89 27 68
90 41 74
54 84 65
66 83 72
36 5 86
76 10 25
11 66 7
38 47 3
83 17 24
48 50 95
26 60 90
15 52 21
90 80 47
54 6 48
61 66 25
29 33 81
31 33 58
24 2 48
82 91 29
43 70 20
80 81 100
8 60 38
93 74 76
32 65 80
76 86 74
5 21 65
13 61 30
42 79 28
38 13 75
38 3 23
80 69 39
6 95 17
42 38 65
36 77 57
56 45 18
41 6 11
81 31 66
32 59 80
99 88 1
63 88 80
8 2 31
13 20 89
65 70 23
77 46 54
76 71 46
63 62 12
53 70 27
58 14 68
9 53 42
31 77 80
14 27 62
91 27 72
66 85 78
87 80 75
74 34 25
52 82 49
54 17 11
80 49 54
94 19 69
7 67 20
41 87 39
48 89 7
68 44 64
11 99 29
73 66 63
62 93 5
66 46 94
78 45 62
99 3 24
89 0 66
43 44 100
60 51 100
33 93 14
88 81 91
8 87 9
60 39 43
91 27 46
96 48 27
77 12 91
61 92 88
51 27 42
67 57 83
9 84 48
19 46 91
3 40 23
1 97 57
52 17 26
57 87 70
66 97 95
94 55 36
5 86 73
82 7 25
10 84 86
68 78 82
66 18 13
51 63 80
41 94 12
60 13 98
92 47 80
3 10 79
30 85 87
99 76 94
47 54 14
64 33 14
7 57 18
89 14 86
6 95 68
87 73 43
49 72 82
89 52 6
19 54 99
47 36 93
45 40 50
66 8 45
83 28 91
42 21 52
99 23 33
30 21 13
71 18 86
31 61 7
86 30 14
4 70 28
47 48 83
39 25 34
41 22 10
0 88 76
20 4 15
5 75 40
53 70 70
51 3 62
33 31 91
99 42 90
15 46 73
88 94 75
81 78 58
85 26 57
99 46 38
83 87 88
37 55 95
35 64 16
9 47 53
95 12 10
56 22 42
79 15 1
25 98 62
5 6 28
85 16 82
15 74 88
35 79 2
52 15 80
16 77 48
45 39 59
48 27 50
43 15 38
41 40 99
48 35 17
33 30 25
75 7 36
23 29 70
23 19 1
13 39 51
78 47 16
33 0 38
25 71 32
41 99 69
5 30 52
32 12 69
68 42 31
69 5 33
65 60 99
24 67 49
31 67 87
26 81 7
57 16 57
84 99 5
11 84 31
85 76 24
81 57 88
64 19 3
78 37 40
10 35 84
95 51 83
34 21 18
59 87 15
85 44 95
99 6 41
63 95 63
30 70 64
94 57 69
33 11 46
53 62 83
12 72 15
47 81 35
66 15 62
43 98 88
24 26 44
41 48 2
62 38 97
65 37 25
10 56 9
31 2 20
89 48 9
15 16 8
3 55 61
87 99 55
75 85 81
23 40 77
92 51 21
23 1 25
81 94 98
72 4 61
22 38 2
51 42 24
53 80 97
46 48 26
54 48 18
30 52 15
19 4 94
17 69 35
64 56 87
22 89 39
56 35 96
99 32 1
59 85 52
86 75 73
15 96 69
18 0 28
66 29 43
1 87 56
33 15 83
53 41 52
75 41 65
40 55 58
92 85 43
93 82 75
14 28 46
62 82 49
81 70 62
76 29 28
77 42 25
53 60 27
20 3 19
14 83 57
91 46 12
25 96 76
57 83 3
88 19 25
76 72 13
45 87 8
97 17 16
81 33 69
12 93 82
93 6 88
86 47 52
60 92 5
76 80 30
26 95 99
80 82 69
40 0 95
41 76 50
78 68 94
81 83 49
38 85 5
10 84 53
31 0 69
78 94 76
74 22 71
59 72 34
24 31 71
80 56 89
32 10 6
32 7 29
33 91 58
47 3 80
51 72 80
9 49 8
11 88 24
85 29 35
75 91 17
29 85 45
79 58 81
28 12 76
8 0 87
0 98 83
40 4 98
38 7 18
28 91 3
55 69 32
52 45 98
37 79 20
11 9 21
47 36 12
72 0 97
30 77 40
8 98 96
18 74 95
30 70 7
40 77 13
85 21 39
6 88 10
80 17 39
24 29 58
35 24 81
30 57 46
16 57 25
38 63 28
18 94 26
2 28 73
73 99 32
95 98 88
6 39 89
18 88 6
14 89 1
13 25 81
82 46 92
77 66 16
52 4 8
14 34 53
97 74 40
91 4 59
77 70 18
20 44 17
7 44 17
41 39 35
21 15 53
23 58 38
98 49 36
53 88 18
48 28 54
95 60 24
0 45 12
45 23 98
38 20 91
88 89 51
38 12 88
98 48 11
35 3 49
65 87 54
34 44 94
6 28 35
27 53 65
26 79 4
30 52 97
50 90 68
69 11 63
50 40 24
81 57 85
34 84 19
28 29 41
8 35 44
75 12 5
38 96 4
22 96 61
80 18 30
30 96 87
68 91 57
86 10 5
30 38 20
18 41 95
24 80 40
71 9 49
8 99 10
79 85 61
36 79 12
30 18 31
55 78 14
57 87 77
49 37 55
17 12 67
28 18 20
82 86 61
2 32 11
49 68 91
88 85 61
66 5 67
8 23 24
82 95 6
14 10 87
94 89 38
62 37 39
43 14 72
1 84 62
55 71 86
48 28 21
89 86 97
78 17 89
41 61 71
76 85 14
37 61 87
3 21 79
57 89 6
73 26 13
73 78 63
79 71 74
17 65 12
32 59 20
92 10 96
62 70 67
38 89 41
0 63 25
46 35 48
69 85 56
16 62 61
53 19 29
92 38 28
91 36 78
50 56 83
5 66 45
25 8 6
46 67 58
97 92 45
13 75 91
42 73 34
73 21 4
19 16 91
60 83 75
56 33 93
95 91 44
1 16 89
50 16 59
90 40 42
83 27 41
10 9 49
46 12 17
16 54 48
95 8 67
32 6 76
68 23 76
79 17 10
94 59 29
80 4 83
67 87 45
79 16 95
82 72 56
14 18 37
40 57 17
75 73 93
34 36 24
78 97 47
94 18 27
54 42 39
61 46 81
94 41 84
78 96 49
64 12 15
68 94 1
87 67 78
57 75 53
96 77 4
53 44 31
68 17 1
8 43 24
51 27 69
80 56 98
95 78 73
16 23 75
58 79 46
33 37 75
54 51 66
68 89 76
24 92 29
11 35 61
2 15 11
93 79 47
16 67 96
46 80 99
45 68 11
27 93 72
38 48 82
33 73 8
26 41 90
54 53 18
38 84 41
64 22 14
64 41 2
99 89 99
32 41 44
75 12 46
55 27 1
90 66 7
64 10 95
50 60 53
45 91 58
26 24 58
38 30 69
60 55 43
65 92 76
68 65 50
1 55 45
10 95 69
31 9 63
89 93 39
81 79 59
33 52 66
87 91 13
97 43 42
86 78 67
3 46 5
15 88 65
95 47 64
18 41 98
23 67 53
12 17 20
79 74 35
55 68 88
52 45 14
33 82 28
85 12 68
77 48 34
25 20 48
25 86 42
85 28 81
44 47 68
47 55 68
19 11 39
53 8 75
65 31 67
99 76 78
28 21 92
77 67 88
79 86 94
60 22 83
83 40 68
18 9 54
73 96 55
80 50 80
8 97 8
18 58 87
87 60 26
64 21 99
28 80 1
48 28 69
15 65 77
10 14 42
38 66 81
81 59 18
54 37 31
39 96 80
85 45 96
1 19 57
75 81 59
38 60 29
81 22 21
20 26 89
76 44 60
7 45 71
74 62 14
69 23 63
79 97 19
50 28 100
95 34 57
46 71 67
53 32 49
55 75 80
56 92 42
51 63 51
52 93 16
42 69 59
69 9 3
77 11 51
74 96 17
89 85 47
13 40 42
11 10 42
54 5 17
70 65 83
14 21 9
71 70 67
86 20 97
56 42 60
70 84 62
71 99 82
98 25 95
51 2 66
70 51 51
55 20 93
69 29 90
84 2 48
27 66 35
59 87 89
38 26 25
19 10 28
35 58 23
30 83 53
78 62 65
78 54 41
21 64 56
49 19 6
49 42 98
10 74 27
6 64 65
50 10 39
47 74 22
25 26 70
80 3 9
81 69 44
43 1 65
48 61 33
25 14 24
47 94 34
95 91 43
44 61 78
22 90 31
31 43 46
70 7 6
24 73 85
33 95 89
57 91 27
30 59 47
82 42 97
72 21 13
13 34 78
12 20 30
3 98 91
16 6 62
92 10 32
19 30 64
53 31 30
11 38 27
79 99 54
42 1 82
8 81 85
14 58 75
93 99 17
75 59 62
25 16 4
43 95 56
7 22 47
97 60 15
57 10 48
92 44 4
7 43 67
8 75 56
99 68 97
95 45 95
69 40 27
53 67 27
26 75 34
93 97 53
9 60 88
66 86 35
68 13 48
65 59 70
56 88 8
72 23 39
41 14 86
77 85 74
12 90 28
90 22 59
37 62 85
21 73 26
57 51 35
64 17 89
72 27 55
94 69 79
54 86 54
81 71 85
11 52 74
35 34 54
14 29 19
24 76 22
81 52 4
80 57 69
85 10 35
87 20 41
77 69 49
23 91 79
6 71 37
1 53 56
55 2 33
51 24 23
64 28 30
72 24 92
42 28 52
64 84 28
55 10 18
6 60 13
22 13 56
68 49 82
61 80 95
18 84 27
10 75 27
29 52 92
13 46 17
0 31 62
90 80 43
56 91 53
91 87 19
98 77 43
82 51 87
79 96 50
26 93 98
43 12 50
54 31 43
41 5 26
12 63 65
18 57 72
96 80 15
26 23 63
1 46 20
36 82 5
3 15 25
93 27 52
80 32 52
37 66 3
91 60 45
2 17 94
62 91 3
99 90 31
59 94 48
99 47 43
43 13 22
31 68 62
67 95 71
24 82 46
83 82 78
65 53 61
94 5 15
65 60 80
26 25 23
92 97 84
49 62 17
9 97 38
81 62 43
60 15 97
10 87 4
55 28 82
90 59 32
85 81 71
33 42 89
46 91 37
24 18 55
9 74 16
8 5 65
99 13 79
66 42 7
65 23 75
51 82 44
85 53 63
49 77 28
72 94 61
46 49 42
65 77 78
54 27 31
92 57 30
71 89 25
80 13 3
82 62 64
13 3 13
48 12 54
7 74 86
17 47 12
84 74 29
70 89 21
50 64 6
5 88 34
97 61 50
89 19 65
16 35 19
8 11 70
53 58 41
48 73 94
11 27 65
26 82 3
41 67 79
32 0 48
20 26 19
89 14 90
11 69 73
52 46 92
46 62 61
26 47 71
31 97 97
68 29 47
76 89 1
29 25 97
10 36 33
87 19 80
69 5 24
97 86 74
46 63 62
41 46 20
89 50 82
83 71 4
44 76 23
98 43 57
38 50 99
22 37 53
46 4 100
73 42 74
85 95 94
63 77 85
81 1 58
28 13 58
26 93 57
83 0 71
27 93 30
64 69 32
46 83 98
20 37 45
56 60 98
22 98 79
48 69 14
70 69 24
48 92 96
20 42 40
13 56 27
7 34 29
94 59 81
23 1 12
78 56 47
3 36 42
85 73 89
38 84 97
99 48 52
3 77 27
93 5 74
45 60 78
32 94 1
27 18 52
93 90 65
64 1 53
52 25 77
36 97 2
78 31 43
20 0 85
9 13 8
82 28 45
82 27 59
72 8 39
52 29 22
85 96 5
86 14 5
36 43 1
52 85 22
90 98 29
33 4 48
63 16 23
54 87 51
55 44 81
22 6 39
96 56 48
4 28 3
53 81 17
61 92 62
2 16 93
15 39 100
17 22 67
5 81 75
6 72 37
21 23 35
35 92 21
34 37 69
16 9 75
50 62 45
89 55 9
59 13 7
73 22 97
72 7 69
57 21 49
92 12 33
29 92 18
9 39 38
0 62 29
29 55 32
54 37 98
9 6 5
22 54 46
4 91 6
28 40 83
23 45 91
19 7 7
98 78 43
46 17 57
73 14 22
82 97 32
26 61 21
69 54 29
53 2 14
13 12 90
66 58 35
8 31 62
53 17 58
86 17 53
16 33 95
76 23 53
97 37 68
70 10 22
94 44 9
39 47 37
49 3 62
44 20 50
81 86 39
6 72 15
77 30 79
93 87 9
58 51 4
6 28 89
13 1 75
56 93 38
70 90 13
59 3 14
82 36 19
29 0 51
96 33 98
25 39 14
40 88 97
39 14 72
81 15 18
62 51 24
70 12 15
42 7 5
36 41 6
29 40 45
89 52 18
28 82 73
64 13 81
32 39 76
68 80 11
54 9 11
80 7 86
23 0 29
32 67 99
31 79 40
9 6 90
93 90 19
97 57 80
53 15 43
43 0 81
9 72 76
81 79 44
61 91 20
34 99 64
34 82 57
9 35 65
39 19 80
48 84 61
33 30 23
86 48 91
13 17 51
69 41 59
53 81 69
28 36 23
33 27 56
83 75 24
89 34 56
35 0 96
33 88 17
16 34 33
25 1 20
13 42 36
84 99 19
33 12 74
18 91 6
24 22 28
24 29 86
65 78 7
35 54 19
33 2 42
74 25 90
43 62 7
46 17 5
24 76 69
94 31 10
25 23 44
17 11 97
7 18 67
64 83 18
78 2 84
23 21 48
30 53 23
33 9 43
31 17 63
22 66 59
37 20 33
31 43 79
15 75 1
49 78 82
39 92 72
26 98 35
73 19 72
20 79 65
14 81 22
59 20 89
99 39 63
52 5 78
28 8 39
8 6 15
68 57 14
46 24 71
57 76 88
84 58 27
82 44 90
17 20 99
79 7 67
70 30 98
58 41 36
15 25 65
3 21 33
4 81 16
14 17 15
33 25 1
2 48 39
25 30 73
30 70 7
30 63 87
24 7 30
31 28 77
19 42 86
58 90 63
56 69 10
15 35 2
29 9 77
12 32 91
77 47 54
44 98 30
88 8 63
78 45 40
73 22 47
75 66 93
30 59 34
90 36 82
94 59 50
25 50 73
31 35 95
18 36 67
94 53 32
31 38 50
98 21 62
93 27 7
63 36 42
47 17 98
72 67 90
8 41 71
99 88 49
33 81 61
23 65 7
44 49 69
25 45 1
69 81 18
25 88 50
90 1 56
31 28 65
69 44 48
98 16 23
35 28 74
86 66 50
83 32 50
7 44 51
31 35 100
63 22 98
50 54 5
17 67 55
17 5 8
67 64 44
48 40 41
63 80 85
42 14 85
45 4 40
33 32 81
23 98 7
67 56 12
27 97 59
70 28 60
21 37 17
17 56 53
73 78 76
84 26 30
29 37 18
6 84 6
66 14 42
11 78 80
93 75 27
88 75 53
17 18 42
64 89 34
32 7 35
78 47 48
52 53 1
19 42 3
39 44 94
8 25 66
88 99 94
84 23 78
2 43 76
93 52 16
44 19 78
49 62 44
52 27 82
25 20 95
60 65 25
81 29 97
16 25 100
51 96 58
14 69 89
93 64 78
87 56 27
6 74 88
41 82 18
1 83 46
54 44 38
31 2 27
62 69 17
98 3 8
29 13 72
30 14 79
95 57 34
74 34 12
51 48 76
55 31 94
16 25 49
12 47 4
1 66 53
68 42 85
89 14 93
58 45 59
86 25 89
14 27 9
70 43 64
81 77 82
5 7 65
93 84 20
21 50 67
20 10 4
59 44 16
69 22 43
77 76 63
98 44 45
44 52 80
0 45 2
41 8 28
61 49 61
7 81 27
97 36 14
45 67 100
19 75 60
84 88 87
90 15 54
28 37 14
89 36 63
11 84 61
97 78 3
0 70 21
5 14 26
22 49 1
25 61 39
87 75 67
54 52 67
34 49 79
97 99 35
23 81 96
75 4 18
23 64 37
65 47 24
69 6 74
8 12 20
75 4 72
25 22 27
8 85 22
9 40 96
40 35 90
28 52 33
98 9 21
12 90 25
48 42 89
91 33 41
29 87 85
40 47 21
17 50 84
14 42 66
51 93 49
88 55 87
18 25 14
25 33 77
91 15 98
23 9 98
18 71 97
24 49 60
83 1 59
16 0 46
15 8 60
65 40 42
68 7 16
15 66 85
66 62 38
59 51 94
61 96 77
39 9 39
78 36 4
80 32 3
88 30 10
67 80 89
38 6 93
3 53 86
18 84 56
65 68 16
29 5 56
68 52 55
34 94 23
36 46 21
37 87 63
22 35 98
10 18 37
71 88 16
88 63 8
31 1 1
67 83 74
14 17 38
80 2 70
51 22 7
10 19 1
30 15 49
14 66 2
78 48 13
88 30 55
66 10 10
34 29 35
76 16 22
6 62 27
85 22 70
66 3 63
87 6 82
74 16 35
43 20 62
80 57 99
9 57 79
99 48 61
7 85 93
66 18 23
52 65 55
72 29 90
67 57 94
57 39 44
46 2 69
17 75 36
54 72 35
41 10 51
22 90 27
21 30 99
40 56 56
1 76 12
86 4 26
48 33 44
60 3 28
23 92 55
12 90 89
90 51 25
87 71 30
8 78 59
83 97 48
69 3 76
5 20 37
7 65 93
78 98 69
61 66 22
56 57 5
99 57 4
80 52 17
37 26 24
66 15 98
2 52 75
43 65 17
58 3 18
60 91 91
12 34 23
39 95 16
4 54 89
30 15 88
57 26 67
80 41 29
80 91 95
63 85 74
17 53 54
68 95 35
2 79 25
36 65 56
66 18 85
3 7 44
55 6 13
8 77 83
92 19 31
85 41 40
31 3 91
55 50 35
44 18 62
66 30 38
78 9 7
85 29 32
22 97 83
88 25 16
29 15 28
