21 28 12
97 0 93
35 69 91
51 95 28
99 90 59
2 6 48
86 55 73
96 95 30
35 26 70
64 55 25
1 17 46
94 41 14
0 2 67
25 38 2
44 5 80
40 49 82
97 71 31
55 43 86
59 68 77
66 86 4
57 53 85
44 3 82
24 79 33
2 81 20
56 70 43
66 31 55
13 51 7
71 69 96
24 78 82
34 12 57
39 62 2
88 74 63
69 47 86
81 99 78
99 58 85
53 60 85
37 23 90
55 11 32
24 18 8
55 37 21
81 35 42
65 12 57
54 94 62
22 63 94
78 38 71
36 70 53
23 53 20
92 11 80
51 24 76
0 35 87
19 14 6
66 68 14
26 66 55
86 50 53
2 38 14
42 36 32
2 74 50
21 81 41
50 41 10
64 44 94
29 28 100
95 6 24
22 37 88
50 9 28
64 19 100
37 75 18
47 4 5
91 61 27
13 4 38
42 4 77
21 94 10
59 25 34
7 25 74
21 22 16
94 69 64
61 45 34
65 97 58
15 61 91
48 94 2
55 70 63
61 0 31
2 58 88
9 14 65
44 25 30
40 13 16
36 31 22
29 62 84
53 76 56
0 73 42
72 9 71
31 24 6
60 26 2
85 67 28
19 38 9
33 62 53
65 54 29
33 35 43
36 44 4
14 70 66
87 97 37
59 56 94
10 65 78
57 96 67
44 66 61
43 72 30
63 31 48
4 56 24
78 97 5
9 72 17
46 44 69
47 43 42
66 53 31
39 37 49
17 4 23
8 44 34
50 37 61
61 30 30
61 51 25
77 65 44
54 72 26
24 51 77
63 75 22
9 73 10
26 59 49
63 23 45
66 29 88
6 33 68
84 12 63
83 10 53
84 43 73
59 22 16
47 92 71
59 78 70
7 15 46
78 25 73
16 29 77
95 13 93
0 33 55
90 57 40
98 84 98
9 78 98
39 40 28
28 24 36
55 22 49
91 41 74
36 28 4
38 78 91
71 28 75
69 10 19
53 99 38
79 7 33
73 2 100
96 91 17
50 75 83
22 17 2
18 48 38
4 61 81
60 15 98
43 49 79
24 22 26
96 76 86
37 79 39
1 14 5
64 66 6
32 55 21
48 40 17
20 11 52
71 75 12
38 52 92
26 68 45
45 69 12
64 94 21
59 89 70
34 6 76
67 1 75
11 19 94
20 57 90
50 42 53
82 86 41
12 1 41
50 18 98
89 50 91
20 52 10
99 56 78
73 9 93
61 83 21
38 54 51
86 28 18
84 53 31
77 88 55
47 10 43
86 99 92
40 7 82
75 54 33
85 70 85
91 63 73
7 24 49
46 10 28
17 8 64
51 21 73
19 37 16
34 71 29
6 18 39
18 98 72
80 69 34
85 8 18
82 97 87
73 29 46
27 97 69
31 46 11
6 36 42
58 74 67
81 32 12
47 71 9
15 53 78
44 27 15
93 58 39
1 64 98
82 4 79
76 56 54
46 78 24
96 93 58
24 58 90
14 57 78
64 65 85
28 63 35
59 70 27
27 55 64
14 54 63
30 38 4
63 35 82
60 96 97
40 89 99
80 9 75
80 8 94
48 81 55
64 47 59
68 52 20
41 53 59
11 34 16
8 63 76
97 20 39
29 69 31
6 78 36
47 76 90
84 30 10
42 85 36
36 11 69
46 27 1
61 50 36
41 95 5
43 49 36
52 93 84
78 94 2
76 26 51
96 23 7
98 25 12
86 33 40
67 35 66
34 24 89
45 92 40
43 21 69
14 52 45
2 30 60
49 58 47
14 82 80
27 77 39
16 60 42
76 37 30
80 49 66
61 86 92
29 45 95
69 25 53
17 40 72
20 53 96
72 11 64
15 55 73
9 17 10
80 45 63
23 70 16
30 35 64
15 56 31
58 12 6
63 28 59
24 1 80
26 15 68
67 36 62
93 98 59
4 88 50
28 77 12
96 68 20
57 41 39
64 58 96
82 64 62
66 99 45
89 27 33
26 44 98
86 9 35
26 73 52
2 49 45
95 43 51
88 84 19
33 5 37
11 91 48
84 56 59
28 49 6
15 75 85
23 35 95
89 16 20
85 25 40
81 46 80
37 77 15
71 43 58
42 87 57
18 71 67
12 47 65
9 7 44
33 64 100
67 73 36
0 58 43
91 26 27
22 37 40
0 34 95
72 66 66
52 5 66
38 81 5
55 0 91
93 92 17
27 73 67
18 26 28
42 45 70
28 86 76
54 59 69
20 78 17
69 28 58
98 95 94
22 52 29
36 91 30
41 27 54
24 72 49
78 99 40
73 74 49
42 6 41
15 91 42
82 35 89
89 50 76
61 59 6
69 72 9
20 9 92
87 1 58
61 74 28
82 46 19
23 51 43
44 9 10
64 0 16
42 72 87
57 72 91
36 93 100
29 39 10
59 69 39
84 55 90
45 85 71
86 12 9
96 85 87
20 67 25
54 33 22
5 52 92
41 82 54
91 65 14
2 19 59
15 42 42
43 48 6
17 5 33
80 48 5
5 15 2
44 90 10
15 83 36
18 1 3
82 29 4
39 2 90
52 10 79
23 5 73
34 69 71
21 7 42
28 19 50
53 68 68
39 3 51
36 21 32
90 11 10
88 16 35
93 52 79
30 86 44
16 95 80
67 76 45
28 39 61
55 36 75
9 82 31
99 38 79
21 14 67
28 16 47
95 34 11
47 84 33
93 32 55
24 42 18
71 21 10
86 35 8
92 56 45
28 83 27
34 74 91
20 65 27
90 0 53
58 21 46
42 31 6
85 90 35
29 48 76
91 5 52
54 73 88
43 86 30
87 31 44
94 63 86
67 15 57
25 70 88
2 15 89
99 66 80
65 41 55
63 84 97
33 37 26
45 62 58
10 9 46
30 21 79
17 92 61
8 16 34
70 36 85
1 14 28
75 8 47
74 31 13
39 23 20
9 67 29
10 48 97
84 97 60
51 81 98
55 21 50
69 93 16
2 73 80
5 68 67
62 33 75
21 46 5
35 73 62
6 85 14
0 49 53
83 26 93
33 32 74
82 40 60
63 96 56
8 43 97
41 84 90
21 52 12
15 34 93
55 23 51
28 0 87
30 10 61
78 7 15
24 36 29
96 10 13
39 96 75
78 32 25
79 47 83
29 34 30
95 42 64
64 17 12
65 78 55
78 53 7
4 64 12
86 9 39
87 78 60
98 59 94
5 38 75
83 66 42
54 52 55
34 59 70
94 5 92
9 37 65
43 71 75
19 44 100
31 60 69
90 47 71
99 84 24
25 89 19
66 8 27
68 19 12
73 33 17
35 41 4
12 64 94
79 43 65
79 68 82
15 4 24
1 4 8
30 52 33
79 20 43
75 42 15
89 12 3
32 95 54
68 12 60
11 75 84
63 95 4
81 22 68
20 88 86
20 11 19
88 28 32
72 38 14
24 59 6
76 58 93
97 45 86
17 97 29
70 15 46
29 97 20
86 57 90
1 63 30
58 63 93
36 82 42
10 44 85
30 3 59
69 44 49
27 68 29
5 36 38
39 71 87
95 44 59
79 80 5
23 41 87
58 93 61
95 48 49
24 69 16
37 97 45
45 86 87
98 74 72
65 78 15
23 49 69
22 69 25
4 90 93
68 82 10
82 60 100
73 46 9
99 50 27
33 79 31
68 95 26
51 55 51
55 17 4
60 88 64
35 4 28
53 60 45
6 41 24
29 2 43
30 97 3
7 59 99
18 93 7
18 43 68
26 60 21
51 28 42
7 9 2
24 78 14
30 11 51
6 1 43
39 10 54
71 6 11
6 65 25
26 52 28
42 48 2
2 56 8
20 82 36
14 15 49
17 1 83
26 4 72
16 3 24
15 18 97
91 39 86
62 42 87
57 28 46
84 12 50
25 14 16
7 32 51
73 39 83
10 97 84
60 9 82
26 13 33
65 79 51
84 35 16
40 80 83
60 70 7
13 97 7
94 12 97
14 22 41
55 46 53
16 56 5
43 15 50
72 93 31
84 71 86
36 65 83
4 71 83
71 12 38
10 26 25
64 62 64
22 61 68
86 52 34
52 69 84
43 11 3
87 63 41
1 81 58
16 36 48
26 50 15
10 78 33
23 19 27
25 7 47
79 42 97
81 80 48
28 74 19
49 64 79
52 34 15
5 91 58
53 34 9
71 22 92
70 91 66
1 67 20
98 44 99
71 38 7
7 72 24
59 50 30
27 33 16
77 97 78
28 75 13
14 58 80
73 57 81
94 85 20
29 52 62
64 97 43
64 36 97
76 2 52
4 45 7
5 61 23
88 25 72
88 54 62
46 85 26
56 87 28
37 7 80
9 47 34
17 59 7
57 45 26
81 98 93
31 78 64
76 36 18
61 8 58
73 2 79
58 56 84
97 64 100
59 17 59
44 47 2
26 87 4
84 70 81
47 85 94
59 34 51
64 48 10
23 85 6
16 45 23
88 6 8
75 46 44
50 44 21
22 38 33
80 79 33
24 43 45
29 85 31
81 9 88
74 39 89
80 7 11
71 41 21
35 22 72
96 5 22
36 46 89
73 53 11
24 82 73
82 4 89
19 67 91
60 20 42
53 49 93
30 2 51
71 50 37
46 45 22
23 28 24
50 22 98
30 24 50
13 41 16
30 18 43
33 6 80
94 43 85
18 14 97
14 37 44
4 84 72
6 9 94
18 85 32
32 76 75
71 92 69
18 3 70
51 30 29
95 49 83
16 87 39
2 48 30
18 1 4
19 89 35
49 15 60
35 98 52
96 46 82
12 56 68
57 26 76
83 5 32
3 14 87
47 99 57
6 26 34
98 62 43
44 73 24
45 44 85
3 19 31
26 92 29
27 72 12
48 42 50
6 57 32
68 71 12
40 63 75
55 34 78
18 57 24
27 53 32
48 16 58
23 30 19
78 58 41
29 38 13
83 35 30
28 33 72
39 41 57
32 88 56
86 78 48
3 12 64
30 17 73
31 57 49
64 42 46
9 16 20
37 86 33
22 29 11
68 96 89
61 41 44
72 21 85
90 8 6
34 74 71
35 27 83
30 77 13
65 28 46
69 21 7
89 64 59
34 46 69
98 96 17
81 24 80
79 29 44
98 46 65
40 61 62
9 40 55
91 66 25
47 34 8
84 2 26
50 19 26
23 6 6
63 94 90
3 36 25
24 87 10
71 60 97
12 8 32
53 35 98
54 67 32
87 81 11
80 15 80
84 12 36
57 91 67
90 35 72
36 10 79
60 51 89
24 53 87
69 26 62
72 91 19
90 74 68
61 6 52
35 87 70
21 25 84
22 48 87
61 12 32
86 58 29
87 5 71
46 52 70
45 74 52
75 84 7
70 94 82
33 48 36
26 27 50
19 34 29
25 38 78
55 97 21
69 9 75
79 55 91
75 1 42
4 43 49
47 65 44
13 64 69
82 97 59
34 42 31
10 18 54
21 42 53
38 85 23
62 89 79
54 33 82
81 15 24
71 60 54
25 13 41
36 97 56
58 42 95
94 75 37
88 55 46
10 72 63
40 74 1
23 90 70
87 31 5
81 76 49
45 15 14
60 8 29
49 0 54
24 47 61
73 22 87
64 49 24
73 9 39
95 62 54
75 70 37
10 62 15
19 74 41
40 62 49
52 4 24
79 20 71
85 60 98
2 75 60
1 54 30
27 78 69
22 19 21
26 17 69
64 98 25
24 93 11
18 45 26
21 0 57
10 81 22
50 66 77
60 89 1
47 23 49
92 2 35
52 99 26
80 55 70
61 70 63
80 63 4
71 62 19
16 70 55
72 30 47
52 38 9
93 4 6
67 48 54
34 66 45
39 7 68
21 45 85
74 77 34
28 39 72
40 31 75
26 18 22
92 32 81
26 97 57
71 46 11
23 84 66
23 72 20
39 85 57
53 94 24
17 76 13
20 91 55
49 71 89
88 34 28
56 89 41
36 69 83
24 70 82
2 98 2
20 96 75
38 30 18
55 42 74
64 65 18
68 12 60
99 98 47
92 59 23
95 78 77
17 73 93
57 15 87
98 88 44
55 88 56
5 0 41
3 86 80
97 59 7
3 97 26
95 42 44
84 58 8
54 3 76
36 26 90
79 40 80
79 94 31
45 74 16
54 16 95
83 39 10
52 1 47
67 99 46
45 87 16
44 5 88
98 28 96
33 56 59
85 67 16
28 66 98
81 86 88
99 50 93
62 49 86
78 49 71
74 40 40
59 18 58
8 93 93
60 10 87
85 44 97
6 23 83
91 71 95
25 40 62
16 47 27
53 19 20
9 56 10
97 48 62
55 67 5
33 50 47
25 69 90
22 10 59
68 27 70
24 7 84
89 99 24
49 60 41
49 29 59
92 97 33
72 67 94
23 41 51
20 30 64
66 30 59
34 89 67
36 31 41
87 6 1
16 20 98
69 19 20
85 10 40
69 80 23
97 24 78
12 0 43
17 30 18
58 74 82
10 73 45
91 11 64
97 24 98
39 93 28
62 53 50
16 47 8
37 44 74
57 42 94
43 99 12
29 93 68
64 34 23
64 8 9
32 77 21
78 20 24
93 78 42
83 3 42
79 4 65
32 61 15
92 91 21
40 55 64
11 83 27
17 15 41
15 13 53
42 23 25
7 78 23
44 68 99
13 23 76
84 37 17
82 61 65
98 22 1
10 93 56
49 62 24
71 96 43
84 87 92
34 90 90
77 75 29
62 36 90
90 60 3
83 66 81
76 23 43
77 76 16
71 45 62
94 7 22
37 5 8
25 75 93
62 31 4
5 50 73
67 13 17
37 11 48
56 75 14
87 48 19
8 7 95
56 12 17
85 46 76
19 15 3
42 59 24
19 38 77
9 2 35
59 92 87
15 52 85
22 47 43
96 88 64
25 20 91
40 50 95
53 21 1
48 73 77
34 94 60
46 7 80
24 53 50
71 35 38
43 71 52
27 30 94
27 98 51
65 41 88
34 21 75
56 17 35
55 81 26
73 26 54
38 94 74
44 77 32
77 66 64
61 56 40
89 39 16
77 1 20
70 40 19
71 53 97
90 21 61
82 32 13
29 1 99
7 82 25
90 72 48
73 69 39
33 44 82
59 97 60
11 17 73
15 45 28
95 28 39
45 92 6
48 22 84
18 11 84
16 63 72
68 53 69
32 57 57
31 56 21
76 37 4
91 1 61
94 38 68
14 29 67
46 92 12
55 0 79
72 76 13
55 90 23
84 49 82
96 91 68
56 30 29
67 10 49
83 19 100
39 5 44
33 91 77
78 10 33
20 87 39
39 5 28
6 51 88
12 16 3
28 92 60
62 46 77
19 10 92
32 71 23
61 58 48
62 48 20
29 52 77
25 88 61
85 35 24
89 42 63
24 66 70
50 16 52
36 61 44
59 21 97
74 24 77
37 62 82
27 67 17
59 95 43
31 94 50
43 69 81
29 11 30
18 98 7
18 38 21
98 46 89
4 94 85
16 85 81
83 42 93
55 79 47
25 16 35
11 93 28
67 55 34
31 12 13
73 58 8
22 26 3
87 85 38
14 0 59
84 85 46
19 81 34
55 32 72
43 34 35
25 32 24
90 85 10
93 16 97
86 7 13
54 99 64
41 16 5
67 10 47
69 45 69
3 10 15
68 32 23
58 37 37
72 74 14
57 23 30
92 34 48
74 28 22
5 31 50
88 47 44
98 95 39
60 78 57
65 75 5
75 67 10
52 81 23
98 5 54
83 36 6
94 10 76
78 93 78
32 16 7
69 45 73
93 50 73
78 64 2
20 15 41
68 17 12
50 73 43
42 51 57
42 51 32
86 8 9
8 41 2
91 14 2
25 36 74
73 50 84
80 64 7
10 74 48
98 15 78
99 47 77
38 51 54
38 41 89
84 58 39
30 75 58
42 99 36
16 24 56
88 42 8
99 36 31
5 27 57
36 70 49
89 31 48
63 0 6
34 72 66
80 6 39
11 58 94
72 32 9
46 14 98
91 67 79
97 28 81
54 39 27
0 90 31
93 92 87
32 6 14
78 75 11
33 43 94
29 27 57
56 49 1
77 1 13
18 52 26
39 47 30
89 7 28
8 52 63
8 15 58
27 82 82
23 92 91
39 96 27
93 90 26
51 34 11
40 11 99
37 97 69
71 83 28
9 7 100
31 61 57
80 66 99
25 90 61
49 22 45
9 70 46
6 17 58
67 91 62
90 69 95
48 2 25
75 61 88
73 34 54
40 19 60
9 94 55
88 54 95
48 64 58
11 64 97
31 28 17
17 69 50
69 23 7
14 81 74
34 29 76
77 16 5
27 85 81
92 5 85
41 62 26
44 18 24
70 17 81
63 68 94
80 90 21
22 20 1
18 32 20
3 22 6
31 40 81
2 88 15
67 5 91
46 81 69
12 68 64
37 54 21
59 25 31
2 32 78
17 76 82
34 92 26
10 57 51
34 91 40
28 53 63
51 92 27
59 52 14
24 96 4
83 8 92
70 51 59
56 44 38
49 75 74
49 80 61
5 54 43
35 46 43
2 47 56
28 18 92
32 23 47
47 11 43
30 61 85
42 1 48
74 72 1
55 15 11
50 58 63
62 14 62
51 80 9
70 36 57
21 22 1
3 35 86
54 72 1
28 11 1
2 79 76
27 48 71
2 50 10
77 28 47
56 61 69
91 83 60
27 14 25
24 71 46
33 95 96
56 55 74
95 57 53
47 76 58
62 67 20
91 12 79
1 26 57
6 72 80
87 3 80
97 14 1
23 92 59
15 90 79
2 83 68
81 68 92
28 55 15
39 14 56
11 35 29
19 0 45
47 23 65
12 48 19
40 82 95
22 20 7
52 18 7
4 57 16
43 3 37
19 75 46
83 22 72
22 98 61
93 53 37
37 67 40
63 75 47
75 14 14
49 16 14
55 12 36
44 70 59
47 3 59
71 54 27
82 85 98
29 70 7
65 15 15
61 11 99
79 91 42
30 76 35
39 10 18
24 79 9
75 18 26
42 95 42
30 73 15
2 1 68
21 5 13
78 43 77
25 19 41
65 32 86
21 55 41
81 91 8
7 67 61
66 71 42
25 12 50
16 37 88
60 77 96
62 14 66
57 25 73
8 65 87
71 29 94
99 4 36
86 98 57
29 40 71
64 2 51
80 26 56
37 86 6
67 84 13
23 14 1
5 40 88
17 49 27
67 10 66
6 94 34
53 18 38
83 14 34
95 59 89
88 78 22
17 13 90
15 60 24
87 32 23
2 15 94
59 69 40
34 11 91
0 1 8
9 56 19
74 77 48
27 40 90
40 82 87
22 68 90
13 70 94
94 46 50
97 73 80
68 45 57
3 49 62
34 36 22
14 59 43
65 83 17
25 35 40
82 24 93
7 22 65
84 8 57
71 14 52
36 14 8
21 99 8
78 3 24
61 30 64
88 58 92
38 74 40
35 53 40
78 41 63
29 85 78
71 12 12
16 27 76
91 6 67
10 78 90
80 41 43
60 82 72
50 58 61
55 61 34
54 63 31
88 78 16
26 57 53
13 89 40
56 66 88
32 70 3
44 67 33
24 42 95
49 50 51
71 53 66
88 69 69
72 31 15
34 63 3
35 81 32
4 40 20
56 34 20
86 32 37
68 49 76
74 26 47
72 99 97
34 72 28
35 57 46
89 97 71
14 99 22
55 90 15
79 91 39
87 5 70
53 60 83
85 39 98
38 61 19
67 41 7
25 42 44
67 46 84
85 66 65
73 85 15
94 10 83
48 44 63
95 42 17
71 19 32
64 72 5
52 50 60
97 29 65
39 45 24
60 7 10
99 37 10
49 21 41
43 14 42
36 49 25
72 41 84
39 97 51
50 1 47
39 0 69
17 36 69
12 17 1
17 40 77
67 71 82
42 27 95
2 82 30
19 16 21
14 73 47
35 76 38
6 52 37
11 78 48
9 58 50
11 10 23
9 34 19
0 18 3
29 98 68
11 80 30
26 45 19
93 3 91
25 61 82
62 24 10
67 95 16
13 85 37
37 35 4
42 71 5
68 75 18
87 29 24
14 11 91
64 65 61
10 45 51
74 83 37
94 63 46
1 42 2
18 13 65
25 5 70
51 3 22
75 70 30
43 6 70
59 54 100
41 3 70
79 12 88
71 45 36
87 16 37
82 85 73
62 86 48
27 0 2
10 52 76
74 93 36
36 51 79
89 44 34
95 86 88
99 30 4
25 36 87
17 79 4
60 55 97
88 17 100
10 70 52
9 73 60
79 42 35
52 59 16
36 67 14
55 2 84
76 53 94
67 84 16
75 38 85
37 43 48
60 22 81
57 79 83
52 14 92
65 61 87
10 75 68
3 49 30
89 39 26
91 22 40
77 84 81
71 47 21
3 10 16
0 21 29
45 85 19
39 67 56
56 19 24
29 1 75
16 51 81
17 65 5
34 89 63
2 61 63
54 78 49
66 14 6
74 65 41
97 98 89
89 17 37
81 93 75
66 31 86
31 10 40
3 36 20
95 42 90
43 59 46
1 43 79
53 16 19
38 39 59
21 72 10
47 44 43
1 0 11
19 8 75
7 91 41
39 80 5
21 98 6
37 3 41
10 46 58
49 95 74
99 4 58
52 9 54
18 7 52
57 82 42
65 35 17
87 64 10
60 77 49
81 95 27
98 71 15
91 21 83
97 3 73
96 55 51
27 10 27
96 39 8
80 97 90
4 85 57
83 82 34
45 58 14
94 52 73
71 47 57
65 77 10
64 94 13
83 5 99
87 89 62
88 24 70
84 71 51
89 10 38
83 37 90
95 56 23
97 9 31
82 41 63
18 66 21
96 78 82
34 74 8
22 62 33
95 29 95
87 28 62
29 45 84
74 28 28
11 22 100
95 10 10
47 63 36
21 43 72
89 25 9
80 99 59
27 89 70
9 81 19
92 16 82
76 42 92
38 79 22
23 63 14
18 73 11
60 74 75
5 75 54
24 60 56
15 29 68
47 32 60
47 79 72
87 18 59
24 36 25
74 8 93
45 74 31
67 84 51
71 8 47
88 10 57
77 55 83
10 24 1
18 37 65
90 72 26
35 11 54
32 57 82
13 46 70
99 90 34
28 23 97
47 29 91
48 82 12
4 41 91
16 14 66
77 79 76
69 51 79
78 77 10
46 78 68
17 23 12
90 81 84
1 47 66
0 24 56
26 31 32
12 45 72
71 36 77
83 23 49
53 12 74
66 54 68
71 31 92
56 99 94
51 76 49
7 13 56
12 65 97
7 91 61
13 0 100
7 36 38
61 5 79
17 76 100
97 3 10
67 17 13
3 75 25
62 64 80
58 11 27
33 59 37
69 0 26
52 65 45
62 69 61
70 55 66
85 36 1
87 48 64
1 32 49
57 48 78
71 85 82
96 1 37
51 43 3
93 49 91
94 85 83
75 52 19
65 28 51
9 30 62
49 23 75
40 13 74
62 72 82
44 31 62
9 40 41
91 88 71
57 61 41
9 33 9
29 25 53
69 27 35
24 63 5
92 62 93
2 33 100
44 9 2
96 51 87
75 31 73
97 36 22
90 53 92
78 87 75
28 60 42
22 3 18
96 24 67
75 96 96
55 65 48
0 11 45
74 76 76
84 26 58
22 37 6
24 21 75
93 95 80
21 84 61
60 5 10
78 20 83
51 56 7
52 35 99
19 31 23
24 86 2
18 94 34
81 70 97
30 48 41
74 73 52
34 22 38
41 25 55
95 67 47
54 57 51
64 58 78
57 95 86
22 80 96
90 32 5
20 24 10
93 82 70
91 82 95
19 54 50
40 79 79
23 69 81
42 6 1
73 40 70
44 94 2
49 21 26
61 32 49
93 28 69
30 96 73
62 97 48
91 87 83
90 93 61
79 42 13
89 21 91
4 85 91
25 89 20
21 45 25
55 30 93
90 53 70
61 12 43
39 58 45
57 72 24
98 74 99
4 27 42
46 78 31
20 61 83
4 90 54
72 94 60
14 34 44
77 38 3
77 24 17
12 62 52
49 13 31
75 8 91
22 34 13
93 97 42
37 19 42
54 63 31
67 14 100
94 78 96
45 91 45
2 8 70
43 32 2
37 20 3
10 44 12
19 49 100
54 77 83
37 8 70
87 69 15
89 79 96
85 84 63
74 24 14
78 86 33
72 21 100
89 31 52
2 69 85
87 79 42
44 71 34
28 4 56
47 67 77
64 36 28
43 38 74
47 29 80
14 69 17
40 42 29
93 13 22
60 94 6
2 65 24
69 6 52
33 89 61
11 55 28
6 52 1
7 56 18
3 67 5
39 55 59
35 55 11
62 12 25
92 20 40
47 76 45
48 92 40
97 9 99
98 75 67
56 52 57
77 19 78
54 58 77
65 3 23
42 20 56
91 29 91
71 31 15
52 75 92
11 17 23
15 77 99
61 79 27
86 46 57
71 48 41
13 27 29
30 6 69
28 38 72
13 42 43
70 66 61
15 36 61
59 75 8
60 90 82
61 38 44
11 1 40
68 80 96
32 84 73
74 14 70
1 90 85
25 31 18
96 61 70
71 63 87
47 65 55
48 72 91
49 82 46
38 28 92
91 76 46
35 83 92
30 33 78
94 72 74
64 36 82
99 23 93
7 54 92
78 45 45
45 34 64
55 4 11
58 37 83
90 45 62
60 45 65
97 44 32
8 97 71
90 44 43
23 95 29
92 46 66
71 21 69
81 19 32
36 61 5
74 28 52
17 35 88
35 16 86
44 33 94
45 60 77
23 77 5
16 63 72
30 63 15
25 26 29
17 88 57
72 27 66
77 73 25
44 0 62
10 13 41
5 6 95
32 45 69
45 82 92
51 47 57
39 8 87
5 45 19
1 49 8
0 91 46
82 86 37
62 40 27
36 20 38
47 98 31
31 49 4
61 84 41
64 35 63
14 9 40
9 45 80
99 45 94
4 20 85
40 16 15
16 55 21
16 2 62
63 64 91
80 41 4
59 87 14
55 80 66
94 20 51
8 21 72
99 20 48
81 85 52
31 80 32
3 28 45
7 33 5
59 50 52
3 12 13
11 23 44
90 16 5
11 98 8
72 8 83
82 12 40
42 93 55
41 48 3
61 36 34
90 50 58
83 18 59
35 65 30
88 6 73
60 44 57
96 68 44
4 90 13
69 65 83
6 91 11
27 4 10
76 4 81
36 21 92
11 5 33
65 83 43
39 94 19
67 88 90
72 7 18
15 44 26
75 9 100
90 72 74
39 74 78
56 82 37
31 50 81
62 92 66
43 86 7
95 66 12
80 76 82
80 89 58
35 84 21
72 79 59
90 16 54
11 24 76
29 18 63
55 17 53
29 55 81
15 36 86
72 34 59
69 21 87
76 56 23
22 90 100
36 33 94
95 8 20
52 60 40
4 48 69
12 59 52
51 53 7
95 62 28
77 20 49
91 23 30
4 84 45
33 55 81
32 29 55
19 96 76
44 9 76
79 36 91
3 18 72
56 24 5
65 80 48
0 34 10
88 20 53
38 81 48
84 76 70
94 87 42
97 58 71
64 62 36
62 37 87
19 98 43
33 83 55
51 48 32
62 63 26
38 64 17
89 80 88
81 35 37
33 11 36
65 52 42
51 96 26
70 5 43
1 70 83
60 85 71
55 61 19
4 11 100
99 42 46
45 47 91
88 93 67
91 72 34
80 16 1
14 44 75
70 73 41
57 19 95
67 93 45
43 33 76
82 41 9
12 80 14
95 19 7
64 48 76
78 62 69
91 49 27
27 9 35
78 94 65
71 98 9
85 26 69
70 51 10
50 74 16
63 65 66
47 82 39
85 49 43
95 58 74
60 88 32
25 20 41
14 81 38
64 88 88
62 78 71
8 62 67
40 41 86
38 60 38
75 13 33
96 39 44
58 62 45
39 48 59
16 34 97
46 33 28
14 88 29
77 45 67
26 25 11
82 83 30
27 62 76
59 48 57
76 62 51
46 5 1
64 16 93
71 17 16
98 5 97
15 37 65
93 72 70
24 8 76
80 58 27
32 67 6
24 60 78
79 41 17
30 93 58
33 70 53
96 23 91
58 53 69
4 72 40
64 94 75
46 27 37
56 31 21
95 84 3
56 50 64
17 46 10
60 81 55
98 93 83
92 91 65
52 44 78
85 77 54
94 31 53
83 19 73
63 22 47
3 85 73
76 53 35
59 28 21
79 69 15
21 14 69
34 96 68
27 53 31
11 34 10
59 82 39
14 42 57
22 86 67
85 29 67
83 53 19
40 17 23
37 24 74
69 33 60
31 45 92
14 28 85
33 31 15
12 49 13
73 10 77
73 13 94
99 85 99
49 89 53
72 16 36
55 49 44
13 29 85
10 23 59
67 29 61
52 49 91
10 97 15
92 51 21
12 95 22
84 85 16
46 22 40
24 50 24
56 31 82
45 54 23
76 81 7
33 48 60
62 89 9
94 17 16
65 78 5
58 47 7
46 95 11
80 8 39
18 85 44
57 17 24
43 65 81
17 90 42
30 49 20
15 88 35
49 2 46
33 20 7
58 6 11
12 89 28
82 85 89
48 6 24
49 35 60
11 10 41
23 16 17
2 39 62
28 65 88
62 66 4
43 79 54
33 64 24
35 95 6
31 72 69
12 30 90
1 12 89
3 93 57
95 27 39
18 68 49
39 62 76
93 65 96
73 16 34
65 67 77
64 25 12
96 50 87
64 69 33
72 36 71
1 82 91
19 61 93
78 59 98
52 24 84
87 19 69
44 13 74
41 28 78
6 13 83
44 99 6
77 22 54
63 28 68
49 88 20
34 53 61
61 58 100
81 26 66
72 76 13
69 0 29
19 91 65
89 2 41
48 84 69
85 65 6
20 75 81
65 13 83
6 55 84
46 43 68
23 90 29
41 53 51
5 36 78
78 60 64
99 6 70
42 0 46
83 14 75
57 64 67
16 33 62
9 96 82
33 38 95
7 53 56
6 51 81
7 77 19
69 71 74
24 26 63
31 40 52
50 55 54
88 75 24
22 84 33
49 84 42
41 11 9
9 66 1
56 3 72
61 31 99
53 9 77
78 65 91
48 45 34
82 16 59
91 32 8
42 14 66
38 55 37
73 69 99
19 2 27
24 76 4
12 46 66
50 26 43
34 18 43
6 3 1
97 68 43
41 38 16
53 0 96
34 48 67
13 47 77
32 20 5
75 12 3
90 7 54
48 61 83
29 22 10
76 24 58
18 69 28
24 92 25
91 32 40
41 85 79
56 70 28
10 14 68
28 13 80
55 13 53
36 21 41
16 33 94
31 94 26
72 42 26
43 98 30
64 69 3
9 50 3
93 34 85
11 65 93
28 54 66
78 1 100
58 67 17
28 12 20
26 69 47
94 24 63
33 94 64
89 48 57
58 59 74
21 95 100
49 26 70
17 1 34
43 54 54
2 25 70
6 83 70
14 36 100
39 3 85
27 5 92
38 8 90
73 19 38
45 97 66
78 90 35
4 17 16
72 51 41
52 17 89
80 69 32
9 65 5
72 42 29
47 7 42
78 53 40
61 90 22
38 52 83
24 32 45
27 12 35
24 7 98
18 56 77
4 1 51
84 48 69
17 16 41
20 40 7
16 53 30
63 96 59
52 77 72
35 30 31
98 95 80
66 55 18
59 95 62
55 46 81
30 39 69
75 41 51
80 92 4
51 37 49
64 76 71
39 30 40
34 30 66
28 44 33
4 83 27
24 93 51
26 52 93
62 35 30
32 59 21
52 54 78
38 1 65
89 1 32
19 29 30
44 38 10
16 79 47
67 79 92
58 38 39
22 48 68
77 27 4
69 45 15
40 4 38
15 40 53
61 23 9
80 97 76
72 69 68
89 6 30
56 85 31
62 33 21
3 72 21
57 45 58
75 94 64
98 36 79
13 19 49
1 66 8
36 32 56
37 36 100
75 85 4
9 0 53
91 3 10
56 79 59
47 6 89
3 85 70
25 88 59
68 75 71
84 56 5
34 8 10
20 85 8
28 54 16
85 65 81
37 95 67
14 7 34
43 87 8
4 3 65
63 99 70
2 20 67
54 25 71
96 94 56
56 8 4
32 88 73
42 29 14
57 73 62
7 42 55
4 20 80
21 99 97
57 75 46
36 49 4
82 97 12
95 69 80
11 76 76
69 79 32
39 79 27
28 53 91
68 82 21
70 18 26
63 78 23
20 63 10
90 97 5
41 78 27
19 80 20
48 37 9
35 28 15
60 11 80
7 93 25
10 49 72
13 69 69
92 86 42
68 91 88
62 12 44
73 68 46
47 34 51
17 34 44
4 74 88
74 2 6
3 46 51
32 48 58
11 97 43
36 29 37
2 50 94
5 2 96
72 2 60
88 44 39
96 12 59
18 85 54
62 12 2
83 73 38
29 2 83
89 93 75
19 97 19
81 67 75
32 11 13
73 51 30
65 68 71
19 84 80
27 61 76
40 82 18
32 41 41
50 67 85
80 72 29
77 23 93
79 24 78
1 21 26
36 17 45
44 8 23
46 47 29
40 63 1
57 31 86
62 52 19
33 95 20
12 89 7
57 61 85
66 33 96
23 4 53
22 63 92
68 78 7
92 95 3
99 37 59
32 70 78
64 16 79
35 90 93
60 56 52
15 26 48
43 64 96
54 33 83
64 51 15
54 92 33
22 57 78
27 89 14
82 57 40
67 14 20
69 15 71
49 84 56
12 83 69
57 84 26
2 37 44
51 7 5
8 46 82
35 15 16
49 83 95
49 3 19
34 25 74
72 22 20
71 33 23
39 4 87
95 83 67
54 81 85
80 62 36
64 41 62
48 16 70
0 25 71
96 90 75
70 19 1
86 33 17
40 62 36
94 15 97
4 17 26
1 30 85
45 13 82
56 14 45
3 34 3
96 31 7
58 34 94
27 31 95
89 38 81
48 50 24
44 7 15
19 7 20
64 80 42
58 57 24
27 35 28
44 71 88
20 65 99
75 3 21
17 24 71
3 2 71
89 94 66
51 63 61
63 0 100
19 42 14
96 99 16
18 94 86
69 38 94
29 99 97
84 71 71
46 25 7
97 82 41
47 74 54
97 72 75
58 14 35
44 76 63
74 62 1
13 52 10
41 78 91
60 66 89
67 18 59
96 51 54
11 10 41
78 41 39
91 43 88
19 9 15
5 12 83
69 17 64
15 27 64
40 28 95
83 94 74
72 18 86
58 95 54
96 82 48
31 1 2
90 55 9
75 10 74
65 81 32
57 78 67
95 61 30
31 72 46
94 80 7
6 66 60
58 9 18
4 55 40
98 90 29
32 53 77
42 75 85
77 24 42
47 42 18
27 95 16
19 36 19
81 2 65
73 50 40
82 14 84
71 20 14
46 8 65
75 13 41
53 63 89
5 64 47
31 9 38
33 16 11
18 48 52
14 82 42
55 61 65
35 94 93
23 95 91
39 46 11
54 74 14
5 36 91
50 58 45
98 23 68
67 9 66
93 83 29
29 78 63
49 68 97
23 28 85
71 16 93
99 62 23
21 12 12
63 29 65
48 46 87
84 69 63
61 32 17
0 57 26
97 15 55
64 24 47
12 79 41
69 87 2
30 62 87
90 23 24
77 31 85
48 89 56
2 77 12
54 11 42
14 48 71
20 2 41
28 36 68
24 77 90
30 51 22
19 62 16
51 47 54
68 75 60
78 30 12
61 43 88
92 44 72
89 28 33
94 7 41
52 49 7
65 37 90
40 60 50
78 37 11
13 84 20
42 68 67
88 14 15
3 6 71
54 13 8
11 37 31
70 3 84
5 15 32
24 11 55
86 91 21
59 22 100
43 91 67
83 39 88
13 40 40
40 21 44
48 98 77
48 8 78
65 75 60
65 48 6
47 21 57
83 65 33
50 63 94
66 82 10
71 62 27
38 47 66
30 99 69
42 23 25
39 63 98
47 59 90
85 84 62
13 52 61
77 94 21
55 33 84
44 99 14
91 28 81
36 57 66
37 47 86
81 72 51
8 78 97
60 48 51
93 49 79
93 47 1
29 11 84
63 36 94
79 97 6
22 13 91
73 95 75
10 8 37
45 83 62
53 91 66
47 83 5
2 94 49
36 95 54
58 59 19
90 67 55
20 57 94
38 75 47
19 84 94
29 68 61
93 36 82
56 32 65
9 89 20
62 83 9
52 25 66
34 15 57
68 74 5
81 5 49
58 6 28
63 2 86
26 13 95
27 36 84
81 25 79
36 57 71
64 99 30
61 54 42
73 19 4
61 47 48
17 70 53
90 61 84
8 58 98
70 54 84
63 56 6
8 46 99
72 45 90
56 9 90
8 54 14
31 19 61
11 38 62
80 68 90
30 79 56
22 21 58
19 98 59
38 62 48
60 45 24
19 67 46
68 45 85
71 39 80
54 50 40
5 97 27
96 68 75
73 99 16
19 53 20
88 17 91
94 41 69
60 47 78
6 64 99
69 80 48
74 47 75
89 16 63
30 13 50
74 53 92
53 19 63
39 75 54
0 56 12
37 87 89
36 31 35
14 32 22
4 87 36
88 84 20
8 51 13
56 50 37
47 85 16
48 11 90
10 3 72
75 59 98
60 87 74
52 95 79
61 73 8
10 94 91
97 85 81
6 7 26
49 64 94
75 68 46
53 13 54
53 77 51
56 59 40
44 92 73
6 72 26
81 96 43
20 35 12
69 42 37
39 31 88
23 25 37
9 61 52
68 25 61
92 98 86
13 7 3
77 91 1
23 61 96
33 52 88
79 49 3
19 94 96
8 62 35
87 50 14
49 89 23
31 34 38
24 2 27
0 86 65
79 13 78
57 60 31
4 6 42
78 95 5
38 59 92
67 64 41
65 27 13
57 84 69
77 40 18
2 32 89
22 83 84
5 87 95
0 74 2
18 4 24
44 67 38
39 81 43
28 15 42
26 47 43
45 24 64
72 84 30
30 22 15
98 80 1
83 74 9
21 76 7
30 40 30
83 21 69
93 54 8
19 83 41
68 56 48
14 21 64
0 47 54
6 72 85
95 53 20
38 43 25
44 87 7
5 79 9
77 69 73
79 1 68
81 96 56
4 60 75
87 95 8
80 39 34
66 46 63
69 5 75
22 38 52
84 67 22
49 94 87
34 6 59
19 96 22
38 19 6
56 25 66
21 9 57
16 94 29
40 42 37
67 99 1
59 95 71
11 89 43
81 67 25
70 43 24
30 66 35
76 3 65
51 87 97
0 66 75
89 99 89
95 14 81
15 42 72
84 8 77
38 60 86
8 78 7
29 30 73
88 75 16
79 44 56
45 50 71
56 51 35
87 1 90
62 28 96
42 39 32
51 79 18
46 14 49
55 29 48
72 79 80
19 11 45
70 42 78
5 29 12
82 88 86
80 6 61
56 27 15
48 99 58
57 45 85
77 90 89
70 44 97
68 93 62
77 55 44
80 54 56
22 93 81
29 56 72
76 86 21
3 72 32
47 12 33
67 59 26
43 93 13
81 57 38
19 61 75
39 90 82
67 5 26
4 3 64
52 29 45
69 50 18
83 55 30
4 70 80
30 60 98
73 14 100
24 91 81
1 57 6
3 41 94
43 36 28
38 86 95
12 5 94
48 46 2
16 23 3
32 60 91
91 5 92
80 53 85
59 26 84
7 58 29
56 73 49
90 92 58
0 4 88
41 2 55
30 68 27
84 49 12
82 86 51
16 66 77
17 69 86
81 43 38
89 10 41
76 64 14
7 21 91
71 8 41
82 12 26
38 12 76
16 78 59
50 38 27
19 68 22
83 97 10
95 62 36
47 2 41
75 19 65
17 95 65
64 70 8
64 96 57
63 99 7
41 90 4
58 74 66
90 99 9
83 33 32
59 92 54
91 78 37
40 15 24
41 19 12
52 40 39
33 18 67
64 13 36
36 70 50
45 15 12
91 20 72
8 28 63
5 67 33
23 6 31
36 3 40
8 64 41
12 67 60
61 62 71
32 77 19
67 99 100
7 58 78
78 19 13
64 60 39
70 55 88
96 46 84
39 42 53
40 93 8
12 55 19
93 16 5
49 15 9
67 18 75
97 72 39
10 2 38
8 38 16
72 3 52
13 34 7
70 16 80
58 41 72
72 98 62
93 52 78
2 25 11
34 88 50
55 44 38
41 88 27
23 74 21
73 33 23
90 57 51
69 41 55
31 34 84
68 71 83
64 26 14
87 32 9
68 86 66
41 78 2
80 15 13
99 81 91
50 33 99
64 56 35
78 83 97
49 24 99
31 19 9
49 64 33
96 80 85
31 35 68
76 2 52
43 40 82
37 87 62
86 75 26
79 42 83
52 13 59
63 36 70
8 4 45
95 82 72
21 6 91
26 51 69
17 62 70
48 1 24
6 14 55
45 51 79
36 66 46
97 47 80
27 33 66
64 89 84
89 25 33
40 89 96
34 38 46
12 58 74
91 79 42
98 72 1
64 90 66
12 58 37
47 16 43
95 61 66
94 84 32
81 96 9
45 49 39
32 14 47
29 61 36
5 30 85
88 99 45
96 85 55
63 15 92
60 54 7
81 58 66
37 54 9
5 52 46
44 24 89
49 84 68
81 32 91
63 88 51
7 12 71
59 91 53
73 45 70
31 16 54
27 72 63
37 17 90
46 51 81
93 54 70
81 55 10
52 12 55
11 19 72
80 5 85
15 53 68
39 79 17
83 69 49
13 3 22
22 57 80
65 21 4
64 98 79
66 73 94
73 33 2
2 28 36
65 53 88
30 56 6
88 89 22
4 17 76
69 4 10
60 95 25
15 20 38
8 19 80
41 31 80
71 12 37
62 21 7
80 17 48
61 29 39
99 20 8
38 89 29
52 6 41
42 52 64
54 42 73
63 55 54
96 16 56
6 11 29
43 36 42
39 28 69
21 86 87
5 86 61
69 87 34
14 73 4
48 0 88
61 1 64
49 92 59
35 11 20
25 31 34
83 14 9
69 24 25
71 29 25
93 78 39
38 89 62
44 16 23
97 94 19
91 39 11
12 51 66
10 30 14
87 90 15
69 71 59
34 50 79
73 65 17
43 64 91
70 31 9
24 64 85
42 40 12
70 77 48
25 76 93
7 88 12
71 47 24
79 83 25
20 86 34
20 50 90
74 90 92
67 34 83
31 21 94
3 87 26
67 22 5
6 60 44
57 60 60
80 52 46
60 86 14
17 38 58
16 0 47
18 33 15
94 88 48
54 82 49
77 20 13
10 98 66
92 21 49
50 47 48
55 22 95
63 69 26
95 0 95
98 83 56
82 55 24
56 71 69
52 30 70
6 19 30
61 83 28
78 89 53
22 50 31
31 55 32
73 22 90
16 36 49
33 12 81
7 85 80
4 68 54
5 85 41
0 40 99
31 69 30
45 55 34
30 95 15
8 75 17
26 55 64
61 47 21
46 26 7
61 25 79
21 60 75
71 38 22
31 77 99
70 58 43
83 23 80
79 89 26
90 39 48
50 32 97
65 52 76
82 49 12
97 36 12
51 54 83
58 14 23
27 15 50
29 10 4
79 52 40
13 85 91
52 33 78
30 76 45
58 34 42
2 36 37
95 80 65
53 84 93
41 40 34
44 6 17
71 85 1
46 60 50
49 30 77
24 71 90
83 22 100
73 13 95
57 25 38
68 64 84
45 41 88
41 54 67
47 8 92
13 86 69
68 43 3
12 77 4
70 73 35
8 85 8
46 3 12
80 24 15
38 71 85
84 60 26
52 60 86
71 68 52
96 35 92
99 60 34
82 78 73
90 80 66
0 92 99
68 0 61
72 11 49
34 17 97
9 30 80
24 62 37
59 92 21
5 4 89
54 90 79
83 76 35
27 70 8
7 10 60
97 18 45
94 55 33
28 15 54
62 87 70
77 29 55
88 59 8
50 30 15
66 41 22
86 20 94
42 39 48
44 56 86
31 0 46
83 81 26
31 76 16
26 36 9
82 71 32
52 39 66
32 1 63
20 54 16
60 37 36
35 1 93
72 53 51
60 11 13
21 3 25
56 3 18
64 79 3
13 89 49
41 48 16
57 50 10
39 7 52
63 75 81
16 69 27
7 48 84
90 39 99
67 91 79
81 91 63
96 29 20
67 20 34
39 21 81
82 74 50
80 48 63
6 90 45
8 68 78
27 5 41
4 78 67
0 35 20
53 84 84
88 96 45
3 99 57
96 75 19
28 75 31
28 79 46
37 90 18
73 25 17
37 86 19
0 28 89
50 58 83
99 90 66
10 17 78
50 16 31
6 43 12
66 59 36
50 86 29
88 28 16
91 54 8
31 91 33
86 66 12
21 55 96
43 42 85
37 71 84
73 81 78
83 24 86
81 48 99
61 68 93
37 82 14
79 48 94
73 66 55
55 47 87
39 40 80
34 49 85
27 93 52
38 79 85
65 32 20
32 51 81
85 65 73
22 29 61
16 47 34
23 69 47
8 66 12
42 58 70
35 3 72
17 18 14
81 41 48
60 86 56
10 50 68
15 26 45
42 12 71
60 62 94
44 63 57
64 2 25
52 39 86
89 43 80
44 54 60
50 39 93
17 24 28
99 34 60
97 44 54
32 18 31
42 74 46
63 47 27
57 12 33
80 47 72
93 66 45
13 61 61
95 24 93
16 1 23
17 83 95
1 84 21
37 35 48
5 50 87
36 13 88
28 60 86
93 84 20
63 28 71
55 33 30
49 87 60
37 85 58
93 66 16
49 39 4
37 22 7
53 94 55
36 13 35
94 25 59
16 92 27
60 17 33
15 35 44
35 8 7
46 78 52
23 62 21
86 91 63
34 49 29
1 80 49
27 8 43
28 68 33
69 91 74
46 73 17
99 41 59
72 24 79
24 15 60
39 17 99
83 41 87
57 67 20
53 28 8
82 9 87
3 16 78
30 40 75
2 31 76
55 2 90
85 14 93
44 82 93
36 71 9
97 22 3
47 33 72
76 95 25
95 80 55
59 96 5
89 91 41
85 37 76
8 34 40
81 15 17
58 70 68
41 83 29
13 69 26
69 40 45
93 59 87
80 74 95
51 39 96
46 12 21
24 36 83
16 1 27
21 47 63
23 17 11
47 7 45
50 27 60
80 78 62
58 32 26
43 81 39
19 87 22
43 16 34
58 71 29
18 83 74
2 90 22
18 14 94
53 58 34
40 43 52
17 36 22
38 42 81
69 38 6
75 95 65
8 90 80
33 27 29
72 66 27
28 14 34
55 24 62
18 42 80
39 41 26
62 83 5
94 48 93
18 70 24
90 66 69
36 75 46
9 26 48
22 39 73
94 19 13
69 72 3
74 16 48
64 61 63
36 19 99
55 20 27
0 3 38
25 93 34
62 74 54
33 19 36
30 4 52
64 56 97
28 25 34
40 53 34
79 9 21
37 65 47
69 20 20
58 92 25
46 95 76
1 53 34
20 87 63
6 50 92
88 21 16
43 90 2
19 23 70
35 75 56
20 4 58
33 69 46
35 57 36
82 35 43
23 34 88
25 96 26
58 88 22
76 55 25
37 25 2
83 69 56
33 85 31
73 46 81
85 16 47
55 61 62
73 92 14
95 94 54
47 29 78
48 57 81
94 36 75
24 81 37
9 95 36
87 11 79
80 78 60
75 70 7
75 40 11
19 97 31
23 42 17
79 80 24
77 94 84
58 26 1
89 99 71
73 72 43
80 62 25
10 66 54
17 10 43
55 70 29
56 61 74
54 65 63
59 4 50
98 63 25
1 79 70
83 36 51
52 40 5
77 30 71
0 40 94
59 77 87
1 83 47
65 7 21
45 14 70
23 93 45
36 53 82
12 83 51
95 70 8
62 75 40
62 10 12
18 9 94
60 74 55
35 11 74
48 96 30
48 39 3
45 31 44
93 5 25
33 60 100
16 13 62
98 97 100
63 52 29
41 20 81
74 42 26
23 47 2
26 8 27
85 86 65
20 29 5
22 14 48
46 24 70
46 55 9
42 54 1
43 85 55
72 73 52
68 72 27
17 87 19
27 75 19
90 20 100
13 26 95
54 30 32
70 33 8
14 26 51
7 10 17
67 22 50
25 7 42
65 55 45
87 88 33
96 23 64
3 48 96
60 29 69
22 8 25
96 90 97
15 25 54
61 3 93
79 87 11
20 41 12
48 0 5
20 78 91
87 68 48
59 63 25
53 20 12
73 24 23
57 95 21
44 89 93
48 49 52
62 28 54
87 51 48
72 93 35
78 58 32
30 70 100
5 83 54
51 24 26
12 30 64
81 12 67
30 47 100
1 28 95
94 63 17
36 94 70
60 22 12
56 51 53
5 81 55
93 78 25
78 13 51
94 88 53
51 15 98
8 44 75
13 43 73
53 76 56
47 71 58
48 94 3
11 48 22
29 84 11
58 28 66
32 84 29
8 74 23
96 14 93
62 54 3
46 11 8
66 47 60
22 62 13
90 30 95
90 28 52
1 90 18
70 96 59
55 64 97
29 24 93
73 9 84
90 20 22
18 69 84
37 70 19
24 78 32
27 65 36
63 42 97
38 58 30
12 5 12
92 86 81
98 15 30
55 89 71
53 69 51
76 51 82
68 90 1
18 54 90
19 46 26
71 9 37
13 72 93
94 36 95
84 2 44
58 55 82
42 54 4
51 22 55
73 18 98
72 37 65
66 57 18
64 40 87
32 97 39
4 41 65
98 63 42
61 19 20
10 48 65
17 93 2
50 82 3
92 53 31
47 41 89
58 43 54
51 87 23
30 83 92
23 40 82
87 57 1
71 76 84
55 60 62
91 20 60
77 98 25
20 16 63
83 87 85
92 60 10
42 33 30
61 68 27
41 96 83
28 7 43
25 10 56
74 32 78
57 60 42
0 2 34
32 38 52
75 87 55
58 64 63
39 88 83
68 9 34
5 43 88
73 85 33
42 96 23
66 31 63
21 77 34
58 76 97
38 49 49
54 18 91
60 95 26
9 89 53
52 86 41
60 52 16
31 0 37
12 25 30
89 19 42
93 50 66
41 98 51
44 10 96
56 13 81
1 94 100
29 21 100
65 31 26
79 0 94
80 54 100
55 92 73
22 90 72
88 44 96
26 88 86
49 63 30
79 6 66
37 27 4
42 49 77
16 57 31
57 59 98
24 61 74
51 29 86
91 0 65
49 78 36
29 3 55
87 17 22
46 59 1
9 96 93
11 96 74
48 37 54
67 28 79
21 35 55
10 68 21
40 73 2
65 5 16
82 28 95
67 83 21
77 90 32
94 69 6
16 10 69
5 47 34
1 30 94
69 21 88
49 90 45
52 94 93
64 99 68
85 88 46
62 47 59
86 20 86
46 79 99
47 83 9
83 44 90
25 10 45
85 79 60
91 56 11
31 93 59
21 23 9
48 83 100
99 66 52
7 81 95
6 27 13
66 10 66
68 69 8
72 75 30
92 57 31
10 91 22
30 59 94
5 34 94
96 57 83
48 31 66
69 6 63
39 93 93
31 9 10
58 33 48
23 45 20
56 81 16
51 53 30
18 40 53
86 34 63
95 58 7
89 54 47
95 77 51
64 9 29
21 51 64
53 51 19
18 94 30
54 81 40
45 94 85
80 46 62
60 80 4
27 63 60
68 9 6
15 92 24
6 24 51
24 14 79
14 1 13
25 29 93
3 27 11
69 52 47
59 34 26
28 72 99
58 95 87
60 15 16
53 42 51
96 76 95
99 42 71
66 30 33
59 60 49
12 64 58
6 76 33
6 46 11
96 85 69
66 13 27
63 6 54
54 21 52
52 85 87
74 7 21
24 75 1
50 99 78
91 20 33
32 68 58
72 17 22
43 60 100
85 48 32
3 17 78
32 97 75
36 14 31
11 75 36
11 23 38
37 72 17
25 36 27
97 26 42
23 57 25
19 6 14
5 24 57
7 4 8
67 58 89
45 18 28
67 34 88
78 25 63
7 45 73
82 17 50
45 94 87
3 36 97
44 10 67
62 23 74
47 20 17
95 89 71
14 76 17
98 79 59
67 63 88
76 4 14
92 12 60
71 30 53
87 95 97
28 78 59
33 74 56
17 24 67
53 68 58
25 18 55
76 50 96
10 52 57
11 1 15
44 32 13
69 50 94
1 46 35
42 5 30
34 26 43
43 83 76
44 82 6
6 88 33
56 0 75
73 36 24
28 74 8
40 22 47
6 29 8
77 62 23
41 85 34
82 93 90
87 95 72
69 63 18
25 63 37
60 0 88
18 8 78
57 9 37
53 62 81
53 1 66
80 87 52
73 33 25
97 95 24
77 56 31
17 55 53
7 88 76
63 32 83
77 47 18
66 64 39
9 57 67
77 95 52
16 69 9
28 25 47
38 93 97
81 24 71
16 74 82
7 31 21
35 72 20
69 72 99
38 9 88
40 14 87
37 87 65
69 24 27
45 58 83
69 90 4
95 0 87
55 4 61
8 97 89
60 63 12
29 83 34
66 0 31
51 76 52
27 67 2
59 88 34
74 58 4
8 61 92
43 81 95
85 17 66
64 67 1
80 60 34
15 3 30
36 86 64
26 48 21
24 68 28
93 12 30
90 42 19
19 28 51
67 88 4
72 68 41
92 87 67
21 79 12
94 23 36
45 17 22
16 91 81
58 46 46
30 1 60
52 7 10
50 9 67
69 99 100
23 93 72
34 9 17
63 67 3
42 30 63
40 96 59
99 92 63
25 40 48
89 0 85
35 54 62
53 12 37
52 47 93
28 39 83
25 83 92
33 28 72
85 48 61
64 2 2
44 90 81
37 54 8
33 86 86
22 57 85
70 51 1
47 79 80
17 40 98
53 27 19
44 3 60
65 57 88
95 66 61
81 6 78
60 10 82
62 12 64
18 88 76
44 55 18
96 44 82
28 13 59
67 88 27
31 15 82
95 14 62
13 70 30
76 81 83
25 2 16
94 58 100
20 86 47
81 59 95
96 82 97
88 61 44
24 18 54
26 82 46
28 60 84
76 25 3
67 39 78
93 43 54
17 36 29
28 41 47
70 37 46
33 74 99
70 51 99
25 14 8
22 48 35
0 28 10
29 95 82
49 73 55
72 76 94
58 4 90
50 61 3
89 28 82
61 13 99
82 97 74
35 68 64
55 77 49
18 24 16
91 97 75
61 12 36
3 80 74
20 21 69
26 6 70
22 74 92
53 30 48
20 42 57
48 95 69
30 54 98
96 10 40
26 39 99
19 2 6
58 70 63
97 41 1
97 45 94
63 65 83
57 38 38
97 13 16
76 52 46
63 67 93
53 55 26
1 45 88
26 97 34
71 55 16
6 2 45
18 33 23
62 14 1
3 20 55
79 96 10
16 4 68
61 84 9
86 18 81
14 62 59
93 29 98
18 2 22
41 1 91
87 43 44
16 24 87
21 39 65
63 28 1
88 6 15
56 6 14
32 67 13
81 1 52
41 23 1
3 28 37
31 11 87
16 84 82
11 78 37
54 12 86
14 91 42
40 2 69
43 6 29
90 45 53
61 9 78
77 61 86
1 9 47
54 94 84
28 24 11
32 94 38
22 64 79
77 12 81
81 76 88
71 2 19
31 63 50
33 49 16
68 1 26
46 30 73
56 27 29
42 17 1
30 2 75
91 2 16
19 87 92
72 63 65
1 75 33
5 9 67
10 6 35
6 28 33
43 75 1
81 8 7
4 98 64
59 77 32
47 25 60
9 93 1
39 47 67
60 22 93
42 35 33
97 6 54
30 15 31
29 88 44
19 53 95
94 27 84
2 38 17
6 63 35
81 88 95
42 77 78
86 54 87
38 68 51
25 10 4
10 73 87
47 18 59
89 23 78
69 2 11
86 31 58
5 21 45
44 37 8
64 0 24
46 44 37
95 47 75
79 7 71
74 17 70
14 23 24
6 59 29
98 97 8
24 28 25
64 86 94
99 98 93
77 72 55
19 40 17
54 53 41
29 26 60
19 99 41
26 60 69
72 8 16
48 66 56
97 38 93
11 70 48
89 30 7
61 20 27
76 19 20
94 76 61
57 79 54
45 76 3
73 32 92
7 28 79
32 76 17
44 27 19
44 33 11
24 34 68
33 12 86
42 91 38
36 95 62
68 11 74
54 99 44
83 92 26
73 88 26
23 28 50
11 17 12
61 24 82
51 87 46
13 93 51
50 88 47
25 78 63
60 95 30
61 16 9
51 41 67
71 59 93
31 89 11
28 60 67
95 77 58
16 13 23
65 59 45
8 0 66
12 34 66
39 95 86
47 49 66
32 84 66
87 77 75
49 81 83
46 87 26
22 46 47
10 79 47
99 13 15
44 55 5
43 6 84
65 83 34
45 10 6
63 34 48
12 88 98
23 95 11
97 84 99
8 29 36
85 39 48
85 95 22
38 17 26
58 48 40
63 24 1
84 32 15
43 88 30
41 46 98
75 0 93
14 98 47
41 88 96
86 21 13
14 39 97
0 37 51
84 72 53
37 30 11
37 66 12
34 46 26
38 94 56
3 43 90
66 0 59
22 13 1
37 14 2
98 56 73
25 89 60
58 27 14
47 49 34
10 47 49
5 81 4
90 74 1
2 86 6
82 40 54
75 52 27
91 6 40
42 38 69
41 8 73
48 67 56
75 71 65
39 68 36
79 51 51
72 98 51
5 45 70
63 67 75
95 65 52
23 52 23
93 51 16
76 37 32
31 90 57
79 86 35
9 68 54
40 53 98
6 74 3
32 95 80
74 13 2
17 85 77
51 92 90
87 54 43
75 80 70
37 38 67
16 92 55
88 86 13
91 70 61
20 29 8
22 8 59
24 85 28
87 47 16
44 99 98
32 99 49
66 93 15
76 75 16
2 13 79
45 13 78
46 88 26
30 86 50
66 30 4
40 86 100
86 44 23
46 17 55
66 5 59
28 42 60
90 27 77
4 83 86
45 27 66
5 39 46
8 40 26
74 51 67
11 54 75
78 82 23
73 19 93
10 4 69
9 77 92
44 77 77
11 23 35
39 84 93
18 17 92
15 54 92
99 90 67
56 83 34
72 68 96
77 17 24
52 35 40
18 79 42
2 89 7
52 74 73
82 60 42
16 53 40
95 40 80
6 73 99
25 6 65
12 14 98
52 36 42
32 93 42
21 63 3
83 24 26
15 7 20
58 73 61
91 30 22
90 24 92
55 10 44
28 75 57
90 2 26
73 29 32
69 14 98
93 77 23
68 21 9
2 60 95
1 46 37
14 80 45
33 88 11
68 46 11
67 15 97
34 53 71
70 36 61
42 96 1
89 50 12
84 80 50
7 12 39
95 58 3
13 86 43
31 42 63
54 78 94
22 83 59
64 79 45
4 43 37
17 36 37
95 9 91
5 90 87
3 75 46
83 66 71
17 28 17
96 79 52
40 93 64
71 33 58
67 97 98
72 0 25
65 86 34
90 99 23
28 97 81
9 5 85
30 97 73
49 36 65
51 77 55
56 54 97
80 4 73
59 57 54
83 53 71
92 27 14
75 3 25
82 14 84
15 25 67
4 24 96
95 37 66
75 81 89
25 55 72
10 88 89
39 88 33
29 12 10
63 83 40
88 24 80
42 86 71
65 50 86
92 62 86
96 43 15
74 70 4
47 41 88
60 94 36
46 12 72
22 30 76
68 93 50
64 15 97
53 44 98
75 42 29
60 57 29
15 18 17
95 13 97
3 42 66
17 49 33
30 71 70
82 44 81
83 73 11
87 55 22
16 62 25
17 85 92
52 86 95
87 43 98
65 11 70
4 33 28
9 53 32
49 73 11
67 7 81
94 53 10
40 38 66
57 61 97
46 38 11
85 12 65
3 30 68
35 79 37
25 30 49
40 89 3
65 86 7
92 40 72
86 23 72
83 77 54
58 97 85
10 54 27
77 34 17
24 58 49
68 51 2
75 89 96
71 53 59
73 74 1
0 68 32
69 43 37
78 53 56
90 38 26
49 28 86
42 62 82
38 82 21
48 72 71
79 4 7
11 40 36
19 47 83
93 48 2
9 99 19
32 68 54
72 89 83
56 13 19
67 42 6
76 20 24
24 29 62
78 59 59
25 73 1
34 36 34
9 81 76
51 50 66
95 46 24
37 22 79
78 44 92
27 21 7
88 17 100
57 85 65
50 95 36
1 76 1
91 80 31
84 38 91
28 62 63
98 2 61
39 71 69
26 47 98
4 63 80
57 89 89
12 52 90
44 11 66
88 45 82
66 17 41
39 48 70
59 46 44
71 13 55
85 55 4
13 33 89
99 95 40
36 21 14
15 94 86
15 27 100
86 44 85
82 8 99
15 3 71
30 64 76
98 89 25
79 62 9
49 15 6
74 91 75
90 29 45
55 49 66
71 10 24
33 81 45
77 11 78
98 42 75
10 70 3
90 36 2
46 97 56
65 13 74
56 13 83
91 71 1
21 7 96
43 48 59
73 68 11
13 23 33
43 63 52
36 31 40
53 15 66
67 3 24
4 81 77
27 17 73
0 19 37
91 45 1
34 70 14
2 72 95
24 66 66
56 9 93
90 74 19
63 62 27
36 17 35
52 69 28
63 79 37
30 91 44
83 47 40
18 24 50
74 4 71
73 24 31
92 23 11
80 56 53
65 31 2
55 82 8
28 82 45
76 25 38
85 76 91
38 4 30
70 42 14
45 71 21
76 88 31
76 91 46
95 74 35
18 81 65
60 6 89
46 12 5
94 77 28
82 33 93
6 96 28
92 28 52
12 67 46
91 81 93
46 61 71
69 80 18
45 98 33
83 20 36
54 40 47
81 41 48
77 59 42
20 17 97
23 89 27
43 5 77
59 75 73
83 69 6
98 31 83
33 15 52
69 61 32
77 12 59
5 43 51
76 39 5
59 49 87
94 69 19
45 3 29
73 94 1
38 92 50
90 86 84
46 49 25
54 38 93
74 62 22
70 77 23
55 75 55
30 38 7
56 90 97
95 76 86
38 90 58
17 21 19
30 76 41
69 45 91
3 33 50
42 63 89
0 71 61
73 55 24
20 22 17
19 73 40
19 78 75
65 81 29
70 36 62
92 51 83
68 89 48
85 53 79
53 77 47
21 99 60
54 17 28
70 32 54
81 51 21
25 52 57
14 81 58
63 76 94
9 66 6
3 77 60
9 13 54
88 7 11
86 36 16
92 49 51
0 4 7
64 53 50
18 97 41
52 5 52
63 98 84
55 89 37
18 19 55
11 77 59
3 20 17
0 77 92
37 93 25
32 51 29
59 67 3
26 79 42
47 1 35
41 57 11
62 73 38
41 23 30
94 71 63
53 82 25
73 27 68
61 0 71
93 89 14
79 9 68
3 76 47
35 68 83
87 67 63
92 42 87
26 15 94
43 1 96
71 35 19
59 66 93
72 76 84
23 73 61
43 18 18
86 6 56
18 2 54
17 12 87
18 73 13
36 76 94
42 37 73
61 0 40
75 37 88
90 28 96
38 8 67
55 33 97
21 63 1
15 45 41
15 12 99
12 65 37
39 11 91
52 79 75
17 23 10
69 19 50
66 45 55
80 14 48
74 63 96
20 73 10
67 10 69
33 22 77
61 56 88
63 28 88
31 21 44
52 68 35
97 8 21
41 56 72
91 84 6
76 59 6
93 75 16
99 51 53
47 1 10
74 30 75
82 42 96
41 77 100
74 47 24
4 63 28
43 81 58
74 71 91
20 22 72
64 25 54
6 26 8
86 84 42
59 72 97
16 19 63
28 0 97
36 67 25
62 21 68
37 7 43
22 97 4
22 31 99
28 62 20
73 58 25
95 44 29
97 86 11
97 10 56
99 98 34
99 21 70
13 81 15
50 55 3
58 1 96
51 33 22
39 72 60
99 58 10
63 78 36
19 99 12
19 56 100
99 5 63
8 87 14
75 15 89
15 32 56
89 96 21
68 74 96
36 33 40
64 74 2
94 13 8
44 34 8
39 65 25
79 99 5
8 54 70
99 74 37
24 22 33
56 89 14
37 21 57
7 87 62
53 66 61
67 59 58
86 20 4
38 86 100
65 91 93
65 37 30
22 91 78
37 63 68
79 95 83
87 37 71
84 30 53
58 50 6
22 60 97
10 98 100
56 99 84
24 95 42
20 16 76
17 63 19
93 64 13
24 46 69
53 20 66
46 40 97
32 35 98
99 76 41
62 75 83
1 62 81
20 59 91
75 98 69
39 4 84
0 5 31
4 51 24
88 7 59
17 33 89
49 59 11
57 70 46
80 56 56
97 93 77
18 11 100
97 94 5
92 57 87
57 98 32
2 24 31
2 6 84
45 19 76
37 51 41
81 57 49
67 43 17
82 67 36
43 44 90
13 23 53
30 55 51
19 69 21
83 67 34
81 10 65
14 5 70
96 5 70
67 40 38
20 76 28
52 1 71
37 3 60
99 14 32
51 15 20
25 88 74
30 21 53
61 81 5
51 2 89
55 81 64
64 96 99
4 81 45
97 91 9
74 3 49
94 96 62
19 48 25
12 21 100
70 26 27
97 45 86
97 55 12
62 65 100
27 52 34
58 35 69
83 82 61
87 94 57
89 32 80
60 31 72
27 83 61
76 80 26
40 52 67
49 11 98
99 10 65
50 48 8
34 88 56
23 48 8
92 76 41
48 88 96
81 68 57
1 77 7
82 96 55
47 28 69
33 67 35
89 49 72
87 55 83
50 7 79
26 73 88
24 61 41
94 39 50
87 20 21
70 97 64
94 36 90
69 17 52
99 69 33
11 29 83
66 96 100
81 61 22
60 23 60
17 72 63
54 37 45
15 63 23
10 62 73
46 98 91
64 78 37
95 68 43
11 77 92
48 43 36
26 59 6
37 10 21
93 77 72
0 88 36
79 2 92
44 25 74
95 70 89
21 32 15
55 86 27
68 35 98
55 94 36
7 59 73
40 77 38
44 35 95
87 38 29
33 73 34
28 27 48
37 98 34
65 52 48
55 93 88
73 39 74
62 54 38
38 20 20
69 60 75
16 67 41
11 49 89
40 61 73
5 58 4
57 17 54
26 19 22
9 51 83
63 82 40
46 53 36
78 0 76
76 33 52
47 87 96
83 50 69
72 46 93
45 35 35
70 80 12
36 24 36
50 25 34
32 96 76
37 40 23
40 23 94
18 84 18
66 12 98
37 87 91
52 98 26
24 85 19
63 36 14
88 48 65
16 66 91
98 84 50
83 31 65
78 41 1
44 9 58
30 74 62
16 8 70
26 30 19
38 27 81
41 97 57
5 13 43
73 14 53
5 66 97
37 87 60
95 69 76
63 17 68
33 24 36
3 74 78
64 76 54
32 84 64
51 69 18
83 86 90
18 48 81
37 45 18
50 37 20
77 84 44
17 51 30
41 82 74
39 20 77
51 62 38
97 30 77
90 24 40
74 42 89
6 75 97
85 32 91
45 33 62
59 98 80
15 17 19
72 0 48
66 38 96
41 70 15
10 4 66
16 80 32
3 78 37
26 17 78
49 16 87
59 28 88
64 95 7
21 5 96
46 27 50
71 9 88
91 43 85
26 8 64
46 45 21
73 59 13
48 93 25
15 24 53
8 95 88
70 81 56
29 97 42
68 22 28
56 39 53
33 35 29
3 80 7
44 73 86
99 36 28
87 3 6
13 32 92
61 22 70
48 44 86
24 19 17
16 77 77
23 38 58
58 94 61
38 29 56
87 11 57
33 70 93
62 65 1
24 68 6
2 91 77
7 75 67
45 39 61
58 99 4
71 61 63
9 51 34
87 44 4
7 35 28
41 0 86
50 25 47
79 71 91
17 33 75
37 1 63
82 22 46
43 38 38
38 70 1
34 82 53
53 24 78
87 35 64
62 0 74
28 35 6
95 4 83
27 11 35
84 14 52
69 15 10
46 15 94
18 67 60
5 52 4
74 65 86
36 96 27
94 10 55
36 1 55
65 75 58
47 2 72
42 32 75
59 94 38
64 84 56
94 38 74
94 26 14
64 72 83
10 93 38
76 97 68
47 11 93
63 97 22
1 5 26
37 9 15
60 12 88
57 84 19
1 86 53
1 37 49
40 5 76
7 80 94
55 57 5
3 71 88
94 71 1
52 68 33
90 35 100
71 21 91
58 70 63
89 56 31
27 98 91
70 0 44
26 7 12
51 91 93
87 42 68
83 45 88
82 75 9
40 77 34
27 68 17
70 25 3
68 51 6
23 69 37
76 30 69
3 81 84
9 20 4
53 1 55
46 78 92
45 59 82
9 84 51
24 82 12
7 80 39
13 93 58
90 39 33
71 38 94
93 27 82
10 16 17
89 4 55
85 8 8
17 59 68
98 65 78
85 80 25
60 64 25
86 62 69
56 92 59
0 52 72
61 60 36
78 66 46
88 97 93
64 59 85
54 18 29
16 6 61
69 32 90
76 55 29
0 59 83
83 77 32
25 64 60
32 62 2
15 82 45
11 59 77
11 61 90
0 5 76
97 20 87
54 48 12
43 39 70
8 85 15
89 48 65
58 40 93
35 60 25
88 46 89
58 59 12
95 32 28
87 2 25
88 40 16
48 45 17
12 51 27
33 89 98
38 81 20
59 30 31
39 77 56
23 61 34
17 33 16
68 16 53
61 73 29
86 31 75
26 94 58
24 14 84
95 47 21
80 78 51
10 44 41
9 95 32
48 36 8
79 25 58
76 9 10
83 65 1
25 65 86
49 96 99
95 62 82
79 14 65
75 40 93
48 45 25
88 29 56
35 44 85
76 66 38
22 28 90
62 43 31
70 8 89
32 47 43
46 11 67
95 78 44
48 25 87
70 67 38
14 21 15
1 84 54
32 0 3
76 33 45
22 49 2
66 68 18
21 69 33
44 51 50
54 32 49
36 42 98
98 24 7
14 29 62
0 20 71
41 95 45
10 41 4
17 10 50
59 62 24
18 9 20
14 56 93
87 6 42
36 4 68
5 98 13
41 63 97
80 19 4
16 60 9
36 48 91
34 51 19
49 25 64
34 18 36
24 85 50
14 18 92
22 28 36
30 32 77
69 98 69
4 3 98
71 43 13
8 21 97
49 91 35
21 16 47
15 36 30
77 26 98
78 4 52
17 7 21
43 22 36
37 68 32
91 93 36
94 60 59
26 61 22
36 68 96
67 54 7
65 60 72
98 58 80
85 16 4
86 50 67
87 60 12
20 3 71
10 28 79
24 43 17
89 73 100
13 58 71
6 56 55
29 47 18
45 91 23
85 82 69
79 30 10
4 82 50
70 77 44
73 94 46
66 15 17
22 7 9
26 44 46
85 15 61
50 23 40
85 57 73
74 97 20
1 13 72
46 6 79
48 92 89
99 21 5
12 14 24
24 93 81
78 68 61
24 40 59
12 39 3
52 12 100
60 46 45
89 6 17
56 20 60
29 16 48
26 41 44
91 86 27
64 39 39
46 65 19
21 44 87
48 87 100
77 31 33
44 64 45
16 30 5
26 74 35
49 0 45
71 47 74
46 29 73
59 45 95
57 6 71
7 59 74
19 17 57
12 58 64
79 77 95
69 14 21
31 8 72
97 83 94
38 73 19
76 97 50
54 33 75
64 41 74
70 17 41
23 67 89
50 35 86
29 65 90
38 42 34
15 25 68
11 36 4
85 56 22
97 81 29
22 74 9
42 30 93
42 54 74
44 46 7
14 51 34
58 33 5
60 35 60
27 34 32
89 72 72
83 56 15
30 61 51
55 9 10
50 56 47
16 58 42
88 29 27
4 76 93
98 16 15
96 60 87
40 29 77
59 85 28
65 28 9
98 12 72
40 11 10
11 48 92
66 47 5
7 65 13
6 61 100
50 28 84
94 85 36
81 47 46
8 44 57
27 12 32
33 83 14
58 35 1
53 59 32
63 3 58
5 60 33
86 92 14
85 53 42
85 34 50
93 54 73
35 5 73
40 3 54
7 52 53
33 19 96
91 78 60
53 61 49
11 5 59
70 3 71
47 42 6
37 27 41
11 25 55
16 35 31
74 66 56
16 20 62
29 20 89
77 8 22
61 88 23
93 63 78
30 19 31
11 6 82
27 92 99
50 7 50
18 30 39
95 83 68
74 52 90
16 77 37
54 29 52
16 36 78
54 20 33
40 52 62
23 77 48
14 79 18
81 52 9
74 97 75
59 38 40
24 17 28
42 77 100
73 28 82
87 78 97
71 32 16
37 0 54
89 18 45
28 32 19
46 8 93
95 6 41
81 4 42
89 14 69
28 78 48
98 33 77
8 20 29
82 97 19
17 73 40
8 23 89
93 86 40
90 84 11
8 5 1
61 35 11
98 1 52
62 75 63
51 96 62
55 4 78
18 12 43
21 89 76
12 73 23
88 20 17
22 53 2
68 48 12
39 30 83
3 22 83
23 57 48
82 75 69
36 64 94
63 47 56
49 72 6
87 26 71
49 66 24
5 53 58
34 71 31
38 71 86
83 60 12
28 79 22
97 23 37
4 48 51
16 31 12
93 39 8
79 71 85
39 79 1
41 60 61
94 35 21
51 73 20
50 11 32
54 69 32
79 35 56
61 81 79
47 70 97
54 0 67
44 37 18
65 23 41
33 32 16
86 10 35
93 98 88
43 21 90
40 98 67
94 51 95
13 32 62
99 34 99
58 36 100
90 5 87
66 73 5
44 46 1
93 49 51
63 15 19
42 18 57
81 67 18
15 25 58
22 53 26
35 42 86
35 44 38
26 5 10
3 94 15
12 80 53
16 60 5
98 2 44
83 85 46
13 32 52
97 54 50
4 57 96
28 65 46
25 85 71
79 16 52
9 4 53
98 44 83
83 63 93
98 99 61
21 90 79
30 91 70
23 15 39
90 14 27
44 97 44
49 71 4
81 55 50
39 66 74
55 7 10
70 66 67
99 2 84
36 20 89
75 32 27
59 65 5
16 41 19
57 13 18
70 30 10
71 24 45
65 86 89
24 13 95
23 77 47
40 21 73
50 84 99
46 61 47
37 13 97
77 1 28
33 16 36
93 54 86
3 36 74
24 97 75
37 46 44
43 88 78
19 10 85
33 89 41
61 76 56
81 32 62
71 95 8
22 59 24
93 94 22
54 13 92
93 24 68
53 23 74
45 75 86
26 42 67
14 43 86
32 3 36
38 79 20
12 85 62
90 18 55
60 34 83
70 22 66
12 60 80
47 98 91
86 73 97
59 95 33
42 65 73
56 37 41
7 60 79
5 99 80
8 81 34
6 1 51
42 44 25
56 4 36
50 98 25
56 76 57
96 55 34
5 21 51
69 74 40
48 10 99
16 90 99
21 35 65
22 68 92
31 42 32
9 71 3
49 7 2
66 13 78
11 65 23
6 98 50
54 64 55
35 80 34
32 76 97
88 42 18
48 8 22
28 8 29
60 78 89
27 41 2
18 31 97
85 63 98
80 95 99
11 62 6
64 74 58
74 36 32
7 19 24
50 71 68
40 79 97
36 98 27
67 23 19
12 65 27
84 27 44
0 43 56
31 61 78
7 60 81
94 84 48
24 40 78
68 11 36
21 88 7
83 5 66
46 47 19
4 99 7
91 59 89
9 0 12
46 71 32
85 42 46
72 2 60
19 96 2
12 85 39
73 8 8
83 99 48
47 32 29
85 68 67
46 15 97
58 41 42
51 15 3
8 47 30
28 12 17
36 21 83
17 58 90
17 47 91
26 79 19
66 73 16
58 8 50
45 91 70
85 21 60
99 84 79
82 53 78
67 32 6
65 89 86
57 25 99
11 33 37
74 76 12
1 64 14
78 82 52
58 19 56
2 98 38
27 19 68
49 5 43
38 9 54
39 80 3
33 48 31
5 83 14
75 7 81
27 72 74
21 0 28
39 74 86
65 53 54
14 55 9
58 2 85
40 73 1
42 30 45
57 94 35
84 49 6
95 71 67
81 53 61
46 2 26
22 30 96
27 86 67
21 90 74
37 71 11
35 71 43
7 91 91
44 39 44
4 80 65
26 33 39
59 81 17
2 85 45
3 70 45
72 25 26
47 58 11
18 0 78
38 74 96
12 26 32
32 92 67
19 90 91
52 9 28
30 68 68
87 31 84
55 28 34
89 20 1
1 9 79
30 77 100
25 84 23
5 16 7
10 73 55
85 26 13
15 91 78
4 1 40
24 71 58
69 74 12
32 19 36
78 74 56
33 59 41
77 3 1
79 9 72
67 93 2
83 88 4
46 75 74
40 53 18
9 98 7
95 58 56
25 36 59
63 32 87
26 49 70
59 50 61
80 69 26
29 99 77
61 90 67
56 82 70
93 17 41
19 85 37
64 14 56
28 41 73
56 43 39
50 18 36
42 52 83
35 80 14
38 29 65
31 52 22
67 23 7
12 19 27
21 35 92
83 88 97
88 55 72
70 31 90
36 94 89
72 93 69
28 88 7
88 78 72
20 13 37
12 86 72
26 2 5
52 14 25
51 99 52
