48 18 37
17 44 22
12 83 41
87 3 10
19 20 18
62 14 74
90 97 58
27 51 51
15 20 19
55 6 32
94 5 26
30 79 34
68 98 77
62 26 57
90 86 12
19 70 21
69 17 13
25 30 43
7 33 61
52 81 76
51 79 20
2 92 38
9 14 27
80 16 67
67 32 54
58 86 73
32 76 89
58 47 47
98 96 97
39 41 58
73 25 2
30 86 35
24 97 47
27 23 28
11 51 56
87 9 19
89 22 67
95 75 4
43 15 33
89 35 52
24 95 25
40 49 49
47 63 7
76 98 14
49 75 35
45 81 74
68 46 84
10 88 32
6 25 29
8 93 97
67 71 72
3 29 90
66 94 5
40 86 2
17 46 87
55 61 73
34 7 17
28 60 25
15 1 85
34 6 19
3 86 66
58 59 40
80 7 89
60 94 77
72 44 52
58 78 93
75 99 7
43 23 68
60 95 76
1 79 29
41 96 5
99 36 96
15 61 46
14 12 91
8 25 81
69 96 84
39 94 77
72 0 4
27 28 65
96 63 100
48 89 18
6 55 67
1 0 74
56 76 72
85 39 65
33 77 13
93 56 92
32 33 22
2 6 55
37 75 19
11 66 55
7 31 14
13 89 64
63 99 89
29 49 44
0 62 62
40 26 9
6 73 52
82 32 55
60 50 6
73 98 61
84 72 90
73 29 29
5 3 91
74 21 33
97 95 21
91 21 46
29 78 96
34 22 31
59 33 90
49 9 32
40 82 89
13 92 89
92 3 66
88 15 27
35 45 15
7 0 15
49 72 24
35 83 53
83 54 12
87 86 66
56 32 33
68 85 71
62 20 66
6 99 36
75 87 32
13 80 30
60 68 74
48 15 89
69 25 100
97 4 84
41 73 48
96 37 56
25 63 85
90 65 31
95 72 47
16 32 87
88 17 5
77 55 30
35 41 18
93 20 47
59 48 81
13 80 69
74 66 17
27 4 47
26 67 99
88 95 18
65 25 66
47 40 54
15 85 94
43 78 32
34 97 66
94 32 23
18 52 39
73 68 27
43 27 95
65 57 74
90 0 51
71 67 95
25 13 57
84 3 86
18 58 65
13 50 68
84 51 37
38 6 47
28 85 1
81 10 10
18 92 38
45 1 36
34 80 50
28 52 89
39 72 81
77 21 50
57 95 97
15 18 15
71 25 17
24 81 44
31 49 78
23 38 23
87 57 72
98 52 29
73 51 63
10 56 2
10 51 21
75 23 84
30 83 33
90 40 16
48 54 13
27 49 53
27 56 7
8 65 65
57 79 94
92 77 43
91 2 55
70 77 98
11 86 75
78 6 78
16 83 44
17 50 16
7 29 22
64 15 53
20 53 41
22 26 8
14 65 85
92 46 54
25 91 40
56 13 72
96 94 64
10 56 77
67 6 83
8 16 34
43 1 37
14 19 51
92 52 32
50 7 43
26 13 5
60 15 91
96 18 24
4 6 59
49 32 2
4 82 87
20 35 33
32 85 40
51 73 10
79 38 78
65 41 78
58 5 9
19 55 66
14 43 2
89 90 53
8 15 18
69 68 41
30 88 10
48 71 20
36 91 78
97 31 70
92 95 82
26 63 20
36 38 72
43 7 13
10 99 58
58 40 89
28 62 27
49 47 9
35 12 32
63 92 76
44 55 85
85 32 34
85 51 85
39 15 80
16 14 51
84 82 73
62 22 60
68 51 66
98 6 28
85 1 46
10 35 15
7 65 88
0 87 48
91 31 91
32 65 55
84 83 27
91 35 84
45 5 44
94 42 32
20 26 85
92 17 83
99 83 43
98 4 9
15 7 48
90 81 67
22 38 27
71 24 54
87 66 2
45 54 62
50 61 13
21 89 96
10 80 7
19 31 97
32 38 4
87 27 46
67 59 93
0 36 45
8 55 7
20 71 90
30 38 1
96 58 73
25 81 70
80 75 50
98 55 98
69 73 59
39 26 53
13 91 61
50 25 50
2 78 93
34 4 81
36 79 78
76 94 36
48 46 56
64 33 40
66 8 61
42 12 53
43 73 37
62 66 96
74 67 18
50 43 52
77 6 36
57 75 17
96 28 35
5 47 13
12 39 71
12 53 71
9 64 97
89 82 71
74 12 20
73 97 71
49 46 71
72 52 38
43 25 7
92 52 78
62 91 98
41 43 39
34 65 59
60 28 81
76 94 69
29 32 42
96 83 19
66 61 53
13 62 21
79 83 19
7 60 76
41 89 62
24 41 1
10 61 85
83 71 10
87 91 63
26 58 86
8 93 36
27 72 13
82 47 48
56 2 50
72 22 63
95 36 31
6 88 75
4 48 91
97 87 81
29 14 36
12 73 98
23 90 17
13 4 37
26 12 42
5 47 59
51 42 64
73 97 37
8 49 55
9 92 83
7 94 21
55 45 68
22 59 8
43 44 32
49 8 41
78 89 92
73 81 100
37 70 65
24 97 54
79 59 86
25 34 58
72 90 88
83 59 65
49 62 98
51 6 84
26 22 47
21 15 67
99 88 44
27 97 49
5 79 12
95 78 31
98 68 76
25 54 70
40 46 68
24 45 30
41 42 2
83 7 86
50 64 91
0 16 36
13 97 78
53 31 71
6 14 54
49 43 31
38 67 43
8 33 65
34 6 58
14 67 97
9 4 64
38 27 11
84 77 88
90 52 6
81 85 63
86 55 88
99 65 90
62 33 72
16 35 46
89 78 93
27 75 53
39 19 40
74 2 60
69 87 77
51 62 7
82 67 14
40 60 4
62 93 77
1 62 96
29 41 37
52 55 30
71 93 50
53 1 91
56 37 41
58 42 39
7 89 20
23 40 86
66 92 82
32 7 23
89 14 39
3 74 91
51 57 2
86 75 47
82 85 37
54 1 44
94 80 19
60 71 69
62 93 86
30 86 27
70 13 70
77 1 11
38 74 69
7 64 91
53 89 20
77 91 35
93 70 22
6 25 34
2 88 48
5 42 93
69 25 2
60 50 34
14 91 38
22 30 77
21 38 8
99 92 92
27 21 28
31 58 60
57 93 82
73 88 68
5 55 94
15 68 49
78 9 84
85 51 88
13 18 20
96 76 100
73 66 91
24 3 80
27 11 91
40 10 87
96 61 75
74 76 90
83 53 73
70 14 6
76 24 67
50 86 88
73 38 87
64 3 2
74 57 66
60 8 82
83 10 49
86 28 83
52 87 96
72 81 79
39 31 13
11 43 41
55 75 22
56 91 72
22 77 32
9 51 80
47 2 31
91 11 8
99 30 63
29 10 100
59 51 49
42 19 59
30 48 22
93 17 73
32 8 20
81 91 9
47 83 52
61 33 25
17 62 2
95 43 39
50 67 14
44 43 23
33 70 47
82 21 29
37 90 14
27 47 4
49 25 99
57 36 28
63 45 76
77 88 85
69 51 47
37 80 83
96 80 67
35 79 3
28 60 36
29 28 93
68 90 73
59 76 31
87 8 86
32 88 74
46 61 65
66 55 16
31 45 25
82 36 75
33 60 90
32 83 99
58 92 94
60 69 13
86 48 96
21 14 18
77 79 85
47 13 72
62 63 19
36 45 21
27 25 50
64 12 47
25 10 71
38 36 55
97 58 12
36 45 93
87 25 71
83 87 27
2 59 12
51 24 38
16 22 67
78 68 54
72 33 99
62 32 71
11 97 20
72 92 89
30 59 97
56 86 62
46 8 59
48 96 48
38 70 57
10 46 88
76 64 26
91 73 48
76 84 73
59 43 60
28 1 31
33 73 36
2 56 39
20 82 73
91 52 34
16 98 42
62 90 24
0 80 37
15 67 14
68 9 65
46 43 29
96 32 7
94 17 77
77 19 78
82 49 32
5 52 19
69 75 81
30 11 54
32 6 24
27 37 96
40 63 51
88 59 35
2 43 60
82 0 53
57 98 35
79 67 17
14 82 49
86 96 26
84 37 52
66 23 35
55 39 65
97 57 40
83 26 66
52 0 45
88 61 19
9 56 22
21 36 42
48 24 94
26 74 65
99 68 4
86 33 99
21 40 84
66 85 5
5 80 82
56 96 39
83 54 33
89 43 64
60 31 81
31 45 38
37 46 76
52 7 59
25 47 2
14 34 74
83 38 71
69 62 57
40 98 23
15 7 4
34 16 100
77 1 38
50 73 22
56 24 74
18 12 35
37 47 61
88 85 81
55 98 24
7 67 36
1 34 3
76 8 14
88 94 13
86 23 53
64 1 27
59 26 2
68 67 77
94 81 92
14 36 31
50 0 59
86 38 94
11 97 67
66 93 38
35 24 62
25 55 97
39 86 80
14 69 47
7 22 100
27 80 56
24 96 30
5 52 64
39 77 55
11 28 77
21 14 16
82 84 13
23 79 52
98 78 93
12 42 13
95 91 93
97 31 11
5 83 39
34 80 34
74 75 58
58 92 23
68 82 11
61 20 34
4 7 62
28 8 68
43 20 75
89 71 3
31 16 22
21 68 23
24 45 16
45 67 46
33 78 26
84 55 43
48 71 100
73 44 36
83 51 51
82 5 70
28 81 91
96 87 82
93 55 81
39 89 67
53 55 8
56 39 61
97 61 30
71 11 34
9 29 6
66 71 91
39 44 49
36 69 5
12 9 23
50 91 15
23 68 11
98 46 26
58 87 94
7 19 88
86 6 44
46 61 86
50 52 65
50 19 76
21 4 93
99 21 50
51 82 18
8 80 39
32 84 9
99 44 83
29 91 29
66 87 20
83 55 10
0 37 95
52 89 80
59 22 30
36 2 99
13 67 58
83 66 100
28 34 53
90 56 7
20 62 93
32 70 54
3 71 41
60 21 36
82 8 92
54 99 7
57 31 31
34 93 38
90 55 84
39 34 30
87 33 33
73 20 14
14 40 34
92 65 83
56 77 78
68 44 72
63 96 55
6 54 11
52 20 6
32 37 41
72 54 39
67 15 98
90 0 25
3 90 48
32 28 77
50 44 48
61 0 67
23 3 43
7 17 97
40 21 30
5 65 19
5 43 88
91 29 68
6 87 49
18 85 74
11 84 81
58 70 68
36 8 98
88 48 44
65 33 61
21 79 35
85 28 1
22 89 90
77 50 50
5 67 66
88 21 40
32 30 11
31 88 73
30 27 51
23 43 69
39 57 98
61 41 88
36 5 40
23 88 1
16 95 61
24 71 28
11 71 12
30 66 25
18 51 44
68 13 70
90 36 95
21 10 90
61 97 21
83 42 81
24 7 69
97 2 64
57 11 68
84 21 95
4 25 96
13 16 63
20 37 35
36 95 60
30 51 44
69 29 40
95 9 79
29 75 100
92 37 34
34 49 3
71 67 6
8 57 36
31 70 25
11 33 53
8 41 17
33 22 25
35 39 47
72 24 88
5 9 74
53 88 1
90 24 54
49 5 87
18 8 39
95 76 15
16 25 91
11 89 62
95 66 99
40 35 69
28 61 46
39 28 92
74 88 98
31 38 78
47 24 33
52 20 60
24 11 80
21 25 26
10 36 59
59 5 44
2 38 23
30 67 74
92 59 53
6 2 99
55 12 53
89 22 89
22 51 23
23 34 95
94 4 65
57 2 12
33 91 12
53 44 5
44 99 11
41 60 24
70 10 28
81 25 17
87 88 47
46 83 45
76 7 32
16 79 66
75 70 11
16 43 31
36 12 97
57 58 90
91 34 96
3 95 100
91 72 2
59 82 95
42 83 8
84 18 28
93 63 11
8 28 11
96 28 98
61 78 19
47 80 75
23 24 62
62 22 26
6 67 54
34 64 25
72 85 90
93 87 53
13 95 25
35 1 56
15 32 30
78 76 96
89 23 4
66 67 54
21 86 40
65 74 13
31 24 48
66 34 26
16 7 46
77 12 35
54 33 81
64 77 86
97 68 37
68 85 8
85 59 35
65 68 12
11 34 49
20 8 33
52 31 34
98 7 10
90 26 84
44 2 10
68 19 71
27 65 44
98 34 90
49 99 88
95 65 45
35 75 21
55 5 46
13 50 87
81 70 97
83 78 46
74 91 84
83 91 56
24 6 78
55 49 64
46 16 51
38 48 37
83 89 36
6 39 2
92 50 70
93 96 86
46 89 32
62 50 79
1 2 38
27 59 87
54 4 90
19 72 1
39 23 74
51 30 40
5 98 31
22 15 50
99 31 16
26 29 12
72 43 55
22 77 89
34 72 12
48 25 90
29 2 14
90 13 74
62 76 16
87 53 11
40 99 54
6 13 47
37 69 71
7 98 5
78 64 62
76 45 33
18 75 23
24 68 82
94 79 6
24 89 7
0 59 65
2 26 47
57 11 16
73 24 54
51 80 15
70 45 64
24 96 5
51 45 11
29 98 6
6 9 26
75 57 68
4 31 92
86 83 38
75 17 66
65 14 89
86 36 81
77 47 28
31 35 26
40 17 55
75 26 7
59 49 11
50 95 74
40 1 10
89 59 93
89 39 95
26 29 34
0 61 71
26 47 15
14 71 82
51 50 100
36 22 28
32 53 37
20 19 17
61 34 76
58 64 64
99 79 40
61 66 55
40 26 92
84 56 20
39 74 74
46 99 45
59 49 81
84 99 49
40 34 7
95 18 7
30 70 40
27 28 63
29 99 76
52 63 22
29 73 63
34 87 2
89 86 53
29 39 100
74 65 16
0 37 55
94 15 38
98 49 4
79 70 35
17 9 78
60 35 72
15 20 63
53 63 80
85 10 36
22 66 8
99 41 12
2 73 44
29 19 9
40 11 25
34 69 39
42 8 50
54 95 91
16 15 6
36 46 89
71 9 2
65 29 57
94 80 55
93 49 92
47 92 23
84 34 74
49 70 59
99 89 9
59 4 39
38 26 14
89 95 37
44 36 29
87 55 20
79 42 12
1 44 28
78 17 76
19 87 51
45 70 64
21 8 93
14 38 77
55 25 86
22 8 8
64 24 18
90 67 62
10 18 12
40 97 50
28 59 88
25 59 81
78 94 96
82 59 27
10 95 53
39 10 70
5 64 70
33 61 88
16 26 87
22 24 6
86 0 79
37 67 48
97 44 80
30 97 76
49 33 12
90 91 87
57 95 33
27 48 50
30 31 78
38 62 83
81 79 85
66 54 57
54 63 41
47 5 33
29 21 28
31 6 13
92 47 47
65 64 19
0 81 83
97 52 29
91 64 80
42 33 63
78 93 21
67 94 86
36 38 11
50 97 26
92 41 52
56 73 83
48 34 25
66 69 89
43 70 3
52 71 43
74 46 85
16 37 11
53 67 97
19 67 46
0 94 86
87 22 27
40 81 28
61 50 7
25 53 66
61 6 37
47 11 4
9 21 23
14 92 68
91 25 35
57 29 59
11 72 22
21 37 94
61 81 43
87 1 60
5 65 31
22 90 31
36 44 9
72 10 55
9 12 65
49 50 16
40 53 4
15 53 33
90 74 35
20 32 33
8 79 50
13 48 1
34 54 5
42 16 93
92 45 1
78 37 14
82 31 39
35 83 6
43 64 14
51 99 45
5 18 46
40 95 75
19 36 72
99 32 97
51 98 25
15 74 5
7 9 88
35 27 99
83 99 39
4 69 24
72 2 53
96 21 48
37 17 24
62 13 6
43 0 11
30 55 89
66 75 14
36 62 94
39 24 38
83 23 53
4 11 10
48 91 75
91 8 30
67 37 71
53 77 68
90 33 21
60 33 61
21 72 36
25 17 63
39 28 32
89 85 97
64 38 80
58 48 81
25 36 84
31 84 32
22 41 68
64 11 48
4 33 78
92 85 18
73 81 59
97 82 78
99 31 28
52 7 38
31 92 90
74 4 4
56 66 65
76 22 64
24 20 91
32 35 22
30 22 56
67 88 39
21 75 70
55 87 2
5 33 99
70 82 48
57 72 20
30 64 31
52 98 77
35 96 91
99 2 49
84 56 13
87 27 79
47 24 74
54 11 12
50 57 24
40 11 40
86 63 88
25 72 14
52 48 13
68 82 67
96 48 27
0 32 67
98 23 21
55 61 35
93 74 7
80 23 97
41 74 90
61 26 64
65 76 60
7 12 88
9 75 95
45 14 32
51 49 75
92 2 92
23 37 76
87 59 49
33 46 76
69 21 86
63 58 3
66 33 20
62 74 14
39 21 14
83 60 18
28 56 84
7 88 84
27 26 89
25 64 3
17 39 70
10 52 21
19 99 43
16 69 71
71 1 61
85 44 49
61 35 39
46 26 46
45 93 55
64 15 40
28 93 71
43 55 2
64 96 66
79 88 87
37 40 97
18 16 86
59 42 81
36 1 73
32 45 63
97 72 48
78 77 94
28 72 74
64 25 43
48 4 44
14 84 56
80 55 96
83 47 6
18 1 24
12 84 31
34 20 48
62 89 16
4 6 10
32 58 52
62 95 27
97 7 82
78 43 55
2 93 76
0 23 39
66 34 36
77 54 90
34 86 13
24 92 52
7 72 94
43 39 45
73 14 36
35 52 81
8 47 80
66 74 36
37 43 50
56 90 57
26 6 10
84 22 100
27 51 1
2 36 87
3 43 19
7 42 39
80 30 84
97 72 42
79 66 67
25 91 35
57 99 75
32 93 20
55 91 100
63 78 32
0 56 37
99 56 78
2 64 65
72 36 7
96 83 43
46 62 9
92 42 17
58 84 37
41 44 22
18 87 69
80 3 63
57 50 54
13 53 57
23 13 71
94 65 31
7 20 11
31 24 53
50 51 49
86 58 43
28 58 90
49 12 47
29 65 1
80 92 89
46 15 18
82 20 12
54 56 15
24 19 99
89 79 94
42 85 28
77 75 78
74 73 77
18 9 95
78 11 41
59 52 89
15 42 26
17 97 26
33 67 71
69 85 39
88 55 38
10 68 51
8 52 24
9 44 72
28 13 57
25 96 45
51 56 10
80 70 44
21 23 70
50 90 16
88 49 85
80 77 7
87 53 12
53 67 2
68 69 12
84 60 62
17 67 28
81 80 45
58 28 4
18 91 25
41 54 75
76 15 17
80 57 91
69 53 48
68 45 35
12 30 45
86 69 95
42 50 81
64 53 38
81 18 85
13 92 19
10 24 90
12 43 28
52 80 12
97 68 33
45 13 96
86 28 18
7 13 95
75 12 70
81 2 47
36 4 35
30 22 11
21 94 74
2 42 23
46 95 89
11 83 3
9 38 39
62 29 77
24 8 47
25 88 86
17 51 20
46 62 88
75 35 95
76 96 33
78 32 92
0 17 40
23 47 47
34 58 76
48 76 49
75 30 77
0 77 96
20 64 19
97 15 8
9 2 36
90 72 58
89 95 76
70 54 31
47 20 71
47 98 36
7 85 64
9 81 54
8 48 70
18 37 36
49 13 40
74 67 12
36 60 83
66 39 88
14 5 17
59 66 16
68 80 66
59 0 31
82 87 100
7 38 48
65 12 14
54 78 91
56 42 73
20 73 66
82 45 61
36 77 92
55 81 22
91 62 58
26 33 30
67 46 50
35 9 29
88 15 25
73 65 7
48 94 8
9 79 34
55 4 67
43 76 53
26 5 12
54 20 59
82 38 5
0 61 12
85 45 80
28 97 19
87 89 54
47 82 5
16 55 63
78 49 1
74 90 93
67 93 81
72 6 14
28 78 35
52 40 40
36 89 97
65 67 94
24 65 1
94 26 49
58 66 23
79 98 6
28 57 69
24 26 94
40 50 56
58 99 90
32 2 6
78 94 79
12 51 34
24 4 18
27 72 72
54 52 22
19 33 92
60 63 34
35 83 76
29 44 16
40 9 10
36 24 91
6 94 31
84 66 82
47 17 5
75 46 51
76 79 66
86 66 19
69 87 99
29 63 99
78 37 62
83 97 68
13 58 1
28 65 5
60 58 18
37 5 15
10 8 7
36 3 66
41 25 43
11 0 61
72 57 51
81 62 61
97 48 82
72 81 58
69 84 69
93 58 17
88 91 61
61 97 11
21 68 2
4 45 14
25 92 47
98 55 94
10 71 26
94 79 30
37 23 42
32 20 67
95 32 4
72 55 84
27 11 89
72 1 40
27 84 38
24 74 26
93 3 83
5 43 44
93 51 53
54 59 2
55 38 72
34 16 41
38 50 77
34 81 18
7 32 29
56 82 15
59 37 28
61 50 10
97 41 30
87 4 68
66 67 19
69 23 61
60 31 10
36 52 70
56 18 92
79 50 71
36 8 95
74 11 81
97 93 78
53 59 15
49 17 93
26 20 48
55 89 79
15 9 88
9 84 40
0 95 78
1 47 40
87 39 42
89 79 75
16 15 72
88 55 42
60 6 98
25 44 68
50 84 87
65 48 38
87 55 62
88 2 36
7 35 52
42 25 61
65 90 25
15 8 50
90 27 89
3 62 38
20 2 3
6 17 91
87 97 23
41 40 45
49 89 15
35 17 13
6 41 29
33 55 37
43 20 77
87 48 37
4 55 5
26 22 3
91 71 65
93 29 68
66 33 20
45 35 14
23 69 88
65 14 12
19 84 60
24 10 70
25 22 26
18 34 90
18 14 14
79 32 22
39 61 88
72 47 9
59 64 90
90 3 51
58 4 100
64 27 24
18 65 31
5 80 71
51 13 64
28 7 44
8 23 33
56 3 79
15 30 53
76 75 51
84 40 30
59 64 2
16 82 49
48 54 40
21 6 58
88 57 92
10 3 61
73 12 79
1 47 42
34 17 22
50 7 57
81 68 12
47 96 13
16 23 20
99 81 94
58 46 30
29 86 88
25 84 20
0 56 26
97 66 11
45 53 95
62 17 29
79 66 98
67 93 13
42 77 94
25 48 63
7 62 36
78 93 73
52 11 58
11 53 58
2 63 58
70 8 55
5 2 51
34 64 1
30 62 95
51 52 1
46 54 16
59 18 68
65 11 57
76 78 94
62 22 18
81 34 59
91 72 26
26 89 12
86 69 66
74 99 42
84 10 40
98 71 3
99 60 53
1 0 14
40 12 84
85 39 97
13 19 69
22 36 74
0 51 55
57 10 62
85 74 50
91 88 11
13 33 23
1 44 88
21 88 78
32 18 30
20 96 73
47 90 95
87 86 52
97 32 65
21 6 4
71 63 71
96 46 45
23 38 41
34 45 99
36 64 36
0 91 61
80 77 41
49 24 79
10 33 1
24 29 44
25 41 32
73 29 80
34 77 82
92 74 55
10 90 66
34 47 10
19 38 2
91 96 51
86 96 46
80 57 40
18 63 15
53 99 2
18 73 63
50 9 81
89 44 1
67 30 70
27 76 9
84 59 99
6 28 67
90 65 67
27 35 87
86 90 86
54 17 3
82 58 100
25 29 98
16 13 18
5 61 84
6 34 77
30 39 26
80 99 24
57 52 69
38 17 40
40 97 62
3 76 60
87 47 33
44 81 26
30 21 42
92 22 11
28 53 77
55 45 74
57 71 31
58 87 68
79 52 8
71 65 75
6 35 83
71 16 67
9 82 92
2 89 94
97 0 35
94 55 88
84 73 7
48 20 79
26 95 74
95 85 58
92 46 2
55 17 94
63 8 68
35 73 25
10 38 88
79 23 20
91 5 77
22 50 56
86 88 100
11 69 93
67 74 37
85 15 65
95 94 72
17 58 36
95 59 100
76 11 32
79 48 25
21 5 73
86 88 33
0 47 31
44 59 79
83 21 15
88 84 41
58 16 77
11 55 38
7 92 75
99 89 75
19 78 95
64 92 55
56 2 66
76 68 2
88 74 12
63 75 53
36 1 51
55 59 76
27 15 57
90 88 49
89 20 24
45 10 97
97 10 12
24 49 61
41 93 89
79 27 35
82 11 58
74 81 73
62 92 16
17 26 9
66 85 43
16 7 26
64 9 32
97 12 46
10 50 46
75 26 1
35 46 69
26 73 30
79 59 43
15 10 85
49 87 50
72 61 93
52 47 21
84 98 49
4 7 73
62 5 60
30 54 15
6 5 84
34 84 17
99 91 57
45 74 70
94 64 55
45 31 10
82 34 86
83 3 3
84 69 85
87 46 82
93 4 9
17 0 39
95 97 82
40 51 53
57 6 27
87 26 44
24 72 38
78 26 70
25 15 95
11 60 89
83 70 53
34 30 52
52 67 18
9 76 50
79 59 53
8 10 39
77 50 90
43 19 53
49 16 44
58 67 20
86 48 24
1 8 13
86 12 68
67 34 78
34 19 51
73 31 84
46 70 52
47 40 96
41 80 43
72 60 13
52 1 84
79 5 7
0 57 31
4 61 33
99 39 41
90 27 49
74 72 60
34 47 71
86 80 21
2 76 87
21 81 34
93 86 10
89 58 59
26 43 12
51 48 100
57 5 78
98 1 42
92 67 23
14 39 75
21 51 36
65 74 21
14 70 20
7 44 81
91 90 14
9 88 18
75 30 20
33 74 85
85 75 86
23 40 40
67 24 23
69 8 38
2 33 76
98 22 20
13 24 7
74 0 10
63 70 23
11 95 34
48 61 1
35 56 89
34 46 37
49 69 23
3 51 98
0 95 8
86 25 84
9 17 29
92 62 32
92 30 37
86 52 88
60 63 63
29 99 52
84 8 70
27 54 39
10 28 77
30 42 26
67 32 98
12 61 99
28 87 83
9 27 28
42 36 85
64 4 20
37 41 54
96 98 68
63 86 19
97 53 87
52 18 29
43 37 23
82 31 54
64 11 37
48 77 47
49 88 72
4 21 66
4 36 99
32 86 62
11 93 37
85 61 29
3 43 29
30 52 78
14 62 42
96 37 32
87 4 67
89 38 28
75 68 58
39 56 89
70 65 39
44 82 87
77 34 59
48 20 65
21 16 9
53 30 17
94 7 87
60 38 98
35 51 58
34 52 17
67 48 93
6 90 35
67 50 80
10 13 53
66 55 35
93 73 85
47 15 75
36 34 71
59 98 97
84 35 19
64 53 88
50 65 50
27 84 99
98 62 9
86 62 67
66 95 7
49 26 45
50 66 13
70 94 40
10 31 45
46 73 31
72 20 54
7 21 27
2 40 99
52 8 44
22 77 75
82 92 41
51 37 81
24 57 79
83 59 76
46 78 26
14 69 95
13 5 33
22 55 69
42 31 80
66 65 98
78 54 16
1 87 38
50 86 25
7 79 79
0 15 80
73 99 35
23 88 95
86 17 20
44 39 3
88 43 2
14 40 20
69 11 86
10 82 4
84 28 38
64 62 55
69 65 14
86 4 24
63 93 24
13 33 54
88 10 80
82 23 67
74 17 45
64 44 18
72 3 17
26 51 32
5 23 32
72 33 16
16 46 35
44 21 48
1 85 21
94 28 92
79 0 34
71 74 11
90 6 6
87 96 51
25 44 97
88 27 95
93 71 70
76 31 34
74 78 55
61 50 90
98 78 88
45 43 71
31 61 55
15 18 15
79 59 5
71 94 81
74 33 63
88 28 77
95 53 88
40 21 32
37 34 64
18 52 73
10 84 70
70 51 72
93 42 15
4 60 86
84 37 70
10 20 98
36 47 31
13 64 21
88 67 65
36 15 92
77 54 35
45 84 91
96 31 72
66 88 40
4 94 93
61 51 41
99 66 62
86 92 29
1 83 42
80 52 97
52 41 28
71 33 76
4 60 86
85 12 70
41 8 47
60 16 59
13 27 31
84 25 52
89 24 72
46 5 44
54 44 45
11 30 50
25 93 41
38 90 91
84 53 3
95 4 75
41 91 63
80 59 49
66 22 96
43 22 5
44 2 26
54 91 4
59 11 61
48 42 99
60 6 89
66 40 69
13 57 72
28 32 45
10 95 56
66 56 75
39 70 51
45 98 59
53 70 40
94 95 37
8 62 2
18 95 51
6 58 40
84 78 7
71 87 39
26 93 35
71 95 6
16 66 85
81 92 3
24 5 35
94 53 49
97 22 70
77 55 70
82 80 79
70 40 34
57 23 56
12 92 37
25 92 74
9 47 51
81 66 57
1 54 88
95 94 20
88 95 59
1 17 34
77 57 16
58 16 46
70 23 48
19 27 74
8 78 83
42 76 84
1 70 72
47 69 7
84 60 70
45 19 46
12 61 43
24 65 2
19 55 72
85 88 17
67 54 87
82 41 46
68 28 76
74 48 42
86 74 73
68 2 91
15 11 10
79 95 9
0 52 75
69 77 92
21 29 95
41 17 60
0 55 3
3 72 90
63 51 43
43 39 21
0 83 3
47 94 24
63 55 21
32 90 98
41 96 28
4 99 38
89 22 61
26 58 81
80 63 85
30 82 57
13 91 2
99 20 45
83 53 48
43 9 33
94 4 3
75 70 76
18 86 68
94 64 41
8 43 32
87 44 74
42 19 83
64 91 76
90 87 78
81 91 43
31 97 31
57 49 19
21 4 64
69 66 38
13 55 96
60 73 42
78 62 38
38 89 14
56 42 24
99 4 4
35 90 15
6 23 98
93 7 91
2 38 98
82 32 55
1 28 12
62 37 47
86 47 100
7 9 59
92 20 78
31 19 100
74 18 4
3 92 36
40 31 94
39 82 61
78 21 24
59 89 24
72 48 9
62 48 41
57 88 95
67 89 84
40 10 75
84 65 62
5 71 96
69 70 60
89 70 70
62 69 81
73 18 95
1 10 64
74 68 68
45 87 95
27 55 33
77 19 63
43 98 42
80 21 96
83 12 3
62 14 83
11 46 80
24 26 41
33 60 98
7 33 56
96 94 41
65 76 28
81 17 20
68 46 87
27 38 64
99 44 29
28 37 75
75 78 17
69 57 82
41 12 26
33 48 7
55 53 41
54 56 91
76 57 10
30 90 36
54 44 72
26 49 82
6 24 18
30 17 26
97 37 83
60 13 15
15 82 54
19 2 50
93 95 89
0 21 53
89 56 40
99 94 7
77 24 85
61 4 16
65 29 77
63 56 81
74 10 42
5 13 60
22 73 4
46 80 40
90 46 86
29 89 48
94 79 47
10 92 61
97 99 92
5 2 62
3 82 33
6 99 21
2 93 96
9 36 74
49 31 4
80 76 73
57 70 43
88 35 18
77 73 86
13 51 47
97 68 69
62 76 31
7 41 64
60 89 9
56 85 58
6 56 10
77 65 63
14 39 58
62 39 55
19 66 13
66 47 77
89 17 16
6 84 44
58 60 42
7 69 84
84 5 26
16 26 58
76 43 82
8 86 30
53 61 81
73 75 37
24 54 73
19 47 80
82 59 85
26 43 6
59 3 42
66 30 6
77 90 32
45 84 42
75 26 5
20 7 15
71 61 35
55 39 62
51 88 24
40 29 48
53 61 93
59 13 86
94 14 22
9 28 57
67 39 9
65 89 86
41 33 25
22 97 24
33 59 75
23 5 99
87 8 100
49 87 44
0 29 63
33 26 84
59 93 51
29 13 54
56 2 86
15 2 16
14 65 19
97 81 47
4 36 85
56 33 80
45 87 18
7 32 93
52 14 27
59 80 33
46 35 59
81 91 96
40 3 28
94 98 68
7 13 99
94 37 4
78 60 61
41 2 6
80 76 73
12 47 10
67 99 76
78 56 25
22 90 55
45 50 67
61 4 3
61 57 100
81 49 2
68 93 8
75 53 46
0 16 35
91 11 52
72 52 25
30 7 71
58 49 24
9 25 8
73 7 42
13 25 58
40 78 28
2 64 18
35 42 71
85 82 34
60 47 73
44 4 43
4 13 47
44 19 99
90 25 50
95 44 78
17 45 52
32 28 53
24 21 38
17 57 30
44 89 21
37 21 70
10 98 49
90 98 47
32 39 84
12 13 60
76 2 84
60 61 47
68 45 60
59 26 53
49 62 72
77 41 66
93 76 88
29 35 43
24 68 62
62 19 95
52 97 78
19 35 57
88 54 54
36 56 71
17 28 27
18 83 84
89 44 27
37 49 8
19 80 23
93 44 16
59 76 75
39 61 6
5 63 21
71 23 95
56 26 97
65 16 93
93 70 13
22 26 28
58 56 35
20 16 39
23 0 14
46 40 37
62 27 37
22 7 42
37 97 15
28 17 19
20 71 61
43 47 39
30 80 74
99 16 27
12 10 36
31 87 25
6 13 25
30 13 15
40 59 33
35 40 54
56 32 2
28 52 79
64 10 63
70 14 33
38 48 15
69 38 100
19 46 78
40 41 42
87 82 49
86 7 28
21 24 52
94 49 91
3 5 54
2 26 90
24 22 78
36 61 20
42 23 82
26 84 15
53 39 90
42 1 26
98 46 76
66 87 58
99 26 4
75 5 19
43 90 38
67 75 35
24 94 23
62 71 15
70 90 50
74 63 51
39 12 43
39 4 44
40 61 92
26 17 58
11 10 100
98 37 35
38 4 91
62 45 53
58 29 41
3 46 44
93 18 31
0 2 44
81 39 78
74 97 1
52 35 49
14 32 5
4 20 93
14 64 71
54 90 41
87 61 55
32 35 92
10 18 9
7 25 81
50 71 2
85 48 69
84 59 18
27 40 55
72 88 18
70 96 11
34 3 42
77 27 7
96 8 99
27 61 40
82 65 56
38 4 84
77 45 42
33 29 57
85 99 43
62 81 100
59 85 47
37 46 65
61 88 96
5 27 70
94 56 75
39 72 47
1 7 80
96 85 66
40 66 39
80 91 52
90 11 71
75 97 9
43 75 10
19 8 31
32 64 21
65 76 68
24 83 56
13 67 29
17 80 40
79 92 56
50 53 88
27 67 8
3 18 60
1 86 68
42 15 22
16 90 76
69 89 11
48 94 6
48 41 54
21 59 30
68 85 57
99 21 84
96 6 45
85 10 40
21 51 88
40 62 46
56 49 74
67 3 27
6 59 72
39 65 62
26 1 92
22 32 71
0 62 47
24 16 60
53 83 91
52 2 45
87 36 80
87 99 25
95 1 73
15 19 32
36 23 2
30 40 63
86 36 4
53 1 22
83 50 4
51 1 98
30 16 41
83 82 18
32 6 75
69 38 78
48 20 16
76 24 43
35 42 24
16 27 76
65 88 47
57 36 43
61 74 5
84 2 52
1 56 73
41 96 98
90 81 96
54 29 97
35 95 29
28 59 31
11 81 67
67 52 80
81 41 60
89 77 85
59 37 50
79 74 43
85 26 47
31 79 27
47 42 58
22 23 50
44 62 61
90 36 77
13 74 51
38 66 80
31 67 38
7 50 67
39 73 38
56 16 89
16 39 18
46 68 80
24 94 13
77 38 80
59 28 74
9 74 8
91 79 36
98 95 63
46 53 44
13 96 92
32 34 20
17 23 90
15 29 37
9 79 83
69 15 68
94 28 17
61 96 83
55 13 38
77 47 85
57 85 75
34 67 17
50 84 25
92 67 74
98 10 9
40 98 57
39 79 25
6 62 68
15 14 16
13 68 17
24 69 14
18 17 3
27 5 49
90 49 69
91 4 61
33 1 56
91 7 7
1 8 37
49 85 59
72 43 99
58 63 48
25 86 43
90 4 9
29 93 80
21 10 55
32 23 46
17 35 77
61 23 32
80 40 4
0 80 50
59 65 90
70 98 91
8 36 9
62 44 48
41 78 86
79 56 71
8 25 50
14 5 73
62 49 17
7 16 91
25 51 9
15 67 92
16 27 70
80 61 26
33 44 21
55 81 72
54 17 7
24 55 27
47 58 16
82 19 19
80 74 14
94 80 78
70 20 1
88 45 14
21 12 72
46 31 34
12 33 9
90 58 66
28 1 86
67 4 22
97 85 56
54 25 70
21 79 54
99 35 62
43 72 21
48 46 68
88 60 8
30 2 83
49 70 72
66 24 57
82 39 40
52 86 23
80 96 50
36 48 63
67 19 85
80 2 38
42 89 63
40 66 42
84 50 27
25 89 62
28 13 34
96 91 56
85 44 61
44 26 46
0 43 89
53 83 43
43 15 89
54 34 11
12 71 27
69 65 53
65 63 97
81 16 73
15 6 36
70 9 82
45 2 88
77 4 48
38 21 32
54 95 57
87 29 15
55 39 18
34 58 29
59 21 81
37 82 79
57 68 32
61 26 63
67 63 85
18 2 47
50 10 6
22 17 34
57 92 43
37 32 2
87 1 78
87 32 84
71 99 89
1 12 51
44 49 9
55 91 92
85 2 82
83 53 60
64 9 80
45 31 79
48 47 75
44 70 50
74 85 48
9 31 86
27 40 7
90 96 20
24 69 41
16 65 53
74 22 29
54 78 75
95 24 98
98 37 71
44 56 86
37 82 2
3 88 11
32 61 50
72 51 91
44 15 6
34 27 97
93 55 74
98 26 3
25 53 45
63 46 6
12 90 30
12 32 79
23 52 11
36 30 65
71 97 76
11 4 46
46 90 26
72 13 24
67 27 7
30 20 45
97 64 97
75 52 44
97 57 27
34 72 9
28 44 2
46 31 16
86 67 63
55 34 44
38 91 48
55 73 55
12 22 95
41 84 66
7 8 73
79 27 88
48 61 48
32 78 31
59 19 89
19 90 71
23 85 83
58 45 45
18 90 56
69 6 12
37 76 46
13 4 97
19 2 62
55 99 86
8 46 9
63 11 67
3 66 67
54 59 19
93 1 70
40 1 72
24 1 46
28 78 58
95 29 59
87 62 93
18 6 48
62 16 34
81 24 53
51 67 49
5 48 85
78 65 50
70 83 86
24 68 62
2 41 67
85 41 42
56 18 53
67 31 8
30 26 80
21 79 70
94 83 26
47 50 59
15 24 55
57 11 69
43 78 77
15 74 49
59 17 84
78 43 86
72 64 28
37 23 29
26 84 60
63 46 34
38 15 4
56 5 39
0 60 94
77 33 81
85 87 9
22 90 93
57 58 15
78 41 72
69 3 39
49 14 14
69 43 50
8 77 92
59 6 61
17 31 58
81 41 42
17 68 75
65 20 53
60 5 49
63 80 61
45 71 56
15 0 61
1 10 85
5 89 65
52 49 84
65 81 64
57 36 43
28 78 26
54 66 94
21 75 90
19 13 62
68 82 11
33 85 71
94 8 71
84 44 41
45 17 55
55 77 5
44 11 84
77 6 7
71 3 91
54 11 46
28 65 67
86 11 88
59 39 73
5 73 50
19 95 8
40 11 86
93 78 40
84 38 58
99 37 86
48 69 55
62 47 44
61 71 19
75 19 36
25 85 19
93 14 93
68 99 44
48 44 20
35 23 60
91 72 84
6 39 77
25 29 66
1 0 86
17 75 61
59 67 82
17 29 56
63 19 63
51 66 21
10 60 100
47 60 83
7 84 92
30 8 46
64 95 25
56 82 22
22 90 18
47 51 50
85 63 60
77 59 81
42 38 55
55 2 46
68 28 22
80 8 9
49 93 97
28 76 4
63 9 76
38 89 12
63 69 81
65 10 22
3 70 77
71 86 47
94 23 25
74 77 30
69 47 52
70 64 72
38 81 63
59 51 72
9 82 83
64 8 74
69 24 49
44 67 3
52 92 87
1 22 48
8 96 30
70 83 33
96 9 99
74 97 91
40 2 20
56 16 25
25 91 31
49 20 52
48 98 66
77 45 38
32 49 90
50 57 18
31 74 34
2 67 59
96 22 52
82 30 52
88 1 9
7 72 47
94 78 28
8 9 86
58 6 30
21 5 10
28 37 61
45 13 98
60 5 33
8 95 48
65 10 84
54 7 71
82 19 79
35 96 28
80 45 26
14 62 64
30 21 36
7 38 91
79 66 7
54 6 93
66 17 60
59 66 67
59 8 79
93 19 52
23 40 72
45 92 27
9 25 61
65 14 80
73 4 73
11 90 45
22 93 15
48 32 20
54 27 75
14 77 7
61 59 11
4 57 78
95 69 27
7 69 5
38 79 10
93 15 91
54 55 31
40 64 13
49 89 98
81 84 31
90 69 64
70 79 36
29 45 9
72 16 11
40 91 47
17 80 20
9 43 41
31 68 91
7 45 87
86 52 91
87 30 55
59 37 70
48 72 6
25 18 42
80 29 97
38 70 64
1 9 35
13 81 61
67 21 76
44 18 62
51 16 73
9 76 64
61 36 63
89 45 6
46 34 91
21 11 38
74 43 98
20 25 94
1 49 1
15 17 25
30 91 3
44 68 51
80 9 94
42 29 93
75 89 19
95 37 63
83 15 87
47 94 43
79 66 17
59 17 71
60 46 7
95 5 63
38 3 76
45 98 76
45 62 9
53 70 95
90 79 6
25 66 38
60 37 28
13 18 47
32 8 66
76 5 99
0 30 87
51 80 17
43 68 83
67 73 98
49 97 78
5 26 28
51 12 71
25 39 43
7 97 24
27 35 5
68 27 51
67 0 26
55 37 6
77 23 99
37 53 96
15 85 28
16 1 93
88 52 9
92 55 87
6 60 30
26 50 8
71 1 19
32 7 42
88 76 70
2 68 89
45 88 90
67 57 97
59 12 37
58 80 82
7 93 96
78 53 80
68 53 19
43 39 4
92 78 94
99 33 27
45 22 50
62 13 44
85 78 81
17 22 42
88 76 93
6 29 90
30 74 61
79 75 59
66 11 89
4 77 4
12 78 18
75 1 63
37 32 53
93 49 24
57 21 30
90 74 4
79 94 55
21 17 54
58 80 7
86 50 43
43 60 32
51 96 56
70 74 13
43 73 12
70 20 6
21 29 39
2 54 24
55 0 35
68 10 1
74 45 40
40 81 80
37 9 87
85 99 11
97 15 49
13 23 72
37 2 18
30 90 1
52 39 51
28 73 88
83 65 41
49 10 98
71 58 36
39 57 50
46 94 9
49 94 80
20 51 12
84 30 56
87 63 79
60 25 42
65 68 85
92 22 16
59 25 84
99 66 97
77 96 49
18 22 99
86 49 65
8 21 12
11 65 1
72 10 91
82 57 27
78 36 47
72 82 7
24 74 11
1 17 27
14 13 84
32 2 17
19 9 13
23 19 29
19 83 59
25 1 2
43 25 83
68 6 27
76 20 3
63 20 42
62 52 55
57 11 57
66 83 3
84 8 10
8 10 2
33 78 41
8 27 70
95 19 81
15 88 64
19 71 82
74 15 95
48 72 70
65 28 30
49 59 56
10 20 16
49 43 24
16 44 98
78 85 88
46 45 69
13 99 62
9 99 54
78 24 36
60 24 68
18 57 82
39 93 42
47 98 33
5 31 38
94 1 18
28 37 50
23 3 66
14 65 39
97 8 12
77 24 73
60 8 23
38 33 35
36 89 23
45 2 39
85 35 93
75 94 14
24 20 37
47 76 29
76 52 64
27 80 29
69 37 75
45 92 24
8 17 12
30 6 1
86 23 20
5 40 64
39 31 11
4 33 87
32 70 54
13 98 82
51 35 70
93 52 78
68 97 66
35 2 29
6 63 42
7 99 54
77 33 20
22 36 81
22 70 59
78 89 33
86 82 39
8 36 31
69 37 42
7 8 43
1 79 11
19 95 89
83 25 89
65 19 63
65 18 93
68 59 46
75 5 44
95 50 49
66 67 19
75 0 30
72 12 40
71 4 31
29 46 56
59 65 17
15 66 62
80 94 100
4 45 33
88 0 44
12 87 79
17 36 25
11 42 68
5 84 49
3 34 83
91 83 92
64 99 52
65 38 26
3 45 87
31 14 37
46 16 5
92 86 31
14 20 48
56 11 8
57 76 21
63 14 55
97 54 90
79 88 67
50 68 91
77 44 52
44 32 10
33 24 66
89 27 23
60 34 35
70 18 68
69 57 47
85 9 45
90 79 98
44 70 96
61 79 73
91 42 52
75 9 65
39 41 88
66 76 6
18 83 27
71 74 23
56 71 56
73 56 61
19 44 5
81 20 5
38 43 82
7 3 35
37 54 34
82 81 34
99 38 9
52 6 81
49 92 46
9 23 95
1 56 61
80 31 47
0 97 41
60 38 55
60 84 52
90 82 80
94 44 81
80 60 94
58 99 37
22 41 81
79 11 72
51 54 70
98 74 14
99 68 61
1 11 66
66 90 3
51 48 60
93 22 60
58 78 67
14 3 45
40 50 58
30 55 36
38 80 54
20 53 40
73 56 31
91 71 20
69 28 27
85 55 95
46 65 11
31 95 91
99 2 31
72 59 10
63 97 12
60 15 93
50 65 78
78 90 98
49 40 62
81 61 2
50 38 25
49 0 88
60 76 5
72 18 5
51 41 30
42 46 46
6 60 23
5 64 33
48 97 5
9 31 30
63 98 10
94 11 90
39 91 93
95 68 24
57 66 55
17 16 37
62 16 96
5 30 71
24 32 49
0 48 50
17 71 1
51 67 97
28 77 94
71 85 43
82 66 60
89 17 92
0 25 45
8 57 58
78 66 3
96 27 13
76 4 33
93 40 81
33 22 76
70 92 32
70 35 44
98 23 43
38 93 50
47 38 62
18 92 91
51 75 24
1 87 90
87 80 42
11 45 83
32 47 25
18 94 80
16 17 87
6 0 67
72 88 25
11 19 27
38 18 39
38 24 57
41 31 59
17 40 99
70 46 65
85 50 90
61 93 32
24 30 85
92 89 5
15 58 61
31 19 62
57 6 76
97 66 97
78 16 72
41 99 40
50 64 82
21 2 41
70 39 72
46 88 51
70 69 97
3 35 89
35 68 78
9 50 98
43 62 10
86 54 55
96 72 75
87 10 25
41 27 57
59 98 7
99 20 24
98 2 42
60 26 55
13 41 34
63 47 15
87 72 100
33 41 53
34 20 43
77 91 75
10 90 6
49 91 49
89 3 89
37 26 43
46 38 41
24 51 28
5 67 34
73 23 43
75 83 100
74 67 87
56 77 73
28 36 66
72 0 72
21 83 14
45 25 72
1 78 20
39 24 15
43 98 11
4 3 49
77 72 93
96 64 33
58 78 15
12 62 95
51 86 16
35 50 34
54 57 20
11 47 25
24 10 90
1 95 24
98 36 56
65 89 5
76 94 82
96 72 66
99 39 18
47 83 20
33 68 69
40 81 63
46 7 35
17 22 91
10 7 94
18 51 7
29 32 83
63 5 67
95 7 65
93 77 3
90 29 41
69 39 6
95 99 82
61 54 36
69 54 2
22 45 60
31 72 86
59 37 47
88 40 10
34 42 33
68 26 73
31 37 61
76 3 50
51 68 40
24 84 95
24 8 25
46 99 23
9 8 50
38 32 21
29 24 94
88 34 10
56 21 2
79 0 11
86 78 3
15 96 25
40 98 1
88 66 77
34 44 71
78 94 53
88 58 27
15 46 43
37 61 48
13 17 83
27 62 63
91 39 99
87 11 4
80 62 58
35 47 72
41 76 5
67 17 61
63 59 95
12 5 33
52 27 77
77 67 17
87 16 9
79 40 80
56 85 58
87 47 13
63 32 6
13 62 96
83 96 50
11 57 93
89 7 18
86 94 88
44 3 47
75 80 58
19 17 31
70 80 87
21 45 53
63 37 8
62 78 11
45 97 37
77 80 45
75 89 90
46 61 7
64 18 5
92 34 38
25 91 91
97 67 49
69 97 54
7 8 43
32 11 88
3 56 65
49 56 44
84 95 43
99 30 80
67 77 56
69 76 31
99 77 82
27 52 77
12 9 22
30 58 31
58 49 68
56 76 84
17 67 87
93 40 84
95 84 75
20 66 20
50 53 93
23 99 82
44 75 72
33 54 84
1 3 76
35 1 5
48 30 19
72 86 91
58 27 38
7 2 69
49 83 53
95 63 33
36 1 66
62 39 8
98 69 40
16 89 19
28 19 73
46 15 18
64 20 15
20 24 61
95 6 45
2 95 70
21 76 72
3 78 25
57 96 63
66 5 76
93 18 71
70 88 64
21 54 27
7 13 67
49 47 51
68 50 24
45 90 46
20 12 57
37 62 64
88 76 81
74 30 43
2 93 22
41 54 12
35 34 45
31 61 39
37 11 25
24 43 12
13 7 79
68 7 60
47 90 99
98 30 88
96 5 28
71 0 34
13 70 38
96 78 9
20 17 49
69 22 42
58 56 14
63 43 35
0 59 28
94 43 67
51 59 31
42 0 91
75 42 90
84 14 43
10 16 97
57 97 5
24 98 36
86 31 66
64 35 73
51 84 40
52 62 46
86 18 94
30 75 86
7 83 85
41 10 57
91 45 71
20 44 33
95 2 1
51 97 16
46 66 5
95 84 91
21 67 90
70 89 93
26 16 1
85 40 4
24 67 58
75 28 46
10 29 89
52 5 49
80 85 96
82 21 36
67 44 1
93 3 83
34 51 32
38 37 62
96 78 87
64 50 7
39 89 95
92 40 22
19 12 98
79 3 5
11 78 4
61 93 19
1 88 3
74 82 56
66 85 13
97 90 27
13 5 9
14 59 29
31 20 77
1 47 28
10 57 51
48 11 37
53 56 67
10 47 19
7 89 92
98 89 17
64 49 1
37 81 2
17 89 28
6 14 17
60 59 95
88 22 79
69 30 14
6 58 64
42 7 47
74 85 70
63 0 42
14 97 87
92 79 97
87 94 43
63 1 89
37 53 26
6 51 84
7 12 53
10 28 27
68 91 88
23 41 26
84 49 58
49 36 81
38 73 15
73 5 33
63 69 24
55 24 44
56 58 11
74 30 26
27 80 78
29 72 22
37 3 85
80 13 17
42 25 33
0 7 24
82 89 88
12 56 40
82 40 74
66 29 80
88 16 19
60 7 59
73 83 64
93 92 14
59 18 47
95 11 97
45 97 67
26 45 51
51 81 83
14 29 56
30 67 99
78 45 98
26 80 54
5 69 73
73 57 35
75 26 51
69 77 18
91 28 40
9 62 87
22 29 74
88 41 35
99 80 64
78 36 6
88 2 96
81 28 79
64 99 28
14 35 45
64 74 41
53 23 28
80 71 2
85 80 97
48 8 10
6 44 56
17 80 23
14 90 27
28 87 6
30 42 29
5 98 13
15 77 1
48 14 97
92 6 21
64 14 65
66 95 37
4 43 40
72 23 86
41 23 33
97 9 51
84 70 45
41 29 64
86 66 50
95 14 61
22 5 50
72 36 67
52 22 1
31 87 6
49 73 60
34 8 48
15 99 77
53 80 48
24 23 27
30 69 47
51 47 10
17 38 43
62 69 81
44 83 18
85 78 41
52 10 11
54 37 69
82 4 90
85 3 65
9 46 14
17 71 78
89 73 88
32 39 9
63 71 80
34 79 49
12 70 57
70 15 44
87 80 67
62 2 4
45 98 5
66 99 39
10 66 98
57 63 20
44 88 25
66 77 32
80 81 67
2 58 58
93 97 43
55 0 77
0 51 5
17 69 6
23 98 15
21 61 35
17 22 53
84 99 8
43 13 42
68 93 5
45 36 45
35 45 13
24 76 79
19 6 26
2 28 42
14 0 67
96 70 63
22 92 38
45 96 62
73 33 49
76 39 21
80 67 79
44 60 30
47 33 42
2 79 42
82 43 19
24 73 91
45 16 72
19 59 67
92 32 71
64 98 41
37 86 89
52 57 44
58 76 38
49 44 41
99 73 54
10 78 39
98 43 26
30 84 83
82 10 84
54 41 87
97 49 85
0 56 87
52 75 56
80 70 46
32 71 24
10 64 3
69 34 48
60 97 35
73 18 77
97 8 1
12 39 67
81 70 33
61 52 52
35 6 95
63 73 54
25 58 85
57 45 75
0 30 79
47 69 32
63 74 64
43 46 30
33 23 89
75 88 98
45 12 62
65 64 94
24 81 38
22 13 57
9 95 69
46 67 73
84 57 91
39 65 29
37 10 46
85 53 93
67 57 53
26 97 15
48 19 36
10 87 87
14 84 99
17 44 86
64 69 96
60 67 37
89 92 5
12 56 39
13 81 7
9 78 33
31 84 1
31 44 79
7 54 41
49 62 78
93 14 77
10 31 63
13 2 71
51 44 4
45 75 99
36 28 24
89 84 39
52 30 50
80 22 80
5 55 18
84 57 98
84 82 79
39 27 36
97 90 42
74 70 9
84 87 61
70 40 19
53 97 23
45 33 66
59 55 31
2 83 97
75 94 95
43 25 90
10 65 88
73 71 30
42 89 97
80 73 81
22 29 37
34 12 58
23 4 94
22 54 10
51 19 29
22 53 15
96 83 17
77 14 73
67 2 4
83 0 6
63 31 81
60 40 55
91 78 37
96 49 6
61 88 38
64 28 38
83 17 100
46 24 97
49 18 16
88 4 29
49 2 100
6 54 82
82 45 19
9 74 38
62 76 19
43 20 88
3 97 24
65 73 75
88 7 92
84 2 45
10 26 77
16 71 75
85 16 62
23 71 42
42 60 25
11 53 75
26 12 35
5 89 55
3 59 63
17 22 70
81 34 69
58 92 86
28 26 29
55 34 13
16 25 33
4 84 14
19 85 74
67 99 63
25 27 77
97 15 22
9 41 35
5 59 18
64 19 88
82 55 17
69 68 91
55 4 11
21 83 49
68 17 69
43 86 33
28 9 61
83 78 12
5 11 80
82 33 88
45 26 84
94 51 78
35 45 72
23 45 96
0 7 63
0 36 68
81 17 92
93 67 31
25 38 81
52 61 63
75 54 52
14 92 23
30 99 41
76 55 56
53 74 2
80 25 29
18 89 15
33 74 22
52 19 44
9 50 48
70 98 96
36 5 73
77 82 76
10 37 53
32 29 100
7 86 65
19 35 10
75 33 35
58 29 34
92 13 21
24 34 37
75 29 84
12 14 72
54 90 75
20 78 100
26 74 18
42 43 86
54 15 92
43 66 71
12 84 92
1 91 23
20 59 74
20 29 55
30 59 18
73 47 73
83 52 88
8 14 97
64 40 13
67 99 42
3 78 8
12 37 7
15 10 54
94 86 20
17 38 2
8 41 81
76 98 73
64 37 2
54 76 59
36 90 6
57 73 54
8 11 38
56 57 96
78 32 78
34 45 93
40 36 94
61 65 77
54 2 32
68 39 82
2 96 90
30 75 35
60 72 98
28 0 19
72 99 35
41 84 20
91 63 28
83 62 32
40 35 31
49 67 90
14 60 12
30 28 82
8 34 86
79 18 95
75 24 40
14 58 88
23 66 93
50 14 60
40 84 86
37 27 18
90 43 19
67 46 45
29 14 96
71 48 79
11 25 12
68 22 85
24 51 53
80 14 47
59 40 47
36 14 71
69 3 75
31 16 74
32 85 33
13 18 24
22 55 92
93 91 85
37 42 75
49 48 48
79 21 54
69 32 35
30 54 96
57 89 45
39 31 9
63 72 59
36 74 99
12 39 3
14 86 29
55 99 41
37 0 29
45 23 99
43 75 56
44 75 94
30 98 48
13 91 25
86 17 57
35 88 90
54 76 28
16 91 97
84 69 16
43 20 54
23 96 31
54 61 35
75 14 85
10 29 63
77 42 99
19 16 11
89 72 94
30 19 10
66 56 52
16 29 77
61 81 57
74 49 73
25 74 65
56 97 4
92 91 98
71 80 31
43 92 88
87 67 7
10 78 46
63 38 65
24 75 42
97 34 49
48 89 79
14 73 57
8 46 17
44 67 82
75 80 78
36 20 43
81 54 16
85 77 27
4 94 24
99 85 66
21 15 49
81 34 45
40 64 97
50 41 61
12 62 22
28 26 92
0 79 79
15 44 93
40 25 23
93 87 27
60 90 2
46 76 40
58 65 48
86 3 77
8 92 97
79 20 35
70 40 78
0 71 58
79 85 80
2 63 24
7 19 5
86 81 23
4 76 77
2 7 42
0 95 97
80 54 25
13 10 66
39 21 42
91 12 78
74 98 36
43 70 17
85 15 60
