67 68 86
44 89 59
13 11 36
15 68 65
82 41 8
99 63 6
83 2 94
47 6 23
81 53 69
30 91 96
85 2 48
96 86 20
83 74 51
41 64 93
6 83 25
85 17 29
80 41 37
81 90 65
22 14 47
43 24 79
81 68 21
14 31 79
51 32 65
81 85 70
62 56 78
45 89 61
10 92 8
70 58 61
31 74 27
86 5 8
15 78 22
22 88 89
66 47 21
79 66 92
71 43 69
28 13 47
53 19 64
7 59 49
71 99 17
13 82 72
79 72 34
84 10 24
82 86 70
10 73 68
7 48 8
52 63 60
98 5 33
19 79 43
58 61 78
70 73 94
75 0 21
63 30 47
9 26 82
46 48 68
2 45 54
40 66 43
90 38 17
52 62 3
30 36 78
8 85 90
90 6 93
18 44 20
26 90 77
31 65 24
70 20 3
69 38 48
95 31 28
49 26 18
12 10 62
53 63 64
63 51 97
36 34 4
46 13 73
50 33 63
51 85 53
86 35 36
41 65 51
67 84 28
26 5 66
1 7 58
14 22 80
41 13 76
16 29 87
84 30 87
66 59 15
17 29 49
11 35 95
82 36 49
93 20 67
91 52 34
36 97 88
74 77 32
3 91 4
60 58 82
78 68 74
66 87 51
6 87 44
56 41 87
96 0 48
33 68 42
83 80 94
0 70 60
61 77 78
72 10 87
56 79 7
66 9 16
41 0 48
82 20 72
3 6 28
46 82 43
93 25 65
86 66 15
40 2 84
23 7 94
9 79 45
21 46 95
37 64 81
19 40 45
67 36 93
31 6 51
5 28 96
35 5 37
0 90 95
80 81 43
37 60 49
52 45 90
61 99 67
84 4 79
28 83 53
77 55 18
98 82 55
66 3 44
97 13 8
56 96 70
83 78 42
63 70 16
85 86 73
90 16 43
52 28 69
71 44 58
65 54 68
77 79 3
35 15 34
12 7 32
58 98 48
53 83 24
44 76 20
1 72 61
78 55 97
48 89 39
57 77 1
52 1 15
57 70 22
24 43 23
32 2 37
26 62 28
62 70 91
81 99 20
89 6 71
99 35 98
35 75 13
47 18 15
71 8 8
74 35 32
19 34 4
3 71 18
16 19 85
21 95 9
82 44 53
8 13 46
67 43 62
88 77 40
13 24 24
93 52 67
99 49 91
78 85 24
54 98 3
83 33 39
15 72 43
47 52 20
83 53 52
7 65 22
96 1 74
29 72 93
25 46 25
75 9 56
72 23 50
99 32 1
72 81 38
13 55 18
93 68 71
40 6 57
36 32 99
49 33 55
53 75 53
45 39 92
15 32 6
87 81 82
54 25 11
25 3 31
34 0 37
73 35 18
61 39 30
79 55 73
82 94 53
32 87 66
10 59 35
14 39 39
68 81 42
26 7 43
87 52 2
37 48 9
69 72 14
48 80 5
81 93 36
50 23 73
92 13 26
58 99 13
64 50 1
85 89 25
50 62 16
11 34 70
18 5 59
99 76 52
33 22 29
9 70 73
59 37 14
54 45 46
67 27 30
95 19 2
26 12 31
25 99 21
30 77 3
34 51 40
60 93 49
66 6 81
77 37 17
21 93 17
26 57 80
19 44 72
18 1 37
76 89 63
35 11 99
53 5 8
26 86 19
34 87 61
29 71 60
71 89 37
93 8 28
55 95 67
2 95 38
37 78 41
4 58 14
87 15 8
21 23 41
53 14 63
97 88 57
35 9 71
52 90 10
24 79 31
47 26 42
12 42 7
37 89 27
65 95 74
15 2 12
19 1 93
68 7 86
7 12 29
35 54 39
28 49 9
19 11 45
96 79 57
27 0 5
10 92 4
5 83 17
91 73 87
67 59 100
75 61 53
79 1 13
7 6 14
93 51 39
38 26 74
93 60 35
22 63 94
93 72 62
71 84 42
41 25 62
13 17 99
16 83 20
8 0 5
34 44 42
89 52 71
12 79 32
73 22 41
63 11 12
27 1 61
57 89 8
36 5 65
24 54 74
25 27 11
73 7 53
95 29 80
69 88 68
79 77 39
15 82 24
20 10 75
59 14 26
69 9 35
63 94 22
28 2 19
36 18 45
91 41 94
41 24 83
48 6 78
82 91 77
50 7 24
83 16 77
45 43 25
65 92 89
89 12 82
6 88 45
22 95 88
41 11 7
88 54 10
74 48 8
36 31 2
3 33 31
12 59 34
34 39 39
17 72 24
44 76 78
74 82 43
94 16 53
91 34 57
21 76 11
94 80 26
7 57 21
81 14 84
43 47 37
72 68 16
30 57 28
60 31 54
82 52 17
43 5 4
14 27 61
76 31 43
57 51 61
97 9 33
19 69 24
41 28 40
92 24 3
75 91 53
99 13 87
74 42 90
73 42 7
54 71 13
19 21 82
2 90 91
34 19 61
69 54 48
53 32 62
69 13 86
64 32 47
96 76 15
68 43 36
92 35 28
34 11 50
38 21 100
52 82 72
87 62 59
90 0 76
32 47 60
76 4 67
34 9 88
44 63 75
52 47 91
7 16 9
0 98 41
89 0 15
78 21 31
56 48 28
75 19 49
15 29 75
2 4 84
46 83 46
93 54 5
59 82 16
67 43 40
97 42 99
38 56 36
57 95 73
43 83 52
35 48 3
74 77 86
37 35 87
48 33 5
54 8 37
39 42 9
91 61 2
9 20 98
58 36 55
44 52 41
65 89 86
87 55 89
42 63 3
17 60 18
36 39 89
42 8 8
36 99 52
8 68 12
27 79 26
35 9 57
13 5 42
55 81 75
95 90 46
51 25 50
16 55 52
76 89 61
53 6 86
11 87 2
32 26 8
46 88 78
97 90 60
84 99 85
33 85 22
51 49 18
71 0 8
2 10 83
80 1 22
4 10 54
92 51 59
48 0 39
71 77 4
60 61 5
39 90 64
87 54 21
4 65 9
22 56 2
44 0 56
97 22 55
10 80 19
32 89 48
86 42 39
8 54 77
29 69 66
41 31 58
37 86 1
84 32 90
47 25 39
59 92 9
98 36 74
2 92 8
28 62 79
30 66 75
19 48 70
91 5 46
79 30 12
87 26 21
79 99 1
77 87 25
12 62 24
32 40 89
59 11 7
69 82 16
82 34 18
42 34 64
24 59 82
67 39 17
21 23 3
24 20 48
51 89 4
7 24 21
34 13 63
98 96 42
7 28 31
41 93 80
91 75 33
47 64 21
82 21 88
56 51 95
82 64 12
83 80 13
32 56 48
31 85 95
54 84 90
30 31 60
39 11 39
9 22 96
48 12 53
98 78 80
7 20 27
55 27 31
44 0 18
7 88 80
58 49 57
72 69 76
20 95 99
38 73 97
54 26 23
61 12 35
23 68 60
83 53 55
74 42 37
27 82 86
35 72 47
49 13 93
73 30 6
74 62 21
93 31 77
21 20 35
87 26 77
9 93 35
38 61 87
5 69 51
91 54 52
16 99 43
44 18 74
35 64 37
20 98 18
37 2 2
20 19 17
67 53 3
90 57 11
60 76 51
94 23 93
69 20 91
87 99 69
61 52 81
96 68 45
91 55 28
0 6 64
91 0 62
93 79 78
38 59 26
43 30 63
12 49 7
7 72 38
24 48 57
7 34 52
81 58 7
70 27 49
41 26 14
16 21 100
30 46 83
25 19 39
68 50 58
73 75 60
59 89 58
8 29 100
81 69 81
4 45 88
82 62 30
76 50 94
3 79 54
74 48 13
16 90 42
52 54 89
35 36 27
55 97 94
50 28 76
29 52 49
5 73 71
36 78 23
25 69 76
93 42 21
64 95 1
68 81 23
79 71 100
40 98 27
9 70 22
73 90 25
89 68 50
8 52 45
41 48 32
53 60 99
39 44 7
55 48 39
83 23 29
53 61 94
95 88 46
87 16 95
85 77 78
86 71 1
33 30 18
25 47 62
8 40 11
87 15 8
20 81 17
63 81 32
75 99 69
47 33 89
93 27 30
66 25 76
97 81 24
12 54 11
54 13 42
33 89 38
74 52 8
57 19 55
56 57 21
45 53 69
33 83 22
48 97 41
23 92 20
92 5 5
15 79 18
19 99 52
40 96 91
61 58 45
65 19 38
17 14 32
40 31 95
25 32 37
10 16 71
64 75 7
14 20 12
43 1 49
44 83 99
55 88 36
84 37 52
96 0 98
2 66 70
58 32 38
63 85 27
33 35 85
0 95 18
89 19 50
44 22 32
15 87 22
75 65 4
86 52 42
88 64 44
37 84 78
58 94 43
21 81 29
48 42 34
90 74 88
75 2 37
11 1 27
26 61 24
6 74 90
75 42 91
10 82 86
61 60 92
16 18 71
31 60 45
56 20 59
4 11 23
41 3 86
48 4 24
16 19 16
55 95 88
39 76 85
70 85 33
22 81 35
82 27 36
2 70 12
85 21 24
11 97 40
62 52 23
4 15 18
84 79 85
8 69 1
78 41 38
18 5 17
24 30 7
45 50 75
12 11 91
10 16 30
28 80 27
50 93 13
25 76 47
95 87 52
90 38 32
5 9 44
96 2 63
59 7 47
27 71 77
91 84 77
26 25 83
75 1 58
67 26 98
48 2 7
6 35 24
51 85 63
45 64 9
20 21 89
44 95 58
43 80 45
69 97 6
36 92 11
71 29 30
21 91 6
70 63 63
24 11 49
26 67 56
81 67 45
50 22 11
65 25 91
45 68 79
39 18 38
27 1 19
98 58 3
15 95 68
31 5 18
2 18 27
54 59 28
70 72 17
45 36 76
50 5 88
49 0 44
95 47 99
46 90 67
6 19 16
85 65 71
27 75 85
15 21 6
14 32 22
61 54 29
88 18 43
25 6 41
4 31 37
44 89 93
88 73 89
29 0 75
44 87 22
84 38 65
85 81 71
76 64 36
85 67 23
87 33 90
62 73 82
97 96 33
47 29 70
59 69 59
30 67 61
91 81 95
0 64 76
6 76 94
95 50 58
94 24 74
23 54 40
51 48 13
0 34 55
95 76 13
32 65 45
56 85 12
56 23 37
55 83 41
41 90 15
48 94 89
81 16 53
70 0 45
92 40 44
84 86 70
96 21 19
31 20 23
48 19 21
76 65 49
68 42 95
34 19 89
30 19 39
7 19 55
99 21 3
12 58 68
76 56 56
45 30 27
15 97 74
77 82 13
3 99 95
50 94 67
21 57 51
4 97 3
75 15 65
8 5 76
12 33 20
61 29 36
92 55 19
24 80 3
47 63 5
11 93 5
17 18 97
38 47 9
57 67 52
5 68 89
69 58 93
63 60 2
47 64 9
3 9 1
43 42 42
13 4 42
36 47 46
90 33 40
43 55 92
39 8 41
81 82 8
76 15 35
3 38 80
27 42 86
71 74 49
5 3 4
60 73 64
13 8 99
2 73 29
12 86 51
90 84 37
32 29 96
61 96 61
54 30 33
55 39 14
36 47 29
44 8 84
11 96 37
35 18 69
71 26 73
43 53 98
10 97 54
73 12 2
14 78 5
80 12 59
74 18 4
18 17 35
61 29 75
56 50 71
55 75 75
71 91 51
38 64 17
96 63 8
30 63 84
39 68 11
18 59 78
63 95 20
14 0 6
59 31 50
53 45 96
76 81 54
72 86 26
28 20 34
86 1 52
36 57 74
10 46 8
19 90 24
28 7 7
69 60 40
41 3 75
79 52 26
88 23 41
79 68 38
57 92 11
17 64 77
59 29 16
21 14 65
94 75 99
78 81 84
63 79 10
38 13 22
37 35 89
22 79 35
62 63 44
66 88 87
96 46 93
22 85 9
55 36 5
54 68 29
51 85 2
91 67 81
14 71 11
31 92 66
64 55 24
6 15 10
56 41 13
58 94 67
34 17 24
71 86 58
4 56 17
27 91 6
74 44 66
9 88 20
88 8 37
97 90 70
23 30 34
80 76 42
87 11 74
38 54 49
65 99 73
4 81 82
56 99 32
44 90 80
97 13 10
7 87 66
21 25 90
82 59 94
15 75 22
82 30 14
46 78 69
5 70 59
89 86 33
72 58 97
17 52 48
15 71 20
88 86 11
26 43 80
2 80 47
39 62 71
97 68 58
68 12 68
20 2 81
24 20 58
3 89 83
85 68 12
53 98 69
24 26 41
55 19 100
67 37 31
75 65 91
45 83 100
69 92 20
94 85 59
31 48 58
38 60 55
38 15 76
71 38 90
9 22 49
72 26 65
60 3 61
1 30 51
75 17 72
88 19 21
47 60 35
3 44 69
81 91 41
85 21 64
28 58 24
77 23 33
90 26 55
63 61 32
4 45 98
97 5 81
88 37 8
22 60 71
78 87 80
47 10 25
72 12 49
14 36 10
86 97 16
10 43 98
42 35 80
80 62 52
95 80 35
93 82 73
97 63 82
22 23 100
57 15 65
25 34 44
0 94 12
33 42 27
17 2 51
45 17 75
1 60 64
99 73 25
21 82 39
24 33 91
85 35 84
0 16 15
7 85 8
56 52 39
14 44 43
49 71 93
77 94 75
15 35 26
57 50 72
8 38 97
84 14 23
47 22 23
96 4 12
65 45 63
23 90 96
84 74 48
80 33 17
70 78 17
35 24 90
26 96 92
2 11 69
50 68 36
21 9 38
81 78 7
81 17 4
83 10 9
71 84 37
60 40 22
49 32 62
17 59 2
96 89 30
94 17 53
31 70 5
48 98 92
55 41 54
33 92 4
18 22 11
39 80 74
55 2 42
39 79 50
35 27 100
92 8 66
13 97 90
15 37 24
18 79 43
11 94 92
97 64 6
78 52 18
32 95 45
21 97 94
11 37 72
89 41 95
21 90 45
41 16 51
7 53 62
1 4 2
87 90 78
7 5 90
68 89 33
74 8 47
88 69 41
97 15 88
23 43 91
52 70 44
39 70 55
35 4 3
99 85 55
87 14 93
7 84 44
69 62 8
30 90 45
65 39 99
13 28 35
48 82 81
78 74 18
49 78 19
63 26 85
32 97 46
26 17 27
19 24 14
30 99 97
5 71 90
67 64 3
36 64 61
81 94 63
64 16 62
71 13 95
85 79 95
69 43 45
25 78 66
43 33 17
20 81 14
0 19 43
75 6 60
46 19 32
70 26 8
94 81 34
40 66 47
87 3 82
20 80 30
56 19 27
57 99 76
85 93 81
21 80 76
32 37 90
70 57 60
11 44 77
49 20 25
14 86 50
71 23 50
78 64 47
9 18 33
16 29 69
82 90 92
62 28 46
62 15 85
78 30 89
87 49 51
72 97 80
76 92 87
49 63 51
59 55 15
42 20 84
61 26 87
82 2 68
74 73 4
94 26 51
87 98 9
23 18 38
81 91 90
5 67 57
59 68 9
64 83 48
51 60 40
64 5 5
50 40 45
84 66 89
99 5 90
65 79 45
59 55 95
60 21 100
48 88 9
68 2 51
19 52 52
67 52 50
52 99 82
16 22 34
95 88 97
45 80 37
29 59 59
76 73 8
67 59 13
81 70 95
90 11 83
78 47 2
7 53 92
88 41 69
30 71 90
56 62 91
39 67 66
28 18 83
67 48 17
86 65 45
22 59 73
19 96 58
93 34 38
54 68 47
73 10 11
76 68 52
55 57 29
52 14 82
47 68 74
60 87 24
3 21 89
98 42 72
8 93 58
56 6 23
44 37 77
20 60 93
2 56 87
68 58 83
82 86 24
51 58 68
67 2 55
76 18 59
18 46 93
23 97 71
69 58 33
26 87 85
4 81 49
32 89 22
7 2 21
5 94 78
3 93 99
86 4 51
43 91 90
67 27 19
52 86 47
65 92 94
47 52 67
12 66 16
81 87 74
38 49 58
26 12 84
69 92 59
48 34 99
61 95 43
41 35 86
40 69 13
8 50 77
26 44 83
51 82 56
69 6 79
83 11 83
62 69 39
89 88 98
68 30 90
13 8 1
54 0 50
86 80 54
40 78 76
61 57 56
7 30 81
20 73 18
1 10 87
30 96 22
66 79 26
4 78 44
89 35 52
22 26 40
67 7 93
33 67 30
80 7 97
19 75 61
5 27 33
31 77 91
68 64 73
42 43 28
48 44 85
93 22 70
65 29 81
70 73 89
42 8 96
94 25 67
11 62 53
13 53 97
65 4 95
45 88 7
91 99 84
26 14 61
6 31 69
62 88 22
9 1 28
51 45 62
84 42 85
30 22 20
70 61 78
57 37 19
40 8 59
9 88 75
10 2 45
27 53 38
9 52 33
86 20 97
40 11 40
32 60 17
57 89 94
47 13 82
82 97 46
78 6 33
38 59 85
85 60 26
74 3 74
49 3 14
55 89 16
8 89 49
70 15 36
56 52 63
42 59 65
8 55 11
44 37 86
83 1 96
66 97 82
75 50 98
4 64 70
50 1 52
69 40 94
45 67 74
49 11 1
8 1 35
27 93 40
94 39 46
9 94 84
72 9 77
0 75 25
49 44 82
5 91 41
54 13 76
42 58 13
28 80 10
81 37 26
55 70 49
22 11 44
11 84 94
42 75 35
77 1 5
94 28 74
19 37 2
74 5 58
17 55 94
10 52 49
30 24 1
43 23 98
68 17 87
63 38 35
68 57 79
99 58 84
55 44 48
4 33 94
74 28 74
7 67 100
64 46 56
37 10 66
47 80 81
99 63 48
34 71 72
1 82 43
51 36 99
54 93 17
77 71 49
67 13 57
29 2 55
83 41 3
51 77 58
54 1 93
85 58 29
47 37 70
34 54 44
47 37 29
23 45 6
26 57 76
51 61 40
28 49 68
95 33 94
66 60 77
46 42 7
59 30 31
89 82 55
67 57 11
24 57 61
57 63 36
41 11 99
46 70 58
34 45 20
33 58 17
32 46 2
48 20 80
23 99 40
84 89 26
47 80 60
30 52 15
32 78 27
10 41 1
45 33 81
11 31 71
21 76 27
19 86 54
72 52 55
50 31 19
8 39 52
69 14 3
4 12 31
87 22 31
78 14 65
23 0 33
56 72 34
70 60 57
6 66 43
40 89 49
62 57 91
43 26 58
26 97 4
72 37 19
34 71 21
36 11 81
94 75 58
39 60 25
68 72 42
24 53 50
87 52 40
97 28 4
67 33 18
68 81 55
92 2 99
83 79 96
75 31 38
17 8 17
25 88 47
69 86 10
55 9 53
39 50 70
57 20 1
31 32 28
3 38 93
41 2 80
99 50 28
50 37 47
3 73 29
66 25 34
77 50 35
35 96 1
32 54 99
50 59 10
87 40 1
83 89 19
98 96 49
74 27 43
51 43 72
72 16 90
76 59 80
94 32 32
31 48 13
98 2 58
50 35 94
80 34 98
4 53 66
78 82 37
58 63 15
28 83 22
86 68 1
24 25 63
73 5 55
30 18 6
61 38 75
22 75 20
63 88 93
10 25 67
96 24 53
82 41 25
79 32 55
99 52 23
42 30 82
47 25 59
22 81 70
81 6 71
49 29 8
63 23 34
79 85 90
99 96 61
52 51 47
64 73 78
5 64 2
42 96 78
53 1 13
63 39 10
29 28 46
43 23 14
28 74 6
75 28 84
64 59 4
84 54 82
39 77 75
84 18 10
97 54 2
95 87 33
97 72 13
29 22 7
69 76 42
88 30 9
38 21 40
19 68 92
4 99 98
84 34 87
21 71 53
26 66 30
43 56 90
8 10 70
10 86 10
18 31 24
32 94 48
88 84 49
37 16 57
71 35 10
3 77 75
40 58 72
64 63 56
43 29 60
24 17 19
14 35 13
1 79 32
33 74 42
9 33 97
91 56 53
4 1 20
39 61 5
58 55 87
12 20 29
40 39 22
28 1 71
82 10 88
76 18 16
28 67 97
16 80 37
39 10 74
59 35 95
75 55 86
73 85 69
95 76 71
74 97 79
45 39 61
23 29 59
29 94 62
7 11 36
73 15 11
38 77 33
87 83 35
46 6 5
28 46 88
8 10 74
48 27 94
76 40 4
30 37 18
8 80 1
83 60 53
55 14 30
63 35 46
16 91 34
76 36 65
38 53 97
66 36 62
50 67 18
26 9 75
37 76 91
75 72 96
95 19 34
96 73 30
51 86 29
23 83 6
73 3 40
34 92 50
26 49 65
58 53 59
16 3 43
72 55 45
79 93 93
36 97 81
17 66 24
44 66 40
99 37 96
42 61 78
46 49 53
17 6 98
82 67 71
2 95 41
78 22 26
59 62 81
34 44 85
89 71 85
86 93 43
90 89 21
56 3 21
17 70 56
7 65 46
79 57 34
24 8 49
45 70 15
85 17 54
98 70 11
83 6 10
78 23 43
12 94 73
40 65 62
79 89 6
69 78 49
76 1 51
92 73 39
17 42 46
84 89 22
61 42 43
69 29 24
59 40 36
43 93 69
94 24 84
67 97 75
1 64 20
27 76 50
64 5 45
42 10 62
34 2 80
1 30 36
16 6 81
88 83 93
54 74 66
88 18 56
42 91 91
7 74 26
50 42 31
85 69 49
57 25 6
75 25 35
1 18 62
89 25 20
0 76 78
55 67 5
49 67 46
9 61 4
54 93 6
71 27 28
58 18 33
42 41 59
38 74 85
79 20 31
59 88 10
60 36 80
49 52 81
22 46 49
18 26 27
97 53 38
38 54 62
37 1 19
23 75 48
40 32 43
65 63 81
95 56 33
56 66 63
16 82 34
88 55 13
37 9 52
81 99 81
15 8 57
51 55 27
40 96 30
71 74 57
86 72 90
86 83 66
4 94 9
43 98 97
58 37 29
73 97 90
5 29 86
17 69 55
82 50 28
88 8 39
8 38 46
26 96 83
57 56 33
69 40 20
51 34 31
51 11 98
49 77 92
64 65 58
46 10 53
36 95 45
30 17 73
62 6 15
39 86 64
91 87 44
4 79 25
13 99 57
57 89 59
38 58 19
18 4 49
95 27 97
5 4 19
76 62 64
83 33 8
27 73 4
97 93 49
31 59 91
68 70 57
66 3 89
77 98 94
66 51 71
81 40 36
87 9 27
74 39 52
94 38 25
90 63 31
25 8 43
2 61 46
18 30 35
90 8 91
33 62 40
70 1 71
95 62 35
13 19 10
61 94 3
18 91 94
53 77 37
72 84 42
59 76 29
83 74 97
96 39 12
90 27 36
58 37 14
90 55 68
38 7 73
82 65 84
60 4 21
88 58 70
7 14 29
65 56 27
23 8 33
70 69 89
37 58 52
55 75 49
78 56 41
12 48 68
80 54 52
53 70 61
27 66 100
5 18 27
41 44 19
68 47 84
38 58 41
72 5 56
17 21 49
38 93 53
11 83 69
26 36 41
96 68 84
94 4 34
70 24 55
11 45 25
21 6 84
13 4 32
5 84 80
53 38 40
83 75 17
57 29 49
25 7 33
49 91 14
51 37 21
93 15 20
45 13 58
14 50 97
26 77 99
50 16 20
5 49 17
68 95 42
66 95 88
32 99 86
42 64 73
58 79 54
37 56 62
14 41 80
0 16 30
28 50 6
55 39 90
59 21 38
40 68 66
63 37 19
13 29 55
90 95 42
50 30 71
58 39 83
87 17 71
88 31 29
23 50 88
41 55 30
33 54 90
35 18 84
84 80 58
95 79 7
65 12 87
96 13 28
73 99 64
69 71 2
82 53 34
34 40 48
27 88 9
36 88 47
75 84 38
21 82 90
71 88 77
82 42 7
17 4 44
98 29 97
94 75 65
40 13 55
68 60 13
73 14 51
37 46 60
82 86 98
82 46 48
83 47 62
30 68 11
86 85 61
9 14 2
30 56 1
89 33 92
10 15 34
67 97 82
42 31 81
57 17 44
30 18 97
34 18 90
58 4 30
63 20 83
59 66 72
86 26 73
53 0 65
28 7 28
87 47 69
31 60 4
15 75 47
8 90 75
41 25 18
79 59 47
47 81 80
63 0 79
5 67 36
40 85 40
87 30 33
39 94 63
25 84 42
40 65 90
50 2 83
8 47 40
26 65 82
69 9 45
51 80 82
71 42 95
87 36 6
13 22 99
28 84 99
16 42 85
71 10 21
20 29 12
22 60 11
84 49 48
31 19 20
32 19 82
64 59 73
14 89 51
44 43 48
90 81 11
5 57 66
6 44 70
18 78 10
10 54 72
64 58 80
14 16 39
30 13 19
6 29 23
80 14 88
86 11 49
32 35 46
61 55 98
9 51 82
76 40 14
38 63 39
23 78 91
50 54 95
17 71 89
62 84 85
97 73 88
24 21 41
27 99 27
79 64 5
74 49 52
47 42 4
11 14 59
20 99 2
80 48 56
37 97 76
80 43 76
38 23 82
10 5 63
72 2 37
66 60 22
84 45 64
91 48 32
2 89 39
29 34 97
8 86 54
48 96 74
72 61 78
41 43 71
63 24 38
39 51 92
90 13 45
39 70 38
82 32 96
91 58 52
44 67 17
46 6 74
93 53 12
57 2 98
53 1 11
40 85 93
70 32 19
85 18 93
10 80 53
41 52 67
88 54 59
7 31 89
54 41 43
98 28 61
6 60 53
21 38 64
76 44 26
19 4 7
67 98 59
17 78 23
71 22 19
82 18 30
70 91 27
32 83 21
0 3 89
5 56 85
11 81 55
17 50 7
55 71 70
15 6 51
53 28 17
56 67 52
48 69 20
99 1 50
27 89 50
84 0 77
41 54 50
46 43 7
88 25 49
29 73 93
42 25 5
1 44 61
15 29 23
24 26 33
60 20 53
67 85 74
75 37 59
40 3 46
23 39 41
38 70 76
63 21 51
60 44 56
75 85 86
35 61 53
65 63 96
98 92 41
27 20 57
93 36 6
51 11 32
52 96 20
26 2 23
41 74 50
84 14 66
60 91 67
42 86 56
67 53 52
32 42 36
94 44 88
18 38 20
92 81 26
76 19 13
49 64 70
23 46 13
68 85 29
55 78 61
71 61 53
67 90 42
45 77 9
90 39 90
22 24 29
39 97 43
11 19 6
60 78 49
1 77 96
88 42 79
95 15 98
33 47 14
96 89 96
1 21 28
1 37 7
59 35 41
6 25 94
40 22 30
45 73 49
50 58 31
21 84 89
23 22 68
79 43 37
77 30 49
16 69 47
57 66 75
84 8 64
58 83 8
83 49 62
42 9 97
94 50 23
21 74 69
72 46 5
12 23 6
71 13 52
79 25 31
13 22 17
92 36 56
49 31 17
34 65 56
10 42 98
29 64 78
22 46 62
62 82 69
12 28 59
3 60 71
27 4 20
43 75 83
85 12 70
33 83 27
60 48 82
96 1 19
16 12 90
2 3 12
98 97 57
16 27 97
61 53 31
99 74 10
85 56 55
24 41 66
93 43 28
86 53 4
82 7 10
98 82 91
64 83 76
61 74 53
89 79 46
69 20 11
31 7 42
52 48 24
56 30 1
18 34 65
66 14 19
38 36 84
11 8 15
55 5 65
51 79 78
53 64 89
64 33 41
39 9 65
33 73 15
41 92 72
52 65 36
90 83 28
85 2 2
35 39 46
97 4 40
95 63 77
21 77 60
50 37 8
75 71 75
48 40 27
28 10 52
31 34 55
44 39 63
69 32 80
86 12 94
91 81 75
7 46 3
65 76 68
57 69 8
90 27 94
5 16 2
75 45 51
6 58 19
42 10 23
80 13 51
17 27 70
13 61 29
41 98 24
23 28 86
63 23 8
32 10 58
92 78 94
51 12 28
79 15 33
83 31 58
47 41 80
83 87 21
93 44 100
81 64 33
87 60 28
5 40 23
90 25 23
76 38 69
98 89 61
77 48 95
78 82 96
58 50 85
41 10 61
5 47 24
39 40 79
83 31 40
23 3 71
60 73 63
8 66 94
64 26 93
35 74 37
60 20 34
31 1 4
14 75 81
70 52 1
17 21 6
76 34 23
20 21 55
90 33 46
79 80 61
68 70 9
79 33 44
90 74 95
97 16 1
86 84 39
72 80 71
21 91 99
89 24 7
76 15 5
84 67 77
87 1 88
45 24 23
5 50 50
52 65 18
49 50 21
75 16 4
10 24 87
5 61 12
13 75 46
40 45 41
23 77 39
7 93 77
87 59 85
59 5 18
98 31 99
53 95 76
37 49 84
73 52 11
17 95 11
44 47 17
75 41 75
50 73 27
33 31 13
85 78 13
82 56 78
66 42 84
46 65 97
74 98 29
30 70 46
14 97 31
87 67 43
82 62 59
68 34 45
71 44 50
38 6 30
49 41 47
70 16 77
65 69 11
19 17 10
30 15 9
80 11 25
9 15 52
64 22 17
39 73 60
63 26 23
33 17 97
86 20 90
40 79 75
8 29 60
5 13 75
37 85 7
41 47 32
54 37 72
98 16 98
69 91 97
85 76 5
62 9 18
35 20 70
77 2 42
35 17 28
37 1 14
24 27 59
58 68 36
24 9 19
80 72 11
28 37 6
30 77 17
64 93 24
63 74 80
7 65 85
58 79 31
75 1 39
35 48 45
40 65 60
73 85 29
24 35 97
87 59 63
22 15 18
91 61 95
93 13 31
86 69 90
13 95 62
58 43 71
65 90 53
41 11 28
97 20 95
69 73 42
43 13 88
95 96 15
47 60 87
71 35 15
16 6 23
58 7 14
31 65 100
71 3 47
35 42 65
20 92 44
59 69 45
27 54 82
86 6 20
78 42 26
41 32 75
42 97 29
80 12 98
6 45 69
57 45 57
11 3 38
3 78 85
99 86 53
30 67 50
28 57 44
12 75 62
84 7 29
66 8 62
88 43 40
18 36 64
22 37 12
45 9 4
93 86 6
18 4 55
51 46 68
3 88 94
97 87 55
4 65 67
12 61 61
99 31 89
47 43 62
67 20 89
22 17 77
24 77 89
83 27 41
29 80 24
45 13 28
83 79 80
16 79 2
65 10 87
22 98 51
55 13 50
47 38 52
99 60 4
19 47 82
93 10 44
66 92 35
87 52 62
73 70 79
19 38 57
81 75 61
92 71 23
92 72 37
96 75 69
66 69 56
17 67 47
94 5 24
70 87 35
32 94 72
61 14 89
95 48 45
49 90 11
69 34 60
31 26 2
67 93 94
29 45 70
58 30 80
46 38 66
95 39 30
97 35 81
55 95 47
29 3 35
75 87 92
83 19 21
7 43 62
46 40 4
57 95 80
64 47 5
87 13 93
56 12 51
39 96 94
55 60 55
13 6 22
35 88 11
55 99 22
28 7 68
4 20 27
85 95 87
36 8 75
32 4 6
37 77 26
84 35 76
85 73 79
52 31 24
61 86 77
15 90 51
39 33 100
8 89 2
49 22 24
97 9 64
79 55 12
18 15 42
46 16 55
88 74 7
13 94 13
52 86 11
71 96 40
55 12 44
41 76 81
83 45 84
86 37 53
64 72 27
88 85 53
21 46 57
0 56 32
33 15 93
0 10 20
26 85 35
44 92 64
22 79 99
12 63 25
79 80 38
74 92 80
23 60 40
66 17 38
96 29 64
34 97 83
57 80 53
79 53 10
28 58 96
71 41 27
28 92 82
78 21 87
7 14 21
10 26 3
11 41 44
35 49 52
88 65 2
12 27 56
32 54 76
43 36 42
57 35 97
18 83 83
75 29 93
51 43 82
53 54 69
54 49 22
24 57 2
51 56 90
24 20 36
4 65 47
81 95 48
75 90 44
39 95 44
25 96 74
26 37 89
97 41 77
83 66 25
75 85 88
96 84 51
80 85 97
9 87 17
54 63 9
18 0 38
63 20 45
92 57 16
66 18 23
33 29 62
85 99 80
22 17 44
59 60 46
46 26 88
72 43 11
76 87 63
88 85 57
7 40 16
35 87 92
52 40 49
65 24 21
6 57 60
61 75 11
40 82 89
31 22 29
83 31 61
47 76 93
92 48 9
43 61 97
68 61 18
34 62 53
10 87 77
76 5 60
94 97 10
3 71 36
6 46 48
58 74 42
91 88 58
60 70 28
13 51 65
44 62 82
63 94 81
37 65 54
87 41 5
23 85 83
18 60 12
5 25 50
36 23 8
49 44 87
22 33 13
3 75 19
78 18 61
50 30 3
68 70 69
83 28 27
47 45 52
60 19 96
46 63 14
93 42 81
41 21 24
72 64 60
19 62 16
24 57 62
75 94 69
17 4 55
87 66 47
32 99 14
87 70 56
39 59 69
68 65 22
4 91 47
19 14 1
65 13 78
28 75 36
1 74 82
9 56 4
63 89 4
57 23 42
10 78 2
30 68 24
33 36 79
12 3 65
35 29 9
48 41 81
41 98 8
69 93 87
71 85 62
55 62 32
10 43 99
53 15 75
28 71 41
85 87 76
31 39 8
26 36 37
18 52 78
17 87 95
22 12 40
88 8 40
74 93 34
56 12 24
85 52 87
24 76 56
85 46 69
85 86 13
9 13 44
58 56 51
37 52 54
22 19 65
93 84 25
56 92 3
26 54 77
73 59 12
96 54 74
44 76 82
93 78 55
5 92 25
61 46 87
74 22 28
28 85 26
12 13 54
86 41 39
84 5 83
28 29 36
15 63 94
3 47 54
39 45 73
83 59 67
81 16 77
85 80 57
67 23 34
49 99 35
85 14 25
44 45 90
37 18 94
87 53 53
75 1 28
25 1 71
17 79 1
40 63 75
65 89 91
28 38 37
63 50 95
56 98 100
32 17 49
78 93 82
61 47 95
31 27 46
30 32 29
79 42 95
39 49 39
86 26 19
88 81 81
52 91 60
62 4 51
77 13 46
80 10 60
56 87 61
79 50 6
37 11 3
51 45 24
21 31 24
15 64 79
16 7 67
45 48 26
51 12 93
73 56 100
32 88 72
27 66 22
7 45 54
41 16 75
63 72 28
88 69 48
60 59 45
74 96 18
41 31 29
75 91 44
37 33 73
79 61 67
17 0 89
17 80 28
44 0 26
36 47 35
65 98 91
84 14 34
95 11 52
88 13 59
0 70 6
24 60 5
9 30 88
96 95 20
82 65 32
72 54 36
35 3 6
70 89 28
69 55 41
87 23 64
67 73 1
9 82 10
18 47 32
46 61 22
86 53 94
38 2 23
77 23 79
45 30 75
56 66 79
52 49 13
57 51 88
55 90 85
61 96 84
33 95 49
22 23 8
50 68 83
39 33 20
97 74 56
53 90 72
63 61 45
23 22 54
17 80 33
22 18 47
94 56 2
6 69 68
89 11 11
67 26 5
42 79 43
57 8 33
55 98 47
49 78 71
49 8 93
74 90 6
25 32 14
7 27 4
48 15 38
21 9 90
41 37 47
60 8 72
69 12 51
13 90 69
97 53 97
60 81 16
79 96 66
15 17 61
55 87 12
2 47 81
48 24 45
2 79 88
7 49 95
58 34 43
81 88 87
27 6 63
46 28 80
74 23 4
35 11 97
31 50 96
59 89 28
26 95 93
48 25 2
67 92 21
54 1 51
84 3 14
47 37 53
88 30 41
19 5 100
69 4 16
13 41 79
58 46 60
5 71 58
85 0 35
52 10 28
75 0 55
73 97 58
34 63 41
95 22 90
69 35 54
74 0 97
25 52 7
65 28 68
73 63 76
10 45 50
5 20 97
28 32 85
38 50 65
88 24 67
72 40 80
25 0 60
50 42 50
68 73 25
8 55 73
46 54 61
56 10 25
1 32 78
88 83 49
92 23 99
83 29 8
45 0 96
40 6 46
63 70 89
15 35 53
59 81 86
0 61 8
77 24 7
26 84 56
87 11 34
92 41 91
53 84 85
38 20 61
83 80 25
64 66 37
74 19 4
63 0 20
99 18 77
68 24 68
12 45 5
36 59 79
9 13 94
34 45 72
3 86 99
47 61 16
59 85 38
53 41 12
80 68 29
77 45 61
90 35 3
98 78 2
52 70 92
7 47 13
12 98 35
30 72 69
13 23 4
0 28 48
3 49 86
48 89 2
79 65 5
21 93 86
61 40 27
31 42 38
59 34 65
71 44 85
60 41 85
12 81 100
23 12 53
92 86 78
70 92 66
38 7 23
90 32 41
24 3 27
62 83 55
59 78 96
56 93 79
46 27 26
70 85 55
61 52 38
28 48 63
20 97 45
34 57 58
2 48 70
41 61 81
20 79 70
10 28 93
24 94 30
54 84 19
94 85 66
52 68 23
77 39 93
26 74 18
63 5 87
21 51 87
71 70 38
23 42 5
92 59 99
5 68 5
47 5 7
96 37 12
68 24 68
79 56 41
64 20 13
58 70 12
42 17 70
23 86 35
11 80 62
89 86 31
35 18 17
31 42 13
44 53 19
96 24 92
37 35 64
76 44 26
0 21 8
38 41 61
2 87 45
85 69 27
13 98 85
47 93 36
28 39 91
23 49 25
75 47 54
55 38 5
46 70 34
5 20 57
11 55 67
74 25 37
31 10 75
47 89 69
91 62 15
2 71 49
71 96 16
30 78 77
46 76 36
60 73 46
43 85 83
86 38 73
82 21 96
41 9 76
10 57 39
84 71 35
17 68 63
97 34 2
71 29 31
65 22 72
40 42 68
68 10 53
77 49 64
96 74 64
35 29 98
76 2 26
79 1 42
15 86 79
66 28 1
32 83 42
56 96 51
27 20 98
16 70 97
72 40 25
6 72 100
30 84 65
91 0 31
24 73 59
68 8 1
15 1 81
55 10 86
23 55 87
46 72 12
34 82 19
81 86 62
88 74 65
63 71 18
59 60 41
36 64 1
18 80 3
58 6 94
88 40 20
39 61 47
53 4 8
17 82 50
66 34 100
87 57 60
29 68 33
66 63 8
53 94 6
82 44 44
80 3 10
7 33 3
17 66 33
5 25 55
1 58 57
29 77 39
25 76 56
63 36 91
83 29 26
33 89 87
14 53 28
93 51 56
96 75 34
88 29 34
41 12 39
58 0 15
18 88 11
38 53 81
34 46 7
11 93 11
65 8 65
11 59 68
62 3 2
28 51 48
88 26 55
57 82 40
45 97 95
64 42 13
18 61 57
1 10 73
24 60 83
44 58 89
48 22 21
1 24 12
49 91 46
52 8 95
32 43 93
59 85 4
12 83 95
91 68 60
93 20 39
41 59 63
0 19 71
37 95 46
19 1 89
36 12 40
76 83 70
19 37 27
23 84 58
91 15 4
59 5 82
28 76 47
56 9 50
77 13 10
86 9 30
62 28 56
69 92 37
83 81 80
24 16 14
51 87 28
10 15 78
37 32 4
69 22 67
23 22 68
18 49 70
51 84 12
97 14 25
19 50 67
18 71 97
72 69 2
76 4 2
88 65 58
88 94 10
79 41 3
31 22 56
58 9 4
40 14 55
87 89 19
50 46 60
47 91 23
28 37 45
69 0 55
73 79 1
80 57 31
36 28 61
56 85 16
45 75 15
31 97 26
64 12 47
89 86 12
39 54 24
72 97 52
50 89 52
13 60 34
23 90 57
55 88 36
13 0 82
37 26 93
56 96 95
82 8 53
95 78 21
5 92 54
85 98 73
32 76 71
99 82 94
64 4 93
28 90 94
86 9 74
59 52 52
52 33 79
75 14 69
74 8 90
40 45 36
94 6 66
11 62 20
46 31 69
37 59 33
61 10 53
74 73 82
55 20 26
74 96 33
72 38 74
69 84 41
11 70 7
39 34 19
87 45 72
10 83 89
56 76 58
15 75 72
77 20 98
35 94 47
97 34 20
85 65 90
82 27 71
6 23 46
19 20 28
20 51 46
89 83 37
64 46 29
43 87 82
3 71 20
7 8 16
11 36 54
12 24 31
15 52 100
1 31 39
11 15 7
41 11 44
35 95 66
45 86 48
14 88 51
72 90 77
9 61 90
99 84 18
20 3 11
62 98 70
10 23 12
25 77 81
26 42 91
71 22 10
76 61 36
82 22 39
4 99 59
45 62 11
61 56 21
94 48 82
53 98 32
87 46 35
82 52 18
99 37 80
69 89 23
81 25 84
58 93 16
76 29 55
97 85 24
10 42 21
60 12 37
44 12 7
30 35 88
33 53 90
76 43 50
18 1 1
49 27 89
85 5 46
53 98 4
32 71 6
56 60 47
76 98 12
23 4 23
39 96 90
90 26 31
3 73 4
95 62 7
82 42 59
56 1 72
49 95 8
45 59 50
79 46 42
51 71 62
70 38 47
39 22 96
72 36 37
83 56 87
83 41 21
68 53 55
81 61 30
18 58 42
27 96 89
21 22 49
12 25 83
91 81 91
12 69 9
70 44 63
82 85 59
9 61 53
49 93 48
89 44 84
77 6 54
27 44 26
24 57 63
5 34 64
43 16 62
79 94 73
49 65 93
9 84 12
57 0 42
51 31 88
38 83 84
45 2 82
30 61 68
49 80 16
73 3 30
61 51 90
46 42 47
10 11 94
4 39 80
10 79 72
20 37 54
74 62 15
48 14 71
38 54 62
92 75 48
66 78 99
5 84 44
63 60 15
1 92 69
73 32 8
20 10 50
67 7 89
33 9 95
85 46 23
28 52 37
71 22 71
84 0 5
76 44 32
89 13 94
90 69 31
31 8 55
38 80 3
6 33 24
52 26 25
79 55 59
47 57 60
66 45 88
97 94 46
61 3 78
22 98 67
21 46 61
10 71 45
73 68 93
8 76 75
57 76 81
89 88 33
32 72 59
76 71 34
81 18 20
24 61 8
89 32 40
78 35 59
53 8 43
61 22 17
23 31 52
11 46 92
39 88 52
56 0 27
42 51 52
22 44 6
18 0 20
39 8 40
47 19 34
37 19 81
24 42 1
15 92 57
1 0 8
99 81 73
58 75 66
89 54 68
94 32 100
2 47 64
92 29 69
43 46 64
15 21 87
89 48 19
3 59 73
9 36 38
26 61 97
67 23 68
59 23 73
76 77 29
66 22 88
24 74 74
9 15 68
10 48 92
13 0 61
4 0 74
22 57 79
13 81 4
14 42 12
18 54 26
19 46 97
65 97 92
21 29 42
15 83 69
98 58 18
13 87 73
13 81 58
93 61 6
41 10 92
5 92 99
12 3 34
68 1 7
66 15 99
87 51 99
90 57 4
39 13 58
62 6 14
21 11 97
62 21 57
50 97 64
85 75 80
92 19 37
89 81 97
75 47 63
97 5 26
1 66 36
68 38 11
48 56 30
76 50 95
64 21 55
58 20 22
49 91 12
94 13 86
32 22 95
41 6 15
47 15 63
70 73 15
77 69 80
70 35 12
10 71 44
58 12 16
15 56 13
80 30 70
46 87 42
0 86 82
20 91 55
68 76 26
77 11 63
82 86 37
17 82 35
59 40 67
35 28 69
10 3 27
82 52 66
83 42 13
59 87 36
83 11 61
1 57 65
76 29 14
38 26 42
67 77 1
54 69 9
98 50 46
70 41 75
56 59 16
45 40 86
75 84 76
93 85 39
99 84 40
99 34 75
99 49 48
48 97 64
16 19 74
23 35 82
37 95 37
91 30 100
61 60 54
1 81 35
34 23 95
87 21 89
66 63 21
22 6 94
53 11 75
80 48 22
29 49 72
0 53 91
2 72 11
41 45 82
28 91 58
88 60 21
70 39 65
69 96 21
19 62 59
14 99 35
56 66 52
56 81 11
29 64 16
40 57 68
11 2 37
79 78 50
75 27 40
88 16 41
0 43 72
38 79 26
52 18 65
60 69 41
60 40 59
88 10 100
8 37 53
76 50 88
46 98 1
92 10 17
87 31 100
83 59 13
3 16 84
11 73 13
30 95 42
50 87 20
79 33 25
61 62 88
65 27 78
30 35 37
8 90 81
35 78 85
64 66 81
85 62 67
26 50 20
15 38 62
45 89 42
98 17 11
98 8 46
15 46 88
12 37 79
38 23 68
68 85 34
64 21 76
49 59 73
58 92 25
16 8 71
53 56 22
90 57 77
27 54 31
61 11 11
41 30 10
0 24 11
44 1 73
38 47 27
53 78 5
25 28 85
52 76 45
25 8 86
96 17 92
13 52 49
80 14 64
54 62 41
46 35 84
35 64 3
51 47 90
5 44 35
64 16 25
99 65 81
21 52 30
63 36 70
39 44 57
16 83 21
6 46 89
76 8 33
2 43 76
35 75 34
62 70 82
42 88 38
46 44 67
88 99 5
78 6 18
71 56 73
57 74 5
58 72 46
1 12 89
92 42 52
19 33 87
42 38 69
77 4 34
54 85 53
61 78 23
5 31 86
44 9 94
74 85 77
63 33 56
82 53 2
4 65 9
21 47 79
59 76 47
83 34 94
35 26 59
26 92 50
40 1 33
41 60 47
24 81 69
0 70 1
61 38 14
87 22 35
11 62 65
25 72 64
26 30 9
28 3 66
51 26 22
52 24 11
52 41 14
16 17 16
70 44 62
95 62 10
3 84 45
41 21 7
82 30 94
32 72 16
93 73 52
24 38 90
44 9 96
86 25 71
35 38 16
39 31 5
19 9 2
98 11 73
2 65 9
78 67 13
27 19 82
96 53 41
6 73 81
81 52 48
95 53 18
16 21 89
5 45 12
61 84 41
16 7 57
25 71 44
83 29 82
51 53 54
32 9 15
20 95 29
19 3 60
95 56 58
20 21 10
58 98 5
22 8 4
26 73 66
10 79 15
56 65 26
39 79 61
7 54 62
11 24 26
57 62 28
92 23 85
32 93 12
33 26 70
55 16 30
91 71 75
40 67 34
49 91 23
8 74 88
5 36 19
14 72 52
4 38 21
55 32 35
80 13 68
48 1 56
11 59 66
78 98 82
84 35 85
50 26 87
5 3 25
90 30 38
30 72 28
7 65 61
14 75 44
34 96 34
32 84 85
17 91 27
90 67 15
34 85 31
8 43 63
14 47 87
45 67 6
48 85 67
11 83 65
95 64 76
5 81 73
45 99 56
94 31 52
60 80 84
9 34 63
26 20 42
77 49 1
86 51 56
46 55 46
99 35 50
69 40 34
65 1 60
72 21 29
0 4 67
0 14 17
7 66 60
60 58 60
15 51 88
63 1 34
19 64 70
63 46 89
66 61 41
0 45 75
74 23 24
66 45 40
34 19 70
95 46 13
59 76 52
74 86 78
70 98 34
92 36 89
22 99 32
64 98 62
72 23 13
2 55 17
83 36 96
68 5 11
63 31 87
42 93 76
74 1 35
49 12 87
86 37 42
52 71 4
64 8 54
97 53 61
71 54 17
75 84 61
36 37 95
23 71 96
60 93 9
72 35 62
27 41 23
54 50 6
8 64 21
21 78 53
74 98 10
99 3 23
88 4 71
8 5 96
71 79 75
61 23 58
28 26 5
9 35 16
87 78 9
6 40 40
26 19 66
77 68 66
70 28 10
57 53 75
88 67 10
17 68 9
72 19 18
76 66 71
18 97 20
31 2 26
95 39 91
53 69 53
25 85 78
7 84 99
54 76 100
50 80 40
17 40 34
24 92 33
16 23 26
18 87 14
79 71 6
55 54 92
69 0 64
95 56 59
0 1 68
78 91 46
6 89 5
51 81 25
95 60 31
76 47 33
42 99 99
1 41 20
90 49 22
76 25 14
87 82 93
90 18 54
38 11 30
8 29 6
99 86 12
3 21 13
44 97 54
92 30 24
51 42 62
64 66 30
97 74 81
46 83 26
18 17 38
79 67 94
97 6 85
62 32 39
86 58 73
47 28 77
12 90 52
82 89 89
59 77 1
72 85 52
58 22 25
39 7 87
65 48 83
90 67 77
74 28 16
31 79 69
13 28 69
14 12 18
50 57 54
50 17 44
20 25 99
73 23 34
49 47 36
13 42 91
16 69 17
93 97 91
69 54 76
15 98 75
16 24 67
52 11 57
81 28 55
52 0 67
19 1 80
87 85 53
64 92 81
44 11 64
88 33 92
0 7 22
73 59 46
67 30 28
54 93 5
18 63 44
90 66 86
23 53 63
43 36 37
65 7 74
82 35 53
66 8 90
3 19 78
20 72 43
11 51 98
67 17 55
27 63 63
71 96 86
58 51 82
94 82 43
7 41 55
40 45 19
48 3 63
11 40 35
54 12 37
97 96 34
45 28 83
36 75 75
9 21 52
74 22 79
71 89 47
14 39 96
3 73 80
13 73 24
92 12 34
6 73 40
48 72 93
19 79 7
33 95 36
90 59 77
16 23 54
87 84 48
25 3 26
91 9 39
11 67 59
19 2 89
82 70 65
87 73 8
24 37 53
71 82 2
87 21 70
15 98 90
20 45 96
66 21 8
18 92 14
41 89 43
65 38 12
63 69 7
93 86 56
4 69 65
99 28 64
56 75 45
41 37 23
82 90 25
86 23 68
46 50 28
38 78 23
84 65 97
22 57 77
49 58 37
90 87 54
5 18 3
76 75 3
13 87 22
1 74 56
53 26 33
30 4 90
3 84 66
70 43 20
5 41 27
35 1 34
81 53 17
1 46 78
7 25 4
34 94 2
99 85 38
97 98 19
65 9 21
37 42 57
54 53 1
97 89 29
75 13 29
22 27 53
60 18 95
94 37 40
21 14 37
4 57 96
76 10 93
19 97 17
31 46 16
3 61 96
1 31 66
94 54 85
48 38 51
51 94 11
29 55 48
71 53 2
95 24 39
36 7 28
67 64 37
8 97 59
41 29 16
29 76 17
13 0 31
88 85 17
96 7 34
65 27 54
65 14 30
17 16 35
6 92 75
54 16 47
23 89 55
0 38 43
68 40 84
97 34 91
88 13 25
67 12 59
49 24 5
40 96 57
10 68 24
92 37 100
88 37 100
20 15 48
87 90 10
32 66 29
78 83 10
2 62 74
69 25 55
92 39 15
99 83 17
37 52 17
4 69 26
31 36 53
48 68 95
64 67 51
68 4 89
24 40 23
53 25 87
95 45 65
94 74 46
65 34 82
16 78 29
89 24 3
41 20 67
56 25 23
5 9 28
9 0 30
34 87 35
36 34 44
62 88 1
91 45 63
48 76 60
46 81 72
84 81 21
77 95 60
11 75 61
93 65 49
40 57 95
87 77 81
93 21 23
86 78 81
80 50 99
72 90 89
86 59 60
60 28 87
6 64 87
26 32 59
13 57 87
73 25 25
22 95 15
10 19 57
83 3 15
85 45 15
88 27 41
41 50 92
81 91 53
72 42 70
41 60 23
22 41 26
71 96 34
63 31 86
39 82 33
54 66 48
63 20 18
96 62 1
37 18 36
25 91 11
44 14 3
56 18 46
29 32 44
40 69 11
59 43 19
70 92 31
86 41 54
29 54 68
25 42 93
94 57 72
58 11 49
10 37 2
4 62 68
15 85 93
39 31 47
23 6 27
64 68 45
10 31 75
22 31 53
65 43 18
21 6 10
43 41 46
16 22 41
80 6 47
2 72 88
18 64 70
81 6 12
62 17 86
10 2 30
41 76 52
9 29 91
61 32 58
36 51 73
65 62 44
94 96 55
32 81 1
57 62 79
35 46 10
45 0 25
33 31 6
81 46 48
13 88 66
24 39 85
24 32 38
1 84 73
46 8 85
52 51 22
9 54 26
1 69 72
11 30 69
37 14 30
12 49 6
43 53 77
46 81 61
2 83 32
46 67 40
81 88 2
17 80 95
16 8 60
69 68 45
29 71 35
97 15 84
70 21 20
49 41 6
69 3 53
5 63 90
83 1 73
63 12 30
74 34 65
39 84 68
49 88 60
20 22 58
37 28 5
78 88 75
41 62 2
8 87 26
73 78 57
18 90 28
77 19 24
9 6 48
41 6 80
92 94 23
53 28 24
67 37 39
71 26 15
68 13 64
37 65 42
19 54 71
78 56 20
95 82 11
20 18 70
33 7 73
90 32 92
22 0 43
47 66 9
11 60 92
77 99 44
95 68 55
98 33 94
92 21 75
45 89 18
54 6 2
1 7 43
30 69 71
86 63 5
74 58 54
89 17 88
88 90 8
26 16 43
42 41 91
34 17 76
46 35 6
23 57 91
61 21 52
84 90 96
35 9 36
40 39 78
80 20 40
30 73 13
62 30 99
12 22 17
98 39 71
49 68 70
39 22 69
68 20 78
91 42 44
50 61 92
37 63 25
68 69 93
73 40 75
61 25 88
0 29 27
69 84 42
91 28 16
10 11 79
12 15 9
98 19 24
5 10 12
64 86 44
97 70 5
89 91 45
45 42 40
72 77 51
56 72 98
0 47 13
33 56 8
40 62 66
63 85 46
78 6 37
41 66 26
30 40 49
65 6 70
17 36 74
84 5 3
37 47 62
1 78 97
53 50 58
72 21 40
43 74 87
53 90 55
46 7 20
78 32 94
72 91 56
23 12 82
51 42 3
4 71 31
39 23 14
19 81 16
71 54 17
9 10 77
7 97 19
69 61 67
30 14 71
55 6 1
10 29 68
29 84 98
10 6 96
9 85 49
6 42 68
34 6 29
35 75 48
29 73 28
44 81 26
84 31 59
69 91 46
1 13 95
26 73 79
97 66 33
4 21 86
10 53 82
69 60 73
27 65 87
87 95 37
85 53 28
52 88 20
23 75 36
66 38 38
25 78 75
97 11 44
12 37 59
17 19 48
46 26 100
18 74 28
23 18 84
91 92 58
52 98 34
59 81 18
35 89 81
80 59 95
14 21 4
19 91 44
34 21 17
64 15 87
82 51 9
72 12 59
2 78 20
32 5 14
89 75 32
86 23 95
30 95 82
86 37 16
12 75 85
4 88 79
72 68 65
1 74 93
66 19 62
66 72 59
67 29 34
83 57 92
90 45 32
11 76 60
51 40 31
92 26 60
12 93 26
5 56 67
5 18 98
86 89 85
84 31 24
7 38 27
61 32 91
4 46 64
7 63 76
45 76 1
57 74 81
86 32 34
18 21 64
85 80 73
61 14 51
96 92 38
91 53 96
57 99 4
4 26 60
59 48 5
9 22 78
61 16 96
43 4 38
57 38 10
93 55 93
3 32 32
10 9 27
14 2 47
81 37 58
77 66 60
10 19 6
99 68 85
76 49 89
92 31 15
59 68 69
23 74 67
90 40 28
33 84 30
66 91 53
2 53 97
56 69 51
67 62 54
15 5 5
7 91 47
44 28 69
76 11 42
13 76 61
26 50 5
68 11 91
51 72 35
93 87 71
15 64 21
25 2 32
27 49 90
53 46 93
70 99 68
48 32 52
80 49 24
47 54 79
19 87 44
20 57 53
70 56 17
99 53 43
18 82 34
18 80 67
35 3 91
63 92 92
0 24 20
63 57 16
74 95 58
93 46 71
90 50 46
28 40 9
39 85 28
98 5 33
99 50 98
80 6 49
66 79 75
2 89 33
25 68 35
79 33 84
88 28 23
79 28 5
92 87 22
86 39 63
18 98 87
80 69 18
95 2 48
32 8 84
37 90 8
12 5 33
76 62 100
56 21 88
31 48 88
7 48 14
88 98 17
76 9 74
74 36 65
45 14 28
73 71 56
35 94 66
71 17 86
54 36 61
70 2 47
83 13 98
27 74 24
75 46 100
25 8 78
43 31 43
70 63 99
72 24 49
60 33 89
75 61 59
98 22 60
25 26 22
23 9 64
48 27 48
86 79 22
66 74 77
78 91 58
56 17 24
24 41 76
15 99 41
14 27 44
80 2 60
21 11 9
34 63 70
43 44 44
70 57 44
20 40 23
30 82 56
93 15 23
18 40 76
18 11 55
85 87 24
64 56 21
52 20 6
40 15 51
29 49 27
90 91 57
43 15 99
53 91 11
74 63 95
94 44 82
44 75 92
63 45 1
40 16 64
98 33 97
77 41 81
15 50 82
89 1 46
31 46 6
52 97 43
84 3 67
85 53 58
70 90 41
48 15 64
4 70 29
19 70 13
35 60 57
91 49 8
50 67 54
17 60 81
0 19 6
65 73 62
72 83 79
33 90 95
93 82 4
32 80 79
98 70 33
53 37 50
49 28 75
10 37 42
25 49 3
95 29 46
98 80 58
40 82 65
0 51 68
50 18 86
41 85 17
97 33 84
7 26 48
73 56 35
41 60 92
39 52 23
86 47 2
15 72 49
71 94 97
3 87 18
60 61 73
76 0 100
83 86 82
88 80 62
74 15 100
49 10 76
61 95 83
78 34 77
22 25 97
51 24 99
51 93 75
41 73 97
14 25 58
51 71 68
91 41 31
64 34 85
31 80 92
67 30 81
37 40 31
93 87 89
2 79 91
80 47 73
40 33 39
39 90 85
2 41 46
52 78 36
74 45 94
46 59 11
95 99 20
3 21 68
73 21 13
47 92 89
79 54 17
18 19 49
72 66 79
84 10 93
16 78 48
17 12 51
24 14 60
60 86 50
22 64 74
97 87 55
57 88 24
60 42 25
31 74 12
93 37 60
69 93 58
50 34 59
41 46 61
34 63 95
64 2 51
58 1 82
15 20 71
55 74 98
89 74 30
43 33 38
37 10 100
12 97 91
89 37 9
80 56 29
55 68 80
91 47 15
12 81 58
5 95 66
1 42 49
16 87 20
99 38 87
84 52 25
70 34 89
36 95 29
71 1 75
82 64 4
3 90 64
32 8 84
79 57 22
8 33 73
70 53 80
10 51 27
6 38 97
49 5 37
14 71 83
9 30 1
18 96 15
37 77 59
62 42 73
75 54 100
72 93 62
4 72 35
65 66 84
53 50 31
51 34 54
9 50 16
13 90 60
24 8 20
89 35 16
94 29 70
32 52 43
57 76 98
18 98 31
75 15 46
71 70 52
9 72 58
26 22 38
58 23 67
56 8 47
27 59 27
9 55 64
89 85 46
79 94 41
15 17 11
89 61 85
55 93 7
2 55 42
36 4 47
33 26 77
61 91 34
55 10 98
3 81 27
14 16 15
49 3 49
79 22 4
23 26 87
95 11 88
53 40 84
57 0 26
53 5 18
14 34 18
22 76 100
68 48 49
48 50 49
42 94 77
75 29 7
72 56 7
49 92 25
48 68 95
40 30 99
29 45 7
3 1 3
18 97 71
5 11 90
61 69 84
19 22 88
48 3 64
61 27 23
78 7 84
85 90 62
5 36 9
18 41 97
85 32 62
59 25 5
46 85 83
65 49 74
87 17 64
65 29 57
4 87 60
10 95 9
6 28 92
43 51 20
31 48 74
65 86 84
25 72 58
21 5 62
55 82 34
10 52 41
20 65 84
83 74 58
65 94 17
10 47 72
30 97 88
67 53 51
19 93 14
19 8 86
32 38 99
69 57 39
57 44 78
47 95 88
16 52 35
9 6 71
85 87 25
68 90 74
81 78 9
68 89 96
99 85 62
3 16 72
22 45 68
73 25 55
81 79 69
15 63 84
23 13 10
27 1 73
36 35 10
57 47 46
18 41 38
74 15 85
75 35 34
39 78 13
39 26 52
6 47 55
79 7 59
78 32 30
95 85 30
79 57 93
62 56 17
58 39 83
37 54 64
42 98 13
46 20 91
61 47 94
85 36 81
21 49 55
73 35 40
70 0 88
61 2 81
12 66 17
25 71 46
8 94 65
60 51 47
68 88 25
9 68 42
3 36 14
55 96 17
1 39 6
71 50 91
68 5 87
13 48 43
84 38 4
98 81 88
50 71 55
43 17 28
42 23 26
45 44 40
0 81 50
3 25 17
84 94 94
6 34 97
14 0 58
68 70 51
80 88 88
65 78 94
3 47 93
4 60 24
48 87 4
37 65 63
45 56 86
30 82 95
11 96 10
1 86 12
93 90 43
6 16 61
78 97 28
68 98 52
54 76 92
94 24 64
97 49 23
78 90 63
81 49 23
84 7 3
67 54 86
91 18 71
71 59 36
39 4 99
43 33 73
30 8 9
32 87 80
59 25 41
1 94 98
8 35 74
67 90 78
87 50 57
73 52 82
4 54 43
50 42 61
46 54 55
71 13 11
54 81 42
84 52 93
15 54 66
26 88 4
78 53 99
65 63 96
15 41 31
20 74 48
92 1 29
52 64 70
42 3 80
38 76 100
42 43 3
39 17 73
52 79 17
52 71 60
76 96 4
82 67 1
64 41 2
27 58 69
76 28 2
6 75 36
29 32 44
71 11 80
14 74 22
55 90 65
45 13 56
98 70 66
77 10 95
73 89 96
96 89 94
70 54 4
79 52 52
1 43 69
8 99 31
49 4 52
80 13 92
3 89 3
39 88 25
34 18 87
20 66 66
57 73 8
78 39 64
72 90 21
14 68 25
6 87 98
73 39 27
63 89 22
45 31 37
69 60 21
28 16 100
87 11 55
75 15 17
61 68 48
5 46 82
85 8 89
37 89 34
90 13 95
84 60 45
5 12 15
90 24 12
47 10 35
13 28 36
22 88 62
74 98 68
63 5 4
17 57 98
6 85 36
58 79 64
90 94 83
63 93 87
19 56 50
89 82 82
33 36 56
80 85 82
72 51 4
50 98 67
39 42 25
84 98 33
6 46 11
48 84 55
69 10 30
69 31 11
59 35 18
25 96 6
24 67 67
29 11 75
28 78 92
92 69 56
85 30 7
25 77 80
80 41 87
16 72 46
37 5 10
75 8 30
60 80 93
32 73 71
50 31 62
1 64 7
32 21 33
33 91 66
83 76 97
61 8 97
53 73 67
35 42 18
60 41 43
17 33 10
14 78 34
27 34 33
75 0 21
76 23 14
75 1 32
82 54 39
23 98 32
59 55 12
11 97 76
99 18 58
74 98 24
65 70 41
70 66 84
16 27 39
74 66 89
62 50 55
83 80 5
6 62 57
94 24 95
92 64 2
31 4 35
61 27 64
29 45 12
49 63 52
52 46 70
46 66 33
11 83 27
13 12 64
66 85 29
21 70 44
65 26 88
94 30 61
27 10 42
44 60 94
19 94 22
46 76 53
91 0 51
14 77 41
68 49 33
33 12 30
35 48 89
86 14 50
45 88 79
9 2 60
63 86 93
78 27 6
36 26 41
91 31 85
89 92 80
85 95 78
74 34 51
52 38 93
15 5 9
84 92 60
55 73 83
50 60 41
5 58 54
50 77 14
56 90 14
47 54 64
88 39 24
34 61 69
76 78 3
94 46 74
77 4 51
29 38 16
32 17 22
36 92 80
41 5 81
0 96 38
16 72 24
27 35 18
81 60 72
79 43 49
1 32 6
76 46 31
69 2 79
82 14 97
84 13 53
26 74 47
35 2 9
11 74 42
7 1 48
20 85 52
64 2 97
50 72 50
86 95 38
13 42 99
34 32 57
24 38 41
68 69 81
16 13 32
32 81 17
7 39 39
4 81 8
51 84 44
15 74 59
47 91 41
12 38 96
10 60 51
6 25 25
29 53 45
28 64 99
1 44 3
21 72 31
49 98 8
54 87 42
55 17 56
26 24 44
67 40 77
49 57 26
74 7 43
84 99 77
67 4 99
24 80 94
60 15 85
18 39 13
62 10 29
15 37 56
60 5 36
24 28 91
80 31 14
30 75 17
75 41 56
93 75 9
43 16 85
14 48 47
62 83 28
94 93 98
19 30 70
76 98 11
88 84 33
15 50 4
30 70 55
40 68 91
97 24 85
20 70 36
3 95 74
87 27 22
46 6 2
94 11 47
86 63 43
46 64 31
17 99 66
20 10 61
6 51 44
96 23 64
64 71 58
93 4 33
38 84 64
6 21 9
21 85 34
12 25 5
8 75 5
38 20 97
37 50 47
43 3 96
88 32 2
17 32 80
78 2 33
94 36 39
17 76 81
2 40 67
24 71 33
48 70 28
37 48 90
49 11 8
13 3 43
91 76 26
22 18 85
1 32 43
65 9 45
5 7 34
19 43 90
58 48 31
37 68 3
58 92 50
93 95 35
35 78 37
15 88 59
74 17 41
44 10 43
40 54 77
46 62 30
1 95 27
5 48 34
32 16 46
45 75 54
98 65 3
40 28 78
66 33 35
54 37 83
37 95 35
44 85 12
25 8 88
66 46 83
36 15 87
83 65 24
62 93 46
23 81 69
89 22 94
66 11 99
6 94 77
89 11 38
47 39 47
22 29 63
6 4 64
23 96 100
87 64 40
60 84 29
53 18 34
46 76 90
53 82 54
70 33 55
64 13 36
89 53 81
64 14 60
25 92 77
84 44 66
83 61 48
2 71 77
13 43 97
64 70 60
29 16 21
17 99 58
13 61 63
77 53 91
24 29 28
1 46 60
53 65 97
13 0 13
88 99 59
63 98 76
42 6 53
24 42 82
52 88 77
96 5 41
71 61 24
46 26 44
46 97 92
1 62 35
62 94 53
82 97 58
11 41 53
54 98 90
26 88 15
59 10 6
88 60 9
63 31 65
52 69 5
50 74 44
39 88 18
27 99 54
69 38 92
88 84 43
56 95 69
98 55 75
19 39 72
58 13 71
84 35 100
81 23 99
25 47 99
56 93 1
36 12 25
28 42 19
14 55 2
66 50 92
28 40 29
55 43 32
18 90 59
58 78 5
96 97 75
19 11 46
91 12 65
22 80 82
16 7 56
9 34 51
66 20 67
93 72 58
47 9 92
85 17 18
49 1 27
51 19 49
46 99 75
29 70 18
30 80 14
50 46 36
39 83 10
71 91 55
59 93 81
9 23 41
97 29 10
25 14 32
53 43 28
19 6 10
27 23 11
53 17 32
19 86 20
32 7 31
81 14 14
30 74 4
55 4 19
57 45 93
43 87 65
87 14 30
76 64 79
2 0 13
85 99 48
54 86 8
84 52 67
77 15 98
4 75 44
15 49 18
17 33 59
34 55 16
87 99 32
47 20 69
43 69 24
54 49 39
13 58 52
25 60 97
64 37 87
17 7 20
68 90 95
13 62 92
80 41 55
27 99 31
16 74 49
65 72 35
13 95 9
90 81 50
53 83 25
44 98 45
70 3 97
16 2 41
8 51 90
77 71 22
65 93 28
13 63 19
80 81 60
76 62 5
70 56 52
77 28 96
69 58 87
88 89 6
3 13 36
94 23 26
22 76 32
67 96 40
20 2 60
3 52 51
40 74 15
94 25 43
75 73 82
21 5 37
71 31 34
49 72 29
37 30 68
80 95 90
68 21 11
96 66 47
31 25 50
89 33 45
42 74 10
96 58 40
72 44 96
82 38 29
99 85 26
69 50 95
53 6 68
38 90 93
43 45 85
33 46 74
70 69 29
78 39 62
19 50 79
81 95 98
68 53 72
41 1 62
84 13 16
83 36 85
44 90 44
49 72 26
46 90 79
33 54 3
79 71 54
67 65 99
64 80 92
65 4 33
38 46 80
6 63 77
63 50 93
11 63 1
73 90 27
7 73 53
91 0 48
11 99 39
15 79 28
12 97 41
23 58 5
76 0 85
4 52 98
59 14 66
49 42 55
67 81 7
35 22 14
59 15 10
6 95 42
20 66 65
20 1 13
67 82 24
95 51 24
64 14 58
45 14 36
42 20 86
32 2 80
23 51 29
33 5 63
86 83 98
79 21 16
69 42 47
98 52 62
80 74 45
9 18 55
45 27 97
53 8 71
46 22 9
89 45 44
38 61 36
72 67 17
70 54 25
45 29 23
53 4 67
96 84 8
80 97 7
94 61 13
91 60 5
60 99 36
94 32 61
54 90 75
48 91 32
42 49 12
58 39 1
41 26 31
35 91 54
86 33 38
24 69 53
2 62 46
90 17 2
53 65 64
39 59 91
58 41 46
49 21 27
40 12 86
91 25 10
86 18 41
78 15 70
32 48 52
1 81 53
11 49 1
71 92 38
24 72 68
75 34 41
42 65 76
41 74 70
74 40 28
3 21 27
15 57 35
78 47 62
15 33 26
91 63 44
14 30 53
38 16 31
98 57 68
63 38 64
38 9 45
82 83 53
71 19 68
16 50 33
35 14 45
18 99 46
98 24 86
88 41 25
23 41 16
57 31 21
98 47 96
6 8 48
53 45 52
55 5 45
4 51 28
76 68 42
37 55 16
31 24 9
93 91 44
60 4 20
79 60 88
19 63 30
24 13 35
61 32 70
15 45 79
74 43 56
0 99 61
68 24 16
54 29 34
55 16 70
45 98 60
4 77 34
85 62 63
37 82 81
69 48 10
0 22 85
43 68 63
53 84 13
86 32 20
93 32 46
96 39 13
18 69 100
76 88 12
26 58 100
3 49 56
56 33 66
83 34 80
88 94 68
96 3 39
48 89 45
71 12 46
96 15 4
89 14 65
30 29 63
51 92 64
72 4 87
23 17 5
84 93 100
75 1 36
34 0 78
68 40 11
8 38 84
24 86 66
54 9 18
10 96 56
99 7 46
26 28 93
98 6 90
39 77 23
19 97 5
35 39 3
51 25 25
88 29 81
23 27 20
63 19 96
83 18 77
0 71 48
81 91 100
69 10 16
90 16 83
91 9 9
61 22 23
44 90 10
80 42 58
29 0 24
83 42 72
18 4 29
51 54 94
85 89 41
74 87 54
82 48 65
6 62 5
28 53 1
21 64 12
80 92 54
70 11 66
27 53 34
87 8 75
19 32 90
13 88 35
16 79 59
38 93 99
63 28 4
95 89 31
86 31 74
80 53 30
80 93 89
3 96 17
5 98 59
51 32 90
18 94 9
50 32 42
29 57 16
57 13 16
82 85 46
86 44 23
53 16 59
0 80 14
87 48 24
80 31 77
9 46 45
13 20 94
39 25 40
12 56 5
91 59 45
81 61 44
44 19 19
76 26 2
98 23 94
36 27 88
31 19 26
60 19 54
71 11 90
16 73 6
37 77 26
75 59 66
45 47 87
47 51 23
36 83 62
93 74 44
52 21 55
77 63 67
41 14 21
41 68 35
62 48 71
16 7 8
35 49 39
33 29 90
17 84 85
7 33 43
33 75 88
1 76 58
31 26 51
96 84 38
10 80 91
17 52 42
96 0 73
82 50 79
70 31 37
32 58 64
10 79 68
2 0 100
85 43 58
46 83 35
71 65 81
69 57 60
3 16 26
56 62 68
35 34 5
52 36 13
90 10 18
67 59 83
82 27 86
84 10 35
16 34 2
44 79 94
56 63 79
81 94 18
9 20 61
76 80 88
25 50 41
90 80 33
66 53 43
61 84 20
8 7 61
58 53 3
18 89 11
52 73 25
3 86 11
86 54 98
73 62 83
73 8 32
70 63 45
96 1 75
18 53 3
49 19 61
48 83 89
33 67 37
1 89 21
67 79 50
76 37 81
31 76 34
62 21 17
59 67 36
77 48 93
41 21 61
71 74 11
47 87 84
56 40 43
3 48 25
9 39 75
44 8 24
43 15 79
5 96 23
98 71 35
49 44 88
31 35 62
57 51 84
33 25 45
99 87 13
60 69 49
39 52 90
38 26 36
93 32 36
49 69 84
73 74 93
71 56 88
27 7 22
62 65 9
91 75 76
53 54 41
99 29 35
59 32 87
96 83 14
89 13 4
47 10 65
27 93 46
83 77 12
25 78 6
23 11 73
42 25 80
66 95 2
70 22 75
39 91 70
0 34 8
58 31 91
40 43 43
44 75 14
57 72 75
32 10 1
13 44 84
16 6 86
79 2 61
2 89 37
53 13 23
32 63 52
76 55 98
2 43 43
7 29 41
34 43 76
34 80 21
56 84 78
81 1 75
44 88 80
24 83 38
44 41 84
37 6 55
93 28 53
53 57 32
55 81 18
88 70 77
55 15 80
49 44 94
31 85 7
28 4 93
29 35 70
97 39 7
39 65 39
45 79 59
75 81 21
89 8 16
11 94 98
94 90 5
60 41 88
52 89 51
74 36 83
38 82 46
45 68 81
50 39 62
49 32 84
74 24 3
32 67 49
78 87 94
48 3 100
82 9 71
55 60 65
40 50 32
69 82 40
4 60 89
75 56 9
96 61 100
13 62 97
50 7 46
44 35 58
45 42 5
0 33 95
80 70 94
32 81 97
4 7 48
28 47 84
61 78 3
21 54 86
5 81 69
70 7 4
22 42 44
12 34 87
11 64 61
45 22 50
96 81 20
16 3 51
88 83 10
96 89 32
73 72 30
15 6 83
35 58 18
74 27 20
68 46 86
79 66 37
99 77 3
65 94 31
10 78 91
34 47 3
62 0 4
13 48 42
96 99 56
37 92 91
59 79 4
91 98 75
64 60 5
31 60 65
6 41 87
58 61 54
20 60 2
42 19 77
17 56 58
33 53 47
31 9 28
10 63 67
12 58 17
36 58 5
29 50 80
65 69 66
92 31 43
98 7 56
34 92 65
13 64 39
10 66 65
13 22 88
40 81 86
89 68 21
91 87 48
13 91 26
68 3 19
45 35 6
34 94 11
58 73 66
32 74 79
77 21 68
59 31 24
38 93 63
17 62 27
30 39 69
70 44 54
2 40 43
17 81 28
95 84 99
82 69 50
92 45 10
87 92 72
56 68 100
84 1 19
29 63 16
81 35 35
28 68 95
18 52 7
32 6 89
45 80 60
8 47 42
79 44 8
76 92 91
55 60 73
37 64 9
54 25 44
47 67 72
64 32 40
46 20 65
16 81 81
86 51 82
65 48 88
15 64 7
20 52 89
96 50 67
15 88 42
43 92 62
72 13 23
92 54 10
73 15 88
95 27 70
85 53 5
48 98 12
95 3 28
71 48 29
67 73 51
57 19 28
14 12 31
84 95 6
88 71 98
49 16 60
84 8 24
93 98 88
17 86 2
29 82 92
56 1 63
35 66 98
46 17 9
9 27 65
60 77 6
20 6 18
49 21 93
29 24 87
50 66 10
44 11 85
34 78 85
85 70 24
94 7 79
18 20 99
62 89 84
81 1 26
53 31 50
14 13 27
57 80 34
68 88 11
16 9 31
19 99 95
99 78 11
88 84 12
20 17 8
24 91 9
15 34 75
87 76 31
41 19 58
35 75 98
15 75 97
76 95 14
82 66 62
78 31 8
92 18 42
85 18 49
32 60 52
21 14 3
11 31 22
1 95 77
73 82 96
55 93 78
13 49 40
16 43 16
41 5 25
50 14 23
54 26 8
59 91 30
90 27 93
80 16 53
0 56 69
10 23 15
91 31 37
44 8 93
36 93 31
80 76 6
80 61 34
74 49 13
52 99 78
47 6 63
4 27 87
78 66 82
79 16 76
17 68 84
6 9 18
98 77 9
88 84 13
2 82 56
51 21 66
47 82 11
51 11 53
58 21 72
96 45 22
37 81 61
38 73 88
71 47 77
55 18 96
68 0 10
48 13 66
27 93 62
85 68 28
71 5 85
48 67 57
4 8 14
68 92 43
32 29 47
77 49 41
33 52 13
10 82 96
73 35 86
26 89 99
21 0 69
75 73 22
17 92 33
85 69 74
76 68 86
70 78 100
64 79 35
17 70 22
61 60 3
84 33 23
38 25 79
25 36 18
10 50 12
79 91 47
12 23 69
99 63 93
80 38 75
78 0 13
44 17 43
22 24 70
47 46 34
75 69 88
90 88 12
93 51 14
75 50 39
83 37 54
13 66 19
2 25 99
48 47 52
66 5 67
84 25 97
86 2 7
11 28 56
59 15 57
78 38 71
2 84 6
91 85 75
57 65 50
28 58 26
52 63 81
18 11 45
17 83 91
33 28 69
72 93 93
39 24 69
95 2 70
57 65 10
2 31 40
1 2 16
76 40 33
16 28 35
37 6 70
37 26 18
56 37 67
94 60 23
29 64 7
58 92 58
94 76 39
96 61 88
58 47 69
25 15 74
29 23 18
86 65 35
50 56 39
12 74 19
30 25 68
88 77 70
26 77 50
79 63 42
92 77 44
51 48 32
97 32 91
62 54 39
36 29 63
52 6 11
48 19 85
71 30 35
87 57 40
43 37 92
90 57 88
8 72 8
58 14 15
27 33 80
20 28 80
54 6 18
1 80 35
15 71 98
74 47 1
61 44 30
67 83 92
21 62 86
50 27 83
59 5 19
14 26 97
95 5 43
73 13 62
60 65 66
30 86 43
74 4 34
24 75 72
72 18 18
25 26 73
64 22 91
72 91 76
60 34 25
67 13 86
58 96 32
91 37 35
67 48 10
76 72 45
7 20 38
83 81 69
21 71 74
0 98 14
20 41 84
41 46 66
18 92 27
57 74 44
48 3 100
95 58 83
32 59 44
3 79 99
5 68 41
74 7 97
92 14 15
69 4 50
53 42 74
47 43 61
51 78 86
77 63 59
90 96 45
69 74 77
45 19 49
87 57 34
52 99 52
57 73 7
68 18 6
55 40 32
89 5 9
67 8 36
99 62 26
53 84 56
25 15 97
41 75 4
78 81 63
85 27 36
5 72 82
13 26 73
24 26 7
80 3 67
22 58 87
63 86 26
56 8 75
7 0 23
34 23 30
57 24 71
38 41 42
7 29 55
13 0 21
33 88 79
46 16 91
65 32 23
15 76 53
69 83 49
48 80 26
31 0 19
23 37 42
13 27 76
26 56 70
60 73 81
40 93 65
37 8 50
6 45 75
46 96 18
72 68 65
33 3 64
93 95 38
87 40 26
48 14 92
11 20 15
26 74 32
84 3 25
46 16 14
80 60 1
8 19 50
82 15 74
32 47 57
84 72 75
94 52 36
87 36 54
23 9 18
14 47 45
4 79 28
45 13 21
68 24 48
26 55 8
83 63 21
33 14 9
87 74 11
63 94 68
46 41 39
22 68 96
1 11 93
20 5 74
79 44 9
24 98 65
36 13 38
1 9 10
76 43 2
8 94 32
47 25 98
51 49 67
14 18 86
88 58 56
52 10 19
50 99 17
51 13 75
52 49 60
54 34 8
87 53 44
29 65 22
4 30 50
71 28 46
3 20 74
58 76 68
69 5 84
69 89 57
86 45 76
47 8 28
68 14 56
80 92 7
79 40 43
44 97 94
17 19 87
28 97 10
8 31 94
70 35 87
61 33 79
99 39 8
85 56 23
62 19 63
83 71 46
1 74 9
2 59 82
57 70 24
84 30 3
92 19 80
10 55 46
85 65 46
43 49 79
37 74 2
12 43 28
70 9 39
67 57 65
72 67 49
93 28 31
14 82 42
70 33 88
50 65 85
68 78 49
96 11 40
19 34 30
86 64 25
21 37 12
56 24 86
47 58 62
99 51 85
97 27 4
1 87 18
29 27 79
48 13 95
7 36 14
34 78 89
51 57 95
73 89 12
1 70 55
52 11 37
55 44 35
50 41 70
14 11 87
53 27 77
35 17 61
86 44 52
8 76 85
45 76 11
33 45 40
18 36 87
14 16 75
99 5 10
90 22 81
92 10 31
43 50 90
59 4 17
76 41 39
31 6 69
39 20 76
7 83 71
32 55 33
77 84 81
86 65 3
52 92 12
7 43 38
84 10 68
26 49 8
76 33 95
42 38 52
46 64 25
74 63 42
11 97 86
32 62 55
42 86 49
47 71 80
90 18 5
55 75 1
35 25 63
25 51 44
98 91 89
65 22 34
92 39 97
83 93 63
0 87 98
98 90 71
7 31 69
68 20 71
78 63 51
36 89 17
10 14 60
5 36 41
37 24 49
48 75 80
76 46 21
81 0 40
71 51 17
30 13 2
12 79 67
13 38 64
20 34 95
29 89 41
18 32 99
98 70 95
43 5 39
53 31 80
79 96 67
20 36 58
46 71 78
70 33 9
35 94 84
91 56 60
23 28 51
86 87 25
67 51 51
5 27 15
40 67 22
87 61 57
41 75 27
50 99 64
71 55 23
6 30 23
95 71 76
81 28 2
43 94 51
0 58 25
35 70 96
2 83 11
82 63 18
96 54 40
37 42 99
54 61 96
6 55 25
26 3 28
97 34 40
68 53 97
8 34 21
20 11 41
90 78 79
6 93 97
54 52 35
84 77 18
23 98 5
14 52 5
74 15 49
37 57 85
42 11 72
69 72 1
96 4 40
73 51 32
37 6 88
87 13 11
72 98 70
79 27 75
61 33 88
11 19 13
74 91 84
81 80 31
79 70 3
17 97 3
12 39 46
59 25 24
41 4 49
97 18 36
20 80 6
28 68 22
64 36 75
77 8 13
75 42 9
18 48 61
48 39 100
48 56 65
56 19 80
90 55 5
88 4 34
67 32 60
79 81 39
6 66 18
17 53 41
34 32 74
64 48 9
30 38 30
54 95 15
56 0 48
43 56 39
77 56 32
90 99 100
83 74 78
74 83 47
40 64 53
86 14 4
86 49 45
76 6 37
26 21 10
62 20 4
26 33 12
25 1 40
68 16 97
95 77 98
64 10 62
61 37 80
69 48 18
87 20 58
98 65 2
78 99 39
77 87 29
40 72 79
53 19 78
23 10 54
82 89 17
71 11 22
74 5 31
97 67 6
24 22 72
62 80 62
48 74 33
19 48 84
45 14 30
16 38 31
53 85 88
10 3 48
71 49 92
6 99 41
97 14 30
32 54 4
8 16 8
99 84 93
56 85 51
89 51 44
83 1 55
53 34 72
59 41 72
8 30 97
53 17 90
7 64 34
1 15 71
95 29 64
93 17 37
23 11 46
27 99 33
73 45 99
84 10 81
41 65 42
88 96 77
97 90 16
22 74 69
7 81 24
73 63 62
16 77 47
85 7 19
87 67 13
57 81 82
48 32 35
65 86 62
83 80 86
13 5 8
51 34 70
46 12 67
55 46 21
34 17 68
62 68 86
59 96 99
17 79 89
80 86 13
13 12 80
49 89 21
71 83 73
4 19 70
29 82 84
83 96 69
41 83 84
77 47 54
94 73 31
20 15 57
19 84 1
37 38 99
4 60 48
74 57 58
33 69 23
7 38 58
90 42 66
86 97 58
18 83 100
77 48 82
52 55 3
3 78 30
68 31 3
5 86 18
6 73 46
91 96 40
57 30 9
60 81 61
93 12 19
34 82 68
64 57 1
67 22 49
82 15 24
14 72 88
47 22 96
29 69 52
31 68 13
48 76 60
69 48 3
34 35 55
74 57 14
38 51 34
39 46 89
85 57 95
5 32 76
8 60 65
72 90 44
27 77 38
90 17 12
29 63 13
1 82 60
40 27 3
17 0 50
63 62 69
35 93 80
11 89 72
15 27 35
24 90 24
27 54 99
12 9 47
26 12 26
88 19 65
7 74 44
88 35 37
24 1 25
81 73 11
14 1 65
64 90 92
12 97 94
30 87 69
7 45 54
28 0 97
7 37 82
27 93 65
12 61 39
84 79 51
88 55 16
77 78 84
28 98 44
85 63 2
31 3 51
37 58 46
36 90 58
21 12 85
61 75 15
72 11 65
81 62 91
61 35 42
18 52 95
88 22 27
31 2 86
56 75 58
92 16 67
1 12 41
20 99 40
14 10 82
6 67 2
4 86 11
84 33 65
6 71 7
12 32 86
80 41 15
2 14 5
0 98 35
30 6 76
20 39 1
85 37 14
18 77 38
26 55 96
0 99 41
45 67 64
7 50 76
20 10 45
96 76 36
55 8 4
26 46 88
77 37 24
83 44 5
10 29 34
84 30 3
32 99 23
61 97 60
21 93 46
24 77 8
66 84 14
31 20 5
88 68 75
77 10 56
69 90 81
92 67 59
33 47 16
66 24 35
48 20 60
20 89 68
21 15 70
91 61 32
41 81 24
42 96 21
45 69 3
40 71 82
72 75 24
12 31 75
16 91 80
82 74 56
96 64 53
11 10 69
50 65 27
17 58 96
93 66 54
82 55 42
94 2 2
69 92 49
17 55 76
3 27 78
85 66 38
6 61 10
91 39 13
76 26 24
53 29 29
59 72 14
13 21 28
17 52 79
69 11 81
68 19 1
94 85 78
6 38 7
94 87 19
64 76 57
70 80 88
80 17 32
82 30 49
73 25 16
67 40 54
49 6 2
97 88 71
22 17 35
64 23 31
69 17 92
30 10 63
99 18 31
48 86 10
74 72 70
55 87 65
13 73 96
12 15 89
12 25 21
62 86 67
42 8 22
90 76 49
41 81 78
72 5 54
24 96 45
72 68 84
51 41 84
40 68 46
58 98 72
53 31 11
15 6 71
30 45 29
55 81 70
96 41 55
47 36 43
0 88 98
46 95 98
14 84 39
97 23 98
70 43 98
72 60 40
0 40 59
82 84 45
66 11 79
96 88 22
82 74 48
42 11 49
32 70 74
58 76 85
7 21 5
62 41 38
10 25 51
19 5 49
12 95 82
93 12 95
38 82 15
37 61 76
93 2 75
82 83 28
49 99 89
73 27 98
10 71 57
58 70 1
95 55 82
16 25 74
86 66 13
73 64 80
61 86 33
79 74 53
37 61 74
5 0 50
84 36 31
50 90 64
89 27 45
46 40 8
71 47 4
36 14 2
68 1 88
3 43 57
33 37 71
3 89 88
84 55 13
39 51 4
1 5 11
43 44 63
64 16 55
69 93 34
88 91 19
93 60 92
31 68 55
86 5 81
69 83 44
64 97 58
16 57 41
10 64 12
51 37 97
87 45 26
41 10 52
14 8 72
8 88 69
8 68 86
2 12 36
83 79 77
56 1 84
52 46 61
83 9 30
47 89 2
6 86 84
15 32 2
87 20 18
74 31 36
62 19 61
30 3 70
45 89 63
14 10 49
61 22 69
17 76 91
20 37 55
23 45 45
10 64 73
43 44 7
78 43 61
82 27 6
44 85 9
51 39 39
5 88 55
42 37 88
39 50 74
1 34 83
50 65 50
93 22 5
2 20 24
10 29 89
20 27 22
65 53 90
53 64 71
19 68 47
79 3 89
1 7 11
57 16 24
56 26 93
63 71 55
34 88 69
72 46 46
80 40 82
28 34 95
26 7 84
38 51 50
0 43 95
15 88 5
24 56 21
89 11 27
44 78 77
15 5 56
79 73 14
40 98 61
51 56 95
29 75 91
90 69 15
7 50 65
47 83 8
10 75 91
12 76 36
99 9 15
76 25 34
40 48 19
40 43 41
50 19 24
51 72 91
80 4 89
39 74 89
65 12 96
51 66 78
7 93 1
13 50 67
50 83 47
19 74 39
47 85 25
40 78 4
45 20 95
83 74 88
54 14 64
28 47 78
91 41 23
37 2 94
51 68 100
97 21 23
55 80 23
97 10 56
61 12 94
11 79 56
70 92 45
38 29 11
92 69 60
31 94 53
13 5 86
12 74 56
10 63 47
75 22 91
92 34 33
9 64 17
27 36 39
52 2 35
6 67 66
63 33 42
66 72 21
68 20 67
57 66 68
36 43 4
72 58 28
59 72 19
81 2 75
90 88 18
58 36 32
11 54 19
97 18 36
23 68 96
15 72 39
32 23 45
85 95 17
17 26 58
41 0 86
34 99 69
91 49 73
44 92 89
62 43 24
65 19 29
81 85 25
52 23 31
71 92 14
92 38 14
53 4 50
65 91 40
8 99 80
95 67 53
96 61 60
42 4 33
65 4 51
6 34 68
11 76 11
22 31 30
26 28 17
75 70 65
33 70 68
67 68 75
19 10 41
68 3 52
6 10 35
13 44 49
76 33 64
98 60 33
58 19 13
83 79 61
52 18 9
75 66 25
74 96 98
41 92 50
99 86 68
95 37 27
11 32 20
45 29 25
50 81 76
29 92 55
86 34 67
41 87 98
79 18 59
52 44 98
67 89 64
14 18 44
79 20 67
29 80 2
79 51 8
18 80 94
53 73 90
28 72 1
64 43 45
90 73 97
75 70 69
60 24 32
70 75 65
18 9 70
39 27 70
32 14 47
87 53 81
73 65 47
55 32 7
11 55 17
65 10 63
41 49 57
84 46 89
9 19 32
48 43 33
71 63 73
61 36 68
38 10 90
54 70 63
82 72 50
47 43 20
89 46 100
17 7 11
40 56 27
61 20 92
70 32 31
74 24 72
84 39 7
84 13 1
41 62 48
64 14 72
47 83 27
4 9 36
3 33 60
64 57 61
42 45 27
70 16 97
95 41 74
84 35 27
77 7 50
62 71 35
37 1 89
65 32 12
26 83 72
10 37 57
83 58 18
95 55 76
54 18 42
22 80 14
90 47 34
11 69 20
82 85 73
67 99 66
92 71 32
47 83 6
1 10 36
90 32 90
24 96 91
97 59 11
24 91 80
41 22 9
58 3 8
38 2 39
70 71 98
68 88 89
94 34 96
15 69 33
0 6 40
98 26 12
52 77 99
54 74 15
18 42 96
0 82 9
22 78 24
55 7 92
81 61 82
49 79 36
50 29 82
82 51 85
77 98 65
32 18 46
35 63 28
41 73 2
29 52 27
14 89 10
51 35 42
31 33 46
93 74 86
31 6 35
11 40 60
0 24 71
84 97 51
24 84 78
30 35 23
49 96 88
40 69 37
60 45 22
64 87 46
28 83 54
40 82 45
12 64 56
60 12 64
73 66 73
77 71 50
1 94 85
94 6 13
19 62 47
4 61 4
15 20 98
63 56 19
61 99 31
92 49 87
8 48 14
53 4 63
57 20 16
16 1 59
40 18 8
90 42 65
19 50 22
61 82 74
58 81 45
70 26 84
20 93 57
62 30 90
61 51 65
87 85 54
94 77 5
88 17 61
11 62 97
41 12 73
77 38 31
97 10 15
2 43 67
75 14 21
92 76 50
0 18 41
33 54 68
37 72 22
75 77 98
79 8 82
41 67 78
12 54 8
7 80 81
49 67 39
36 10 73
88 2 35
86 35 56
67 68 83
13 76 68
73 35 74
23 21 81
53 87 65
19 69 18
49 5 77
28 67 25
41 26 64
16 8 44
6 16 82
52 56 72
0 96 67
41 98 54
49 1 98
79 91 50
17 71 30
17 15 16
28 65 17
10 67 7
83 87 66
4 97 39
7 78 11
27 4 3
93 0 21
93 36 75
96 71 43
27 68 97
82 71 62
59 40 85
82 88 69
88 85 31
35 40 79
50 66 81
47 71 60
30 96 84
15 18 17
78 42 33
37 30 18
41 80 89
97 60 41
55 25 7
17 27 3
48 50 64
37 17 93
0 87 58
14 19 1
98 29 71
41 57 27
40 3 56
27 70 71
10 27 74
20 96 22
66 95 61
96 50 30
53 58 33
97 23 15
17 93 28
49 26 1
11 5 58
30 53 42
18 51 27
81 84 100
90 10 14
73 82 10
54 27 50
49 68 48
61 96 38
40 28 45
76 66 12
86 12 50
25 79 76
65 48 76
14 92 94
3 46 46
43 48 56
8 35 39
8 46 12
44 23 88
90 72 94
28 11 100
63 0 39
7 14 88
79 49 98
13 96 13
5 58 29
0 61 47
55 76 77
61 89 98
68 28 28
71 40 71
76 54 34
79 49 44
63 74 34
7 0 37
88 73 60
5 7 61
4 15 53
63 79 66
23 72 3
9 2 49
27 71 7
96 99 3
24 15 78
46 68 25
64 48 5
67 12 46
97 45 65
77 70 4
41 69 18
73 51 6
4 19 48
11 9 74
35 89 28
61 65 79
41 30 92
44 37 78
4 23 75
51 6 3
98 77 29
62 91 28
62 67 49
17 95 17
89 49 100
68 73 76
43 39 10
83 14 11
77 91 79
18 17 2
65 89 84
80 82 76
17 92 4
53 67 26
28 51 59
96 50 28
54 16 43
92 50 76
50 13 68
2 79 84
84 1 73
13 73 45
15 10 47
78 86 55
92 51 27
74 83 58
64 18 72
73 3 46
73 48 75
65 0 78
66 17 35
73 33 37
1 26 62
79 8 79
60 70 100
11 44 26
54 57 74
50 51 53
70 16 67
52 98 22
58 96 62
25 90 39
12 26 14
17 79 54
80 23 17
25 14 72
75 21 89
85 9 47
95 22 79
4 1 71
67 13 8
57 15 87
3 43 30
61 14 15
98 87 10
62 85 56
7 13 23
17 20 61
1 49 1
2 17 58
18 30 53
91 25 79
92 74 40
12 9 43
18 39 64
1 41 68
43 47 76
38 75 95
99 3 32
99 84 54
28 4 52
74 31 44
59 54 10
73 49 48
46 77 15
42 52 25
15 47 17
24 92 48
49 65 18
39 65 57
37 42 57
64 36 88
99 79 37
49 61 62
40 63 50
33 22 9
85 1 44
22 60 41
46 79 13
3 45 83
10 56 41
31 91 92
64 37 92
4 19 5
8 18 37
90 22 43
29 33 55
79 26 73
42 18 45
43 60 33
21 17 84
27 60 1
11 62 98
88 47 29
53 41 39
16 49 80
79 40 77
32 11 37
42 57 3
55 7 12
57 55 90
85 54 55
23 62 58
53 46 1
4 86 71
12 35 43
87 86 67
44 59 31
56 42 66
81 92 34
50 42 20
17 47 25
62 4 23
28 77 4
80 21 18
31 42 61
3 97 8
39 83 74
61 14 61
50 98 1
13 26 52
28 14 27
52 15 42
69 20 100
11 10 38
15 31 26
72 42 70
65 55 3
61 23 72
97 57 1
69 74 18
26 88 63
33 34 66
83 67 66
7 79 100
80 91 55
9 78 6
9 31 47
5 79 53
31 80 63
89 59 23
19 67 96
53 80 55
25 65 39
20 89 21
75 33 87
32 62 53
21 68 7
32 16 65
94 1 97
61 14 95
29 53 40
67 3 8
21 63 7
92 86 70
28 3 84
73 48 51
35 63 8
70 20 88
46 56 36
3 86 27
0 46 29
90 43 90
41 10 30
17 11 75
18 58 4
55 85 24
77 32 47
18 86 56
12 93 2
53 58 88
50 11 50
78 17 27
93 22 63
58 5 70
42 71 74
69 84 78
50 6 72
18 25 79
37 94 27
70 45 80
55 16 31
3 80 63
15 28 23
14 44 31
49 77 52
12 41 69
9 12 89
56 76 14
81 50 5
28 41 7
73 43 43
94 4 32
30 66 81
80 78 49
1 3 21
90 48 36
68 23 66
73 67 4
21 55 11
2 84 26
65 25 72
47 12 71
0 6 32
86 30 31
26 60 94
80 67 57
75 34 73
41 29 73
70 85 54
2 25 64
36 12 4
99 21 14
83 95 25
77 38 83
66 22 37
83 42 67
41 59 86
64 44 31
15 28 23
96 98 22
68 33 45
82 70 57
96 80 93
2 86 81
87 45 53
84 21 73
10 73 72
74 46 22
68 55 38
91 14 10
10 28 29
38 65 32
92 16 69
40 79 55
57 94 8
93 84 58
30 35 13
73 76 16
62 21 80
91 75 27
79 48 63
7 6 78
17 50 23
71 28 31
93 35 87
69 14 57
17 24 58
29 48 78
37 41 93
29 39 64
99 92 41
61 38 67
96 75 71
24 78 97
38 40 9
18 20 39
95 72 93
77 88 94
35 62 7
95 50 88
95 74 76
43 78 69
21 70 85
74 12 22
36 69 85
96 69 51
95 48 64
59 9 53
5 40 89
71 66 24
66 61 52
88 82 97
5 48 33
65 72 90
5 32 76
44 71 42
29 36 16
93 53 99
4 73 59
93 99 18
57 63 13
18 95 91
1 82 85
43 88 82
54 85 56
70 0 7
67 38 19
31 24 50
18 5 21
88 77 2
97 4 73
12 30 67
11 91 59
34 11 65
50 69 13
85 93 47
62 75 24
50 18 84
91 82 18
36 43 7
72 2 70
51 74 27
2 57 68
36 67 41
55 14 90
81 44 91
72 26 51
71 16 15
3 29 24
22 35 68
67 69 42
55 23 100
4 73 58
19 31 85
48 47 37
2 32 66
93 83 75
7 27 63
6 47 52
0 85 51
15 70 25
91 70 71
23 0 31
1 51 17
55 52 92
20 81 38
58 65 23
49 9 17
58 52 10
58 52 26
67 81 55
49 72 64
62 15 63
98 11 35
84 93 56
74 98 76
10 49 33
38 73 67
89 87 63
5 53 82
56 91 100
4 27 49
98 89 98
74 99 45
96 44 96
21 91 82
4 19 14
47 66 12
57 77 49
65 4 58
29 66 62
62 61 88
67 22 70
37 42 13
82 46 29
2 42 21
47 50 99
29 79 16
79 31 19
27 80 23
80 11 91
40 81 92
79 65 71
97 90 17
51 60 52
70 96 47
51 2 76
3 54 70
34 77 34
80 55 31
60 13 34
49 96 32
71 97 48
75 54 16
44 12 80
47 67 3
31 38 76
39 79 53
82 62 99
57 22 39
38 46 73
99 43 82
83 64 19
37 12 89
22 97 70
67 58 9
21 22 7
36 1 73
48 76 26
93 66 59
87 27 7
6 25 40
87 89 63
53 48 95
86 14 81
19 75 5
0 44 14
52 84 47
7 31 53
43 20 14
75 90 68
32 39 19
94 74 94
63 27 41
44 57 31
91 93 14
31 95 33
38 24 43
14 1 100
98 40 83
30 32 6
60 0 75
81 3 28
8 12 9
72 12 79
61 47 56
48 47 46
88 80 43
53 96 76
69 30 85
69 84 56
4 94 20
52 36 81
40 21 45
8 16 58
9 66 75
81 91 30
49 29 9
87 65 89
83 12 23
91 97 66
5 99 18
61 60 33
2 12 98
99 68 99
3 64 40
23 61 46
11 25 80
46 81 54
26 61 88
92 56 45
17 61 99
47 4 73
88 4 21
53 75 30
73 18 98
88 62 96
65 54 20
40 1 27
77 78 71
21 40 77
59 83 33
54 3 99
73 19 74
24 90 12
25 31 63
19 5 77
74 97 27
16 42 82
38 95 80
58 84 32
41 76 84
77 11 99
62 56 57
59 36 88
1 70 61
22 49 23
37 29 33
17 89 92
73 97 37
9 11 67
84 71 76
27 11 91
88 67 46
93 72 1
81 78 36
78 91 54
15 90 45
66 15 92
58 40 49
19 5 35
5 76 12
82 46 30
41 90 6
95 96 59
66 33 21
93 74 64
99 96 28
36 9 6
22 31 24
70 58 73
27 68 30
1 84 20
25 87 40
32 41 1
82 46 2
46 40 77
69 93 16
59 18 84
82 32 81
77 34 26
36 51 33
80 79 2
56 62 54
37 87 82
12 80 36
90 99 17
91 10 69
96 91 100
68 40 34
8 6 54
19 93 26
65 49 83
64 8 3
19 13 27
87 5 55
77 88 97
49 67 53
29 51 98
20 19 33
27 15 78
1 7 66
15 38 59
70 14 92
90 99 64
3 56 13
84 89 37
2 50 35
98 35 71
42 49 21
63 35 57
67 46 85
56 2 24
77 91 20
76 0 94
13 72 36
86 58 82
34 60 84
0 34 76
29 10 13
6 76 2
72 32 86
15 42 14
42 47 31
68 83 92
32 74 10
35 99 90
38 52 64
79 28 21
78 85 67
45 12 57
17 81 32
47 49 15
22 75 97
68 94 86
4 8 28
74 88 83
42 57 74
75 28 50
15 37 60
21 60 62
96 19 87
80 28 30
25 66 29
15 63 20
57 65 84
39 58 69
81 58 26
10 3 18
48 99 59
92 76 72
49 85 70
9 48 79
26 42 46
31 24 69
59 15 3
78 91 30
23 65 77
14 75 20
84 30 94
68 53 14
70 11 91
77 88 34
90 34 6
1 91 26
47 50 37
30 41 75
74 77 81
52 57 68
29 42 4
19 38 66
34 0 29
77 95 67
79 48 5
17 10 21
41 65 36
66 3 66
39 95 7
79 49 38
53 86 94
33 6 44
1 55 41
59 81 100
22 92 5
22 75 30
41 40 22
17 15 84
47 68 96
92 95 39
29 47 13
43 2 11
49 88 29
51 29 64
79 84 8
41 69 25
55 29 23
40 47 67
66 84 2
79 91 40
77 63 96
75 15 53
23 50 52
41 95 96
25 75 64
48 55 89
89 15 87
99 37 58
46 72 75
95 67 38
19 97 30
12 15 27
35 87 90
45 92 87
33 25 99
39 48 77
56 27 88
58 87 59
43 46 95
69 3 60
20 73 28
24 36 20
82 2 84
67 40 39
96 62 40
23 29 61
72 31 90
92 48 83
52 75 57
53 39 88
14 8 14
60 23 94
8 90 12
77 56 19
16 86 16
43 40 70
93 34 94
87 83 75
22 50 60
45 92 73
98 68 87
78 54 50
55 48 4
60 15 32
10 25 90
37 50 22
20 13 92
16 60 11
64 60 10
42 44 78
23 27 82
30 64 43
98 73 48
13 68 49
29 26 57
11 19 88
34 8 82
75 10 26
65 29 53
91 70 77
54 97 89
26 71 44
71 6 76
18 51 52
48 10 61
27 80 47
79 80 80
95 0 9
49 76 17
79 1 88
26 71 86
17 25 57
14 24 6
90 48 67
15 36 16
77 41 4
41 74 20
44 20 51
63 87 38
65 54 38
42 10 88
57 86 42
64 31 79
49 61 74
92 61 74
92 4 83
91 79 3
22 69 28
57 16 93
79 37 49
37 55 10
78 40 2
60 83 79
3 69 70
50 8 39
33 89 58
57 70 93
76 34 65
21 25 55
78 65 87
34 41 36
61 69 64
74 64 48
97 90 33
62 89 77
95 98 1
67 33 22
68 91 43
22 14 26
7 87 72
97 14 80
16 45 76
62 0 84
81 28 54
43 27 77
44 99 10
13 39 23
7 72 81
92 72 22
25 79 72
41 39 34
75 5 18
66 26 1
81 89 66
95 88 37
95 97 100
84 87 52
10 75 84
38 83 85
39 56 78
85 95 67
87 52 100
39 83 81
81 23 60
36 84 28
27 54 8
16 88 47
57 79 22
34 53 8
37 78 44
19 86 66
34 11 51
34 60 27
71 9 80
63 89 27
14 84 45
65 85 30
70 93 91
42 80 76
74 91 18
42 51 77
48 67 25
49 96 76
82 90 91
26 38 65
23 61 11
7 24 1
88 16 71
33 91 36
51 29 77
18 91 5
32 58 88
49 45 7
82 24 59
85 42 32
97 66 59
56 20 33
86 97 38
68 7 48
63 58 11
17 33 53
63 41 79
59 55 98
25 87 72
20 24 59
76 32 50
93 9 64
98 58 37
50 74 36
30 38 13
73 72 40
68 21 83
76 40 84
36 76 10
25 36 52
28 3 37
60 84 42
73 11 59
42 65 57
21 84 11
54 63 90
99 51 6
13 52 38
39 35 2
54 56 35
56 5 94
48 30 17
56 46 82
63 53 84
60 47 73
35 83 81
83 61 6
9 28 17
56 13 31
15 56 20
85 36 57
47 8 7
46 64 96
36 14 48
18 94 60
70 29 85
54 11 59
14 16 97
73 46 95
51 71 7
51 18 19
9 79 93
92 77 37
4 23 4
59 36 43
50 72 16
27 79 43
23 33 64
14 69 29
23 26 92
71 20 37
32 66 8
65 5 15
60 40 89
3 83 1
4 77 45
5 76 91
68 47 6
35 78 17
80 18 5
85 5 34
27 57 86
2 29 12
36 94 13
89 67 64
45 94 7
42 0 25
74 95 97
50 15 39
95 34 30
42 31 32
46 23 49
35 77 37
78 68 44
8 20 98
90 64 28
92 99 91
41 54 1
12 93 92
59 43 12
84 87 65
69 39 90
38 41 51
52 46 1
1 97 28
25 70 74
92 42 63
60 9 52
11 76 40
40 24 54
1 25 75
95 80 100
77 38 47
82 70 2
58 26 58
19 64 95
21 15 46
47 13 47
30 47 32
92 75 46
56 71 63
74 15 34
58 79 11
78 82 43
47 45 43
75 12 60
90 64 40
10 90 49
57 25 95
57 86 98
36 80 61
67 51 11
5 29 47
38 1 29
62 38 90
92 29 10
79 51 71
66 62 17
19 30 77
87 97 29
27 58 39
70 20 36
12 7 80
53 85 87
16 52 87
67 86 25
19 29 16
20 33 28
10 72 99
45 98 3
76 44 38
93 97 7
95 55 6
40 42 51
38 2 71
50 52 84
78 77 54
35 69 24
84 94 33
13 62 30
89 42 59
23 17 43
6 66 80
59 8 95
75 44 16
16 11 38
67 24 94
50 38 25
15 25 85
63 97 75
92 54 49
29 46 79
53 31 35
85 44 91
85 7 27
30 18 34
54 76 58
89 7 94
28 12 13
87 52 66
91 88 19
8 92 3
27 55 35
74 71 5
18 37 79
20 15 90
61 8 48
92 14 52
76 12 75
84 29 25
73 90 37
58 10 98
80 34 95
75 67 31
22 53 46
28 84 94
26 98 87
50 34 50
27 22 29
10 60 8
44 30 60
48 69 9
38 56 81
89 70 20
2 95 25
84 14 96
90 6 43
17 99 75
0 91 45
23 6 48
2 63 62
29 57 46
66 68 35
4 66 73
97 85 86
15 47 41
81 29 52
92 39 63
72 92 2
0 8 80
3 72 37
90 51 32
19 22 37
39 57 62
6 55 15
85 69 2
45 48 11
40 88 81
23 73 30
23 63 28
70 87 24
6 29 4
22 30 77
42 46 71
17 74 49
0 10 83
73 33 8
52 16 65
13 81 30
7 20 40
3 34 81
66 50 29
30 64 91
38 54 90
15 72 60
69 30 9
67 43 3
59 82 14
44 61 26
53 27 42
42 63 66
0 63 20
10 98 53
65 6 23
14 40 26
29 37 94
74 86 35
86 62 58
6 81 7
70 42 52
75 41 8
67 11 58
16 96 58
26 36 90
79 36 82
58 71 98
22 36 49
79 13 55
39 0 87
70 30 51
93 68 67
60 63 86
85 62 40
84 59 46
42 18 85
76 93 78
31 14 42
5 39 55
41 23 40
44 20 79
37 15 71
50 20 29
69 3 71
97 64 5
97 79 89
14 50 35
84 33 13
36 87 2
75 85 7
1 77 63
35 21 80
23 28 68
61 91 98
65 39 29
85 58 36
97 65 40
8 1 4
48 66 75
18 63 66
34 27 50
72 9 57
76 55 48
85 70 21
69 67 82
67 96 13
28 25 88
50 97 16
55 38 96
81 72 58
16 93 31
53 97 11
53 57 4
61 27 44
59 39 54
87 21 80
34 31 89
20 91 51
73 74 7
8 7 50
87 8 65
42 9 37
15 98 92
80 58 71
95 55 79
13 35 47
13 62 45
23 48 63
71 85 44
2 12 35
83 34 67
47 95 97
27 0 3
20 95 69
80 70 44
92 23 71
76 60 12
73 91 32
83 20 76
59 55 71
43 40 32
52 25 68
20 93 81
65 34 25
71 86 55
84 35 1
87 82 64
63 53 40
23 98 26
67 30 98
80 39 1
46 43 60
13 95 65
50 80 47
95 42 34
89 16 90
47 81 58
65 33 78
15 9 48
95 7 70
92 50 32
37 0 9
51 39 94
76 70 90
71 76 87
14 9 46
21 24 39
92 97 84
61 97 43
11 85 16
43 84 87
46 96 24
5 25 72
16 6 21
91 78 65
35 49 89
18 2 23
86 74 34
46 48 60
63 22 45
32 26 96
78 75 54
86 73 29
14 76 55
83 13 76
32 49 60
58 64 1
37 42 83
29 83 44
5 24 25
87 80 56
68 2 2
28 20 71
96 73 88
53 85 18
2 61 85
89 12 17
82 88 90
54 9 61
56 57 29
63 86 73
64 76 25
92 95 93
98 51 81
51 92 55
29 23 89
82 98 16
77 79 95
1 38 87
82 48 79
65 2 10
60 34 57
9 31 34
78 31 93
82 76 45
33 15 31
93 86 91
16 4 24
79 72 25
28 94 59
95 90 25
99 21 56
29 27 48
5 81 1
74 64 92
97 27 30
20 5 65
52 49 45
82 89 17
56 12 34
48 78 36
81 51 24
69 64 99
50 26 61
31 4 5
70 62 48
57 97 29
11 26 2
31 39 51
15 86 6
49 0 14
73 3 57
31 12 18
44 40 39
21 95 35
33 43 99
7 17 90
39 8 59
41 57 95
1 54 44
42 40 92
6 33 97
24 77 54
80 63 97
6 79 13
1 80 15
98 56 43
54 57 77
42 86 5
35 3 87
91 67 9
96 43 85
19 22 60
64 98 90
47 97 76
29 57 79
55 59 8
95 60 89
20 66 49
67 19 17
82 6 38
61 81 26
32 74 20
69 48 10
59 13 91
63 36 33
73 50 11
39 88 37
16 60 4
20 91 20
14 52 35
1 20 42
75 24 63
88 34 45
90 41 99
84 67 3
76 52 32
65 69 75
97 15 97
2 38 23
76 9 51
34 39 20
56 53 20
89 21 58
84 74 64
15 45 2
71 33 17
28 89 92
43 68 1
31 92 3
77 97 79
58 99 91
23 32 39
69 39 95
65 12 2
37 6 43
8 96 9
43 18 58
25 38 43
15 73 94
40 15 32
96 50 4
23 43 70
89 38 51
60 2 4
79 93 49
26 10 53
9 90 41
44 77 26
44 33 2
70 68 71
2 19 100
39 5 70
57 87 90
40 18 88
50 60 34
51 69 71
78 59 35
73 23 31
57 92 62
91 66 73
65 84 17
52 65 61
66 5 27
62 58 86
65 88 15
52 83 71
11 5 41
15 80 64
8 75 5
79 69 16
74 19 90
38 43 38
17 89 67
78 2 82
16 23 49
6 13 87
89 51 84
50 49 3
98 64 42
58 70 75
32 99 35
14 78 13
62 72 81
46 0 38
37 85 12
0 33 58
64 91 72
19 6 88
48 59 46
49 83 1
16 57 84
87 73 90
78 81 66
99 88 45
57 69 68
58 71 35
59 17 96
10 97 68
3 66 63
38 21 79
98 69 45
4 94 50
17 37 8
14 89 69
37 14 1
55 0 13
45 63 16
11 89 81
31 70 55
81 74 93
89 18 74
49 8 76
0 95 83
58 94 80
76 42 34
92 7 39
76 63 93
25 76 87
99 12 73
6 15 12
49 32 87
73 6 28
87 70 58
72 54 52
71 16 89
69 95 88
87 39 36
6 63 55
18 98 18
47 34 78
70 36 23
74 24 10
68 16 57
33 46 42
3 25 55
33 80 9
44 26 80
98 52 23
60 37 83
32 42 25
75 25 45
79 1 60
66 51 55
56 74 9
58 44 62
99 15 42
72 29 59
21 69 71
29 51 44
73 35 28
59 20 78
6 47 3
71 93 54
86 94 56
46 84 30
51 73 23
78 33 9
39 1 1
22 87 57
29 78 85
98 47 24
11 42 23
81 92 12
82 57 96
58 89 26
67 80 98
3 33 44
37 32 99
28 40 66
74 43 48
22 25 11
44 48 81
83 71 22
1 86 31
81 1 69
21 72 27
10 51 24
41 61 30
21 70 56
32 68 32
92 39 5
91 64 76
0 76 5
38 63 74
63 27 83
53 94 9
73 17 29
64 56 94
18 52 70
55 15 57
60 17 9
15 35 57
94 67 4
58 73 52
15 68 95
7 48 15
85 30 99
85 33 13
7 66 65
64 50 50
67 25 69
68 15 41
11 99 48
12 39 79
2 70 22
38 92 38
98 6 14
67 66 89
74 67 89
47 29 28
19 92 8
33 90 99
69 13 25
24 41 43
57 17 48
94 90 88
32 38 74
29 94 84
26 51 23
50 34 82
3 73 29
4 16 88
15 32 71
24 86 20
96 10 57
3 39 45
81 95 55
24 73 65
95 21 13
3 1 33
10 8 68
44 62 90
13 88 15
36 41 24
57 56 93
55 34 84
20 76 14
10 83 38
61 86 59
98 33 27
0 93 80
75 53 51
59 39 64
90 96 71
72 19 19
71 22 91
44 14 58
66 44 17
11 93 75
16 54 63
42 94 39
57 79 35
65 57 78
6 61 69
97 41 83
36 68 45
41 1 3
35 29 67
74 73 14
10 64 83
6 4 71
81 55 62
31 62 76
63 18 27
40 54 97
30 70 46
27 63 91
34 99 92
69 47 14
65 25 75
66 59 53
74 1 6
64 56 15
71 47 57
68 47 56
36 42 14
26 63 24
80 48 33
32 25 51
58 86 85
76 72 22
36 70 59
19 84 26
7 94 33
96 86 47
25 82 36
75 12 1
74 68 52
12 24 61
2 62 56
38 31 22
65 72 57
85 1 29
84 24 97
40 45 41
23 0 70
2 74 99
46 85 59
18 20 18
0 68 87
82 70 77
72 64 20
48 71 54
55 13 85
92 13 44
84 5 13
31 1 91
41 0 90
21 7 95
43 15 99
16 36 3
46 28 89
2 96 98
43 23 16
64 19 59
13 69 15
57 21 2
70 98 90
73 1 53
88 10 1
3 74 21
76 82 2
18 35 67
36 39 78
60 75 32
59 4 74
59 50 11
54 28 73
43 85 37
67 58 4
80 88 17
22 19 80
65 53 23
62 37 50
21 32 20
21 65 96
98 79 69
37 29 27
63 84 82
37 58 40
31 34 28
25 59 57
53 69 74
46 32 28
66 17 93
53 71 67
78 34 2
10 66 8
14 2 49
39 26 68
44 95 90
11 56 60
67 64 34
13 34 14
4 53 36
39 19 25
97 82 11
11 43 23
58 14 95
77 78 38
14 74 7
57 94 86
53 56 89
58 15 61
87 56 32
87 16 84
88 53 17
9 78 79
39 55 1
11 26 89
0 19 8
48 87 100
67 35 42
63 58 85
16 3 88
60 77 48
46 84 25
24 65 57
6 69 28
22 90 2
14 63 81
22 49 74
8 7 6
75 18 20
33 13 65
15 80 60
15 18 92
66 48 20
65 50 43
36 2 16
16 10 6
55 32 47
62 12 20
95 40 20
77 45 82
54 50 39
78 77 76
7 58 41
19 76 69
10 37 30
1 31 50
48 71 11
13 24 95
60 5 69
1 91 21
46 23 92
5 15 49
31 27 21
66 74 54
45 18 3
35 46 82
78 61 52
87 76 51
34 51 31
6 45 33
66 84 46
51 46 49
29 69 27
41 64 39
49 71 11
30 38 56
55 78 61
14 91 17
86 85 7
82 34 47
93 12 83
5 71 5
15 37 10
47 13 83
18 83 91
21 44 3
3 96 75
23 20 25
23 28 76
99 24 68
57 8 27
63 17 24
91 52 23
71 7 65
28 86 52
32 46 60
29 14 88
99 47 57
94 54 28
90 97 39
84 90 92
71 65 38
2 41 31
91 53 84
71 76 50
41 24 6
31 4 3
18 94 87
78 46 20
36 16 78
15 22 89
39 92 7
92 80 33
41 65 33
55 44 74
90 20 91
6 46 77
15 98 3
0 88 3
12 33 35
85 33 90
53 73 53
59 7 10
2 83 36
76 0 79
11 85 73
2 49 70
6 91 74
9 46 90
66 12 59
61 92 98
13 67 94
26 76 47
40 71 3
92 85 99
27 60 5
24 9 28
86 12 71
3 30 8
94 87 47
44 70 44
37 18 28
94 57 46
57 35 35
82 83 24
45 84 73
3 79 21
97 57 71
56 89 84
6 92 51
63 66 14
41 78 51
8 82 59
14 95 12
92 68 24
7 50 23
14 55 50
71 59 48
31 52 42
92 0 58
16 63 56
69 56 51
76 91 38
98 26 75
27 99 100
44 16 38
27 69 68
77 91 3
0 77 67
88 90 63
99 30 89
71 98 77
5 26 61
0 90 72
58 67 32
13 93 65
27 65 43
80 56 15
49 22 52
38 44 64
84 12 47
98 7 88
81 98 52
48 73 45
44 5 36
8 96 25
87 41 79
90 30 86
97 37 20
32 80 59
80 16 100
49 66 78
13 3 72
31 67 23
69 45 95
32 48 11
25 89 16
71 30 40
39 49 40
77 15 44
9 19 36
6 38 92
71 30 77
85 79 54
80 18 6
52 16 42
36 80 28
46 66 71
8 66 8
65 35 72
61 73 36
40 33 83
31 1 56
22 80 6
23 44 76
5 53 91
45 99 35
6 46 52
29 17 61
10 0 81
33 24 1
9 76 13
96 30 68
16 35 46
9 94 67
93 86 19
48 0 44
69 76 71
84 96 22
49 98 76
46 28 60
14 77 31
20 26 63
16 46 44
89 52 22
77 64 64
26 50 61
58 22 9
75 85 71
28 66 32
42 90 86
34 14 5
84 70 76
18 39 15
37 76 87
97 45 2
97 59 52
98 35 54
74 47 59
51 79 47
68 53 9
7 78 50
89 17 81
1 13 26
33 16 93
37 5 11
42 39 15
89 32 38
54 20 40
75 53 16
64 36 47
61 28 81
40 59 6
14 43 82
31 74 23
3 2 81
4 42 43
49 74 34
78 42 85
83 97 12
8 86 45
84 86 67
14 84 96
13 3 20
43 35 59
85 75 8
87 53 98
31 54 19
54 60 50
51 2 13
35 56 69
97 12 23
53 98 41
59 14 12
5 81 77
46 56 99
48 56 16
21 87 81
19 68 2
42 65 22
45 49 45
56 33 72
66 27 89
80 94 90
48 91 99
33 3 73
69 10 6
53 9 69
17 84 92
18 41 78
44 99 97
18 81 2
8 63 16
24 44 5
53 56 81
86 27 15
20 58 60
40 71 26
39 45 94
5 91 16
63 37 93
33 92 13
94 85 90
36 79 68
42 79 23
84 5 44
47 57 56
94 73 21
89 9 67
58 65 3
42 12 48
69 23 88
47 75 65
46 90 72
6 42 58
19 52 79
9 27 13
42 92 58
80 95 9
20 38 14
92 34 45
59 41 47
31 76 68
0 43 12
89 20 17
82 29 70
72 97 18
2 49 54
43 16 79
24 0 88
2 3 31
51 38 87
28 15 2
65 35 58
38 77 31
18 12 68
18 9 10
33 72 32
53 30 6
57 55 32
9 5 53
23 63 33
7 17 86
73 45 67
43 68 2
75 78 10
56 64 37
52 71 79
47 55 99
28 65 38
58 68 39
95 59 97
41 84 7
43 20 88
83 43 96
92 93 14
95 90 68
76 92 32
93 86 6
58 80 11
93 27 73
40 28 47
17 79 75
28 35 24
86 3 17
0 79 37
79 9 61
82 32 71
12 69 21
29 75 91
26 91 44
86 14 90
6 82 19
54 63 68
81 62 78
88 13 54
65 21 84
5 52 51
6 3 32
94 79 42
7 50 50
73 17 67
21 58 9
54 4 48
98 3 41
22 56 37
77 36 70
56 94 52
87 70 6
81 43 58
8 22 88
95 49 50
69 17 62
6 26 65
13 0 89
13 69 67
66 40 31
71 51 76
88 82 3
60 33 71
45 5 99
10 23 60
79 37 97
49 57 38
53 42 10
9 98 16
96 55 34
56 31 29
60 99 93
31 59 67
66 88 76
2 19 94
79 32 9
96 54 25
54 76 46
26 92 71
31 17 29
65 67 72
68 61 95
87 37 100
69 73 46
76 16 96
67 19 16
55 49 50
78 84 8
46 53 56
47 43 66
94 75 43
54 14 81
81 83 98
57 94 22
72 39 54
80 68 27
86 87 61
62 3 50
35 5 5
30 36 73
51 13 59
90 43 38
91 72 25
3 29 52
63 46 82
72 92 26
68 9 83
2 23 71
64 31 39
27 31 84
81 65 68
36 3 34
74 48 54
32 79 72
32 1 9
63 55 83
37 79 96
6 78 55
8 24 76
0 61 97
70 46 58
99 1 64
18 24 52
7 19 11
54 36 26
38 8 26
18 35 96
99 7 54
93 84 81
26 20 15
22 24 72
24 8 69
27 16 20
45 90 46
9 57 23
85 49 21
74 32 23
86 42 13
2 35 41
84 97 12
12 67 60
57 48 46
86 97 78
13 85 14
3 71 12
33 15 40
56 31 33
0 71 95
35 42 21
88 44 66
93 19 59
30 52 41
59 69 5
22 18 70
57 63 7
17 77 71
92 60 99
40 92 73
54 21 6
93 94 100
83 8 64
26 67 12
87 8 71
31 72 8
98 25 60
32 30 76
60 96 74
74 22 12
67 66 94
70 4 75
8 56 35
74 83 1
86 63 47
3 34 97
60 73 59
16 82 4
93 73 71
19 51 2
61 95 70
84 26 10
45 24 55
64 61 17
49 81 28
93 81 54
3 16 40
58 93 19
47 85 26
42 89 63
25 15 19
9 50 39
8 97 48
79 59 40
4 89 26
17 27 74
93 51 14
51 89 20
15 35 82
85 95 56
92 15 12
14 66 45
26 2 92
28 47 48
52 4 100
56 84 45
49 23 31
16 52 33
58 37 90
20 46 94
24 80 28
33 10 50
73 24 46
74 12 42
4 65 50
72 57 53
97 14 55
60 28 30
36 61 23
14 83 25
68 49 3
40 2 62
74 80 99
83 95 17
29 36 12
60 85 27
32 90 16
55 25 40
42 90 42
20 38 45
31 87 100
58 78 42
86 37 18
40 82 43
87 58 8
69 55 22
61 35 83
26 4 100
62 72 14
42 70 87
24 9 24
65 32 9
40 57 66
90 29 73
77 76 100
16 39 49
0 86 29
22 21 64
68 34 79
68 13 90
45 14 11
3 99 32
99 94 65
89 53 17
26 20 36
34 33 53
92 45 100
61 11 13
31 70 70
20 16 55
93 64 25
62 27 81
66 20 69
44 18 70
77 79 64
97 43 4
87 60 75
32 23 14
42 32 2
88 4 78
57 26 3
39 44 25
3 34 41
9 82 56
69 92 98
7 40 19
13 97 84
65 53 74
0 15 46
99 76 87
66 5 13
80 3 34
42 77 68
51 82 21
94 87 56
59 57 65
90 39 16
72 74 72
10 28 100
97 43 5
30 35 55
1 61 66
26 91 89
33 1 94
27 23 92
43 94 71
30 55 49
24 51 18
48 70 36
74 64 30
89 84 17
58 84 72
1 72 49
72 79 40
39 47 57
21 62 81
88 93 87
70 79 23
5 75 6
37 2 2
70 71 95
39 69 99
48 96 8
41 20 33
63 44 36
16 56 52
59 57 44
48 47 3
89 55 60
55 97 86
10 98 6
93 67 41
99 28 3
81 12 62
80 9 77
21 11 79
79 43 55
95 76 83
76 8 62
86 91 86
28 94 28
85 41 26
52 27 90
8 26 9
31 87 98
96 85 28
82 28 79
55 38 86
11 37 58
90 41 37
93 32 15
44 17 75
79 70 82
65 14 10
13 78 61
31 10 89
16 9 10
82 52 88
55 60 97
55 42 79
37 27 16
89 23 40
12 30 16
41 21 67
40 17 3
16 24 54
40 83 1
22 74 76
26 37 4
23 11 65
51 74 98
38 79 20
54 34 70
11 0 86
96 69 82
90 76 81
99 6 64
93 56 82
94 81 60
91 88 60
4 62 37
91 50 82
77 2 2
38 66 3
62 46 37
23 83 90
33 28 20
17 87 40
42 63 11
3 19 89
19 88 16
27 6 91
84 89 35
11 74 36
53 0 34
88 59 80
20 22 74
18 34 59
51 0 81
16 85 94
83 89 4
29 20 77
0 54 79
57 54 35
18 21 70
7 70 16
42 22 74
68 66 49
36 81 33
65 63 16
55 7 23
52 65 19
66 49 79
2 80 86
81 58 30
59 70 58
89 24 1
91 14 89
77 17 77
87 61 23
91 94 53
21 57 32
41 32 52
2 20 97
26 41 87
24 91 12
32 28 2
18 86 96
71 90 84
92 14 72
59 66 17
67 32 44
15 62 75
59 49 55
30 46 34
78 38 36
68 35 8
2 50 11
20 21 5
34 39 68
15 46 15
29 90 56
16 33 17
23 97 39
9 63 57
46 45 92
45 80 33
91 12 62
61 31 94
82 60 65
25 20 19
2 57 38
9 89 27
7 25 65
26 89 68
3 47 74
12 6 12
59 37 3
15 77 77
26 65 38
51 77 66
95 37 10
79 57 48
76 29 62
68 12 66
24 46 27
44 97 43
58 91 98
67 49 83
26 8 76
7 26 73
59 93 96
54 74 30
61 63 14
59 33 97
24 30 47
86 16 88
45 84 89
0 49 99
45 44 66
36 95 36
18 23 45
68 26 23
63 3 88
74 65 46
88 30 55
35 53 94
3 19 100
6 65 96
97 98 7
12 97 31
71 14 43
28 74 71
18 20 14
68 85 57
40 84 28
80 13 50
31 97 64
0 48 5
1 95 76
7 60 95
79 41 36
40 47 56
87 10 23
44 40 18
1 21 24
54 32 2
86 91 40
31 34 83
66 51 93
9 17 98
28 53 99
94 50 61
83 87 27
86 99 35
15 53 70
72 80 93
26 66 66
34 25 91
45 21 49
34 73 2
5 95 93
51 86 20
57 94 88
81 43 30
39 11 4
29 70 15
65 26 71
46 33 82
52 45 2
84 31 90
1 30 1
74 10 32
0 86 60
16 87 90
62 43 23
21 20 25
80 11 30
1 15 66
91 37 95
27 25 38
34 20 68
41 6 59
9 93 5
70 82 32
31 19 72
56 50 88
29 79 84
79 76 20
82 39 67
98 5 22
65 95 14
20 80 82
91 66 78
53 0 93
63 53 88
2 35 45
81 90 28
14 23 42
38 17 94
57 40 72
86 71 2
86 61 13
68 11 24
84 2 51
18 71 34
26 50 12
21 71 96
52 22 73
4 83 73
12 39 83
90 84 82
48 17 71
2 53 19
42 57 63
81 82 67
55 62 18
98 26 57
9 31 5
89 81 67
79 44 35
85 54 44
66 82 95
81 68 83
65 27 67
67 77 81
88 11 37
55 91 22
95 46 19
29 78 18
86 20 6
48 69 35
69 9 6
69 43 83
46 11 67
83 73 1
1 16 98
7 56 28
29 62 36
50 47 90
23 80 88
22 47 60
84 81 49
62 56 28
61 13 33
70 1 76
17 47 87
89 19 49
30 64 23
97 82 71
5 15 36
60 12 77
46 47 27
43 71 74
69 48 10
43 5 52
18 86 24
74 34 39
48 88 84
47 96 2
52 75 28
68 54 91
39 34 73
66 72 55
27 86 38
13 82 42
47 18 54
63 73 47
0 41 87
51 95 87
0 29 88
94 51 6
80 97 39
27 49 61
7 88 65
81 2 49
52 25 74
53 3 37
11 5 14
54 82 87
53 2 78
13 78 21
62 88 84
33 9 87
35 52 86
45 49 91
35 8 16
91 26 20
14 67 39
67 2 88
5 19 45
1 84 17
50 28 23
86 55 82
20 16 42
63 61 12
71 89 74
48 39 55
77 58 69
56 10 56
25 37 29
74 31 88
73 19 35
34 19 85
32 79 83
19 86 35
47 85 80
89 50 66
27 97 73
27 21 30
10 37 30
65 14 9
22 62 37
44 39 35
64 81 83
44 42 91
42 39 67
12 58 14
52 80 4
20 61 55
45 91 41
5 51 75
60 17 98
62 29 1
23 41 58
58 89 1
27 72 99
24 52 52
14 20 63
79 32 40
20 22 29
26 80 13
34 48 22
36 59 70
45 0 7
26 12 27
56 23 83
67 89 38
50 55 77
67 8 100
93 27 64
96 77 54
32 16 27
35 94 78
14 37 40
82 15 63
51 54 34
80 90 48
76 3 96
80 1 79
37 94 76
44 27 3
37 77 47
84 28 12
65 4 1
90 36 71
83 55 63
90 33 15
85 9 100
45 48 39
0 81 84
40 71 80
67 41 24
92 87 12
94 31 25
78 3 73
12 52 20
75 85 82
96 6 41
55 37 61
82 37 39
79 63 48
96 54 95
68 29 77
9 24 38
51 29 26
65 5 33
52 74 65
27 68 94
10 47 45
19 78 96
31 4 71
39 46 34
78 25 2
31 9 90
50 86 4
81 63 50
15 86 11
6 69 57
46 81 71
92 11 62
82 43 87
93 57 54
46 2 39
85 87 56
68 45 1
22 55 30
78 91 1
47 21 78
66 1 74
15 69 93
63 34 14
68 24 61
68 67 21
5 28 56
2 92 15
39 13 57
59 17 23
13 59 59
44 55 96
0 93 13
63 3 13
60 7 18
95 43 41
57 81 75
10 64 91
15 72 76
32 87 6
30 55 77
76 81 48
96 38 81
65 55 14
61 68 10
77 47 32
8 1 80
1 35 44
70 44 8
80 53 55
9 58 58
26 95 33
39 88 33
22 4 50
10 27 40
90 61 49
12 58 31
90 85 8
67 11 53
62 34 66
44 72 86
12 29 56
53 43 100
13 80 4
91 31 26
96 41 31
77 81 51
12 83 77
56 32 6
20 94 52
11 56 75
72 21 100
74 89 85
57 38 24
85 8 54
56 5 42
54 0 65
1 22 93
1 19 40
90 43 97
7 53 40
22 59 11
51 99 61
81 55 55
9 18 40
72 78 4
37 72 70
66 93 75
22 69 44
82 29 75
75 1 86
58 52 66
16 86 29
77 7 53
73 16 45
76 59 92
31 86 37
19 25 78
8 34 19
3 93 94
42 63 40
34 45 78
27 25 10
12 30 1
61 42 6
41 67 11
11 20 23
78 71 30
23 68 57
14 98 11
96 5 91
39 37 50
41 73 76
14 65 86
27 94 70
63 40 98
28 27 1
17 85 42
6 75 67
64 47 94
75 34 4
29 80 80
14 8 28
72 81 50
65 85 5
97 67 16
25 2 6
12 26 17
14 12 96
80 52 77
96 29 52
2 55 34
29 37 28
52 86 90
68 89 6
71 1 99
19 70 77
46 6 77
89 90 4
91 16 77
95 69 51
40 4 69
15 14 1
9 30 54
22 72 61
70 88 76
70 96 42
83 30 17
93 76 66
39 83 84
69 59 16
14 6 60
9 27 4
71 18 79
36 63 76
57 50 81
51 23 3
85 2 25
70 81 49
19 94 71
26 1 15
89 8 38
98 34 28
24 64 60
65 24 46
37 88 10
96 13 65
31 11 18
25 5 69
79 78 25
96 81 11
96 84 30
47 29 22
3 56 91
13 63 86
72 80 1
57 73 46
72 33 45
7 97 97
58 53 64
45 43 71
86 45 76
21 67 3
75 83 38
62 99 92
69 27 52
