79 34 97
9 64 48
36 85 40
83 3 9
15 90 61
35 50 43
6 9 34
62 41 51
12 28 55
58 36 94
11 92 16
8 1 9
62 48 48
22 19 59
24 43 67
51 38 72
67 18 62
45 89 39
80 38 6
55 78 28
91 40 38
78 98 59
97 56 76
80 38 72
74 27 94
31 97 21
37 67 89
20 39 63
15 19 29
56 4 31
65 55 68
24 62 87
18 81 77
81 6 40
6 15 82
77 87 70
56 17 6
64 89 58
57 11 6
85 3 68
83 49 28
20 93 80
2 61 2
29 15 56
61 81 66
62 83 6
74 54 64
26 38 39
98 56 22
95 73 30
24 99 53
31 23 14
25 16 6
50 34 50
61 86 67
67 45 90
80 34 58
4 53 96
72 67 93
6 95 27
21 77 64
29 31 22
98 61 76
31 83 26
61 18 68
53 46 16
40 71 78
57 84 89
27 13 72
17 70 12
82 31 34
31 52 18
66 98 4
6 31 33
32 31 80
99 65 3
20 63 1
56 92 31
60 58 14
35 23 49
36 30 28
20 71 43
63 33 40
44 7 67
28 79 58
19 26 55
42 83 39
10 87 38
75 49 66
77 95 17
57 91 59
92 62 64
1 62 5
55 97 57
17 42 28
21 76 67
89 16 32
50 26 49
75 6 31
37 18 40
53 66 48
14 21 26
29 49 89
55 19 16
45 41 71
70 36 65
46 83 54
36 71 94
49 2 99
54 51 4
15 51 59
45 46 83
76 64 12
35 8 39
64 92 59
21 90 75
31 54 56
6 16 73
42 1 24
62 70 66
28 14 43
8 43 24
62 74 81
98 14 80
77 49 85
66 36 50
52 62 84
42 36 25
85 57 83
90 27 39
78 95 41
43 80 56
32 70 1
35 15 12
74 66 55
46 17 31
11 76 89
6 81 57
47 84 1
27 8 65
82 36 98
53 28 31
83 73 25
64 58 48
11 74 65
20 56 37
56 95 81
24 87 83
9 8 30
99 1 90
43 51 38
86 49 8
15 7 36
96 49 100
37 21 60
4 16 9
47 7 82
62 65 23
69 42 16
59 39 69
93 96 77
63 97 4
21 3 46
57 84 70
81 22 47
55 4 46
9 80 100
47 41 79
45 29 90
89 43 76
79 55 20
31 86 84
73 75 74
8 70 62
60 80 66
93 83 42
85 12 60
43 12 93
66 79 50
91 35 46
0 22 31
37 96 96
6 85 37
43 52 100
63 10 31
33 17 53
10 3 23
94 83 33
9 34 34
50 47 70
68 16 88
75 77 47
78 28 36
11 65 78
20 6 67
81 24 41
12 96 46
6 39 36
5 21 4
50 11 15
22 14 61
87 24 51
22 36 64
65 55 52
73 19 65
25 86 31
82 9 17
7 98 95
72 34 93
96 30 36
42 72 11
51 10 36
71 59 60
49 7 36
90 71 65
12 24 87
96 4 58
51 91 79
74 80 90
70 94 10
71 31 29
16 19 71
8 86 75
9 72 91
21 36 70
0 60 21
58 36 17
44 46 68
2 90 65
97 27 21
46 40 64
7 34 49
2 73 63
28 17 100
28 70 41
10 77 64
80 40 52
78 52 83
36 91 98
54 7 33
75 24 12
24 48 26
75 0 89
40 78 16
83 27 91
10 62 58
69 17 17
0 91 34
5 67 36
19 2 96
94 46 17
39 17 38
72 60 77
28 56 3
96 53 32
30 14 39
27 61 24
11 56 73
2 38 15
81 53 33
96 45 10
50 39 1
48 52 26
5 79 68
95 57 88
29 59 8
17 52 61
74 7 72
20 7 98
9 8 22
51 80 43
51 32 98
67 89 61
64 69 24
91 42 9
36 65 88
58 42 15
26 21 77
47 63 41
21 11 82
78 3 94
89 54 38
51 67 34
49 28 33
87 15 53
89 52 19
24 96 33
12 93 26
9 95 82
46 96 88
57 35 13
55 58 51
43 39 84
56 85 89
1 6 99
39 90 36
99 93 62
6 88 22
71 44 66
10 46 73
61 88 30
19 88 30
76 95 98
31 75 8
10 65 88
82 84 35
26 37 85
3 8 12
52 39 63
28 68 16
38 57 66
8 25 61
7 77 70
4 95 47
56 53 89
21 34 99
76 37 68
63 67 62
52 93 4
9 92 42
31 84 65
38 9 69
73 79 53
59 6 98
55 98 61
53 36 2
70 43 66
78 70 41
69 28 20
34 69 97
37 10 10
90 18 90
89 39 64
40 92 87
75 19 13
2 29 69
66 99 7
30 21 6
21 61 3
2 99 10
62 70 80
28 79 58
90 92 51
70 53 83
30 56 8
88 74 36
7 2 10
12 27 71
27 29 87
33 5 61
73 22 63
75 56 11
52 46 66
6 14 29
74 34 77
95 79 47
33 12 17
39 58 69
33 79 72
6 1 51
54 29 97
6 89 82
75 18 98
99 79 92
94 18 39
15 66 22
59 88 26
89 94 63
0 47 100
41 69 54
4 42 80
3 22 92
35 21 47
46 80 96
31 35 100
70 31 26
36 91 67
58 75 1
0 83 94
27 44 30
77 69 78
13 77 78
11 24 19
76 22 30
35 71 67
7 87 42
80 56 62
7 96 45
94 82 57
77 10 84
65 10 56
43 60 100
87 54 58
84 68 75
16 65 56
89 21 16
63 19 15
16 0 43
75 83 89
65 31 8
45 32 91
54 17 15
91 6 81
25 69 44
25 95 58
92 60 90
39 0 47
13 50 10
81 25 2
71 23 97
17 40 77
78 33 81
34 43 99
37 14 78
43 9 4
13 76 67
13 21 20
84 44 94
56 74 81
8 72 97
39 19 62
85 5 73
81 44 17
85 24 34
47 44 64
86 69 51
39 33 49
87 51 98
58 65 97
31 33 96
7 59 48
51 16 10
34 95 43
58 99 53
46 1 89
84 46 7
36 85 16
70 43 46
14 12 98
13 94 84
42 18 43
35 34 47
58 81 65
24 87 60
36 19 56
21 58 15
41 50 12
40 63 92
21 9 79
44 67 9
12 36 5
9 38 57
7 74 89
27 32 16
85 5 71
48 87 91
13 1 65
71 98 98
40 84 88
62 55 25
21 0 52
90 22 5
95 25 68
45 20 29
46 40 30
45 33 50
94 79 56
42 57 66
56 15 49
34 21 24
3 20 67
98 39 48
92 60 7
55 83 16
33 68 38
61 79 42
18 34 28
68 42 86
65 67 66
21 32 6
1 18 37
99 15 55
59 5 19
28 57 6
52 19 97
3 8 33
43 96 20
78 99 14
3 78 50
94 39 49
59 37 85
45 85 82
99 56 61
97 71 68
9 3 27
54 81 2
16 20 70
47 58 19
30 41 23
10 19 65
52 84 51
38 54 92
26 23 15
79 97 33
56 35 44
98 55 49
71 54 98
33 82 69
54 37 84
14 22 52
36 97 28
89 44 97
75 29 91
56 76 64
15 52 54
68 61 30
1 36 95
97 34 37
0 75 93
12 43 72
97 87 38
48 56 19
78 82 91
93 51 50
74 98 43
98 10 33
52 8 4
87 52 97
24 95 65
30 98 20
41 71 34
41 24 26
96 20 4
66 93 82
32 29 91
34 28 70
50 24 54
56 33 30
74 93 85
84 75 21
46 41 14
83 55 10
87 49 7
78 8 63
98 71 42
32 35 13
64 7 100
93 38 18
40 13 71
78 95 54
47 46 29
35 24 24
47 27 69
35 38 34
33 7 6
53 2 60
18 55 17
75 67 11
41 38 80
0 20 6
16 72 87
22 98 42
38 72 89
35 45 84
37 49 90
6 48 87
71 1 26
32 4 45
95 99 58
47 98 19
71 35 99
64 54 85
2 26 91
52 87 59
29 26 83
61 76 2
73 74 33
83 43 44
53 56 23
32 33 9
41 42 73
44 36 43
92 70 48
95 97 44
9 94 76
36 53 15
39 81 91
57 69 73
0 63 80
1 50 74
99 6 26
61 90 85
39 76 62
63 90 97
99 95 12
93 1 92
74 84 43
2 68 69
10 5 85
65 53 9
33 46 7
41 65 55
2 63 4
92 76 17
49 14 36
80 46 62
65 82 91
68 43 7
82 51 85
32 5 84
94 76 41
21 16 34
51 4 94
23 88 45
3 74 53
73 63 3
93 65 63
32 89 35
82 35 43
56 28 64
74 11 54
99 49 7
27 74 58
14 38 58
54 79 65
68 84 87
50 63 68
48 61 69
61 55 3
42 98 42
54 6 70
82 26 3
43 60 32
90 19 4
1 19 66
3 42 97
59 29 35
69 30 27
42 90 38
91 70 9
97 70 21
91 94 11
61 12 78
55 3 93
47 73 89
90 37 95
9 45 99
51 45 81
76 59 43
35 94 65
92 81 25
87 30 45
52 67 38
74 23 67
39 57 75
60 21 98
55 79 51
35 53 25
92 6 4
90 40 87
12 95 55
20 41 82
15 5 89
92 68 59
19 12 16
31 85 90
54 45 91
48 66 68
51 83 26
49 13 10
19 98 32
13 47 51
62 67 81
74 46 74
34 8 22
13 49 9
24 33 32
37 98 28
83 25 49
3 78 74
39 56 28
13 25 55
92 17 72
7 95 26
33 51 56
99 36 8
95 66 37
71 45 27
1 96 6
83 32 11
49 75 13
41 57 66
56 79 61
4 33 55
53 82 64
16 8 75
32 33 86
12 10 57
8 26 3
92 64 44
64 2 69
16 49 50
65 6 6
47 46 99
24 58 9
35 94 35
8 17 32
36 4 58
96 48 72
97 22 22
49 16 68
60 38 84
71 35 51
27 24 61
27 7 79
55 61 60
42 50 57
63 54 56
71 25 24
4 11 23
91 82 3
32 70 49
23 37 53
72 52 81
95 0 77
41 56 8
22 91 5
99 11 43
94 67 69
84 36 90
4 41 91
21 2 83
5 74 55
94 91 56
94 77 45
91 43 27
16 58 11
28 13 100
34 26 74
62 0 92
17 71 52
78 34 11
38 3 32
62 71 51
60 13 42
77 74 86
50 4 93
37 43 95
46 0 39
91 29 51
23 53 34
58 31 30
67 91 62
18 65 93
70 21 73
64 73 81
64 46 21
77 20 79
86 44 7
64 74 78
54 30 9
23 31 87
79 46 67
94 20 69
8 79 56
72 74 31
45 67 77
17 37 88
79 11 56
18 44 8
25 12 60
83 64 81
32 90 18
41 90 75
95 80 67
68 31 38
87 90 43
38 4 29
25 16 98
32 93 98
96 47 26
85 24 29
75 46 86
67 57 3
84 20 83
79 68 68
92 61 11
8 71 1
41 5 69
62 79 68
77 69 18
66 74 83
6 85 29
33 92 50
65 33 52
83 88 5
74 28 13
52 95 46
25 10 80
64 94 100
4 78 11
93 45 98
54 40 81
74 16 95
94 43 52
94 3 88
90 96 85
86 22 47
19 80 61
95 18 24
96 13 66
20 21 79
90 48 23
39 43 13
99 36 76
99 57 22
93 0 28
99 42 4
98 28 62
41 72 8
82 4 22
95 13 87
6 11 67
23 3 17
54 22 6
96 19 92
25 90 81
35 76 85
20 41 29
20 18 82
60 88 68
12 53 98
88 79 93
33 43 66
92 81 82
84 92 67
86 8 19
14 12 15
5 87 22
64 41 100
97 15 22
11 69 56
0 78 84
71 33 36
90 7 54
48 41 23
7 57 61
38 16 96
54 20 58
17 59 63
71 30 43
47 34 56
28 77 87
56 57 47
54 46 56
97 14 16
89 21 89
38 44 93
75 94 79
50 22 71
28 97 25
59 58 70
84 38 60
41 91 67
43 29 79
37 2 8
15 55 2
68 20 17
84 76 93
16 99 15
25 37 99
43 87 9
53 98 68
36 0 46
96 52 89
98 67 10
71 45 22
29 14 88
95 11 39
96 97 48
21 27 66
91 15 59
36 51 26
73 43 75
93 35 36
94 88 89
25 22 79
38 50 72
4 11 1
52 87 78
56 24 85
57 56 84
24 42 44
90 96 7
99 83 40
55 38 1
80 12 83
87 82 20
40 79 71
55 48 68
80 11 85
60 69 14
38 22 74
65 64 84
54 82 96
36 19 28
92 77 44
84 80 49
53 36 55
20 4 68
7 63 56
45 81 30
0 78 26
87 70 2
56 64 7
11 97 10
11 45 42
35 26 72
96 46 10
17 8 74
82 31 9
85 77 81
27 73 61
52 19 12
27 31 94
52 96 4
35 13 65
82 94 10
36 77 62
97 88 46
46 68 18
52 8 61
94 48 96
70 97 28
33 69 61
63 81 63
81 58 19
52 10 99
85 19 46
14 72 77
4 1 42
83 5 90
30 37 27
45 75 15
4 64 11
42 65 42
71 16 73
46 21 53
97 1 93
42 74 56
49 55 43
81 27 97
65 22 69
56 13 96
73 63 85
70 3 54
58 16 4
41 62 82
17 62 93
18 90 77
14 75 28
91 18 42
22 62 90
20 84 49
38 21 65
55 77 74
64 3 3
49 82 9
9 75 35
36 33 32
35 70 3
27 51 77
36 49 38
69 30 35
10 37 44
52 64 74
96 41 81
47 75 41
46 39 85
30 19 87
19 46 72
32 33 94
65 81 77
60 4 29
79 96 52
12 26 77
65 92 57
95 24 19
35 81 94
33 5 61
17 43 66
56 10 27
8 91 77
27 50 40
51 65 21
2 79 41
85 51 83
18 22 52
84 39 32
41 98 73
76 56 73
56 60 5
72 82 90
93 77 63
14 10 56
98 89 27
74 2 71
43 74 30
91 15 53
39 64 49
42 73 71
3 36 46
96 30 52
95 69 76
72 35 66
58 90 9
44 91 87
2 53 4
36 70 9
22 18 92
62 65 82
81 55 72
92 58 75
58 5 61
89 96 88
75 11 74
30 19 64
30 83 74
68 65 36
11 71 9
8 43 99
40 71 89
54 96 8
40 11 99
55 16 45
90 63 17
82 69 80
62 55 58
30 96 29
64 37 12
20 58 48
79 83 31
68 12 4
25 62 28
98 77 47
7 42 2
36 43 13
57 69 90
66 34 87
40 0 97
81 31 38
92 53 52
7 81 37
16 42 12
1 35 30
80 16 23
8 66 26
69 46 94
80 61 28
22 31 77
10 26 20
98 44 95
86 63 25
43 59 26
72 25 40
80 82 90
54 92 62
41 70 1
71 65 5
10 51 17
3 47 53
32 27 74
96 59 62
86 47 96
37 17 13
81 12 70
70 33 66
74 37 35
32 37 78
54 33 11
64 49 24
57 75 41
13 70 66
92 3 43
44 85 91
72 2 10
73 84 34
73 91 36
1 4 84
64 22 95
75 91 42
33 66 66
46 56 6
36 88 54
39 49 23
65 90 17
23 69 51
63 99 65
14 12 68
40 74 2
71 43 23
13 54 96
53 57 68
70 95 29
88 77 31
97 23 76
61 52 51
94 78 93
39 38 89
80 45 98
81 8 88
16 82 64
63 25 52
15 16 22
99 1 22
29 55 33
69 8 4
73 39 17
9 29 91
27 7 44
31 5 90
56 96 70
0 77 26
64 86 17
62 33 82
40 39 29
23 45 39
76 9 83
43 0 12
72 55 26
46 7 94
94 55 41
54 62 45
15 3 99
25 1 64
1 60 28
23 98 95
3 39 26
72 48 63
7 75 34
55 80 37
67 32 32
67 32 24
89 63 86
8 20 98
61 99 50
68 78 92
61 46 47
96 61 45
34 73 56
21 23 67
82 8 14
66 88 46
57 39 57
23 71 27
49 5 36
68 19 1
66 64 76
19 6 81
66 70 28
76 35 88
93 35 86
86 59 15
92 71 48
99 55 55
68 99 96
38 6 57
70 91 81
51 82 47
56 25 20
52 12 42
76 72 49
23 19 26
78 76 8
32 77 76
42 11 44
90 45 21
46 42 68
84 13 38
91 52 77
10 18 82
33 76 5
72 95 76
88 30 74
72 78 27
89 16 83
86 55 22
79 67 85
53 65 23
88 32 55
43 91 77
19 80 82
72 43 60
26 58 65
1 85 47
9 60 86
21 5 54
41 55 76
79 76 86
89 83 50
90 94 6
62 93 75
3 85 29
12 73 2
29 20 27
1 38 89
23 74 43
49 97 49
11 31 46
39 23 42
80 13 82
96 93 80
40 24 72
29 2 93
87 31 32
50 8 55
72 95 94
85 12 63
1 4 16
40 59 100
18 51 53
76 19 9
75 52 23
56 3 40
52 19 45
74 92 70
51 47 33
97 24 69
99 70 32
35 33 7
7 66 60
71 68 50
29 78 64
43 74 51
20 70 41
5 76 18
53 10 22
65 18 96
23 37 83
15 28 51
98 93 13
14 21 28
36 9 24
1 41 47
52 98 11
28 24 55
7 76 2
35 72 53
45 77 50
30 33 9
80 35 76
32 6 25
84 13 56
11 37 16
50 67 54
61 96 50
57 97 70
31 29 100
32 35 4
99 77 66
60 86 19
62 18 22
41 49 46
76 10 77
63 98 5
32 73 31
83 30 96
11 10 79
4 46 32
14 70 65
32 69 33
7 91 96
4 54 7
79 91 62
9 43 26
3 17 25
54 2 96
51 94 81
66 73 7
28 15 48
95 25 92
1 97 42
3 28 21
15 59 45
75 34 48
81 83 66
12 18 20
3 96 96
10 64 27
32 40 19
52 87 27
46 99 100
26 40 38
72 80 47
26 3 45
77 73 34
69 42 38
64 25 4
53 79 7
78 9 32
45 11 57
40 44 72
54 62 72
54 1 80
77 70 16
18 57 92
16 26 61
24 25 27
9 26 71
56 32 84
10 46 97
53 66 64
68 14 23
93 49 2
67 41 87
59 82 91
55 92 95
71 56 99
77 49 83
65 53 48
4 44 27
98 75 56
76 83 65
94 30 84
0 11 20
1 58 70
22 96 39
33 6 42
82 13 4
75 85 65
3 42 60
92 53 62
18 68 60
54 28 91
8 73 33
72 88 81
44 36 6
82 62 93
30 41 28
93 35 63
31 53 80
88 75 5
44 89 83
90 87 25
99 95 9
47 60 84
99 51 94
2 94 36
66 45 32
46 11 7
62 37 29
6 88 78
54 75 4
58 85 7
34 64 44
55 51 56
10 44 65
82 45 81
78 14 18
68 2 74
74 59 60
49 99 43
56 8 20
56 79 40
82 18 48
80 56 100
79 7 11
24 86 94
14 95 51
50 63 18
66 69 62
18 42 47
71 73 47
57 46 42
51 9 68
69 31 86
86 95 61
2 94 84
15 49 13
31 87 10
27 38 86
52 47 69
29 77 68
81 18 74
1 50 55
98 12 82
98 21 98
71 53 49
79 21 66
14 97 54
94 72 36
75 98 93
84 4 38
99 58 47
90 56 70
14 53 9
22 55 6
3 89 21
58 17 59
94 83 33
20 0 82
90 96 85
28 55 65
11 24 60
89 44 65
94 4 30
91 52 98
67 15 73
70 82 56
80 6 79
34 92 94
84 82 45
33 72 45
76 23 13
93 83 45
54 73 57
88 24 13
6 36 30
86 33 1
99 57 83
95 48 99
4 56 87
33 94 84
61 34 20
5 15 61
12 50 35
93 48 12
14 73 58
87 77 73
3 79 74
79 19 84
50 27 3
25 30 77
44 53 22
29 4 95
29 82 15
83 79 49
60 38 13
88 2 72
35 30 53
99 96 82
55 48 3
80 93 29
18 97 94
52 22 83
7 22 34
9 28 65
84 25 40
46 5 12
16 88 28
60 34 45
51 7 54
10 50 20
41 45 26
11 26 88
2 82 70
54 68 29
19 25 31
13 29 83
97 50 93
41 57 78
88 23 7
22 89 31
84 30 43
64 92 4
22 28 67
82 56 21
57 32 31
93 82 13
50 61 38
7 54 12
20 82 80
70 94 70
37 7 34
2 44 46
25 0 100
39 38 74
98 53 97
3 23 6
70 90 100
33 24 25
22 93 67
7 81 51
62 93 72
50 61 47
8 20 52
10 90 78
50 14 91
9 30 49
99 96 12
63 82 73
74 96 16
76 13 9
27 23 48
88 7 92
20 60 94
22 11 46
54 57 39
36 45 7
91 13 96
29 2 70
60 16 21
10 87 27
41 14 75
60 40 12
84 90 75
2 65 97
34 1 93
14 44 33
79 85 53
67 25 73
88 35 69
86 87 71
31 6 82
17 81 18
16 69 45
59 65 10
62 35 65
72 86 54
70 3 57
62 12 99
99 95 74
56 0 8
97 92 52
19 22 13
13 71 82
9 13 24
89 18 70
87 71 23
6 61 10
39 65 95
42 5 53
80 1 25
75 63 27
32 76 3
14 7 32
85 22 74
72 61 30
31 87 45
27 20 69
40 87 11
24 87 24
46 93 15
83 40 28
66 59 22
33 19 46
38 73 9
91 23 77
59 71 86
46 31 42
34 42 9
94 3 100
64 77 95
89 12 81
78 91 22
66 92 16
14 13 63
45 87 77
75 49 52
81 97 16
63 64 92
17 95 100
30 36 3
6 68 54
4 96 45
95 60 67
81 45 43
12 17 14
6 61 99
33 35 77
34 31 6
4 32 100
50 38 4
61 75 75
98 32 49
59 89 68
94 64 73
56 41 96
97 59 39
79 0 98
25 35 33
76 88 19
77 4 42
78 90 1
75 43 86
47 25 90
21 75 44
38 8 73
10 86 66
45 14 66
73 84 59
68 11 45
76 69 47
95 80 53
80 35 6
31 44 71
15 45 29
27 59 52
61 84 9
53 97 74
91 28 73
15 70 50
59 93 43
21 74 6
35 76 28
8 85 38
88 8 75
48 46 28
96 43 34
0 4 64
25 26 9
43 26 70
69 79 81
89 42 31
57 9 79
86 65 6
20 65 86
42 22 95
28 23 60
74 10 34
75 78 35
91 97 99
3 67 100
66 67 87
98 89 82
48 89 7
93 21 58
4 74 96
75 35 77
67 58 34
88 51 20
20 30 71
39 81 63
60 92 62
66 2 33
61 12 63
51 79 32
28 41 58
48 71 82
10 16 72
0 95 42
85 57 8
58 73 49
88 50 53
90 43 24
60 70 91
2 38 39
43 73 40
76 35 80
3 45 80
59 66 2
59 36 90
95 20 32
92 36 81
81 78 68
17 11 22
72 1 21
52 99 95
46 11 55
66 59 56
34 77 92
43 89 59
79 7 77
85 32 48
28 31 55
44 69 66
93 47 53
10 97 100
10 62 71
66 61 19
54 47 58
6 8 76
41 68 8
7 10 63
31 98 42
81 77 85
36 81 73
99 29 1
12 57 64
89 53 88
95 15 38
61 76 16
12 39 82
3 71 13
38 75 28
2 61 75
53 51 84
58 82 73
48 69 76
55 89 31
71 18 77
88 31 56
17 54 69
74 87 60
92 40 44
57 16 71
82 73 7
34 91 42
50 62 32
26 63 34
13 1 69
68 94 59
29 90 75
73 88 38
17 65 70
34 40 95
22 91 17
71 89 36
4 69 33
34 20 16
94 43 12
26 67 54
79 13 20
34 53 12
81 23 91
5 79 66
8 84 22
88 53 92
38 27 7
70 20 76
11 99 61
61 55 15
26 71 87
64 87 40
2 92 86
97 22 72
21 26 65
2 33 3
67 6 41
46 61 37
89 78 43
7 64 20
24 59 33
85 32 57
56 5 100
84 89 51
86 14 13
10 12 73
82 67 2
84 72 77
24 39 90
62 35 84
95 21 56
59 41 45
83 81 29
4 54 48
58 18 58
83 36 48
39 2 89
6 51 5
33 24 73
43 23 65
61 34 9
54 96 6
77 50 54
78 63 41
20 38 7
14 51 11
56 14 52
29 91 9
46 8 9
32 1 98
15 3 33
5 32 89
11 45 58
51 46 17
86 36 38
23 75 82
37 42 77
87 94 8
71 56 46
5 76 28
91 76 66
39 65 72
26 41 37
15 27 66
4 62 50
86 69 37
63 19 86
16 65 51
53 34 33
47 12 87
38 4 99
56 1 6
63 37 80
55 74 40
84 15 18
46 87 57
63 92 17
57 17 8
15 26 5
1 86 84
96 61 6
64 57 34
3 56 27
87 50 9
18 70 53
2 20 90
84 75 41
3 92 16
5 60 30
49 94 41
54 79 25
30 94 17
53 35 44
68 26 42
44 81 37
62 91 29
18 14 23
44 24 51
17 15 48
71 55 55
16 87 71
92 76 28
40 42 71
66 85 51
56 70 57
2 40 66
70 33 74
83 38 82
91 47 55
76 93 45
19 8 12
98 87 82
52 26 17
31 48 92
98 90 8
63 7 34
94 55 81
3 25 35
75 13 73
54 3 75
14 58 34
16 34 18
31 37 92
58 71 67
68 40 36
8 7 10
28 21 50
91 29 25
16 74 47
25 39 40
74 63 3
91 87 51
34 37 14
89 28 22
54 45 20
4 89 98
59 89 81
10 94 75
29 42 64
33 34 73
78 48 50
15 7 44
99 87 78
41 99 44
39 65 45
13 83 19
56 60 40
55 1 73
18 13 24
11 23 9
19 94 21
80 46 95
6 73 82
5 81 79
14 28 69
95 69 95
64 78 50
84 18 49
82 45 44
6 3 35
51 54 21
38 70 90
96 92 36
22 57 95
61 65 54
2 53 8
60 68 76
77 24 51
70 80 27
39 87 43
28 44 41
55 2 55
78 80 19
13 93 56
34 54 77
33 4 77
48 19 39
6 61 68
32 8 51
35 92 26
94 63 24
62 38 95
12 53 60
36 34 26
4 47 72
6 93 42
14 57 7
32 89 8
43 29 29
79 23 8
29 21 18
95 37 53
27 75 26
48 84 17
23 71 84
93 75 52
54 41 98
14 71 25
41 76 37
67 54 82
70 55 70
95 86 70
89 39 76
60 81 59
73 30 83
42 35 17
83 68 54
22 84 94
52 92 31
83 86 44
68 74 28
3 35 8
75 26 29
19 91 47
4 43 47
97 17 4
36 46 96
36 28 96
3 26 65
82 19 36
47 73 69
28 84 88
46 98 87
8 89 89
7 77 70
99 91 3
11 54 74
13 35 50
21 85 95
30 16 60
13 17 94
80 93 78
19 87 96
74 25 75
92 85 23
61 29 59
72 99 69
47 86 60
66 91 24
23 14 94
23 55 53
7 54 1
32 78 25
75 42 50
43 53 14
18 40 27
80 49 82
92 16 38
72 90 51
68 49 42
42 27 59
74 60 36
72 5 64
86 28 44
83 54 48
52 69 30
6 96 59
46 58 69
76 92 40
3 9 7
65 8 59
55 96 5
85 79 14
57 96 23
46 74 42
81 35 13
55 72 37
95 66 36
99 19 16
70 58 73
47 66 16
39 66 80
4 34 66
4 85 75
50 99 19
45 94 43
43 20 10
70 85 24
20 6 47
65 30 20
74 61 68
7 8 96
87 4 5
24 12 4
50 73 47
53 71 55
24 52 62
24 90 12
59 98 78
64 47 74
42 78 61
15 14 72
21 28 86
46 95 85
19 6 28
8 84 50
15 19 89
96 10 26
70 16 25
1 86 46
36 83 71
75 71 46
22 55 95
86 45 85
83 62 81
79 93 91
17 20 85
71 72 83
97 91 39
11 56 43
39 14 58
67 80 35
61 8 56
60 72 21
30 96 76
20 22 6
96 77 37
75 76 62
15 91 3
17 65 27
6 26 26
62 56 62
42 86 75
54 89 54
90 0 89
43 17 5
87 40 22
99 33 63
21 17 74
50 34 69
28 54 72
74 6 55
67 96 9
41 32 6
56 95 17
59 52 86
91 68 99
25 19 73
13 1 5
39 38 68
84 15 87
91 35 54
47 65 42
5 19 54
25 95 17
61 50 29
14 3 3
54 91 69
18 77 33
32 60 1
86 43 1
48 97 7
99 33 53
90 52 87
64 90 59
21 8 54
28 37 83
17 34 59
55 51 75
53 79 100
30 49 14
95 77 62
24 68 57
58 37 8
20 18 97
67 1 60
46 20 64
58 85 95
70 50 65
12 31 26
78 7 12
43 78 28
86 62 97
28 9 48
15 23 27
62 38 61
93 22 99
36 49 29
95 7 60
65 67 24
67 59 97
57 58 85
69 18 50
67 77 88
20 49 57
82 93 24
22 64 65
74 13 48
53 76 65
9 42 11
47 92 88
0 47 22
95 64 11
84 99 72
58 1 64
58 0 82
63 37 61
48 16 88
26 83 40
21 95 49
93 73 77
17 83 92
37 78 95
95 90 12
35 30 34
57 29 13
55 14 38
91 92 69
27 17 71
67 97 73
58 63 71
26 27 93
86 21 32
78 83 86
48 49 8
69 68 50
5 69 59
27 34 55
86 68 44
12 27 21
29 0 4
51 12 62
11 8 22
29 42 4
75 26 78
89 88 5
49 75 87
7 16 33
76 5 2
11 39 5
36 45 33
58 99 41
80 31 10
94 23 41
20 74 37
99 8 65
46 90 3
16 61 10
50 23 17
28 51 76
84 78 87
74 41 94
83 90 89
2 0 66
5 94 95
14 32 67
57 32 37
52 80 53
31 6 16
78 21 9
31 46 21
36 80 80
53 66 14
65 69 36
60 65 44
74 0 62
58 60 26
35 43 78
91 46 94
76 32 33
37 17 45
85 88 28
19 45 21
49 54 65
92 70 3
54 89 73
6 81 71
62 51 97
2 94 44
84 22 35
84 46 46
30 95 12
41 36 55
67 21 70
6 89 49
19 29 46
70 49 84
23 60 95
48 64 59
6 64 69
10 39 88
51 32 77
40 34 67
17 77 14
53 66 61
2 53 39
30 29 31
28 73 44
81 23 91
15 22 59
63 41 38
74 91 69
54 24 57
23 55 18
91 60 74
18 39 16
56 40 67
27 99 48
97 51 33
81 18 74
89 20 9
47 63 89
34 66 50
61 50 45
67 13 95
61 86 60
62 66 64
3 4 80
47 4 81
96 53 18
16 43 17
0 77 41
49 6 82
5 36 73
29 75 23
5 37 69
42 89 64
72 36 5
83 82 79
9 27 55
91 85 15
58 12 49
13 27 12
50 14 2
36 61 72
33 87 73
3 0 10
5 88 45
46 65 23
16 27 17
76 13 92
28 37 85
58 30 29
80 51 53
41 83 91
52 95 33
44 45 42
50 70 92
13 54 36
49 12 81
33 79 81
31 29 22
62 88 52
83 70 56
88 9 83
76 84 3
83 78 25
93 67 39
72 19 2
75 31 93
3 5 76
40 65 77
81 86 12
15 34 46
20 58 61
91 31 23
48 68 60
32 88 96
0 30 72
32 66 90
48 6 37
54 44 69
46 20 63
83 3 96
61 74 55
53 79 44
41 63 6
22 1 12
28 64 6
12 30 67
45 22 1
56 75 99
73 97 83
22 29 60
80 50 16
92 59 82
8 16 66
6 4 61
10 97 81
13 41 23
82 95 35
81 30 51
32 6 6
32 43 74
40 79 3
94 70 75
5 78 44
11 6 95
55 83 82
70 35 27
16 75 59
91 41 7
51 59 22
23 39 27
30 25 48
2 37 98
1 28 18
83 64 4
80 86 26
0 49 96
92 12 36
76 12 5
89 20 25
58 73 52
99 50 61
32 99 89
29 66 59
86 54 24
50 95 49
10 16 11
77 25 33
92 57 56
31 44 43
47 21 57
54 44 2
34 96 91
52 59 63
74 83 58
69 91 27
55 18 70
11 72 35
39 58 2
78 70 24
41 61 97
89 1 71
35 62 94
70 89 2
84 39 10
91 3 21
77 64 26
98 49 95
28 59 74
80 96 18
94 20 86
69 61 82
28 51 48
76 31 4
63 87 30
98 47 36
5 31 44
83 66 40
8 85 94
68 19 36
41 35 19
70 31 56
8 77 42
39 6 30
56 2 100
10 78 50
20 93 100
29 69 53
85 15 12
76 47 19
30 62 84
81 92 67
55 50 58
64 49 64
2 68 80
95 5 2
27 37 44
79 49 83
85 23 28
73 45 1
50 56 6
23 22 90
58 4 48
62 27 77
31 16 98
66 55 11
65 54 91
5 95 29
75 9 68
79 68 81
67 90 32
76 71 100
64 77 33
84 77 54
50 89 80
76 96 29
58 93 79
22 77 7
91 46 36
92 97 12
46 54 56
19 42 81
77 34 43
13 87 67
92 2 57
40 55 27
14 69 68
98 43 42
52 6 27
96 34 59
33 87 38
16 19 66
90 12 3
46 63 79
43 18 50
99 14 84
59 93 70
9 14 62
25 55 24
77 76 72
49 36 23
28 42 35
99 36 22
44 6 13
51 19 61
44 95 27
7 43 19
99 39 33
67 35 29
69 8 19
10 65 45
17 37 66
54 12 92
96 82 9
29 55 67
49 19 81
10 74 94
70 34 16
94 71 72
39 70 31
18 50 9
25 97 70
83 99 74
24 37 51
89 2 25
63 12 19
22 15 4
25 52 67
62 17 60
30 5 52
59 41 34
90 50 47
13 83 67
26 54 1
19 92 47
73 14 21
16 39 51
10 66 43
88 49 54
97 16 88
38 16 73
72 66 34
65 43 96
39 53 23
15 45 59
85 75 13
58 23 77
73 32 30
6 34 100
0 85 4
79 58 38
89 48 97
47 51 88
35 26 22
8 53 57
6 34 20
32 45 20
70 86 9
68 66 68
46 29 13
23 68 10
95 70 80
60 50 39
72 54 35
71 68 21
90 4 68
47 69 71
53 62 88
4 52 47
65 49 18
40 51 76
66 18 44
5 33 68
76 68 9
12 77 92
73 37 29
5 84 83
88 24 52
70 3 60
38 90 6
9 37 60
38 21 52
54 6 68
32 53 8
5 96 64
31 51 100
26 25 30
45 85 36
58 96 77
98 26 25
0 66 7
43 92 10
17 46 19
91 31 1
76 19 1
18 10 46
7 27 69
71 1 84
9 51 70
56 4 57
15 40 49
53 45 87
11 12 31
27 32 43
41 61 46
48 23 65
16 38 14
97 78 65
76 12 84
87 8 67
37 33 93
13 70 26
68 8 62
70 93 15
97 0 59
30 27 15
28 93 12
46 3 46
57 70 93
38 33 76
35 7 68
41 54 88
3 39 54
46 74 26
78 40 55
12 37 97
11 81 37
5 34 39
56 38 77
26 71 81
72 60 56
99 87 49
29 90 6
70 35 32
57 20 61
75 77 11
34 72 26
26 72 10
89 36 38
84 72 43
38 33 10
54 29 66
29 0 27
69 70 48
60 50 95
97 53 89
39 29 54
27 9 29
86 43 41
96 21 53
0 89 86
22 35 83
58 8 99
41 23 29
56 99 46
47 16 36
41 25 59
55 1 100
55 68 69
98 46 27
39 41 59
27 11 74
5 11 31
61 41 27
62 36 12
9 45 82
47 87 92
62 44 20
70 14 58
91 69 38
19 25 20
63 74 79
14 64 72
91 28 44
16 0 95
58 40 18
89 38 18
48 59 10
56 81 28
68 60 10
20 8 25
70 56 46
63 36 29
85 10 9
1 10 18
26 55 84
78 61 66
26 47 17
9 72 8
45 56 79
33 77 8
99 84 16
59 55 64
54 27 79
97 9 53
72 49 15
13 33 50
55 93 21
97 57 19
53 12 93
51 24 39
73 14 63
68 67 77
94 68 40
14 61 58
95 15 79
76 22 69
14 94 91
36 65 72
36 12 51
23 21 31
69 68 76
47 29 40
10 18 99
68 73 55
45 73 77
95 51 67
43 68 49
72 51 35
12 29 74
85 33 42
41 6 98
59 4 48
40 57 2
34 62 50
22 69 14
33 46 48
45 63 2
98 1 61
32 81 3
11 24 13
52 33 67
30 65 75
75 19 12
75 6 65
2 4 32
97 7 91
29 65 5
19 56 74
51 9 84
55 83 41
44 57 55
11 78 28
49 87 91
86 66 73
31 47 33
41 20 5
82 51 68
46 1 87
99 49 93
92 75 13
34 50 67
48 11 17
12 17 45
49 51 81
5 25 13
20 85 9
48 52 46
29 14 95
51 23 100
18 75 84
89 42 72
67 66 11
2 19 78
27 3 32
79 5 93
77 68 8
3 21 30
40 30 36
49 80 84
76 28 88
5 72 8
43 25 33
89 77 86
12 30 38
3 30 34
36 5 63
99 22 93
81 84 13
73 1 90
25 51 43
11 90 16
32 11 34
86 40 80
23 29 98
86 51 4
28 64 12
8 29 90
13 85 66
25 83 25
96 28 41
17 12 48
63 24 70
59 86 56
25 31 65
8 24 3
40 92 45
83 10 55
46 85 82
3 53 74
87 91 65
34 52 76
24 9 66
73 32 80
42 88 49
81 36 6
66 47 26
75 99 30
65 72 84
74 66 9
48 94 25
79 64 20
38 71 5
8 22 13
88 43 5
81 77 2
15 80 98
41 89 83
45 93 94
61 47 34
50 70 84
14 38 80
77 22 23
46 12 21
5 52 14
54 1 35
96 16 86
34 28 36
17 18 35
14 32 26
94 21 21
7 50 20
33 4 59
73 11 81
98 13 51
86 28 30
44 79 41
48 10 23
76 78 34
39 17 62
35 65 2
36 86 46
37 40 42
65 11 78
90 61 85
55 69 58
7 92 23
19 10 28
86 41 56
73 27 97
20 91 16
92 35 81
52 17 89
6 98 43
36 81 87
68 12 72
38 78 81
74 42 61
46 76 66
18 60 67
46 75 66
45 82 12
4 5 40
51 90 52
76 14 60
96 59 61
23 97 16
75 64 66
36 4 68
43 65 60
23 16 28
93 45 99
9 1 29
71 27 41
93 23 19
96 24 60
77 28 6
14 75 55
17 74 78
72 96 21
91 85 97
81 71 12
65 73 80
4 1 60
69 94 3
71 72 27
67 16 22
50 0 6
28 79 31
94 21 54
83 80 72
32 30 72
33 29 65
13 32 57
8 95 34
44 92 81
99 5 14
50 84 5
12 86 7
18 95 57
81 28 90
55 82 12
41 91 36
5 70 25
12 30 33
48 6 67
14 66 39
87 14 11
39 71 94
73 49 50
92 37 95
85 60 31
95 43 50
83 94 65
19 68 45
71 42 59
54 63 65
74 22 43
97 43 61
35 3 55
6 34 9
20 66 97
86 51 79
26 37 68
62 94 97
60 71 45
29 0 48
88 39 95
86 30 60
78 40 21
39 21 78
12 36 67
74 32 35
83 68 40
2 42 28
74 27 92
94 89 95
43 59 10
17 75 32
29 20 76
79 89 49
26 28 96
59 51 98
94 4 43
29 10 92
33 57 2
14 67 89
24 65 67
64 13 85
5 28 6
7 93 82
63 97 35
54 80 55
86 1 87
56 9 52
23 26 88
96 64 57
87 29 92
70 74 100
50 75 74
21 29 58
52 26 3
72 7 37
82 49 28
21 92 56
42 44 56
4 13 73
84 69 43
42 25 93
78 28 51
66 77 96
10 85 46
78 20 95
20 77 77
35 24 41
83 36 82
64 26 86
16 17 99
6 94 80
75 15 47
41 63 6
3 1 57
52 79 87
87 82 54
42 78 85
93 46 71
42 18 97
43 62 88
41 86 95
23 93 33
4 30 53
29 96 77
99 96 67
24 68 92
8 31 52
59 43 61
63 76 43
36 85 64
65 64 92
42 5 31
36 30 56
33 96 38
35 97 61
42 54 15
56 81 11
33 63 64
33 70 63
69 61 3
15 88 61
17 18 84
78 49 2
36 69 44
41 14 31
59 89 46
17 61 28
58 34 19
25 78 53
55 6 99
97 56 92
60 59 95
50 1 25
31 32 88
36 87 100
38 8 34
62 44 22
14 65 18
88 87 50
97 85 43
14 13 75
27 74 3
44 78 39
90 42 12
23 59 80
39 37 23
62 25 29
57 6 5
94 55 8
21 88 60
36 13 20
86 78 89
32 73 86
18 19 100
9 43 3
77 43 18
19 13 26
0 9 32
98 70 40
51 87 7
59 79 44
66 19 93
18 75 25
47 34 8
39 92 1
18 80 40
53 20 1
3 65 85
89 91 6
59 80 80
3 54 6
49 19 59
16 35 53
11 90 50
78 26 28
77 45 9
14 47 72
69 95 100
12 14 40
78 19 84
15 38 71
8 84 46
83 11 100
37 41 53
82 41 59
65 5 17
66 1 45
96 30 72
58 22 37
99 7 82
47 65 100
5 15 84
22 39 86
7 48 56
6 25 83
33 34 4
15 88 57
99 70 26
34 41 94
72 34 79
35 38 65
9 60 53
11 74 10
79 47 34
63 57 43
64 16 5
2 1 2
78 51 84
96 82 95
12 33 90
81 29 37
28 44 67
67 86 14
68 50 11
64 73 34
37 9 93
73 6 39
70 18 91
62 21 6
39 44 36
25 80 55
2 26 24
81 36 35
68 66 51
49 82 77
48 64 30
97 52 34
31 14 99
9 27 31
36 62 17
59 70 91
66 21 60
13 0 42
68 23 11
54 5 14
53 51 14
94 89 4
69 48 69
11 86 18
30 14 27
15 5 52
46 98 59
41 78 78
33 3 10
38 63 41
51 64 43
36 65 20
79 2 9
37 23 92
70 83 52
55 50 9
14 0 39
19 93 83
20 89 21
43 79 22
80 0 38
32 73 30
74 9 74
23 39 34
82 51 37
41 25 73
63 20 13
18 79 58
27 41 74
26 60 9
63 50 57
7 19 63
66 81 52
58 7 10
63 40 93
11 86 75
77 38 64
60 38 42
76 94 5
70 73 41
13 24 57
21 61 86
97 69 35
0 6 50
19 90 73
34 21 17
68 78 39
41 92 61
12 5 23
68 51 85
88 98 56
94 55 89
36 89 20
87 7 51
31 99 71
98 18 39
89 24 34
42 86 8
3 64 63
62 60 27
56 12 19
94 66 87
15 49 85
88 20 31
23 91 83
47 3 87
81 46 53
17 5 78
38 83 17
92 60 29
82 44 50
57 51 83
74 28 10
71 87 34
66 83 2
23 84 94
44 34 49
44 79 90
61 19 90
59 51 96
7 99 50
71 84 41
95 67 13
44 68 71
54 77 68
74 17 19
81 5 79
73 25 53
28 65 93
25 41 24
64 6 90
71 32 67
74 76 54
81 95 95
20 39 50
63 85 59
23 48 65
59 37 28
10 24 98
94 63 90
67 88 68
69 32 85
23 25 59
34 87 12
63 98 91
61 95 5
14 45 64
18 37 45
80 49 26
79 45 56
5 22 92
46 96 13
75 38 28
61 49 94
23 67 77
88 81 93
69 35 36
77 93 75
68 75 73
99 28 25
52 23 11
77 20 21
3 95 87
65 67 54
47 18 35
31 2 9
94 60 71
33 93 60
30 33 88
89 80 33
48 52 96
24 59 44
79 75 20
73 17 15
76 61 28
44 29 41
89 14 61
46 75 11
78 42 66
39 72 31
73 10 75
56 48 48
53 75 71
70 11 29
79 85 54
10 72 59
53 66 39
23 25 61
4 55 1
62 21 7
22 71 2
52 32 62
13 42 88
57 86 7
69 4 58
23 6 49
26 34 25
15 17 89
42 69 31
23 11 6
45 51 16
58 20 72
36 96 27
49 51 78
42 33 52
55 88 6
66 44 66
9 15 51
93 46 48
9 34 97
88 98 65
35 21 98
48 86 100
91 58 5
51 30 24
45 56 56
33 59 77
27 17 71
99 54 12
33 18 65
80 93 64
49 15 42
54 37 23
79 41 46
55 6 43
61 12 32
61 99 79
26 17 86
79 59 69
55 74 39
64 58 98
60 11 5
69 77 2
45 17 19
22 16 60
68 82 27
27 46 12
77 73 72
81 91 28
13 38 23
49 56 56
33 18 35
15 92 25
95 3 40
91 53 68
5 39 83
65 60 22
47 76 77
45 97 85
76 33 32
41 86 34
70 51 63
98 49 29
81 90 93
28 51 85
70 38 60
2 5 80
77 56 9
65 25 16
90 51 88
95 14 1
74 28 25
39 8 34
22 41 21
3 49 80
41 33 99
71 59 87
74 6 9
57 22 74
74 94 8
19 31 32
41 4 89
62 59 84
88 43 21
75 92 23
77 37 66
87 67 15
10 46 63
62 0 34
85 42 62
13 65 47
91 90 36
64 94 17
89 35 26
27 20 53
31 50 42
95 55 65
8 60 14
63 7 13
56 46 57
51 56 59
76 73 70
46 44 23
18 41 82
15 84 27
36 39 5
10 33 19
88 20 90
37 63 15
20 47 73
83 41 10
71 11 94
30 55 93
98 9 12
22 4 84
6 26 100
60 51 80
32 10 86
19 74 99
68 6 2
36 43 26
70 75 80
30 47 11
90 34 80
45 66 8
21 63 29
25 20 21
20 9 7
95 43 3
3 95 26
52 95 37
6 90 54
33 47 88
83 28 55
81 25 92
41 3 98
26 77 75
85 82 89
39 85 70
13 19 25
27 8 57
82 53 34
8 69 45
91 79 77
30 26 23
90 18 91
83 15 75
43 93 2
2 62 3
58 71 47
76 46 35
11 65 14
84 88 50
82 19 37
46 27 92
92 84 33
26 64 76
24 50 25
54 36 42
62 38 44
99 81 5
7 93 55
44 49 38
11 3 100
15 13 41
43 91 43
35 97 77
32 38 93
57 90 31
49 15 77
86 40 33
63 88 96
96 17 2
32 93 82
2 3 39
0 77 94
81 87 89
3 89 62
90 24 90
31 34 19
41 83 33
85 32 26
93 60 9
71 38 42
39 7 79
67 51 4
65 46 6
68 20 77
63 96 27
48 15 44
34 68 65
9 0 4
11 23 95
13 69 88
39 95 66
86 55 5
77 0 87
47 93 52
87 98 75
78 9 60
50 5 22
21 57 68
15 7 7
43 83 26
96 36 54
0 35 77
5 85 84
68 84 59
38 19 73
86 31 13
31 98 96
37 59 5
61 62 99
83 3 28
25 73 48
92 59 56
36 15 49
87 41 84
41 96 65
15 55 31
81 58 56
25 2 20
72 1 96
90 68 93
43 30 43
64 49 6
46 23 99
1 64 2
99 25 27
45 91 42
4 29 1
23 33 77
11 56 49
49 83 99
38 6 67
60 83 72
98 15 74
29 79 5
73 28 83
9 33 6
7 88 3
56 1 13
83 75 42
94 47 4
2 3 69
69 59 2
69 61 16
55 65 35
15 11 56
55 1 81
10 84 56
13 75 3
54 88 91
73 62 40
1 92 31
9 5 94
15 61 99
94 63 54
86 52 97
91 98 63
77 89 17
74 52 99
94 56 42
73 16 45
88 62 55
11 93 64
85 5 84
93 8 88
22 17 28
84 20 15
30 50 33
53 72 27
6 57 80
0 74 69
37 78 16
51 10 5
67 50 70
59 48 53
77 59 78
74 8 7
57 98 96
26 96 65
93 2 82
80 34 50
35 84 89
1 49 23
61 20 87
5 93 87
45 65 100
62 54 50
26 66 18
29 41 95
41 45 57
68 1 22
79 4 55
3 86 68
44 55 32
6 48 51
4 37 49
54 80 22
44 33 98
27 4 30
60 75 98
29 60 83
41 67 11
4 35 23
7 13 46
98 92 4
32 22 99
61 95 56
66 96 97
0 32 48
8 49 53
92 86 97
14 58 39
98 63 83
68 40 94
95 12 61
88 2 16
24 16 96
96 90 48
45 3 60
36 21 20
45 25 47
67 53 19
89 56 56
50 29 16
7 19 30
69 80 65
59 31 51
70 73 16
52 85 32
82 65 37
24 54 55
24 92 93
29 70 80
39 16 57
1 7 61
83 15 76
82 62 72
6 41 88
40 46 79
35 15 74
0 48 83
5 18 44
7 42 41
81 96 15
3 47 4
28 98 50
21 80 91
51 66 32
37 88 61
59 35 1
51 22 70
14 69 29
91 83 15
8 93 46
84 78 32
96 50 8
27 38 92
90 64 65
42 31 66
24 21 28
2 78 100
75 67 39
18 32 26
49 70 98
22 39 52
92 31 4
87 36 95
81 78 9
59 85 66
2 4 59
50 13 21
61 67 48
94 1 37
69 43 26
96 20 94
53 89 51
28 41 29
68 8 43
99 7 62
83 93 52
27 1 85
40 10 84
78 49 58
54 42 71
55 49 8
37 58 58
72 89 85
4 2 1
80 52 96
72 55 52
35 69 63
1 84 42
47 65 58
48 4 30
60 15 52
30 66 98
60 57 20
98 49 38
2 28 69
89 16 20
71 25 49
64 21 82
96 54 78
2 86 63
64 38 31
41 52 44
13 72 61
87 55 36
76 23 80
95 85 99
23 8 16
54 23 56
38 22 59
41 67 20
28 52 13
33 47 35
67 32 42
5 85 34
60 62 79
39 37 60
41 12 20
67 57 70
48 95 97
5 6 45
49 58 5
73 21 22
4 84 60
66 61 82
72 69 87
82 1 9
29 69 25
49 38 21
87 42 45
40 89 93
46 82 96
86 68 44
43 84 34
50 59 45
13 60 37
84 87 24
46 34 45
9 78 31
4 52 27
29 6 6
48 64 64
13 68 56
74 65 6
82 76 74
47 13 94
94 22 60
1 50 43
0 22 42
3 56 42
7 88 79
16 49 98
5 84 80
62 9 97
99 55 47
34 91 79
86 69 98
71 91 46
36 51 72
79 35 21
76 97 35
65 80 71
45 55 70
47 89 17
67 55 11
43 2 57
67 21 56
19 78 32
24 5 64
26 64 14
24 92 31
51 39 69
12 30 73
42 80 71
39 9 4
83 2 58
66 79 97
29 4 13
12 34 75
91 97 35
50 10 57
93 37 32
16 14 48
46 67 11
50 3 74
69 23 83
58 29 11
62 1 62
98 8 81
88 8 79
37 91 66
34 22 22
30 45 73
46 89 76
1 62 19
96 35 53
39 30 88
39 50 94
92 34 73
63 6 21
39 86 95
34 98 32
38 34 46
54 95 37
36 88 36
80 77 69
62 4 75
99 32 4
21 28 5
99 86 17
36 52 96
15 38 12
83 47 22
2 62 85
21 81 71
46 80 99
15 32 33
98 51 100
66 85 57
3 77 89
56 96 58
70 0 6
88 68 39
14 86 80
45 5 78
16 86 94
65 26 16
66 70 1
93 84 61
53 83 99
15 90 28
22 91 24
25 89 92
47 59 78
10 55 34
36 9 91
72 56 46
34 55 5
48 89 2
22 3 47
18 25 27
85 34 92
35 28 73
89 53 25
28 32 78
55 75 54
0 98 6
0 5 20
69 96 43
46 33 12
6 58 53
49 46 68
17 35 89
79 43 60
29 22 32
27 70 84
31 48 99
24 40 17
68 45 19
12 85 11
12 8 99
63 19 94
2 38 18
54 2 50
31 42 40
5 96 2
94 71 1
30 23 50
9 98 4
68 54 64
83 2 11
44 98 12
45 29 97
14 5 80
86 66 68
54 43 3
93 99 57
50 76 70
83 8 17
88 25 17
56 1 67
68 36 98
95 20 52
53 83 63
69 51 81
86 49 32
72 52 93
77 33 43
21 99 31
29 90 47
55 21 66
95 4 80
73 28 2
83 32 94
32 6 86
73 75 9
27 26 49
91 44 79
76 22 25
91 56 98
94 70 10
7 25 40
74 12 54
97 83 93
22 6 6
67 70 55
68 70 71
85 38 61
73 87 62
97 29 66
97 76 29
73 58 66
28 91 22
82 61 88
73 79 12
38 35 5
91 98 3
35 97 43
38 39 25
83 90 66
88 49 74
89 97 39
22 97 31
70 75 55
15 63 73
76 51 95
53 48 53
90 22 19
12 72 71
28 48 14
24 40 24
25 0 77
67 22 46
98 64 75
62 54 61
56 19 33
52 58 72
17 93 28
12 63 16
4 1 76
18 75 19
35 47 43
73 61 67
82 90 26
32 53 28
51 40 69
33 51 7
15 21 39
14 5 8
7 22 17
7 46 19
78 86 69
42 8 93
5 49 21
77 63 85
7 68 53
70 45 67
89 44 22
55 19 91
32 29 60
94 19 35
8 97 53
31 80 81
38 51 69
40 96 33
98 58 4
91 14 56
33 15 18
35 79 61
93 97 57
67 89 64
24 53 82
36 79 7
99 41 79
7 54 97
8 95 77
4 27 68
3 61 50
49 85 72
94 4 33
55 68 36
1 6 12
35 73 24
12 35 91
36 96 16
76 49 67
25 59 82
37 93 3
33 1 11
54 59 14
82 89 45
46 12 56
78 50 82
91 30 52
38 19 31
89 8 50
51 47 55
66 57 24
56 84 29
60 64 22
7 68 16
36 64 85
6 55 85
71 59 40
93 40 32
19 22 73
26 78 31
67 10 50
1 72 58
4 16 16
70 4 29
28 79 17
50 98 26
70 27 66
69 38 72
7 79 36
12 73 30
86 29 31
33 39 25
60 44 52
58 94 1
36 81 68
1 61 69
46 13 55
87 53 43
96 62 16
37 25 46
32 4 15
98 99 100
70 67 49
60 52 23
97 87 55
67 15 39
12 1 55
54 32 38
73 18 13
56 97 54
55 88 95
48 41 44
27 53 66
29 94 79
77 67 5
1 64 66
0 70 6
16 43 94
61 72 56
3 31 83
9 91 28
10 62 5
24 70 43
25 80 83
57 74 59
75 10 69
0 79 17
28 23 95
85 69 84
33 55 12
88 65 16
31 35 71
52 13 23
85 76 26
43 83 39
0 56 62
32 18 1
66 69 38
51 12 21
58 27 44
51 31 96
47 38 38
65 56 28
32 41 66
20 94 24
3 43 83
4 62 66
90 21 71
97 92 93
95 92 35
43 97 79
74 37 57
94 51 7
51 33 15
38 52 19
77 71 88
87 77 83
88 72 14
17 52 60
3 79 21
87 86 44
0 77 71
35 87 77
68 69 65
40 19 77
46 20 89
6 86 67
1 65 38
8 80 78
5 76 84
61 53 36
61 54 22
72 70 5
48 69 24
43 40 77
56 47 36
40 27 1
41 42 54
59 67 24
33 1 28
67 77 59
35 61 43
45 94 71
60 90 87
84 94 64
65 52 33
51 59 73
82 26 39
7 90 27
28 70 92
50 34 11
40 94 18
0 48 99
73 16 69
88 87 74
8 69 98
77 7 89
25 19 50
76 63 8
55 27 93
58 33 12
88 18 10
44 84 80
25 17 3
42 67 42
61 84 25
18 35 56
30 21 20
5 16 1
80 56 37
14 85 83
25 73 100
78 48 91
61 32 8
81 39 4
92 11 94
74 0 51
56 17 50
76 11 19
83 68 93
66 27 40
81 94 7
95 34 73
80 98 87
11 24 71
86 0 81
4 39 94
71 31 100
88 83 100
34 70 55
84 90 96
37 14 26
58 76 74
98 5 10
42 99 67
55 37 55
65 31 78
66 7 2
96 4 57
37 16 16
45 10 20
97 4 58
22 97 83
7 4 66
0 32 69
6 2 56
73 79 46
68 23 16
15 54 47
7 0 71
85 48 25
49 85 27
52 84 2
5 43 4
52 57 60
29 37 98
40 46 91
42 1 44
48 75 62
42 71 34
37 11 16
99 82 17
31 35 26
97 17 86
36 63 4
1 95 40
25 9 44
67 9 23
60 85 2
43 57 34
22 88 80
16 18 94
58 3 57
19 88 91
12 60 17
13 79 35
71 74 81
30 63 35
37 7 69
78 94 27
72 31 97
27 93 32
74 77 27
75 92 31
85 59 97
67 65 89
44 47 62
35 58 89
48 39 20
6 99 98
66 75 61
48 32 92
48 63 44
69 6 23
40 33 24
97 50 99
6 76 2
64 86 79
63 6 71
26 22 38
85 35 56
37 35 53
19 74 81
70 25 40
92 90 1
47 79 32
91 92 81
69 2 86
81 6 40
77 54 16
43 94 20
11 80 14
88 91 9
43 72 33
32 72 30
45 78 21
53 34 86
11 77 69
0 79 84
20 6 6
46 66 54
29 53 79
68 87 68
81 47 87
1 54 88
52 82 98
56 97 13
78 77 2
43 3 83
65 96 64
31 62 73
23 68 49
71 75 26
90 76 19
61 44 28
24 16 96
74 68 83
4 41 95
74 99 13
11 32 92
11 60 73
27 75 19
97 13 33
15 97 40
99 14 2
28 17 2
37 0 10
80 71 93
59 86 83
13 46 13
15 86 46
30 87 79
59 31 64
12 17 30
33 47 97
37 4 43
20 41 53
36 67 16
75 30 68
12 52 59
76 50 20
32 42 47
13 61 69
74 7 30
30 85 1
64 7 14
18 3 31
43 59 89
59 27 28
1 49 45
11 54 2
46 91 66
68 39 78
98 43 48
60 1 43
61 78 35
61 49 42
47 85 64
13 5 23
82 48 2
79 69 73
29 18 3
11 8 76
67 93 55
66 30 63
9 51 14
91 62 38
54 86 25
60 96 67
44 74 6
97 66 27
36 49 48
3 19 31
16 79 11
63 46 36
42 13 90
76 33 38
80 0 96
61 94 88
82 61 20
34 43 53
60 93 51
34 6 74
56 26 5
65 36 18
80 90 52
90 8 44
73 41 25
3 65 44
20 17 38
71 25 94
84 67 94
9 65 71
25 57 66
90 93 85
32 83 25
25 68 56
44 93 12
26 4 59
26 95 80
29 16 39
17 33 90
67 81 15
3 12 10
79 7 91
98 92 13
15 47 62
39 61 9
8 38 100
68 2 65
62 48 54
28 26 30
89 10 96
2 61 80
47 78 30
72 65 65
91 80 38
20 51 76
3 23 29
48 94 33
92 37 79
13 11 83
42 41 6
63 36 1
58 6 27
53 76 94
67 64 97
66 43 97
66 93 46
4 51 92
47 42 49
83 7 99
77 67 41
17 4 47
95 65 54
90 6 73
31 42 65
34 1 73
63 33 83
4 38 57
90 56 39
8 75 37
1 54 90
95 82 50
74 34 97
16 58 26
65 1 71
96 55 38
76 51 28
64 19 77
83 18 98
11 3 37
32 56 24
49 17 23
3 12 9
64 70 24
32 36 26
58 5 98
82 42 19
41 42 83
38 44 60
93 59 55
24 67 70
1 8 51
20 71 65
89 30 63
38 61 64
21 1 67
20 98 41
8 59 37
29 51 22
64 62 21
85 88 83
61 73 30
35 20 69
10 40 67
35 60 79
51 26 34
25 71 7
9 32 61
24 77 80
77 65 93
52 15 66
79 68 75
11 81 6
43 31 21
56 54 88
27 71 73
20 93 10
84 37 16
33 79 43
82 50 97
50 64 65
57 3 50
5 16 100
46 94 92
21 97 65
21 95 81
92 22 24
73 83 98
40 63 25
60 93 22
72 21 6
91 19 69
51 97 53
17 54 20
11 84 35
14 5 57
25 55 71
30 65 7
42 99 80
23 20 2
44 64 32
59 25 99
0 63 93
55 67 14
19 53 65
18 17 87
17 78 8
63 84 33
98 99 30
73 30 46
90 53 90
57 61 75
22 21 37
25 8 72
65 87 11
76 8 62
80 69 94
16 65 6
78 48 53
15 10 5
94 25 11
88 54 48
73 63 46
63 7 13
69 50 75
75 92 16
56 24 22
27 93 74
2 53 79
14 25 65
32 23 7
20 11 66
80 90 59
9 20 6
0 62 96
82 29 83
79 43 56
17 0 77
1 2 38
2 45 79
19 42 4
66 71 3
93 89 12
67 54 86
21 15 72
84 56 78
80 7 74
20 18 19
31 68 50
57 13 2
73 96 100
43 23 7
16 75 54
53 22 5
32 6 41
72 73 16
18 34 71
31 22 18
36 80 61
40 22 98
59 26 47
31 60 17
35 15 57
74 75 8
42 31 28
40 59 94
50 37 7
13 31 6
4 79 3
11 77 44
78 19 10
48 84 38
65 98 10
83 70 92
66 96 68
31 13 77
76 58 98
91 0 59
7 17 50
26 87 21
8 1 75
42 86 9
73 4 74
32 16 81
7 68 83
0 77 68
9 86 4
58 10 65
40 58 43
52 92 86
44 53 34
50 83 84
38 54 17
58 13 71
32 34 38
15 84 44
84 30 88
48 42 31
10 54 34
3 44 22
82 73 37
98 50 95
59 20 51
57 31 30
41 12 74
60 43 10
76 17 32
85 3 77
35 5 82
0 99 10
97 42 94
96 73 2
57 23 1
89 38 91
6 32 23
59 2 55
9 49 15
84 41 78
2 25 22
82 70 38
13 29 68
0 95 45
65 91 93
32 80 88
68 98 82
60 88 31
65 12 57
76 29 78
47 17 50
52 71 23
47 60 29
16 35 53
53 91 39
44 77 65
79 65 38
43 2 24
55 67 37
99 86 41
76 70 79
19 37 66
30 56 49
25 35 35
94 34 80
65 71 21
98 89 99
18 78 13
97 98 51
72 71 75
74 98 50
57 61 68
7 3 21
41 58 60
27 23 4
63 2 4
65 42 87
53 52 67
30 69 35
33 81 59
11 86 51
22 82 93
54 13 35
46 38 70
23 39 34
80 79 3
90 77 38
27 9 19
21 3 84
8 35 89
45 56 95
91 2 82
92 85 62
19 63 37
50 36 30
62 3 42
56 95 83
65 15 68
38 78 40
70 10 26
90 3 22
88 54 41
49 59 62
68 75 94
88 65 56
21 97 18
85 77 5
68 7 55
22 85 4
62 61 63
73 87 17
22 43 94
38 91 70
4 7 30
79 32 64
66 2 99
6 38 91
12 93 15
83 72 85
17 72 35
39 17 14
8 17 27
69 15 84
56 86 25
29 38 10
69 16 71
47 63 91
21 83 30
90 84 88
15 16 86
64 52 88
96 81 55
7 25 33
85 3 62
53 63 13
33 90 4
93 2 16
44 39 31
54 29 61
8 38 8
75 56 6
47 91 67
42 22 42
53 29 20
17 88 39
5 92 18
48 87 33
94 62 65
17 69 85
15 41 4
57 52 78
14 66 30
66 9 84
49 18 70
62 38 91
41 48 75
57 14 41
84 40 50
43 41 67
99 18 64
32 44 56
94 22 60
11 50 37
94 65 2
27 73 49
17 52 39
99 69 40
56 86 11
10 20 11
98 8 36
14 90 11
25 41 77
77 32 97
2 74 21
59 6 89
26 72 50
2 9 13
36 49 9
15 14 85
75 25 83
5 8 11
92 81 20
58 96 20
3 64 3
30 64 47
98 16 87
12 41 29
94 55 78
68 88 94
67 32 95
73 82 68
13 12 28
11 65 88
8 24 75
49 70 4
74 6 13
36 91 67
69 39 99
3 58 65
30 41 99
50 4 25
82 54 12
58 25 28
36 28 50
16 8 79
13 42 2
94 56 82
11 84 79
54 33 10
37 21 74
36 50 73
17 30 68
88 15 43
54 50 69
56 35 36
41 27 20
73 22 83
5 72 57
8 71 78
11 36 4
94 9 69
19 80 44
62 63 56
85 62 38
11 40 48
31 92 14
20 33 84
13 91 50
96 89 38
13 16 4
53 32 77
2 63 71
1 36 6
38 68 67
4 38 39
77 34 12
44 40 98
42 60 6
45 46 17
55 62 72
40 66 84
92 43 18
63 34 13
8 22 83
19 65 67
10 79 12
29 68 20
99 66 67
45 99 16
33 15 13
13 97 77
8 75 96
7 68 91
80 87 54
82 90 93
26 83 97
43 6 68
93 5 1
67 86 93
59 33 4
86 21 10
80 48 69
72 65 97
73 50 72
32 13 14
38 14 26
51 48 30
37 36 25
77 33 37
21 39 49
88 14 58
7 53 68
13 19 8
18 97 96
69 99 40
8 65 2
26 10 86
95 29 45
74 24 13
89 21 41
46 75 13
95 47 2
23 59 23
52 48 10
79 10 87
45 18 29
97 73 25
2 39 94
63 33 31
40 27 17
43 58 69
64 28 15
70 83 15
83 39 81
2 96 19
86 4 17
79 59 72
72 32 32
4 52 33
2 66 35
39 98 21
47 21 27
93 98 21
85 6 81
92 71 46
53 58 36
29 69 94
31 99 2
11 12 12
67 71 19
40 47 61
85 64 30
34 14 22
94 99 68
76 70 46
2 13 32
74 84 92
4 72 27
86 77 46
87 43 33
34 42 44
81 96 7
81 56 13
0 74 4
2 88 63
44 9 38
69 40 90
33 47 86
97 72 43
98 25 34
38 88 50
72 52 99
0 68 13
19 99 31
32 33 29
7 63 63
8 5 24
82 46 76
24 87 92
16 28 70
79 73 37
94 72 68
13 62 32
37 23 90
96 65 42
14 19 100
13 49 50
74 32 74
80 44 75
10 72 32
71 57 24
89 35 79
29 13 92
33 53 43
34 22 88
41 27 64
2 20 69
67 61 99
36 75 88
38 19 66
12 6 13
46 40 83
61 62 43
67 6 9
20 39 84
69 23 85
17 74 84
18 64 7
11 85 1
24 43 37
98 11 82
12 99 99
62 61 28
43 93 20
54 33 42
67 45 6
33 73 58
13 14 83
65 96 93
42 57 84
73 75 71
10 99 47
85 12 62
36 73 92
62 10 15
66 82 39
40 58 66
61 12 14
38 33 50
4 45 61
4 64 82
80 10 47
2 98 31
24 15 47
0 7 37
36 41 53
66 57 14
52 71 86
88 59 63
33 12 66
73 31 76
19 3 42
13 18 61
79 70 32
2 93 17
31 6 98
30 57 19
7 32 15
91 49 56
17 30 67
98 0 8
94 44 85
37 52 46
48 39 80
63 97 14
7 32 3
94 72 60
63 72 97
37 44 58
85 87 1
79 58 35
13 40 79
66 39 30
49 47 69
85 72 19
94 57 28
77 85 27
18 31 58
11 84 28
99 49 29
83 0 50
15 12 87
57 56 74
28 91 67
14 23 72
39 56 15
12 94 67
67 75 48
27 66 14
43 95 36
14 64 16
21 18 57
86 6 33
17 50 32
46 77 93
88 85 20
20 50 95
98 53 81
89 39 10
56 70 51
4 47 43
15 32 77
73 29 39
79 38 61
51 32 63
85 22 5
59 30 39
40 77 74
11 62 21
33 71 30
66 73 4
68 95 23
60 79 40
95 28 82
23 16 23
52 56 15
59 87 42
22 74 54
96 2 64
54 64 64
55 59 39
26 40 78
47 60 30
79 90 14
66 45 52
8 30 2
83 45 73
36 23 93
80 17 17
14 87 28
97 99 52
53 74 88
15 47 33
87 94 50
25 95 47
83 94 30
19 48 97
89 17 44
96 0 45
93 75 97
16 70 56
46 66 92
64 11 36
69 35 38
23 35 26
1 80 43
59 31 82
93 94 83
6 77 23
70 31 52
69 4 74
6 26 12
85 84 92
62 44 65
24 91 97
22 29 5
34 2 65
45 28 66
45 48 91
26 79 22
72 77 6
30 92 89
93 48 95
26 96 66
20 3 48
61 97 52
34 67 47
64 20 9
53 78 39
32 37 18
13 10 55
45 71 64
22 59 67
47 90 49
61 90 46
95 16 15
38 36 64
2 64 45
94 65 75
49 12 66
33 2 35
57 51 70
4 66 31
1 19 50
22 14 29
76 3 91
0 28 60
8 66 78
57 35 90
29 43 25
87 60 8
51 54 100
7 79 44
78 74 94
82 41 81
86 92 13
52 63 90
42 98 15
62 37 33
92 23 58
66 81 56
19 37 9
28 20 62
44 75 44
31 33 94
3 66 2
68 98 3
54 30 77
91 96 59
92 52 68
34 10 33
11 60 14
39 65 62
55 17 45
44 72 5
25 64 29
48 71 84
78 8 23
66 78 33
19 26 14
54 81 38
68 39 12
86 35 23
62 87 14
89 11 26
26 96 3
85 48 91
13 69 92
66 17 60
20 39 79
87 69 42
30 53 93
69 32 18
61 57 48
27 1 53
63 59 66
87 76 86
36 56 84
63 46 71
57 43 99
83 5 85
56 98 91
10 52 37
67 38 95
94 80 37
23 17 27
12 48 71
47 84 48
90 68 76
71 77 44
11 65 9
9 17 70
84 5 36
22 70 8
80 31 26
49 80 92
22 40 7
60 89 43
77 96 29
8 15 62
73 51 8
64 85 74
83 33 17
50 2 90
89 31 9
55 9 38
77 34 53
24 33 32
15 45 26
18 28 36
73 42 18
78 62 49
82 1 20
78 67 58
13 7 52
20 76 44
42 72 15
33 2 52
82 21 49
56 25 49
35 66 12
91 33 95
57 52 32
31 28 86
46 5 39
51 44 10
20 6 39
53 32 15
79 41 73
50 47 91
49 70 82
28 38 42
55 77 34
89 85 9
65 85 78
16 80 98
36 48 91
3 13 100
82 65 12
67 98 56
51 25 48
97 27 52
63 96 29
6 98 25
75 95 51
47 0 41
33 49 60
92 66 32
68 91 49
75 46 8
67 62 54
63 44 30
90 66 77
22 63 38
97 47 45
99 62 90
56 58 42
35 62 55
90 89 78
18 24 69
82 31 1
72 33 42
25 45 15
61 36 46
27 45 60
78 92 1
41 36 31
78 7 6
40 59 59
85 60 37
74 51 48
6 82 26
57 40 66
68 40 46
33 63 16
2 54 35
82 62 60
76 37 84
86 22 20
35 10 8
21 13 28
68 92 82
89 97 65
2 13 40
23 61 53
61 39 9
94 86 36
7 68 42
17 55 52
15 1 30
30 1 66
90 63 27
24 45 97
98 16 57
16 5 51
62 35 84
99 86 71
99 12 25
42 50 82
61 14 83
34 62 93
11 36 77
21 37 34
30 81 65
63 46 62
56 68 34
97 79 60
14 22 18
64 95 57
37 41 78
54 19 34
93 99 91
34 44 86
0 39 84
73 48 86
8 13 81
54 34 15
31 4 60
75 47 81
21 91 53
39 90 100
52 63 66
99 72 88
78 3 85
4 66 29
44 96 46
29 6 53
13 55 9
22 8 73
30 31 34
11 49 76
84 58 30
51 0 55
89 75 68
4 20 13
25 77 24
58 21 41
74 3 75
44 37 3
73 41 58
78 49 41
51 97 37
30 93 55
92 38 28
34 46 96
86 33 95
2 1 46
13 62 53
15 49 78
58 50 4
6 38 29
67 69 75
57 25 28
21 31 76
81 27 74
0 52 100
44 63 30
34 11 78
63 67 16
53 18 92
87 94 29
65 39 93
63 58 96
99 10 17
23 6 5
38 66 21
71 26 4
37 83 35
66 15 97
64 84 73
78 8 82
96 50 33
43 57 95
19 11 88
57 15 2
25 22 96
62 34 66
53 14 58
96 17 5
94 35 67
65 24 87
13 56 17
20 45 86
64 81 51
90 29 99
86 42 77
82 22 78
79 17 62
40 49 56
24 15 92
31 18 12
23 50 44
85 31 24
40 52 95
82 22 99
39 69 2
58 3 48
63 88 59
91 18 83
10 94 19
86 88 66
40 1 40
49 44 79
23 86 100
97 31 48
94 84 53
88 39 97
58 62 10
80 92 92
67 7 44
27 53 57
67 47 49
85 29 11
88 51 30
8 96 79
9 60 5
37 69 30
12 44 8
47 29 33
75 5 45
58 31 32
7 88 45
1 23 2
4 24 9
24 69 24
68 77 85
36 58 9
31 10 12
63 97 100
49 50 17
71 12 95
9 14 11
7 72 8
27 43 32
50 96 18
36 38 82
95 83 25
87 45 4
79 93 94
78 73 84
55 87 35
60 26 60
64 41 83
36 8 20
23 6 5
94 95 21
31 85 16
12 45 82
54 83 77
89 76 89
68 49 100
21 66 96
72 79 15
72 80 92
66 0 38
88 67 57
21 42 86
15 65 37
73 62 38
76 80 35
52 42 10
12 89 39
82 74 55
62 19 2
29 34 6
1 83 67
96 79 14
25 3 18
63 92 69
22 9 57
77 48 31
19 5 85
43 83 18
74 12 11
66 30 3
39 43 48
49 96 85
26 90 59
23 54 42
57 48 25
93 32 74
22 49 90
39 23 36
53 59 87
96 89 78
43 11 83
50 30 44
43 90 14
3 57 73
99 73 4
55 52 60
87 55 89
62 21 90
52 14 1
60 19 93
7 19 87
43 55 34
80 56 3
64 25 98
27 35 99
33 86 68
56 6 35
48 6 30
8 49 4
59 47 90
53 62 26
74 81 87
33 40 28
42 21 49
1 14 29
19 32 79
14 50 72
91 45 48
28 78 62
21 25 80
62 14 69
83 13 27
84 37 78
64 68 20
5 9 34
76 80 78
28 88 33
18 42 21
67 9 27
33 44 1
49 4 96
6 72 95
29 61 14
74 99 70
59 24 97
18 62 24
66 53 1
31 66 70
51 19 86
21 39 22
77 9 21
44 12 43
68 45 33
72 51 97
22 54 90
1 20 14
31 5 96
25 79 3
94 18 55
36 79 69
53 67 53
26 24 87
26 45 7
62 57 12
99 60 24
40 69 81
85 81 73
2 28 86
70 15 9
18 77 53
38 82 36
78 54 9
47 44 32
89 6 56
38 19 85
22 94 81
38 8 3
39 99 10
56 37 56
6 37 8
28 65 23
84 25 94
45 62 99
75 6 21
53 51 82
23 63 19
73 87 51
88 20 27
39 21 66
0 13 62
76 82 25
98 16 86
25 51 12
58 11 52
47 76 12
42 40 83
81 16 13
44 86 25
66 24 43
45 12 20
51 89 85
50 13 71
97 38 95
31 35 73
42 55 10
50 67 78
8 68 59
0 80 44
14 81 23
84 2 76
1 96 52
83 67 68
84 54 6
79 81 6
27 77 89
24 45 77
66 90 64
86 23 38
68 87 70
61 19 52
83 60 64
4 23 31
52 50 1
50 63 29
94 53 71
37 19 38
14 19 21
47 46 100
79 92 58
10 52 71
85 51 4
95 75 32
63 38 32
27 41 74
39 93 78
63 24 23
54 60 51
63 57 80
22 99 52
24 26 91
63 15 65
20 60 86
4 81 2
55 20 65
24 36 55
94 25 45
57 79 35
91 61 45
28 35 94
63 13 83
72 88 23
32 72 86
85 82 3
42 40 82
22 35 92
42 20 20
63 71 50
13 38 53
38 31 22
68 51 64
86 79 29
45 50 82
42 50 24
10 47 25
27 40 26
81 96 84
67 27 57
26 46 92
63 56 29
58 92 46
68 8 43
42 31 92
99 28 73
0 44 37
27 85 39
86 19 92
51 80 34
10 54 79
73 11 54
28 32 80
43 52 98
95 53 71
65 0 15
94 30 5
44 34 96
91 7 70
6 52 61
20 5 61
48 79 16
37 70 98
82 83 92
97 1 85
41 64 32
62 43 81
44 84 53
98 9 75
46 14 20
21 96 26
46 47 57
40 23 48
91 58 5
94 38 71
56 62 3
16 33 49
84 79 100
66 55 31
59 70 32
8 46 39
67 61 14
56 63 79
77 86 93
8 36 73
22 62 63
15 51 63
43 2 95
3 25 72
63 0 43
31 46 53
1 7 92
65 74 13
89 79 86
98 20 85
7 73 79
30 12 21
29 25 45
4 1 99
4 66 85
89 98 66
68 9 75
79 11 78
93 58 39
47 0 39
27 56 86
70 81 82
96 48 52
47 5 80
41 63 49
64 67 34
63 13 84
47 36 88
17 93 94
18 59 10
69 19 88
29 49 6
65 8 62
21 17 83
46 69 52
91 35 66
99 88 1
21 52 64
95 94 38
1 39 25
74 49 5
0 69 92
17 80 26
6 12 9
37 51 92
8 53 5
67 0 78
98 82 12
63 28 37
89 0 58
4 24 49
91 94 11
4 50 72
10 32 4
51 32 81
43 3 28
32 81 92
82 61 52
73 74 65
62 22 41
50 24 54
90 2 98
29 53 62
49 0 64
40 56 2
82 85 89
71 82 30
31 88 96
26 59 86
10 56 51
77 6 7
40 57 28
6 60 72
61 55 51
95 75 61
8 10 67
49 79 72
81 74 38
69 38 97
93 54 73
89 64 94
8 56 76
78 22 67
82 32 26
72 96 99
94 12 25
43 16 52
96 15 37
13 4 7
20 61 4
39 70 41
43 47 91
57 11 38
46 32 3
3 18 77
58 55 98
55 71 52
63 13 48
46 91 93
55 59 53
74 11 78
54 2 76
46 8 2
30 94 46
34 17 84
95 28 90
39 91 4
53 94 88
63 67 19
11 65 83
25 88 6
23 76 95
17 76 3
5 11 38
21 91 83
98 31 2
95 78 11
83 47 68
72 30 79
14 61 68
30 82 59
62 10 94
52 48 11
44 16 50
92 28 27
46 90 82
36 40 15
3 99 44
71 64 67
26 86 28
32 87 58
2 57 39
92 10 17
63 42 33
39 90 100
7 84 76
28 95 25
3 93 90
88 71 88
49 39 53
30 97 11
23 48 76
99 93 9
42 6 29
23 18 12
90 93 55
60 3 71
88 98 12
31 64 52
13 7 18
99 47 87
33 25 16
65 56 19
11 45 2
88 61 4
93 16 46
29 17 35
5 98 59
42 76 61
16 97 99
71 44 68
56 71 9
23 19 76
57 77 17
4 11 43
80 52 71
59 41 97
24 29 18
38 16 26
57 17 58
73 91 28
3 53 20
33 24 22
40 81 84
12 11 38
0 66 32
36 48 16
68 50 15
43 19 58
27 50 100
82 19 26
51 15 31
8 7 12
78 55 34
89 49 53
25 67 49
66 32 19
19 52 99
81 97 15
35 45 22
18 42 30
15 74 49
83 9 6
90 2 54
1 98 25
35 85 43
98 68 87
25 96 32
61 80 16
55 54 12
33 59 6
82 17 85
64 48 97
26 33 70
28 2 15
40 43 64
73 23 1
49 1 72
30 10 28
1 38 83
82 39 57
6 89 94
73 92 90
36 9 39
58 25 53
63 72 36
43 52 87
69 24 77
38 95 35
47 96 49
72 90 6
78 37 13
14 16 68
39 41 69
5 9 54
45 5 57
93 42 67
5 43 90
47 36 4
24 23 55
50 30 51
81 74 89
57 41 80
42 9 73
5 24 37
31 97 91
49 89 47
43 3 63
58 3 91
48 82 85
86 74 96
87 64 38
17 9 32
7 85 1
16 64 29
61 83 62
28 47 43
85 56 42
31 51 85
14 27 46
61 46 39
46 71 75
6 55 71
9 39 9
48 65 33
39 34 86
65 38 17
1 54 34
50 72 10
8 32 100
7 19 95
58 51 82
67 16 93
70 77 41
78 47 24
34 41 62
3 25 91
91 57 92
11 86 85
68 66 19
67 89 35
85 0 73
18 48 88
88 78 93
63 26 44
81 43 84
35 17 48
6 39 71
40 98 56
29 54 86
72 68 90
44 20 82
4 64 31
13 23 51
40 19 76
27 7 2
12 43 39
81 82 19
51 77 18
53 60 74
44 31 95
19 6 11
80 97 81
74 7 68
82 60 22
36 4 8
37 27 66
50 22 48
73 51 96
67 8 42
63 88 55
6 61 34
21 96 85
74 10 67
86 2 30
99 51 28
16 30 78
63 91 78
30 68 43
11 90 94
16 78 45
12 9 7
48 36 67
69 67 81
56 44 3
95 67 63
84 59 20
92 96 86
74 24 53
91 87 65
1 30 59
3 27 65
68 0 28
79 54 41
78 16 33
44 9 95
70 57 19
71 33 34
2 69 43
86 14 88
4 95 87
69 29 28
81 75 95
63 15 83
94 60 11
5 34 80
40 95 3
23 82 58
77 73 10
29 31 86
35 70 98
24 1 27
91 78 53
22 17 49
11 8 76
4 34 97
30 32 58
61 32 37
0 46 86
63 47 66
60 54 20
40 53 22
76 29 10
59 30 2
37 61 52
36 57 55
55 91 21
62 82 39
48 85 80
85 67 96
67 30 6
99 66 87
38 97 82
18 49 78
64 8 51
62 23 64
25 15 5
35 0 2
93 59 36
66 57 67
48 62 46
8 73 46
27 10 76
29 67 33
36 78 23
4 5 88
64 37 91
67 55 74
74 34 31
59 64 48
36 61 17
55 5 24
85 12 52
58 71 9
35 72 81
72 60 20
92 9 66
21 13 15
30 80 23
0 55 68
64 95 66
30 76 32
35 2 45
52 7 94
32 78 72
97 49 73
57 75 29
8 62 41
26 68 67
8 37 33
2 27 4
20 16 98
78 37 25
10 71 21
36 75 78
88 78 13
54 46 11
67 54 7
15 34 77
8 63 54
13 9 63
3 84 90
17 99 81
54 83 87
21 10 58
4 17 66
36 9 89
18 47 100
72 65 34
94 80 9
68 67 24
19 56 15
68 69 40
15 12 33
81 95 8
93 9 46
66 42 59
39 63 29
44 83 85
53 35 42
81 23 36
67 27 100
46 53 3
22 15 93
23 18 25
97 21 85
27 76 76
62 55 41
50 52 66
44 36 70
45 39 72
24 30 20
78 68 3
75 26 39
37 28 51
45 14 21
53 45 61
19 4 42
19 45 98
26 1 33
10 85 61
23 35 85
34 81 67
83 16 34
98 82 70
91 84 37
22 43 15
54 40 50
97 72 11
97 73 34
89 5 49
10 3 23
33 88 39
72 93 60
54 31 8
50 35 97
76 41 59
94 4 27
26 66 95
57 46 34
95 29 47
60 59 31
79 68 23
36 32 6
48 22 9
64 10 11
17 0 72
38 31 86
27 84 3
23 92 60
36 78 7
77 19 57
29 21 77
45 35 3
85 40 76
11 65 35
2 59 11
2 0 58
12 92 48
88 17 53
5 8 10
36 4 77
12 74 16
61 46 12
3 13 69
36 51 99
58 8 67
65 57 17
40 18 35
95 4 16
68 9 2
13 19 79
27 91 43
29 17 70
56 83 51
41 31 20
85 93 87
87 86 51
26 1 91
90 8 14
6 68 86
98 21 37
66 9 73
10 79 57
72 97 17
9 56 38
48 23 5
42 38 19
97 53 14
16 67 89
35 11 62
73 30 16
84 36 57
88 91 98
25 29 45
58 51 73
4 71 87
18 16 98
2 31 74
81 82 4
54 0 24
12 76 17
22 76 72
30 19 36
56 76 84
11 95 52
73 72 57
9 5 8
98 80 70
90 28 28
62 29 60
54 67 2
45 6 30
81 57 53
99 68 12
58 73 47
39 64 42
6 26 77
61 25 55
45 52 89
96 70 32
58 39 92
12 81 95
31 63 36
83 81 19
0 64 1
63 25 1
37 84 62
0 92 75
82 74 36
7 17 56
92 67 91
33 86 91
33 77 19
73 52 64
21 46 51
99 58 98
38 53 44
69 30 69
4 21 22
44 30 6
44 62 28
1 72 50
40 0 9
68 65 86
57 0 1
99 51 76
72 60 65
90 89 66
21 23 18
80 45 65
7 75 86
65 84 74
26 20 44
87 91 69
14 13 27
19 71 59
14 18 86
2 35 4
23 52 90
85 19 50
16 65 38
24 49 69
35 39 52
66 33 44
45 37 83
8 44 20
21 91 98
70 67 30
91 98 15
45 83 11
42 31 42
87 24 55
4 43 53
47 91 66
69 43 12
59 17 99
97 89 48
54 80 2
60 4 13
64 96 11
30 94 79
26 64 60
53 35 98
78 38 55
34 44 29
84 56 79
26 23 91
39 91 67
48 77 62
95 90 40
35 60 76
17 74 91
77 24 83
35 17 82
15 83 69
8 52 50
65 58 100
63 92 9
71 88 17
75 5 95
21 86 92
42 73 72
47 72 33
30 26 60
99 15 6
93 17 12
51 8 51
79 6 28
41 17 95
80 33 80
74 38 50
34 22 35
52 72 62
46 45 75
34 87 57
98 72 75
89 57 98
7 74 45
19 1 72
25 61 22
11 49 51
41 78 11
34 9 91
27 16 67
28 92 88
23 87 69
50 6 13
80 40 99
5 31 93
71 0 98
83 4 78
37 54 86
20 83 12
2 85 71
88 47 70
10 90 34
78 81 52
63 87 59
10 56 43
79 92 59
56 20 85
87 19 22
21 80 24
95 14 10
99 36 98
0 99 4
53 69 6
10 98 45
83 26 36
27 75 31
12 47 87
12 70 28
18 13 70
20 61 53
25 3 44
37 64 54
24 12 68
8 75 2
16 60 3
81 29 30
4 83 45
57 4 33
10 70 21
72 97 62
83 81 7
58 83 44
9 0 68
55 61 58
61 94 69
35 4 90
75 95 15
54 46 36
9 94 53
58 96 16
38 63 78
62 26 72
37 26 87
45 31 76
47 69 60
28 66 79
60 16 11
36 93 66
96 0 34
21 83 20
73 50 75
87 47 1
5 49 59
93 37 41
73 68 74
88 69 90
86 79 35
66 9 6
93 78 33
26 69 71
20 40 49
49 39 48
34 46 83
49 50 22
9 10 13
31 82 22
2 83 53
87 39 90
34 5 51
90 80 5
61 23 87
10 5 52
8 88 39
84 14 48
92 50 23
89 69 84
31 80 21
83 0 96
86 87 39
85 80 38
47 69 13
83 42 53
93 45 66
51 69 75
89 46 87
60 20 27
39 48 68
86 14 61
63 85 4
79 0 13
6 95 7
31 62 75
88 15 63
59 26 71
37 25 75
23 47 52
19 57 87
86 99 40
83 36 9
26 19 6
94 7 67
99 43 54
71 69 88
74 5 14
55 51 39
24 78 58
78 54 40
83 75 67
39 18 77
45 26 12
49 14 50
13 70 60
99 27 37
51 56 35
61 83 17
32 75 80
5 52 2
58 37 15
25 27 39
28 82 45
19 82 39
9 92 32
32 89 20
57 9 65
75 87 73
32 10 92
20 39 55
38 50 8
52 91 50
9 81 37
71 36 16
17 29 95
28 36 67
81 2 4
37 40 64
16 37 58
80 54 7
19 30 1
78 5 81
51 58 58
44 3 85
27 8 48
79 30 26
5 69 14
4 49 29
68 70 30
95 78 27
27 44 44
36 73 27
63 9 69
69 50 91
4 45 88
63 79 39
88 90 35
37 19 94
55 11 100
93 67 57
19 32 29
63 60 95
86 8 87
3 16 17
80 40 5
6 65 6
55 41 17
97 14 75
69 57 38
93 25 56
34 18 80
86 71 15
16 74 71
65 54 83
21 66 48
46 95 62
57 17 6
86 79 99
72 44 66
15 2 4
6 81 87
27 84 76
13 1 65
86 16 56
83 13 81
72 47 24
40 71 72
67 1 32
87 65 36
91 75 50
71 11 39
44 1 12
15 7 46
50 9 6
91 5 14
50 44 87
68 50 17
78 71 53
58 89 52
39 35 58
61 91 20
84 77 38
57 15 30
9 94 25
73 97 18
55 0 3
98 41 42
64 17 88
65 28 11
51 7 10
56 37 19
21 19 92
21 37 16
47 48 13
86 94 73
38 66 15
68 8 50
38 57 98
21 66 35
90 32 15
45 83 2
56 86 56
62 42 35
50 27 31
39 20 36
0 89 38
77 90 74
79 81 36
53 39 67
43 36 69
93 28 100
8 80 7
33 89 5
32 14 65
8 57 55
96 69 71
13 94 28
43 15 38
27 23 70
57 50 31
93 5 69
68 73 22
23 94 69
3 18 70
70 50 85
12 22 67
19 13 92
52 81 73
34 1 71
23 8 2
50 78 33
33 14 23
5 73 72
98 21 11
72 33 86
41 22 48
41 9 50
12 24 88
41 7 20
99 34 2
43 40 15
12 57 5
2 31 66
73 92 21
82 16 61
81 65 94
41 73 54
85 36 100
12 36 21
78 81 83
44 23 43
61 6 21
0 54 57
82 97 54
19 65 27
22 76 21
3 72 20
28 49 91
47 55 92
74 46 37
28 71 9
88 0 47
98 29 76
17 51 88
19 21 98
1 89 17
75 59 22
54 30 6
52 10 52
92 59 92
66 16 13
56 69 19
10 50 38
81 63 53
54 24 11
45 83 68
91 35 93
8 10 88
76 69 52
50 63 96
85 63 97
25 50 7
16 96 80
53 10 24
38 30 53
7 44 91
24 89 82
93 21 8
11 38 18
49 75 39
15 82 73
50 58 89
58 30 53
65 46 38
81 78 37
50 0 67
77 92 45
25 4 88
89 31 62
36 39 30
12 35 69
27 89 16
77 27 57
43 5 47
88 49 23
80 13 5
58 42 91
3 39 78
62 80 54
30 96 72
52 70 27
36 77 88
99 84 82
48 12 62
68 30 77
60 77 33
29 65 64
47 7 91
41 35 34
64 80 39
63 31 6
35 5 99
22 73 100
99 85 99
86 65 37
50 55 84
33 7 45
16 74 53
19 2 66
81 35 37
38 83 35
82 10 29
6 96 96
2 72 3
74 73 35
94 89 31
72 63 36
11 46 67
63 74 3
24 89 48
6 28 40
26 18 64
2 21 28
90 77 31
39 19 73
65 88 33
8 26 1
90 7 67
92 50 75
96 46 3
19 55 66
19 88 100
23 73 67
10 57 74
99 4 96
23 11 95
52 48 20
81 95 26
13 11 9
12 4 73
52 89 32
94 95 10
7 89 45
50 74 20
24 84 95
41 25 43
51 85 35
98 52 21
56 4 81
34 87 26
24 71 79
81 99 78
66 6 56
18 34 49
14 69 54
59 0 82
17 44 24
37 43 18
15 78 72
3 61 24
85 0 79
0 24 63
41 43 14
83 61 100
40 45 15
42 30 84
43 55 91
85 45 22
89 29 59
56 9 78
64 26 48
74 95 86
69 92 23
35 15 45
19 7 96
87 9 85
32 40 15
0 48 58
99 35 6
62 95 3
50 80 54
51 47 39
2 59 75
51 58 69
26 75 37
80 54 4
73 74 57
56 94 25
68 20 82
30 47 2
5 31 58
23 84 76
54 45 96
65 90 80
25 91 62
43 56 72
58 17 17
92 8 51
53 6 75
77 85 44
68 6 46
20 50 94
8 24 74
66 50 30
74 27 43
25 28 14
20 27 23
69 98 71
62 23 62
79 5 87
61 60 3
92 53 42
10 3 7
80 42 58
12 68 51
1 31 28
11 47 52
89 7 60
45 17 97
53 70 16
49 53 11
75 82 44
55 66 90
98 42 63
15 46 9
5 49 4
10 75 18
5 53 58
73 67 36
83 27 76
98 13 9
76 24 24
89 47 56
2 38 49
96 15 55
19 86 51
91 86 76
99 64 66
98 14 4
16 1 19
28 26 16
34 27 18
63 87 2
37 87 22
66 30 73
81 1 22
90 68 66
98 56 63
15 18 100
41 77 61
35 89 99
25 80 31
89 17 43
6 76 14
65 49 45
76 29 42
7 18 14
54 99 85
51 0 79
13 23 71
0 5 14
8 64 58
22 36 28
4 87 98
64 46 57
12 53 39
88 28 4
17 14 82
48 82 54
62 53 41
22 36 37
73 78 28
20 53 68
49 84 79
16 17 92
12 85 79
72 28 18
53 67 8
38 73 9
33 54 43
24 59 26
76 88 67
48 71 86
10 85 9
45 47 31
47 87 13
58 25 59
69 35 13
82 87 88
41 52 21
18 42 64
65 78 51
8 69 62
6 14 35
12 30 70
87 88 86
90 1 50
87 27 72
52 13 48
26 47 39
40 89 58
44 26 99
64 81 26
66 13 47
69 44 15
91 2 63
24 29 23
19 78 29
97 85 63
68 24 32
65 8 100
87 18 35
58 95 65
34 15 54
38 78 98
57 53 8
16 55 21
26 5 84
31 18 40
54 98 15
48 62 83
66 38 78
26 87 46
79 32 62
93 82 11
86 70 4
84 9 65
16 9 45
78 24 47
51 75 16
20 1 8
16 65 70
68 93 74
76 98 92
29 96 26
46 6 72
38 92 31
74 71 27
60 80 88
66 39 70
33 63 4
40 32 51
29 74 42
74 27 44
45 65 64
75 38 47
6 10 18
75 33 78
93 21 45
53 19 72
40 78 51
89 43 18
30 33 50
19 18 88
38 54 28
54 95 92
44 14 20
70 96 16
31 93 100
28 98 57
44 30 65
54 55 21
5 77 92
63 66 69
61 6 28
94 33 36
92 23 10
18 23 92
56 48 29
11 31 65
9 33 96
22 63 45
68 57 6
40 67 48
52 48 17
64 8 86
66 87 8
68 27 2
56 29 1
96 88 100
46 5 58
23 52 88
98 69 10
51 31 47
29 89 87
60 40 33
0 8 52
91 80 15
28 52 22
8 64 94
62 64 21
11 70 45
81 86 38
68 62 73
68 51 54
61 89 40
25 80 100
16 11 2
78 84 75
99 46 49
25 42 16
83 49 86
4 87 82
45 40 58
86 90 76
63 91 1
53 62 95
50 2 44
94 23 91
90 22 58
19 81 43
3 54 84
52 96 20
76 33 68
62 2 76
38 59 79
68 25 2
53 37 68
31 39 94
8 35 82
92 44 74
43 68 62
0 45 96
20 96 44
99 69 1
20 51 97
90 96 25
48 6 48
57 35 61
82 47 90
15 92 45
98 74 55
38 79 70
0 61 54
98 16 91
29 13 39
64 47 16
69 42 3
11 88 98
58 40 59
96 1 96
24 6 81
80 86 78
1 80 70
97 38 10
19 15 22
27 21 81
73 71 43
54 98 27
81 3 92
91 29 78
36 2 86
26 66 3
48 24 85
98 71 85
21 29 93
53 68 65
72 64 5
36 89 93
68 21 3
93 39 30
13 94 87
86 34 100
7 20 23
47 82 92
35 47 13
90 19 74
3 4 98
61 13 97
59 13 25
40 90 77
66 2 65
9 12 93
92 43 73
18 21 60
25 14 89
84 20 89
80 54 77
40 80 14
19 74 49
17 59 89
54 72 93
90 4 45
0 35 35
44 70 22
89 23 66
68 27 89
72 24 49
16 58 97
42 45 41
94 80 48
68 97 10
81 86 5
51 65 97
13 40 11
87 67 80
84 85 93
83 22 61
77 4 94
79 42 1
78 8 29
83 39 96
92 11 1
97 59 50
16 23 65
81 71 71
65 24 49
36 54 70
4 54 29
69 46 24
85 80 83
52 78 55
5 1 35
94 66 88
43 82 76
72 36 25
15 29 97
46 76 59
9 2 96
33 12 41
5 47 69
44 58 45
3 72 61
24 14 20
88 27 36
25 50 53
69 96 4
61 59 22
67 46 94
95 69 97
72 67 89
59 95 96
59 32 27
83 15 86
79 75 37
31 67 31
82 13 9
44 47 47
14 38 87
53 36 72
74 94 86
3 6 91
27 9 46
83 8 64
67 30 1
69 91 11
75 71 96
6 77 96
62 80 37
87 4 58
26 93 10
1 76 70
16 99 47
0 50 83
20 70 73
38 67 31
86 46 7
27 78 69
28 15 62
0 39 85
49 63 59
51 61 15
24 36 98
6 38 74
65 99 40
62 17 7
74 70 89
98 96 71
35 10 86
90 13 57
55 34 97
14 81 35
73 66 67
88 58 86
21 80 60
28 12 3
99 70 51
25 64 95
26 32 98
37 28 26
13 66 87
63 98 43
20 89 20
23 13 19
7 1 57
12 34 24
96 79 75
57 96 16
96 22 88
10 61 86
24 72 18
29 87 43
87 61 10
30 98 24
25 81 12
65 75 55
39 86 95
67 6 4
46 43 97
50 20 4
23 93 80
47 65 29
63 84 51
80 33 40
91 8 76
89 79 91
30 91 32
36 6 58
90 57 22
18 74 55
68 39 71
61 67 34
85 93 45
63 36 83
96 17 93
92 34 3
43 27 10
96 57 85
57 25 79
35 1 21
71 90 49
75 95 75
5 24 86
42 34 47
72 1 43
64 42 62
47 77 35
13 23 1
73 52 51
16 80 25
54 81 25
38 30 50
70 72 98
2 26 22
75 25 28
13 39 21
38 37 70
93 41 96
18 25 76
39 65 18
50 0 84
64 96 67
53 52 3
34 28 57
30 61 99
49 29 64
30 92 100
38 4 55
88 7 94
53 87 69
99 4 22
57 2 60
15 78 79
89 40 2
60 85 68
82 28 25
66 2 10
21 5 83
5 49 7
69 3 11
62 61 17
14 68 29
73 72 42
42 91 27
72 32 2
50 92 16
27 41 58
91 78 8
44 28 12
0 32 79
77 84 47
17 18 6
4 23 55
40 70 32
44 22 58
84 17 41
81 26 8
97 11 27
59 54 77
40 55 27
78 14 97
21 73 77
71 87 82
38 71 79
58 7 77
89 24 21
99 49 8
6 7 7
83 50 83
41 18 82
20 76 96
68 58 80
78 46 88
28 54 86
74 4 19
19 7 8
33 49 68
33 80 48
59 3 96
95 64 2
33 41 100
36 12 1
44 75 74
99 17 99
48 6 62
4 9 88
78 81 100
6 20 99
38 13 57
88 24 87
85 31 93
11 55 13
97 91 75
1 18 48
65 87 59
56 89 20
86 8 33
90 63 93
80 86 21
76 17 66
89 43 90
4 5 96
40 79 18
85 8 62
81 74 5
42 90 2
94 72 52
32 89 72
37 10 46
42 54 57
98 3 81
49 32 28
99 1 76
58 13 74
94 38 4
56 93 5
66 1 9
69 44 85
10 14 53
29 92 71
16 21 53
73 90 90
70 38 88
48 63 60
64 80 68
89 43 82
81 52 63
13 35 89
3 93 60
29 65 66
65 30 79
91 94 85
54 90 28
43 75 23
84 97 76
73 10 93
13 39 83
84 20 3
42 21 62
82 19 76
9 16 18
80 2 94
54 17 22
55 56 62
18 15 45
54 41 59
21 28 1
79 22 58
71 63 32
99 46 26
97 15 26
25 84 4
86 48 22
83 13 46
25 19 21
80 73 10
35 44 39
38 30 15
16 52 19
32 67 13
38 44 39
21 34 53
95 54 96
60 52 20
31 51 73
83 24 86
7 39 77
45 72 36
35 95 42
35 0 48
97 20 96
34 66 94
68 69 75
60 93 17
88 18 11
31 83 13
2 24 71
45 91 39
80 81 32
47 0 72
74 54 31
35 71 44
77 2 7
32 84 20
53 0 73
92 59 47
47 90 43
69 67 23
53 23 71
26 62 18
94 0 4
70 74 38
8 84 85
49 13 13
59 11 10
25 40 37
17 37 41
42 5 32
76 96 46
73 18 90
93 33 71
1 27 29
89 3 66
24 21 54
16 3 94
66 74 95
28 23 22
86 42 51
25 18 88
12 36 34
51 85 79
80 56 12
56 78 24
67 9 29
7 39 48
55 51 43
56 19 86
5 39 83
68 56 12
99 84 42
90 26 28
45 58 75
64 57 76
97 71 60
10 87 8
19 56 46
96 65 41
33 22 26
70 61 68
51 67 70
13 29 67
79 16 43
66 57 27
36 3 81
50 78 28
45 27 18
84 86 19
25 28 5
99 4 31
30 39 64
77 29 73
17 64 13
30 45 9
99 11 37
81 69 53
24 55 60
90 36 51
92 79 26
74 38 61
54 92 60
28 80 3
42 80 49
17 68 16
51 73 57
58 37 33
27 81 82
24 56 53
64 40 73
76 97 97
2 10 71
36 67 23
6 88 37
46 91 62
33 1 19
46 95 61
46 49 26
28 6 34
81 46 88
86 50 10
77 87 10
12 29 58
89 36 79
52 24 33
78 15 58
30 92 58
76 99 37
51 29 63
9 14 38
11 71 86
26 21 87
80 89 11
47 0 100
3 38 60
41 28 25
92 14 93
44 40 93
37 46 13
25 79 65
27 8 16
65 68 60
89 10 74
78 53 12
80 99 88
44 43 45
58 26 8
62 35 27
29 26 58
93 24 64
95 82 13
95 2 25
96 39 91
67 24 71
0 50 90
18 68 20
5 4 85
56 29 43
89 55 95
10 60 6
72 81 63
63 93 14
77 45 78
93 17 97
32 24 84
56 97 26
45 27 79
1 24 62
61 82 1
61 81 62
65 41 85
64 75 8
86 63 28
24 74 61
73 29 97
37 78 1
21 62 1
72 32 37
89 63 45
78 53 75
0 42 13
14 67 53
47 50 8
64 72 29
91 25 14
22 74 12
14 15 57
34 43 48
29 36 97
35 9 91
72 97 55
30 69 33
41 9 39
76 52 18
46 25 54
0 32 93
22 18 5
60 22 7
15 70 64
4 69 18
81 42 99
56 85 31
87 39 85
74 37 57
52 38 29
74 43 62
32 24 55
69 61 51
47 3 41
5 44 37
15 25 64
5 82 30
67 53 70
41 88 92
18 19 37
79 3 6
70 59 54
76 15 68
20 75 85
89 79 43
35 55 77
16 11 83
97 56 80
5 22 94
20 55 92
62 18 39
91 38 85
29 39 28
72 97 45
75 78 85
87 24 43
38 7 53
49 97 52
29 77 2
87 6 15
74 96 41
84 15 16
65 19 4
45 3 58
49 42 10
77 0 51
79 39 94
93 47 30
3 55 74
18 98 44
51 86 21
53 90 54
5 32 55
21 65 10
32 2 37
90 82 50
97 59 48
33 16 11
43 42 52
3 51 2
16 27 74
86 39 64
81 13 90
68 79 40
14 17 93
97 71 32
38 32 46
70 52 35
17 38 35
89 90 33
79 94 27
65 40 7
52 7 41
15 75 70
76 82 53
74 38 83
13 70 68
99 90 22
21 24 56
1 3 74
28 18 59
85 37 90
58 42 42
95 87 59
53 48 7
40 23 93
64 88 50
8 45 61
25 18 32
58 15 97
74 15 18
32 72 34
63 2 83
53 30 27
57 3 9
28 95 12
63 62 16
