88 53 22
92 0 50
82 0 66
27 4 82
92 50 34
82 49 88
52 9 77
68 74 8
81 68 48
74 48 3
12 66 5
48 35 12
24 8 34
28 70 51
71 43 77
15 0 62
74 75 49
5 78 60
13 31 46
98 96 59
98 42 20
72 96 31
66 59 42
31 64 16
97 36 72
69 74 8
76 51 66
35 6 11
11 55 55
17 40 50
56 37 17
21 68 61
41 20 16
59 78 33
36 65 86
59 98 91
99 46 50
48 71 58
13 47 68
86 31 51
61 46 28
59 20 92
41 33 83
30 91 15
38 68 1
43 37 94
59 72 47
48 51 73
22 6 28
30 64 49
21 92 55
47 60 58
18 56 61
2 37 60
48 34 4
25 62 3
16 51 54
0 13 54
64 28 59
49 47 1
4 56 81
93 40 24
53 56 45
48 85 81
18 49 17
67 83 62
47 31 46
18 17 75
90 22 30
97 21 35
61 70 100
42 88 59
30 82 33
6 77 76
47 31 42
98 1 26
84 18 64
9 18 91
62 74 77
20 53 43
69 37 62
82 83 91
1 55 99
80 55 50
46 42 96
94 2 28
13 8 55
35 21 58
97 46 20
28 96 29
89 44 53
69 51 86
79 77 67
75 82 77
25 23 63
96 56 78
65 3 87
80 68 14
10 18 49
51 78 45
61 46 26
30 95 100
36 31 73
14 32 16
8 56 95
50 45 58
27 46 43
68 83 58
10 51 47
41 25 50
43 74 17
0 85 99
27 23 83
44 96 47
91 82 43
62 70 85
44 42 69
54 4 29
20 40 14
1 56 82
85 16 1
10 28 89
20 68 31
29 51 49
87 0 15
28 61 55
14 63 43
14 75 68
81 76 7
79 32 88
29 47 85
88 22 77
93 81 76
5 21 9
42 84 85
39 62 56
65 26 17
58 72 66
63 45 16
48 71 16
80 34 42
87 38 97
6 64 21
67 89 45
43 85 76
86 51 79
2 32 95
16 54 29
89 40 82
15 0 17
77 69 1
16 11 49
87 98 96
90 52 92
83 10 83
76 82 76
0 82 84
14 40 94
3 23 26
97 76 35
94 31 20
87 32 85
72 90 28
84 65 72
14 0 58
67 49 18
72 88 98
85 33 99
75 77 64
38 49 43
41 1 3
39 45 3
57 31 77
66 10 99
68 53 82
14 42 19
79 72 16
99 79 7
8 91 55
32 26 78
4 7 21
85 32 83
83 55 43
95 62 61
3 50 1
65 93 82
68 8 67
52 9 55
4 78 56
11 3 66
1 55 44
54 92 63
80 60 22
52 75 32
67 35 13
98 78 85
83 86 69
48 44 95
1 83 32
3 98 55
24 70 43
70 5 82
14 82 91
59 55 16
69 71 88
40 11 68
28 8 35
92 13 43
55 74 40
60 85 52
67 49 28
85 67 6
90 35 87
76 17 18
42 2 89
88 81 95
6 69 5
2 35 56
25 63 30
72 51 16
69 73 61
59 94 15
7 0 100
41 83 87
55 99 54
79 43 42
42 58 84
44 49 60
41 4 74
63 95 53
33 94 40
50 86 38
10 43 75
15 67 86
58 68 52
77 52 49
70 10 51
31 3 36
91 53 77
50 92 70
89 13 63
51 40 10
16 87 84
58 8 7
19 65 12
99 0 32
71 83 70
31 80 15
22 12 99
54 13 10
51 42 8
88 89 49
60 90 48
4 73 97
5 37 87
33 22 84
31 56 47
39 21 66
13 14 17
77 91 45
79 9 35
54 61 34
37 96 74
17 19 29
64 17 27
52 12 72
10 55 70
42 65 84
34 55 45
80 33 36
76 57 4
55 52 80
10 71 93
38 73 60
3 0 49
61 21 8
30 61 60
19 68 4
73 89 48
33 82 40
29 33 56
95 16 31
2 60 65
96 89 41
36 19 53
48 41 100
92 42 64
66 59 2
49 31 86
28 60 72
48 63 74
71 68 59
50 88 32
2 6 98
61 69 54
6 43 80
89 78 50
40 26 5
38 56 9
56 63 23
59 79 51
61 85 57
59 6 73
33 64 12
66 94 73
4 9 13
86 33 90
75 68 69
6 38 9
45 20 69
84 92 39
13 2 75
74 54 88
16 26 23
36 52 33
54 43 59
4 63 9
5 40 20
4 87 14
42 19 57
56 69 3
10 61 23
56 73 40
53 46 11
26 18 8
30 67 12
37 50 26
39 6 98
81 63 20
26 63 49
94 20 49
13 93 54
49 1 4
95 54 91
51 94 57
71 68 56
29 79 79
33 4 16
39 54 95
65 6 90
69 24 31
47 96 30
77 36 26
48 79 9
25 95 59
48 51 36
7 0 21
69 10 35
82 24 65
36 85 80
89 94 71
21 91 45
76 34 67
0 9 5
33 81 10
2 30 36
98 50 42
49 68 3
93 97 91
50 24 77
95 80 98
43 42 49
71 18 88
55 56 89
38 24 54
72 14 55
93 15 9
26 70 3
59 64 52
11 16 61
88 83 40
76 16 53
53 5 54
58 54 69
3 40 91
66 50 87
92 3 35
17 98 17
85 98 45
4 12 60
97 15 81
16 35 88
67 36 89
87 75 58
37 85 24
65 43 92
25 38 87
98 17 93
26 23 16
75 14 56
96 14 44
79 67 91
97 67 84
62 11 2
53 51 11
32 59 30
74 9 87
73 97 31
8 51 86
19 80 31
4 99 24
80 59 94
41 30 8
2 82 32
4 56 68
18 47 71
96 66 45
99 65 26
58 73 63
17 95 15
48 44 4
25 66 85
80 55 46
98 79 47
64 23 69
96 59 53
25 97 43
52 93 91
50 54 24
30 74 18
93 59 38
11 4 99
64 81 55
41 73 70
55 93 19
51 96 5
29 38 68
93 77 84
12 15 28
59 30 90
62 10 91
55 17 34
39 46 49
89 80 95
26 94 43
65 19 35
39 20 89
44 81 15
12 13 51
1 70 63
86 38 94
28 43 22
1 56 14
1 51 24
79 6 86
74 48 61
75 16 48
1 82 26
59 8 8
68 7 98
93 33 60
69 68 93
71 86 94
21 68 29
44 92 27
30 96 50
74 64 36
58 17 64
14 62 74
44 35 88
86 30 7
21 82 51
85 68 96
41 25 16
18 57 92
14 10 19
72 71 35
92 26 88
84 89 84
32 47 29
43 6 29
21 46 74
65 57 76
18 71 68
69 8 19
9 65 68
79 73 38
68 82 12
92 39 3
40 35 85
30 65 17
42 73 15
5 35 43
78 71 55
87 16 14
26 28 74
73 59 30
92 71 72
16 39 7
39 12 20
48 85 9
92 25 51
44 96 84
29 8 19
60 78 11
39 45 67
24 11 37
92 31 79
10 45 15
7 56 14
21 43 64
9 71 84
42 46 47
67 60 81
91 35 12
44 40 89
33 36 20
88 37 85
86 52 99
74 3 28
25 35 48
23 80 19
90 19 45
98 7 85
59 28 80
74 27 80
23 36 1
15 51 18
33 90 26
81 27 11
88 98 26
5 91 89
39 78 86
65 54 24
30 39 3
4 16 80
84 92 66
15 84 90
2 16 7
34 37 39
48 20 80
30 52 70
16 69 53
5 36 84
0 8 77
27 55 79
7 59 100
41 55 5
7 64 40
59 55 78
2 70 72
45 77 59
3 69 56
95 83 18
64 83 8
89 61 58
0 8 99
72 67 37
88 80 75
57 54 77
17 66 84
6 10 14
59 62 75
20 28 39
48 4 1
63 95 72
96 36 12
95 11 29
93 1 10
18 34 9
15 29 31
57 86 75
50 12 65
34 84 48
26 53 71
47 95 22
19 17 83
53 10 15
53 45 85
66 86 88
13 12 99
68 78 20
76 13 92
10 36 63
89 68 87
0 27 23
11 3 8
55 47 32
11 99 85
36 40 34
70 30 69
94 20 40
64 58 13
75 6 95
63 94 74
97 44 33
81 45 84
39 7 10
86 43 56
68 96 91
6 1 83
48 63 39
16 36 85
89 88 90
1 57 74
18 93 19
43 33 39
39 35 5
68 24 5
76 86 51
73 81 23
31 30 69
54 4 26
49 71 58
85 63 18
47 87 99
61 77 93
66 92 23
16 17 19
87 48 76
4 89 49
95 74 70
9 99 13
16 1 6
88 68 91
48 1 13
63 86 13
96 43 64
4 88 73
80 8 31
56 79 81
17 36 52
68 53 81
48 43 30
43 59 45
24 80 78
47 67 52
78 30 87
87 93 99
70 57 81
82 38 30
33 24 94
29 60 81
23 79 61
49 17 97
25 2 1
3 33 75
54 2 75
44 7 82
8 66 8
22 96 62
22 38 5
35 6 4
84 81 78
13 62 49
34 26 11
70 89 83
88 25 16
20 34 38
76 17 20
28 16 40
22 60 23
93 9 89
20 46 67
11 33 24
83 10 61
71 86 86
37 90 61
42 22 75
94 73 89
38 47 97
50 12 94
27 58 88
52 69 44
46 9 4
18 93 4
24 13 94
57 14 52
59 6 16
9 18 28
97 83 50
71 98 40
73 13 44
7 31 81
88 26 1
51 60 29
82 89 28
87 86 35
65 27 85
77 57 15
45 67 41
98 14 37
9 63 100
98 63 45
87 41 87
70 78 20
50 12 36
29 1 72
61 87 16
22 14 100
69 27 69
11 99 1
4 97 48
88 80 89
12 97 5
61 31 49
10 69 39
29 28 74
47 37 52
11 76 44
69 84 50
42 30 56
81 53 33
51 54 9
14 83 66
19 49 18
47 13 40
80 75 16
40 26 78
9 38 19
98 70 57
13 18 20
79 52 64
29 86 91
16 44 25
79 6 78
96 51 35
60 33 79
10 47 73
86 66 47
47 96 25
95 16 30
36 56 4
92 20 38
49 85 4
24 86 33
84 11 47
59 84 60
20 98 75
51 11 82
88 73 80
45 91 20
12 25 19
95 21 21
96 22 57
8 7 57
42 23 38
26 16 78
16 25 37
96 50 20
66 14 7
77 69 62
85 50 94
58 73 46
29 84 55
80 12 60
35 19 94
29 56 54
7 57 86
34 92 8
33 9 71
75 81 66
12 6 82
80 92 100
98 15 59
59 15 29
28 48 27
81 53 1
35 79 60
23 78 78
6 59 34
44 24 66
34 7 84
40 92 3
6 4 39
80 54 70
72 46 55
31 13 85
22 68 35
59 53 38
61 5 31
93 99 35
73 26 29
31 88 43
37 53 65
83 72 68
79 71 25
78 95 65
12 27 9
48 85 95
72 69 93
2 76 1
63 24 65
51 44 39
44 45 53
61 26 67
9 95 60
33 7 16
29 11 27
30 87 97
49 44 90
44 16 13
36 60 56
69 26 65
94 62 56
87 73 15
15 74 26
61 60 26
38 74 1
59 49 86
48 49 14
68 88 71
89 59 51
66 21 40
51 45 63
77 13 77
21 47 9
3 52 51
28 38 25
66 91 27
83 41 62
66 93 1
71 56 60
64 2 59
28 87 55
66 31 99
15 47 52
29 92 94
46 23 26
45 57 57
87 42 34
8 39 69
62 21 58
68 73 47
25 10 77
28 91 100
67 29 12
8 35 76
67 64 15
75 82 61
58 24 48
84 90 25
86 34 20
90 0 63
12 65 30
42 12 8
36 88 11
54 68 75
54 7 89
57 82 15
91 33 55
28 61 49
20 63 33
64 69 69
44 68 5
75 92 98
72 82 98
14 2 94
2 35 79
86 77 68
60 95 17
88 89 78
11 25 53
0 55 51
46 9 74
2 47 54
89 51 72
37 31 80
18 42 19
79 8 4
16 77 81
78 59 55
99 7 43
88 31 7
31 70 11
77 67 49
42 48 3
62 22 83
29 63 88
29 3 81
26 93 24
61 69 43
84 92 74
17 79 9
74 22 98
5 67 20
61 3 3
95 85 34
20 90 83
45 62 11
27 90 12
53 17 66
38 78 18
32 24 25
19 60 40
58 8 28
58 65 53
84 0 74
5 71 78
74 84 22
32 18 78
44 28 58
54 83 12
98 9 7
91 50 44
69 8 63
50 75 59
13 56 47
89 19 71
69 56 92
71 11 91
88 81 88
92 30 43
69 91 13
89 53 28
42 92 19
15 99 18
46 60 53
77 61 72
15 25 36
14 67 18
71 43 2
3 75 1
81 77 59
88 71 76
74 12 56
83 23 3
20 44 97
87 58 27
25 36 10
25 13 95
23 0 19
30 39 1
83 84 45
78 90 50
84 21 26
9 59 4
32 3 87
56 24 61
43 64 75
54 36 19
58 5 36
1 83 82
81 67 41
83 20 43
90 5 40
49 6 89
99 17 69
28 95 88
26 23 29
8 91 65
12 38 59
2 72 22
14 36 46
98 49 58
85 40 36
34 19 16
69 52 51
38 71 23
11 76 99
90 51 41
29 21 61
15 74 47
77 22 92
59 32 98
68 91 8
70 48 79
27 39 36
53 21 9
39 97 49
29 7 77
76 12 19
97 13 44
8 70 72
97 59 56
98 12 58
97 3 31
74 1 39
40 98 25
76 74 81
96 72 5
10 37 18
18 64 74
99 30 82
45 91 36
94 70 99
87 34 70
95 42 76
55 52 24
42 97 51
87 85 85
13 41 28
88 59 94
13 43 84
90 57 10
25 90 80
7 37 9
23 69 90
25 76 19
98 8 95
52 85 74
16 4 91
93 56 80
62 65 77
98 19 62
95 92 14
24 96 92
2 49 4
71 81 97
5 51 72
86 67 66
27 4 69
40 4 77
88 48 87
95 28 96
25 75 16
59 10 88
96 13 86
90 19 50
41 9 47
80 51 67
68 11 94
86 85 10
45 6 46
85 47 34
23 13 18
93 94 20
46 5 72
6 10 26
34 37 52
58 72 41
15 44 15
24 42 9
79 66 8
38 20 41
76 53 65
76 74 20
48 10 84
1 21 58
66 48 30
9 21 66
5 20 71
87 32 27
68 43 15
48 38 14
84 30 55
94 47 22
31 57 25
97 70 77
26 70 48
47 59 91
40 48 11
7 32 1
99 43 38
62 2 31
24 42 46
35 73 49
16 12 80
42 74 97
14 20 95
38 36 8
41 44 4
14 8 59
89 38 43
93 18 50
79 57 36
98 32 4
48 63 31
83 55 96
72 14 26
86 17 21
2 32 68
83 73 16
13 31 91
63 90 86
91 96 42
43 82 6
29 90 78
51 95 69
77 28 16
9 93 8
31 97 96
14 80 16
65 68 3
41 26 86
95 4 49
23 76 8
89 74 76
44 22 9
66 79 93
0 93 73
27 38 97
60 94 37
92 39 85
55 64 10
93 64 77
76 36 99
12 62 98
94 67 21
24 67 52
51 48 41
18 70 92
27 52 94
59 15 61
61 66 99
65 74 44
37 9 79
24 22 74
3 5 10
48 40 24
43 46 93
34 11 19
81 36 67
91 33 96
71 88 84
75 68 8
65 9 53
35 9 29
10 87 32
5 26 68
22 90 13
11 75 2
46 63 16
88 31 2
11 97 56
59 15 11
61 36 37
34 85 99
71 52 3
10 44 71
71 91 89
15 46 95
47 45 26
48 89 38
79 82 49
73 36 38
83 16 66
14 42 11
99 73 44
35 66 55
65 6 50
97 16 53
13 83 82
19 16 36
43 12 45
35 59 12
97 91 81
1 40 36
40 78 64
61 37 24
62 24 8
71 19 50
11 53 50
42 36 66
70 36 50
33 16 59
68 44 13
45 27 70
43 81 2
81 48 74
36 86 23
6 13 70
23 58 94
60 31 17
32 69 21
40 27 84
30 80 41
71 94 3
30 83 53
11 6 92
11 94 6
65 87 26
16 90 30
92 50 61
81 83 59
79 89 67
77 7 95
13 10 37
14 35 91
25 13 65
26 29 53
11 57 24
87 5 72
44 11 53
46 76 74
32 53 66
50 99 92
37 12 55
91 56 71
19 10 70
57 46 14
1 23 54
18 10 65
91 58 83
23 2 2
13 66 12
82 29 92
55 85 94
9 33 19
9 67 8
68 48 5
48 52 62
63 23 58
88 61 62
14 5 46
73 27 28
40 65 65
2 44 58
38 51 100
28 80 62
76 70 12
97 90 23
46 41 65
42 30 75
58 29 83
16 47 14
35 9 5
20 15 62
8 97 21
50 0 74
31 12 79
13 86 35
19 16 97
87 76 98
5 96 40
69 39 76
91 59 4
8 72 54
28 4 36
37 9 20
91 81 3
81 49 65
95 53 5
49 65 78
9 45 79
1 41 36
84 18 38
15 5 86
42 53 31
21 19 55
74 18 77
1 78 64
33 38 61
31 12 92
1 58 93
69 21 92
82 97 18
98 90 1
51 21 57
18 72 47
78 31 24
79 3 71
69 89 76
91 36 67
57 29 40
88 42 2
60 40 34
31 37 23
35 51 32
68 85 20
27 89 26
97 17 53
9 27 81
50 4 11
28 8 80
8 94 3
92 96 2
94 73 70
46 1 72
34 98 70
75 41 13
15 66 3
78 20 55
75 10 44
12 54 55
86 5 100
81 38 23
84 69 9
15 72 15
14 5 25
61 84 43
89 34 6
46 31 21
62 45 2
54 5 25
11 99 75
79 17 9
23 44 12
18 14 34
87 51 55
68 57 58
95 40 75
14 67 41
19 72 66
88 6 9
4 64 26
35 77 94
27 69 75
59 7 27
93 1 47
72 37 70
69 94 52
7 89 23
56 53 37
33 3 79
61 33 56
79 36 7
4 67 76
90 43 40
13 74 28
82 30 6
82 55 89
67 33 14
21 44 62
9 29 98
67 10 88
24 27 47
75 27 67
49 28 79
25 19 58
42 14 5
98 67 35
31 65 87
88 69 39
8 86 48
77 50 87
66 31 30
32 0 21
31 11 64
79 77 42
0 11 2
73 22 36
4 96 34
82 17 21
54 17 1
42 27 91
5 18 66
13 85 2
34 90 39
31 10 19
0 75 98
63 53 29
58 32 43
37 28 3
5 9 3
77 42 95
78 2 47
5 47 19
82 3 20
88 56 47
52 29 3
58 43 94
32 35 36
25 69 90
60 20 6
88 8 16
89 10 84
46 64 94
59 25 11
86 16 72
69 24 35
39 23 76
1 21 80
78 25 40
60 40 15
81 31 32
43 10 2
21 99 3
4 0 28
62 89 82
28 84 53
58 24 1
36 42 37
86 73 23
44 49 36
85 46 14
89 64 42
63 95 93
2 59 48
65 86 11
45 61 65
21 22 52
23 73 9
54 75 11
68 69 33
28 30 30
3 17 5
89 93 11
22 67 40
2 17 49
25 32 67
99 27 4
94 65 38
19 92 96
91 2 34
9 15 30
71 45 72
48 68 44
8 90 42
63 58 5
62 69 11
49 39 15
10 11 11
87 8 38
59 91 92
68 61 60
91 65 57
25 68 2
28 3 2
4 26 66
54 99 90
53 69 2
77 72 79
66 80 31
91 67 78
76 84 51
73 66 3
37 72 80
27 58 75
93 67 75
92 26 59
33 15 17
90 55 41
50 23 92
93 52 67
32 51 59
51 52 58
58 87 91
90 94 63
52 84 33
26 35 82
37 26 1
19 30 71
39 19 5
52 3 91
46 83 45
60 96 13
73 74 60
31 66 56
7 28 28
88 34 40
56 18 20
13 77 90
79 21 2
75 13 20
2 5 58
88 63 55
90 75 67
22 53 98
15 43 50
8 55 1
50 42 52
51 83 25
19 89 92
22 77 40
77 67 88
16 31 34
30 34 46
76 23 52
92 34 29
34 13 41
48 30 13
9 34 72
94 80 4
7 87 82
0 5 66
99 64 95
18 97 97
84 81 8
72 52 37
84 74 20
34 82 14
41 92 11
80 19 72
67 70 17
5 70 26
18 17 85
11 7 6
32 21 80
89 7 82
93 33 7
24 34 62
12 55 43
31 81 31
62 39 43
53 54 39
6 45 42
76 83 6
83 67 60
82 20 58
62 81 67
55 17 19
9 18 73
14 27 72
73 34 18
5 61 100
87 98 54
71 56 92
34 50 56
26 1 31
18 99 11
53 44 8
60 42 5
51 5 94
65 2 12
80 6 33
83 30 51
22 59 73
1 6 70
33 36 64
21 62 25
53 65 50
27 52 32
61 59 46
2 21 90
45 73 64
10 35 13
95 8 98
45 84 88
75 0 20
3 96 97
48 83 78
88 23 13
88 10 41
60 70 12
62 79 94
45 93 5
54 23 67
21 11 26
10 48 78
81 8 71
12 29 80
89 27 17
17 39 41
9 5 40
6 33 49
75 67 75
50 76 1
20 36 59
87 0 28
93 43 26
28 93 81
74 80 94
0 99 71
38 1 93
64 55 33
92 19 31
22 92 85
43 71 71
19 21 78
13 30 34
95 75 96
83 27 84
35 92 23
34 85 4
34 84 96
0 98 20
3 86 75
75 65 18
66 43 34
39 90 50
89 57 45
21 46 79
62 70 89
25 9 90
55 68 65
68 32 24
26 84 30
60 64 45
50 13 45
61 57 70
93 26 34
20 29 30
3 97 13
5 14 47
71 11 10
78 62 33
7 64 83
5 87 54
87 22 59
0 66 42
7 17 52
62 89 76
19 76 77
56 37 44
13 63 20
66 32 55
0 97 26
10 36 20
15 59 17
81 42 46
4 35 24
93 19 13
78 54 12
82 68 32
38 85 20
41 88 40
3 19 87
10 94 63
42 96 9
94 38 27
60 58 31
9 75 87
93 28 45
23 62 72
30 6 78
10 88 81
86 60 23
95 82 16
82 9 79
98 65 45
93 67 22
87 2 46
94 32 8
69 48 27
5 74 42
79 71 63
71 65 76
6 96 93
26 41 38
89 19 19
87 68 24
70 46 93
50 6 94
50 14 55
36 2 81
41 1 70
6 53 42
64 58 43
26 9 67
79 46 95
13 32 12
39 91 85
3 57 30
32 40 58
51 85 66
3 59 4
15 73 51
86 18 52
31 2 85
49 68 73
8 43 31
80 73 86
37 22 31
56 12 33
62 18 16
61 33 47
26 69 90
71 35 43
83 39 94
83 42 4
23 95 16
6 12 26
48 15 90
12 94 70
90 66 91
15 70 35
19 61 86
78 14 55
72 91 21
78 91 85
81 80 5
38 50 47
25 36 85
13 64 2
24 33 7
3 88 21
41 95 5
83 24 32
6 3 3
86 80 11
51 74 33
79 51 41
62 39 80
91 10 67
65 55 45
58 66 43
76 91 25
26 60 85
11 7 71
98 52 20
9 74 13
12 91 74
67 28 16
81 88 62
12 47 2
8 78 75
21 8 72
18 6 54
95 96 55
27 85 83
54 25 26
10 62 19
94 30 33
92 45 81
15 55 62
44 0 66
86 83 64
32 72 6
36 62 54
8 14 95
11 60 55
6 77 96
61 81 15
10 63 95
59 93 5
19 18 53
33 66 68
51 56 68
4 6 38
47 85 71
45 96 90
47 38 58
53 67 82
28 18 21
60 11 24
6 62 50
9 60 49
91 10 98
20 92 58
99 74 78
4 20 81
33 54 2
62 89 57
80 90 29
90 17 27
39 47 50
79 28 29
64 86 25
31 77 4
95 45 13
63 8 11
37 80 4
14 8 32
80 35 86
63 12 76
64 93 3
68 97 71
16 50 12
3 25 23
76 57 62
3 79 83
32 75 10
47 95 90
56 32 17
2 6 39
13 31 71
18 76 70
74 23 87
32 18 59
98 6 77
98 57 41
26 90 58
22 60 47
31 44 55
90 73 96
34 85 17
11 17 90
96 36 43
21 68 37
32 7 77
87 78 97
46 53 22
99 21 11
26 34 55
42 96 75
64 20 29
99 54 55
49 17 24
96 55 19
41 27 93
63 48 73
81 53 20
5 55 71
30 64 82
45 59 45
23 76 11
41 34 90
7 89 68
60 51 41
34 31 64
88 3 1
54 55 88
40 3 67
17 69 15
76 29 92
43 11 76
28 36 12
97 55 86
93 66 62
59 94 40
91 75 39
72 96 95
44 12 47
36 52 84
22 92 89
80 17 68
24 51 7
50 25 54
9 92 66
67 66 50
5 22 5
28 59 49
81 79 92
12 78 1
94 32 24
14 3 69
46 54 63
60 26 93
82 14 65
62 91 39
69 31 34
83 74 87
88 46 58
42 41 64
81 6 90
56 29 79
33 71 51
96 47 98
44 50 58
60 31 94
15 37 44
54 38 67
25 94 26
79 37 16
48 1 43
71 13 50
61 69 72
95 82 23
40 62 56
83 79 40
3 68 80
67 16 75
81 43 23
70 29 80
13 54 59
7 81 50
1 12 26
39 95 99
89 51 81
96 9 65
73 20 96
11 13 95
33 35 89
26 93 85
92 52 74
10 22 24
31 66 71
51 42 4
51 38 69
91 65 64
24 81 1
61 76 4
37 10 49
24 5 96
20 76 5
45 25 6
72 34 44
66 39 27
16 43 98
82 22 72
24 42 71
2 18 32
5 7 66
88 25 72
15 78 75
88 75 25
89 61 73
81 46 32
17 84 52
5 63 15
43 85 45
30 97 55
97 39 11
11 23 13
54 66 35
16 96 79
62 29 61
62 47 71
59 7 97
26 86 71
36 9 5
63 14 75
78 62 89
75 16 60
79 41 19
85 70 64
52 89 17
42 56 47
11 42 88
73 68 25
7 69 17
85 28 34
98 51 54
46 59 9
70 4 56
39 49 95
27 84 83
18 6 73
55 7 99
14 41 66
84 24 38
68 36 78
99 97 61
57 90 3
82 83 22
77 89 92
18 19 10
84 15 85
13 35 4
39 84 58
16 4 42
47 33 91
49 34 26
83 31 94
62 90 99
36 70 18
53 23 26
49 81 98
54 17 6
50 91 71
78 52 30
74 89 4
85 28 70
69 0 16
77 21 50
21 59 68
44 25 57
38 96 47
68 94 84
71 35 14
42 63 87
93 16 1
68 75 85
41 73 52
71 90 37
68 24 58
68 31 35
27 17 97
32 20 67
1 76 48
76 68 36
70 54 77
42 3 4
80 89 90
0 32 81
2 63 46
7 77 12
11 88 20
15 17 69
27 1 19
31 68 80
99 53 57
8 82 19
14 26 7
10 64 5
29 25 8
71 19 47
61 47 33
75 10 84
49 82 64
3 39 24
52 45 91
97 79 87
14 88 99
16 53 78
22 40 98
54 99 61
68 24 70
63 9 70
68 48 41
16 80 59
31 41 88
97 89 80
5 59 26
96 31 14
1 3 85
84 36 10
32 13 79
2 6 90
18 68 98
39 98 47
87 68 68
31 71 49
0 19 6
46 78 72
96 70 7
23 84 26
87 32 43
3 62 41
66 60 1
55 92 72
43 98 52
55 5 88
54 89 32
60 43 38
38 51 83
67 80 20
80 29 78
26 7 90
80 26 76
95 58 88
62 61 48
26 59 42
85 33 33
61 29 8
72 39 17
27 1 92
78 13 48
97 43 32
93 79 61
20 48 41
21 47 79
25 97 93
21 25 67
95 63 25
76 84 63
44 20 17
64 15 35
10 49 22
68 8 61
47 42 62
45 46 85
59 2 35
39 70 50
42 28 8
5 97 47
43 47 65
23 76 25
74 94 11
34 5 81
32 54 91
62 78 99
81 67 28
75 76 96
16 89 79
20 4 99
80 4 100
85 38 89
78 77 82
64 61 20
17 80 44
73 67 5
79 87 38
51 36 57
84 91 73
38 52 74
22 79 31
54 58 51
72 3 15
66 55 43
74 26 67
16 62 18
15 3 93
37 94 80
9 51 71
57 48 2
4 47 55
4 55 17
90 45 22
29 5 73
41 13 99
29 10 43
60 88 94
21 12 99
95 92 43
1 25 19
33 37 62
59 67 90
78 18 13
70 69 51
94 39 79
85 49 4
82 44 90
63 11 45
89 76 87
29 60 66
29 90 68
50 61 45
25 37 72
68 15 91
20 49 58
74 63 39
95 16 12
10 73 98
25 37 90
78 94 100
14 48 17
81 74 17
35 27 46
85 56 35
89 35 55
30 74 63
27 16 100
36 35 48
65 20 97
9 52 45
87 29 73
98 63 76
37 95 8
47 1 58
62 96 61
75 55 2
30 87 40
63 23 44
39 48 86
75 62 93
82 81 96
10 15 77
4 17 53
21 97 45
60 19 78
57 1 24
87 92 69
83 85 55
32 95 7
48 79 42
71 57 94
50 21 7
99 55 3
85 9 97
87 55 56
83 52 98
34 68 77
50 71 27
60 96 83
63 92 89
98 27 88
77 1 45
43 19 83
80 32 44
40 64 10
57 60 81
63 48 64
31 69 25
29 17 5
9 69 13
14 73 86
22 14 51
48 3 21
61 31 71
88 39 83
29 80 23
42 83 76
5 0 53
72 70 40
40 36 94
86 12 74
14 54 97
9 80 41
14 51 54
28 30 26
89 41 98
81 98 40
15 10 67
15 75 93
56 91 58
59 66 53
55 58 33
8 47 9
83 64 67
29 37 36
86 51 34
94 29 28
7 20 2
38 73 38
48 52 6
7 45 3
19 69 79
85 63 58
97 39 32
5 2 78
28 13 12
62 75 84
83 56 37
1 40 54
63 14 41
17 98 61
44 83 100
73 92 99
54 47 8
83 13 23
31 52 77
54 4 16
91 79 35
93 39 59
10 46 21
21 58 8
30 22 50
44 60 33
13 40 51
72 21 51
55 56 40
46 9 75
59 77 14
40 22 78
12 59 26
73 93 95
58 38 67
13 25 21
41 67 23
56 42 19
43 22 99
2 92 39
20 73 75
75 66 27
16 93 81
12 86 43
20 26 38
97 41 58
17 14 66
74 53 46
19 46 21
45 91 61
73 49 18
47 10 72
88 81 52
5 59 45
45 62 47
12 90 22
56 42 63
40 82 96
72 48 77
92 93 86
28 15 64
31 95 81
91 88 45
46 95 46
76 85 99
59 0 65
53 33 79
63 23 47
63 21 100
89 22 13
46 94 11
14 12 84
6 83 97
71 66 50
24 20 64
85 60 40
36 31 75
98 44 55
23 54 45
33 36 92
0 14 88
70 46 3
6 86 8
70 7 3
3 29 40
50 22 39
52 93 57
36 66 89
97 13 70
50 84 58
21 15 60
98 28 59
78 2 18
55 90 12
74 23 38
82 79 50
34 22 38
94 60 77
2 90 91
18 76 6
73 53 80
60 84 20
60 34 48
48 10 89
6 41 19
0 76 12
33 34 43
75 84 55
44 70 20
83 58 23
58 52 14
65 43 53
84 48 39
99 18 96
96 87 91
75 0 65
79 5 36
54 19 28
28 51 95
25 23 50
80 71 12
18 79 95
95 41 45
61 46 37
89 8 32
13 96 57
52 50 48
30 95 79
7 34 61
30 83 7
70 20 87
99 72 48
17 44 5
41 44 31
7 10 34
28 4 23
42 93 36
29 56 24
86 30 5
82 51 68
2 39 54
16 58 36
29 72 68
41 86 75
91 43 89
60 88 60
2 58 98
39 79 26
2 60 16
86 19 90
60 15 93
53 68 58
93 49 31
65 11 84
32 85 15
0 75 83
60 29 91
13 73 68
50 31 91
36 11 83
71 86 2
61 31 64
54 75 79
23 17 100
98 78 11
5 46 92
81 57 14
71 91 66
51 99 71
39 80 75
1 6 86
9 5 30
94 31 91
87 99 37
16 50 77
10 41 85
75 31 37
25 8 87
39 43 62
97 74 14
36 27 94
2 11 56
64 13 31
85 62 19
3 37 8
0 59 82
34 19 94
9 4 11
89 7 56
13 96 39
52 13 4
18 40 25
6 69 27
24 74 38
74 56 99
43 45 31
67 77 18
21 31 97
40 83 39
97 26 61
92 32 16
65 14 9
8 31 57
30 85 66
71 46 93
81 9 1
38 19 79
54 22 28
33 36 33
33 56 29
19 44 95
89 24 49
97 44 20
97 43 79
3 92 34
13 34 78
82 93 100
7 74 48
13 37 29
57 73 63
30 25 60
24 92 5
10 79 12
95 82 5
53 28 42
43 37 98
7 23 79
59 11 16
29 14 12
34 42 43
68 98 97
26 53 21
97 74 33
61 53 50
61 29 52
15 13 55
11 73 49
50 0 4
42 86 32
20 80 66
77 76 28
17 84 26
31 77 97
34 65 67
49 48 17
23 0 69
99 62 79
78 72 42
61 18 17
83 50 86
74 88 10
34 1 79
1 54 95
99 0 22
45 68 57
23 1 89
95 44 36
30 80 17
27 51 15
13 81 63
38 91 8
91 22 78
48 62 38
54 46 75
39 76 10
57 73 51
7 66 87
94 77 92
49 15 9
48 80 100
82 10 15
55 84 75
28 67 74
49 52 47
26 12 75
31 61 66
29 40 36
97 55 75
84 14 44
89 97 34
96 30 25
22 61 5
29 83 84
46 27 73
82 27 24
27 16 87
21 95 84
22 34 43
58 29 44
34 92 97
96 75 42
17 20 44
37 97 45
59 39 75
31 15 24
9 38 29
64 54 38
28 82 62
51 46 80
94 54 55
98 73 72
36 77 68
53 13 44
49 56 26
79 30 86
41 74 73
30 51 94
36 13 64
92 67 95
57 87 39
9 82 81
6 57 43
4 21 65
51 15 18
64 75 8
26 59 44
85 48 47
84 80 92
60 25 96
42 67 4
1 84 50
1 59 47
6 15 40
38 24 86
69 32 64
86 80 24
31 44 3
28 33 48
72 3 56
61 5 64
39 92 19
56 82 33
0 4 27
61 58 27
30 36 14
36 15 15
85 15 19
94 27 54
52 92 23
17 57 41
39 78 9
60 29 7
56 98 26
45 81 55
87 94 79
56 62 12
52 55 68
16 19 94
46 55 85
51 25 40
71 21 90
75 16 65
30 71 51
39 19 81
99 36 30
5 0 25
58 38 17
18 1 35
39 62 49
74 38 17
57 19 30
37 3 91
54 22 7
54 69 22
94 79 22
10 85 56
71 93 12
57 76 50
68 31 83
32 1 6
52 20 24
5 15 61
13 74 15
99 53 100
56 89 87
80 10 36
61 33 80
38 74 53
97 65 68
85 27 45
37 45 61
41 50 60
8 1 60
92 52 37
45 71 69
82 35 57
62 81 85
29 78 73
56 26 59
55 2 40
63 62 53
74 65 65
47 59 70
76 44 57
17 19 25
28 9 42
69 99 70
63 83 14
82 10 60
24 99 70
18 22 71
37 81 97
31 13 6
12 41 35
58 61 12
61 34 34
27 1 96
37 79 65
37 5 17
25 96 83
8 40 51
1 99 94
10 99 91
45 8 92
5 59 64
77 16 64
26 7 26
12 43 42
24 22 52
75 87 33
11 64 26
41 3 29
7 28 82
2 67 51
57 2 34
30 69 83
87 19 29
52 24 75
92 53 82
44 16 42
76 64 49
46 11 19
28 67 31
99 48 83
60 81 76
15 60 9
98 49 37
91 65 32
7 4 22
99 44 59
88 26 48
49 34 28
56 17 30
31 15 65
33 19 52
87 43 71
99 92 48
41 51 90
88 76 8
73 95 84
7 24 81
31 15 3
23 44 27
80 67 83
55 35 23
17 19 67
20 45 19
70 8 93
80 91 30
27 64 11
62 71 38
98 56 63
13 15 87
93 36 94
1 15 54
31 57 20
16 76 27
78 28 29
5 0 1
23 1 10
45 99 92
93 54 41
74 69 22
9 70 31
6 91 65
71 19 22
39 86 27
59 78 61
10 31 3
58 77 56
59 69 24
19 20 80
63 26 13
52 30 81
52 22 9
77 31 61
26 36 13
86 70 2
79 56 69
6 95 59
45 82 85
55 18 47
98 90 91
72 86 98
18 55 22
10 51 94
46 61 2
37 36 64
82 72 63
48 73 76
44 64 96
7 59 21
6 37 37
9 77 95
59 74 83
62 31 52
77 2 43
22 46 9
54 77 5
54 90 39
66 62 9
59 55 69
33 51 31
80 48 88
7 80 52
86 12 91
7 38 17
27 50 93
62 31 37
39 99 30
51 2 72
60 33 81
70 4 6
32 30 79
5 95 17
62 78 78
8 11 22
86 15 99
23 97 78
65 21 3
59 27 23
22 15 29
45 23 71
31 59 33
84 36 79
30 72 41
94 60 83
60 41 70
46 10 93
68 14 89
48 90 57
91 79 89
87 95 55
52 97 45
80 17 11
5 97 93
79 51 57
38 25 11
39 20 6
83 89 87
74 40 68
11 86 5
96 31 84
81 74 76
61 85 4
1 24 11
92 33 2
10 59 87
16 98 72
40 33 88
93 96 7
96 32 99
36 39 16
66 93 71
3 72 90
1 16 29
94 52 89
19 43 92
96 25 4
32 50 25
7 21 25
93 66 17
35 55 95
16 9 82
83 74 66
25 88 2
12 28 91
74 66 65
53 28 81
29 54 16
13 35 68
92 47 66
51 99 23
56 2 15
28 24 73
6 29 77
50 43 92
8 61 21
43 55 17
88 91 12
30 13 64
3 28 60
74 19 27
33 62 32
32 29 1
62 4 39
7 74 76
76 64 70
24 19 96
42 58 68
65 99 4
20 1 72
26 95 39
49 6 23
30 83 52
98 54 25
86 58 87
81 79 76
32 19 88
79 29 54
76 6 64
76 83 11
31 91 70
43 82 41
71 42 49
61 93 41
21 95 23
79 43 71
16 62 47
69 83 35
10 87 74
28 59 78
89 32 12
9 43 20
59 47 78
10 43 34
95 69 12
50 49 3
51 84 17
18 25 27
9 55 47
53 10 33
19 59 63
34 88 71
96 95 1
95 78 62
31 75 29
10 16 37
77 39 62
49 15 89
69 83 33
5 82 33
52 59 59
97 67 89
85 93 49
72 18 4
9 67 72
27 69 9
84 2 90
53 0 37
54 56 32
11 41 63
52 10 94
36 54 21
81 32 3
41 54 70
35 37 14
29 98 33
40 75 88
2 35 13
3 79 4
12 87 84
65 32 17
43 76 69
5 90 49
20 43 68
31 97 11
32 57 97
14 80 89
59 24 9
79 97 37
77 7 6
87 76 32
51 5 43
68 89 46
59 25 95
17 91 99
70 25 13
63 66 5
20 4 59
28 46 89
65 80 84
94 83 94
32 26 27
30 3 6
36 69 33
43 5 64
77 22 11
3 26 64
26 72 56
91 93 83
47 64 64
26 3 50
86 81 93
33 44 15
77 22 41
21 73 28
8 1 19
24 53 28
28 14 32
9 14 32
36 17 59
19 12 47
98 75 15
85 50 60
10 97 3
56 71 78
19 47 53
36 58 68
12 71 5
54 83 5
51 27 11
19 30 84
24 83 34
63 99 17
86 95 49
95 50 100
81 17 97
60 19 9
20 44 82
37 12 7
19 38 78
77 85 35
91 9 17
60 42 82
24 25 74
15 21 44
13 73 45
46 3 1
14 13 72
0 83 44
76 32 93
52 97 17
46 60 84
41 11 39
55 88 37
61 15 64
2 76 5
5 48 25
30 13 22
57 7 48
57 70 80
39 18 86
12 35 82
23 7 28
48 16 4
92 27 85
50 78 84
39 40 68
67 35 91
30 29 84
4 49 90
6 51 100
77 22 83
61 97 46
5 96 49
71 27 21
96 87 22
45 10 20
84 27 62
17 24 37
25 52 73
25 21 69
77 33 3
71 94 9
75 57 80
47 13 60
62 70 14
92 36 64
45 89 30
73 16 4
30 42 78
52 16 98
2 30 35
68 52 73
61 26 48
11 99 18
85 80 66
0 8 66
75 20 80
73 78 6
98 74 51
44 26 11
66 31 17
46 72 46
87 40 23
48 65 100
75 33 48
49 8 40
49 57 71
89 61 31
52 74 89
25 74 40
91 7 3
8 75 16
32 67 37
23 22 35
65 49 46
48 32 48
86 68 59
24 5 54
73 49 28
54 10 72
92 78 5
74 99 97
87 69 60
70 22 24
44 92 91
82 91 18
35 1 20
37 82 1
69 93 35
38 19 29
91 3 27
49 21 87
95 87 81
91 39 74
58 81 27
13 4 76
52 76 65
12 99 100
31 71 29
81 20 98
47 61 7
42 74 68
70 10 38
40 33 7
74 29 85
48 88 51
21 83 87
31 32 38
82 60 12
50 10 4
92 93 61
3 29 68
74 29 90
64 6 11
42 86 22
67 83 43
22 40 49
10 14 30
72 53 15
88 75 74
76 9 59
70 35 57
69 25 64
83 27 29
66 0 22
49 98 39
93 86 48
53 25 97
52 61 30
85 2 4
58 92 95
50 85 48
68 40 41
19 40 99
84 13 62
68 29 87
77 38 51
21 1 24
37 0 6
23 35 85
72 80 13
3 22 39
62 45 48
93 48 56
30 45 13
79 18 93
14 64 70
0 92 96
6 11 99
76 73 32
21 62 83
28 65 91
34 90 82
15 72 46
52 96 61
72 22 56
23 25 45
13 78 39
97 75 49
25 74 40
54 78 65
97 70 48
69 33 7
89 77 39
51 18 21
90 70 24
31 20 51
14 71 89
29 55 6
85 97 1
7 33 76
47 64 7
18 16 17
12 37 12
99 53 85
57 73 49
89 43 83
51 13 26
4 88 78
68 30 99
6 14 92
34 1 32
72 60 9
77 83 77
83 49 84
69 66 58
37 24 82
15 80 25
82 4 6
55 14 64
25 2 36
53 25 18
54 96 90
49 82 21
65 39 98
10 16 2
3 29 71
65 72 64
57 34 99
48 76 17
17 67 58
32 40 95
29 92 82
68 15 42
49 90 67
62 86 15
43 42 58
44 79 52
96 20 22
74 21 94
96 59 70
96 44 77
73 72 13
66 39 95
21 49 10
79 82 51
58 45 65
67 86 76
55 26 14
0 3 20
31 79 94
52 67 19
39 40 71
5 4 68
55 87 77
36 90 3
65 81 3
88 26 2
12 70 26
90 46 58
63 33 89
77 47 56
98 50 71
73 47 8
35 99 63
45 44 84
88 96 100
12 5 39
62 40 17
68 86 48
59 39 96
78 20 37
7 63 64
11 40 34
63 75 53
14 27 3
28 30 15
61 65 17
40 7 72
31 22 100
83 21 26
76 17 76
6 8 12
46 49 10
34 4 65
49 35 94
78 58 98
4 70 30
81 83 95
55 82 51
50 69 70
12 55 15
74 11 41
73 93 20
20 9 20
77 36 45
24 18 93
27 50 98
50 0 70
67 52 16
83 90 81
35 83 38
69 89 90
11 52 99
28 14 46
34 25 58
80 66 60
98 32 36
69 98 33
41 52 35
9 38 67
55 8 34
92 90 5
39 63 7
28 69 69
31 47 97
41 88 22
45 61 26
75 65 56
23 14 34
70 18 26
48 38 97
77 10 79
56 0 15
16 98 27
72 25 84
38 44 75
40 5 43
56 39 5
66 59 28
13 24 88
74 81 51
56 30 50
80 57 92
91 13 92
83 19 17
24 68 80
24 50 65
53 96 11
84 64 5
35 47 14
90 12 78
64 99 32
24 47 86
19 47 84
76 45 51
79 0 80
63 74 87
22 53 26
38 65 78
29 4 7
55 63 64
93 11 88
40 74 43
25 13 13
20 46 19
58 82 69
16 30 79
53 66 50
15 24 25
66 37 22
52 37 91
86 73 70
75 19 15
63 50 21
15 45 37
73 12 49
80 94 4
15 98 21
13 76 88
40 10 37
26 16 16
11 84 81
72 22 2
64 81 51
59 35 71
86 68 56
24 81 72
84 68 34
92 19 8
28 81 52
48 21 87
42 33 32
97 21 13
91 79 3
2 72 16
22 3 45
4 68 6
17 91 38
56 29 92
74 75 45
12 71 33
45 4 79
66 60 66
85 44 48
81 41 16
47 23 22
64 10 66
27 52 84
63 98 22
75 4 97
25 63 23
62 96 80
48 14 64
5 71 90
60 31 2
71 8 21
74 76 8
29 94 82
72 25 50
36 96 90
45 69 36
94 77 92
94 23 52
63 75 41
84 11 25
10 5 47
6 58 99
4 86 33
72 2 38
29 47 61
78 22 37
19 38 71
10 18 21
38 40 29
27 91 93
89 71 81
20 79 25
43 25 80
95 35 30
29 84 2
42 53 26
39 13 45
52 97 98
83 20 100
67 46 15
48 59 91
55 98 52
53 7 15
68 83 17
35 59 16
77 7 90
39 23 67
26 61 42
0 17 59
8 46 62
13 29 70
53 70 92
27 28 10
91 86 16
91 47 100
1 52 84
44 54 43
54 71 94
41 76 68
99 16 15
8 65 58
8 83 34
5 11 1
9 43 8
13 30 52
2 48 89
79 11 1
35 78 100
77 41 70
94 34 37
15 48 73
31 41 47
54 40 88
63 92 95
22 7 14
69 83 60
97 58 10
4 43 30
51 87 53
59 41 83
13 53 30
85 31 72
13 99 27
34 81 16
67 81 28
68 43 68
24 25 43
89 73 64
21 60 19
13 76 70
32 81 65
5 13 65
24 66 24
45 99 4
57 7 47
16 98 79
44 21 93
99 84 94
56 40 75
72 18 77
91 49 8
99 74 39
79 83 5
63 49 82
16 26 66
15 24 15
22 12 83
3 13 64
66 72 43
50 5 93
70 30 23
75 50 40
13 22 56
17 98 95
43 81 100
77 76 53
22 71 57
11 2 73
38 92 98
52 35 90
36 77 33
37 39 38
88 21 44
71 50 14
42 79 28
41 43 3
94 32 100
68 4 31
84 54 88
26 28 73
62 54 34
43 72 56
93 97 75
82 78 82
6 57 70
55 63 85
83 6 64
84 72 37
77 74 16
91 48 42
27 96 5
44 98 67
12 71 74
34 84 70
76 98 14
44 14 38
75 7 57
68 92 61
15 39 9
50 9 89
25 92 48
85 76 1
33 45 30
61 6 93
97 99 39
4 98 51
18 93 46
25 27 55
3 8 28
58 97 76
41 40 64
45 48 91
15 78 92
86 36 57
28 32 71
24 40 37
29 87 53
24 51 72
86 94 63
85 45 41
55 68 35
57 48 32
60 3 70
5 81 64
0 82 81
13 18 72
18 70 99
63 48 38
85 88 27
1 0 78
4 1 100
42 2 66
74 2 6
89 22 87
81 76 58
2 43 52
53 52 51
74 38 96
32 81 18
63 78 78
65 29 46
24 88 8
97 44 51
99 11 34
28 36 64
15 80 73
11 19 34
74 11 24
60 84 98
97 50 46
79 65 67
82 45 37
79 70 38
6 31 26
93 19 61
89 86 47
8 16 13
2 28 48
15 7 26
24 29 6
58 28 35
72 26 95
12 61 80
83 73 77
45 31 40
31 97 59
87 74 3
62 42 38
57 73 21
45 5 67
43 22 38
43 36 32
31 78 59
55 79 88
16 39 73
38 18 91
11 94 65
36 46 94
21 48 25
47 70 46
36 34 64
4 92 73
69 73 8
57 39 20
43 56 96
41 80 50
9 68 37
28 5 60
24 21 11
35 55 61
67 27 47
21 22 56
79 18 6
17 68 13
24 81 41
26 52 23
44 76 13
6 22 13
47 96 44
39 77 69
97 1 36
87 38 16
50 25 73
95 13 33
78 12 46
98 59 6
39 52 41
95 35 70
78 15 45
94 74 32
35 87 24
85 50 44
86 2 11
30 99 41
80 29 40
75 70 57
30 39 83
3 25 12
29 66 23
39 42 95
67 7 1
1 68 28
6 63 21
75 15 88
4 40 92
49 60 43
49 66 91
66 17 60
9 43 62
8 40 13
29 84 90
57 13 74
61 19 86
9 96 20
32 16 66
63 84 19
4 56 26
18 97 69
80 44 27
68 36 85
37 50 87
8 12 45
38 64 59
52 30 27
7 69 7
36 51 78
1 7 52
33 7 38
25 62 61
27 12 69
82 97 6
20 43 19
5 20 76
38 47 73
81 31 93
45 80 13
62 73 93
87 50 87
23 73 5
35 56 11
2 93 75
52 63 27
50 63 71
51 26 76
29 82 79
56 64 92
7 98 13
19 68 22
1 16 75
12 69 8
6 8 35
13 21 99
35 38 2
63 21 52
52 8 85
14 36 35
69 67 75
98 62 62
93 87 85
44 56 63
94 63 1
19 76 44
43 38 29
27 25 61
33 10 46
73 80 88
90 46 61
56 72 13
95 71 79
16 7 9
5 70 36
27 78 67
45 39 68
58 86 63
59 50 55
13 41 14
67 63 23
25 77 82
94 91 59
43 70 81
68 87 61
4 8 53
18 70 44
66 20 25
76 69 33
18 57 97
79 37 96
53 42 40
33 6 33
14 24 23
87 80 58
95 63 13
20 96 27
98 82 21
74 34 92
42 14 56
25 50 52
94 41 74
12 50 12
21 49 27
65 73 77
44 97 18
54 86 57
89 96 15
0 80 92
74 99 12
70 26 99
44 19 63
80 35 75
96 95 9
97 24 30
91 5 32
13 48 87
57 49 55
62 35 76
55 52 50
48 30 34
90 49 91
48 30 43
51 10 34
82 68 38
38 28 89
30 9 48
57 30 32
41 38 75
60 66 30
87 76 42
22 25 80
13 67 70
14 17 11
58 72 15
8 96 74
13 52 40
51 57 21
43 34 33
64 18 35
22 57 21
21 80 57
24 18 79
60 95 71
54 22 21
1 45 42
95 45 42
35 76 37
39 64 42
68 64 58
8 28 95
20 11 42
87 62 57
18 92 38
9 18 90
97 70 98
43 95 47
66 52 75
77 88 92
50 15 72
43 82 68
86 26 2
90 40 31
46 83 9
48 45 74
33 30 83
91 7 47
85 72 45
54 28 11
8 19 91
74 92 55
88 34 58
10 2 69
29 35 35
87 27 50
65 51 10
28 69 83
43 76 5
70 63 63
56 59 32
66 63 74
15 57 50
23 92 47
64 87 75
44 8 39
71 57 1
97 84 35
45 74 9
12 59 31
42 12 65
70 28 87
8 84 24
43 33 9
79 42 52
70 66 96
91 45 84
72 23 45
6 94 20
48 43 49
48 23 25
31 17 33
10 99 6
59 10 42
84 44 53
6 57 73
37 23 38
60 99 72
57 83 15
27 8 96
16 1 89
72 44 15
3 49 8
33 73 49
24 19 81
20 66 26
49 2 86
41 94 98
94 42 7
67 56 72
68 38 92
47 72 16
80 83 41
94 35 78
67 75 67
18 20 34
11 30 59
42 46 4
69 19 54
24 1 27
7 1 67
50 76 78
95 42 55
71 37 72
27 31 29
87 23 5
34 11 66
19 44 78
15 27 31
79 22 3
34 5 93
5 12 86
16 80 3
82 80 76
30 82 83
66 23 27
41 11 90
56 8 86
48 75 86
55 8 53
8 80 3
68 79 8
9 75 19
84 40 20
32 6 97
93 32 52
42 98 39
65 9 51
46 27 11
84 60 86
89 2 28
77 17 12
3 0 22
10 50 57
6 21 51
92 41 85
61 13 86
68 51 1
94 89 58
15 97 5
11 21 37
14 43 39
82 10 67
86 20 17
84 29 48
56 76 42
62 6 91
45 41 98
80 36 45
28 56 99
82 11 37
29 77 20
9 78 7
24 54 24
46 5 86
23 0 81
68 90 61
47 18 96
17 87 62
19 15 72
59 23 5
53 5 67
96 45 57
91 92 88
36 2 92
20 12 42
45 49 56
81 25 41
17 71 35
43 73 79
95 11 40
47 16 2
3 25 46
93 20 76
93 45 45
75 99 62
25 68 94
62 61 65
23 56 52
16 60 30
53 14 17
11 71 99
25 17 67
85 80 40
38 98 53
36 6 95
95 1 94
88 32 78
62 70 85
43 45 92
70 97 22
33 75 40
67 35 49
44 13 38
33 29 6
81 14 23
37 67 70
76 39 57
63 96 46
79 30 3
2 39 97
7 13 62
38 96 53
59 28 38
18 23 81
45 13 69
70 4 23
47 58 73
71 49 47
96 11 92
27 61 67
58 88 63
92 81 79
2 28 75
26 45 80
79 9 40
27 35 54
47 1 73
18 47 86
2 32 15
0 2 18
87 46 54
15 60 61
66 67 12
97 99 94
8 77 60
44 18 38
13 58 82
62 12 30
33 94 29
54 64 69
88 67 37
41 91 8
27 75 47
1 91 24
38 10 40
64 49 43
93 11 83
67 60 87
84 12 90
39 7 96
51 22 9
56 3 87
0 89 59
98 29 33
20 66 82
75 83 44
88 4 8
48 21 41
32 2 70
67 78 88
92 3 81
15 38 17
13 95 42
72 80 88
81 23 59
79 81 80
7 99 51
47 17 86
46 10 3
32 45 64
54 7 89
32 96 48
64 44 18
45 3 86
35 64 19
70 57 68
18 70 41
64 41 97
45 30 90
48 98 86
29 14 36
28 36 94
75 10 58
82 81 54
81 40 66
85 37 11
11 34 46
24 10 51
30 86 99
66 55 70
12 67 52
52 44 50
27 80 18
92 51 22
85 47 81
37 55 23
64 34 63
35 90 34
28 53 82
5 29 75
92 71 60
56 89 45
6 19 67
24 21 78
49 78 48
23 16 17
77 47 98
55 41 48
76 28 57
18 71 75
20 78 24
0 4 8
9 98 84
30 64 9
96 26 72
63 49 49
71 93 67
21 98 9
4 10 48
63 20 32
98 96 47
22 21 19
51 60 49
95 26 38
54 46 95
41 77 57
66 6 97
80 92 83
13 65 13
87 25 1
61 26 36
8 0 26
73 79 81
95 43 63
63 58 69
28 39 9
7 83 20
87 73 90
53 4 29
83 35 16
83 28 3
42 15 78
3 27 21
20 42 33
93 27 71
26 13 60
15 46 54
43 18 22
86 7 83
66 1 70
24 62 37
75 29 64
0 55 69
54 81 34
87 24 50
19 12 17
85 59 18
71 67 66
85 45 41
32 2 65
38 12 1
79 49 94
36 61 13
3 6 65
21 94 14
1 9 91
4 14 2
96 46 45
33 11 29
86 95 43
79 98 42
3 97 96
29 10 9
65 81 37
42 81 44
23 97 62
87 70 79
21 9 95
22 87 16
25 9 10
82 58 84
17 49 63
38 81 66
90 49 22
37 59 99
15 60 4
38 51 70
89 99 93
56 65 50
2 1 11
58 82 58
28 23 52
93 50 60
87 48 58
50 11 100
75 72 41
71 36 47
99 10 36
78 76 11
25 30 21
43 22 11
16 38 98
91 90 76
98 21 51
72 31 62
34 46 78
4 72 2
93 27 98
86 43 4
13 20 22
54 84 6
70 73 9
42 11 3
33 18 4
54 45 82
31 36 47
36 11 1
25 82 58
30 66 77
85 3 3
30 99 26
13 63 42
92 34 100
42 94 77
66 16 18
30 96 48
8 39 92
36 98 98
13 77 32
80 14 71
92 36 92
85 51 29
1 51 91
61 53 29
65 79 63
74 11 95
29 61 14
97 61 82
77 72 83
34 25 38
7 17 90
75 76 62
48 74 17
33 99 31
67 44 13
30 48 88
70 8 88
87 94 62
37 20 78
84 66 95
17 12 24
63 59 59
32 37 32
48 66 79
20 16 7
54 43 79
15 26 18
22 2 84
88 13 80
97 95 28
25 14 13
29 18 60
51 66 97
82 89 37
32 67 65
85 38 10
37 9 28
32 76 58
63 22 96
75 18 40
2 17 47
78 3 1
40 5 43
39 96 57
42 88 71
23 47 92
73 59 88
97 72 68
67 56 15
16 55 71
16 6 83
87 69 99
13 90 62
18 31 17
6 35 67
59 21 96
93 26 43
66 77 98
10 75 96
81 10 18
20 46 93
55 96 94
19 34 42
57 81 78
35 90 10
95 21 98
19 42 92
99 75 24
15 77 46
11 23 2
92 81 54
28 2 2
59 67 13
41 42 4
28 63 50
52 83 93
86 83 55
36 84 23
0 42 66
61 85 4
0 91 60
27 47 15
6 33 56
0 23 30
85 59 75
39 45 37
68 46 63
19 88 47
76 79 39
31 22 35
74 36 17
24 16 94
62 58 29
41 56 98
29 88 75
69 15 98
31 76 58
24 1 36
22 15 100
93 97 51
15 6 69
49 57 21
18 70 75
50 40 45
27 25 6
0 60 82
27 62 25
80 2 81
31 78 54
75 94 86
84 99 57
35 51 19
90 78 47
21 55 29
54 52 47
74 16 52
16 23 99
61 42 14
98 28 52
16 56 16
44 74 8
90 65 53
8 56 61
75 63 65
12 35 43
81 0 14
38 22 92
28 60 48
56 39 94
50 62 98
94 75 66
82 51 56
50 9 6
79 94 60
22 97 51
11 48 12
94 29 74
5 95 99
26 87 80
30 77 57
32 93 2
93 70 55
88 17 59
70 47 10
84 82 95
21 57 86
40 99 47
32 81 49
43 6 62
17 29 68
51 85 70
47 43 27
65 5 31
22 19 63
85 26 52
88 92 98
39 2 70
51 3 14
11 16 71
29 22 78
97 13 52
76 91 19
13 81 70
83 60 99
81 71 13
37 54 61
10 29 40
63 7 46
17 76 23
9 11 12
53 71 30
31 92 4
41 58 53
87 89 29
85 87 93
16 64 14
5 63 3
80 65 77
85 0 63
77 68 79
73 63 36
38 88 11
36 26 24
30 9 55
48 19 78
16 30 41
43 66 88
27 4 83
73 69 3
13 39 5
21 60 26
55 22 45
45 41 97
58 18 23
38 87 8
83 20 83
98 49 87
49 99 3
91 77 76
20 12 72
10 50 8
71 45 98
95 75 43
4 94 66
73 5 96
70 71 10
91 40 15
10 22 48
73 27 80
41 12 82
35 40 8
9 88 10
11 62 28
38 33 66
76 75 1
72 34 55
11 97 67
87 44 1
70 20 57
0 59 4
14 74 85
9 23 64
86 37 49
66 92 87
21 6 77
81 79 59
37 33 73
83 36 38
14 38 99
40 45 24
32 93 55
46 30 58
34 70 20
65 79 73
70 32 2
15 30 78
63 55 29
94 86 56
52 66 77
95 78 40
34 6 62
69 62 46
41 75 93
64 19 45
83 59 84
58 84 78
49 8 57
5 58 13
48 69 15
46 87 49
47 34 44
13 38 86
72 50 62
99 74 32
65 63 15
19 69 77
24 65 81
7 32 90
41 54 89
91 37 69
46 57 72
60 43 13
76 16 81
60 33 89
20 38 78
71 98 52
30 57 50
15 86 53
5 65 98
13 64 57
62 14 35
81 46 59
80 11 25
36 67 20
18 26 16
40 81 47
43 74 64
43 19 41
73 75 86
84 21 81
58 48 19
18 4 91
75 92 2
67 47 92
35 98 62
4 24 22
93 52 67
46 79 67
60 72 65
38 71 9
77 30 4
51 39 31
38 85 70
57 55 58
31 38 86
44 99 62
79 80 45
60 68 96
79 90 65
56 15 20
33 85 46
61 64 44
8 39 77
0 24 38
38 60 39
71 72 59
40 47 76
45 97 11
64 52 80
55 10 8
51 9 59
41 22 23
5 78 60
28 59 54
69 51 46
8 6 95
64 56 11
56 82 25
50 71 67
29 30 42
99 65 7
37 30 99
36 53 35
94 43 95
14 20 8
45 17 42
93 78 19
37 84 95
14 58 87
63 54 17
41 11 48
42 45 46
2 32 91
98 42 7
84 64 26
26 15 78
22 75 63
79 56 23
64 23 52
69 5 42
29 87 44
35 78 83
4 45 38
45 37 2
26 78 58
23 64 68
1 41 41
86 92 15
33 27 43
5 19 28
78 41 79
22 9 28
76 61 56
8 99 4
88 41 51
3 52 10
72 39 17
27 70 60
9 78 55
7 19 79
44 15 24
83 38 96
70 16 1
4 15 27
13 94 41
96 98 16
80 53 81
69 0 65
18 0 13
27 33 52
47 11 96
93 87 37
79 4 28
58 91 39
6 28 79
7 4 26
9 8 90
12 72 47
54 73 35
15 45 15
13 78 34
52 88 26
74 96 60
89 67 34
13 15 66
21 98 71
29 11 49
12 95 49
93 37 19
24 87 12
40 62 19
2 22 22
15 8 65
13 69 44
71 69 11
71 20 90
57 67 52
7 83 26
66 69 38
31 3 71
40 92 21
24 60 34
81 65 68
8 29 51
94 50 79
46 54 55
40 73 77
13 25 43
14 2 63
50 35 45
50 34 76
94 31 12
92 51 19
26 57 88
97 24 17
10 89 65
84 40 16
49 2 10
75 74 30
64 39 68
28 67 39
14 34 67
56 4 58
77 51 36
85 12 61
89 85 63
80 7 58
58 23 88
87 51 99
64 23 54
57 61 91
73 52 2
46 30 40
50 79 8
53 71 80
87 30 98
77 83 55
2 53 71
2 26 48
74 66 61
14 3 93
27 79 51
75 62 63
52 72 70
67 37 76
8 39 61
27 46 63
29 95 48
27 50 71
51 55 44
94 62 32
72 20 14
42 77 73
31 52 64
51 22 49
58 11 45
92 87 89
79 78 12
28 60 42
65 5 61
78 89 47
73 33 67
90 64 93
88 10 71
90 75 89
20 6 4
1 44 40
85 47 78
8 58 66
19 25 60
21 24 81
81 67 96
99 56 21
16 51 53
6 41 38
32 95 45
66 47 3
72 0 89
25 46 10
69 1 15
72 44 93
28 34 52
5 87 69
59 99 24
66 96 32
86 61 99
28 73 31
11 57 97
19 42 55
34 35 51
81 74 59
85 92 32
91 3 40
12 85 66
31 12 70
70 66 35
14 46 49
59 48 88
3 84 52
58 67 77
32 38 73
35 50 93
20 22 64
68 66 29
82 7 70
52 33 23
35 57 32
71 45 12
56 35 85
92 78 1
50 84 77
8 35 70
98 79 28
76 11 12
97 93 20
94 67 46
5 18 42
99 54 57
68 24 33
26 35 37
46 20 33
22 57 35
53 48 97
37 75 38
97 63 42
16 35 86
26 54 10
64 60 61
65 75 46
82 86 14
32 92 68
99 82 17
81 53 36
20 93 7
51 10 92
21 73 82
15 68 80
36 1 69
53 55 89
88 28 91
57 71 69
39 71 72
18 79 16
12 96 41
56 62 16
78 37 58
22 8 20
27 32 7
98 20 81
74 33 62
94 28 95
33 79 60
56 58 70
65 91 57
65 90 12
38 94 23
41 10 92
53 63 99
75 81 80
46 44 72
14 51 22
3 56 92
48 66 37
87 72 66
62 85 58
57 8 13
74 77 50
37 69 21
95 14 47
76 33 35
14 92 93
11 66 56
27 92 84
41 10 62
64 55 80
81 60 73
86 38 32
96 78 52
29 26 54
43 3 47
53 45 96
27 96 75
20 15 6
6 9 20
23 14 70
38 81 6
80 47 36
70 69 72
5 62 96
97 25 13
11 36 16
37 13 8
46 23 92
64 78 39
56 40 79
85 32 33
36 8 94
36 31 51
98 72 22
46 16 93
81 31 24
10 36 57
91 99 38
23 88 96
14 6 52
90 92 93
10 80 48
58 96 74
54 83 90
90 82 3
59 5 55
36 93 60
75 27 2
77 84 83
3 82 100
98 78 44
82 99 23
51 44 88
32 72 7
51 46 27
42 87 62
57 59 90
11 69 26
90 35 47
0 21 58
18 4 53
80 37 63
5 62 41
10 55 47
98 78 3
77 63 77
77 27 75
73 18 47
98 44 41
98 25 86
14 83 94
7 52 94
70 22 58
5 87 60
86 34 55
61 4 22
61 13 22
34 23 69
62 45 9
12 33 53
93 12 12
20 4 55
21 43 82
10 38 40
11 13 95
34 26 21
82 22 8
95 19 76
27 38 82
91 2 29
61 49 80
99 49 84
48 0 93
15 66 41
5 62 69
72 28 94
10 57 40
36 22 4
1 20 73
97 53 52
73 95 60
99 50 41
71 65 87
79 97 79
55 52 55
77 51 16
1 27 4
78 92 84
13 93 63
17 58 77
53 98 75
44 61 99
8 18 52
83 95 58
4 18 28
15 30 86
3 92 90
60 47 68
64 77 18
69 27 43
96 64 82
16 85 74
31 75 65
98 76 74
3 67 13
73 62 9
12 14 22
5 88 58
95 51 60
43 69 8
76 91 29
63 98 62
85 88 16
12 81 76
34 38 54
78 55 99
80 0 69
51 48 48
33 24 16
50 98 69
78 38 50
53 77 25
59 20 39
90 79 100
5 82 71
3 21 53
59 1 26
50 7 2
25 95 22
91 27 58
76 94 20
28 89 35
39 92 25
78 49 92
8 87 84
61 67 17
60 2 42
46 1 63
76 36 28
7 84 70
8 31 54
54 13 40
74 32 3
97 74 63
62 19 91
20 27 84
45 56 51
8 64 31
52 53 24
83 64 1
26 82 61
64 85 9
23 65 87
30 46 92
12 69 85
66 97 67
65 57 42
72 22 38
42 79 23
30 68 48
60 58 27
38 49 50
37 59 7
4 65 49
83 81 43
55 76 25
48 33 29
66 50 29
5 19 90
19 43 75
96 76 17
68 18 14
61 29 29
32 58 66
61 46 82
11 20 96
25 61 97
77 30 52
92 51 83
1 26 22
27 92 47
93 19 25
60 24 46
61 70 19
82 60 57
45 4 3
15 2 25
68 65 52
82 59 63
10 98 86
49 2 25
70 3 59
9 85 22
26 36 28
47 86 14
40 47 9
73 22 21
8 35 28
42 56 15
68 20 77
68 17 64
36 11 70
41 33 7
28 14 95
23 20 14
23 68 68
78 57 17
21 81 59
57 81 47
72 12 2
2 41 74
84 3 70
72 2 98
15 89 96
22 87 42
12 32 90
21 49 74
24 80 73
12 17 42
65 91 95
63 17 85
36 54 81
78 81 49
89 0 62
28 44 2
59 66 29
65 67 41
92 28 24
85 52 90
46 0 26
93 47 17
13 66 43
83 74 55
8 50 83
9 2 29
16 52 93
51 18 53
6 4 15
19 27 94
28 42 85
74 62 1
29 94 96
11 18 77
69 37 60
62 18 75
97 95 2
5 55 81
17 49 96
4 10 77
87 25 2
20 3 92
89 77 98
34 0 10
41 59 43
12 73 17
32 55 36
84 70 10
99 53 100
41 47 19
90 51 21
89 54 71
27 78 83
95 22 71
16 27 63
78 65 85
46 4 87
18 90 90
45 42 39
10 90 14
57 8 6
94 90 87
47 21 95
77 25 44
76 80 9
75 7 16
18 64 27
83 46 43
18 4 73
63 32 14
52 86 99
5 9 7
52 39 35
85 20 70
93 61 49
7 56 18
92 62 27
70 64 25
53 52 32
98 70 45
18 84 40
35 88 15
9 84 76
61 79 20
85 82 31
70 81 80
23 54 25
75 3 72
57 15 3
27 5 39
75 64 64
71 0 94
72 23 42
34 46 23
8 43 22
55 53 29
63 40 44
6 69 78
99 52 52
12 59 38
39 66 81
17 4 89
38 19 7
28 30 66
82 25 48
32 83 67
12 20 48
59 93 77
17 61 66
55 37 9
53 98 16
40 55 43
48 65 11
22 5 62
78 82 27
95 88 12
57 25 74
83 48 96
72 33 2
11 97 95
80 90 80
15 51 30
18 39 40
89 56 38
91 45 56
35 10 78
73 71 70
33 70 72
31 60 47
48 2 92
87 95 83
62 63 65
65 0 21
98 25 92
97 47 50
91 30 40
32 95 34
64 73 6
70 55 32
91 6 47
60 63 45
43 21 79
55 35 52
9 57 21
87 76 91
88 65 89
6 48 48
1 32 43
7 85 35
28 99 50
46 10 33
34 11 35
69 99 52
14 73 22
42 90 78
39 23 85
33 85 39
42 15 30
61 15 98
99 28 16
80 22 90
6 29 71
54 27 1
80 70 39
21 40 44
71 63 88
40 81 57
35 4 41
79 12 24
67 92 38
97 79 7
43 74 22
40 37 29
3 82 34
20 91 73
91 20 4
43 9 63
49 95 85
94 14 100
14 99 47
44 8 81
17 30 96
66 1 29
30 20 90
33 44 35
77 13 85
25 75 100
29 93 19
54 14 91
85 23 35
72 92 29
21 68 53
63 79 25
21 91 90
68 90 20
55 56 24
90 25 79
46 26 47
84 33 58
51 47 45
79 97 12
13 90 92
91 28 74
94 5 5
63 26 24
45 88 15
69 7 2
21 71 70
49 69 45
62 0 18
29 96 41
90 31 81
16 2 52
62 65 27
5 48 82
98 61 87
18 39 91
71 51 45
40 31 79
90 16 14
18 3 72
44 89 15
41 91 12
90 94 47
21 81 52
71 89 4
90 18 16
24 90 46
4 10 82
61 95 65
97 2 5
45 23 14
71 77 70
40 59 93
19 2 37
35 31 79
94 15 54
32 10 38
26 51 13
80 79 66
19 64 67
88 42 13
76 21 85
75 94 6
83 46 23
0 87 91
66 2 34
17 20 13
71 60 22
3 74 53
12 50 28
54 80 14
68 98 23
27 66 92
40 92 5
38 42 25
16 20 29
5 26 18
90 35 52
83 88 92
71 64 42
5 74 66
98 87 18
81 1 25
21 86 29
6 34 15
41 81 7
97 40 61
85 43 16
85 9 95
10 92 4
91 82 57
88 66 42
48 71 28
25 39 28
87 46 72
65 20 59
43 97 51
38 74 45
3 8 18
91 60 15
78 9 29
75 65 82
28 70 17
30 90 74
58 23 18
75 13 44
29 55 54
43 59 94
76 66 27
79 84 75
89 7 39
77 73 27
77 92 79
69 13 65
48 13 71
50 66 90
20 22 97
35 4 16
20 89 64
12 11 61
41 23 37
64 19 24
42 30 40
29 21 30
97 19 48
20 35 21
27 73 78
26 2 9
41 87 52
58 9 91
47 15 88
49 47 7
80 79 6
82 18 54
6 80 88
87 56 93
96 52 98
40 34 75
74 80 47
89 86 92
1 8 89
62 63 68
85 53 71
11 83 69
43 75 55
0 96 80
72 70 54
36 23 92
85 36 93
72 37 13
28 34 13
19 16 87
47 53 30
54 51 8
93 98 62
70 82 48
6 84 97
48 56 95
31 44 39
58 63 36
15 26 72
23 30 99
38 34 83
81 17 100
17 26 63
15 80 21
57 51 10
20 49 25
48 16 4
2 49 76
23 14 28
40 89 19
40 6 71
71 44 58
71 56 31
24 43 98
47 4 46
91 22 71
17 14 19
68 6 63
68 69 73
10 42 84
80 40 82
76 93 31
54 80 28
64 34 19
29 35 71
80 7 56
68 11 85
49 71 43
54 73 28
11 46 9
28 16 21
15 19 22
75 48 97
12 5 94
43 53 35
87 57 36
92 81 23
60 24 15
81 49 76
42 23 64
40 8 99
95 18 98
79 56 15
49 44 59
75 95 20
75 46 64
30 26 57
8 92 54
99 41 51
60 90 42
13 37 90
58 60 60
22 31 50
29 89 59
23 3 21
37 67 34
14 45 67
97 37 74
95 79 65
85 22 53
50 90 29
11 63 75
21 96 16
62 37 42
70 60 45
31 34 44
5 13 43
47 86 27
95 30 9
70 77 30
95 94 90
83 79 52
96 97 77
74 85 31
54 58 79
58 27 45
78 77 90
57 66 51
47 37 91
84 30 26
55 63 14
91 99 37
44 5 6
2 59 30
54 75 49
33 73 45
5 70 93
65 47 100
95 4 57
0 62 92
76 50 76
18 24 79
66 23 69
53 95 79
36 62 35
17 94 45
8 5 23
8 1 12
46 67 35
77 37 57
55 78 61
28 87 70
85 96 68
79 44 53
80 87 40
35 32 55
80 74 2
88 63 71
2 85 16
11 55 28
79 22 53
25 50 13
17 65 35
59 57 61
55 2 90
2 12 87
17 1 5
4 14 55
2 20 76
42 86 80
22 72 37
56 29 58
52 5 100
90 89 93
49 90 3
54 2 39
3 97 9
62 52 51
49 59 42
93 87 92
90 0 35
53 78 21
63 85 25
28 39 61
69 80 99
49 69 30
36 93 25
26 14 18
17 71 33
94 83 8
42 26 89
70 25 55
60 69 78
89 22 61
34 70 71
29 68 11
67 58 66
41 84 64
49 47 15
7 16 85
60 25 69
65 48 61
57 3 39
54 0 94
11 38 9
33 72 6
28 72 66
22 5 12
97 63 85
63 12 32
69 34 66
63 87 49
53 58 45
27 60 98
55 82 60
21 53 22
88 58 39
96 31 33
30 39 58
85 36 7
71 91 72
42 44 62
92 89 37
33 60 13
42 12 23
47 94 3
53 70 5
54 40 25
36 65 20
37 35 72
92 78 51
98 6 57
79 52 10
6 57 46
22 36 30
29 10 37
47 0 97
36 62 80
64 66 10
21 36 9
91 24 14
85 74 26
69 14 73
26 93 35
71 5 19
59 92 44
27 98 16
48 69 71
77 27 27
62 38 31
60 13 82
67 89 95
63 91 55
94 9 57
77 26 8
14 92 92
59 2 88
43 45 2
62 65 94
9 21 11
50 67 2
24 98 87
59 78 13
52 12 30
81 70 65
32 65 64
56 90 23
73 32 83
55 0 74
29 94 9
9 20 71
38 25 6
72 64 85
15 62 95
38 67 94
68 38 71
76 89 79
53 85 47
38 60 47
53 0 7
28 10 8
99 6 16
1 64 14
5 83 57
41 98 90
95 19 19
8 31 42
51 2 65
96 64 77
79 45 60
73 92 57
54 66 36
25 75 26
24 88 90
89 78 61
55 74 20
97 9 90
64 32 19
67 91 64
39 14 79
14 82 62
94 4 76
42 29 5
58 54 39
69 60 2
46 32 72
7 49 90
51 86 49
56 17 80
54 95 60
76 61 75
40 53 94
86 91 81
32 55 92
10 2 5
78 55 46
93 66 74
38 41 94
62 47 99
93 96 65
91 60 49
76 34 20
25 97 30
75 60 46
91 65 25
98 62 9
79 38 2
68 82 85
20 90 54
78 97 21
66 95 3
63 76 26
34 76 90
57 25 85
78 83 70
37 91 34
18 67 15
20 99 13
72 62 71
69 11 64
66 93 89
59 17 16
72 97 69
35 23 87
95 86 18
0 57 46
76 39 27
97 92 64
33 57 6
36 92 8
84 78 24
52 13 64
81 99 30
56 31 87
85 55 3
93 49 66
17 71 8
8 81 77
78 95 43
58 56 72
69 84 51
53 37 24
44 90 5
93 25 49
16 28 77
21 67 19
90 78 77
84 5 62
87 62 55
24 57 1
36 69 31
19 0 85
72 24 29
52 49 35
56 50 33
72 33 62
53 73 56
3 75 72
29 73 53
91 47 81
93 82 24
72 30 43
20 59 30
69 89 24
35 47 52
18 52 53
87 67 10
53 95 54
47 95 68
24 75 74
48 64 62
14 69 31
46 12 67
71 64 71
46 63 21
21 64 28
2 89 39
47 26 35
67 27 11
97 39 11
61 87 39
92 54 75
18 61 27
66 9 12
64 34 24
45 67 28
84 14 41
32 2 14
0 72 19
31 61 10
54 39 42
26 84 8
9 36 87
35 8 91
66 3 96
10 88 68
58 69 95
35 72 47
88 53 5
8 50 34
76 79 44
80 43 1
71 58 61
40 37 35
79 78 49
16 47 44
65 34 94
55 83 17
11 10 35
59 98 58
20 82 36
30 6 64
72 36 76
56 72 5
80 49 69
9 4 51
10 94 44
94 60 79
67 88 14
43 14 20
17 59 52
41 74 84
43 13 4
42 56 98
45 38 95
83 61 25
34 16 83
86 60 21
64 13 50
89 66 73
51 70 94
71 1 44
85 23 43
99 89 11
5 71 76
71 35 11
62 81 3
87 4 34
26 14 98
36 82 36
62 66 50
74 42 53
87 4 60
71 99 92
21 85 32
27 85 32
67 69 82
42 31 19
96 61 77
17 65 56
38 3 41
89 4 49
53 54 69
67 46 99
3 18 5
30 13 85
41 38 63
88 9 56
17 78 91
72 2 75
6 7 61
5 6 57
48 24 79
49 69 2
8 46 46
17 84 47
64 40 63
43 56 80
63 6 55
71 82 39
93 99 13
19 33 1
50 40 94
99 27 63
86 33 88
44 41 15
64 43 69
31 99 33
90 65 98
69 80 25
44 89 20
26 30 88
92 53 35
14 64 72
75 4 67
75 93 37
99 27 78
79 44 39
5 31 72
28 39 80
44 25 33
75 90 74
0 20 28
99 92 32
68 81 52
79 74 38
59 34 76
38 86 79
34 40 58
20 66 36
87 5 90
63 2 94
12 14 92
53 56 40
41 30 2
70 73 29
90 0 78
6 25 90
28 62 28
26 81 14
89 50 21
33 44 38
97 67 64
11 30 19
67 20 67
82 7 45
81 26 83
15 27 84
66 82 30
53 18 37
18 68 76
53 75 66
9 44 80
45 14 3
46 43 94
7 1 39
14 73 75
65 5 96
21 30 17
31 80 51
13 77 21
30 77 9
54 21 80
0 66 71
22 2 35
53 14 32
39 75 11
67 20 2
3 11 4
27 49 96
2 77 10
9 47 24
61 95 82
3 55 49
87 88 74
46 51 48
58 81 49
17 76 69
92 79 71
16 97 22
20 21 15
31 21 7
75 91 90
70 79 74
65 77 40
45 88 69
19 37 69
88 3 24
87 3 86
74 88 78
91 14 26
75 61 80
42 41 53
98 28 54
72 74 13
42 40 82
44 55 30
0 53 74
30 3 67
91 3 7
25 36 69
24 12 69
94 69 89
96 33 96
38 96 2
95 21 48
71 46 29
39 22 56
96 11 13
39 79 95
51 84 80
13 98 57
78 80 34
77 78 96
72 31 36
68 45 95
36 74 33
66 40 72
56 94 8
47 64 81
62 90 25
11 75 26
35 30 82
78 11 77
17 57 36
26 35 84
72 41 45
24 38 40
16 85 80
85 31 46
64 69 90
57 99 20
36 56 65
37 31 37
3 93 38
27 44 44
18 34 4
11 58 53
71 75 37
72 74 50
51 60 7
68 41 19
83 72 33
5 85 36
39 81 2
33 57 29
13 36 82
29 97 90
94 75 59
66 81 21
49 81 86
60 7 8
51 13 29
43 16 17
42 94 98
17 10 39
46 45 16
79 63 22
31 42 64
64 46 11
98 61 30
61 2 44
87 75 55
17 79 64
80 46 60
87 29 9
34 78 69
57 94 18
83 4 81
30 2 62
9 93 71
15 21 63
61 50 7
40 54 93
84 40 60
67 48 2
60 38 53
8 6 90
22 74 48
47 89 14
6 78 74
92 15 55
65 34 24
71 64 27
59 85 18
54 98 43
89 18 5
43 28 66
29 63 62
75 87 21
72 81 33
91 95 61
22 54 65
96 90 22
32 33 1
96 22 54
52 22 29
87 3 55
39 56 29
89 87 2
26 60 83
20 94 32
9 6 4
7 61 89
34 73 36
57 89 6
79 39 49
26 60 69
78 27 25
37 66 85
0 38 18
63 11 47
93 21 25
31 61 54
15 2 69
43 59 10
40 71 46
37 31 100
46 3 81
15 40 79
4 27 41
63 25 82
51 69 18
1 34 18
32 47 25
47 55 98
4 55 54
54 1 91
76 11 58
72 45 54
41 19 43
40 3 28
4 86 52
14 77 68
80 18 73
98 15 27
20 54 59
18 56 24
46 39 93
96 11 20
65 85 6
77 11 18
64 14 21
95 54 70
29 59 55
60 61 26
57 36 95
65 20 39
5 57 17
72 94 33
6 84 42
79 39 81
95 31 86
0 92 21
5 45 32
65 51 19
24 36 21
21 86 32
91 71 33
29 84 70
47 16 96
32 91 89
80 4 12
71 20 66
43 75 55
15 88 5
13 88 8
36 71 13
8 36 88
89 77 15
84 17 63
0 49 71
72 84 47
76 27 40
73 58 12
10 87 59
14 22 3
43 95 89
6 82 68
92 67 54
8 36 47
13 28 97
94 78 13
90 55 30
38 92 27
13 54 2
51 83 86
73 67 54
24 76 83
31 63 64
93 34 77
10 0 54
4 76 69
24 90 92
34 37 99
49 24 63
15 43 63
12 79 44
16 7 14
82 90 2
21 35 12
53 89 67
63 20 97
88 4 35
77 0 77
39 21 96
58 14 93
9 86 57
82 0 56
50 43 27
16 62 19
42 98 9
56 42 10
51 50 55
79 34 93
15 93 85
36 91 91
37 11 90
8 67 5
54 70 97
19 25 59
26 74 87
9 24 12
36 53 72
70 55 85
53 34 80
2 61 49
75 41 26
89 88 70
82 52 30
8 39 48
52 24 98
22 52 56
1 40 72
88 46 88
54 95 44
98 95 96
75 70 32
97 49 82
94 26 60
8 76 59
29 48 79
32 54 13
14 90 61
70 20 38
26 82 68
54 7 78
76 28 6
60 65 94
88 89 42
60 66 12
20 70 53
50 87 79
83 82 91
51 8 26
86 49 14
7 14 12
78 30 10
16 41 9
71 33 99
36 78 24
42 34 72
74 27 64
46 65 71
1 83 44
22 61 80
23 28 15
71 52 20
9 59 76
29 2 1
13 16 68
32 98 6
22 91 53
39 57 1
94 36 10
28 68 90
42 3 77
91 78 47
51 79 8
2 86 21
68 93 22
72 48 2
98 72 76
38 91 36
68 12 50
49 72 85
5 57 13
99 74 26
72 26 9
43 41 13
0 36 40
77 30 2
34 93 77
47 27 95
80 34 77
28 49 99
96 9 16
57 96 74
33 53 76
95 37 66
9 22 36
35 69 82
98 74 26
38 56 91
15 39 42
44 45 34
76 28 78
73 22 12
96 45 85
62 21 29
16 97 15
84 95 98
10 69 43
37 30 32
71 0 64
28 31 28
42 84 27
83 92 39
91 21 12
32 83 87
61 24 14
48 72 6
76 2 60
29 60 13
77 16 36
30 68 52
56 27 2
0 11 28
11 30 6
45 66 42
94 56 76
67 24 10
10 42 31
33 55 6
15 70 46
71 57 85
17 87 56
62 79 67
31 55 29
43 84 4
33 45 97
91 15 49
38 68 89
62 76 53
42 33 21
44 95 82
33 97 22
4 77 23
24 2 70
32 30 92
53 25 20
52 63 65
90 5 23
73 24 35
8 13 73
77 5 69
39 40 60
51 42 90
4 98 80
91 42 14
1 19 70
85 96 38
38 98 86
5 53 25
41 8 94
69 61 43
72 12 41
91 28 57
68 32 99
57 21 12
13 90 37
83 10 43
60 55 92
1 76 39
79 0 13
14 27 39
62 38 36
67 64 85
61 85 89
28 67 30
33 75 5
67 18 89
96 56 47
77 85 15
70 94 44
18 86 85
1 37 51
5 90 44
49 8 6
90 61 65
80 60 32
97 21 95
30 43 45
81 75 76
61 5 67
92 34 37
92 51 90
88 30 77
4 46 40
94 70 13
19 21 46
46 58 75
38 30 17
67 73 82
2 21 100
34 42 85
15 74 58
7 76 55
39 2 6
42 96 78
54 82 11
66 35 35
82 98 52
51 68 77
3 33 44
59 11 3
97 43 11
37 38 5
49 55 84
19 25 36
27 50 15
40 26 56
9 78 89
45 94 58
97 95 88
49 83 30
56 67 52
60 91 2
70 38 27
3 47 21
49 2 47
26 78 3
67 49 36
47 32 76
22 16 50
87 44 6
26 39 85
51 88 73
11 54 55
49 73 71
40 49 33
43 9 100
74 44 86
67 45 29
65 31 15
48 11 77
42 52 4
12 1 98
48 58 6
15 94 62
87 81 89
64 54 3
53 78 30
51 60 51
28 87 9
27 55 91
99 3 26
75 95 67
51 53 65
6 81 2
33 41 81
82 49 64
63 66 15
11 28 62
8 5 76
21 36 23
64 69 42
32 86 19
73 35 9
39 78 26
24 60 52
27 76 96
57 26 61
20 43 27
27 20 82
17 54 70
46 31 28
92 53 78
92 80 23
97 34 20
35 70 46
19 81 50
50 35 95
76 96 24
32 78 95
63 39 90
89 4 98
88 2 7
43 68 52
30 53 87
78 5 96
50 40 92
55 57 48
22 78 14
28 5 39
5 44 79
10 1 6
54 19 39
64 19 82
23 47 12
47 44 79
46 96 50
87 36 86
83 8 40
42 31 22
34 11 2
83 90 50
90 53 38
83 59 14
63 45 1
28 52 25
77 72 57
73 13 90
94 70 35
71 2 77
80 20 1
57 52 33
59 18 90
61 98 78
32 30 19
76 5 60
37 29 75
66 35 32
42 69 85
84 19 57
78 9 51
56 73 56
96 26 57
98 27 79
66 51 78
96 3 73
53 32 63
25 45 15
0 87 90
97 87 5
74 65 2
58 22 25
91 48 100
22 74 44
95 1 98
63 84 29
53 70 47
56 83 51
42 13 53
22 64 33
27 47 42
90 55 78
95 49 96
94 55 87
77 32 79
58 83 80
72 26 50
57 21 12
47 57 14
8 90 64
60 3 25
5 15 99
13 32 47
82 81 96
7 55 40
82 32 49
64 47 10
54 46 58
9 88 69
89 99 82
63 50 33
77 49 11
32 67 63
23 99 81
53 76 92
70 31 89
56 83 96
25 31 74
0 82 61
67 52 65
63 86 7
39 69 36
32 77 10
96 31 13
14 98 80
89 36 62
42 22 68
16 38 76
91 45 57
21 19 94
5 4 74
29 51 20
35 36 76
23 24 86
7 29 51
37 19 66
60 90 19
96 29 52
51 94 4
95 29 86
65 34 62
66 25 1
95 65 15
49 96 93
63 10 31
61 87 98
41 94 50
3 27 95
13 31 17
2 77 1
52 86 92
49 29 22
71 33 30
25 89 11
9 20 22
47 5 86
83 25 62
2 13 95
91 81 37
37 51 36
40 66 21
77 13 68
1 99 28
90 73 69
45 89 72
83 30 9
75 63 69
41 78 3
86 13 58
96 69 41
9 40 53
7 89 30
2 3 42
2 5 81
80 81 70
98 68 31
68 69 62
43 34 31
9 3 11
10 52 67
77 22 16
5 97 33
14 7 27
37 55 91
8 89 24
38 92 31
84 45 98
2 3 20
4 31 10
9 96 1
12 29 20
82 62 25
30 48 21
56 87 78
70 1 19
1 85 73
31 43 8
20 47 63
3 93 19
58 40 63
54 99 73
38 67 2
85 91 45
18 36 37
95 41 48
94 98 52
48 70 6
61 89 42
36 42 52
81 4 100
99 3 35
69 12 11
56 75 43
24 65 34
57 44 22
64 93 38
98 60 39
97 26 81
77 30 90
61 10 15
83 86 99
33 3 74
16 73 12
75 3 47
8 54 68
48 50 73
65 2 46
67 55 74
79 76 30
22 74 29
73 59 84
92 95 69
80 57 32
28 79 59
25 48 92
35 87 43
31 43 59
30 64 34
49 52 33
43 13 100
90 66 78
7 22 12
73 59 73
86 87 99
49 56 82
59 31 85
42 44 24
79 3 36
96 14 23
68 42 96
43 52 97
91 36 41
3 57 88
91 61 65
6 17 84
56 58 93
27 98 54
0 30 10
67 19 55
81 16 17
4 79 2
97 61 96
76 93 95
79 13 69
18 73 84
82 15 58
13 14 71
77 51 100
13 60 18
26 62 79
22 27 64
49 61 20
69 71 98
51 3 33
44 30 44
35 11 62
62 18 10
63 1 39
89 9 25
13 9 69
85 2 70
58 11 80
89 72 74
54 25 54
41 22 80
57 9 7
90 73 38
48 89 95
86 8 24
69 23 61
47 29 88
28 77 2
84 71 45
37 80 49
42 68 98
59 1 30
99 60 1
82 62 8
59 87 29
79 12 5
34 65 13
25 3 61
93 26 7
69 26 16
34 81 1
12 84 13
32 6 14
39 8 98
38 74 75
66 16 92
21 57 54
15 70 13
73 66 35
92 97 88
91 36 29
98 20 84
12 89 84
56 48 7
38 30 13
3 59 71
85 13 29
96 47 96
30 93 80
96 73 18
31 7 66
33 50 91
44 2 75
67 91 44
21 32 73
26 64 33
73 24 25
78 3 35
89 18 56
60 90 51
21 74 99
19 7 87
41 66 66
86 82 79
59 71 46
56 80 72
38 95 19
44 84 26
19 93 42
91 83 39
59 49 54
15 4 59
16 42 96
95 10 69
62 18 9
11 21 72
25 54 14
38 17 98
42 81 80
23 11 31
22 34 16
40 89 99
37 11 7
18 25 99
92 0 39
85 46 49
81 92 41
33 96 76
74 4 94
48 56 35
98 27 73
40 13 42
48 73 21
92 71 62
54 94 76
2 34 86
53 37 7
96 0 59
57 1 73
81 95 94
16 87 23
97 64 10
25 86 67
14 20 38
23 67 61
30 54 83
21 17 95
98 83 95
39 74 45
78 45 20
45 88 55
26 72 63
99 59 36
85 55 88
76 39 82
98 40 55
83 89 78
19 68 45
88 62 7
68 61 43
64 57 73
21 36 68
8 29 82
56 25 39
1 95 99
80 26 50
94 34 64
8 34 26
18 57 85
11 4 99
30 75 42
5 45 94
22 45 95
99 73 84
48 35 49
54 4 15
75 3 42
23 76 32
2 40 29
18 3 62
45 10 26
30 14 40
91 27 77
81 90 46
39 8 97
0 28 88
76 0 92
53 2 17
19 41 28
17 39 65
24 81 14
82 25 92
34 65 57
36 25 52
84 33 61
52 84 69
81 59 93
37 78 78
72 82 30
28 30 56
51 52 20
44 63 95
74 38 74
65 68 44
31 12 65
75 22 73
20 7 87
15 91 42
13 52 57
4 14 18
40 18 14
7 50 18
5 76 77
76 50 54
58 89 38
31 56 55
30 12 86
28 86 14
51 33 55
31 5 49
14 92 20
80 40 27
58 87 44
43 56 22
37 51 35
4 76 45
36 44 81
54 85 25
63 19 98
79 69 55
80 50 76
96 3 8
88 60 54
35 80 53
72 5 58
98 88 86
26 81 99
45 79 90
82 39 65
32 86 38
67 78 22
91 36 87
92 22 72
92 36 92
9 16 68
6 12 4
13 28 13
64 71 65
90 15 16
57 71 47
22 62 98
70 75 10
50 20 79
86 4 34
73 56 5
33 6 13
3 16 99
69 15 92
94 53 43
56 65 55
30 24 43
83 14 28
4 6 49
56 87 75
52 20 30
57 40 69
99 31 91
6 3 25
72 48 33
72 71 2
16 90 97
78 29 47
80 89 3
51 98 69
82 26 76
28 81 41
49 42 51
76 97 89
28 68 20
49 8 95
97 54 22
56 93 9
84 93 68
59 87 48
84 34 57
42 88 91
7 99 96
37 13 55
67 91 42
82 85 77
90 54 52
74 26 74
25 86 15
72 49 90
21 60 27
69 95 32
8 37 85
19 51 60
15 94 45
6 46 87
77 63 48
21 73 30
88 5 82
4 91 74
40 52 19
8 32 85
7 76 11
46 96 1
67 79 18
22 86 99
43 35 16
77 58 10
9 72 43
16 4 15
76 26 21
88 76 25
39 81 79
69 71 89
14 25 22
20 45 49
99 90 36
3 23 90
31 0 82
7 86 98
93 72 13
46 71 37
8 64 27
79 63 16
79 60 29
40 64 25
59 76 72
0 36 69
41 13 88
65 61 2
91 98 95
83 28 99
67 41 35
91 20 74
75 32 27
6 5 36
60 25 39
24 64 17
4 11 63
44 54 38
23 95 73
1 46 50
59 64 17
90 22 24
39 29 21
55 7 6
96 27 6
93 62 7
8 27 50
56 44 55
62 91 22
72 87 71
22 71 46
86 84 41
52 26 4
10 86 2
23 33 80
36 39 80
8 73 8
17 5 47
81 67 22
83 17 83
91 92 2
31 39 62
58 11 46
46 80 77
68 77 72
28 89 20
86 87 91
42 29 70
99 12 43
23 73 12
73 94 35
62 39 50
44 83 54
85 32 10
3 42 28
66 79 97
47 35 61
91 35 90
63 21 94
85 97 48
25 35 2
8 5 99
98 89 69
83 88 65
26 1 60
9 42 87
80 15 35
73 24 98
66 36 17
53 4 24
37 48 100
36 54 14
10 0 34
3 45 57
86 84 18
16 4 66
73 62 86
66 72 95
77 54 59
52 21 43
93 64 15
38 41 44
25 1 38
90 53 34
41 68 22
78 69 7
35 25 3
79 70 60
48 6 46
0 48 91
17 14 26
52 37 74
43 21 14
16 91 98
16 35 79
81 82 89
65 5 12
1 74 77
6 48 98
0 35 16
54 15 14
35 91 44
87 75 86
55 89 50
41 47 87
12 65 40
6 94 22
93 11 47
72 63 26
90 88 33
63 79 64
30 68 91
15 93 84
15 36 18
87 25 58
66 0 69
98 25 96
79 93 43
56 94 94
16 94 2
99 30 93
68 16 20
60 22 2
9 60 19
38 8 14
64 97 56
16 51 7
8 58 81
21 23 54
62 11 70
0 86 71
3 96 81
11 61 2
99 62 99
89 2 6
46 24 84
90 66 69
78 55 2
75 19 60
76 67 15
19 70 51
48 54 72
84 15 55
42 7 79
61 48 63
98 66 87
10 33 27
60 5 7
77 82 73
