35 38 27
71 7 21
56 54 75
74 3 68
32 62 7
31 15 51
94 83 19
86 38 77
79 36 58
36 47 57
14 36 54
37 90 51
67 66 56
23 7 35
61 20 45
38 99 5
84 89 63
43 96 57
12 85 78
48 41 24
8 75 41
43 17 12
70 27 2
40 27 52
37 23 91
60 3 41
59 62 16
1 48 47
63 75 59
61 41 91
98 0 55
83 12 33
6 29 55
67 41 31
7 14 98
91 64 40
42 71 81
23 6 91
44 37 20
25 72 22
30 55 31
63 27 42
50 56 8
95 4 35
42 24 19
85 47 49
35 39 10
31 81 79
3 85 25
77 44 41
69 47 31
66 38 5
9 31 64
25 53 53
6 92 62
2 16 96
6 98 14
94 40 56
35 48 96
26 10 67
62 50 3
42 29 60
63 14 19
44 78 43
8 97 15
77 35 38
82 64 64
0 61 58
87 5 33
11 53 85
20 47 15
66 69 3
61 47 84
26 57 61
48 84 20
29 66 25
69 47 60
65 5 40
35 88 84
80 87 71
91 35 21
77 34 97
46 60 33
58 71 6
74 75 93
96 75 22
15 10 50
1 84 14
58 95 35
34 90 73
41 13 43
44 87 69
56 51 97
55 30 20
91 80 22
17 38 80
88 69 62
27 45 76
52 0 11
12 96 79
89 12 45
25 15 6
0 71 6
23 19 57
54 35 55
59 14 36
36 25 96
24 55 29
62 32 79
95 83 88
98 39 53
96 78 92
2 89 48
69 84 94
50 92 4
22 42 51
50 80 4
6 84 95
26 28 60
72 92 49
24 64 71
54 32 33
6 29 11
6 41 72
50 56 33
93 42 28
32 29 65
70 61 97
57 39 97
31 93 6
91 61 4
58 26 99
8 41 25
84 40 77
83 79 75
32 81 1
66 50 17
15 36 31
69 45 76
87 84 78
39 37 69
55 16 8
67 7 90
73 5 90
70 67 24
1 14 22
54 94 70
95 14 41
70 0 18
22 29 71
16 91 41
44 50 31
55 52 76
65 6 67
69 15 92
7 99 78
61 88 23
34 1 90
94 92 4
57 65 28
49 28 88
30 80 36
18 69 61
97 84 53
75 67 76
35 22 41
1 67 14
3 35 2
8 65 65
3 82 72
94 43 34
52 73 62
8 45 4
36 95 91
13 41 58
25 72 93
89 81 85
75 66 66
82 63 60
64 97 82
88 81 37
86 51 16
86 63 81
26 99 5
92 43 51
14 72 64
72 95 15
27 4 54
0 83 75
6 70 17
39 95 21
8 91 95
61 41 19
26 6 4
31 57 39
91 59 73
2 45 12
3 18 35
14 65 21
7 49 46
62 93 45
91 98 99
30 12 21
86 62 49
88 91 51
90 51 36
24 23 59
19 28 94
41 66 25
67 54 37
76 22 93
97 31 19
19 30 3
50 52 30
64 83 47
14 54 61
69 83 31
44 65 39
3 25 16
18 88 93
4 54 23
13 87 3
44 96 71
12 50 17
61 60 95
54 79 98
60 94 94
10 24 98
29 17 59
26 24 52
37 18 2
42 13 68
18 49 60
22 64 13
35 49 52
33 7 45
87 50 56
17 44 31
57 59 82
84 31 21
96 49 48
30 10 36
62 80 74
38 41 71
72 99 34
66 34 26
63 11 80
12 44 13
25 19 48
74 87 71
48 79 93
50 12 50
37 0 28
23 72 41
66 78 81
36 43 70
95 2 99
34 96 84
88 86 1
97 63 76
11 24 19
32 56 35
37 58 33
5 32 87
5 34 61
87 4 68
50 54 58
60 85 18
87 35 9
66 39 85
37 69 16
25 85 66
24 92 96
3 85 47
16 24 76
34 81 96
97 11 35
23 53 7
52 15 47
94 17 53
17 90 92
83 43 26
82 56 10
82 51 28
99 78 16
3 59 53
30 60 86
47 57 99
36 59 3
4 20 14
51 27 61
73 3 38
36 83 29
75 27 31
18 55 7
46 4 30
13 8 58
12 28 5
15 25 11
78 9 42
6 47 82
57 62 32
19 76 66
96 71 21
42 51 75
1 71 91
56 47 65
42 88 88
40 22 30
37 26 98
8 61 15
14 43 90
16 90 2
7 98 93
25 72 74
93 69 86
77 57 51
69 61 4
62 92 52
28 19 91
34 52 88
21 30 3
10 66 30
57 47 28
95 50 80
7 45 89
37 81 81
28 15 4
64 21 39
83 72 20
28 24 37
29 30 81
58 25 87
37 63 38
51 7 58
47 12 86
70 64 61
24 76 28
18 29 42
70 74 46
7 63 97
3 5 54
73 91 93
1 74 92
76 52 5
11 67 87
26 30 33
46 16 96
54 69 97
70 64 46
77 21 86
68 44 36
57 81 45
44 86 59
94 78 86
20 1 89
57 69 18
94 71 78
27 28 70
79 33 53
0 62 71
91 25 30
32 52 80
0 16 3
91 46 64
7 46 44
72 29 89
46 58 69
94 65 76
31 17 2
63 57 72
77 35 57
31 46 44
90 56 27
11 22 40
67 5 39
31 11 53
51 43 30
20 30 3
30 90 80
19 22 54
39 27 40
75 36 100
45 42 69
20 55 7
82 7 38
55 83 36
47 21 6
42 31 33
26 91 69
43 40 42
3 77 9
12 86 43
86 82 97
56 72 44
67 33 83
18 58 79
18 31 32
94 0 70
96 82 43
5 55 94
3 58 65
27 34 1
0 87 51
99 27 31
36 41 35
40 93 25
44 29 59
51 76 38
18 65 29
37 16 92
68 38 36
83 60 37
71 93 45
92 60 52
72 99 22
81 33 53
7 74 44
29 69 20
48 9 27
89 6 30
85 79 18
29 76 67
44 76 5
24 6 97
61 0 38
48 59 1
99 31 18
67 60 94
62 98 22
46 33 38
91 30 76
76 82 64
70 3 51
9 41 87
79 69 33
34 84 27
30 44 87
90 91 40
62 20 66
17 80 54
94 70 12
41 40 61
97 15 16
75 27 87
16 29 78
22 42 85
32 42 72
76 93 87
46 96 85
8 16 79
75 58 27
8 96 92
9 1 86
85 45 47
86 22 89
97 50 20
55 47 12
95 35 72
57 22 98
26 66 20
79 67 20
39 68 14
55 87 9
11 16 41
73 88 24
3 6 57
46 25 74
67 34 90
25 85 33
10 19 71
12 39 39
9 80 45
97 60 68
15 71 80
81 25 87
62 28 61
86 89 58
42 98 72
69 72 99
39 92 61
72 20 36
5 16 15
54 94 4
74 97 7
35 67 9
3 80 65
78 32 53
68 75 35
34 92 88
47 58 36
99 7 13
15 95 50
47 88 46
72 92 96
96 27 96
85 57 71
24 42 57
53 32 18
36 11 16
90 84 85
76 55 32
92 84 77
83 63 57
13 29 19
35 10 74
20 53 77
72 71 30
51 72 42
13 68 70
36 75 89
65 89 55
66 58 70
55 98 20
98 70 36
91 25 62
21 19 4
35 56 98
49 43 93
62 41 37
78 80 15
25 87 59
28 50 33
58 77 26
74 88 13
28 9 66
81 32 70
11 62 95
41 52 86
47 12 60
93 25 3
91 22 11
62 35 54
29 65 74
79 60 3
72 57 53
32 56 16
61 52 60
18 63 38
54 67 17
18 57 29
3 51 48
64 43 43
95 83 3
29 40 17
92 40 58
70 58 85
41 98 28
51 7 60
79 89 17
21 76 65
45 84 84
80 17 66
63 33 5
67 45 66
59 24 46
31 1 100
16 26 78
38 11 81
14 88 17
46 40 34
0 13 14
7 85 80
13 49 42
36 94 12
8 24 38
76 28 47
38 32 100
4 50 51
75 74 65
7 1 54
45 57 56
52 85 40
33 53 8
90 95 7
9 81 27
40 22 19
72 42 10
76 94 44
55 2 78
21 9 95
56 46 36
55 2 94
49 72 33
35 85 59
78 4 30
90 43 9
19 92 35
62 46 57
61 80 94
82 89 79
20 1 46
33 47 59
76 41 57
96 0 88
88 64 42
33 85 98
43 80 72
50 47 66
56 20 54
31 67 62
33 99 95
42 67 2
79 26 81
12 45 92
66 94 17
1 38 8
52 19 4
75 74 80
80 74 53
47 20 35
24 95 42
64 79 77
38 96 78
68 21 64
57 76 14
74 71 87
34 22 10
21 63 87
78 6 75
37 24 72
15 33 19
59 15 42
33 68 96
24 16 82
80 78 19
11 50 54
48 8 7
5 81 28
27 72 46
55 72 43
7 26 65
4 87 55
30 64 21
5 7 26
68 70 68
30 56 45
75 34 80
94 34 94
72 44 44
2 88 39
31 28 39
78 25 73
33 32 31
2 60 64
56 4 18
75 79 2
9 91 43
73 93 86
37 30 42
36 39 76
13 50 4
17 85 43
64 88 84
9 73 49
84 58 93
53 8 48
43 20 8
85 49 32
9 36 8
81 50 24
15 52 7
59 63 60
56 26 8
37 6 33
88 96 35
98 89 16
44 63 33
3 39 33
55 20 84
88 89 77
81 77 52
60 3 92
7 80 59
66 88 99
8 42 55
71 60 68
89 22 79
19 97 26
41 18 68
18 11 50
59 32 60
19 15 64
46 88 90
30 96 88
18 7 32
91 33 46
67 6 91
19 56 3
72 8 10
98 91 92
30 26 17
52 79 64
7 2 38
46 74 55
38 3 37
61 79 51
9 73 87
69 2 2
4 49 82
71 90 97
62 87 24
40 96 43
91 83 72
37 99 12
44 16 1
48 64 76
2 76 60
97 58 55
76 52 63
28 33 14
93 44 40
13 82 92
13 85 3
55 74 5
37 51 61
30 1 62
82 46 73
94 56 61
20 91 42
68 54 20
60 86 64
20 5 68
70 68 53
42 68 77
7 49 33
86 62 72
70 39 86
74 99 24
21 62 100
53 19 85
88 84 31
49 3 85
84 79 75
48 73 87
41 64 61
9 58 99
10 80 92
1 57 3
89 6 79
92 64 66
63 77 15
8 64 30
70 43 86
29 31 23
50 93 87
52 8 85
44 62 65
1 36 62
32 43 55
86 37 37
93 50 49
83 95 75
91 92 96
29 93 46
32 89 53
10 5 21
19 63 30
67 43 67
22 94 6
24 37 72
51 40 85
6 87 40
60 66 46
16 14 83
39 80 47
74 92 75
40 72 51
45 27 37
17 42 36
32 69 70
43 42 97
49 44 61
62 44 30
37 19 67
31 30 100
9 17 17
16 89 63
5 24 23
35 34 97
15 65 28
62 51 72
51 64 36
37 88 33
18 57 44
65 69 36
73 78 41
44 77 38
71 67 78
5 66 46
88 86 4
95 7 41
41 42 46
79 94 52
54 10 79
17 75 99
99 0 44
19 21 17
9 43 76
87 34 15
86 40 8
1 66 94
64 82 52
0 1 58
45 26 18
87 79 14
2 36 99
12 40 100
17 73 82
7 86 31
82 81 38
67 26 55
31 70 57
21 12 63
2 73 55
95 12 86
16 79 31
59 50 81
77 63 19
96 5 22
13 54 51
19 31 98
77 94 38
63 84 88
97 5 19
76 35 28
12 43 64
55 58 51
67 49 44
68 43 71
34 66 64
9 52 73
3 26 42
56 41 55
87 73 62
96 44 32
77 59 86
9 25 26
70 44 90
72 18 15
66 91 90
7 51 85
25 46 9
49 92 20
98 17 35
10 27 87
30 19 90
9 70 4
46 78 74
4 22 86
47 58 25
22 84 12
48 50 6
73 50 11
66 6 18
97 49 46
10 34 19
76 15 97
90 17 98
75 97 76
26 57 75
97 86 22
97 98 29
3 97 83
0 29 78
1 24 71
97 22 36
77 46 87
92 17 99
27 91 77
83 71 94
27 7 67
35 45 82
41 25 61
15 93 20
45 31 25
96 10 18
3 25 28
83 73 11
95 76 77
43 33 39
42 68 24
15 43 36
2 0 91
38 16 58
14 58 9
81 95 46
16 42 51
41 56 97
90 78 35
59 81 43
46 88 60
1 30 58
65 24 97
77 47 47
72 86 21
86 24 88
63 64 14
2 43 52
88 83 96
8 95 80
65 16 56
39 34 6
11 37 68
15 99 15
94 31 24
35 51 99
70 81 39
87 83 28
28 70 68
66 78 45
53 85 34
24 80 69
95 5 64
0 11 64
79 33 14
80 29 55
21 59 4
6 94 36
13 36 60
78 5 67
58 94 22
76 9 15
53 3 44
27 61 82
50 97 81
71 83 74
31 37 41
20 81 12
66 61 17
74 12 25
42 39 88
79 78 21
28 51 2
4 72 41
18 8 88
80 10 80
92 29 53
32 73 15
1 60 27
3 75 24
25 56 71
84 42 34
44 77 37
99 14 35
68 97 5
13 8 51
60 27 98
6 97 94
95 44 20
53 87 39
67 22 5
53 8 16
37 57 69
64 34 46
66 62 79
4 98 50
70 19 9
77 92 4
93 58 40
83 14 11
51 15 44
20 61 85
74 62 67
28 65 21
53 62 27
72 98 8
49 87 49
20 72 83
15 52 65
62 29 15
68 74 37
16 99 19
30 4 67
30 39 25
56 69 48
9 71 13
72 4 8
7 55 45
29 42 34
25 15 47
16 6 45
62 84 56
68 61 41
38 73 35
94 87 65
32 80 100
79 57 93
29 24 51
11 88 77
8 94 43
81 88 14
55 33 47
13 11 14
52 38 6
31 0 31
55 65 25
46 67 32
21 39 89
79 2 89
92 31 47
66 71 44
22 44 13
89 82 35
83 75 81
66 6 9
30 84 62
48 65 100
26 7 51
99 95 9
21 1 76
63 10 58
40 20 93
76 97 51
65 24 2
17 72 14
44 40 10
2 98 61
23 40 20
10 41 31
5 60 20
70 81 37
61 48 46
8 96 15
83 34 81
13 91 60
92 15 25
39 89 2
89 30 72
12 15 63
53 55 26
90 38 54
11 94 67
13 14 65
52 54 67
75 39 80
99 74 81
87 85 62
85 58 34
81 68 45
1 70 1
62 5 36
4 16 6
60 23 27
63 71 16
19 61 31
50 40 29
65 40 87
40 38 68
12 52 54
62 63 91
45 72 64
80 78 54
43 78 21
18 22 69
54 62 51
29 31 82
22 57 46
83 68 22
69 75 73
75 70 96
18 33 91
67 98 92
27 84 56
16 20 58
33 40 24
83 93 59
15 24 73
73 18 24
78 48 81
19 95 44
70 34 85
48 62 41
15 83 41
81 99 99
45 83 99
98 44 66
10 59 78
98 72 19
64 6 87
5 96 74
4 55 26
8 28 8
95 68 3
49 51 51
39 60 70
61 72 27
84 25 56
77 63 38
33 98 34
36 79 67
88 23 16
1 68 24
7 3 3
62 49 46
88 81 55
88 55 82
45 91 89
79 9 43
1 7 52
64 39 53
29 97 54
7 67 50
33 17 6
18 59 63
95 60 57
28 41 65
28 97 67
86 63 31
35 16 7
26 2 58
98 87 86
11 7 88
46 42 68
26 45 50
74 32 69
58 34 48
3 97 9
44 19 58
25 11 95
93 8 49
14 8 81
84 87 53
86 73 60
48 10 4
87 55 32
13 80 22
2 12 6
95 59 19
49 44 79
26 69 52
37 11 28
30 79 5
2 32 27
24 78 13
6 44 29
22 65 4
43 8 5
13 19 91
28 67 43
90 43 27
45 35 79
94 41 14
50 55 4
79 34 58
99 65 29
13 72 46
58 60 10
80 21 7
72 13 58
12 4 20
7 36 99
18 78 79
84 60 54
88 69 65
80 30 67
87 75 78
74 88 13
71 66 76
96 92 85
70 40 48
93 68 55
15 23 79
27 21 33
72 85 74
5 21 99
73 55 20
95 9 96
6 51 93
86 41 2
23 80 73
86 22 8
64 8 78
92 4 44
37 33 93
41 95 43
1 8 5
26 33 34
21 74 98
37 71 6
48 41 12
4 62 59
31 64 25
66 31 87
23 79 97
55 77 82
37 93 16
60 93 36
11 84 69
80 51 73
76 55 92
59 67 44
46 86 21
98 71 12
88 21 62
78 4 19
41 82 70
81 73 49
59 18 73
48 19 9
53 18 4
97 7 4
76 29 67
12 73 92
77 24 91
32 53 59
88 7 72
26 27 48
5 85 56
31 41 23
5 19 24
4 57 82
66 41 7
67 95 86
12 17 44
7 54 61
7 93 81
32 17 45
5 66 57
7 3 11
8 48 100
17 97 90
97 84 53
26 68 38
61 5 7
34 88 71
87 96 79
24 29 91
99 17 30
75 66 47
12 91 1
4 89 82
15 20 12
6 24 30
43 54 30
31 72 37
12 68 12
80 3 20
1 53 54
22 4 63
19 49 40
50 38 91
2 75 42
96 7 45
18 2 7
83 92 49
81 34 13
6 19 11
39 98 3
46 24 65
33 6 56
61 27 96
21 60 53
12 87 83
69 24 80
18 50 44
49 29 21
19 88 55
90 31 53
28 3 92
12 83 10
51 54 27
12 95 43
20 24 53
77 18 10
35 30 92
11 47 16
60 9 32
18 78 79
79 75 25
62 11 34
39 14 9
48 90 41
92 85 78
42 58 80
52 94 36
36 77 35
18 93 3
43 13 19
52 12 37
61 37 42
47 24 38
79 0 96
89 55 64
76 37 11
48 99 78
7 35 23
35 25 66
94 71 94
70 76 92
20 31 59
10 81 69
27 37 30
48 34 35
41 72 81
77 85 46
12 60 41
65 3 50
67 50 70
20 19 20
30 4 69
44 16 73
43 25 95
39 61 55
82 83 9
30 33 57
79 18 92
45 23 39
34 1 70
91 59 100
17 68 28
3 56 56
69 81 22
54 2 82
94 28 28
38 53 7
19 63 36
87 39 85
54 65 36
61 11 95
96 42 91
20 8 60
93 39 7
19 33 9
98 13 50
20 61 51
65 63 11
74 42 74
18 53 92
59 90 23
40 5 12
92 0 20
23 81 88
2 95 58
22 90 79
87 93 12
51 59 39
85 59 53
35 6 99
29 8 91
60 43 69
45 65 26
86 89 79
85 1 99
76 19 16
65 66 77
23 29 3
41 2 70
13 14 28
18 36 3
20 45 73
53 76 11
19 38 73
8 37 19
99 29 21
33 38 49
71 52 91
74 10 66
59 55 74
96 49 48
76 94 35
57 7 25
92 60 68
29 38 26
66 25 7
69 85 96
37 19 49
63 19 39
23 29 8
73 97 86
70 4 75
12 64 46
43 35 100
27 77 49
37 82 16
82 18 88
57 98 59
39 85 61
81 77 82
39 84 46
47 82 67
29 53 17
17 50 99
35 66 47
43 69 64
58 35 29
66 31 85
53 44 29
3 72 54
54 59 35
88 87 92
7 31 46
74 6 61
54 23 29
92 67 80
98 69 67
23 20 96
13 96 45
71 68 17
26 54 88
2 38 47
54 39 24
28 54 50
35 95 41
11 97 94
93 34 11
47 37 58
2 32 18
95 67 67
73 19 85
81 66 99
67 49 15
97 95 84
22 54 42
53 17 93
23 43 44
56 54 98
51 63 98
78 39 67
50 11 4
77 43 19
77 3 70
67 4 41
35 72 79
45 2 75
64 45 91
51 38 61
92 59 10
76 10 29
63 1 6
69 57 37
38 36 51
13 45 60
51 64 63
4 78 22
65 46 83
15 61 61
19 64 19
82 38 10
21 79 61
12 72 57
3 63 84
35 62 12
29 56 96
10 65 36
51 43 79
9 86 60
65 12 33
18 50 17
43 49 2
66 44 96
92 44 62
74 71 66
62 82 48
60 61 94
72 40 44
3 29 52
88 86 7
43 2 52
46 30 8
88 7 19
69 21 5
37 69 10
25 83 89
6 54 97
77 26 65
58 77 16
95 81 61
55 10 70
11 61 10
23 86 84
6 5 64
0 91 25
93 26 96
81 46 55
22 53 12
16 22 3
56 18 84
8 35 46
20 57 26
63 27 23
88 32 16
2 25 85
14 88 90
34 5 85
96 87 49
67 86 10
42 94 98
24 67 35
21 40 51
78 62 94
97 44 26
19 48 74
38 96 95
76 98 58
0 71 95
42 56 24
10 98 51
6 56 85
17 90 82
43 92 36
91 45 49
42 25 68
6 42 65
85 19 10
82 66 46
25 61 38
98 24 72
95 39 70
41 38 67
52 95 48
1 38 62
73 18 96
32 93 6
61 73 54
69 42 12
65 31 50
57 38 11
66 2 89
44 4 33
6 73 17
12 93 7
39 76 54
87 23 6
64 94 11
50 0 69
4 64 84
21 97 85
32 30 39
88 98 61
4 56 22
68 46 94
5 34 24
66 43 12
5 19 37
49 63 28
60 93 15
85 56 28
58 35 53
47 23 17
96 31 39
44 75 75
44 87 70
7 63 52
74 31 52
30 44 18
95 52 87
84 4 42
39 41 78
23 42 54
9 99 69
46 38 24
84 54 8
41 28 55
89 63 69
53 11 28
32 20 40
37 24 36
46 39 81
45 43 34
34 73 70
67 42 22
4 24 10
20 33 21
7 65 82
98 43 93
75 9 18
16 64 11
7 66 57
56 25 81
83 79 45
75 78 62
11 80 44
55 44 78
21 88 78
9 17 90
54 17 3
13 35 72
31 68 44
85 59 1
53 94 49
19 12 55
72 48 55
7 92 77
66 52 80
97 30 55
11 63 97
98 37 36
1 55 40
65 45 26
98 18 39
63 81 73
15 10 81
86 60 55
84 43 25
6 27 43
76 68 69
16 71 92
78 39 37
53 66 32
87 70 46
71 8 80
99 90 80
87 17 49
77 76 17
28 56 91
30 36 17
54 80 13
78 6 64
8 19 70
34 29 67
62 40 36
84 41 87
21 73 55
71 1 13
39 71 1
79 81 88
74 61 55
55 35 34
98 36 3
23 87 70
39 59 92
76 25 55
11 17 58
57 51 83
90 86 86
27 86 59
5 31 86
21 83 69
81 20 93
71 87 93
55 47 87
48 53 25
94 37 52
57 30 89
28 75 84
98 84 90
50 23 94
28 77 29
84 13 64
10 18 55
29 69 58
38 88 12
7 0 6
30 95 96
89 60 17
89 11 21
90 1 45
84 22 73
57 95 15
48 60 74
36 68 58
42 61 61
7 46 58
21 40 97
9 88 14
34 48 93
71 54 25
11 32 92
47 55 52
13 62 74
31 88 73
6 2 33
3 58 62
35 0 3
49 32 95
7 42 60
2 17 40
1 34 4
34 82 58
7 40 60
62 50 67
63 49 67
93 46 99
88 36 40
95 24 70
83 87 9
77 90 64
27 64 5
0 35 96
38 74 24
49 35 14
56 6 1
38 82 30
48 62 36
3 91 25
98 84 55
75 35 71
83 26 3
40 10 4
25 4 42
71 62 43
1 23 51
89 83 15
20 21 60
15 35 60
43 94 12
56 8 73
19 4 86
2 16 65
16 44 59
64 11 67
66 82 13
92 70 85
26 96 25
65 12 18
58 71 49
60 59 47
25 10 2
97 53 1
27 89 23
66 33 47
43 84 71
15 80 37
46 63 73
30 42 95
0 74 18
41 88 31
5 45 49
40 20 89
26 95 98
58 96 40
34 24 15
48 91 7
45 79 14
2 17 28
53 27 14
58 33 1
58 1 39
10 27 41
27 88 9
39 70 22
65 85 10
45 15 91
29 21 75
56 7 34
26 16 19
68 36 44
49 60 24
96 25 89
77 92 65
83 64 2
32 90 36
45 11 10
58 10 92
92 21 33
76 41 67
39 65 32
49 99 70
32 61 44
20 76 46
81 3 8
45 80 1
98 20 100
62 83 33
81 74 79
20 23 25
84 45 19
85 29 100
12 97 39
0 26 13
66 57 63
58 22 1
28 97 38
5 42 41
21 20 11
10 52 18
24 79 84
32 24 88
9 44 49
37 97 60
14 36 30
3 41 63
71 16 14
49 90 7
4 28 67
26 14 27
37 46 2
38 2 35
58 47 13
59 47 95
45 90 79
74 81 9
28 52 91
17 52 66
13 87 20
2 14 76
35 55 3
72 68 97
38 96 40
40 69 36
79 51 3
62 10 12
40 4 65
19 86 93
36 13 8
48 96 23
53 47 64
29 98 24
94 88 2
53 15 76
2 54 87
83 52 95
75 74 12
67 13 40
29 81 78
44 80 82
98 5 76
57 13 8
42 23 60
36 64 23
58 71 48
50 85 1
67 30 48
56 68 22
15 40 15
58 83 88
47 6 8
17 4 58
10 90 7
80 6 41
48 93 46
70 17 41
80 33 64
83 61 50
63 58 70
66 65 46
83 34 82
59 97 89
40 31 13
33 97 83
16 18 16
41 79 6
67 20 83
95 40 45
66 1 80
58 88 35
38 94 5
44 5 68
65 41 92
32 13 31
43 77 30
67 70 9
32 43 35
94 5 29
50 26 69
15 57 45
56 14 10
96 94 95
72 36 40
0 49 85
17 43 22
12 21 13
46 90 45
98 54 87
63 86 2
68 61 53
32 74 74
72 46 40
86 83 90
52 14 18
70 86 91
12 39 38
96 4 14
67 76 100
58 36 86
99 53 68
48 23 18
23 51 84
25 72 16
64 85 14
24 72 83
2 6 19
12 30 70
83 77 17
31 54 59
80 91 26
70 46 15
45 71 63
97 95 31
10 33 94
67 77 56
89 14 81
48 61 45
56 30 94
69 61 83
90 4 11
28 35 46
65 17 83
63 48 1
84 57 23
69 22 29
21 76 26
92 49 54
93 44 49
81 78 21
40 47 61
13 57 83
69 68 42
96 93 90
49 96 47
38 83 82
70 39 90
70 87 10
29 35 70
64 60 71
71 0 80
4 27 52
31 79 53
56 5 52
35 76 2
48 22 14
21 63 23
81 33 92
15 13 80
80 62 56
9 87 31
83 90 33
36 26 11
68 62 2
61 75 5
28 8 99
22 47 86
99 9 31
5 53 30
17 91 69
87 58 28
58 45 4
32 7 10
96 68 66
8 6 68
23 82 87
32 96 75
42 51 21
21 89 98
13 79 15
33 81 5
50 64 24
15 89 47
31 57 16
5 4 60
16 95 54
37 75 16
75 95 6
17 95 71
68 15 12
44 95 46
8 50 30
85 44 8
22 0 55
81 92 98
91 67 18
92 74 84
79 63 12
98 41 13
97 26 73
83 88 90
98 15 9
35 70 38
68 70 15
38 5 91
23 9 27
61 72 53
81 49 39
99 77 33
58 69 21
69 63 25
79 80 57
39 32 53
36 39 77
54 22 87
67 11 49
17 97 56
94 61 36
57 47 62
11 17 60
61 2 24
91 44 68
4 74 66
9 2 50
98 53 55
50 37 44
40 73 92
29 11 93
43 72 60
7 16 26
38 51 31
94 92 4
88 19 60
74 45 63
45 0 87
83 17 84
76 11 28
16 27 65
20 55 79
27 62 97
28 67 75
88 44 42
11 88 50
56 70 69
40 70 32
69 30 90
92 89 88
94 19 1
9 8 95
13 63 18
94 49 50
42 71 21
81 32 92
67 20 17
0 63 80
7 33 10
86 81 58
50 15 94
36 7 93
0 29 82
10 53 26
62 98 98
36 3 3
93 55 6
48 10 6
33 53 29
34 95 23
43 66 14
28 44 12
1 75 34
5 86 84
89 94 5
54 17 75
14 70 21
32 22 27
54 35 41
92 34 99
19 7 43
79 49 60
76 88 11
85 58 67
49 13 87
82 95 49
29 54 10
7 38 66
85 54 64
9 12 19
87 82 36
82 31 37
0 9 37
29 76 5
87 1 52
0 37 32
40 2 53
45 64 36
90 81 91
17 21 51
41 83 49
42 57 58
6 69 37
87 65 41
9 64 27
33 76 49
72 31 67
22 83 27
27 57 49
68 13 59
35 11 72
26 72 79
72 63 71
72 78 38
42 48 61
59 56 40
44 72 14
12 93 5
30 34 70
96 64 58
35 57 94
91 73 98
35 6 18
29 24 35
34 58 83
49 94 84
17 7 75
85 23 21
6 46 29
9 52 10
3 2 68
82 1 20
49 14 18
6 58 22
64 77 77
36 59 91
69 11 41
72 64 60
38 82 17
94 34 18
74 23 24
2 42 63
61 66 2
6 82 95
11 73 74
5 40 82
61 85 58
67 82 3
24 34 8
97 0 100
11 85 77
64 10 78
15 48 34
37 35 85
83 31 28
56 93 62
42 86 10
13 92 23
2 96 62
40 3 26
65 77 4
82 74 48
79 23 97
43 75 34
94 74 88
70 71 61
6 5 67
15 22 2
41 33 25
2 26 40
87 28 46
98 56 37
98 86 56
9 91 10
45 68 59
89 11 34
41 55 41
51 83 82
92 2 35
27 35 52
11 71 22
20 74 3
95 82 13
75 7 2
72 71 91
68 77 52
8 87 75
27 97 35
7 51 84
35 32 76
11 51 1
80 5 10
24 46 65
0 44 8
38 52 68
62 15 34
98 52 41
84 22 13
48 11 76
13 35 69
70 7 22
6 95 43
46 16 77
22 56 67
13 40 57
97 88 35
83 7 72
80 72 50
10 63 12
59 35 84
76 30 17
28 97 5
55 1 63
16 61 87
19 80 98
52 69 62
56 67 56
94 30 92
77 10 22
24 74 49
63 1 19
64 90 18
38 72 92
65 44 46
91 37 49
73 70 99
61 83 59
24 79 31
72 94 26
13 95 84
78 11 75
64 81 40
45 36 98
72 0 64
48 8 35
8 84 12
24 46 50
51 82 23
22 6 38
87 6 5
24 31 12
36 57 79
53 98 21
86 13 60
1 66 15
1 87 96
78 52 10
88 39 43
29 17 13
84 61 37
58 19 22
9 40 40
16 25 91
22 15 67
79 56 53
41 62 63
5 65 32
34 47 21
20 35 3
48 74 31
11 20 4
37 45 41
21 75 44
20 36 7
58 65 31
57 19 44
76 65 13
47 98 72
79 42 25
7 25 45
4 82 53
67 31 75
85 78 44
86 61 92
87 38 23
83 35 57
91 89 77
74 68 1
4 88 26
27 99 82
42 96 62
70 60 54
72 11 44
12 86 8
40 70 25
19 22 20
22 42 89
0 38 41
42 69 42
49 37 15
17 37 47
38 94 12
79 43 5
59 1 58
85 89 59
81 5 65
59 86 27
99 98 94
91 75 54
58 4 83
58 31 36
80 20 36
62 9 54
40 73 92
70 99 50
30 92 50
55 49 56
52 99 80
88 50 14
92 49 51
89 99 19
18 43 26
84 94 35
64 9 92
46 30 16
63 29 93
13 52 76
43 80 53
70 82 29
1 61 3
43 47 62
12 51 96
22 33 48
73 37 21
44 38 40
56 90 53
94 52 44
56 51 99
13 79 32
48 28 66
47 54 27
42 80 85
90 30 26
67 0 26
8 73 63
20 83 91
29 51 72
98 28 85
72 32 96
45 25 74
64 62 92
91 58 23
5 93 39
0 30 49
31 69 99
82 83 90
40 87 33
48 21 83
65 56 68
60 85 66
40 72 51
40 78 54
71 13 13
25 53 53
67 83 17
10 52 14
98 66 82
36 45 76
87 76 67
41 30 80
43 32 86
27 40 69
34 29 3
76 74 19
25 50 47
40 4 41
29 64 81
9 10 97
14 19 39
0 98 54
71 43 6
86 56 73
51 84 25
82 90 27
19 94 68
90 97 57
10 23 31
9 57 25
83 87 23
40 26 39
67 78 13
92 11 83
12 17 52
26 1 58
11 88 91
6 86 29
22 66 47
78 95 67
33 42 93
98 22 37
74 30 52
42 59 17
58 81 39
16 60 62
23 5 63
74 44 47
76 92 84
90 85 91
42 60 81
79 45 65
88 33 67
51 47 88
2 46 54
46 37 67
41 33 97
58 86 100
48 86 36
59 98 42
45 54 23
27 17 72
41 58 71
36 87 28
78 24 64
3 53 92
6 99 85
38 6 58
11 24 100
78 64 52
57 22 53
67 85 36
13 50 11
51 16 65
57 64 75
74 9 26
5 74 17
11 19 6
47 37 62
85 72 79
87 6 76
54 38 2
88 92 37
9 44 88
92 78 52
35 49 80
3 88 14
43 40 79
10 72 38
15 93 86
64 94 97
71 87 49
57 11 15
14 62 55
81 79 73
10 85 81
56 72 64
6 97 84
73 12 52
33 14 27
54 49 79
93 66 7
3 57 96
86 79 46
90 75 47
62 83 76
96 47 96
98 4 51
13 6 77
8 32 76
37 27 53
21 7 38
10 35 87
64 92 79
92 57 67
83 43 82
62 86 37
60 89 57
13 61 91
48 17 29
95 98 54
92 72 29
51 88 93
31 95 2
46 30 54
97 56 7
96 63 68
98 16 80
16 86 25
93 63 57
87 18 74
58 36 17
29 91 30
28 76 57
16 17 56
27 25 24
32 24 82
97 56 18
57 28 15
24 96 87
9 87 15
16 37 96
33 20 84
6 37 100
98 56 85
59 30 50
73 53 69
22 46 95
12 25 39
67 88 67
57 99 11
96 7 65
30 6 72
23 38 53
96 70 14
26 11 20
83 39 81
8 30 23
80 94 5
78 20 89
41 89 100
76 64 29
82 75 44
66 88 47
95 46 43
17 10 51
1 78 100
94 87 69
84 50 78
10 19 67
46 54 56
20 34 35
35 7 83
78 37 23
71 39 2
60 58 25
21 68 63
80 33 99
58 53 5
77 90 14
93 43 22
58 92 83
62 64 94
81 83 16
12 52 61
5 96 82
1 99 35
9 18 41
93 26 56
39 38 24
24 67 67
37 81 22
9 97 40
74 0 98
74 7 72
31 71 30
4 50 67
74 36 36
61 90 40
79 69 47
88 72 86
97 35 2
72 69 35
76 9 82
71 11 92
85 64 17
67 6 23
70 49 62
0 28 4
18 20 86
86 42 77
24 10 59
71 15 42
51 3 97
44 96 59
9 77 76
97 57 27
81 61 20
4 79 71
79 68 74
31 63 99
51 47 13
92 23 95
31 66 72
7 59 85
24 78 54
73 16 68
52 31 42
17 10 73
66 42 61
84 31 61
66 42 41
97 11 18
51 12 45
7 25 12
43 53 29
82 60 59
7 50 88
58 27 71
40 80 1
63 71 12
0 49 99
95 26 13
59 55 63
39 49 50
83 74 56
33 22 2
65 18 86
80 59 38
66 17 98
7 56 74
73 54 43
13 50 46
85 96 47
67 43 65
67 19 91
10 46 44
21 41 8
98 42 79
21 2 85
78 5 85
23 82 54
98 38 68
19 91 62
26 40 97
61 59 12
59 86 71
39 92 36
52 7 2
7 98 93
70 13 48
3 57 68
28 0 1
34 28 89
93 88 39
99 57 100
16 46 43
12 17 70
29 75 8
53 54 72
13 70 30
38 61 69
45 30 75
37 70 92
42 76 48
17 7 27
79 23 77
5 39 83
11 46 90
88 53 96
55 80 27
6 66 99
43 50 56
36 94 65
89 36 10
39 21 80
48 80 35
60 93 25
51 45 26
43 44 43
82 63 63
91 95 73
52 32 66
34 7 63
60 49 90
85 81 97
33 29 69
18 39 70
44 18 89
94 32 58
21 94 75
99 46 73
87 90 78
9 58 41
57 6 10
45 37 46
66 44 62
98 15 59
41 63 51
41 37 76
72 44 30
0 13 97
67 59 64
66 26 62
12 28 22
81 92 24
1 92 8
68 4 99
6 97 54
5 7 43
1 79 19
48 31 35
82 25 98
57 15 95
87 54 19
32 72 2
11 63 50
70 93 100
90 96 39
87 84 63
89 3 6
40 17 94
67 27 97
4 12 14
34 66 29
79 89 14
17 49 34
65 59 67
57 80 97
66 32 71
43 25 68
20 61 9
40 25 30
94 52 6
93 69 91
6 63 34
62 87 51
99 98 89
26 91 73
97 37 36
82 48 48
98 96 26
99 13 84
92 93 94
60 74 46
68 67 42
56 14 42
85 29 73
49 79 25
96 58 61
99 87 96
94 19 41
34 71 58
67 15 46
90 70 26
9 86 32
17 12 98
3 46 45
72 99 11
3 93 67
59 95 58
91 24 64
80 41 80
1 53 69
43 89 10
78 58 78
89 80 37
19 23 17
9 13 18
49 93 89
58 49 32
45 67 75
75 5 87
23 88 100
1 59 76
32 5 39
65 50 64
39 65 35
57 5 50
96 6 54
99 10 100
74 45 83
57 33 79
96 84 37
20 65 100
69 59 94
79 24 37
88 54 87
15 8 57
58 27 47
37 91 28
52 27 12
34 10 56
75 5 71
98 86 90
51 70 77
80 97 55
73 84 21
72 80 52
45 31 92
23 2 37
4 94 71
46 97 3
78 97 33
94 57 58
31 37 2
5 88 86
35 31 78
65 8 13
70 71 72
91 36 81
72 46 48
86 26 30
15 37 86
51 85 64
53 41 30
1 88 27
43 2 9
93 27 7
94 57 27
77 64 36
24 44 21
94 60 94
22 24 4
38 10 78
97 87 69
1 49 26
91 96 13
64 32 74
37 13 6
49 8 58
44 93 10
49 90 83
4 74 7
26 36 88
67 12 22
31 64 87
79 92 38
90 68 42
83 2 89
81 90 48
45 61 46
93 60 80
77 3 31
44 40 90
34 31 23
32 53 82
63 59 21
52 82 46
0 6 14
76 6 59
43 39 86
44 90 62
5 95 40
92 34 42
84 39 16
56 10 4
37 1 98
55 76 28
11 30 77
50 88 62
12 36 38
18 16 83
34 47 35
96 78 41
4 34 88
72 33 91
44 22 12
68 54 64
61 53 70
22 8 6
14 52 100
64 55 48
34 42 65
29 51 81
2 60 19
63 11 92
84 70 22
80 26 51
61 78 53
67 72 44
84 69 73
72 89 1
64 10 69
62 94 67
70 88 87
0 38 82
54 63 92
90 1 9
61 25 96
18 16 75
63 3 82
24 23 19
9 62 68
65 21 11
58 89 25
26 29 33
45 63 35
23 49 47
60 10 54
39 65 19
33 9 87
58 39 91
63 97 88
58 35 8
41 74 92
62 57 100
27 22 57
94 50 31
59 38 99
38 25 75
83 34 84
40 38 12
4 51 37
97 3 11
1 61 56
38 95 67
45 6 51
84 46 23
33 72 35
61 36 32
86 55 46
30 22 93
54 51 42
27 73 95
69 4 89
59 84 63
72 88 9
16 92 39
60 22 91
50 8 60
57 86 61
95 31 79
90 68 76
49 60 39
63 41 94
20 68 37
7 13 28
68 54 61
20 41 15
48 98 75
11 61 70
47 94 73
8 50 48
69 47 51
17 39 43
60 43 38
41 29 6
29 44 90
87 14 87
13 39 52
45 10 74
54 68 2
92 83 50
47 49 7
96 26 8
32 38 18
79 83 85
21 17 29
86 50 85
19 91 91
35 70 44
81 48 56
67 9 88
80 22 53
4 72 98
48 35 17
7 27 46
43 68 14
4 27 44
48 95 35
49 75 16
67 83 8
34 71 26
38 39 51
23 81 57
46 19 6
85 14 65
26 37 5
9 77 6
87 9 61
77 76 56
61 55 17
10 72 86
42 55 18
7 11 49
2 69 61
45 17 4
83 58 51
19 47 80
37 29 63
41 59 67
44 10 65
30 38 89
72 43 58
67 78 17
98 0 52
68 51 40
47 56 92
89 88 76
27 99 33
39 45 87
32 2 75
96 67 18
45 41 28
10 59 44
29 25 35
84 76 84
18 45 37
30 2 70
34 97 33
44 59 1
48 86 100
10 99 1
19 27 18
32 42 22
48 50 86
74 28 97
62 23 82
44 88 98
0 85 83
65 27 71
53 24 92
67 16 49
63 54 12
53 10 64
64 23 38
85 35 50
65 36 96
29 77 80
58 6 42
34 50 20
7 90 84
10 77 75
91 89 45
62 0 7
36 68 10
58 62 59
54 35 4
71 57 4
58 46 100
13 97 41
4 64 69
71 53 87
60 31 81
6 8 2
6 3 56
28 77 38
86 55 4
3 87 79
59 38 43
45 95 42
40 67 77
22 51 6
95 69 68
17 44 94
95 46 6
51 79 79
64 32 42
92 34 12
73 89 98
67 12 10
97 86 71
71 92 63
28 68 97
47 49 75
82 48 29
82 4 84
3 32 51
2 11 44
74 11 86
0 60 49
45 37 59
5 66 12
93 40 11
17 96 72
48 36 38
77 47 92
63 42 66
0 72 38
21 18 13
4 11 35
94 87 16
1 26 39
98 32 41
97 77 56
73 82 39
92 79 74
21 15 41
17 79 84
40 92 84
8 28 2
31 45 42
86 82 63
76 12 1
66 8 76
57 10 14
23 80 15
92 13 6
2 77 65
90 45 37
79 72 31
5 51 73
43 59 76
16 7 94
44 9 50
17 12 17
55 89 12
46 5 95
24 27 63
35 42 28
30 91 7
24 90 10
10 56 78
82 40 1
52 57 22
73 72 16
18 79 86
12 33 73
2 82 18
60 97 98
43 36 42
17 77 76
10 21 10
1 35 66
19 87 2
27 68 57
68 46 4
92 60 8
42 74 15
41 50 88
46 72 65
2 15 52
76 98 47
64 8 58
52 96 83
11 91 81
48 74 66
46 89 3
44 78 10
24 10 23
9 37 14
28 81 34
32 95 32
33 80 25
68 66 38
24 51 89
81 35 7
87 55 1
54 66 99
56 31 27
33 5 1
73 95 65
29 72 33
15 94 44
30 97 50
93 54 76
9 52 20
86 97 56
86 15 37
51 45 11
31 67 26
62 22 53
91 81 69
45 50 79
5 36 88
17 58 27
27 11 13
34 22 43
94 54 18
62 49 94
9 64 3
89 44 14
11 77 50
63 12 76
47 11 41
9 8 27
0 65 45
11 27 24
73 94 38
67 1 28
8 9 40
21 79 31
84 39 43
84 30 18
86 17 44
45 15 90
67 92 91
22 88 32
24 93 33
12 73 21
82 88 15
86 34 32
28 97 75
73 62 65
48 13 94
78 25 92
24 66 65
65 89 65
75 98 17
63 57 71
3 0 66
71 93 59
50 14 62
21 12 84
10 17 13
58 21 5
12 34 4
16 30 93
98 68 64
49 27 32
76 81 83
42 77 29
69 59 44
43 34 35
36 52 82
1 8 69
95 52 4
25 21 99
6 8 1
72 16 22
90 55 72
26 43 83
59 2 92
82 59 36
63 49 79
4 2 55
69 12 34
39 20 17
99 75 80
24 57 76
96 34 55
35 23 37
95 62 55
19 9 39
10 17 45
66 90 20
97 6 68
69 36 2
57 96 21
31 82 86
55 67 6
4 18 1
87 55 27
27 10 95
66 95 99
97 89 58
32 13 80
8 29 18
60 18 66
63 81 31
27 78 81
2 54 36
26 52 50
53 84 45
87 71 37
53 8 13
26 73 54
50 31 66
76 4 66
98 45 23
69 93 66
0 6 41
63 47 40
6 10 52
73 19 82
14 67 34
35 86 15
91 16 59
29 67 97
11 38 17
3 78 49
71 1 36
54 91 58
96 64 4
17 7 45
10 64 68
39 30 58
2 7 12
12 37 3
72 20 50
53 73 93
33 63 29
2 14 73
37 34 67
26 93 32
17 79 83
37 30 6
9 59 58
44 45 92
55 6 9
17 23 86
41 73 22
5 8 83
73 0 53
24 97 1
83 4 17
61 99 48
47 60 1
69 62 45
29 17 57
60 49 36
85 77 32
53 24 11
16 54 66
6 86 78
49 19 34
47 61 22
28 26 7
41 89 7
86 8 59
76 52 5
85 37 31
15 49 65
12 3 64
9 66 83
27 95 51
54 55 18
92 1 67
82 59 4
51 11 89
33 1 46
7 95 44
44 63 30
41 58 96
24 70 94
59 79 66
29 20 66
34 74 44
67 73 76
98 35 44
63 93 62
78 85 83
84 24 12
31 80 1
71 79 12
19 75 5
23 6 76
84 41 2
13 85 53
1 37 12
28 23 24
13 37 30
91 55 88
74 43 91
16 70 45
71 63 41
14 23 21
75 10 13
77 96 84
92 4 11
17 22 63
45 11 8
37 97 44
59 85 28
32 46 55
34 35 87
93 72 13
73 76 61
80 57 18
76 8 17
91 71 46
39 82 22
11 39 78
40 89 43
57 47 63
92 43 15
38 58 92
76 66 58
77 33 16
55 42 41
51 78 86
42 3 76
87 97 51
66 24 21
45 97 61
52 8 20
94 76 13
46 53 11
7 0 17
17 42 72
84 36 50
6 94 50
62 4 19
35 32 89
96 13 72
62 29 85
27 48 99
93 97 6
61 8 42
65 38 46
1 75 71
69 66 4
74 40 95
31 2 63
19 16 9
45 56 40
24 86 19
82 7 21
5 85 27
90 69 98
89 41 89
57 36 78
17 61 33
25 32 69
3 95 22
6 15 59
91 38 59
15 98 88
52 11 33
21 85 91
66 95 15
5 39 12
14 78 44
98 70 51
10 36 27
49 47 20
6 94 44
40 58 42
27 87 80
8 7 74
16 94 2
57 28 26
30 11 42
80 68 92
10 80 19
17 14 1
52 87 23
63 82 27
69 66 10
7 22 77
13 21 92
45 82 28
29 32 39
79 93 54
71 90 23
15 50 29
72 80 2
97 93 22
88 82 35
73 3 95
27 51 42
65 8 41
64 94 33
91 6 66
84 71 54
75 28 60
52 70 20
93 78 7
52 98 16
22 66 100
25 77 45
36 13 18
30 45 1
45 88 31
18 27 2
29 98 82
37 20 56
61 67 5
6 57 64
72 56 82
0 95 6
28 42 22
45 5 11
38 18 78
47 9 43
35 53 53
45 89 2
69 88 24
89 88 27
67 58 41
88 82 37
9 5 59
61 80 12
25 98 28
9 10 36
19 10 68
94 90 44
74 68 84
5 94 45
78 22 44
21 10 83
67 15 6
94 91 22
6 80 46
14 50 99
55 25 30
34 77 17
77 27 10
54 34 73
88 69 53
9 2 13
54 94 60
80 40 92
4 74 36
37 53 78
85 65 90
42 63 56
4 22 46
71 90 88
21 19 92
95 68 85
15 30 12
64 77 72
97 25 98
83 22 46
73 11 12
49 91 37
69 24 5
24 60 53
63 2 11
16 97 59
58 55 60
93 86 1
47 61 21
44 21 59
96 4 22
68 85 60
13 8 24
20 40 47
36 69 20
9 31 59
37 27 97
61 62 24
55 23 57
62 1 92
9 34 42
54 13 15
13 15 86
42 24 54
70 73 85
48 70 74
57 34 7
44 27 24
26 18 36
48 92 30
51 48 75
61 39 74
22 13 93
88 5 66
91 89 2
65 2 51
39 15 19
18 89 66
73 46 21
46 18 23
6 23 97
47 84 72
14 2 5
51 77 88
22 76 10
33 21 51
66 14 56
51 8 67
0 38 61
94 45 92
80 13 36
1 21 23
77 39 31
89 75 65
13 63 36
41 54 22
10 18 65
64 39 95
52 21 40
11 65 77
93 38 2
99 58 16
99 5 22
34 82 81
97 86 88
52 71 28
0 66 24
95 23 3
8 45 98
17 40 53
40 42 56
83 29 60
71 54 1
33 92 13
10 74 71
22 21 41
92 13 100
95 85 61
72 82 39
54 97 91
90 40 47
68 34 91
4 82 3
45 1 15
38 85 4
36 46 69
99 61 85
63 27 5
19 67 27
61 65 62
67 93 19
56 94 19
20 88 79
59 92 42
2 28 83
69 75 21
98 27 79
24 56 18
24 54 26
17 93 19
0 40 68
57 51 96
92 55 100
12 43 44
3 89 39
59 14 41
88 25 18
92 77 66
91 59 63
84 23 14
55 91 69
36 81 83
77 3 55
9 8 22
83 77 46
71 45 51
44 95 25
80 87 35
97 89 76
69 49 60
70 8 74
23 45 91
97 13 37
53 65 68
75 37 95
17 34 90
80 99 14
96 20 57
60 74 75
29 10 69
65 90 70
74 54 30
27 36 92
34 33 53
96 47 97
32 88 85
91 67 1
68 1 50
26 53 69
7 64 38
83 22 67
84 94 24
71 25 81
95 55 24
62 88 70
74 36 71
73 74 18
99 31 62
37 52 90
8 21 34
15 2 33
74 31 26
15 91 10
65 73 20
62 80 57
74 70 87
34 45 25
30 86 35
76 40 67
93 61 90
47 20 19
21 23 75
59 99 73
27 93 81
41 87 47
73 10 81
24 3 14
75 49 28
27 94 21
38 95 15
87 4 58
32 40 57
20 23 88
28 42 14
66 55 44
17 48 60
90 33 97
98 71 29
81 28 49
72 67 13
99 30 10
96 52 56
18 63 90
84 60 100
22 74 20
55 95 45
7 59 30
14 77 72
53 2 60
2 68 55
8 92 17
46 6 35
0 39 73
19 23 2
20 88 64
62 53 79
69 99 89
66 86 93
22 97 41
91 52 17
33 73 21
77 45 12
6 84 67
86 94 11
11 45 58
38 61 86
0 26 8
85 72 95
71 61 80
68 35 79
15 87 66
96 59 54
99 46 85
57 10 80
74 75 51
98 0 76
59 69 37
40 23 21
92 61 97
0 14 20
73 87 60
86 17 39
97 94 94
61 47 43
8 24 87
72 17 1
45 81 40
30 25 57
44 32 24
46 12 74
56 64 51
94 0 33
23 54 67
87 26 41
80 0 45
81 82 44
36 58 14
20 15 20
67 83 55
49 82 59
25 7 89
80 37 44
81 54 51
38 35 89
7 41 47
51 30 91
54 22 52
76 4 51
97 62 4
55 62 5
29 88 62
95 65 69
22 59 8
31 45 45
38 29 48
46 66 74
54 43 16
6 91 55
58 12 20
81 43 2
3 12 28
84 74 2
9 50 47
65 57 5
5 97 38
17 38 7
12 61 25
39 84 89
64 92 39
4 71 34
29 14 71
73 58 9
62 17 13
72 8 94
36 41 28
37 91 91
77 14 48
81 83 36
44 83 49
71 45 91
6 25 77
56 66 85
43 29 67
22 68 41
24 64 9
9 73 76
20 19 24
64 44 70
25 31 46
26 10 19
51 89 54
79 60 58
4 48 58
25 62 39
70 64 16
56 76 89
84 65 45
60 17 51
7 70 5
43 70 76
27 46 4
14 82 38
53 51 55
17 34 5
58 87 52
31 73 36
89 83 97
65 47 66
58 48 32
80 86 11
55 64 46
86 62 25
22 68 37
48 15 52
70 90 83
98 6 93
12 33 48
46 41 69
14 50 11
12 61 51
13 49 34
27 8 7
8 96 94
60 7 91
60 19 60
85 57 67
27 37 35
88 26 69
75 89 52
87 74 57
45 97 15
36 62 16
55 38 25
98 82 62
88 75 20
72 91 45
81 9 79
61 79 75
13 62 91
6 88 41
10 47 59
48 45 28
48 39 51
66 47 69
83 66 3
21 40 15
2 5 98
81 63 28
2 7 57
99 77 46
44 62 49
10 9 24
6 30 79
1 69 92
56 85 80
88 5 79
62 14 3
4 19 100
37 71 14
65 91 3
95 87 68
50 51 7
96 53 93
64 4 82
44 24 100
57 87 14
69 57 8
61 62 80
67 68 23
3 58 39
20 63 65
9 4 1
68 28 25
66 94 51
96 26 43
47 26 36
31 50 70
98 17 60
3 15 65
48 10 74
73 43 64
74 92 84
73 93 53
44 22 94
20 16 50
95 79 98
19 39 60
1 52 1
44 37 91
34 79 95
61 78 27
18 31 22
26 47 43
21 56 67
51 69 75
7 19 53
57 5 63
14 33 1
25 15 90
7 83 74
49 14 24
21 66 58
38 97 96
19 32 34
31 53 11
80 28 2
38 62 21
8 26 73
31 65 53
28 19 58
51 80 96
96 52 95
96 56 25
70 7 83
77 60 6
6 76 97
53 64 98
8 58 82
36 33 50
7 80 3
50 30 71
91 36 29
64 30 77
72 38 97
18 56 19
62 82 45
56 98 11
19 98 7
25 41 88
1 77 91
43 82 11
35 63 63
43 67 52
4 54 30
55 19 8
37 24 73
55 57 93
79 95 87
52 37 81
12 99 33
81 91 53
55 96 97
43 88 100
88 17 58
75 59 97
15 8 26
65 46 64
51 16 30
51 65 49
93 75 90
54 90 32
76 87 59
99 16 82
79 13 67
86 24 11
29 1 97
35 69 12
74 86 74
9 4 30
72 96 92
53 78 10
34 64 47
4 84 35
17 29 12
78 77 40
60 45 70
41 47 53
18 68 80
79 91 37
40 85 17
95 28 52
90 79 51
3 15 50
15 97 9
82 35 70
21 71 81
12 32 98
17 90 67
34 58 6
55 52 13
15 69 68
46 73 61
87 7 29
70 76 59
19 98 18
32 39 100
85 4 100
79 73 3
79 85 72
47 95 38
84 32 51
78 88 7
70 82 16
41 63 11
84 41 92
4 43 48
36 72 22
25 94 12
19 2 62
71 56 26
62 96 68
44 86 24
41 88 65
50 68 77
56 47 75
56 42 72
45 89 17
51 63 59
24 89 61
30 54 38
15 41 67
74 34 45
47 49 39
50 23 6
14 5 56
62 96 7
63 41 51
45 44 21
92 13 35
35 52 17
56 34 7
54 66 22
17 29 95
7 51 63
28 43 66
58 69 28
84 0 40
51 81 40
18 16 72
59 31 11
26 74 75
83 20 34
11 83 57
53 65 63
21 80 15
88 52 18
52 61 59
17 58 45
25 79 24
62 60 12
55 98 68
90 35 76
70 42 45
82 87 99
45 24 15
90 30 89
44 5 18
20 36 59
75 54 44
69 48 64
64 91 33
87 16 55
81 86 15
77 18 16
17 3 80
56 77 83
76 7 62
34 40 9
44 23 63
56 31 98
11 22 87
68 75 69
54 53 60
65 74 18
48 62 45
0 49 57
55 84 100
97 27 81
37 82 26
76 52 34
80 88 90
43 98 50
51 7 85
