68 53 42
78 37 69
92 66 22
64 67 23
98 78 81
37 66 23
45 90 68
76 49 93
62 86 47
87 19 67
90 74 13
84 47 57
96 5 22
31 36 40
56 55 3
38 44 61
63 37 23
23 47 42
28 70 37
10 72 81
83 18 78
39 42 97
40 54 40
20 91 76
6 65 81
66 96 33
41 48 29
78 19 55
79 53 70
90 58 34
15 13 60
51 0 5
82 52 87
32 35 52
25 4 87
88 23 42
43 48 4
66 84 87
76 67 13
5 61 2
53 49 68
12 86 13
83 23 33
37 2 34
27 87 28
53 25 21
69 65 28
7 86 90
32 40 67
87 55 40
34 13 4
16 58 85
33 68 12
35 2 5
91 35 2
90 15 8
74 6 59
48 83 60
69 23 99
61 15 98
9 39 2
50 86 98
58 25 14
78 1 88
40 44 17
67 59 98
61 55 27
53 27 15
45 74 75
74 13 54
9 36 18
82 6 84
44 56 35
73 22 51
42 46 99
2 44 40
27 81 12
26 7 89
10 66 58
46 85 98
71 74 22
70 80 48
10 20 58
51 96 78
99 46 32
62 41 19
1 64 40
81 68 3
61 97 47
92 55 22
87 44 23
67 22 60
15 84 20
2 68 58
8 4 59
79 40 45
4 61 81
33 85 77
8 58 43
61 4 13
21 98 6
43 62 52
76 16 74
92 38 31
25 69 51
17 0 64
51 52 44
49 13 28
90 30 8
8 5 34
55 15 18
41 31 70
14 84 26
5 34 4
74 66 36
87 7 99
63 10 25
37 61 74
18 11 88
82 53 44
15 59 52
87 55 38
56 93 59
36 51 14
1 63 91
2 70 86
87 72 16
3 74 97
45 59 60
61 89 10
68 36 14
80 86 47
86 41 57
66 41 21
91 50 84
71 29 23
21 22 17
81 53 68
95 26 45
76 77 40
85 8 51
88 92 20
58 62 5
34 81 51
56 11 86
42 12 82
75 19 69
52 17 15
57 37 34
9 20 27
76 69 34
45 30 92
72 46 70
40 20 83
1 86 73
40 58 1
24 39 3
89 97 51
34 46 2
13 40 79
67 7 92
68 5 83
3 37 94
39 89 56
17 58 20
93 19 44
61 4 58
46 27 69
18 67 88
69 56 31
27 37 10
41 24 100
77 24 7
77 90 74
92 39 28
82 56 2
75 44 49
95 2 95
64 84 26
55 80 13
79 33 100
26 52 48
78 67 87
34 14 62
76 32 46
57 67 70
52 64 22
71 86 17
48 66 54
8 47 71
33 94 93
58 67 82
94 45 6
39 51 59
52 47 12
40 59 81
76 56 3
80 61 70
63 16 86
59 45 87
64 48 84
15 97 57
20 62 45
3 68 76
69 73 69
25 15 70
24 77 43
7 90 36
10 17 87
46 92 18
77 96 65
73 64 5
73 52 10
81 70 98
5 16 12
34 53 54
35 84 84
95 89 10
5 54 79
23 33 36
57 23 53
83 22 95
77 92 46
58 87 86
40 44 48
97 8 8
3 60 94
79 91 99
50 35 16
57 3 40
95 62 78
10 11 16
27 50 15
32 72 70
33 60 87
54 10 28
27 65 57
99 83 17
78 27 89
49 71 77
37 1 9
43 67 75
73 72 16
5 36 68
22 62 17
76 27 54
18 5 30
75 17 33
17 82 32
30 71 35
49 15 35
77 48 32
31 6 88
6 14 20
93 82 76
28 27 48
16 0 20
44 36 36
84 16 10
9 30 78
87 7 12
2 21 13
99 29 22
91 29 26
35 32 55
0 40 6
47 51 34
55 73 36
71 22 82
62 97 62
15 9 57
70 33 2
60 37 99
18 45 99
65 40 53
52 69 49
46 0 50
41 94 29
10 55 16
7 44 32
35 2 82
60 72 37
27 23 72
38 93 2
51 10 15
39 88 94
94 51 3
65 30 83
84 14 19
99 7 34
25 81 72
13 17 93
17 98 80
76 14 7
22 74 51
43 13 39
63 54 94
59 98 36
90 45 78
94 46 43
24 88 80
29 74 27
66 39 49
52 80 52
53 10 43
54 46 91
41 40 93
21 15 55
12 87 19
25 7 31
14 27 100
71 27 87
83 33 18
94 82 51
0 5 41
64 6 82
25 73 62
18 4 49
23 39 2
34 17 100
83 11 56
99 8 44
0 38 22
37 25 96
93 53 89
49 97 69
87 15 47
23 37 48
7 93 34
34 21 2
85 87 41
16 58 42
32 28 88
31 39 60
28 73 24
40 66 54
32 58 21
89 47 13
40 21 53
76 17 47
18 72 26
44 78 42
55 85 69
50 20 63
26 74 31
47 5 21
21 4 70
51 34 96
65 60 64
91 73 4
50 74 15
40 45 87
8 46 68
74 62 26
37 63 11
18 20 8
63 67 24
39 5 75
53 28 1
2 36 25
26 29 70
10 67 43
38 10 72
68 66 73
87 92 13
42 44 16
81 29 42
83 23 41
75 67 26
1 60 49
81 46 7
35 34 41
58 9 96
70 34 58
95 8 48
24 47 72
11 61 27
26 94 10
10 88 45
43 21 2
85 40 70
84 97 68
28 57 33
31 37 49
11 37 71
61 12 60
80 61 36
62 88 90
54 24 24
33 98 98
99 51 33
29 20 81
16 72 60
78 24 15
81 18 59
69 19 92
79 76 95
94 59 25
66 26 6
26 25 58
71 36 30
40 34 28
22 95 27
79 40 5
9 97 62
45 3 34
84 22 87
3 9 10
23 80 48
10 77 24
57 83 42
67 61 66
84 85 53
17 38 35
75 85 32
54 66 53
67 95 64
9 94 86
86 85 84
44 85 60
88 56 40
0 52 15
66 8 9
31 25 12
11 74 36
3 56 8
47 31 3
91 66 14
52 48 69
58 91 98
54 98 86
87 84 36
84 55 48
90 20 14
97 28 6
58 50 49
38 74 69
39 67 57
47 62 68
45 56 37
66 9 92
15 36 55
71 72 85
5 29 68
47 19 10
13 42 4
47 41 65
5 66 92
19 47 20
92 95 58
81 16 21
88 28 78
90 67 49
43 88 67
4 54 58
21 32 50
68 17 90
62 69 35
48 91 79
75 67 11
56 38 92
96 95 74
73 41 58
48 80 46
86 26 18
93 94 60
11 75 49
59 38 84
60 83 100
55 11 18
93 18 51
26 35 83
37 26 24
71 80 75
85 92 59
14 22 7
33 29 7
65 85 61
83 46 31
22 28 8
64 98 55
97 51 93
46 58 60
55 3 60
34 95 57
95 58 44
22 74 88
95 75 49
0 97 9
24 78 98
33 53 50
14 90 76
35 79 17
52 4 50
93 0 59
40 66 42
42 96 69
13 39 61
65 80 40
8 91 43
61 18 64
27 56 33
56 88 60
89 85 33
96 68 58
21 76 44
62 76 91
18 70 84
28 52 32
32 59 68
25 88 66
4 2 24
82 34 95
60 48 5
53 26 98
38 35 1
4 0 20
38 3 91
23 5 48
4 87 70
1 23 41
75 94 43
5 81 80
6 26 31
67 60 51
22 1 54
75 35 79
68 28 85
32 45 32
63 2 11
49 30 78
74 71 16
83 96 59
80 38 90
0 33 37
98 6 74
22 9 23
65 71 87
2 97 76
67 50 78
29 80 73
72 75 71
86 35 73
94 70 69
21 42 27
15 33 46
89 18 91
0 19 91
94 26 74
74 6 9
41 39 80
89 81 91
14 37 67
49 70 90
45 90 71
4 57 88
20 62 38
30 18 45
86 62 92
60 80 51
50 27 79
34 68 15
75 33 21
7 57 85
56 32 99
2 46 63
66 25 62
63 36 22
90 42 60
49 95 78
48 94 73
61 95 29
41 54 1
72 95 23
37 76 40
19 41 64
61 53 49
96 51 3
26 14 23
2 70 20
2 35 2
29 82 31
3 90 2
45 70 73
5 12 30
5 54 4
92 69 52
57 67 39
42 2 97
2 34 45
23 36 44
1 2 73
97 18 91
37 60 40
97 84 17
54 76 4
18 14 98
37 80 98
11 70 84
76 42 89
98 27 68
36 26 13
0 58 89
48 7 56
89 46 18
49 12 90
18 74 11
57 43 41
63 4 93
9 91 25
33 10 9
60 23 48
2 98 65
97 78 26
57 26 59
89 95 30
21 77 31
90 67 40
22 91 54
46 80 29
55 33 45
73 7 49
29 83 99
6 46 88
22 58 41
67 6 7
29 42 60
17 27 4
23 48 100
72 92 51
14 73 9
18 34 2
32 58 55
74 28 3
51 2 22
26 10 38
30 20 96
69 40 55
97 48 49
48 5 78
96 67 43
56 55 63
10 48 88
70 66 100
85 50 52
77 34 93
49 45 17
40 66 98
89 30 17
21 62 75
69 48 37
53 0 60
63 67 66
55 91 22
73 18 1
83 7 55
11 62 76
49 54 30
38 16 87
63 1 44
47 55 67
23 2 17
52 12 73
86 46 16
49 93 36
79 93 54
99 39 43
83 26 17
56 33 31
49 22 89
14 9 90
75 33 97
84 32 31
47 94 31
42 50 70
24 60 25
68 76 35
61 4 1
13 55 77
85 18 57
31 46 93
20 23 91
78 60 84
53 10 12
26 9 77
29 71 45
61 10 15
67 25 1
77 63 24
65 68 25
4 40 4
3 11 52
61 95 81
83 34 57
76 48 28
96 25 85
66 67 41
3 58 56
47 80 37
94 10 100
23 80 42
6 3 61
80 47 65
42 67 30
55 91 77
15 85 83
61 59 21
24 42 3
80 35 62
57 42 92
9 96 83
34 24 84
58 78 14
91 3 98
40 66 97
4 23 72
89 1 96
69 15 97
40 16 6
16 26 20
52 60 84
24 0 38
30 1 99
60 7 24
14 2 16
54 86 63
63 5 83
46 3 89
27 45 49
56 91 51
7 66 8
60 78 5
29 6 3
25 98 24
24 33 50
71 41 26
9 17 21
40 4 11
3 42 86
75 74 25
89 91 67
70 52 94
27 53 34
13 99 69
12 19 78
49 84 29
67 4 27
74 36 8
37 0 34
22 2 79
39 56 97
47 38 69
46 20 15
88 10 7
39 35 27
64 91 58
16 55 52
97 59 61
30 24 31
80 75 26
30 91 91
14 32 79
60 40 4
79 24 36
28 67 46
1 77 28
5 41 41
72 15 63
10 16 86
58 22 72
70 77 1
28 32 38
84 85 55
55 40 10
29 97 40
20 61 16
39 6 72
74 34 23
33 76 54
83 98 70
74 24 25
34 12 8
56 60 74
72 41 18
32 52 75
55 53 67
46 34 15
39 46 12
75 66 59
70 98 68
84 98 19
83 78 15
87 38 20
80 59 46
38 89 76
55 82 57
12 40 3
43 85 98
65 88 52
63 38 7
88 57 44
60 21 83
60 47 68
92 24 12
33 23 8
16 97 47
82 52 33
8 59 18
96 55 90
97 17 83
9 90 45
62 76 88
56 54 47
70 66 73
15 20 77
80 1 64
74 53 18
63 35 20
15 75 44
63 65 4
98 74 100
51 88 53
2 15 72
54 52 76
63 84 46
59 36 6
24 0 92
32 91 82
95 35 93
44 23 25
25 5 63
36 96 90
78 85 43
17 77 57
86 90 47
94 81 38
65 93 28
51 18 76
17 3 25
36 31 22
74 77 99
47 4 12
84 23 5
24 35 41
79 16 28
50 99 89
43 37 15
48 68 51
21 6 52
60 4 42
72 42 63
8 87 47
77 84 76
55 0 81
82 68 18
91 17 13
82 25 29
51 39 76
54 91 4
90 59 58
5 51 56
62 30 33
37 41 29
47 84 44
81 27 27
22 14 1
30 80 16
29 72 21
82 78 61
51 16 26
51 80 56
61 68 76
50 24 68
52 66 60
33 92 72
16 99 10
83 72 5
78 55 93
1 94 46
52 80 7
45 68 72
59 96 20
19 95 95
74 17 8
7 48 53
82 83 59
65 9 29
39 97 14
65 57 58
3 84 75
80 67 89
67 10 31
86 51 33
15 50 26
32 47 44
39 11 93
67 27 23
82 8 21
10 59 34
58 64 24
77 95 14
8 50 95
96 79 94
19 2 59
67 5 60
11 21 21
48 63 26
74 43 90
20 3 40
10 91 91
85 88 79
76 28 8
68 90 79
24 91 64
47 66 32
66 75 40
74 50 85
11 43 56
58 41 9
69 72 76
71 53 57
24 11 90
71 1 6
37 95 17
25 24 70
25 28 45
23 40 2
97 67 77
79 61 91
78 51 39
45 29 74
47 66 67
57 28 60
34 41 69
55 6 90
42 16 46
15 44 66
35 18 18
74 81 51
92 48 3
45 22 3
54 68 3
3 4 25
32 65 25
40 79 51
60 19 17
39 94 60
5 66 29
65 54 89
91 37 48
88 76 20
38 88 93
48 57 95
24 3 74
91 3 88
14 56 5
17 24 27
83 92 27
99 67 42
13 59 15
6 64 42
2 91 80
28 73 76
98 63 41
41 72 74
96 63 22
57 90 53
14 36 58
46 56 14
65 31 5
3 91 86
86 36 77
58 4 23
44 37 38
42 25 72
84 52 74
38 55 19
5 48 59
6 34 10
46 35 15
22 46 97
96 78 38
51 14 20
60 13 90
34 83 64
3 41 49
51 29 51
89 37 63
12 48 65
20 29 69
89 30 64
10 90 96
33 2 81
79 43 17
7 77 56
15 99 54
10 66 9
23 97 43
20 36 30
24 50 59
22 31 16
56 61 87
68 19 39
68 98 41
69 45 39
34 38 19
25 52 7
48 33 59
49 18 8
32 62 38
15 60 82
58 70 53
97 36 56
53 73 16
14 4 67
49 3 83
36 27 11
99 31 56
0 23 45
30 96 23
43 33 14
74 8 87
81 60 64
1 75 88
30 76 40
0 74 50
82 99 10
22 29 77
42 99 26
71 48 18
5 34 94
34 26 85
40 86 69
74 90 30
24 50 54
27 25 17
39 29 7
7 49 61
26 96 26
32 78 36
60 96 70
31 68 95
79 3 94
23 36 7
6 60 26
23 87 55
28 84 49
25 92 70
53 29 74
42 16 51
5 42 24
22 5 95
87 35 92
26 56 61
84 78 1
78 7 2
26 56 5
43 56 5
22 31 44
38 36 67
33 11 41
35 19 93
26 91 15
20 40 96
65 20 57
32 19 75
8 15 15
98 78 37
60 46 21
84 40 59
7 20 54
52 73 8
24 94 29
31 92 33
15 76 20
53 56 82
55 26 73
18 62 95
0 21 53
66 57 50
84 56 83
26 14 77
57 31 97
71 88 89
95 28 67
29 57 94
88 27 34
27 69 45
60 94 91
63 99 96
95 60 23
73 67 3
11 70 61
98 52 16
41 66 4
36 58 76
32 74 87
71 35 5
88 99 63
16 88 49
38 66 93
47 26 48
23 55 35
76 39 11
51 75 49
23 90 8
93 27 96
36 14 90
79 58 96
80 67 20
13 12 23
95 19 81
73 96 78
39 53 49
68 58 18
22 89 31
7 47 86
67 50 26
1 20 72
1 92 29
84 39 95
14 21 99
72 5 35
55 70 51
74 29 35
11 85 33
1 46 27
9 69 99
11 87 46
89 49 95
77 35 10
19 59 29
74 96 89
93 13 27
89 95 53
53 58 81
43 56 21
38 37 41
48 22 74
52 51 43
49 25 98
44 43 12
54 43 78
73 91 12
13 64 22
72 64 59
61 72 66
32 29 88
32 35 28
40 75 80
42 70 86
70 86 100
0 64 55
97 53 54
95 91 50
6 28 65
23 86 18
8 93 70
45 74 22
48 76 59
1 60 94
4 63 59
85 53 12
4 81 80
83 53 51
31 70 68
32 29 21
6 28 72
98 14 32
56 5 94
29 77 7
35 87 48
33 67 82
64 83 32
83 2 68
97 71 71
99 56 82
2 37 23
55 94 65
80 54 35
88 15 38
5 11 17
99 57 84
27 84 91
16 94 65
53 56 100
43 5 30
62 58 89
54 65 53
81 30 83
0 54 37
21 28 20
13 95 24
14 16 16
69 0 81
25 95 30
45 10 57
57 69 81
83 78 80
78 23 25
82 5 12
13 16 33
91 1 63
32 64 73
84 39 23
91 79 93
51 22 22
55 67 10
97 21 87
10 24 3
18 48 81
95 60 3
75 96 83
98 15 43
23 18 51
31 24 37
5 51 89
86 20 16
19 72 26
97 67 44
25 94 73
7 99 97
41 65 7
9 8 85
44 45 56
81 82 45
34 7 97
79 35 70
33 76 32
14 7 24
31 36 19
14 88 22
93 59 78
66 61 18
88 99 45
25 55 80
99 71 62
30 89 57
91 93 51
81 77 86
89 95 88
16 32 64
92 53 6
12 6 36
98 84 63
37 73 16
63 5 67
16 82 9
21 35 73
55 68 8
47 20 46
25 27 35
30 53 11
18 2 63
88 79 17
38 41 32
14 19 50
85 31 2
29 90 64
68 96 28
89 62 73
40 24 96
4 92 4
93 79 63
62 15 8
72 89 47
37 39 9
84 21 92
13 81 35
72 91 100
54 62 37
65 69 70
6 80 9
58 3 76
2 43 23
5 35 47
11 5 29
81 58 31
10 37 14
49 35 55
88 61 5
3 58 42
29 99 39
92 72 64
15 70 18
2 46 12
88 12 42
59 67 52
78 30 63
93 90 10
61 7 33
0 54 59
97 54 62
62 93 41
61 31 47
23 32 72
58 38 19
14 27 44
4 8 83
46 60 76
0 8 39
93 65 11
50 60 56
79 81 6
63 78 78
7 24 87
56 2 90
12 49 42
94 62 4
20 23 60
92 14 68
19 26 11
75 6 22
61 72 62
92 2 81
80 62 63
38 2 30
7 80 84
77 16 38
16 43 35
29 74 15
18 60 82
96 4 37
88 3 69
34 67 83
35 72 78
2 5 71
60 74 27
7 25 23
15 0 90
65 92 12
22 86 37
62 95 14
1 66 70
12 49 24
63 48 15
6 89 92
83 54 92
43 95 7
16 52 60
48 68 82
32 98 60
24 83 50
29 89 63
79 71 21
49 26 27
38 97 93
84 19 69
18 36 66
38 29 4
88 60 20
29 1 24
34 97 53
20 37 28
46 12 1
56 71 64
96 27 72
21 96 3
12 85 21
87 8 31
91 51 53
68 95 19
20 62 100
25 91 75
19 60 76
13 0 67
86 19 60
88 32 80
66 60 14
89 58 97
87 17 50
18 41 18
72 21 53
63 93 18
39 29 51
17 10 3
78 79 36
82 37 51
40 93 45
52 69 81
23 42 88
85 35 82
83 63 13
94 1 92
91 51 86
66 78 54
83 98 86
58 71 96
14 57 81
44 56 1
82 51 77
37 75 1
92 33 36
21 57 92
20 38 80
34 17 97
28 45 88
31 14 49
51 59 9
84 79 52
43 47 36
50 76 24
40 44 47
5 47 8
50 42 90
63 27 99
71 68 20
9 58 81
25 55 6
49 1 69
86 52 18
33 51 53
23 14 62
10 71 2
80 70 85
67 11 65
75 11 17
60 47 53
75 96 22
5 2 62
16 40 81
86 46 35
80 53 10
79 59 11
24 85 44
73 10 73
6 80 2
9 18 92
0 16 71
89 96 53
63 48 54
85 14 22
73 38 50
85 70 78
69 84 42
69 62 30
12 47 36
2 23 26
22 23 28
26 81 78
92 30 3
85 69 52
67 40 25
50 6 82
67 25 9
20 97 91
39 65 47
64 6 49
26 5 90
80 51 62
81 70 55
62 5 34
75 81 29
28 81 62
35 37 52
7 8 26
82 46 1
21 5 34
74 44 43
23 1 12
36 55 69
50 44 43
71 75 93
53 50 53
70 84 1
67 38 81
17 30 48
55 2 28
31 76 88
63 70 28
11 39 77
82 58 100
5 47 81
62 92 90
92 15 52
1 6 35
67 80 52
74 76 59
15 55 78
99 50 65
6 16 97
67 50 83
6 66 76
14 91 67
73 84 100
92 28 11
23 68 63
13 86 42
97 99 26
62 45 33
11 7 16
82 39 33
87 41 51
83 0 74
52 18 99
11 64 56
91 13 94
10 15 73
53 90 26
35 6 45
62 99 95
5 75 92
6 72 11
46 38 96
31 40 88
31 14 49
3 89 25
93 13 86
73 67 81
72 83 46
82 30 3
98 6 90
1 81 55
60 54 58
3 96 28
90 7 43
36 58 46
79 61 46
57 24 4
64 15 54
31 68 51
30 51 8
6 50 23
44 43 21
45 65 22
67 75 99
28 53 18
49 97 97
34 16 69
1 42 8
66 79 37
35 87 10
46 44 65
16 97 33
21 40 31
49 89 37
2 1 46
24 19 93
65 16 76
47 15 37
38 28 49
93 90 16
79 42 100
60 86 8
9 54 66
39 9 33
35 99 45
55 99 86
55 5 28
67 20 14
92 37 35
91 51 52
36 3 17
26 17 27
85 83 57
29 58 79
3 23 16
1 8 99
68 18 29
94 16 18
97 86 18
7 87 37
5 61 57
51 10 54
60 40 5
76 77 99
80 36 100
91 81 22
20 85 84
83 7 14
15 18 28
55 98 80
52 35 80
55 5 45
20 23 42
20 61 60
83 36 28
31 54 39
72 11 84
77 64 27
51 92 59
3 60 24
25 53 11
55 69 99
55 70 55
7 0 44
22 66 77
16 52 10
36 17 54
11 53 49
40 9 98
44 71 88
85 63 41
60 72 79
18 72 15
55 84 71
20 29 77
99 91 82
66 22 53
4 92 38
42 41 3
12 20 14
95 18 27
46 34 2
51 78 40
67 78 66
18 83 90
38 3 58
44 63 38
35 27 52
45 93 91
97 30 86
74 67 94
76 44 30
23 88 40
56 4 23
55 4 46
83 33 43
31 84 8
27 81 13
76 86 100
36 9 36
92 10 96
2 83 94
89 67 37
12 83 26
37 5 44
4 42 34
97 87 93
92 28 52
81 52 69
43 96 40
52 89 80
48 90 56
49 11 89
48 38 20
71 90 77
68 70 45
28 55 36
12 66 96
22 74 38
58 23 66
31 88 12
52 53 69
38 70 98
8 85 36
93 68 44
6 4 61
30 31 65
31 27 79
24 7 95
31 17 91
93 85 29
28 24 94
36 52 29
40 11 54
69 86 12
70 33 71
7 85 47
95 50 49
95 49 17
90 55 49
9 22 53
35 63 76
20 73 17
60 83 90
21 31 57
71 45 41
81 42 40
91 18 64
12 19 90
92 97 72
94 15 45
36 98 99
49 33 27
43 24 48
10 96 23
25 95 21
6 18 64
50 19 43
91 36 21
40 51 66
7 43 27
15 67 93
12 47 69
7 15 72
33 58 67
22 46 59
34 69 13
33 70 79
39 47 98
53 46 74
51 22 35
28 4 46
85 51 40
74 26 80
66 1 4
12 7 46
84 91 93
52 9 53
45 79 93
62 10 77
45 26 41
26 23 24
36 7 21
81 39 34
86 24 31
97 41 63
67 12 34
5 83 90
85 19 77
91 90 57
43 16 31
16 10 21
84 99 17
45 8 71
85 87 25
79 17 97
79 5 59
5 47 78
53 97 99
45 87 73
85 95 90
3 28 98
98 91 96
73 81 19
63 60 2
55 14 55
26 55 84
5 75 47
89 61 24
5 99 29
98 64 51
18 95 57
40 69 35
14 44 93
47 72 61
26 36 47
46 54 87
27 36 11
87 38 83
97 48 25
89 69 85
5 19 58
49 44 43
8 51 88
4 41 64
28 79 93
47 82 46
65 92 93
59 27 95
69 64 20
24 64 64
96 18 39
5 53 100
35 85 79
13 86 98
15 65 86
61 89 90
77 56 84
80 18 4
14 32 88
86 82 88
10 46 98
0 35 94
61 94 5
9 15 48
1 8 63
23 65 91
63 96 82
33 35 71
52 21 67
32 5 21
99 37 30
93 16 19
21 13 79
37 36 56
58 11 26
17 19 48
25 21 9
69 16 43
21 55 55
48 54 96
33 6 57
55 70 46
1 7 59
19 83 69
42 95 21
51 87 2
9 28 25
51 38 21
61 73 59
2 26 79
16 21 46
27 81 45
61 34 13
81 52 70
64 32 45
76 46 69
50 34 38
78 95 36
95 97 73
80 49 48
58 35 7
30 4 42
28 69 46
34 37 75
97 13 55
56 48 16
98 61 31
74 94 83
14 33 9
92 18 54
94 50 76
52 65 63
38 19 5
13 23 57
55 47 96
5 0 5
78 75 50
32 79 96
64 70 41
75 53 61
89 38 23
52 72 86
45 16 32
85 22 93
63 90 29
96 25 40
3 68 56
25 51 16
81 51 29
61 46 23
38 22 32
93 33 29
78 85 23
9 87 52
4 78 81
53 22 45
76 86 27
65 67 33
40 67 69
24 41 41
68 89 12
90 87 13
97 55 66
72 68 78
39 57 35
27 99 57
14 20 35
53 77 67
46 57 1
88 45 33
36 89 50
74 35 72
81 14 69
27 28 4
71 92 62
67 35 33
48 55 85
24 85 75
73 59 4
16 31 55
74 53 57
11 94 22
76 47 2
63 6 75
36 26 64
85 83 19
51 60 71
83 76 85
67 88 62
69 43 40
89 16 50
5 34 51
87 29 65
75 46 51
35 69 65
83 26 61
48 19 33
6 0 11
0 94 100
74 7 94
9 89 24
1 2 61
62 95 84
37 27 96
25 72 28
98 10 62
97 44 71
78 74 29
89 54 24
25 70 12
13 27 1
25 71 47
14 85 89
3 86 14
36 38 76
69 85 1
3 39 48
7 48 17
16 71 24
8 70 49
51 76 88
42 76 40
44 33 49
90 55 28
0 46 23
31 64 37
37 7 77
47 83 11
66 78 67
4 17 85
37 24 78
58 22 22
62 20 62
12 40 98
96 10 69
6 51 63
80 34 44
98 32 76
70 39 65
35 74 40
0 6 85
87 28 70
9 70 11
61 11 70
65 58 6
49 6 99
45 95 11
18 32 67
84 12 46
36 15 29
34 95 80
57 22 64
84 67 49
22 35 69
31 71 50
0 44 53
59 6 42
18 4 93
95 27 19
34 76 58
72 49 90
23 35 78
70 49 87
52 76 71
54 74 31
75 47 41
74 67 31
70 3 98
57 80 37
30 53 70
3 23 33
71 37 89
74 55 71
83 14 20
53 14 32
83 78 4
68 86 33
93 77 3
43 61 77
43 70 54
13 80 30
34 10 82
38 52 16
72 82 79
6 79 30
7 19 97
63 65 39
41 13 99
85 35 57
20 98 2
57 35 55
61 58 25
5 86 2
66 86 55
47 18 19
0 88 12
17 59 6
69 17 43
37 97 43
16 90 99
33 12 65
88 33 100
99 31 83
21 84 80
87 67 64
15 0 10
91 95 7
21 11 19
70 99 16
32 55 55
40 16 40
40 5 99
80 38 50
8 14 100
70 14 46
80 29 45
13 68 31
88 77 59
15 73 50
12 35 49
61 22 25
69 64 82
18 94 55
13 20 77
8 39 62
75 14 21
88 45 56
71 33 64
34 0 70
29 9 65
26 3 95
89 75 17
43 14 91
30 46 92
30 56 55
9 13 71
38 9 9
15 32 5
11 98 52
87 97 71
58 20 80
98 76 6
33 78 93
40 93 9
41 92 42
0 52 41
25 59 44
90 30 15
98 12 7
67 33 92
23 64 33
31 7 42
60 32 31
38 11 91
20 46 56
77 35 35
20 53 7
57 75 28
64 80 77
10 94 44
44 20 72
52 72 72
69 24 22
52 62 25
77 49 80
89 8 69
78 0 53
51 3 39
71 57 36
79 62 56
92 78 53
87 5 91
89 13 19
15 1 96
62 29 6
33 89 30
8 59 14
26 47 92
73 0 76
62 55 60
21 43 28
68 56 67
61 56 44
72 2 99
2 84 53
24 95 27
67 62 59
20 63 44
46 97 80
28 63 45
65 55 73
97 68 54
69 63 16
4 3 91
52 85 26
56 29 87
12 47 69
12 43 78
42 51 69
81 14 88
58 50 88
35 23 59
63 33 72
53 44 23
68 88 65
52 18 54
50 82 23
5 69 96
43 21 58
19 17 87
61 27 18
76 34 49
26 18 44
24 94 17
18 41 67
25 79 95
17 81 90
80 87 32
61 90 99
80 8 27
41 96 82
65 72 7
19 69 55
64 36 58
6 17 95
13 25 51
45 41 94
2 44 54
63 70 82
55 67 48
14 45 65
65 21 90
51 28 33
95 86 54
0 18 35
10 37 16
22 23 74
11 87 31
69 93 94
86 92 57
19 4 66
23 3 12
26 11 87
55 23 78
58 64 41
61 83 66
37 46 33
27 52 18
19 8 71
46 64 60
75 23 7
1 88 97
25 35 48
30 60 94
90 19 40
71 74 37
57 40 72
83 35 64
29 4 18
8 85 11
11 88 99
42 48 38
3 53 32
92 61 53
42 88 76
6 56 85
78 73 61
85 80 38
52 63 2
86 20 52
16 21 24
1 0 59
93 96 59
29 80 16
0 76 65
63 28 98
5 79 16
89 95 8
22 21 99
39 51 45
22 91 2
74 58 33
21 75 49
30 29 10
4 8 68
61 26 23
51 49 16
37 58 5
71 95 84
57 69 23
56 90 66
34 38 98
11 51 79
49 62 4
4 48 88
2 86 89
43 17 48
97 76 75
86 62 82
63 89 13
25 16 16
8 81 8
54 75 27
23 87 49
19 76 96
63 1 99
74 98 41
16 71 90
42 22 33
35 38 9
62 51 32
51 93 50
0 81 5
95 24 12
91 52 20
59 74 37
15 52 52
1 13 85
45 58 53
16 4 68
61 95 57
96 82 42
77 19 78
79 50 54
24 96 80
1 53 3
33 90 41
3 68 87
54 68 29
91 39 74
0 53 85
75 93 28
42 54 69
68 3 31
39 62 75
74 62 60
95 44 77
14 9 1
78 53 84
52 43 6
2 69 60
75 80 9
72 91 57
32 54 59
39 83 20
78 35 85
80 57 76
69 36 87
40 63 81
26 51 57
16 19 98
75 91 28
17 66 85
32 87 73
2 47 25
7 73 32
9 35 96
69 93 58
19 86 92
43 57 4
56 70 66
28 84 97
59 11 82
15 51 72
5 8 41
16 29 20
28 86 60
80 45 68
41 18 30
42 73 63
45 99 53
25 56 33
91 79 14
74 86 65
35 44 90
73 22 30
88 80 87
86 7 3
34 87 72
25 75 8
17 42 65
3 60 62
48 96 70
88 94 2
24 39 25
59 1 2
95 96 28
80 31 92
28 31 97
35 65 85
5 48 3
66 44 31
97 42 48
72 2 43
47 69 87
59 19 88
85 87 45
57 63 56
87 63 95
7 99 65
90 12 3
52 57 84
3 14 79
80 79 78
5 50 31
94 6 71
91 76 21
63 69 5
93 85 37
33 48 92
43 65 59
55 2 12
77 88 8
29 35 84
36 98 61
11 39 24
7 27 90
66 63 31
45 32 7
54 5 59
99 42 69
65 17 16
78 30 57
26 66 29
72 83 78
7 32 98
4 42 91
30 80 35
38 20 87
39 12 23
23 81 51
57 10 8
59 62 19
8 80 26
90 9 5
94 60 57
90 36 90
9 3 98
95 84 21
43 67 18
17 36 47
67 44 78
8 49 2
28 21 94
8 20 98
47 58 49
46 23 52
57 42 99
43 42 11
75 67 1
44 3 41
57 24 19
56 8 3
1 62 43
92 39 45
87 80 66
74 56 92
43 40 47
87 51 3
53 11 93
92 76 34
76 57 55
5 63 86
87 13 65
52 61 70
99 82 18
34 81 29
70 54 84
85 99 27
14 47 71
64 72 77
61 69 49
50 74 72
76 62 25
88 52 10
96 36 89
77 46 45
74 71 9
20 86 93
2 90 96
53 92 26
11 40 69
26 99 57
40 74 86
25 32 32
59 9 28
12 57 96
8 6 25
75 51 50
2 34 98
56 70 21
56 78 4
0 97 79
62 33 78
62 25 5
79 28 4
61 20 39
75 71 90
72 12 47
18 8 88
20 68 47
39 53 74
46 39 77
36 91 40
69 0 67
17 8 82
40 87 77
93 37 66
76 62 79
32 23 23
90 78 9
61 49 31
72 3 47
89 80 58
79 99 23
97 67 37
37 94 45
50 79 46
30 91 45
95 53 58
7 77 88
50 51 88
62 79 65
86 65 78
60 15 86
31 83 25
20 34 8
61 31 87
97 53 26
99 77 57
7 56 49
37 6 21
89 85 17
59 53 8
84 16 73
3 26 26
21 37 39
17 18 24
44 46 19
56 13 51
0 4 15
35 69 90
92 84 26
24 27 89
7 24 100
2 76 50
24 26 7
41 37 47
38 84 42
54 59 87
8 47 94
20 21 12
3 14 98
81 89 89
35 99 16
32 70 43
35 60 42
47 54 40
57 28 67
19 38 18
47 67 16
8 84 61
88 25 58
10 96 57
92 24 85
64 97 77
96 28 56
82 99 19
40 36 66
61 68 15
65 57 32
59 21 2
13 80 29
83 52 56
6 0 62
21 7 41
96 10 26
9 30 90
16 45 29
38 6 62
42 87 85
53 94 32
84 51 37
48 99 76
83 93 12
89 90 37
62 33 1
65 3 86
57 94 8
46 15 68
31 21 63
31 29 34
52 26 70
57 49 100
79 99 91
26 10 85
81 6 20
69 85 42
80 23 82
40 20 44
8 70 30
28 94 63
42 33 43
49 75 21
67 86 63
37 30 49
8 45 76
82 65 27
48 23 18
92 4 62
84 50 52
80 64 60
79 64 23
77 3 48
99 72 53
45 6 32
42 6 57
15 33 64
20 49 58
65 25 44
3 23 74
5 33 41
83 18 67
56 45 94
8 80 62
8 10 69
50 51 8
73 92 96
29 12 33
55 39 11
17 53 91
31 61 95
22 74 44
4 89 96
44 5 21
8 40 85
31 6 16
28 12 32
81 52 17
54 58 67
46 99 58
29 24 78
71 79 37
58 76 62
8 57 18
41 55 88
1 53 58
16 55 22
57 86 47
67 46 6
4 60 52
2 32 81
99 45 23
55 21 54
46 47 38
10 18 34
82 22 57
67 85 83
75 88 64
26 21 73
10 12 81
72 13 23
59 66 3
10 33 26
81 82 89
11 75 46
69 29 57
32 28 30
87 92 41
12 77 22
23 10 35
85 13 22
84 51 15
97 84 46
45 7 20
69 34 84
50 23 57
53 10 79
6 60 44
30 9 33
76 13 57
93 1 55
43 1 94
37 56 29
67 58 72
80 47 27
34 35 98
68 2 58
71 38 87
99 77 88
74 94 64
93 75 99
70 4 63
79 99 30
70 33 54
69 24 97
98 46 55
66 6 21
56 93 81
58 19 88
37 76 52
93 71 35
1 88 76
18 90 55
35 90 92
32 11 39
47 15 4
40 14 66
3 39 77
70 92 51
38 79 8
53 48 86
2 26 22
80 22 91
96 56 25
77 65 15
86 32 84
52 27 98
16 99 38
84 18 84
12 39 85
2 34 11
58 31 72
60 38 17
66 94 73
27 52 91
35 64 25
59 13 66
75 54 70
80 24 35
70 38 39
45 85 97
70 56 5
35 81 39
65 33 96
58 66 23
17 26 79
34 50 37
77 41 69
16 30 66
75 40 63
76 7 22
35 23 100
53 95 1
50 15 71
77 49 48
1 56 60
11 44 41
50 39 21
40 47 20
71 66 78
45 15 82
75 82 54
77 95 16
87 38 57
18 76 25
68 85 20
30 27 71
88 21 40
61 90 70
93 83 21
63 94 38
55 66 24
93 64 77
39 93 61
40 90 84
71 58 24
80 3 68
28 50 99
59 94 65
83 61 37
92 60 23
53 40 75
14 54 13
21 58 85
26 46 5
28 29 44
87 37 34
96 90 90
20 65 24
42 91 52
2 37 96
46 59 28
80 82 21
41 8 85
58 2 50
41 71 40
79 86 45
42 29 40
61 56 12
58 2 19
78 59 60
55 70 64
0 53 74
37 98 82
48 73 94
5 61 65
54 45 9
41 98 66
79 91 19
43 10 97
51 28 26
90 5 51
65 40 16
46 25 89
26 83 82
88 20 68
46 7 10
57 49 87
17 77 12
73 96 58
71 89 14
32 34 20
46 93 68
11 70 7
98 62 3
34 27 54
3 38 81
71 89 37
61 11 77
74 13 25
99 27 11
18 33 84
22 35 78
81 80 43
35 33 71
71 62 85
65 83 82
85 27 1
12 86 75
78 48 81
65 49 32
4 96 52
43 28 70
81 55 54
21 26 28
91 43 33
76 62 100
28 7 53
96 60 19
8 28 38
4 47 80
93 89 13
88 83 75
47 21 59
71 86 84
94 44 8
92 6 12
63 59 42
84 45 91
25 41 85
17 39 13
51 74 1
78 31 70
92 27 6
12 8 21
42 61 76
57 56 97
59 85 47
75 3 8
19 7 38
23 9 62
25 78 15
51 40 20
77 62 76
54 1 74
25 99 51
44 52 94
1 91 13
13 54 58
53 59 12
29 98 88
76 32 1
73 54 26
26 3 22
55 52 17
20 41 24
54 93 5
55 80 30
65 96 51
51 33 71
35 11 8
83 18 6
94 4 6
44 13 46
42 83 93
67 19 48
63 12 43
92 57 50
94 42 60
27 9 26
48 96 100
44 74 18
56 11 24
21 38 69
26 13 75
68 0 93
88 32 60
47 86 47
11 89 100
3 64 74
58 34 97
5 95 32
49 95 57
43 63 63
52 23 29
10 37 45
5 30 69
49 94 1
16 88 38
69 23 29
81 94 38
45 6 10
11 42 42
49 71 53
81 69 60
3 52 86
52 6 66
82 96 69
52 41 75
21 47 8
45 97 28
41 84 82
14 72 68
5 51 70
2 98 33
76 37 90
33 50 11
17 44 31
59 91 27
16 74 66
56 42 39
24 99 19
31 55 95
72 44 94
50 69 32
19 72 31
46 40 47
16 10 2
64 40 97
9 90 96
79 62 85
3 2 72
35 2 80
51 70 74
51 54 17
92 8 39
17 9 5
52 77 35
19 42 7
57 85 99
89 15 80
97 2 73
95 53 87
87 95 89
22 18 31
79 20 58
31 52 3
5 37 22
45 83 49
18 97 36
16 97 15
75 58 9
16 8 1
99 4 39
92 60 27
35 15 42
31 82 9
45 92 31
51 0 91
48 38 83
98 24 64
90 33 93
89 56 93
16 69 1
41 70 83
65 5 81
65 95 48
69 19 66
71 44 13
0 64 34
36 65 46
98 20 7
14 58 13
33 83 91
54 96 46
88 76 45
89 1 48
17 79 11
22 96 4
68 58 63
44 69 17
1 73 92
81 64 79
12 26 83
65 84 1
4 77 49
91 70 89
47 7 93
95 30 97
66 4 14
51 61 58
1 90 46
12 15 94
45 63 28
72 9 66
9 65 96
76 37 7
49 74 6
52 91 1
73 3 80
41 94 70
93 87 58
11 4 49
32 40 64
88 59 74
1 76 98
82 2 96
16 85 87
41 75 42
19 4 4
11 66 52
37 90 84
55 36 67
52 38 80
37 9 75
47 54 42
98 20 40
28 32 46
90 45 100
73 40 88
42 95 94
93 18 15
61 75 9
47 24 32
10 25 3
37 15 1
34 87 100
50 72 42
41 55 7
17 22 72
64 0 16
74 44 27
34 35 58
7 94 59
49 14 76
29 94 80
14 58 99
25 79 88
13 66 83
11 28 69
7 29 66
20 93 12
21 78 15
17 80 62
53 96 41
5 39 3
69 55 96
4 81 9
53 20 44
7 93 73
37 53 2
87 31 11
95 15 33
54 92 58
49 33 87
2 89 26
4 58 72
10 3 64
92 65 11
64 16 75
68 40 49
27 39 27
38 39 66
14 88 5
26 62 81
54 28 45
93 56 88
13 68 37
25 71 39
78 22 23
49 97 95
57 99 97
92 73 23
17 83 57
78 69 90
76 45 17
71 41 45
30 23 30
84 39 46
55 48 57
17 32 40
76 99 32
98 14 34
28 39 9
86 44 82
5 0 84
83 40 36
82 33 50
78 56 88
82 67 73
5 59 32
82 36 31
64 87 43
66 58 44
61 43 46
19 14 41
53 11 57
77 73 59
29 8 55
72 5 11
40 74 51
74 71 7
37 35 73
17 54 29
26 58 1
42 73 61
80 45 47
61 59 76
92 47 60
19 8 64
98 81 72
60 71 96
66 69 12
52 59 14
67 5 12
6 64 23
88 12 24
62 44 48
20 87 62
2 76 74
52 60 83
3 12 12
51 41 41
52 84 97
78 18 82
19 67 62
1 58 97
75 53 95
94 59 44
49 10 59
19 39 22
3 25 83
40 30 7
47 32 99
26 52 56
37 91 95
47 61 80
90 92 89
80 16 23
72 24 96
41 69 26
26 33 85
71 85 35
95 85 36
80 7 88
31 92 22
69 80 4
25 30 32
69 28 1
50 42 3
39 48 74
84 17 73
46 48 25
9 74 64
48 43 59
83 89 58
85 72 42
40 74 98
54 73 55
23 6 91
43 33 69
37 95 47
96 94 18
66 65 13
24 61 15
68 11 31
14 15 85
55 80 78
65 73 89
78 99 57
97 1 82
57 80 97
2 69 30
64 73 94
80 58 30
7 84 39
67 13 53
72 43 50
96 13 62
13 10 46
44 36 71
91 0 40
73 44 43
10 13 99
68 91 59
10 60 75
97 33 51
90 4 6
40 41 63
75 54 34
35 46 96
85 72 68
73 92 39
3 56 1
76 36 8
23 96 22
38 94 42
15 35 64
48 55 2
6 70 99
6 77 39
20 52 82
56 40 94
53 17 99
5 93 71
18 54 13
40 45 15
14 58 80
35 1 73
32 87 29
15 65 8
23 5 99
16 30 4
25 46 33
58 49 55
20 95 63
26 47 81
59 27 15
4 34 7
75 99 1
91 58 7
75 44 2
37 56 100
61 89 87
32 18 25
67 6 51
89 91 73
18 21 92
24 65 52
55 64 10
13 83 30
29 95 50
93 17 30
3 12 91
29 45 77
81 39 26
74 3 48
67 13 88
29 33 23
60 66 89
94 71 79
5 76 74
98 10 40
49 58 91
32 60 82
80 24 63
36 81 79
10 36 93
96 59 12
14 81 63
11 19 27
36 15 84
94 52 12
24 68 44
55 29 48
3 83 9
58 6 99
62 73 97
77 39 54
31 68 18
88 12 73
1 6 43
0 4 46
50 1 7
33 60 82
20 5 41
21 73 36
54 60 66
36 94 1
56 1 48
98 56 19
59 94 70
52 32 62
1 74 87
18 87 38
74 61 29
71 49 64
20 66 84
16 83 16
43 58 23
15 24 78
21 62 95
89 71 51
23 85 8
11 45 40
97 5 65
13 87 37
36 45 10
64 25 73
66 72 90
94 93 61
20 7 16
43 54 73
64 28 30
76 74 10
57 60 20
31 19 86
28 85 35
21 88 72
81 87 49
96 73 62
51 3 52
63 53 72
71 53 85
26 39 47
28 20 73
20 90 6
82 42 77
41 91 30
19 49 40
82 57 47
98 76 31
78 23 27
59 19 14
5 87 65
37 51 4
39 24 10
16 57 26
23 26 66
11 9 45
48 77 56
3 43 76
66 84 17
99 82 44
50 52 44
78 50 59
20 27 23
54 1 43
70 9 29
19 56 7
95 41 11
65 73 93
74 80 2
81 20 9
53 43 25
39 81 13
4 58 25
34 55 55
93 49 29
9 74 68
80 3 98
64 70 4
80 60 69
31 11 37
0 58 20
82 72 26
81 82 43
72 42 20
92 72 69
58 78 97
22 33 33
97 36 48
34 24 50
53 9 39
91 23 11
54 89 33
22 92 58
93 61 51
55 68 73
15 59 99
3 90 12
56 51 18
13 67 11
70 9 33
33 6 51
61 35 49
31 37 61
18 52 72
83 32 20
70 78 40
2 43 30
48 3 10
66 97 61
81 48 70
48 41 66
81 79 14
78 44 90
2 83 36
55 13 14
38 12 25
94 26 22
29 50 84
29 63 84
63 47 65
51 6 52
65 5 46
57 73 37
66 17 63
40 42 45
99 58 15
94 23 12
88 9 9
89 46 63
98 51 74
52 22 28
27 38 61
57 23 3
28 72 60
93 58 10
0 33 75
31 66 27
83 71 40
13 32 72
25 82 60
47 44 35
18 77 23
17 53 50
3 34 35
66 70 42
74 75 70
93 76 84
53 52 51
32 69 77
9 62 6
49 90 42
76 81 45
56 2 76
64 89 50
63 23 68
7 23 13
66 1 49
74 7 92
20 11 69
39 96 44
86 40 27
98 9 62
41 36 34
68 89 43
33 20 8
71 10 71
81 79 79
55 2 54
94 69 86
92 65 46
84 2 47
0 42 69
29 54 63
30 51 88
35 67 98
82 12 51
84 76 52
5 59 98
95 99 25
14 72 90
76 75 82
46 50 70
24 99 17
72 12 90
99 59 57
22 80 82
16 40 77
40 82 79
40 21 29
37 62 79
69 75 82
56 41 36
79 29 2
32 42 96
84 55 33
80 85 29
40 49 67
1 62 7
78 15 76
24 75 29
63 34 68
34 60 34
22 29 5
38 33 75
58 51 98
95 94 60
13 12 60
88 66 50
15 91 84
80 66 42
18 98 20
68 51 34
13 38 71
32 93 97
23 34 87
19 90 82
58 23 46
59 35 13
96 13 15
70 48 17
11 66 65
1 43 99
16 68 5
59 47 33
87 53 37
27 12 38
53 70 100
72 17 30
62 90 50
43 88 20
42 63 77
13 77 93
95 44 56
44 92 64
68 25 43
55 64 35
17 99 39
52 37 91
5 84 98
94 28 69
28 18 46
19 50 56
61 46 98
48 25 84
8 49 69
56 89 95
66 86 51
83 76 34
34 16 52
80 32 53
96 14 49
28 21 67
28 41 42
4 28 44
82 39 85
19 67 61
59 71 61
69 73 51
10 35 96
3 24 100
99 35 53
91 44 25
99 6 52
43 71 94
19 87 97
34 96 77
51 31 11
67 12 24
26 77 51
61 81 74
59 46 10
20 78 71
2 28 6
79 93 54
90 14 83
37 74 27
91 74 21
83 85 34
37 44 52
98 16 91
65 59 30
61 56 73
11 24 44
45 10 29
91 78 22
79 24 29
53 40 64
96 47 32
88 34 84
31 9 25
84 83 23
85 30 40
85 89 21
56 25 68
35 55 43
70 64 71
77 65 29
92 98 3
66 72 64
38 67 59
88 91 56
74 64 52
33 66 8
0 83 24
7 34 49
79 33 98
98 38 82
92 24 95
57 20 72
97 43 45
49 12 60
23 71 16
28 68 35
52 75 11
53 67 27
89 27 16
91 16 94
24 88 57
72 34 61
78 4 68
63 89 45
24 17 18
20 96 49
74 19 99
90 87 72
64 24 76
97 27 2
80 50 16
18 93 53
26 92 68
65 36 58
76 56 18
23 62 21
34 49 30
69 2 25
51 44 29
97 70 88
2 10 100
32 5 7
95 88 89
23 86 80
4 43 56
6 87 68
80 52 7
29 66 60
67 76 84
60 34 3
20 59 85
94 26 81
15 56 2
14 67 35
27 46 38
64 2 12
85 12 34
94 50 46
70 61 36
47 45 68
86 12 79
67 72 46
37 69 41
3 15 2
52 13 97
69 22 13
60 84 42
2 19 51
48 32 37
75 24 76
27 76 14
26 28 25
76 15 25
8 15 63
15 50 53
47 77 97
18 22 44
77 17 77
87 55 74
85 19 31
40 67 11
85 53 71
90 84 68
47 99 19
6 46 1
31 62 74
53 59 32
33 82 43
10 41 24
50 36 52
16 18 60
85 89 74
9 87 14
6 86 42
2 19 42
70 23 42
75 66 78
26 16 44
35 8 46
84 66 58
63 13 55
13 55 90
53 25 23
28 69 57
47 51 27
46 54 79
57 94 19
81 4 62
6 22 26
6 72 11
3 55 68
55 84 53
39 26 42
66 73 32
88 61 85
35 91 93
99 66 77
28 8 10
57 88 7
30 26 69
64 0 58
80 25 15
13 1 26
52 28 28
58 81 84
1 85 5
77 39 96
25 31 62
79 85 40
22 74 96
44 32 71
89 75 55
85 99 89
60 14 87
23 26 47
14 46 95
32 42 8
71 76 6
80 31 99
67 35 71
15 65 42
69 33 83
27 31 24
59 7 43
88 65 70
33 81 35
9 73 84
43 2 11
40 6 47
42 21 97
97 61 6
68 40 97
17 15 58
88 67 65
37 38 22
73 67 11
59 30 90
56 34 33
1 7 89
22 57 94
57 51 37
48 15 82
97 60 23
63 66 22
60 32 71
96 1 6
72 31 16
72 12 19
3 48 78
38 95 55
73 80 10
50 80 18
26 31 52
1 53 64
46 10 88
82 74 14
86 90 90
85 62 39
11 88 73
97 25 19
87 79 87
15 73 55
86 65 91
77 68 61
17 38 93
63 96 4
5 85 47
12 1 97
40 67 52
65 88 13
34 57 15
12 64 81
2 22 31
40 83 10
59 29 55
34 17 73
70 5 44
66 28 11
13 64 18
87 30 3
67 53 33
45 65 58
66 36 84
8 75 35
5 50 5
34 16 93
60 97 4
86 88 92
93 29 33
53 56 67
13 37 71
51 18 64
76 90 64
21 92 18
42 15 68
81 23 94
48 63 34
50 9 17
0 53 41
89 55 32
75 12 78
25 28 88
72 87 52
11 4 63
57 0 63
39 35 89
96 98 54
33 58 83
65 45 76
50 53 14
98 5 25
18 60 100
85 80 92
17 5 5
58 16 84
58 96 58
46 49 80
80 76 92
48 55 68
44 81 39
36 14 29
61 15 12
52 30 87
4 66 38
19 66 54
74 97 92
71 63 4
26 56 12
59 37 43
7 58 38
74 79 10
52 45 63
58 18 44
35 45 58
19 67 46
20 21 2
63 94 33
63 21 26
71 24 73
38 5 29
4 48 75
88 53 47
58 79 53
61 35 49
12 11 92
31 87 11
18 83 58
12 82 68
3 69 69
62 14 64
56 52 68
26 77 43
59 97 16
97 36 28
74 32 44
27 44 82
40 96 77
67 4 30
14 73 87
38 99 19
70 95 2
32 24 22
15 87 89
80 19 98
95 21 27
76 88 38
10 68 95
10 35 56
47 72 32
90 50 70
44 35 36
23 44 69
47 15 14
91 67 97
67 61 21
85 13 84
41 93 97
90 91 65
72 27 12
50 90 55
51 36 40
65 45 80
10 16 20
35 89 2
56 77 11
6 81 70
33 62 94
38 91 78
60 79 90
99 46 60
43 65 21
73 40 66
96 75 35
68 69 30
52 73 68
67 37 49
92 47 14
40 97 85
94 98 53
53 67 77
90 70 62
39 82 76
15 66 38
54 29 41
33 69 96
60 16 98
79 31 59
37 73 42
92 89 67
66 49 21
15 18 27
80 96 73
41 22 98
37 6 1
95 91 96
72 76 46
56 48 94
90 51 35
32 86 39
51 26 52
69 31 36
27 35 50
77 24 46
94 96 54
90 51 80
7 95 45
20 12 47
95 70 100
51 27 41
46 11 76
15 14 54
70 1 14
83 48 37
42 2 80
29 14 95
45 30 55
64 39 73
46 27 40
59 61 66
90 16 79
3 60 41
71 53 15
75 92 61
50 36 93
79 22 34
33 40 68
71 10 48
60 90 75
49 88 20
23 11 6
44 17 92
3 10 95
32 65 63
71 94 80
18 44 18
57 90 62
99 60 55
97 76 96
64 41 15
46 47 76
3 2 21
87 50 17
84 46 37
77 87 7
15 38 46
36 60 91
37 67 20
69 25 53
3 16 21
58 54 29
79 47 55
51 40 82
93 62 68
93 19 53
17 86 70
16 81 95
8 60 80
42 53 67
37 11 12
59 40 67
19 26 11
72 63 44
12 10 64
26 71 99
82 40 56
78 47 66
0 3 41
55 2 79
31 58 74
6 10 18
71 99 84
90 40 43
95 34 40
3 24 73
19 52 33
96 31 16
34 0 36
27 49 96
36 80 41
26 34 2
94 61 13
8 77 19
46 57 24
4 91 96
88 51 60
40 51 57
55 80 30
82 69 95
3 89 92
51 81 47
51 64 29
70 85 7
45 15 81
37 60 35
32 70 68
4 41 72
13 57 78
41 12 11
0 88 71
39 89 21
44 77 6
51 71 3
52 64 5
60 29 39
37 23 5
73 22 100
30 71 44
21 12 88
7 62 49
77 70 80
40 30 17
4 19 74
61 20 28
19 81 83
9 96 38
78 4 81
36 67 97
69 9 19
51 50 23
24 58 22
30 64 99
17 41 88
79 56 73
41 93 94
96 1 35
54 27 38
76 5 23
85 43 62
46 39 25
36 2 33
17 71 28
86 18 27
83 61 90
54 65 64
90 77 58
28 97 59
16 55 41
2 26 98
94 63 85
92 6 56
46 19 35
25 89 90
39 80 72
99 42 58
48 68 87
64 93 37
93 34 1
33 76 100
6 70 95
71 93 98
5 39 84
25 29 86
64 25 64
56 4 74
58 27 61
18 0 58
55 81 92
44 74 22
24 31 47
17 2 1
34 82 42
59 91 15
77 92 64
91 29 74
55 78 85
53 2 68
18 21 9
90 2 99
52 89 62
18 0 39
95 4 36
64 82 12
40 81 83
19 72 58
61 68 3
51 20 36
55 50 56
15 42 13
15 29 33
87 5 82
90 64 29
22 63 2
59 90 3
93 72 22
5 74 41
87 16 56
65 20 81
7 11 16
39 45 50
27 29 6
35 15 1
2 61 80
95 6 26
27 67 35
24 99 75
54 93 94
52 25 60
88 31 63
46 22 7
18 22 10
2 34 57
3 2 21
14 83 62
42 74 90
54 60 84
5 76 81
84 37 61
37 69 71
80 88 20
48 58 75
36 37 3
38 9 8
57 75 67
39 47 80
4 27 73
8 97 42
79 48 69
50 87 9
11 77 85
37 7 92
18 98 60
16 58 43
34 22 91
15 99 56
70 73 27
65 84 6
61 13 97
66 13 9
51 25 25
98 62 26
29 69 77
65 31 96
64 43 14
44 32 84
34 56 46
45 4 44
16 1 63
49 50 53
63 81 26
74 29 15
76 45 63
30 20 60
35 10 16
48 62 22
51 55 22
43 89 45
51 25 69
44 96 1
4 48 69
60 27 52
5 96 43
32 52 45
23 65 16
23 16 100
30 50 25
94 80 38
78 0 99
1 58 86
6 80 97
66 86 15
12 25 76
32 84 2
93 31 74
39 73 52
44 97 91
54 66 35
23 80 77
75 10 25
13 41 50
53 10 42
29 64 76
26 88 88
92 5 9
67 55 32
19 54 90
26 2 44
24 9 59
79 59 69
61 54 15
37 50 84
6 50 58
94 49 40
58 11 56
63 42 49
4 55 84
52 58 12
36 86 72
70 96 95
47 57 54
91 76 40
54 18 53
4 7 52
89 24 66
58 17 100
93 41 57
40 53 66
66 75 79
18 26 37
22 26 46
46 58 91
56 68 85
99 4 16
82 27 81
1 71 32
38 86 60
55 57 35
83 18 24
75 87 9
70 49 29
21 75 4
38 59 95
60 86 10
74 56 31
72 62 59
54 34 100
47 28 18
56 1 36
38 24 91
72 20 11
23 57 42
50 53 40
16 85 4
2 71 40
78 32 33
62 27 88
11 46 80
26 20 77
37 6 6
40 28 21
2 67 12
19 21 76
8 44 76
17 81 71
83 77 83
15 80 65
31 26 48
88 21 20
16 34 59
36 67 22
62 83 38
4 33 5
9 64 59
26 68 4
82 86 90
69 47 40
11 13 49
26 40 87
50 74 98
25 27 98
40 22 12
33 18 59
41 21 54
22 2 61
77 31 70
36 83 12
49 5 39
89 52 46
48 34 65
3 6 35
38 52 77
23 12 23
36 88 28
94 41 39
73 42 44
80 24 43
30 80 18
31 49 28
13 49 15
98 10 92
96 16 50
27 24 8
36 47 49
15 39 67
65 66 78
36 5 92
33 85 96
86 42 16
3 84 74
15 86 81
29 41 55
57 66 17
42 32 40
79 90 31
9 39 87
84 57 76
13 3 62
49 33 28
45 97 67
51 93 52
4 10 57
17 97 98
23 76 66
14 7 86
94 88 36
99 58 27
89 60 2
73 18 9
45 53 60
3 85 22
32 48 83
32 40 22
49 81 35
21 98 77
78 94 56
34 59 21
50 83 46
90 16 24
16 60 78
62 47 82
25 17 36
75 2 36
33 1 62
0 11 54
47 46 61
13 4 6
58 81 56
89 36 87
49 8 87
9 92 38
56 30 53
65 12 9
17 12 81
86 28 89
87 53 69
67 9 58
61 75 91
26 72 76
28 25 96
88 73 96
0 73 51
94 37 42
31 62 39
12 25 17
58 33 67
79 5 76
41 39 88
82 61 20
63 18 69
59 91 12
89 15 40
95 86 64
89 65 61
39 79 15
45 83 37
99 36 66
14 99 74
3 70 60
76 13 88
92 8 80
8 9 34
92 4 95
79 87 57
90 26 4
63 43 79
78 58 78
82 15 59
16 72 62
54 99 76
19 44 10
38 71 54
47 45 63
35 25 83
60 72 80
48 17 75
35 25 92
41 40 50
69 1 36
83 13 16
70 20 10
87 77 12
75 29 70
84 15 33
61 34 9
3 28 4
3 47 54
14 88 31
22 1 27
87 48 69
77 30 57
14 12 72
19 79 30
63 84 66
30 32 75
61 69 56
20 9 5
27 30 88
28 96 48
47 23 6
29 10 51
23 86 10
16 28 1
26 93 82
51 62 95
44 56 100
18 82 99
80 92 50
13 48 89
94 14 53
16 85 15
82 31 71
20 71 34
77 26 73
42 53 13
48 25 31
67 54 70
61 53 15
99 17 59
95 7 18
37 41 90
14 57 81
37 42 79
41 47 75
48 76 77
36 45 9
38 42 81
39 11 5
58 22 86
68 98 35
34 37 55
0 99 14
36 47 56
49 11 73
25 12 63
67 60 95
51 41 98
63 26 66
3 83 2
45 42 75
92 33 89
50 82 72
24 93 11
40 74 42
24 3 22
66 96 89
6 20 71
51 61 74
49 30 30
30 18 78
14 26 5
21 2 33
37 61 18
27 91 100
49 64 70
22 10 37
51 84 26
23 38 43
64 81 94
19 38 42
32 39 90
56 2 15
20 31 63
51 11 66
84 43 94
88 82 6
8 91 67
47 94 91
86 78 34
2 95 17
34 80 85
28 67 41
51 84 93
75 94 48
76 62 13
25 46 63
63 44 68
54 86 85
76 96 56
55 96 54
14 48 97
66 70 40
32 99 15
54 29 17
61 6 19
19 87 73
79 66 84
15 68 43
9 84 9
81 69 7
37 28 28
24 5 14
78 12 65
13 55 6
81 41 20
33 99 32
6 69 73
80 47 60
73 54 90
31 41 57
32 38 81
14 48 36
48 63 69
39 11 90
95 81 94
68 52 20
93 79 80
88 34 45
71 67 92
51 69 54
60 47 61
75 69 22
15 99 35
9 59 57
33 59 18
73 84 8
79 88 99
10 52 6
85 94 12
39 6 85
6 49 33
80 48 74
28 49 60
29 74 25
76 48 63
71 85 11
98 8 15
92 4 49
53 71 77
46 79 40
82 29 92
83 58 93
41 40 82
78 33 89
41 70 16
25 94 91
7 51 33
77 78 64
1 22 37
15 3 84
46 59 28
11 4 62
45 12 48
44 32 6
72 14 32
60 52 22
98 16 53
2 34 28
42 14 64
51 43 93
28 63 30
95 14 30
65 73 23
86 41 99
9 82 69
44 7 75
62 23 77
12 31 93
23 34 86
47 97 9
69 83 85
12 72 37
1 71 80
63 89 32
69 96 82
3 29 98
93 92 16
47 81 95
60 56 93
6 50 53
30 40 92
80 82 52
99 48 26
2 53 34
1 55 90
96 30 28
88 54 59
5 9 22
66 75 53
84 68 88
22 80 33
67 4 12
67 9 38
93 91 11
83 1 55
21 54 74
97 91 16
7 42 100
60 98 38
14 90 34
20 65 98
91 78 79
20 67 79
4 87 67
21 89 10
99 21 96
4 31 71
9 73 53
72 41 35
32 99 56
18 94 60
43 71 86
39 16 72
24 72 78
61 87 17
46 64 2
22 0 35
47 78 1
7 52 29
50 93 42
93 83 81
85 46 100
15 2 6
13 81 41
88 36 100
64 81 59
79 1 33
27 14 48
47 77 12
75 39 93
23 68 94
29 61 36
96 43 35
7 11 99
31 17 37
52 69 91
26 95 7
35 16 23
6 97 63
96 8 40
89 21 82
29 25 7
84 51 71
49 60 4
77 31 57
48 64 76
2 32 86
61 54 89
17 79 72
95 28 96
2 6 46
18 22 85
7 81 58
83 88 100
17 13 40
71 29 45
65 36 40
89 72 11
98 32 65
39 68 4
39 60 19
25 40 88
1 21 14
83 29 61
5 74 70
51 81 63
21 34 52
74 28 56
9 97 39
43 28 28
99 12 74
67 30 100
53 56 98
13 1 44
42 73 90
50 63 66
27 37 65
22 61 24
41 45 8
75 50 1
46 17 55
7 40 3
61 93 62
85 67 100
17 77 47
47 85 41
84 45 78
63 26 20
7 29 54
67 9 99
75 28 62
46 38 59
58 72 45
3 63 99
67 34 21
42 1 91
85 89 13
40 51 53
35 2 91
14 89 75
89 18 93
19 70 18
99 71 78
26 21 29
12 75 58
20 13 90
5 41 97
68 31 72
25 85 37
11 50 61
77 48 3
73 97 9
72 28 6
12 35 23
51 5 24
87 32 85
26 98 57
89 7 33
60 33 40
97 76 58
42 28 10
23 55 91
11 96 49
54 99 72
6 16 95
86 1 21
13 59 35
98 25 51
5 1 26
82 25 42
36 57 48
62 77 91
74 58 78
34 29 8
70 39 93
23 70 87
14 44 89
3 65 13
33 11 83
22 92 43
19 52 27
71 16 71
68 77 95
39 15 80
48 42 99
36 48 24
44 74 70
81 49 27
82 65 32
73 12 18
14 37 59
98 92 79
81 52 16
32 83 38
93 43 90
0 99 20
37 41 64
34 22 22
79 6 20
36 27 29
36 80 71
3 24 33
90 47 9
31 62 68
49 31 13
38 43 31
76 98 62
88 40 10
34 17 9
93 3 47
81 67 54
80 26 90
2 14 91
54 75 2
9 55 44
69 11 72
42 14 96
23 27 9
49 28 62
49 82 27
90 74 87
87 0 22
36 10 45
2 38 31
78 80 36
42 19 37
90 95 40
73 14 73
3 38 85
66 54 58
66 86 69
68 65 73
32 36 70
2 59 11
17 24 75
62 26 75
4 87 35
5 6 60
61 75 26
5 61 78
26 37 36
47 41 38
10 73 56
95 72 98
81 82 88
35 98 38
72 62 31
18 21 35
94 40 99
32 24 91
18 11 93
73 59 75
21 72 94
63 1 67
11 67 80
29 65 6
55 10 70
22 13 47
42 48 21
31 61 15
36 1 69
72 0 21
0 70 56
38 11 20
92 60 19
35 26 44
56 90 52
83 61 71
70 68 36
11 66 4
46 80 30
77 8 81
99 60 39
14 71 50
5 77 65
45 20 38
6 8 23
11 0 20
58 99 76
18 96 61
53 99 25
53 6 99
57 56 21
34 23 29
5 77 67
92 15 9
87 54 75
62 77 43
18 83 46
60 67 62
86 61 37
71 40 80
85 23 47
83 90 23
99 77 23
41 50 28
25 55 6
3 8 91
52 26 56
16 68 71
1 24 95
60 37 86
18 87 82
87 92 83
95 88 23
32 57 96
74 56 30
49 80 15
26 92 1
5 59 82
72 92 99
25 15 88
30 4 27
56 66 32
50 54 18
89 25 3
30 44 71
29 88 87
94 78 41
91 60 67
80 2 22
50 72 73
42 44 73
37 48 4
40 78 59
89 77 8
10 18 18
95 21 32
6 26 38
93 96 9
72 25 93
15 55 34
50 59 48
8 71 75
28 18 13
45 76 49
30 60 67
76 35 35
60 10 20
74 24 48
60 6 62
61 28 22
75 52 17
40 8 52
95 60 68
68 21 93
25 63 11
27 97 58
55 82 15
66 75 25
78 96 24
58 55 96
76 54 68
95 23 84
68 69 84
12 47 96
47 43 41
6 15 97
76 33 54
71 83 96
81 34 2
85 98 65
81 40 33
52 79 63
54 65 31
84 73 54
19 47 42
6 72 7
31 17 3
78 20 94
29 58 84
12 2 53
67 92 3
75 98 32
92 53 4
27 22 71
59 37 1
44 87 52
3 51 74
21 70 5
22 69 33
90 51 67
81 69 58
27 90 7
52 42 53
12 54 20
41 53 95
4 3 11
56 2 99
14 32 42
65 62 5
90 40 42
30 5 58
57 59 92
28 85 11
74 94 57
49 65 3
33 86 61
8 14 94
24 72 51
42 67 79
97 35 51
4 70 54
72 27 25
92 28 89
52 56 57
11 52 71
12 15 66
92 34 83
70 86 13
26 56 55
81 45 52
59 61 43
66 11 6
3 86 13
62 83 95
58 53 18
89 77 75
82 74 40
17 60 39
54 77 5
64 81 72
35 31 29
80 73 68
6 11 54
18 78 3
45 5 15
60 85 97
39 97 9
98 89 42
56 94 21
71 90 61
85 79 62
72 78 52
79 23 14
56 95 80
28 23 24
52 90 95
50 36 40
98 19 64
77 15 41
14 95 58
81 90 88
1 77 23
44 48 17
18 56 25
92 86 59
47 97 64
72 86 12
44 68 67
34 33 25
15 82 26
74 87 60
55 57 95
4 25 35
13 55 77
23 27 1
95 89 13
7 90 92
5 37 27
27 49 80
48 92 25
89 8 63
81 62 71
37 13 70
60 19 100
25 65 7
38 63 94
1 48 85
69 30 98
54 47 84
7 56 42
47 30 90
95 2 64
79 34 34
91 16 92
51 14 63
74 57 10
89 97 62
45 13 93
27 58 45
11 17 93
89 14 12
22 63 26
31 17 6
57 52 80
82 84 41
29 46 70
72 95 60
87 30 85
26 36 38
10 59 38
36 64 5
45 58 48
82 63 69
62 74 67
78 6 15
61 23 23
68 80 60
64 28 35
3 81 92
8 99 29
93 6 2
47 39 50
83 21 31
57 67 5
8 54 59
83 60 55
38 48 19
10 26 46
1 27 13
76 40 28
19 57 41
73 7 25
16 6 78
85 88 11
44 41 21
55 22 35
41 45 94
74 27 98
17 44 83
39 93 65
51 60 32
99 12 40
29 0 57
86 22 96
63 8 60
2 79 6
24 39 69
87 58 1
75 8 5
95 58 70
96 40 77
26 50 3
88 77 57
6 99 10
85 27 33
19 20 22
16 99 9
41 32 22
82 50 28
67 43 91
52 65 10
40 64 22
25 58 41
8 82 90
92 29 14
60 80 9
61 26 81
32 82 25
8 18 36
78 49 24
45 27 100
44 87 29
28 60 13
18 54 21
60 32 54
44 63 40
32 75 15
29 2 56
99 1 22
87 54 99
59 10 72
84 13 90
8 3 30
41 12 39
99 35 61
0 52 82
89 79 17
93 87 67
55 58 48
25 98 88
93 64 37
73 64 89
4 50 99
67 10 64
28 79 95
62 91 94
48 52 91
84 15 31
36 81 2
52 25 36
97 31 26
96 0 86
53 55 21
63 91 43
71 66 77
12 48 12
21 42 46
89 87 48
38 41 82
37 61 26
53 64 29
11 74 73
67 96 82
34 6 10
25 28 23
89 41 74
26 78 62
27 92 28
98 80 40
13 52 97
65 15 48
47 38 100
6 85 25
84 56 67
47 5 16
93 91 15
34 21 59
41 64 84
40 27 16
51 59 51
52 73 9
84 36 16
16 90 8
47 55 8
5 64 75
71 2 63
69 16 93
43 24 73
16 75 4
85 58 98
58 95 18
84 51 49
3 52 91
58 83 24
78 57 35
79 74 28
64 0 18
78 2 36
7 34 42
45 0 77
69 94 28
15 37 18
36 42 82
26 4 11
50 91 3
62 49 89
90 69 87
54 25 90
40 95 37
94 50 57
83 21 63
79 23 52
38 60 69
2 12 81
45 24 100
70 85 56
8 50 79
77 87 61
2 96 55
5 50 82
93 40 65
55 12 5
13 32 62
54 79 17
39 99 62
50 27 97
57 12 68
43 10 2
10 12 40
1 94 15
52 24 62
40 39 85
81 38 21
34 57 82
6 23 8
97 54 75
53 23 85
64 97 19
42 44 28
43 12 74
48 85 41
44 97 37
73 89 94
20 89 88
91 81 87
51 57 42
28 54 89
63 9 17
55 39 100
70 84 56
4 47 51
69 92 72
60 94 24
45 83 13
98 67 56
11 83 33
36 50 50
30 0 46
45 89 63
39 88 82
89 27 40
92 35 25
46 40 22
22 10 61
80 51 81
17 74 92
54 13 36
56 88 37
16 23 2
88 41 17
69 39 8
0 59 16
45 74 45
38 80 28
67 27 16
87 48 98
20 30 56
19 89 28
26 90 8
84 92 30
99 17 11
30 38 24
89 20 80
51 77 94
62 44 35
72 59 15
84 98 100
63 70 24
43 35 48
63 77 67
74 41 81
18 25 20
95 36 59
46 3 100
9 37 7
88 16 69
95 21 61
54 78 62
2 40 69
79 0 40
41 39 3
6 20 66
64 52 11
56 65 73
61 31 35
46 23 45
86 19 3
19 83 83
84 54 27
61 77 54
79 43 18
63 28 52
92 93 100
27 8 10
15 52 20
25 45 54
62 74 37
64 9 43
20 32 65
79 66 37
58 25 76
64 87 44
93 55 78
95 82 44
35 43 27
63 75 13
51 62 70
86 76 46
23 99 99
91 93 53
29 23 99
35 82 95
2 95 29
16 96 11
51 7 65
35 29 83
6 17 63
64 93 92
50 60 86
48 22 57
33 10 14
63 9 77
94 32 6
34 39 64
83 78 57
46 18 86
6 65 98
15 36 80
99 15 8
51 2 36
22 80 35
49 48 10
83 12 31
26 51 55
42 39 35
18 43 36
60 21 33
50 30 43
35 47 62
36 22 35
40 97 21
74 18 89
18 11 56
55 38 95
40 58 99
93 78 67
27 15 17
4 10 48
14 21 22
42 32 65
89 12 74
66 46 5
52 44 15
78 1 11
18 56 40
63 86 44
78 3 85
14 98 90
73 45 64
64 36 20
3 48 29
82 74 8
29 76 90
14 26 49
43 22 75
51 44 21
12 6 12
9 14 2
19 28 88
64 18 59
49 86 72
11 38 11
26 2 91
27 74 16
67 69 100
50 4 59
55 89 54
72 3 32
43 92 71
60 64 68
62 65 64
34 2 13
37 11 5
45 29 73
44 60 89
44 39 19
87 48 36
76 71 14
40 3 19
79 36 7
75 80 52
99 26 92
72 80 41
54 33 68
11 43 40
68 15 19
22 15 89
18 77 95
99 39 34
8 52 16
16 2 23
1 53 51
19 49 64
6 18 60
19 36 33
28 54 37
39 72 17
99 65 59
40 29 22
96 22 87
31 43 81
58 55 72
92 52 7
1 65 20
64 10 33
15 66 13
98 67 92
19 97 60
6 54 43
1 12 86
55 77 16
28 81 30
76 34 73
88 33 11
54 67 20
99 38 11
63 62 32
94 96 27
30 35 55
90 93 46
42 46 65
36 19 97
18 77 32
37 94 79
38 81 61
77 37 78
19 0 68
43 36 97
51 23 10
79 97 57
73 90 75
47 6 50
31 21 38
71 41 82
64 61 62
88 76 23
3 65 3
81 25 2
42 26 23
71 56 73
64 78 53
87 35 45
55 3 85
35 55 75
66 62 45
75 49 90
65 17 90
55 16 46
29 34 62
75 30 59
58 96 47
87 91 2
87 96 22
18 49 37
99 10 76
4 29 8
86 36 34
62 55 60
67 16 49
37 84 45
99 8 24
52 31 24
73 52 49
0 47 51
34 54 91
80 25 88
91 97 10
39 65 39
49 60 37
6 93 28
44 4 50
1 31 38
16 79 73
19 83 37
53 75 57
16 20 1
63 74 35
81 33 29
97 17 43
79 4 52
13 90 94
68 84 97
75 13 10
58 69 83
44 63 52
57 82 55
85 29 89
30 55 12
86 6 45
6 76 65
86 15 88
16 78 53
43 6 86
86 76 53
24 46 72
59 54 57
57 13 73
40 60 72
40 87 42
97 27 43
33 55 39
54 35 14
92 83 49
95 75 87
44 14 9
35 96 31
4 84 73
81 72 15
89 63 94
2 6 86
56 71 29
56 16 39
31 87 22
97 55 56
91 10 47
26 72 8
77 63 39
0 87 19
14 36 77
43 17 52
4 44 22
88 6 13
49 11 45
34 55 13
25 95 68
88 54 82
1 28 33
94 32 1
55 5 38
40 43 85
15 95 84
41 92 90
18 47 90
99 23 19
73 95 71
99 92 58
54 82 12
35 46 70
51 68 31
79 94 44
83 18 4
63 87 20
86 55 45
95 61 26
85 70 59
67 22 54
48 22 33
93 66 96
16 84 56
29 18 4
81 14 25
57 5 62
9 0 64
76 82 56
93 68 80
7 33 26
74 5 11
34 82 50
18 78 73
56 38 84
14 49 8
30 34 26
88 68 90
90 77 66
83 16 73
26 13 20
23 74 60
6 66 92
0 49 47
68 27 100
31 59 25
50 59 45
32 71 94
48 17 52
93 96 11
77 10 28
44 11 99
87 79 67
73 72 73
9 65 43
59 78 98
52 72 70
94 79 87
47 39 71
57 47 23
17 75 65
37 49 92
66 57 55
45 7 36
36 65 31
69 11 68
38 88 27
31 30 96
43 22 75
87 77 74
54 47 73
3 38 68
82 23 78
94 64 97
4 85 56
8 23 32
37 59 61
26 83 50
12 84 73
71 98 57
49 41 92
19 29 1
96 0 30
27 3 97
76 81 30
42 25 42
77 39 91
11 14 63
97 5 24
24 42 87
88 14 32
72 62 85
11 60 29
51 18 41
13 58 61
45 49 56
71 39 72
17 78 88
74 33 60
8 44 27
88 97 30
58 41 96
76 96 40
70 40 33
62 22 31
86 66 22
82 3 16
87 94 86
71 75 87
13 45 90
19 76 56
50 43 52
97 77 14
85 41 3
82 92 77
81 83 59
95 15 84
10 8 86
78 50 4
68 44 19
52 10 68
20 67 93
19 14 16
79 24 58
57 80 69
26 88 13
91 88 28
57 12 82
67 21 70
18 35 26
26 46 92
5 67 89
47 58 75
29 85 87
49 7 49
96 78 72
43 63 79
45 42 26
3 70 7
74 4 24
14 38 89
98 70 29
6 53 80
18 11 94
66 42 34
78 35 9
25 4 13
79 37 40
34 46 66
72 28 96
63 3 40
62 53 22
79 1 24
63 88 62
66 30 80
41 1 52
20 98 59
15 13 39
45 35 15
3 38 58
37 25 13
46 60 69
31 65 58
67 63 91
66 17 48
36 80 99
97 98 31
68 74 49
67 41 59
10 80 65
30 85 76
3 68 11
81 79 75
41 43 8
61 82 19
48 40 29
40 34 5
90 59 30
32 8 86
79 88 97
66 21 55
5 98 14
49 21 36
94 77 10
19 68 84
87 98 61
79 33 29
16 80 62
98 36 70
46 60 21
51 92 39
78 54 25
48 52 65
51 40 84
76 6 71
3 40 1
4 83 17
35 20 82
4 9 53
95 28 95
12 85 51
39 18 48
68 91 56
88 29 27
62 61 76
66 12 69
44 34 60
60 38 8
59 65 12
59 63 78
37 20 93
42 79 54
85 76 91
28 95 37
88 80 29
52 35 41
52 78 67
97 75 67
9 56 23
99 46 72
69 74 14
17 61 23
4 94 5
62 48 94
38 81 18
35 54 81
92 81 8
85 51 2
65 67 99
42 85 92
22 96 17
98 63 61
63 66 76
78 85 72
65 30 35
54 79 81
37 4 42
11 72 55
16 77 36
22 8 18
55 46 58
92 14 85
4 5 30
89 2 49
14 16 70
81 91 77
92 38 92
74 66 82
88 9 88
27 83 68
75 2 98
80 88 66
94 78 40
5 76 61
70 57 22
73 81 37
18 34 32
0 14 74
52 67 48
37 73 74
20 45 17
4 86 85
91 8 97
27 96 60
28 35 68
53 60 64
60 46 68
45 79 30
37 1 19
69 76 51
34 44 95
74 70 92
76 15 79
80 81 64
24 39 93
68 57 17
38 20 79
35 74 86
93 78 5
74 72 33
29 17 23
15 45 54
10 8 74
48 17 40
99 78 55
49 65 51
56 10 48
33 96 57
90 56 7
51 99 25
95 83 20
50 41 89
5 2 40
93 25 52
63 87 57
8 62 3
18 11 1
34 96 16
17 0 49
41 12 64
90 71 39
75 17 97
7 61 87
9 14 41
45 26 67
85 23 46
9 37 22
59 36 90
3 92 11
79 36 23
44 12 66
91 50 59
81 60 28
95 65 91
54 5 58
62 92 70
28 5 68
6 76 36
86 87 31
86 74 59
53 43 11
24 5 93
70 66 45
61 55 39
93 9 68
14 97 15
79 98 84
93 31 99
47 35 30
83 32 48
62 3 65
37 42 53
37 3 8
10 1 81
29 53 63
82 10 62
8 43 30
78 4 56
17 24 68
78 36 4
41 49 34
32 96 9
43 84 65
18 28 40
1 88 60
1 52 18
38 21 56
20 71 16
84 80 47
8 56 69
96 21 22
18 83 86
78 55 4
79 45 55
69 76 25
10 7 55
19 46 64
31 85 16
41 74 50
56 65 79
30 7 47
70 20 41
9 36 19
27 61 52
41 7 40
65 13 91
30 4 28
37 62 95
47 80 73
2 33 100
38 7 13
4 60 27
62 82 63
95 84 96
80 74 10
25 13 75
69 11 45
79 61 71
99 18 22
68 21 74
27 62 59
58 59 46
75 72 17
7 35 82
19 20 35
88 22 34
35 80 29
41 97 75
95 69 81
7 43 3
55 65 40
95 92 48
90 42 84
62 41 62
11 91 9
93 85 92
22 65 63
10 41 82
13 75 32
3 52 91
44 35 10
59 41 48
21 83 100
42 56 79
49 19 35
52 30 4
42 18 64
66 54 53
13 63 85
60 4 51
0 13 94
3 7 16
14 27 61
37 91 91
93 73 73
88 37 45
54 41 6
44 36 38
66 74 81
42 46 66
90 83 55
7 97 10
72 69 1
33 5 42
89 25 5
86 26 19
91 87 33
72 30 7
21 92 91
21 89 11
46 84 99
2 10 74
97 22 79
56 81 12
89 63 76
92 96 48
23 88 78
78 87 12
93 76 79
33 38 69
33 48 95
7 58 49
26 57 90
93 3 70
24 27 44
24 78 40
12 54 1
22 10 36
32 43 19
53 80 19
31 43 81
32 12 16
40 27 18
14 72 39
72 24 54
63 68 12
97 17 79
36 32 49
46 73 56
11 5 71
57 53 26
19 45 42
6 60 79
93 96 29
91 43 43
17 44 78
71 4 98
82 84 58
62 98 95
5 15 53
74 52 56
68 90 60
81 44 47
46 62 97
85 84 43
65 39 48
29 55 14
12 22 44
87 36 33
28 49 38
66 94 57
4 49 38
53 43 48
28 65 37
47 49 73
64 16 43
36 20 38
95 61 38
3 60 96
51 10 75
88 44 94
88 9 50
7 66 52
55 41 7
67 88 23
13 4 80
30 25 19
90 99 52
81 93 37
16 88 67
16 94 27
71 82 56
30 89 22
30 80 70
73 0 89
97 26 82
2 80 22
34 61 39
17 20 9
12 7 7
56 73 55
79 15 83
57 27 27
12 45 39
69 87 23
88 77 62
26 91 40
25 41 39
23 8 68
35 4 53
2 57 39
32 60 93
40 66 6
21 94 27
41 74 31
60 40 92
74 47 9
68 17 59
53 27 43
8 16 45
15 84 62
49 32 67
58 20 57
29 37 90
94 45 68
30 72 49
40 57 41
58 71 86
40 51 68
87 40 36
48 36 94
92 43 6
56 63 41
40 80 18
2 31 58
88 70 75
66 75 71
5 40 23
17 64 77
31 47 21
79 23 35
47 92 23
53 23 4
23 94 100
34 14 76
87 93 32
6 51 33
4 77 18
84 51 10
88 58 100
2 12 40
34 48 48
38 12 91
93 17 7
76 42 57
13 25 42
36 14 92
57 38 13
41 83 45
17 50 59
61 7 29
93 70 55
17 31 67
30 67 42
50 28 36
35 10 47
11 37 16
61 36 80
1 66 52
80 26 2
38 73 99
38 28 98
14 81 78
52 48 83
15 29 6
22 41 26
18 81 71
91 85 2
59 69 25
87 67 98
68 46 9
85 95 98
94 49 69
54 76 97
45 54 52
58 7 88
67 37 87
97 9 23
76 8 44
88 35 28
72 68 60
71 60 100
78 56 16
81 4 38
14 38 37
70 14 33
64 50 74
26 53 68
13 39 87
96 60 16
3 90 47
2 23 31
45 79 44
54 35 2
26 95 40
87 73 45
49 47 41
73 36 10
43 71 46
71 16 69
94 38 55
99 51 40
68 90 22
51 84 1
97 44 46
62 23 7
68 1 80
63 78 73
78 40 82
8 58 69
86 28 86
66 71 75
72 87 74
24 99 82
11 37 47
40 39 25
2 76 19
24 41 97
4 73 74
86 58 4
12 15 97
56 61 59
95 41 72
21 59 15
43 25 28
55 1 97
74 16 97
52 82 44
55 86 49
97 63 81
74 55 47
32 13 82
62 31 53
54 60 96
26 30 98
70 76 69
35 3 15
50 89 35
16 43 1
4 7 14
66 77 23
26 96 100
66 21 25
92 74 19
16 6 67
1 40 24
88 95 76
49 6 86
99 13 89
40 64 41
20 52 51
40 69 36
32 3 83
71 82 39
16 90 36
34 92 8
48 55 13
10 70 98
4 88 39
88 57 1
20 45 75
59 66 75
71 51 16
4 63 73
60 63 38
28 41 53
23 19 10
84 12 100
29 35 46
38 64 30
79 76 51
0 15 66
73 0 11
87 44 77
68 41 95
21 85 3
95 2 97
89 96 7
76 55 45
55 7 89
72 88 2
11 0 23
95 52 73
0 23 41
22 41 30
19 85 4
75 83 80
81 33 17
54 63 2
31 45 93
36 3 39
1 62 12
15 19 47
6 8 10
57 19 98
91 34 61
53 4 14
22 12 76
7 77 88
6 2 31
88 63 32
43 70 65
20 71 35
21 25 88
99 42 43
25 33 1
47 31 53
64 0 29
97 55 5
16 94 29
50 29 51
80 9 8
52 41 19
92 57 64
16 76 7
95 65 86
20 6 33
99 15 99
85 13 19
96 6 25
21 6 21
48 81 32
31 84 98
26 51 23
50 16 3
21 40 40
75 64 61
63 86 1
62 79 45
29 24 47
54 86 35
48 88 48
46 69 12
20 63 53
36 61 19
16 81 26
57 24 24
80 31 58
30 97 95
11 76 65
83 37 45
65 28 18
19 65 37
68 99 80
85 46 25
32 72 48
20 36 10
39 75 59
74 28 27
90 89 46
33 1 99
89 65 50
32 22 22
4 93 67
45 76 81
38 60 54
38 54 16
30 85 40
55 66 66
42 56 88
73 90 81
90 51 44
11 87 21
59 69 11
15 62 31
31 90 94
39 98 99
75 2 85
59 5 77
80 23 13
42 21 91
82 97 86
52 53 76
2 58 97
88 44 100
96 19 70
86 46 67
85 5 69
77 6 27
37 69 88
66 19 47
16 98 25
51 47 71
41 26 88
10 36 70
15 32 1
22 33 21
55 9 29
43 0 4
75 7 51
35 21 25
50 14 83
35 69 88
5 80 27
18 65 19
71 37 78
88 98 2
67 48 66
59 32 52
63 30 68
0 77 99
72 90 94
28 2 85
20 64 34
76 8 70
4 72 48
43 55 26
79 71 1
11 83 25
49 95 34
65 71 17
82 93 43
7 40 27
61 26 36
67 40 49
23 37 86
23 30 29
33 16 70
91 84 45
6 89 68
53 42 89
46 87 93
88 61 86
55 22 26
95 36 20
78 93 17
76 63 93
28 43 19
73 50 64
13 0 39
10 74 3
31 83 33
77 20 45
15 18 31
79 74 46
75 57 8
83 9 45
55 81 28
93 76 5
81 10 38
61 26 19
50 73 31
98 82 64
22 29 79
75 90 53
15 96 34
28 71 3
72 83 61
36 77 58
70 96 7
11 84 78
55 9 32
44 73 39
51 8 94
46 43 97
49 43 25
38 30 34
53 5 21
15 46 93
74 52 96
78 14 85
5 31 18
5 0 6
31 21 69
65 34 57
82 4 42
31 1 2
74 40 28
1 97 95
38 82 73
93 53 47
91 56 21
40 67 80
11 13 77
80 60 13
21 66 36
29 49 9
4 88 29
56 27 99
71 75 56
21 69 50
30 84 84
75 22 16
22 61 23
84 24 80
55 39 2
61 78 98
41 29 95
39 57 10
39 64 39
53 58 70
29 72 12
80 72 85
6 24 43
31 75 51
4 98 39
98 19 49
38 25 31
12 81 36
80 48 90
14 51 67
54 10 43
49 41 6
0 77 42
11 94 54
32 6 55
22 37 92
87 60 78
88 10 97
4 91 31
89 70 18
56 45 93
93 38 69
82 28 75
57 10 69
75 65 63
97 48 22
58 16 37
48 53 93
51 9 69
7 39 51
14 47 55
71 25 70
95 15 94
86 28 66
56 85 75
21 67 46
96 19 13
95 97 41
55 48 4
84 28 20
22 30 67
35 29 12
94 44 84
36 21 51
31 83 68
34 89 65
21 59 5
63 16 27
88 22 26
78 40 82
1 72 72
4 28 82
9 57 52
30 48 13
49 79 84
27 78 86
58 95 21
35 80 83
38 72 15
61 14 35
41 18 99
22 92 67
86 68 65
12 66 73
97 14 45
55 26 87
34 40 73
6 50 43
47 76 7
47 83 5
63 11 80
31 85 79
16 98 83
85 0 30
88 80 99
50 17 79
79 99 55
10 67 88
36 2 27
45 59 23
49 74 97
13 56 38
47 32 92
62 30 53
42 12 3
83 10 61
60 48 91
42 95 93
2 67 61
73 44 23
54 5 58
88 86 57
62 63 45
99 76 79
80 37 7
27 31 1
15 88 94
25 88 77
56 46 68
93 32 6
9 85 76
81 55 31
68 60 2
13 51 69
25 32 80
80 74 61
61 56 24
17 92 15
8 35 88
71 52 76
83 44 83
20 42 99
2 12 98
18 40 44
13 43 57
38 39 34
96 86 50
38 83 29
26 65 28
34 69 37
67 87 38
72 23 60
70 23 49
78 79 1
47 6 35
26 66 2
36 20 73
22 10 96
43 81 78
95 4 15
53 0 63
18 63 24
3 96 5
28 56 48
78 35 92
53 81 33
72 9 56
53 17 40
90 95 40
40 27 33
35 13 62
99 86 37
47 31 91
9 15 12
41 76 29
39 11 70
79 87 97
26 66 70
95 13 67
41 95 93
67 81 22
58 38 52
79 8 4
91 28 38
28 97 17
97 67 6
72 96 5
75 51 36
51 78 96
28 25 18
11 74 18
8 29 94
44 41 70
75 49 63
74 25 96
60 94 98
45 51 77
60 83 50
41 65 14
29 28 74
29 4 44
98 97 91
48 38 67
84 20 35
27 90 1
20 64 37
41 74 41
30 62 25
37 53 18
68 80 83
47 86 48
42 31 77
24 48 10
14 37 2
80 70 33
58 8 79
90 57 47
54 31 84
68 33 19
10 25 93
92 2 16
50 46 87
26 40 29
84 68 13
32 75 85
10 24 59
33 39 39
25 45 19
26 24 23
70 17 61
68 33 90
15 36 75
76 4 99
21 47 8
94 21 53
31 2 66
84 49 25
0 83 4
42 90 62
59 4 20
91 24 90
2 83 31
67 40 63
73 5 25
32 66 72
59 37 89
88 38 71
89 87 8
42 45 10
93 82 28
4 72 63
18 76 16
20 15 76
27 5 53
5 87 4
9 56 83
80 44 99
72 37 3
99 71 8
22 69 61
63 95 38
39 61 66
87 8 24
65 91 73
27 32 93
60 84 67
92 84 16
56 37 42
89 39 70
77 26 17
48 56 92
39 81 67
11 19 15
52 72 10
65 52 32
61 31 52
86 33 12
42 21 55
77 45 78
71 45 50
93 95 73
67 65 23
84 69 76
89 76 49
79 85 76
62 67 2
90 76 30
87 93 80
86 28 30
81 64 52
21 35 66
48 10 28
56 61 97
49 80 74
57 74 65
29 97 58
15 60 65
28 59 32
63 42 51
34 25 66
28 18 15
84 24 57
95 80 8
75 85 53
26 94 62
89 9 2
43 93 27
28 19 80
11 0 35
28 68 2
65 23 12
35 70 15
73 61 55
90 91 5
61 53 82
22 2 81
12 52 19
36 6 13
92 78 18
69 59 37
96 89 5
86 38 62
94 60 50
71 88 54
90 88 67
49 41 31
52 4 80
21 69 19
76 15 80
83 2 58
72 76 66
74 56 71
11 28 71
62 63 15
80 84 7
70 5 10
28 24 98
70 61 40
17 85 86
17 18 83
50 20 35
11 85 85
30 44 34
20 51 20
8 80 73
1 70 46
66 3 24
56 11 37
12 86 99
27 1 27
20 73 87
47 91 10
74 9 15
4 97 47
89 64 79
24 80 33
19 78 17
3 73 88
23 14 74
32 37 85
45 92 8
21 53 13
63 46 7
77 10 46
24 30 95
57 28 56
81 62 66
90 67 40
57 50 81
64 88 67
53 50 81
38 89 23
12 69 50
75 94 62
18 52 58
72 55 47
24 63 34
50 81 63
31 44 7
83 7 10
50 37 85
11 54 10
54 87 95
79 31 95
38 44 45
61 41 24
60 64 34
99 82 26
79 80 44
79 2 47
86 94 72
43 56 7
75 11 81
49 88 67
55 13 64
87 34 96
3 29 25
69 31 85
56 11 59
89 92 12
24 14 24
30 70 6
30 11 4
40 81 68
37 91 3
27 51 34
87 63 50
68 36 60
50 81 98
60 19 74
10 72 41
75 10 80
87 6 10
87 66 15
28 59 39
56 84 85
15 59 24
32 87 19
12 25 7
98 91 92
37 76 89
66 22 23
81 91 49
12 87 49
4 84 87
31 23 38
16 72 69
64 51 57
62 97 69
39 63 57
77 21 25
54 72 6
26 2 39
6 62 79
6 16 62
99 13 72
54 0 97
27 40 49
58 33 62
50 48 82
73 47 64
45 2 40
8 50 72
80 69 25
20 3 31
17 95 26
66 68 23
42 72 45
60 31 70
9 19 73
56 85 67
16 24 59
69 75 64
42 83 17
47 65 83
82 92 51
44 50 46
89 86 25
21 71 91
31 90 35
34 94 9
64 9 31
21 73 100
86 49 64
32 67 3
59 90 29
54 0 99
9 19 19
18 40 66
97 82 78
47 45 98
77 49 61
40 50 95
82 73 75
53 13 27
21 78 9
5 12 64
70 75 9
98 85 81
16 10 88
30 61 29
26 92 37
0 80 13
93 86 84
72 51 84
48 13 12
14 13 6
79 23 66
82 68 96
68 74 12
47 37 79
14 95 21
87 83 80
4 87 4
95 98 46
41 84 21
97 8 41
22 55 24
70 87 17
73 20 21
54 70 8
65 4 26
77 97 38
74 15 46
48 27 66
76 13 53
14 66 52
85 92 92
86 14 22
52 39 71
49 97 41
15 88 74
38 65 49
67 3 98
56 74 25
6 33 34
19 33 43
82 34 87
91 20 29
27 78 39
33 0 66
83 6 5
0 69 8
47 28 9
93 29 88
72 44 37
30 29 23
30 4 27
43 55 45
17 79 55
42 4 31
62 29 67
42 19 94
16 68 84
72 94 48
41 14 23
53 52 54
4 81 82
60 49 65
7 56 71
48 47 11
87 72 22
52 74 6
74 70 91
80 81 34
94 56 77
98 32 20
59 38 59
45 53 91
92 31 24
63 42 36
55 8 46
53 45 32
47 63 33
55 4 100
88 50 58
29 28 9
35 52 94
60 79 23
50 83 94
67 38 81
91 99 13
45 30 89
38 17 78
88 94 64
5 33 21
84 25 75
25 2 63
46 61 20
46 47 98
57 36 90
89 72 5
58 72 43
97 49 48
35 31 72
78 24 35
95 59 64
39 55 34
69 25 65
8 73 86
1 24 30
59 35 65
86 48 7
90 57 51
97 81 5
91 78 23
61 46 16
95 65 11
39 53 23
45 70 43
91 46 66
73 60 78
75 18 3
56 0 43
72 22 36
75 21 84
75 56 55
61 92 18
41 44 29
98 43 83
97 54 48
91 20 71
56 31 74
80 57 65
40 56 58
92 31 43
54 68 55
70 31 69
51 52 98
80 88 8
2 99 9
93 21 43
97 65 92
79 91 31
27 25 54
20 38 77
34 66 35
23 17 36
40 58 23
81 25 66
52 76 19
92 47 44
92 44 60
25 35 54
59 67 84
45 80 8
66 87 8
10 1 79
6 75 34
4 76 73
6 25 76
9 90 62
30 31 70
9 41 56
9 99 13
48 10 41
94 75 65
25 42 4
32 58 16
46 90 38
97 20 93
94 63 59
24 19 79
62 59 82
24 21 91
12 99 18
0 60 45
42 94 61
11 61 48
67 73 14
71 10 66
34 14 46
50 87 92
18 42 32
19 68 5
13 41 14
70 6 4
24 89 68
94 62 28
51 69 37
23 87 89
41 85 51
36 51 10
89 2 50
62 96 98
34 12 90
97 4 44
73 10 45
23 18 31
35 1 83
87 51 21
99 97 82
36 51 73
14 48 7
95 16 36
90 47 60
22 7 33
49 13 22
31 51 65
60 85 67
17 46 69
7 59 4
86 31 28
38 31 96
47 28 74
40 39 1
60 58 93
22 4 36
17 88 67
7 82 100
43 47 100
86 4 44
5 94 28
85 56 68
15 58 90
70 4 61
97 80 39
17 83 31
71 22 3
83 16 63
93 21 73
83 32 56
81 97 75
21 56 100
45 1 25
66 59 37
31 96 79
11 41 83
26 52 5
51 72 91
49 61 28
28 47 38
83 9 21
79 77 11
22 52 15
53 93 90
5 79 77
97 88 81
58 86 80
62 75 54
3 0 81
96 30 71
82 6 45
39 92 95
16 87 40
0 77 20
75 14 72
13 86 95
10 41 6
6 36 91
67 20 81
54 29 1
79 66 89
41 52 47
10 19 30
98 32 77
0 42 35
64 68 57
33 92 73
75 17 61
62 87 79
29 66 61
97 79 87
88 33 95
30 38 42
8 21 90
82 23 11
51 84 30
41 3 34
26 22 14
35 9 54
65 11 100
21 5 33
49 15 30
69 54 31
26 91 87
60 35 40
29 15 2
0 43 72
81 22 45
73 93 59
69 53 29
50 39 27
46 17 29
77 55 13
68 16 60
60 13 6
16 64 48
44 46 1
83 55 10
76 59 13
32 6 93
49 0 44
24 91 68
9 83 14
48 66 94
73 81 46
60 97 74
98 1 73
75 32 18
92 96 60
27 80 82
41 49 31
37 2 24
18 87 4
74 27 32
99 52 45
91 22 42
80 8 4
49 95 68
69 50 89
79 11 47
55 41 5
54 72 33
3 19 80
28 40 24
48 43 90
42 82 47
35 2 16
37 25 19
56 35 48
13 55 13
34 71 29
66 58 76
56 30 17
4 38 76
86 41 56
30 53 50
14 45 14
11 85 55
29 39 80
21 3 82
3 82 16
83 25 69
56 47 45
43 99 56
69 33 10
40 72 22
27 31 87
8 81 59
34 28 49
72 36 84
17 88 55
13 44 9
57 17 62
71 26 59
31 7 9
13 63 90
20 38 77
99 31 76
89 17 23
1 38 90
6 50 26
16 94 91
49 81 37
87 82 85
30 87 82
13 15 53
85 96 26
78 7 70
8 73 83
42 21 68
80 20 55
38 46 96
75 79 44
74 81 79
77 26 39
46 32 65
17 85 100
49 93 46
72 94 19
11 72 2
59 76 34
7 35 19
30 82 92
17 57 36
69 63 64
8 88 36
32 64 20
29 73 52
95 99 65
73 33 1
79 4 34
14 86 78
82 91 16
41 19 81
60 41 57
45 40 5
2 58 31
37 92 33
23 12 52
77 82 39
25 56 52
85 50 17
34 67 100
12 87 65
56 69 80
11 70 42
24 44 63
47 85 81
1 57 62
22 57 90
51 22 14
21 72 2
10 98 22
60 85 79
4 18 26
50 66 94
25 59 16
61 75 100
97 87 63
56 70 58
94 76 11
56 38 89
22 40 46
23 96 85
14 16 28
84 34 70
22 71 33
46 37 16
73 32 100
41 66 91
60 47 17
55 91 89
11 0 42
10 7 86
38 67 44
71 48 43
47 88 43
14 45 52
93 65 17
55 27 72
15 39 30
30 97 1
91 90 22
63 92 19
8 35 97
54 79 59
87 28 61
24 2 78
77 85 82
5 17 46
72 47 95
50 51 81
4 45 75
83 64 78
25 82 78
61 97 32
28 14 97
94 38 15
95 32 97
52 23 6
74 4 71
80 74 1
84 43 46
52 94 51
56 63 47
8 40 68
73 13 91
3 95 64
52 53 45
85 49 69
86 81 6
45 14 50
60 45 36
80 51 34
19 56 41
24 35 66
1 29 4
80 91 21
41 72 48
36 45 9
37 68 86
37 74 63
87 47 55
74 17 53
7 27 45
93 20 21
9 2 5
41 17 10
10 57 8
61 37 1
92 12 1
54 22 75
29 99 43
28 55 63
57 25 92
72 62 47
44 42 67
56 35 49
29 35 59
2 61 55
83 44 70
18 10 90
68 42 2
41 64 5
96 92 43
5 17 73
24 86 34
95 47 63
61 58 43
14 69 39
83 9 31
77 93 98
51 25 97
83 98 29
66 2 86
12 34 60
78 27 36
77 19 48
58 68 71
75 81 82
53 82 87
20 18 47
55 22 48
10 52 44
85 57 48
87 70 43
12 37 30
35 62 34
98 50 66
19 99 97
6 60 100
90 56 62
14 47 26
85 94 5
10 4 86
95 28 43
75 33 41
74 67 11
30 75 98
55 35 54
23 0 41
84 79 15
19 11 63
49 45 10
35 42 62
16 22 19
29 64 72
34 7 86
6 64 32
61 18 53
72 43 64
72 80 6
21 98 43
66 27 80
87 82 29
1 45 99
45 62 14
32 12 14
91 68 82
11 24 80
80 35 73
57 50 63
22 86 18
57 77 30
20 37 1
93 95 98
42 1 14
60 37 40
28 6 87
70 30 22
30 84 27
9 7 92
85 32 90
72 15 41
28 42 94
55 52 42
66 30 69
95 87 36
96 37 61
4 66 44
29 89 2
33 77 82
49 89 24
34 50 79
3 47 8
84 75 47
35 39 60
31 44 48
18 76 37
5 44 42
41 55 51
67 40 66
70 61 44
28 64 7
40 81 45
58 27 80
41 1 61
99 91 95
28 41 100
89 19 40
84 39 83
74 2 17
52 45 80
27 39 35
37 46 66
20 40 77
10 51 9
56 51 9
98 53 15
40 72 53
85 97 25
47 5 85
25 87 70
84 1 41
87 88 6
69 95 37
29 91 19
0 51 33
46 83 70
9 49 35
16 69 36
20 60 77
47 1 86
72 90 80
84 11 99
79 84 96
14 93 61
