78 45 17
24 60 75
54 84 72
78 41 80
91 83 68
29 56 42
75 57 42
28 51 52
57 32 38
38 40 59
70 84 87
33 29 2
73 70 86
93 97 49
92 79 66
35 63 24
97 76 68
62 19 51
50 65 81
52 23 25
7 55 1
86 70 89
42 47 74
91 34 42
3 54 99
88 15 55
48 37 33
11 84 35
42 35 87
97 14 50
46 34 67
48 0 35
69 88 73
82 88 66
10 37 74
20 40 92
75 42 29
99 56 51
33 5 24
63 55 38
61 44 80
75 23 86
93 36 35
35 93 38
55 8 98
28 99 10
60 48 27
48 56 47
21 78 11
70 21 55
36 27 60
52 25 5
58 50 42
64 75 46
63 17 87
15 78 82
97 41 25
94 2 45
60 5 35
6 92 3
41 59 40
82 74 47
20 21 45
54 2 59
15 1 90
38 24 77
58 94 80
77 76 27
75 22 60
91 97 64
58 36 36
0 74 3
52 48 70
5 88 36
1 75 19
83 4 52
70 53 14
22 25 13
15 52 69
90 71 3
21 32 13
33 14 8
90 15 73
61 2 14
43 3 47
25 91 33
46 61 84
0 7 35
59 54 18
43 98 69
2 34 27
34 65 91
74 94 26
37 62 98
81 69 68
80 26 61
95 46 81
4 47 17
60 78 37
90 32 49
64 81 86
71 19 46
28 44 16
68 85 14
34 78 85
89 23 21
29 0 70
56 3 49
64 99 3
72 29 7
3 79 26
27 48 91
42 76 14
44 63 79
21 79 79
88 43 92
83 98 15
7 21 94
55 84 10
97 82 11
6 30 20
2 33 3
88 66 89
67 93 42
46 77 96
63 4 75
9 4 84
42 57 74
35 28 81
15 83 67
2 77 15
17 53 99
70 60 85
31 7 36
75 51 65
53 94 9
43 15 65
96 7 33
22 38 69
37 53 11
86 66 6
43 34 13
48 62 70
26 36 22
43 31 85
28 85 71
86 48 1
44 78 83
43 27 67
74 63 41
59 89 23
85 39 10
37 17 43
23 7 13
72 92 40
47 24 22
57 7 88
46 26 68
71 7 44
69 76 62
25 18 79
86 3 83
73 48 72
14 1 2
14 34 81
80 75 68
54 13 33
85 86 39
74 35 29
78 10 9
67 19 58
50 29 45
64 18 14
26 57 43
89 79 32
39 68 82
80 40 57
1 94 89
5 72 92
4 25 5
10 16 62
28 99 45
25 17 16
17 77 66
2 46 52
85 30 9
73 47 2
17 43 17
78 88 55
12 17 8
2 48 90
55 34 45
0 25 6
69 2 7
64 63 87
21 43 13
43 9 87
63 58 63
46 63 59
49 60 15
93 99 99
47 25 88
68 15 60
28 59 27
23 47 35
58 2 28
61 64 43
14 79 8
76 15 60
21 96 83
59 62 23
76 42 13
44 2 13
38 85 86
72 5 37
30 83 9
26 12 13
36 82 44
52 12 20
33 22 53
17 4 12
60 72 24
53 72 100
25 71 12
49 28 88
32 66 21
23 99 45
85 81 14
53 95 18
30 25 40
33 76 31
71 60 57
64 62 29
70 86 48
0 39 60
94 66 68
34 21 79
89 59 17
35 74 26
67 26 54
85 93 55
50 21 19
35 59 23
59 15 32
53 71 100
74 0 15
30 1 55
32 97 13
88 72 72
36 76 20
64 58 73
20 89 66
59 43 96
95 8 7
6 47 61
4 36 54
67 88 92
51 11 16
19 27 66
86 13 27
44 62 38
87 68 72
40 54 69
76 51 54
57 21 77
77 83 60
47 42 26
29 12 41
24 20 41
74 17 77
92 33 71
2 51 6
40 70 22
97 11 59
93 61 51
86 34 74
1 32 49
10 17 93
26 89 16
28 76 85
45 61 91
40 70 98
61 1 58
18 68 62
30 97 54
67 9 29
75 64 5
62 20 15
99 25 57
61 71 67
47 35 93
13 36 85
36 84 8
5 14 14
19 34 13
20 93 1
42 64 49
6 54 60
22 12 65
60 15 30
23 80 34
6 47 50
5 48 33
7 89 20
52 93 97
26 56 86
62 14 28
60 49 15
93 13 66
90 92 67
47 24 14
8 23 98
61 28 100
89 94 74
24 33 19
38 43 19
16 22 70
86 27 83
77 45 44
77 75 23
97 38 56
7 63 60
63 36 23
34 63 23
50 0 88
85 32 31
22 60 47
16 49 50
83 54 26
50 1 20
96 78 62
24 8 63
99 17 24
55 3 92
28 24 93
98 77 38
95 55 28
76 23 99
82 93 82
82 41 15
79 58 51
80 88 13
2 60 76
61 2 87
32 0 52
27 43 57
80 99 7
88 90 78
60 14 93
52 57 77
44 28 34
19 94 55
5 11 90
49 0 46
32 52 8
36 88 15
9 77 16
33 62 79
0 56 4
2 31 25
69 15 88
13 51 15
61 18 57
0 96 75
10 79 59
75 66 48
30 45 1
59 94 22
62 3 98
64 45 4
75 23 69
8 86 41
69 59 11
38 54 9
3 7 94
20 34 4
29 30 67
53 49 45
98 58 67
1 41 79
25 73 78
3 67 50
52 22 100
38 13 2
54 77 29
63 25 68
62 74 39
91 92 75
56 81 58
23 91 9
63 94 26
28 39 71
28 84 19
34 28 35
46 98 78
53 13 88
33 14 54
9 56 86
67 59 63
46 81 43
64 6 73
78 4 48
15 43 92
9 92 78
42 40 22
63 45 44
47 54 44
11 98 77
24 61 65
61 5 27
21 74 11
57 63 82
14 63 45
85 7 11
41 39 68
88 19 88
97 68 30
64 46 24
60 71 45
57 3 68
61 87 10
39 56 21
74 45 15
44 35 7
40 33 59
95 25 15
58 34 68
75 8 84
37 10 33
50 76 73
39 78 29
51 41 74
19 28 31
6 61 71
86 65 4
61 11 2
62 30 33
68 87 57
68 36 42
52 87 70
47 74 46
9 17 8
29 67 38
87 14 82
56 6 46
11 14 56
78 11 100
8 96 38
59 44 55
7 32 7
9 89 96
69 37 49
71 14 100
77 67 57
18 5 77
48 0 85
37 63 43
40 54 59
92 58 58
85 98 26
75 11 9
79 16 55
41 12 55
18 72 53
56 93 21
93 56 16
45 7 30
91 72 14
19 66 76
34 28 43
15 32 6
8 15 1
12 1 27
35 61 88
26 12 69
16 20 33
48 35 33
40 38 15
72 30 35
32 33 68
27 49 12
80 42 33
71 76 21
5 27 96
80 64 90
77 81 35
65 2 67
88 25 82
85 9 32
67 22 82
86 40 68
92 42 90
9 88 91
16 2 12
21 61 52
29 97 63
34 59 32
19 73 55
55 40 37
51 65 69
20 12 99
94 54 12
97 67 13
42 25 29
32 87 9
17 90 16
74 3 36
15 20 72
84 85 69
69 90 15
9 68 93
88 93 36
75 40 85
69 49 36
93 42 22
65 31 64
80 0 61
93 49 90
33 57 29
26 11 20
84 16 49
77 10 44
91 67 79
88 50 74
97 76 81
69 82 5
10 67 15
93 55 88
79 29 66
87 84 13
52 50 24
81 97 38
18 9 30
20 88 3
27 26 48
44 40 95
22 61 31
9 72 52
20 37 46
41 85 64
42 79 12
51 96 15
9 2 16
4 85 66
76 20 45
83 1 52
95 75 22
47 31 70
34 21 82
56 48 88
4 3 69
83 92 78
31 7 93
78 22 70
84 91 79
55 17 10
65 53 32
31 51 85
52 75 29
79 99 85
62 88 85
45 59 97
47 9 55
76 56 51
7 89 71
68 46 28
13 61 57
54 63 96
65 85 83
2 25 98
42 95 2
63 21 51
39 2 46
42 59 37
60 10 63
23 99 77
1 19 89
93 14 32
26 62 46
65 72 97
62 92 15
76 89 34
32 82 57
30 4 33
49 48 47
66 23 57
42 38 33
48 94 27
42 50 66
58 46 39
75 63 59
4 68 41
62 52 90
69 66 90
24 92 48
74 14 81
45 79 43
53 69 75
40 46 58
54 51 14
9 34 77
76 89 67
89 84 6
54 7 32
28 32 42
65 62 30
38 97 78
29 8 100
7 45 96
20 15 62
52 92 34
13 16 85
76 97 79
68 51 15
28 62 60
53 11 56
1 7 78
82 31 8
6 10 7
2 98 42
16 65 90
90 31 67
53 68 4
82 56 14
16 95 69
62 19 98
31 46 72
95 1 47
12 47 98
76 10 21
27 76 85
93 17 44
39 38 17
76 46 80
74 94 92
45 66 40
29 54 98
62 45 94
72 15 12
39 11 66
78 25 90
31 11 66
29 0 18
72 33 29
5 38 66
83 29 11
88 4 20
17 24 53
83 38 21
54 11 62
7 4 56
1 79 93
74 20 73
68 36 51
60 59 13
97 80 17
45 79 37
26 67 20
32 71 2
50 79 8
74 91 23
16 80 10
30 56 85
84 82 48
68 28 85
87 76 75
51 2 2
86 44 78
31 86 30
11 66 93
10 50 45
31 15 9
34 0 68
87 64 89
56 9 12
51 31 95
20 71 20
87 47 40
10 21 54
95 5 34
78 57 30
87 67 60
22 53 14
23 8 57
48 44 90
39 99 48
4 17 33
90 83 95
67 69 64
93 32 52
69 88 20
12 8 62
40 89 77
89 56 35
26 61 17
68 90 33
29 83 71
51 76 94
80 0 19
45 27 40
9 32 8
84 43 59
7 93 85
79 81 68
92 4 58
72 94 9
70 12 61
95 22 67
64 42 82
79 12 95
66 69 11
44 70 66
46 26 7
95 18 68
7 43 94
29 97 31
47 72 22
92 57 93
65 88 29
76 14 7
17 89 25
79 21 38
47 20 67
65 25 11
38 71 30
46 86 31
22 42 37
8 84 67
44 90 98
38 53 7
60 21 81
90 41 20
8 41 10
92 5 12
99 28 29
82 48 16
44 59 41
50 16 85
35 93 33
36 15 89
38 74 67
77 86 5
81 79 18
71 36 2
99 78 91
19 36 33
50 78 60
3 10 85
95 77 13
86 2 96
7 86 79
3 93 25
70 47 68
1 39 75
77 36 3
57 48 5
71 96 91
52 10 32
94 45 38
1 93 40
22 34 66
23 95 70
64 56 27
28 85 55
18 28 32
19 12 31
63 43 20
44 81 16
70 98 75
25 78 2
66 35 16
26 53 37
49 28 21
13 71 87
53 85 16
56 15 53
65 9 100
2 83 47
77 83 90
68 96 35
37 22 19
18 86 35
9 18 4
7 50 57
38 48 38
88 61 97
67 35 68
95 30 16
1 26 51
0 23 43
49 74 30
21 48 35
35 90 47
47 68 33
43 79 1
99 69 32
69 31 20
76 48 2
98 82 51
56 24 87
37 73 42
29 98 65
78 73 49
75 46 34
54 40 37
77 95 45
82 50 36
7 79 29
67 7 73
47 38 89
1 25 43
73 4 72
2 94 24
37 86 100
2 39 2
66 65 10
56 0 77
67 71 25
78 96 42
77 31 63
85 43 29
48 7 47
46 28 47
95 24 11
36 88 56
5 81 68
95 48 51
51 46 30
77 3 34
48 61 20
13 20 28
4 26 17
60 16 79
20 23 89
67 77 16
36 10 80
70 57 70
46 5 86
42 49 54
79 94 97
87 17 81
40 4 89
90 69 65
91 78 24
11 56 79
90 22 38
78 93 25
95 92 80
63 13 51
37 51 65
60 79 62
30 1 98
96 2 25
86 19 88
28 22 77
16 64 30
86 92 10
3 79 7
50 70 14
45 91 76
71 3 72
98 20 9
36 41 68
50 40 61
94 91 46
15 28 40
62 5 4
53 57 55
39 77 22
31 86 69
89 29 90
83 72 45
59 37 57
68 89 58
14 71 14
1 76 77
73 54 12
59 68 57
44 65 42
65 92 33
43 5 48
53 33 10
90 67 72
86 79 41
66 82 80
94 35 76
51 80 18
44 67 99
86 72 99
24 7 33
84 83 8
21 75 31
39 72 2
52 91 97
51 46 11
78 86 99
52 82 81
43 30 90
46 87 17
7 97 40
82 69 61
65 12 66
87 5 4
21 94 3
81 21 70
63 2 73
68 66 2
51 16 22
2 46 10
58 30 65
27 98 51
62 36 10
58 47 69
8 69 52
91 79 98
50 16 59
12 92 93
83 10 17
35 7 56
18 66 48
26 6 98
41 27 8
8 20 99
0 17 21
61 78 51
40 76 40
90 95 98
23 38 70
18 38 93
71 12 23
40 97 46
91 83 34
14 36 6
62 39 49
96 22 44
39 27 1
17 72 86
26 61 49
10 92 11
81 24 72
0 45 85
65 45 98
17 60 38
74 42 71
70 39 64
89 83 22
72 68 14
36 70 48
57 32 13
27 85 94
16 50 34
91 64 71
74 65 47
8 17 2
55 93 88
81 55 78
46 17 44
84 76 74
73 74 64
82 77 100
40 81 10
48 66 70
55 41 100
39 55 93
95 63 49
7 29 66
16 90 79
22 43 9
33 78 7
96 97 44
88 51 87
7 50 2
74 29 43
53 31 5
96 49 31
38 95 34
81 65 97
32 88 26
15 49 63
4 92 82
41 26 25
28 50 91
70 23 12
27 8 21
25 69 9
37 2 45
70 50 97
52 32 89
88 19 55
63 31 1
21 88 48
85 46 27
5 8 30
96 3 69
17 27 50
54 49 42
58 74 53
56 65 32
96 91 70
47 0 32
83 62 50
55 30 88
77 22 59
25 12 62
6 88 95
6 43 19
61 67 59
29 32 53
93 95 79
59 76 30
78 59 36
66 20 62
57 99 37
59 27 78
54 58 54
15 34 87
54 53 56
76 3 99
97 31 90
6 76 96
20 72 4
87 12 94
57 54 8
43 93 64
83 71 80
82 91 75
68 86 20
93 16 96
32 77 16
61 65 15
69 47 2
37 75 84
22 61 41
79 0 59
40 13 28
68 81 21
77 47 8
38 36 58
42 22 30
6 44 64
82 93 37
92 14 20
19 12 16
51 97 11
77 89 45
49 6 70
54 89 3
93 41 94
9 83 41
74 7 21
16 62 42
33 8 72
11 81 12
82 37 70
47 31 73
57 32 6
50 34 91
96 23 41
44 87 11
86 34 26
12 71 91
52 44 11
26 47 29
71 79 96
18 27 64
41 14 4
21 2 64
86 65 40
14 1 36
68 77 86
58 89 35
61 58 14
24 49 24
71 51 83
38 62 78
68 65 81
52 62 39
51 80 14
85 29 30
72 18 47
98 85 88
28 53 42
64 19 88
13 14 84
88 74 43
63 60 60
9 36 58
21 41 36
37 28 4
36 20 82
85 68 9
88 28 59
89 57 91
66 16 24
1 54 16
17 0 52
66 48 24
48 50 11
99 30 71
2 25 9
21 84 48
6 95 53
61 58 36
15 9 51
6 75 3
21 45 62
75 36 32
92 84 46
98 47 77
68 60 21
34 75 94
9 93 37
86 97 99
77 62 42
13 87 4
11 48 77
38 56 78
28 47 35
27 63 75
34 27 23
77 56 67
67 83 13
95 18 36
10 20 59
67 29 10
58 74 30
99 82 58
87 40 55
41 86 98
5 9 2
42 50 83
73 65 73
80 36 30
5 65 44
18 2 7
28 94 50
22 89 37
16 38 35
57 50 48
53 64 33
44 5 96
58 19 65
80 47 92
91 22 72
84 60 53
81 54 23
24 26 42
98 66 90
98 93 69
28 52 28
70 96 31
78 15 82
21 48 27
88 90 68
96 10 37
87 95 59
12 39 84
64 58 69
9 11 42
32 41 97
76 62 63
4 80 73
90 7 59
50 60 96
65 30 82
73 41 50
9 99 52
99 95 36
57 64 7
72 86 92
59 27 60
21 89 82
61 15 4
76 91 13
12 79 82
2 42 21
11 72 69
25 24 15
75 39 63
65 39 61
70 90 53
72 73 50
45 94 47
3 0 85
85 17 73
1 73 73
66 99 43
11 24 52
90 16 33
61 29 20
39 12 57
4 34 67
10 96 21
57 51 13
31 8 55
38 51 30
82 44 68
3 10 48
59 23 6
69 6 20
18 23 100
40 25 24
37 87 27
26 50 69
39 89 97
6 36 83
30 58 49
2 39 11
31 15 84
94 59 77
61 23 62
73 20 41
64 13 56
3 77 78
29 83 59
20 37 1
81 82 93
93 14 31
47 22 14
44 16 80
38 79 54
52 46 8
35 83 47
15 62 81
0 72 64
43 25 16
44 29 44
77 85 74
20 36 51
66 37 25
64 71 43
92 21 71
41 68 33
90 94 43
15 11 38
92 35 57
28 88 76
37 20 72
81 87 25
95 18 99
69 62 46
98 16 65
90 53 91
97 25 73
13 64 31
21 17 48
66 54 51
89 12 86
34 17 14
67 55 86
81 70 23
76 34 84
83 52 93
42 61 61
28 78 79
14 23 46
68 81 95
52 76 80
47 39 41
98 83 62
87 37 73
15 72 43
23 47 61
54 67 72
38 52 73
44 42 41
45 67 32
57 41 72
49 34 55
89 5 87
86 52 65
90 55 68
32 56 58
86 2 16
66 26 82
22 57 43
29 14 71
43 16 40
35 82 35
50 31 42
23 74 84
69 21 58
30 12 49
15 63 52
94 31 47
98 3 94
80 3 11
63 76 82
20 40 95
43 30 56
43 97 94
14 36 48
75 98 97
45 77 68
25 31 77
37 51 12
58 42 77
76 37 30
92 65 61
31 12 64
14 25 27
96 82 22
16 63 6
94 90 71
8 94 92
94 39 88
1 17 52
80 85 5
11 87 74
68 82 9
88 85 62
91 36 100
76 47 44
97 52 32
64 75 48
18 38 4
36 12 69
52 98 44
47 0 37
28 5 70
95 72 71
51 28 8
16 84 79
80 66 41
15 46 95
60 8 64
97 7 51
35 83 9
16 72 52
40 27 94
70 67 17
66 91 11
82 7 73
40 16 98
80 53 100
78 96 30
17 16 9
66 73 55
71 14 12
70 84 36
9 79 6
32 87 20
26 25 73
85 38 73
6 34 18
56 32 22
1 75 73
85 80 36
47 87 89
97 52 87
70 50 46
60 21 65
26 66 28
37 57 92
14 91 49
34 29 21
65 42 3
97 99 48
16 35 10
23 34 46
32 31 67
33 84 46
64 37 77
12 43 3
78 14 15
73 50 50
61 3 47
48 7 52
36 13 69
93 22 100
96 42 70
22 39 88
61 30 29
56 92 60
57 31 76
94 40 7
28 20 97
14 48 18
48 33 14
20 89 56
27 33 88
56 53 54
13 25 82
95 66 83
48 2 58
2 19 96
6 14 87
10 90 97
35 20 56
92 79 10
23 47 71
79 63 15
3 36 92
15 0 59
90 46 79
47 60 16
69 29 3
60 67 49
75 98 92
68 37 13
82 29 16
41 80 69
66 5 22
32 60 66
72 36 73
22 12 25
86 32 65
72 10 97
24 27 46
18 96 53
52 82 96
14 6 53
54 2 32
73 15 34
71 61 84
56 5 100
82 48 77
84 50 99
68 96 66
62 38 15
72 38 91
99 37 43
78 2 41
65 27 76
22 94 6
34 28 23
49 75 69
48 22 86
58 31 27
80 76 27
46 92 81
13 25 96
87 37 76
47 7 74
69 66 20
26 38 75
83 43 36
17 67 55
16 26 66
75 92 80
91 31 88
68 87 97
17 28 78
50 62 12
70 24 71
32 94 45
79 16 58
61 90 62
88 69 58
3 14 39
49 57 88
45 77 23
47 5 79
63 90 36
24 88 49
58 24 41
78 54 24
63 66 15
73 37 7
14 56 92
33 96 16
66 11 20
65 29 60
79 80 3
80 85 95
45 7 59
19 92 18
10 59 80
93 58 36
31 50 27
20 11 47
19 9 63
58 50 84
4 98 67
66 65 58
16 86 53
92 56 92
58 36 6
71 69 43
5 7 9
6 74 78
93 27 78
93 2 63
90 38 35
86 46 78
52 9 90
73 11 83
35 89 41
55 86 60
45 97 32
93 15 83
30 76 51
47 75 34
13 44 22
0 13 47
79 56 33
32 52 84
31 61 38
60 77 18
21 95 92
38 0 59
12 40 69
62 94 3
2 57 37
4 42 16
99 42 26
67 28 18
44 80 4
93 85 30
82 75 36
43 30 19
12 5 40
97 31 59
64 12 41
56 5 62
55 84 6
18 36 20
56 0 31
88 49 15
71 91 46
17 16 51
99 32 76
43 5 93
65 99 14
2 90 35
42 76 1
35 34 35
0 79 37
55 13 56
83 41 20
99 29 67
83 62 47
79 37 72
49 95 43
65 53 99
69 32 75
76 58 22
52 30 90
56 5 85
86 40 63
92 89 77
6 75 26
98 19 78
54 81 44
51 91 5
0 26 36
21 42 28
45 48 34
35 75 54
70 68 29
21 70 78
73 42 98
79 57 58
14 73 63
58 68 73
8 87 31
12 2 58
33 35 17
92 22 29
94 43 48
54 76 97
10 51 28
42 49 56
48 84 55
92 37 2
63 93 97
27 90 23
56 1 56
48 35 56
99 93 32
17 96 96
85 71 92
30 47 40
30 87 54
68 48 93
3 91 57
51 67 74
22 32 84
61 0 16
31 68 64
82 88 60
94 99 85
44 33 23
77 89 90
39 81 92
20 55 90
91 27 2
31 43 21
64 34 45
85 52 69
30 87 84
42 98 53
61 0 13
8 27 14
49 52 67
8 22 59
88 29 82
45 29 94
22 36 20
52 90 69
94 21 84
55 64 90
57 63 59
38 35 85
58 99 12
29 21 82
1 53 4
96 74 34
36 39 91
48 62 4
95 32 12
11 97 12
46 58 69
5 94 31
21 92 51
92 58 41
67 72 25
46 68 19
29 63 30
37 75 63
60 42 33
6 72 82
18 15 72
15 16 81
24 31 71
74 22 51
18 79 38
58 14 70
15 84 36
32 30 63
33 7 25
4 65 69
20 92 65
58 49 50
93 83 10
1 26 73
28 74 24
36 75 16
53 38 49
44 47 60
76 47 97
51 5 84
36 93 62
59 96 67
27 5 86
79 41 62
57 22 76
72 22 91
40 82 89
45 88 84
30 16 27
55 20 51
40 58 29
69 20 64
74 21 66
13 83 55
91 7 31
34 20 82
3 42 66
83 94 6
17 94 28
39 18 80
20 31 43
85 86 66
32 91 35
87 27 100
64 26 37
34 71 67
65 47 98
42 34 40
84 47 82
87 26 10
49 15 75
60 16 37
0 12 23
56 24 83
58 37 35
79 52 67
62 47 37
3 80 21
79 66 4
63 24 36
73 70 95
16 31 1
22 66 7
38 2 33
0 60 61
20 39 47
69 37 38
52 6 29
8 87 20
29 93 33
95 88 32
75 20 84
92 84 6
54 39 60
80 89 27
75 41 100
68 43 89
42 88 37
90 18 57
2 87 56
33 62 63
18 59 78
94 67 58
51 24 4
28 26 15
21 84 39
11 46 98
67 86 67
95 23 6
2 14 95
53 37 63
18 76 4
14 71 93
57 48 14
43 18 73
35 89 59
58 17 10
46 11 34
8 89 41
38 73 8
81 21 43
55 57 26
92 58 100
78 93 100
54 47 47
1 91 42
77 50 44
88 77 99
20 66 38
67 81 91
20 29 35
7 57 2
18 42 53
36 35 91
1 90 44
39 37 33
54 53 74
43 25 5
6 67 15
49 82 73
91 32 9
37 15 27
63 90 33
21 27 57
32 34 30
37 95 32
84 74 44
67 97 7
2 63 60
83 69 96
58 0 78
82 95 63
18 28 61
32 53 31
40 71 13
91 57 3
62 57 28
51 45 95
34 31 7
15 38 98
87 32 44
39 61 15
43 28 12
93 90 27
7 1 10
20 46 30
12 68 20
59 71 37
29 91 45
14 95 96
58 18 91
32 81 9
85 11 59
44 64 12
16 75 84
43 1 4
23 3 36
78 39 73
46 96 26
62 10 76
83 39 40
12 73 95
69 45 79
33 79 34
23 8 1
32 37 35
20 69 43
66 57 11
54 41 14
23 56 35
9 98 32
39 0 96
45 71 16
68 7 50
41 92 28
28 62 87
20 32 54
5 3 75
