90 29 26
35 76 84
37 21 66
2 46 3
98 61 33
11 32 28
9 51 83
68 60 100
70 14 85
19 18 82
19 45 43
39 59 45
84 82 85
66 90 61
63 30 1
4 8 89
46 10 64
67 99 14
46 18 10
86 39 1
83 78 85
25 17 90
77 49 47
54 5 92
41 3 47
84 90 14
3 4 32
73 63 67
99 30 93
47 0 55
94 16 15
56 19 46
12 97 45
10 18 29
86 61 65
44 66 8
99 37 59
20 26 3
10 31 98
37 72 40
69 50 34
55 91 97
72 88 70
36 0 79
31 57 41
97 52 45
39 88 44
13 55 64
71 55 43
35 73 85
94 34 47
26 1 35
22 78 24
56 39 32
69 59 65
43 76 56
5 83 86
37 92 58
56 91 67
83 67 31
56 85 84
2 86 41
31 26 30
35 54 36
45 64 81
4 14 25
92 66 81
11 96 39
39 68 19
76 81 6
3 25 43
75 84 50
54 68 13
75 73 50
61 60 86
44 50 40
10 45 63
50 38 42
84 42 98
47 26 69
74 61 78
57 40 19
67 76 55
96 64 44
74 94 100
96 58 14
29 51 69
76 72 75
52 1 22
21 53 69
90 67 33
37 46 7
38 41 2
38 12 85
12 23 13
21 24 36
59 60 7
30 5 11
42 95 70
96 77 5
76 20 43
83 17 65
71 59 40
61 66 87
47 66 75
8 60 4
73 70 14
91 9 91
94 34 23
7 3 81
56 53 52
13 92 42
60 77 90
32 1 34
78 38 78
5 75 99
94 61 62
86 71 76
75 24 67
10 91 49
79 85 23
65 29 73
68 83 7
88 16 61
27 80 75
91 82 82
69 78 68
54 46 26
54 23 96
84 48 82
72 47 25
89 31 33
33 42 13
91 70 76
76 47 53
47 58 85
31 56 97
44 24 80
68 88 4
94 60 7
34 80 55
10 43 52
8 10 25
67 8 22
73 3 88
20 36 53
66 48 52
82 52 5
65 88 44
68 79 33
67 34 25
88 45 42
77 72 61
40 92 99
7 35 44
92 42 66
51 72 36
52 90 58
48 74 59
2 83 33
12 25 100
10 76 67
79 82 36
33 46 63
87 79 10
50 48 66
92 67 73
72 87 72
32 1 94
61 19 80
0 36 78
32 89 1
52 83 6
7 86 15
25 27 47
93 4 95
51 46 75
0 94 44
98 38 8
2 3 52
85 14 38
14 26 41
53 13 53
17 73 9
99 22 68
37 19 30
64 71 99
11 10 92
8 96 45
59 15 5
46 80 88
57 6 96
70 16 26
3 93 21
66 6 36
51 40 73
42 24 84
22 41 41
99 49 18
28 2 45
53 67 29
64 16 94
87 13 58
30 4 75
71 26 94
17 3 84
38 98 17
18 48 41
49 20 30
49 34 37
66 75 13
18 7 72
3 82 26
35 87 55
66 65 60
82 29 91
47 86 57
17 79 88
88 52 11
64 20 10
65 1 40
98 5 18
0 43 50
80 99 19
3 31 76
61 23 57
30 28 63
75 6 3
89 23 55
10 47 97
52 71 92
25 75 17
80 1 52
62 75 8
50 4 16
70 22 23
5 68 46
75 45 88
75 21 98
26 50 95
93 39 73
36 49 43
70 94 81
58 12 35
22 63 18
63 88 59
97 60 36
82 66 89
63 73 73
17 63 26
73 9 16
9 38 60
14 70 53
27 82 84
27 81 1
24 9 15
21 40 3
14 75 31
7 6 74
18 30 41
80 14 71
85 71 92
16 42 43
19 42 56
89 12 45
55 27 11
29 2 25
11 7 27
28 56 28
73 7 6
35 72 75
62 54 89
55 21 85
47 65 92
79 6 15
38 98 3
30 53 2
6 97 1
82 90 7
84 95 3
41 19 25
58 83 42
72 78 28
26 76 56
23 8 13
33 57 6
39 0 7
86 38 47
14 47 41
67 10 99
85 83 47
8 57 46
93 31 98
70 88 48
33 78 74
4 68 67
22 36 90
98 89 16
7 66 38
55 85 85
38 71 46
6 23 16
94 99 7
81 67 5
74 71 20
95 77 54
68 72 25
80 22 37
32 85 2
31 59 89
41 23 49
33 45 8
11 72 64
42 25 6
53 60 14
15 50 28
61 74 32
36 64 5
44 98 1
69 46 93
23 51 73
58 39 82
63 20 32
68 80 32
59 40 5
38 88 87
26 23 65
55 73 29
49 57 85
67 92 34
25 49 99
55 38 99
95 67 96
91 11 84
96 94 55
87 94 80
72 77 12
8 46 20
95 55 65
54 46 57
32 10 21
66 51 27
95 48 96
80 15 40
32 17 100
44 48 48
42 12 68
4 33 96
96 16 54
33 16 52
25 44 78
35 68 85
25 22 81
50 82 35
41 98 36
33 1 12
13 86 49
85 73 92
29 43 42
45 51 12
58 52 95
4 36 39
14 91 99
9 67 71
34 86 48
76 53 83
61 97 41
95 99 64
86 63 24
75 66 90
92 47 42
20 47 58
69 86 93
0 69 47
6 90 45
3 7 80
42 14 80
97 83 32
41 37 76
51 12 99
59 64 5
9 17 91
99 5 75
43 87 78
41 55 51
88 81 3
49 33 66
98 87 8
64 1 83
60 79 17
76 55 13
47 95 81
32 18 40
62 41 65
26 64 84
90 82 64
23 26 60
15 83 31
12 76 38
61 56 93
35 34 79
8 52 54
50 69 2
7 27 12
8 61 50
93 46 1
72 43 41
60 3 73
63 18 29
78 0 53
13 95 83
92 49 30
23 88 49
58 15 96
64 49 75
36 61 20
69 94 97
82 18 57
9 42 39
73 23 12
18 80 3
86 26 49
32 34 93
77 41 88
48 34 98
43 92 49
96 21 90
61 19 100
27 66 20
54 88 63
32 69 10
15 73 60
95 6 48
57 10 56
50 87 66
67 81 60
48 34 30
80 97 19
13 56 83
22 63 67
52 91 34
15 41 43
23 92 97
44 65 29
97 58 1
89 4 77
5 50 61
30 38 55
49 91 11
67 63 83
85 74 16
6 37 13
19 61 61
95 1 70
42 32 6
88 87 81
59 50 23
69 89 86
69 95 48
85 48 61
2 42 31
53 19 40
12 43 52
9 81 44
20 53 84
34 15 20
91 25 11
24 19 17
46 58 47
54 5 97
69 58 38
89 34 66
49 14 50
52 33 70
10 95 95
0 84 89
37 3 12
80 92 31
90 97 56
39 76 66
72 36 86
74 72 49
80 56 21
2 52 75
66 98 10
83 42 22
50 86 38
24 32 55
8 58 14
64 61 48
6 68 94
28 50 33
22 84 12
42 12 63
10 9 21
34 67 12
75 2 32
62 33 34
63 8 63
79 34 31
23 36 51
72 44 12
80 15 78
79 86 46
30 73 36
51 70 54
82 5 65
4 19 98
59 83 45
62 81 78
27 8 48
31 94 50
23 0 20
56 15 66
73 26 35
15 42 99
53 72 92
2 92 86
15 56 63
21 82 4
67 60 26
22 6 100
96 23 57
59 12 11
92 69 33
97 24 49
47 44 97
7 8 19
3 22 71
6 39 17
71 5 31
80 7 42
23 36 30
90 34 49
66 53 39
76 87 11
16 84 56
96 29 61
10 45 18
24 76 51
40 45 27
73 57 98
19 51 16
41 42 98
3 38 35
50 53 71
40 99 92
89 35 91
78 53 47
38 25 63
0 70 84
5 3 53
3 12 59
74 0 85
46 61 56
19 0 8
8 77 74
55 33 83
47 59 36
8 19 99
98 96 5
88 8 32
71 99 75
44 38 85
18 9 73
83 90 11
43 67 48
99 35 19
26 25 39
58 43 78
86 38 61
48 7 52
69 75 33
31 46 44
2 20 99
22 9 2
99 22 28
95 51 79
34 79 75
50 72 85
83 92 13
81 12 31
97 66 86
52 86 40
19 61 11
7 50 25
5 66 20
77 31 40
16 92 83
57 82 84
0 51 30
48 58 96
40 72 32
0 17 53
22 17 9
86 12 71
68 24 91
43 14 100
66 76 76
27 84 60
92 37 33
2 1 89
63 60 60
33 0 12
19 83 7
64 13 67
24 30 58
36 8 23
78 64 26
57 77 1
79 48 86
45 85 37
29 26 92
78 53 6
54 98 8
91 74 9
26 47 60
80 6 34
11 35 36
17 59 13
91 39 70
53 52 73
23 39 87
83 54 12
27 77 7
78 68 67
54 10 61
76 88 53
29 35 20
55 94 13
37 77 30
32 16 25
93 8 46
64 52 8
97 89 1
83 27 59
52 37 31
8 22 50
64 73 68
70 57 25
91 12 4
73 11 60
6 54 46
3 48 74
63 1 59
95 13 79
51 55 30
96 91 68
85 67 68
19 68 22
40 83 74
69 13 16
9 35 59
31 7 74
75 18 84
14 31 73
1 11 96
28 5 12
64 43 56
93 20 4
68 77 52
36 68 25
74 40 48
93 9 49
4 44 4
74 8 39
71 10 89
16 58 3
90 81 17
53 99 100
44 45 4
14 52 88
12 64 35
28 88 22
29 51 80
30 12 23
22 53 3
60 99 5
30 20 30
75 73 88
47 53 16
76 12 25
91 61 83
81 79 75
74 94 5
90 20 19
46 73 22
31 96 15
21 75 13
75 38 66
82 15 64
48 68 49
29 3 43
48 82 24
43 55 48
30 28 48
88 60 57
4 20 12
22 88 60
30 79 59
37 31 89
7 63 72
56 94 10
6 94 58
27 91 52
22 33 100
91 43 4
9 43 80
61 7 83
97 32 45
80 22 67
29 53 13
59 2 19
51 22 25
5 49 37
6 7 51
38 8 4
87 76 67
33 46 42
26 39 5
9 83 71
76 62 28
51 38 7
4 75 49
71 63 19
84 2 42
51 35 23
95 90 43
17 62 35
32 70 82
77 24 70
15 39 58
83 93 96
36 98 89
78 41 22
43 77 30
66 8 95
40 61 58
83 0 46
23 19 17
85 71 32
31 85 98
1 48 45
90 79 75
54 62 67
92 15 57
39 0 24
98 83 46
81 88 37
12 79 45
56 92 96
8 5 79
84 13 92
20 1 9
97 36 36
75 20 15
22 74 55
40 21 93
63 94 24
58 55 87
7 82 73
77 85 65
87 28 47
34 37 16
65 91 20
31 79 4
51 75 71
33 20 78
44 42 3
3 67 15
46 43 2
13 63 76
21 72 82
53 32 78
84 35 31
33 47 84
80 66 49
7 67 47
27 64 42
27 70 37
89 0 29
18 74 73
74 6 24
42 55 15
76 62 45
45 74 69
20 23 59
67 34 79
77 51 2
72 47 5
62 37 85
48 32 96
9 84 2
65 73 73
85 2 34
4 20 78
41 38 83
39 75 8
34 83 84
70 61 94
58 25 93
65 13 55
44 23 75
25 15 19
57 25 48
90 48 17
17 51 62
49 40 13
29 13 13
96 50 27
94 4 52
37 68 63
44 46 8
26 53 35
77 99 37
41 70 6
23 82 39
91 40 57
68 53 12
63 47 32
74 84 51
12 48 78
15 10 90
65 93 35
71 88 43
6 98 65
80 84 50
85 40 2
79 35 74
86 17 59
99 82 76
6 44 91
84 25 26
10 44 19
50 22 28
43 27 14
46 19 63
58 90 39
46 68 27
39 55 45
0 93 18
47 53 62
67 17 13
56 77 71
28 1 74
55 85 39
67 62 63
32 96 92
98 85 62
86 69 87
2 86 60
38 13 4
51 18 78
25 66 64
23 66 31
6 84 48
58 46 24
71 0 26
83 68 55
17 40 19
72 34 15
33 66 91
98 62 55
80 45 68
13 18 81
34 90 22
42 86 46
15 38 34
73 37 82
48 1 72
76 99 87
81 63 97
98 72 29
8 2 60
3 43 54
4 64 63
44 38 72
50 90 41
49 32 10
60 27 88
64 63 61
62 16 66
25 47 35
29 12 42
2 47 40
83 22 39
10 18 20
98 3 15
73 18 32
84 39 39
46 34 94
44 85 45
2 34 69
99 82 14
34 93 57
12 21 11
41 63 40
90 68 32
6 83 60
57 5 62
32 95 9
76 58 60
79 67 47
96 72 51
88 77 41
42 2 54
89 45 34
66 1 68
55 16 68
11 52 92
26 85 89
90 78 59
35 1 77
21 74 98
4 99 74
70 54 82
22 50 23
38 73 9
29 96 62
45 38 98
60 0 74
71 95 54
55 38 86
87 23 79
71 59 38
52 77 85
34 73 20
14 8 78
66 16 77
47 33 19
26 98 58
44 48 98
22 95 41
61 33 19
32 43 36
90 63 86
47 4 39
33 85 29
80 49 79
67 24 52
96 69 95
29 34 21
53 13 49
82 48 48
47 62 47
60 52 35
41 6 17
93 44 75
24 25 42
58 44 32
29 80 64
55 2 29
20 66 34
29 9 80
76 98 7
63 60 18
19 67 33
32 40 2
25 92 48
48 9 18
52 90 82
47 88 72
5 98 12
40 55 7
79 10 30
95 63 99
40 55 91
66 6 59
93 34 4
33 59 5
68 5 83
9 79 4
64 38 28
17 42 40
47 61 79
72 12 14
56 74 45
0 57 62
41 55 32
49 83 1
77 57 54
31 19 17
58 70 85
55 27 86
20 24 28
32 92 95
28 25 90
57 56 90
69 83 32
66 27 92
83 1 57
36 66 88
67 63 40
6 30 78
86 66 98
69 73 48
55 10 68
44 41 65
19 14 54
82 73 48
64 61 53
91 92 76
24 37 47
38 87 84
75 98 28
43 42 35
74 30 56
16 43 51
67 75 34
53 73 82
86 26 24
27 6 65
70 68 67
85 20 24
68 12 80
37 21 1
69 2 75
21 7 78
40 54 68
59 15 97
90 29 83
26 66 14
65 2 18
18 51 37
63 94 73
83 14 71
99 0 6
9 90 32
42 21 72
90 93 79
41 97 96
44 20 52
28 17 87
86 97 39
48 42 66
10 17 34
43 97 19
16 89 35
80 34 82
81 11 63
29 16 36
54 64 9
37 14 77
29 83 21
87 59 54
74 84 1
45 87 95
87 42 4
23 71 34
1 23 85
37 83 84
39 42 62
50 65 94
11 60 8
38 97 51
33 53 18
54 20 4
95 88 80
27 46 62
58 90 93
52 46 10
96 15 82
0 72 62
93 43 34
46 88 86
59 24 15
66 20 35
31 19 25
89 24 66
9 67 23
43 57 64
74 90 94
95 31 34
4 42 85
65 51 4
62 32 94
16 1 63
90 18 3
58 34 27
97 75 78
4 21 63
25 32 2
29 32 10
86 46 72
79 83 11
47 63 21
66 60 3
77 72 9
43 30 28
55 40 41
84 22 52
35 73 42
8 18 77
74 3 90
81 14 10
70 61 24
75 48 12
5 65 37
9 34 35
65 80 32
49 15 98
8 85 53
48 64 48
76 75 82
92 64 93
30 59 55
5 21 13
80 17 88
30 70 49
32 59 47
19 4 54
51 70 96
38 1 28
10 90 33
91 82 75
96 53 92
69 70 16
69 58 87
46 47 88
49 30 19
21 29 15
64 54 12
98 55 19
36 46 69
3 94 57
85 43 12
99 60 68
60 22 2
36 12 57
96 34 56
62 39 59
90 52 92
38 52 26
11 29 92
53 57 54
89 61 35
59 71 55
77 41 46
83 56 25
56 85 39
43 36 62
73 36 94
97 20 1
22 81 58
74 73 97
26 57 3
67 85 93
19 9 20
40 17 23
33 20 30
19 70 41
30 26 35
92 34 33
19 69 45
83 48 23
66 91 55
77 69 50
34 60 80
62 77 80
11 22 23
5 19 97
60 87 92
82 24 43
6 11 70
60 87 70
71 29 91
19 73 89
57 76 2
5 79 57
23 27 89
39 73 47
79 7 3
87 83 30
65 61 85
89 57 42
75 7 88
18 98 87
52 42 56
15 18 45
75 39 67
86 67 19
12 45 24
36 58 13
55 18 95
43 72 59
88 0 24
65 57 8
96 33 64
15 23 60
93 40 29
15 77 71
97 79 86
68 41 27
20 15 96
41 47 91
54 38 90
14 80 18
83 14 95
0 84 73
72 51 50
72 96 77
89 7 43
97 1 1
23 7 60
83 23 41
76 59 11
37 40 71
42 70 79
36 83 33
5 48 60
24 7 60
93 62 66
51 1 69
8 57 68
90 95 5
58 32 26
13 24 40
62 0 57
62 82 74
39 99 23
24 99 26
88 86 39
65 45 25
40 14 51
15 16 12
5 75 18
95 50 19
37 0 7
0 11 78
63 68 3
58 62 35
46 71 63
97 23 54
10 45 65
60 83 78
55 26 53
39 96 94
75 32 44
36 17 32
22 60 86
98 97 35
17 4 83
86 14 80
48 34 73
18 4 29
7 40 79
67 0 1
26 85 40
68 0 56
94 28 96
62 75 72
2 65 5
29 99 5
56 94 3
56 85 89
70 22 98
84 11 67
2 14 21
84 72 75
99 81 22
71 72 57
87 31 84
5 34 87
22 28 13
92 3 84
87 50 52
41 31 38
20 99 19
30 45 10
56 93 33
90 51 6
33 94 17
70 71 69
44 22 20
44 42 59
57 59 99
4 66 11
83 11 52
26 18 31
66 77 42
15 52 11
7 5 12
43 9 44
85 76 58
45 66 30
86 56 68
48 61 88
56 89 84
33 19 24
61 77 96
31 17 7
69 57 91
7 14 61
51 0 93
23 5 28
38 30 9
53 74 37
53 93 85
37 88 90
54 96 33
84 28 98
27 25 29
91 83 23
76 67 8
9 55 58
61 72 32
55 83 36
18 84 5
8 42 63
32 35 20
5 53 41
96 33 26
18 73 31
74 51 100
92 25 60
32 37 80
54 17 49
13 22 65
84 14 14
38 68 55
58 63 12
36 2 50
26 22 74
36 75 44
27 24 78
77 34 67
22 8 13
96 12 81
59 57 100
75 81 22
54 63 88
87 26 24
10 41 49
8 68 1
26 96 62
82 44 45
30 48 94
87 35 78
25 3 6
2 99 71
99 7 61
77 70 57
83 70 14
89 84 46
71 39 1
47 36 94
74 98 43
78 0 21
39 73 91
65 69 84
16 76 84
88 23 93
88 15 54
21 43 13
66 31 25
52 95 86
89 32 76
63 29 28
10 18 93
50 58 65
77 97 89
25 72 93
31 52 40
59 12 1
79 64 7
72 20 72
46 53 72
5 91 100
69 39 36
85 56 42
34 15 80
87 25 81
2 50 24
61 36 85
8 42 86
71 95 63
96 37 11
45 23 28
33 70 98
22 12 88
18 86 91
27 89 18
18 98 87
36 65 17
36 47 63
91 26 32
14 55 83
2 81 23
20 93 59
53 45 26
84 58 29
61 89 11
64 40 84
51 96 97
75 55 10
11 41 58
18 74 72
86 60 45
98 23 65
64 10 39
81 72 52
79 46 78
36 26 70
16 45 91
83 68 43
88 8 14
97 18 85
13 10 84
32 45 2
49 15 34
17 99 22
66 25 58
93 76 73
17 47 89
31 16 77
34 1 99
14 76 36
87 45 97
58 35 29
9 2 13
82 74 40
7 61 8
55 85 49
52 94 26
65 88 22
36 70 28
74 61 74
28 54 32
8 31 82
96 75 68
2 83 2
0 23 47
37 83 37
23 28 52
41 73 62
56 27 45
54 55 88
41 27 83
90 95 43
42 73 93
20 71 61
24 27 68
74 89 74
23 68 31
21 7 73
18 89 2
82 14 60
26 53 80
38 45 20
35 94 82
22 21 67
69 44 49
39 28 59
85 7 29
91 38 19
30 42 84
11 85 35
26 68 25
61 84 75
46 50 14
16 6 3
45 7 88
18 41 33
17 19 86
14 42 31
12 86 9
27 82 54
88 57 15
65 64 94
15 36 87
29 38 87
39 68 40
91 64 69
74 42 65
38 37 73
89 74 95
52 30 60
41 35 17
71 40 6
32 14 86
68 51 49
62 37 80
4 93 61
83 94 7
88 71 86
21 74 83
4 72 17
39 72 87
6 79 53
16 3 58
24 81 62
42 66 14
7 32 87
90 53 42
42 46 45
12 91 38
15 47 53
84 82 58
77 92 58
40 35 6
21 43 96
26 3 62
48 82 99
94 63 7
12 96 99
37 76 41
57 21 52
19 97 24
34 98 55
39 20 93
69 87 10
90 79 51
42 3 15
9 64 72
38 8 18
59 38 77
34 94 78
57 55 43
36 47 4
24 23 61
65 33 32
16 41 94
68 36 70
71 39 11
9 83 43
20 47 93
86 36 69
37 46 23
36 25 25
39 87 42
68 76 91
36 85 56
78 3 25
58 41 37
40 76 70
26 75 95
25 14 41
63 76 4
18 53 63
83 2 33
32 35 7
37 23 39
20 80 20
3 45 71
98 12 96
22 63 8
15 75 23
28 73 56
95 69 55
35 59 72
64 32 73
28 0 75
56 99 45
88 96 73
77 35 29
85 52 5
71 46 7
97 33 21
10 36 33
6 59 74
36 80 43
93 60 35
8 15 15
42 23 76
95 70 12
38 43 57
65 50 33
56 84 12
27 3 72
34 37 11
83 94 64
48 53 65
72 52 50
77 0 60
50 57 15
1 87 67
36 52 8
16 56 92
57 18 72
84 42 98
76 58 44
62 46 37
40 26 13
31 88 97
23 72 61
53 99 19
17 36 91
19 61 18
73 9 18
28 93 6
94 13 63
12 52 27
84 79 97
41 75 26
35 98 74
75 6 46
84 75 6
83 21 43
16 11 44
17 92 62
1 35 82
89 47 79
0 49 55
99 13 11
90 84 80
97 36 14
51 28 62
66 95 44
90 1 88
16 56 16
14 7 13
34 19 60
47 23 26
3 51 86
58 89 58
70 4 62
47 13 25
41 28 43
35 49 93
95 99 98
82 40 9
25 28 66
30 73 14
23 1 38
79 9 92
5 4 22
94 29 88
56 68 6
71 95 46
80 47 30
91 15 91
50 92 69
72 37 8
8 18 47
74 83 23
30 2 45
18 84 22
53 15 71
80 33 64
1 53 57
56 30 94
0 32 16
23 86 14
33 72 58
38 60 40
75 1 98
24 25 14
35 5 51
99 42 80
83 40 30
3 50 18
99 45 98
68 89 30
83 61 40
29 90 46
10 79 93
51 41 92
99 87 100
67 31 84
13 71 53
74 73 12
90 80 49
80 18 62
2 90 95
11 92 18
96 11 87
12 91 13
19 99 26
22 13 66
48 83 29
60 92 32
53 26 22
53 21 44
81 13 72
11 31 68
21 43 60
6 65 47
80 35 52
50 22 67
4 87 2
67 91 60
91 22 63
49 14 6
37 47 67
95 98 23
61 74 9
35 82 38
37 73 53
20 68 27
68 98 50
69 34 91
12 5 48
2 20 13
73 24 45
44 77 43
65 21 75
54 43 8
56 83 71
26 47 100
89 80 94
46 42 77
35 36 79
89 52 100
52 97 10
80 77 14
97 36 63
57 61 95
29 41 70
12 15 32
29 48 32
64 22 67
25 15 74
56 29 42
82 13 51
60 67 56
89 65 1
55 26 21
11 20 56
20 52 5
12 4 100
3 86 79
59 62 41
10 59 8
55 32 57
84 27 100
74 30 12
74 96 78
58 9 59
61 44 80
18 24 58
12 28 44
72 2 4
15 56 83
45 65 34
1 99 26
85 5 23
60 19 75
90 25 5
37 0 25
97 32 60
79 33 93
68 48 89
0 20 24
90 71 21
53 97 46
91 59 39
91 71 79
42 82 94
79 26 28
65 95 35
5 91 97
82 26 64
72 68 80
76 56 45
16 47 9
3 21 57
86 68 4
57 24 9
86 79 1
26 79 40
15 38 28
18 37 44
57 74 14
32 9 33
49 48 18
90 14 59
7 69 67
72 5 50
1 88 3
30 38 95
42 32 24
93 18 92
78 68 39
56 44 26
84 63 39
17 22 78
6 23 29
12 95 40
96 54 35
83 62 68
3 81 49
7 48 85
18 87 30
77 39 58
20 59 11
23 63 43
21 61 14
9 8 32
17 39 9
65 83 45
2 30 15
38 55 69
26 63 88
78 75 71
76 14 83
65 93 83
25 33 84
69 2 38
63 78 6
22 77 5
55 96 39
59 7 40
10 40 69
9 37 21
93 79 45
18 6 100
26 29 3
73 54 82
26 83 30
3 30 32
0 25 84
95 97 86
78 95 51
54 99 96
32 46 97
39 81 96
7 49 81
76 9 34
82 65 94
33 88 25
85 21 53
47 36 90
1 95 22
93 42 52
32 59 13
62 78 26
23 70 83
94 98 23
47 57 8
19 50 6
23 91 75
83 7 19
91 64 12
22 99 63
84 75 49
52 22 38
11 36 2
35 86 22
41 96 95
89 24 4
20 19 82
91 61 31
12 93 10
32 95 21
84 38 50
12 69 62
6 11 89
13 70 62
35 22 96
94 18 42
25 86 84
29 81 37
13 75 11
44 85 64
9 76 5
12 48 71
44 8 7
76 25 15
82 93 13
9 57 53
63 54 24
39 56 98
46 80 94
97 10 46
30 60 90
7 57 99
72 36 24
80 5 79
70 65 59
70 5 31
35 73 28
81 19 48
96 63 87
1 60 51
24 46 70
45 94 10
52 13 16
82 63 83
73 76 79
40 74 6
36 48 90
75 29 4
10 99 75
73 43 17
53 48 3
50 52 77
88 26 22
79 87 86
76 2 44
85 41 67
31 63 25
37 64 12
87 26 21
9 23 69
97 96 89
47 79 14
79 33 97
58 77 60
91 71 35
48 81 47
43 88 86
83 63 15
71 96 38
96 8 57
31 23 81
91 35 45
80 30 59
71 51 22
87 74 97
28 57 59
3 0 86
36 89 4
19 79 27
58 52 13
87 36 75
28 72 81
24 90 41
22 20 40
83 75 89
54 82 14
29 38 92
17 75 1
67 71 66
84 77 22
52 3 1
19 40 14
94 51 52
57 5 69
43 81 7
88 63 34
68 86 91
37 3 80
51 3 76
56 9 5
65 6 72
19 64 91
53 55 37
84 95 42
8 9 15
49 99 53
84 11 28
66 47 4
93 64 69
86 64 23
79 28 17
27 12 51
7 92 25
54 24 48
44 79 81
28 36 20
26 47 13
42 82 58
70 20 20
86 87 53
87 44 68
16 20 66
4 83 49
94 55 26
29 72 60
85 43 95
26 38 21
5 6 73
59 56 6
71 68 28
58 21 36
42 41 1
96 24 18
51 44 44
4 10 72
75 15 19
18 62 70
7 39 95
39 20 1
27 70 46
28 81 37
49 90 18
40 71 29
24 54 85
11 57 81
55 98 53
69 11 98
61 3 15
97 34 39
19 29 58
67 10 68
94 90 46
41 85 59
67 12 74
12 37 21
0 84 66
30 91 9
34 51 79
9 23 9
30 19 64
55 66 42
30 46 53
23 8 28
73 2 67
44 28 27
58 76 62
70 19 65
36 28 23
20 78 92
65 62 65
91 58 15
28 36 6
67 86 45
22 90 63
35 65 98
23 69 21
55 31 72
55 95 81
42 67 83
77 97 62
18 29 62
16 78 21
48 50 93
7 76 4
95 99 59
47 69 12
48 10 81
63 87 36
50 9 18
6 39 91
2 75 62
62 22 12
74 29 58
98 92 18
71 16 38
1 11 75
30 1 92
80 8 74
85 12 100
80 82 3
68 45 57
91 85 14
65 45 36
68 55 90
11 95 91
96 81 64
71 92 92
7 47 91
63 68 24
74 13 82
36 19 13
15 58 6
12 71 44
41 80 25
93 43 34
61 4 24
63 34 17
90 12 67
15 85 65
72 60 65
49 45 52
9 40 17
51 52 57
29 2 80
86 59 18
51 7 23
14 74 68
37 87 41
94 47 93
52 56 80
67 60 50
34 48 78
48 71 81
17 79 46
69 44 46
65 53 71
99 80 24
64 4 42
71 21 52
80 45 49
91 94 71
68 95 86
10 50 77
45 30 93
4 53 54
11 60 24
55 24 36
90 99 62
38 54 79
91 73 44
54 87 57
67 75 2
50 79 55
56 87 42
11 45 12
59 49 13
84 88 86
13 10 17
31 53 44
51 83 37
10 94 85
39 52 99
51 18 34
98 11 33
81 79 53
28 1 94
14 16 26
45 68 22
28 46 67
29 65 21
65 12 28
70 7 24
94 22 78
39 40 54
29 84 70
21 92 21
61 90 7
63 10 77
47 21 49
1 64 69
10 22 38
70 33 86
8 32 9
77 64 54
47 89 88
34 21 55
10 78 18
4 18 90
10 81 73
93 90 12
26 38 82
20 78 30
51 20 21
92 51 95
88 96 46
42 26 28
63 70 11
16 57 29
87 97 88
48 45 57
68 1 17
72 86 52
59 7 66
34 68 30
97 17 57
1 11 10
28 60 12
39 81 1
93 47 25
90 87 72
54 5 18
69 71 60
74 34 41
79 23 93
63 60 63
18 70 14
45 38 8
8 23 81
90 34 37
23 47 67
52 97 53
62 29 13
7 98 53
85 99 41
71 94 7
29 33 74
90 68 35
29 17 21
90 82 71
9 16 62
75 20 67
34 85 93
60 0 34
25 39 81
64 98 79
92 98 41
25 59 14
1 15 90
57 95 23
97 40 81
13 31 53
84 94 29
68 63 30
73 97 46
94 64 30
36 43 100
26 72 3
35 93 44
91 68 83
96 69 15
81 50 40
96 19 18
65 83 20
77 69 76
90 96 42
45 6 3
87 71 37
1 41 49
79 98 63
46 74 31
2 27 17
94 70 90
78 50 29
97 37 15
46 17 67
19 41 24
84 9 6
9 2 27
28 96 87
74 94 99
74 39 9
39 9 37
9 81 11
97 53 88
70 66 5
16 92 59
20 57 79
24 31 50
54 20 26
58 11 5
8 56 59
57 30 67
69 9 26
57 39 93
86 77 24
34 29 40
87 72 13
73 85 48
62 30 74
95 31 91
13 39 24
81 2 77
41 24 73
68 49 5
77 72 11
24 91 10
30 51 98
30 87 91
40 87 82
73 99 32
78 40 89
7 5 62
2 22 23
85 32 66
39 87 29
92 45 59
6 36 59
28 40 45
23 84 9
23 22 42
52 44 31
67 61 9
79 71 83
58 86 42
60 24 2
82 56 64
31 8 62
17 19 10
1 30 52
47 91 8
46 14 69
93 51 42
71 63 82
96 49 52
43 52 86
14 23 97
25 68 25
99 76 47
26 66 45
28 88 8
20 11 9
66 39 88
89 81 63
3 30 40
89 50 76
14 45 31
83 53 20
84 77 82
9 30 44
80 62 30
4 44 57
73 98 89
86 25 88
83 16 52
73 65 96
89 39 37
84 86 15
97 47 5
32 62 87
33 54 1
78 73 76
82 97 38
57 85 35
26 11 42
75 99 26
52 29 22
7 48 34
59 99 58
93 55 35
23 93 94
54 93 80
61 98 100
38 95 29
84 7 41
13 97 84
52 80 76
74 60 3
68 72 69
7 85 30
97 33 52
99 70 34
84 52 83
50 5 84
60 86 84
32 71 14
90 40 36
41 82 93
20 1 10
37 70 47
83 96 87
71 46 97
97 85 74
93 63 4
35 41 73
1 80 27
55 75 38
43 35 62
18 56 64
82 49 37
17 45 66
98 51 47
85 49 43
78 63 90
76 53 31
19 18 62
60 49 13
80 5 35
30 48 94
13 75 31
28 66 77
76 88 24
26 49 16
33 77 12
20 49 3
45 73 91
51 59 84
29 7 51
86 51 66
29 96 10
66 85 54
2 8 11
52 94 38
75 65 85
65 61 79
17 87 94
13 76 52
82 89 2
78 98 70
22 51 85
94 50 100
16 72 69
12 52 78
5 46 75
78 10 72
51 63 54
37 90 42
3 33 24
26 82 84
76 17 54
93 58 2
73 27 26
42 37 78
33 7 23
79 49 63
4 74 11
73 28 24
1 17 63
26 38 15
88 53 1
15 22 100
67 4 63
60 65 83
48 3 91
94 82 88
67 58 82
75 41 54
47 1 57
94 90 71
30 17 100
16 35 35
12 29 47
14 20 9
81 8 78
74 18 50
28 74 23
53 1 95
97 51 51
39 44 84
65 36 85
26 11 89
95 98 1
58 95 6
89 37 20
9 52 54
34 82 51
65 85 49
85 50 10
3 65 46
10 25 31
89 75 8
43 74 6
12 69 39
63 83 12
45 53 97
30 77 27
96 38 87
20 58 53
16 74 46
39 76 1
3 2 46
67 14 29
37 82 76
59 75 75
78 7 64
41 50 75
29 76 39
41 91 52
99 2 77
35 77 67
66 0 58
82 79 42
65 6 81
72 26 44
95 96 86
83 49 55
32 58 56
97 75 100
22 36 80
6 85 31
88 13 77
48 67 97
29 78 50
1 68 47
66 39 52
98 72 51
35 97 22
20 77 94
0 66 66
92 68 82
8 50 51
76 42 64
60 32 59
74 96 92
15 97 89
94 73 1
25 18 18
81 15 79
6 95 96
32 20 29
24 41 32
75 35 24
13 27 27
58 53 94
16 83 8
62 19 90
54 34 5
1 58 6
84 61 56
97 89 58
3 47 100
32 94 32
33 2 77
3 44 4
5 75 82
23 34 77
28 88 78
92 37 63
65 74 93
89 88 45
2 18 83
45 82 53
50 84 55
97 81 96
86 50 48
0 19 5
90 0 82
62 59 70
4 64 65
19 85 6
20 15 43
85 97 64
40 33 40
39 27 86
15 56 45
41 51 93
14 15 10
53 92 25
7 59 89
98 73 54
82 8 45
4 96 89
4 45 86
60 16 89
37 9 78
2 45 9
99 9 48
50 40 90
26 54 78
15 21 43
10 24 21
7 54 34
74 19 22
17 46 3
59 97 6
81 87 42
57 18 57
41 84 9
91 50 100
4 46 8
86 82 98
24 26 55
80 41 12
14 37 74
64 16 69
57 93 11
49 88 48
34 9 79
82 89 58
65 60 33
15 68 67
81 39 44
45 20 65
72 43 30
41 96 2
23 87 10
53 44 4
12 80 68
44 0 98
28 95 18
73 38 78
44 84 100
67 36 50
50 24 83
83 97 100
50 35 79
44 73 34
31 50 40
3 66 91
10 90 57
31 86 54
23 82 6
15 92 55
55 5 52
97 34 58
92 46 68
2 98 7
17 29 59
45 3 67
31 32 67
24 59 54
33 53 72
39 4 30
80 11 58
86 80 17
21 87 92
15 84 92
90 79 73
66 47 82
20 54 26
28 26 67
52 24 34
68 69 29
65 70 87
82 37 53
40 99 84
84 38 14
40 18 20
73 35 100
93 73 81
14 9 12
15 66 16
36 10 37
13 33 85
88 96 13
95 94 9
83 96 89
6 41 45
59 72 34
55 76 93
86 9 85
22 81 13
19 68 43
25 59 30
42 24 34
33 8 76
93 23 17
40 15 14
1 38 2
66 8 50
53 92 71
78 57 90
22 99 39
71 57 90
57 50 31
66 59 14
87 94 78
22 37 63
49 93 1
76 81 82
88 36 19
85 84 12
80 77 86
94 49 76
49 98 60
74 39 55
64 61 41
83 57 22
28 59 52
68 83 70
7 24 51
66 40 24
17 21 51
18 84 31
34 10 56
0 9 86
3 96 96
51 15 19
66 91 89
91 96 8
25 74 87
19 66 74
37 27 25
43 71 51
86 83 64
51 19 21
27 82 69
48 72 77
57 28 9
0 36 34
47 71 52
58 39 100
40 43 64
71 22 54
90 47 55
32 14 51
76 13 73
94 56 42
39 68 42
76 78 30
50 11 95
66 56 10
5 80 97
32 85 1
89 48 61
89 9 83
90 72 47
87 13 42
24 44 82
59 52 23
81 54 57
3 80 39
8 75 98
73 33 19
35 46 57
30 73 22
44 5 12
3 25 59
57 86 22
45 65 50
77 18 73
22 79 87
94 86 9
85 47 76
69 39 10
45 32 67
25 82 70
53 66 73
86 63 26
25 81 77
6 3 61
21 64 79
83 68 59
57 67 7
43 33 63
16 35 75
64 69 44
49 45 47
85 83 34
53 79 26
24 90 12
70 46 78
77 68 85
78 17 3
42 56 97
70 29 99
87 97 81
91 33 21
3 22 65
0 56 18
23 84 28
44 74 19
89 23 21
18 36 70
97 3 6
70 91 88
54 56 66
82 28 72
87 22 87
56 35 27
61 0 51
56 75 94
60 49 88
77 62 50
18 78 61
5 84 4
34 14 19
51 29 28
49 5 88
31 65 52
76 8 32
87 44 57
52 75 35
78 34 45
44 57 56
63 12 39
34 53 64
15 62 83
85 65 26
33 60 59
92 39 29
72 74 22
28 59 5
47 86 7
17 55 42
18 50 13
20 86 12
69 12 99
74 89 15
31 38 69
31 25 18
12 41 6
54 35 67
55 65 31
74 28 82
91 50 88
33 79 21
65 92 87
1 87 27
49 45 87
87 70 28
31 34 40
0 72 61
5 56 23
77 67 37
64 16 69
86 54 15
62 44 77
16 21 72
14 22 57
40 93 25
3 44 64
96 78 59
4 47 91
59 18 75
10 18 43
89 82 59
97 54 48
31 55 76
6 37 16
25 60 46
32 54 19
84 34 48
27 29 31
15 63 30
97 0 16
78 96 77
60 77 78
29 36 60
57 41 9
80 78 33
3 38 25
0 56 29
69 75 18
59 69 90
96 26 41
45 31 19
23 9 43
12 59 63
92 59 55
99 12 9
50 7 24
97 32 43
21 50 23
79 48 51
26 88 5
29 15 52
76 64 54
65 2 8
97 51 32
39 91 9
70 8 66
98 59 70
49 4 85
74 38 62
56 0 32
4 0 92
90 67 25
90 21 12
42 33 61
62 70 68
19 12 67
68 97 97
80 89 31
31 66 49
53 35 75
55 3 10
0 75 30
97 81 56
16 64 48
95 28 21
15 47 83
52 55 94
11 14 53
31 27 3
35 22 80
50 44 42
47 36 28
58 15 46
1 42 18
26 4 41
57 72 77
51 93 52
21 31 92
36 24 39
77 49 79
55 20 42
44 36 70
80 38 93
10 82 17
13 57 64
30 12 79
80 7 45
95 57 99
97 86 67
89 81 72
41 60 10
55 94 90
26 41 66
41 40 34
81 84 24
99 94 14
96 29 3
74 76 66
34 7 17
10 44 15
66 94 85
88 72 67
75 83 10
14 92 24
82 55 87
66 64 52
20 8 81
40 51 49
60 22 32
27 3 56
33 19 9
37 53 72
37 99 86
2 31 49
56 37 32
65 93 32
79 74 85
12 47 18
83 30 65
62 87 53
15 11 59
44 43 33
53 37 45
80 35 75
75 80 34
39 22 13
29 2 47
15 34 34
26 94 23
50 4 39
70 59 92
81 59 82
31 68 91
78 20 36
91 96 66
13 91 37
64 98 29
58 80 83
62 30 37
1 63 51
72 38 9
56 64 18
68 3 80
8 71 30
1 97 68
94 28 48
27 33 14
68 56 42
1 4 17
60 86 29
7 84 94
44 42 75
9 14 81
81 57 62
0 63 57
54 24 67
46 19 61
46 60 43
46 87 98
21 93 100
68 48 75
2 1 47
27 62 24
94 53 67
92 94 6
59 61 71
2 23 39
92 22 7
42 92 18
70 12 69
5 54 49
21 56 68
9 40 45
4 25 68
13 80 49
92 79 51
51 21 98
61 32 64
49 34 7
18 67 33
6 85 35
10 9 84
40 83 39
53 39 8
40 38 25
66 85 23
25 92 84
39 92 93
84 99 55
65 13 4
30 27 100
24 6 19
89 37 33
19 18 98
46 60 77
31 68 46
55 44 37
60 36 29
60 33 75
5 68 70
34 45 28
33 99 23
48 64 73
57 26 98
51 77 89
50 52 51
40 31 79
7 22 12
7 80 98
74 10 29
11 44 87
38 82 90
98 39 25
82 75 79
55 23 100
8 78 12
40 27 56
54 66 66
89 91 67
47 93 1
72 20 3
68 48 51
11 44 43
91 40 35
39 22 69
4 27 36
68 9 43
22 8 61
21 36 31
85 96 82
61 32 15
18 24 30
89 9 4
77 23 44
39 84 51
53 60 33
32 55 85
15 43 21
75 14 78
28 5 49
16 69 31
74 77 86
98 36 75
77 30 39
98 35 72
1 13 7
79 85 31
50 93 66
74 51 43
1 89 53
50 29 100
81 20 35
58 26 41
34 51 44
23 37 45
72 80 80
1 78 94
13 15 82
16 11 7
37 49 54
50 56 92
95 34 51
40 88 4
27 97 39
73 59 78
79 25 89
1 55 39
25 14 27
87 71 41
27 97 8
25 82 96
4 66 32
27 71 53
24 47 23
70 41 34
4 22 57
96 50 48
99 65 83
31 55 71
4 79 59
13 9 93
33 85 66
15 45 72
46 22 91
48 51 95
31 82 76
1 53 46
42 21 40
79 59 80
19 69 13
74 63 68
83 80 77
99 90 45
36 34 62
17 70 27
4 10 84
35 12 24
8 77 25
29 74 60
10 82 41
64 40 1
23 8 89
48 36 70
71 11 69
39 89 86
17 73 36
54 21 41
39 6 87
75 65 57
25 92 41
8 17 2
51 85 11
5 60 51
16 4 41
74 96 39
78 41 87
51 49 35
76 28 64
92 43 25
13 79 63
0 85 39
75 61 29
38 90 51
76 44 32
34 13 91
0 47 17
87 89 14
4 30 54
94 79 37
58 82 87
85 20 97
61 58 96
15 18 22
56 27 49
80 59 85
20 27 31
30 91 49
21 24 16
28 1 71
5 28 16
69 96 16
36 98 62
27 7 89
66 48 33
92 25 37
23 50 58
41 52 94
12 62 71
24 70 10
13 96 62
90 55 72
86 80 61
23 11 9
43 80 85
27 81 17
21 74 48
57 85 75
68 33 31
14 24 74
24 32 83
88 35 97
93 12 54
56 30 44
53 5 70
47 63 60
93 80 39
80 44 77
56 35 52
33 73 14
8 83 6
73 10 82
80 20 47
46 45 97
36 81 19
98 80 99
80 48 72
68 39 57
21 15 35
27 41 100
1 57 91
55 3 87
50 57 43
16 97 72
29 99 28
95 50 24
21 4 28
17 26 77
8 76 60
30 18 44
79 97 11
4 73 1
88 56 63
30 63 11
90 66 68
19 35 76
82 48 11
17 15 35
35 29 79
25 38 10
18 95 29
84 64 26
67 60 63
30 69 42
68 62 60
92 81 73
46 12 18
15 42 90
28 11 55
10 9 40
54 35 46
73 0 17
91 19 67
85 58 58
49 90 38
60 31 68
43 62 76
94 30 88
74 17 84
0 9 45
16 94 95
67 51 100
41 89 60
18 35 90
20 33 65
82 88 93
81 34 58
92 88 60
83 74 2
38 58 32
8 82 70
1 95 43
34 24 11
38 78 31
10 72 22
12 24 88
67 23 90
1 22 97
87 67 9
57 47 46
42 36 16
27 59 18
40 75 59
75 48 58
55 96 30
60 44 21
30 38 18
37 88 59
47 49 82
82 65 20
1 18 83
95 37 22
38 85 22
31 28 95
75 86 34
55 54 72
10 27 67
96 18 5
40 87 4
66 26 73
87 28 79
28 58 85
75 0 39
53 38 43
88 35 36
47 86 97
24 93 24
83 71 49
66 70 56
8 31 41
54 1 73
49 62 29
60 26 82
2 74 11
96 76 70
24 71 74
81 70 52
48 18 87
38 85 82
43 77 60
90 96 29
26 25 42
93 34 71
11 35 45
80 55 43
92 79 88
64 65 99
10 36 39
59 13 85
33 94 91
56 18 70
24 45 47
74 13 77
49 60 63
36 43 28
29 72 24
55 29 4
50 84 47
58 71 64
72 90 73
99 67 7
1 75 42
97 56 5
52 46 87
27 6 95
62 71 72
79 72 26
50 93 21
93 33 70
12 82 20
39 4 12
23 18 75
37 87 33
98 61 12
76 77 7
20 3 50
48 58 74
44 96 95
29 75 17
28 46 34
19 1 46
31 22 46
21 51 59
66 33 25
63 25 25
73 54 14
56 44 79
97 17 96
77 85 38
83 53 75
68 62 80
72 42 8
60 50 22
44 7 7
98 96 5
26 20 8
82 27 41
51 77 13
72 4 44
23 35 62
20 84 12
46 89 64
68 2 66
29 0 91
64 54 18
7 5 100
15 22 100
43 37 99
37 88 25
80 27 32
13 63 6
36 31 19
74 37 45
55 50 83
74 9 61
36 75 95
35 23 91
7 49 2
81 30 91
48 56 84
60 27 32
87 0 62
45 21 62
68 21 31
21 70 42
73 31 7
47 52 57
62 32 87
67 53 94
42 9 49
52 21 40
57 43 97
25 0 57
85 43 11
8 7 24
16 99 18
46 3 2
50 45 58
23 26 59
13 82 93
89 12 26
27 43 16
10 8 53
84 99 16
28 62 84
56 45 52
50 5 35
65 69 28
32 5 2
5 10 57
58 32 19
29 95 58
83 56 98
25 78 78
74 22 11
64 61 5
88 74 88
67 87 83
8 93 82
33 69 37
80 19 3
1 36 35
77 44 39
22 1 61
25 96 61
36 76 78
32 3 2
90 74 6
30 58 24
15 51 85
46 44 8
22 6 4
34 11 54
13 4 74
19 77 26
16 18 36
42 4 67
50 41 90
97 18 42
16 4 49
95 90 66
5 25 34
43 71 10
25 67 97
21 76 42
52 79 6
11 10 61
48 82 20
4 51 37
87 29 58
57 46 52
11 66 79
52 28 68
71 40 8
69 60 82
40 25 35
66 64 29
35 74 35
89 11 17
26 0 40
74 90 90
44 18 69
9 40 34
2 16 85
47 25 30
41 8 18
66 41 88
8 89 7
0 62 38
59 3 21
1 95 8
32 44 83
77 92 66
18 52 58
17 71 72
48 43 97
94 75 41
18 81 50
30 5 70
71 51 18
93 80 3
34 10 27
94 23 4
23 75 46
77 75 19
14 71 47
37 53 59
22 4 98
76 67 67
53 3 52
96 59 10
78 81 38
34 95 88
97 17 39
58 41 41
88 0 4
48 89 26
83 10 34
32 83 62
43 46 77
36 64 76
59 47 64
99 47 11
58 32 68
86 16 16
28 9 35
25 40 2
29 11 80
28 57 91
54 51 13
73 42 90
39 48 84
32 50 80
65 71 73
8 69 3
25 78 86
20 39 32
95 82 17
49 96 59
30 92 65
15 58 65
2 35 5
83 5 76
63 11 8
10 45 100
43 70 22
42 2 9
8 80 27
4 36 89
6 66 25
68 31 97
98 39 22
44 38 54
87 88 12
44 84 58
40 65 70
18 53 9
63 23 78
30 99 91
0 79 8
17 34 46
12 2 76
37 50 58
38 32 100
24 61 70
76 37 68
82 55 65
12 96 50
7 30 57
24 29 2
36 48 100
37 48 73
78 85 80
38 14 81
90 83 11
25 39 1
46 28 63
77 74 27
69 36 83
86 23 40
24 93 21
20 28 7
51 85 12
64 29 49
58 92 82
6 47 8
70 28 69
84 1 68
92 76 53
55 94 80
37 67 84
86 59 90
8 98 21
33 62 22
22 1 72
98 79 28
74 80 78
51 66 5
57 92 98
21 99 61
67 35 16
71 8 33
19 51 21
93 91 23
95 43 65
56 9 4
92 44 88
73 57 20
96 90 24
97 77 64
99 32 55
50 97 96
61 88 84
25 98 93
42 3 99
16 46 57
10 54 73
96 36 59
36 59 65
67 85 53
20 67 84
2 18 66
96 52 84
74 92 46
33 48 9
10 23 85
67 41 54
30 26 51
7 43 94
81 15 100
99 31 12
53 17 35
49 8 49
5 37 56
87 97 10
81 28 32
13 20 79
57 42 54
68 19 98
25 18 8
41 34 10
50 61 49
14 84 13
11 85 39
96 43 45
59 78 61
65 72 77
20 23 2
73 29 10
10 33 25
87 35 70
20 4 97
78 65 6
44 55 79
78 16 63
14 82 53
20 15 34
11 44 12
51 70 34
68 85 1
79 35 32
23 77 95
6 25 35
64 39 34
54 18 42
38 89 88
41 89 7
76 71 77
30 66 3
58 79 86
84 23 61
91 87 13
91 55 93
38 62 49
19 1 46
10 41 2
40 83 71
92 45 63
35 14 86
24 51 11
83 61 7
14 11 41
7 14 17
51 42 43
37 82 64
74 83 26
26 88 77
69 65 35
1 48 21
41 97 20
38 58 26
94 91 12
68 73 63
29 44 15
53 21 93
69 99 43
13 57 45
32 48 51
33 27 2
97 32 51
46 97 46
53 32 43
15 14 24
79 52 90
94 44 36
84 61 4
92 7 4
45 35 53
76 14 68
35 7 47
66 24 94
70 57 98
69 75 11
23 21 7
98 82 45
9 94 60
30 78 38
34 84 87
79 12 25
32 6 46
21 64 27
55 25 92
76 17 33
7 8 64
73 81 4
36 20 35
76 94 31
55 75 59
78 88 50
53 46 4
7 68 33
80 72 100
16 66 81
85 89 38
86 52 42
48 2 51
37 51 99
18 44 43
66 23 40
26 78 71
9 1 81
60 21 53
59 73 98
54 16 57
89 69 72
68 37 38
94 68 49
9 90 70
16 25 32
96 19 23
71 79 93
17 47 17
50 6 83
45 93 10
67 28 72
56 42 28
35 1 71
21 90 53
26 95 99
68 90 70
48 50 58
8 57 55
93 2 54
70 92 35
37 75 39
34 72 55
0 4 34
37 71 93
95 94 46
32 53 49
22 9 6
59 39 87
16 93 48
44 70 53
86 57 9
30 9 43
74 24 57
7 55 61
6 74 56
1 40 2
42 9 46
81 82 22
50 56 60
37 27 67
75 80 79
0 99 22
12 4 72
32 22 18
34 86 46
98 31 100
94 69 1
54 86 31
84 80 54
23 48 72
70 78 11
10 71 6
6 98 28
43 82 88
87 1 23
33 53 23
65 66 17
84 16 57
80 81 42
5 65 61
75 56 4
1 87 27
72 13 70
10 57 68
97 10 52
51 6 91
24 95 46
41 50 47
58 52 94
43 62 6
60 74 17
49 12 7
81 54 36
79 47 70
96 78 88
76 28 25
87 44 6
68 35 62
28 86 10
39 32 14
92 81 16
7 74 14
78 68 34
84 80 50
20 40 69
64 95 9
35 50 29
22 41 13
18 61 78
7 96 72
56 3 81
62 87 3
62 27 10
47 63 68
42 94 88
50 31 24
91 38 69
88 21 7
96 51 38
16 81 74
64 17 12
1 64 96
87 25 73
25 80 100
48 7 31
35 64 78
27 97 6
3 63 36
4 87 54
94 92 32
13 22 1
37 89 28
66 65 40
34 63 87
12 85 7
13 15 93
5 7 90
61 86 75
41 27 29
60 70 88
15 61 13
92 5 27
52 13 9
59 63 82
40 5 91
31 2 45
49 72 48
33 77 16
31 24 62
47 51 32
81 68 19
34 68 4
94 18 29
32 77 64
92 54 64
71 31 70
73 96 85
4 52 24
67 27 33
75 69 58
98 22 81
72 7 52
81 57 69
4 59 5
56 96 50
57 17 11
68 81 32
44 76 61
2 31 14
21 79 93
66 95 19
39 11 16
19 8 41
51 35 91
10 18 8
33 24 76
1 34 51
56 38 95
23 38 49
8 74 56
8 26 46
53 43 71
85 78 32
40 21 59
17 40 6
12 95 24
74 37 45
10 77 65
47 93 19
83 62 28
97 79 92
79 72 83
77 81 43
93 14 60
31 78 25
93 0 33
79 29 56
66 94 80
38 99 43
78 29 15
43 12 2
75 73 4
35 26 77
1 39 33
76 42 96
30 38 48
7 29 24
63 27 33
19 33 16
71 33 12
43 92 46
34 28 11
1 12 41
46 48 66
38 63 75
20 93 91
85 40 64
66 40 74
65 11 8
51 18 59
14 58 38
9 27 4
57 47 44
24 37 87
9 32 2
47 28 50
36 88 35
57 87 10
97 3 55
24 81 64
58 70 74
19 35 33
20 73 70
4 80 32
67 53 39
69 47 87
68 25 94
13 85 26
10 25 4
50 13 7
47 67 64
89 93 1
92 41 79
29 90 41
0 23 38
28 29 46
48 37 85
49 56 28
30 9 95
98 69 70
36 62 76
48 41 55
38 95 10
1 75 92
10 59 66
94 44 43
52 76 37
8 48 85
44 14 53
74 35 4
23 9 49
28 19 66
16 76 54
95 26 24
48 98 64
45 69 12
92 88 58
25 56 24
51 34 11
57 61 63
3 74 87
96 68 84
33 12 74
13 53 10
54 40 83
20 31 46
32 18 65
89 34 75
26 31 62
59 38 10
44 73 4
98 73 5
6 35 63
99 26 5
90 31 31
48 95 44
33 5 70
72 33 63
16 17 57
10 43 93
19 21 73
25 44 52
57 69 60
9 94 44
97 33 98
51 50 7
56 20 59
88 68 1
2 26 56
59 57 86
96 8 51
70 75 57
61 13 86
85 30 6
21 96 6
80 69 57
45 19 73
66 0 55
22 98 34
26 63 29
53 49 5
60 42 97
39 3 43
4 22 63
16 6 16
70 78 61
55 91 29
26 89 12
40 19 71
34 68 83
88 15 61
64 68 27
5 54 66
46 43 85
63 47 70
9 28 93
81 27 99
63 70 17
58 41 16
75 69 58
23 44 27
17 50 44
31 68 85
44 82 46
60 45 85
8 29 2
80 87 45
16 47 85
21 92 92
97 96 39
38 14 49
19 77 91
88 15 95
81 98 80
4 19 66
75 42 51
3 75 92
11 29 32
45 22 84
86 11 24
99 60 6
5 28 54
68 38 42
46 72 79
97 31 17
61 59 71
68 72 84
66 4 13
90 76 45
98 0 5
96 18 57
26 87 68
82 58 70
97 72 15
50 74 87
47 53 84
61 14 23
58 23 92
89 18 14
63 21 68
5 60 69
28 23 43
31 27 29
96 6 31
67 33 20
13 41 60
45 9 80
12 77 34
9 61 41
24 57 77
35 9 47
26 24 48
37 33 87
45 51 41
29 71 70
81 15 92
41 68 52
2 81 71
65 71 35
93 54 76
78 95 99
20 59 48
28 16 65
79 7 26
7 32 85
42 71 77
87 49 35
6 82 81
19 61 17
87 25 43
12 39 50
57 55 38
7 14 69
26 58 85
91 68 4
20 84 44
95 64 67
54 6 29
44 9 22
17 92 83
3 37 33
28 16 1
6 71 12
24 84 4
50 69 69
33 32 4
25 52 96
44 81 79
83 87 72
2 88 52
29 6 17
34 27 2
41 97 90
74 98 90
80 77 41
28 97 49
21 50 12
19 97 100
43 37 31
38 93 47
94 29 63
97 99 73
33 31 44
88 15 80
45 76 29
65 88 55
71 34 92
16 30 22
47 95 49
88 46 67
76 63 62
96 3 67
49 3 98
54 74 38
65 1 93
45 27 28
99 8 1
10 38 59
22 34 17
3 9 43
0 58 54
11 76 74
85 66 47
72 33 7
34 45 74
64 90 90
95 15 100
8 28 93
50 15 55
86 37 4
73 83 5
39 84 32
67 98 20
23 17 64
28 18 32
30 87 73
80 0 12
76 18 56
34 36 71
8 56 53
32 15 98
44 46 45
1 23 60
81 34 25
59 51 86
96 74 78
57 2 59
81 58 96
7 70 23
3 95 69
34 74 51
90 0 97
89 26 73
6 10 21
85 77 48
25 58 99
17 47 59
77 52 70
45 56 67
83 97 13
52 88 7
50 44 67
6 43 50
37 77 82
22 17 89
95 63 61
5 1 75
38 83 70
1 63 93
31 51 97
74 99 27
0 26 33
69 58 53
33 80 84
75 69 70
10 72 74
5 69 20
17 52 44
26 95 14
95 96 88
94 92 18
92 5 12
75 34 6
98 53 28
76 27 97
27 57 14
4 11 50
79 4 50
91 39 88
26 82 88
47 86 57
34 79 21
36 97 74
26 76 51
38 64 11
7 30 95
21 4 6
73 80 24
69 2 28
4 49 75
10 52 38
86 84 41
55 86 93
23 80 58
14 50 7
8 61 85
23 13 14
81 50 93
82 88 97
64 17 53
8 91 46
49 28 92
61 96 51
99 57 82
64 27 41
18 41 89
90 29 34
91 54 76
87 55 76
67 5 8
27 73 1
14 13 1
27 11 10
88 91 38
10 22 98
60 33 3
8 55 10
34 93 30
50 13 90
90 14 36
58 15 36
1 39 91
12 49 55
97 75 52
79 50 33
79 23 41
56 50 95
45 37 1
39 83 8
53 11 95
60 29 87
15 56 76
58 23 7
1 16 5
24 37 62
77 75 100
66 54 100
2 36 3
59 67 72
20 60 63
94 90 29
88 20 45
22 34 48
2 37 24
7 97 27
69 53 40
31 18 46
27 93 68
5 67 20
2 5 71
65 60 58
38 76 10
66 74 86
24 5 79
23 12 14
43 87 42
0 91 80
34 26 96
67 6 64
60 94 98
87 90 27
60 82 83
64 42 58
33 0 42
43 76 85
63 20 30
56 97 98
35 80 4
45 15 68
49 6 12
58 63 93
75 50 85
79 30 65
86 44 64
69 26 50
30 26 26
18 70 27
25 97 13
55 93 96
54 35 90
12 59 28
62 4 94
3 37 41
57 65 25
69 33 78
8 85 8
66 80 39
33 59 8
48 98 73
24 55 10
8 19 19
70 20 85
57 22 18
41 85 72
96 49 3
73 75 29
90 51 74
26 56 28
31 47 85
93 58 25
14 55 9
6 19 55
2 43 14
28 4 23
10 47 38
69 20 3
35 78 13
27 51 36
64 50 75
18 20 1
95 13 28
72 51 57
63 9 86
89 54 13
48 96 4
19 16 3
76 93 81
83 91 16
41 77 12
96 67 14
4 3 60
96 48 18
72 15 3
99 92 18
24 17 15
78 32 24
66 42 44
97 16 65
11 34 96
45 27 98
23 85 74
43 2 32
72 69 93
86 11 68
5 77 96
79 24 2
89 64 72
18 52 75
2 62 7
99 36 95
77 81 78
31 10 47
66 93 99
33 52 41
58 39 49
92 69 59
31 71 21
47 70 8
9 62 70
70 21 76
38 36 6
76 53 96
36 57 47
66 4 35
95 2 55
35 1 92
39 42 99
42 38 28
85 32 53
52 17 27
19 25 20
29 15 79
72 50 16
64 66 46
26 94 92
44 4 57
14 46 68
93 97 15
45 66 72
92 0 40
12 86 91
85 19 12
7 29 11
50 90 7
20 77 100
28 67 8
74 41 66
93 18 6
13 41 53
59 90 22
47 82 88
19 97 67
7 34 4
85 82 47
68 30 46
64 36 50
98 69 97
99 87 37
65 14 86
83 21 79
34 23 4
91 88 98
75 3 94
98 19 16
87 74 82
66 81 99
72 82 62
3 11 25
38 51 78
70 9 28
95 12 16
26 57 62
13 38 45
88 93 74
45 19 4
3 89 12
44 83 62
30 87 81
58 98 97
95 82 4
93 90 12
53 73 36
37 8 57
15 26 18
79 58 15
90 1 46
58 37 19
36 25 6
84 90 47
51 6 43
89 97 79
72 37 46
51 9 96
21 97 36
56 34 51
1 10 100
49 56 34
44 58 81
50 68 41
42 10 10
15 70 5
91 71 97
56 92 64
83 39 84
62 72 85
75 34 55
35 3 60
77 60 66
71 59 96
32 75 16
17 41 3
44 57 53
79 24 67
43 79 62
91 25 48
26 91 11
66 64 98
60 15 84
1 43 70
24 41 32
30 56 56
34 58 59
48 93 62
38 11 96
93 42 89
61 19 40
40 42 16
25 21 64
75 6 71
84 86 5
46 37 8
78 67 72
30 36 12
39 73 7
66 49 44
96 30 28
94 15 1
9 3 3
92 61 17
76 29 40
62 45 91
7 73 85
49 92 43
80 43 6
20 87 54
31 46 25
34 22 58
89 41 90
21 33 82
12 26 86
37 21 59
70 22 5
54 59 50
20 42 61
31 55 47
94 22 63
35 79 60
62 7 67
37 27 22
0 29 63
9 86 26
34 44 96
42 48 76
2 51 74
79 46 80
70 18 43
67 22 14
39 42 28
41 17 26
70 67 6
15 99 45
34 46 91
98 20 82
79 95 99
51 13 13
0 80 54
81 32 55
31 56 11
54 37 60
91 5 49
31 26 5
81 63 27
48 53 4
85 3 35
84 15 9
73 61 5
81 92 51
23 0 5
52 74 48
93 52 92
89 7 83
2 35 11
92 46 69
58 87 87
69 72 35
76 80 93
30 76 68
35 67 81
45 67 82
77 58 91
69 70 42
84 63 13
40 61 90
53 16 43
35 63 83
21 87 82
41 64 72
22 61 96
77 74 98
98 75 2
62 57 23
3 13 56
89 6 57
10 19 60
16 5 86
32 22 31
17 35 29
47 80 54
59 47 52
54 80 86
35 72 45
64 6 56
77 0 63
83 62 71
17 37 99
51 95 82
34 78 5
18 22 39
30 8 23
67 47 64
66 10 76
24 7 14
26 93 54
50 57 55
6 80 25
35 37 28
36 90 38
49 6 34
17 9 29
97 5 21
34 38 92
35 65 80
99 24 19
42 24 11
83 61 30
44 40 17
37 79 20
91 0 4
9 37 15
51 69 28
53 65 21
94 10 27
4 91 34
75 89 27
60 56 7
39 47 28
24 45 42
81 7 41
90 77 90
93 98 64
18 69 35
44 0 10
77 92 7
20 48 57
60 67 97
12 68 99
3 21 66
59 74 74
85 19 27
52 10 86
84 6 94
5 23 76
84 18 77
38 79 50
46 47 77
50 30 72
31 57 59
43 29 26
9 74 80
88 34 29
67 52 99
68 10 83
97 48 78
50 69 61
66 23 79
89 55 58
9 85 55
33 88 10
80 27 13
56 41 46
49 25 69
38 20 21
3 60 100
58 54 73
22 3 91
83 33 85
94 49 57
24 11 13
67 81 50
30 25 73
4 72 80
99 81 86
59 53 74
59 16 37
36 13 18
4 36 1
65 47 18
44 29 30
33 72 38
38 37 38
47 27 55
69 30 33
62 4 32
15 68 77
57 5 68
15 70 39
43 14 20
30 34 33
81 65 50
32 95 25
51 39 9
22 76 13
5 58 4
7 8 43
91 29 37
97 79 19
81 78 41
15 77 54
92 6 9
59 32 90
85 63 6
52 29 53
28 36 6
2 68 39
34 1 91
95 93 13
15 6 51
55 6 100
60 8 37
19 22 33
76 51 7
94 1 38
51 49 53
50 86 53
53 25 42
48 93 66
43 81 57
15 97 74
53 39 67
10 70 23
19 95 6
38 55 9
52 12 15
3 58 64
92 69 13
61 44 82
17 83 3
30 90 47
81 17 100
31 25 67
91 3 9
93 92 3
9 66 40
38 34 31
19 92 91
21 36 75
60 21 13
12 78 82
26 73 88
75 3 47
15 76 11
34 44 37
51 38 20
67 5 72
89 76 47
90 86 70
72 20 93
9 73 76
24 68 4
82 73 39
14 8 55
87 97 91
46 63 62
83 86 31
69 20 78
6 9 65
85 72 21
61 93 34
39 93 74
13 21 98
62 21 22
8 92 80
94 43 43
72 79 12
16 58 31
15 85 5
24 32 30
92 52 24
98 56 58
62 30 73
82 51 40
67 79 39
43 4 51
66 17 11
61 56 58
49 0 50
33 24 25
69 40 33
93 12 64
25 85 62
28 20 14
62 46 66
57 84 69
4 5 81
97 76 92
50 73 29
45 6 73
46 96 82
47 96 60
50 24 38
5 15 31
30 78 23
22 19 26
94 74 7
51 15 77
47 80 38
44 93 24
66 18 70
32 34 67
37 55 34
22 72 61
40 54 17
5 96 32
57 71 1
22 66 62
78 82 83
33 5 26
74 53 99
95 70 87
50 40 86
43 36 53
33 64 97
38 88 35
3 22 71
56 42 21
36 33 59
13 95 46
18 21 87
83 82 9
12 63 96
31 78 49
99 74 78
45 87 56
93 26 89
78 55 73
23 8 50
1 81 12
91 13 17
16 1 33
36 4 93
58 38 10
83 51 76
41 48 85
72 73 32
47 10 44
55 74 38
98 15 12
91 11 22
44 83 43
51 90 68
63 34 50
11 31 57
6 11 28
57 89 98
47 95 11
65 93 72
74 50 54
12 44 48
66 23 52
54 74 61
28 44 35
13 92 19
17 85 99
40 54 58
83 89 72
59 84 3
13 23 71
24 42 72
69 1 99
62 14 40
77 57 99
17 84 51
28 71 83
7 76 62
42 84 68
99 15 94
63 32 23
98 11 34
1 8 53
62 93 2
71 28 12
41 40 35
61 65 33
65 0 29
30 61 30
88 92 57
47 4 57
80 45 68
34 54 56
63 85 3
45 77 71
72 67 47
85 13 7
89 74 14
54 90 25
33 65 4
9 5 84
80 1 69
80 78 24
69 80 69
14 34 59
46 70 77
77 15 10
65 44 100
85 18 77
67 90 50
79 31 25
80 88 38
35 33 35
55 28 22
16 37 35
24 19 99
82 62 16
17 19 61
31 5 66
46 70 69
53 58 6
93 54 16
43 33 16
15 28 72
77 15 63
57 45 33
14 6 56
35 71 12
41 58 46
15 63 84
52 3 1
62 85 29
27 71 11
18 24 35
74 41 67
87 69 100
77 18 65
42 77 88
66 6 24
88 20 99
88 67 48
18 95 92
59 9 16
44 91 11
59 67 69
98 23 77
35 25 37
91 96 66
67 46 38
24 52 78
76 94 19
91 53 72
55 33 37
31 97 46
88 91 88
69 1 67
11 40 12
22 42 95
92 16 84
11 75 39
60 13 100
90 98 24
36 17 12
30 76 100
59 64 36
71 41 97
17 55 37
61 14 74
42 11 37
6 56 69
76 68 13
92 3 84
24 27 12
12 28 1
47 92 81
79 55 70
27 89 74
80 40 21
14 80 25
14 34 53
97 39 29
26 47 56
84 8 93
70 98 20
65 54 69
15 63 8
56 32 89
11 21 48
41 53 34
62 45 17
80 21 57
0 15 77
1 9 89
26 94 66
25 16 87
13 24 93
98 4 76
18 9 47
77 36 22
75 45 80
20 76 63
9 47 62
65 70 84
70 84 53
41 48 9
74 72 100
90 86 72
1 58 83
52 74 5
96 5 41
48 71 71
70 98 35
32 80 52
65 28 63
75 99 76
51 8 26
23 26 100
17 55 48
31 40 58
16 59 96
89 98 62
74 78 92
6 2 98
11 4 20
61 30 64
22 99 6
35 17 14
89 23 16
90 78 5
35 99 75
48 9 83
49 96 61
78 70 62
75 88 13
53 25 50
89 78 53
83 79 43
96 29 35
81 8 51
79 25 91
95 16 77
57 51 47
21 49 76
48 64 43
23 87 5
81 20 38
18 59 38
23 48 53
45 83 38
85 95 84
89 63 89
42 90 34
23 85 86
20 23 87
58 70 71
25 46 29
33 54 8
25 11 48
3 88 58
62 15 42
40 57 76
53 3 5
99 13 81
67 16 63
64 60 1
42 67 75
84 78 47
1 37 41
1 99 56
28 37 34
98 32 59
63 95 34
63 21 35
36 39 68
6 66 97
31 54 61
27 55 92
4 62 10
95 33 47
76 20 70
58 34 8
6 69 60
61 25 62
50 71 57
68 5 28
8 83 88
39 91 87
22 97 14
18 56 46
60 19 69
10 6 12
62 65 43
25 39 94
20 23 11
64 23 55
49 63 34
63 28 24
42 4 50
84 13 46
64 52 62
36 41 82
83 76 77
41 74 11
77 83 21
11 30 88
23 19 24
10 36 75
41 39 64
92 51 27
29 71 14
64 55 74
6 29 30
77 94 1
3 60 48
53 92 67
0 2 86
4 88 71
59 51 56
64 55 5
93 1 97
28 64 29
2 71 60
88 87 62
41 1 74
1 57 84
23 18 41
93 45 75
49 58 52
21 38 71
93 40 37
19 69 82
52 83 83
28 89 3
57 47 75
58 24 7
17 35 19
65 58 25
26 7 27
12 36 78
85 41 11
76 46 34
33 48 55
87 26 75
88 6 61
36 40 62
28 24 36
5 88 85
55 43 63
58 73 74
48 33 24
86 18 39
53 99 65
12 19 51
62 55 5
29 46 81
43 95 69
36 19 44
86 98 48
14 7 8
7 92 35
89 93 75
12 72 29
72 46 62
85 74 79
13 54 50
21 86 49
80 45 82
34 40 50
60 33 26
58 34 54
50 3 79
98 8 46
13 82 53
72 61 41
52 1 56
76 49 37
43 86 88
15 87 67
41 90 15
53 31 72
96 61 3
2 92 24
91 9 98
37 92 82
50 40 33
76 1 41
98 36 72
51 94 39
74 16 5
80 27 89
50 25 12
96 20 76
50 43 84
72 44 21
83 97 2
35 26 72
83 52 16
0 1 17
92 46 3
0 85 81
77 54 89
50 13 52
17 38 99
91 43 74
67 23 7
25 89 5
46 78 6
89 41 53
66 3 61
82 76 4
26 73 94
78 35 37
89 24 98
0 1 51
25 21 9
77 36 97
3 21 17
41 11 33
3 44 27
32 0 8
6 67 71
95 98 41
73 12 24
77 98 45
18 81 24
60 69 5
81 54 52
66 32 80
14 39 82
0 28 99
38 33 99
78 50 55
62 26 68
54 23 89
78 50 68
59 71 71
33 87 71
67 92 53
41 57 26
12 21 10
98 87 53
51 74 17
98 61 98
53 65 10
75 25 92
17 41 88
51 8 31
78 16 92
30 53 72
16 94 8
18 61 84
27 71 62
68 24 45
89 52 76
38 34 25
50 1 92
11 80 39
62 41 99
40 92 98
95 85 44
76 51 49
35 62 44
75 20 82
24 35 29
4 17 35
69 1 30
90 78 89
38 96 4
36 41 44
38 45 83
62 42 85
15 26 57
62 76 97
33 39 24
52 19 93
15 34 6
37 67 15
46 69 2
45 36 72
0 54 3
25 39 68
25 44 8
44 23 65
97 70 3
40 54 31
45 90 98
37 36 60
7 39 43
37 85 74
87 66 26
52 36 27
38 20 78
30 16 71
25 83 86
41 81 32
63 4 20
98 70 2
61 85 18
83 27 97
61 71 79
73 27 2
79 35 24
29 28 2
69 36 39
80 72 53
73 3 95
29 17 2
4 36 54
42 18 23
45 83 44
12 40 14
39 93 61
24 30 19
68 13 76
31 34 12
1 44 31
90 14 15
38 74 58
12 94 47
94 46 84
94 6 93
53 0 44
93 31 24
59 30 37
21 13 15
92 3 47
33 80 48
67 77 44
94 7 86
6 56 88
21 70 49
21 75 18
67 16 52
69 66 87
56 11 89
86 41 45
45 43 96
81 14 94
23 65 57
73 15 15
28 98 7
10 97 58
85 10 55
30 69 94
55 22 90
66 54 50
80 19 61
21 60 55
30 79 13
26 1 15
83 79 11
41 78 44
51 9 100
17 32 4
41 60 74
2 77 7
14 45 15
16 73 66
13 89 64
85 0 54
38 1 58
99 83 36
27 48 46
56 25 2
18 36 39
89 26 94
86 87 50
46 71 51
69 21 1
58 42 90
15 59 16
98 42 51
95 15 78
93 84 95
98 40 32
60 13 91
28 9 56
93 61 87
47 33 81
98 44 61
82 14 7
80 24 10
4 96 13
41 27 57
32 75 3
71 63 5
42 43 46
48 44 1
86 27 10
66 78 56
77 97 9
73 95 98
9 76 18
85 33 15
64 17 80
33 75 88
10 16 2
3 22 74
48 95 69
46 93 48
6 39 73
15 85 13
69 86 5
7 57 84
48 18 16
55 25 24
22 11 61
36 71 88
65 78 62
4 49 22
53 7 94
43 93 57
58 62 46
98 20 9
48 28 26
46 21 54
50 65 23
9 21 34
42 77 40
11 79 59
91 71 64
13 25 56
8 6 5
64 20 24
5 3 95
60 12 72
83 85 87
89 61 72
86 93 7
53 70 74
58 52 82
8 42 56
98 37 78
57 64 67
81 91 78
0 43 82
78 36 30
97 45 42
9 61 83
25 2 100
68 27 63
50 87 8
15 35 60
56 44 43
17 39 58
51 74 48
11 98 91
71 78 88
58 72 17
94 45 17
6 27 54
53 27 54
82 21 10
95 77 5
37 40 44
92 43 73
37 1 88
36 80 59
82 53 91
58 64 95
87 32 33
81 47 24
18 17 98
18 29 62
41 49 61
4 90 13
44 96 91
12 1 2
88 81 96
40 77 61
71 42 90
70 21 37
20 69 14
16 60 30
27 10 9
24 77 25
75 84 68
96 53 43
74 17 72
69 90 86
47 32 48
57 46 86
11 26 62
47 25 10
39 95 3
42 57 60
88 23 34
84 65 61
17 94 83
51 68 59
97 2 40
0 3 5
18 31 35
89 46 99
2 89 72
68 38 14
14 56 39
63 32 68
62 28 33
64 38 28
55 24 17
96 27 27
2 42 2
81 45 11
91 40 66
50 22 48
76 39 42
46 9 61
57 79 18
83 60 25
88 73 22
2 30 43
97 80 87
7 96 95
81 46 40
3 68 40
59 81 85
8 97 23
50 11 90
2 79 67
19 5 11
81 49 45
6 94 66
18 12 99
76 45 80
39 22 65
13 27 7
33 12 12
49 17 99
6 80 47
51 85 72
22 58 52
92 81 28
5 93 14
52 87 85
82 90 68
53 26 84
24 49 4
82 96 51
55 40 7
82 45 43
2 42 50
92 79 61
58 21 25
77 49 41
36 29 69
43 67 89
68 70 46
7 31 49
45 80 47
39 8 77
86 66 71
19 64 93
18 9 4
91 93 40
77 91 13
52 41 75
7 20 1
97 86 53
37 0 52
56 27 32
79 89 99
57 95 23
69 3 68
70 63 23
29 25 54
49 63 74
60 74 43
39 56 89
36 63 37
28 46 42
15 8 80
58 16 29
1 83 67
48 98 6
66 87 89
18 53 52
41 55 92
57 45 68
62 60 91
77 97 59
46 83 21
7 53 44
5 11 15
42 9 36
7 31 42
4 89 95
41 80 52
35 74 54
48 7 37
60 44 71
79 71 84
98 20 1
88 91 13
2 80 29
72 65 100
91 7 39
6 1 62
25 88 78
18 40 96
63 68 6
78 53 52
67 84 91
97 98 1
23 82 94
4 35 83
66 41 12
10 13 98
23 89 10
16 32 36
52 9 44
37 70 86
7 8 99
90 19 6
49 93 44
42 52 63
5 38 85
54 87 48
9 55 62
85 80 77
37 40 72
23 56 63
19 32 28
11 24 70
94 82 47
28 54 94
3 34 94
90 25 25
21 48 39
16 89 54
31 15 61
89 7 22
28 29 46
27 63 84
25 28 75
34 84 85
73 38 90
83 91 86
21 57 84
13 84 4
9 45 70
89 28 53
1 95 14
5 35 16
40 53 70
17 47 36
83 73 45
6 92 27
44 42 92
84 14 26
82 57 5
69 15 95
18 94 70
9 86 43
62 59 70
41 11 15
49 87 97
92 34 18
86 19 55
43 27 79
65 93 15
98 97 13
91 14 74
19 78 16
47 1 88
16 70 90
36 84 58
38 76 53
34 97 75
47 34 75
29 56 35
62 67 91
57 11 36
81 11 24
68 10 10
43 46 69
93 50 17
0 62 2
98 21 96
47 17 71
79 28 51
79 20 22
96 86 38
90 30 34
84 12 14
30 88 77
58 64 41
74 77 87
35 39 52
79 45 58
34 92 96
8 23 54
2 42 52
98 52 57
95 34 93
33 91 16
69 61 67
98 79 79
32 98 83
91 28 81
39 21 94
29 17 100
37 87 14
22 50 55
31 74 6
28 33 78
16 33 6
70 83 46
84 19 13
84 61 89
33 95 30
75 90 29
97 3 92
56 17 50
24 87 86
51 57 22
1 38 43
56 62 92
60 49 33
41 73 45
75 22 74
60 7 59
34 79 13
55 19 38
74 3 46
35 10 9
47 36 87
2 64 97
64 61 68
23 31 29
55 45 2
45 25 97
77 92 12
61 49 73
67 61 1
36 5 36
23 99 51
51 41 87
2 13 59
27 73 48
29 7 15
5 6 43
16 55 68
99 35 83
81 36 4
93 99 32
89 84 96
50 31 59
87 5 33
7 72 59
25 44 54
91 63 24
35 68 88
12 96 97
57 71 36
94 73 78
27 97 64
68 27 1
13 22 47
25 23 99
27 88 41
99 13 61
40 39 43
16 50 17
34 11 6
62 23 95
10 68 8
90 45 42
10 62 70
95 23 17
41 86 79
59 26 60
56 42 28
57 38 57
5 62 36
67 47 73
90 93 90
74 17 66
5 57 82
79 16 43
75 60 48
85 47 63
29 45 93
95 69 13
94 55 16
60 66 56
33 15 6
4 36 52
24 45 95
23 3 64
65 94 58
79 49 90
38 85 81
57 4 1
15 55 50
93 27 43
10 26 6
75 69 41
66 46 66
45 98 9
78 72 64
89 68 95
81 34 31
11 33 18
24 70 88
88 14 79
96 87 37
34 48 18
38 25 72
59 57 48
55 25 78
51 18 67
30 93 26
90 98 72
80 39 10
25 61 83
23 80 18
96 48 42
83 5 15
30 92 93
92 64 49
93 63 24
57 16 45
89 90 65
18 30 89
80 70 83
82 57 8
56 16 98
89 98 49
48 44 97
28 70 74
21 64 50
88 93 22
52 78 33
28 77 76
72 5 57
81 76 21
10 3 82
1 54 33
85 52 70
8 2 17
69 90 58
73 24 81
5 9 92
60 68 13
67 64 69
80 31 41
82 96 5
12 17 26
90 53 71
23 65 31
73 3 46
53 27 83
18 12 88
34 47 42
60 68 14
21 63 82
57 80 19
6 28 44
9 64 48
64 38 7
83 63 62
30 61 100
66 10 69
99 2 76
77 66 16
85 28 23
41 95 78
73 55 80
33 67 69
73 80 46
83 47 12
58 38 97
79 27 40
59 97 90
26 45 34
51 80 97
39 32 58
26 65 59
82 29 48
61 27 1
60 71 92
32 70 57
95 86 79
71 55 37
66 39 82
43 27 41
76 11 64
90 56 64
92 57 14
85 31 45
34 22 74
51 69 64
76 19 62
43 93 94
35 25 7
16 45 3
95 57 69
20 43 49
2 38 86
24 82 41
36 32 21
47 45 58
21 94 4
25 23 81
6 78 74
62 65 37
39 34 74
33 25 82
19 23 43
30 41 5
16 88 28
57 10 31
41 45 68
91 13 7
74 5 68
90 55 68
56 99 7
82 88 42
34 96 53
74 45 93
49 24 71
10 3 16
36 64 78
6 23 57
98 96 55
89 45 65
88 20 95
42 39 51
86 37 96
63 97 38
55 23 32
86 35 52
68 87 31
32 49 35
50 39 26
81 14 25
0 42 13
45 32 41
6 95 38
29 8 17
75 88 20
80 96 45
92 65 68
72 31 28
1 59 75
94 42 1
99 47 41
74 40 39
25 98 22
91 96 70
50 37 1
66 54 9
35 2 79
7 59 96
96 81 91
97 88 7
1 17 91
85 61 23
55 49 15
52 79 35
24 86 65
23 40 20
10 59 4
50 68 14
51 76 93
1 86 39
88 56 62
55 56 32
74 44 1
9 42 33
73 59 56
92 72 47
68 12 100
20 8 3
53 4 84
72 95 89
97 49 73
9 31 79
13 74 60
44 9 25
13 37 29
46 93 14
41 77 50
14 58 2
33 40 93
40 94 36
7 80 42
47 59 52
63 2 76
65 18 17
42 31 100
72 40 44
96 75 76
73 46 1
87 57 100
91 12 35
73 31 20
11 43 67
97 57 79
79 27 91
28 35 28
49 61 90
60 54 83
73 33 22
59 60 86
87 2 96
83 42 95
49 61 4
63 88 90
61 42 49
67 75 34
10 96 63
70 95 14
39 60 40
57 58 49
75 0 26
50 69 69
74 0 81
77 42 85
39 37 84
37 29 32
22 81 68
41 31 39
79 30 79
70 2 71
2 14 30
77 97 59
91 90 65
76 34 13
49 47 58
88 75 40
7 66 62
19 8 52
40 21 58
76 62 65
48 16 77
88 21 85
56 72 64
99 80 37
84 2 61
29 81 79
22 54 7
65 45 53
99 68 52
8 36 7
89 50 68
23 33 51
91 84 63
90 64 71
89 82 91
10 79 32
19 75 53
60 82 37
94 52 87
77 90 3
45 37 18
83 70 64
23 9 78
33 31 81
90 51 44
93 59 2
42 64 73
3 19 37
26 82 5
67 80 28
77 24 84
21 68 33
1 76 71
40 33 78
11 44 94
38 99 23
76 10 18
35 94 35
22 59 92
67 31 57
81 64 44
56 40 30
4 5 89
98 73 52
84 13 99
60 53 52
52 32 26
97 7 72
63 44 7
0 61 97
55 61 35
97 44 81
82 73 87
37 51 6
96 54 6
19 84 51
94 37 79
35 41 9
90 69 35
61 73 76
95 20 29
96 85 12
73 27 98
18 22 91
34 1 49
10 65 84
13 52 82
78 18 76
77 12 6
73 99 50
31 96 83
28 73 83
48 12 46
38 86 96
36 66 35
78 76 87
60 0 97
70 77 74
76 65 77
92 83 11
34 0 31
27 2 41
44 10 79
50 41 41
81 82 89
86 34 25
92 74 2
31 99 51
10 18 15
0 7 71
85 25 52
10 1 46
54 35 24
34 31 28
84 65 71
32 94 31
17 99 62
86 93 25
80 2 65
69 15 53
30 38 61
27 43 17
29 49 100
18 80 37
47 61 63
49 12 100
21 29 10
60 23 8
36 33 9
23 31 52
24 73 54
13 66 3
68 56 45
28 0 25
29 45 15
55 92 26
48 91 24
92 54 94
20 16 91
73 28 54
71 2 28
32 67 99
32 74 45
47 50 37
50 37 92
13 8 9
65 84 94
91 38 28
90 15 80
17 74 11
50 84 58
15 3 13
49 78 23
33 74 50
34 51 78
3 86 44
58 50 6
42 84 37
56 26 32
22 21 4
40 76 100
11 55 47
5 93 15
69 68 62
34 67 25
17 1 72
66 80 92
44 93 68
69 37 16
77 55 100
92 13 67
52 79 24
99 43 17
0 39 39
29 87 97
11 65 9
61 31 52
53 7 26
61 68 36
67 84 72
72 40 28
71 74 87
45 44 13
38 97 65
60 97 80
59 41 47
0 74 43
35 13 24
78 15 93
92 80 98
44 38 18
70 67 39
76 61 4
62 98 97
55 25 65
51 89 37
43 89 6
70 91 40
19 41 29
5 98 28
29 44 10
76 78 43
67 20 42
81 48 58
53 35 35
87 57 33
50 36 73
98 13 94
97 17 60
70 77 84
19 22 54
7 79 66
27 6 73
11 97 4
95 68 35
12 7 64
0 31 20
1 59 60
51 29 93
52 51 38
42 65 21
56 50 32
96 27 2
88 57 80
28 63 55
8 40 17
65 28 1
56 65 61
0 70 41
0 60 7
13 79 83
70 69 82
17 63 32
60 46 71
50 38 38
16 23 22
78 25 14
98 7 18
38 97 20
69 3 58
96 39 72
56 92 69
29 9 18
56 20 18
40 30 29
18 53 88
47 87 67
49 86 87
9 55 92
47 52 3
84 89 53
44 38 60
14 50 65
77 31 99
66 78 27
50 26 23
68 39 91
61 75 43
88 79 53
69 64 44
12 7 89
75 22 10
70 90 40
76 14 45
15 20 88
99 64 61
37 71 62
89 13 18
21 34 17
25 82 25
97 89 62
54 55 96
44 89 44
27 68 59
36 82 29
94 81 4
42 67 53
95 29 53
33 29 82
75 66 61
36 19 67
5 65 34
19 89 32
80 21 20
11 60 59
96 91 39
93 20 82
14 71 17
56 77 74
1 65 40
56 97 46
28 15 76
23 83 80
30 82 32
28 9 67
74 7 22
0 29 93
88 63 28
35 66 2
19 96 84
63 0 45
91 34 40
99 18 96
67 48 34
38 62 69
59 24 85
47 25 7
21 92 20
14 37 76
39 5 44
34 93 99
64 66 63
39 57 9
0 86 48
4 90 32
80 49 68
41 99 40
20 78 19
14 39 54
99 0 66
39 65 51
72 54 70
53 71 60
61 84 47
62 42 79
29 40 43
10 53 50
10 31 69
95 10 23
20 23 38
31 52 85
98 36 60
5 25 34
43 84 86
59 77 9
51 63 35
67 45 33
8 99 45
33 51 30
35 46 64
60 11 27
24 88 97
25 93 88
27 28 59
70 9 91
37 21 67
55 93 45
72 33 35
37 46 79
40 51 48
12 30 3
85 64 4
70 78 44
93 95 23
64 30 39
85 82 65
57 64 66
76 48 21
92 24 84
7 62 3
10 81 36
18 33 40
51 12 55
98 45 51
44 42 87
17 12 34
68 1 72
0 82 21
40 53 55
57 46 45
70 15 46
20 66 38
97 1 87
0 15 42
64 47 41
36 29 72
29 5 53
68 53 3
73 79 48
67 88 69
16 53 18
17 42 21
25 10 22
14 66 46
19 80 31
82 71 74
78 53 26
54 70 11
67 70 23
30 74 88
87 50 37
56 96 78
33 30 78
48 62 88
6 0 97
74 90 61
82 15 12
25 5 34
10 74 79
0 61 31
69 70 54
67 97 38
70 22 93
85 71 5
14 83 84
84 90 93
44 46 18
61 4 73
30 63 6
20 71 96
42 15 100
39 59 30
30 88 57
97 93 78
83 0 39
77 90 68
72 18 41
2 13 19
19 0 46
23 15 93
51 14 17
25 87 36
38 71 95
45 18 51
83 78 73
65 39 87
39 80 36
62 58 80
75 23 70
67 46 26
93 70 7
78 25 24
62 75 13
4 22 60
56 21 89
18 26 47
64 66 54
89 47 67
34 41 70
92 57 24
53 17 98
31 70 59
21 35 36
6 23 21
37 99 52
46 41 56
49 44 46
49 81 57
31 32 25
49 5 89
92 74 98
7 0 19
41 43 15
75 52 49
1 56 64
56 11 70
30 8 90
49 31 39
11 71 10
23 96 91
58 72 26
77 71 37
58 64 55
53 13 50
67 61 85
36 96 37
51 6 7
41 74 33
56 49 74
36 7 56
18 16 66
39 69 46
63 6 44
76 94 21
72 19 66
33 42 75
41 96 49
16 55 19
53 23 19
4 18 25
42 41 43
36 33 79
67 28 58
99 23 43
27 83 84
66 90 58
5 85 32
81 41 76
3 40 35
17 65 93
47 25 60
4 18 23
21 36 68
64 86 28
31 79 100
21 10 38
79 80 63
12 95 96
79 26 82
36 61 12
80 87 82
18 19 1
81 12 65
76 9 31
87 57 59
69 3 76
63 95 22
34 95 7
25 49 45
94 31 35
81 2 68
44 14 80
20 10 58
67 14 99
96 65 87
58 28 91
93 48 66
96 38 82
32 72 93
48 6 51
4 52 3
13 56 24
58 73 47
99 46 5
95 70 80
97 76 72
4 53 63
37 80 73
42 44 24
53 17 40
6 93 75
3 10 58
23 19 14
36 1 22
81 98 50
33 37 9
59 30 24
26 65 74
87 63 26
59 3 86
60 59 73
48 89 57
19 97 87
64 2 80
85 1 95
46 38 72
36 84 54
17 95 30
24 5 81
96 80 94
49 81 14
39 44 72
63 57 10
89 79 73
27 48 60
72 87 16
15 67 91
55 69 3
31 87 9
28 50 6
25 48 32
92 87 17
54 17 70
16 15 38
98 44 23
5 97 25
63 1 52
62 1 36
7 35 69
27 72 28
0 64 91
79 13 75
34 93 58
87 52 96
73 62 81
98 85 84
41 74 92
24 51 88
67 24 92
70 9 38
57 98 28
26 86 55
21 11 77
59 91 15
15 48 97
34 97 3
62 49 83
51 57 77
95 71 58
4 49 58
27 26 56
24 31 71
5 25 47
52 3 67
71 27 71
41 19 81
81 59 51
5 32 82
89 62 71
41 11 22
94 62 29
24 29 70
61 53 92
96 81 13
96 97 45
81 37 53
71 37 12
78 13 82
43 14 55
93 17 27
5 48 85
35 15 71
61 38 12
16 88 96
4 11 71
12 16 80
4 19 56
44 18 16
78 20 33
4 74 33
37 35 58
13 83 78
57 32 60
25 93 81
38 67 7
62 28 26
28 59 77
23 73 9
96 4 1
53 1 76
32 18 56
80 40 9
21 29 24
49 7 58
96 36 18
93 0 29
17 12 58
55 74 41
3 66 93
28 78 13
59 41 56
44 7 19
84 1 96
16 10 59
79 62 84
99 8 55
37 7 51
77 22 63
33 22 98
67 76 48
50 28 49
71 70 67
80 78 90
68 73 58
35 10 5
44 53 68
11 81 61
0 8 63
54 12 56
4 10 8
16 66 94
87 91 13
59 84 14
2 34 28
0 21 75
92 66 41
98 42 16
41 26 51
97 35 27
77 17 16
36 59 90
55 83 20
56 59 9
19 62 33
66 82 51
24 5 52
54 3 87
22 26 53
35 61 93
87 46 36
52 11 2
92 20 26
42 74 12
35 89 99
28 71 84
40 66 78
4 52 51
84 98 98
9 26 2
28 21 72
95 54 84
91 9 72
94 59 84
87 75 94
21 83 90
17 39 54
36 32 34
78 79 74
24 16 32
59 76 21
59 90 80
6 74 39
35 0 61
10 88 95
12 15 90
19 2 89
93 45 18
78 26 79
10 0 67
3 89 49
42 36 25
42 96 4
37 95 17
46 28 83
59 26 72
43 69 38
7 81 90
32 49 35
55 51 70
74 3 68
42 8 78
53 98 82
61 57 55
99 7 15
39 11 96
89 12 61
52 29 17
67 40 7
47 52 87
87 1 48
11 62 68
16 93 3
42 52 83
28 58 97
29 51 90
41 0 79
61 19 48
44 17 93
56 87 44
76 69 87
33 62 83
61 82 51
51 28 86
19 71 57
71 9 83
17 26 32
74 85 41
31 5 47
89 10 24
43 45 100
20 21 88
88 40 74
34 44 72
59 45 67
76 77 25
79 25 31
89 78 35
10 85 21
84 90 15
50 72 99
6 72 37
39 42 23
78 4 6
5 29 83
39 20 54
7 26 65
99 59 49
14 74 70
27 70 82
17 14 49
47 36 95
19 97 18
50 37 67
92 71 31
64 37 20
14 31 39
8 62 61
79 62 8
40 54 67
66 23 19
7 55 21
45 84 66
55 75 55
56 54 24
8 46 70
85 45 89
45 38 16
4 88 48
90 53 4
21 75 88
48 14 88
33 99 66
4 45 14
68 0 2
37 7 82
89 15 19
29 78 11
47 49 92
70 82 94
15 19 11
21 89 54
48 15 97
93 80 95
35 36 94
14 94 96
54 25 76
35 82 92
36 13 70
22 70 55
12 98 85
25 29 45
97 9 53
69 52 100
27 31 4
93 9 54
32 10 22
45 41 65
22 77 16
49 17 26
58 83 38
34 23 87
54 73 11
97 68 32
26 84 32
86 96 53
21 66 18
70 64 95
41 51 28
66 93 22
17 8 65
66 25 36
74 29 69
67 1 40
24 68 11
36 81 28
69 44 11
55 16 86
71 98 87
29 63 28
87 86 2
68 90 1
20 3 39
36 26 30
47 79 15
32 63 2
66 14 79
52 42 4
25 77 58
85 33 53
27 78 98
50 23 65
28 86 63
29 74 50
19 76 59
51 58 93
94 76 29
12 97 96
48 45 26
30 44 30
20 15 61
77 92 17
20 70 77
35 49 9
87 24 10
31 20 64
96 51 40
57 0 60
18 99 18
10 72 76
10 39 94
4 40 1
80 5 77
10 17 95
9 96 75
36 72 18
80 2 69
55 12 61
26 90 77
92 65 59
92 71 60
95 85 52
96 51 43
3 81 83
47 9 23
9 19 78
8 39 7
98 21 19
15 2 67
99 17 66
79 62 89
67 24 49
91 28 53
62 28 99
18 12 49
63 27 16
31 52 7
33 51 22
4 43 58
90 45 20
29 84 34
4 44 3
48 9 8
39 46 81
9 39 89
29 11 78
31 52 89
49 6 60
57 17 43
83 1 63
17 45 32
29 90 57
8 47 41
79 24 100
41 40 93
41 68 37
94 80 37
40 94 22
7 69 33
64 51 29
38 53 56
68 19 52
59 36 3
1 27 51
63 30 54
42 72 44
97 13 6
84 98 46
25 59 85
62 43 53
42 35 71
6 2 12
33 61 56
8 59 32
7 66 88
9 53 89
4 9 75
27 22 73
29 68 54
98 9 86
62 91 37
58 27 31
77 78 52
49 82 65
52 68 61
38 34 64
37 4 30
11 69 56
54 25 34
30 91 83
41 87 6
51 47 24
96 76 26
4 90 61
44 0 53
48 40 43
50 78 54
28 94 27
83 80 58
3 38 46
62 35 25
39 32 58
1 8 39
61 42 30
18 14 99
40 0 49
33 71 17
24 62 39
8 81 13
7 3 55
33 23 44
26 8 95
98 40 66
8 12 44
67 30 63
19 42 73
38 43 36
69 96 7
90 5 2
32 63 73
15 78 74
15 89 91
99 92 50
94 3 99
55 64 90
3 20 76
86 20 22
25 12 92
11 16 16
33 24 49
21 29 28
18 49 9
76 67 54
59 12 26
8 48 34
71 60 40
11 49 90
92 74 75
2 18 68
45 76 30
54 12 50
53 86 80
23 44 98
86 88 43
74 2 95
65 93 66
71 47 59
74 87 97
43 39 6
61 88 76
73 67 46
88 12 19
91 37 80
81 59 99
78 51 65
13 27 10
20 85 96
78 27 15
76 0 89
39 91 93
12 8 59
18 33 9
78 36 77
60 35 58
31 87 84
70 35 10
53 24 30
59 36 58
4 56 14
1 52 7
58 57 35
37 47 19
13 21 36
72 19 48
76 19 57
13 4 85
61 23 71
37 85 100
93 47 56
90 88 78
51 52 31
54 18 94
73 87 58
54 46 79
61 88 100
19 51 70
77 37 76
51 61 99
55 50 32
17 50 23
83 73 75
94 20 28
51 6 19
49 86 52
16 97 31
1 67 78
31 2 87
76 53 78
46 98 16
2 30 75
14 9 10
53 8 84
36 97 28
70 88 73
23 13 41
74 50 64
96 40 25
24 18 3
91 57 11
13 70 91
13 63 8
43 6 39
61 88 43
3 16 67
14 96 73
66 67 17
37 97 31
94 91 84
38 10 25
86 47 64
23 63 82
0 89 92
50 10 31
7 61 59
51 74 33
97 10 89
9 31 24
37 65 91
51 60 7
4 98 99
91 44 20
43 18 77
87 42 94
55 59 27
6 93 69
66 35 65
3 94 26
48 1 99
76 20 35
13 82 29
15 41 81
41 45 36
75 19 21
36 71 27
81 33 26
59 25 18
18 99 38
21 91 57
2 79 73
35 78 13
41 53 6
33 87 18
97 57 91
16 33 19
63 1 95
93 58 85
92 15 35
38 8 75
40 50 97
54 14 49
58 40 48
94 71 87
92 76 48
25 33 2
94 60 61
11 35 12
67 43 83
71 2 5
67 65 33
90 30 15
17 40 57
84 44 1
27 35 50
65 11 60
44 19 43
5 18 100
42 33 93
6 37 10
66 43 7
85 80 82
55 84 9
71 70 37
53 61 75
47 57 53
35 60 96
53 73 34
87 2 64
87 55 33
96 76 55
7 83 91
11 89 74
68 37 29
8 82 27
70 22 15
19 5 88
33 91 62
12 6 93
65 94 78
75 27 32
41 91 16
96 48 87
98 68 7
31 6 18
14 47 51
1 56 76
73 12 79
16 99 58
54 4 8
87 40 19
41 34 79
28 99 84
84 51 65
5 82 83
45 22 46
48 36 87
46 86 8
6 98 23
9 62 64
96 52 30
32 58 88
62 0 58
52 89 2
23 54 7
21 23 74
26 74 90
51 17 39
43 71 98
50 89 38
5 56 8
40 25 81
76 8 51
71 31 38
57 32 51
42 73 66
77 78 23
34 62 1
74 1 36
86 28 38
21 84 25
0 29 17
22 29 86
54 25 57
18 70 37
37 79 75
41 55 94
89 38 90
63 79 91
24 25 79
28 62 91
94 89 12
63 81 11
91 43 62
5 60 4
25 19 97
14 26 84
10 41 75
14 23 84
11 41 31
85 8 87
44 91 65
42 24 58
74 32 32
4 30 21
92 5 87
55 16 97
17 90 53
59 53 91
36 10 12
33 71 54
32 50 19
88 51 46
23 52 24
1 13 27
95 79 8
21 28 47
50 52 11
44 62 72
12 72 63
41 49 71
18 3 27
62 24 69
84 61 9
80 22 10
65 10 17
87 73 43
78 60 50
37 96 62
34 14 9
92 64 78
79 17 17
61 70 87
85 46 26
36 0 87
37 14 87
87 1 76
36 59 11
84 21 3
41 68 88
52 57 64
79 37 57
17 53 8
48 1 97
37 47 40
33 1 51
78 56 69
92 79 27
16 55 31
53 23 17
17 90 50
77 33 20
66 20 100
48 99 11
0 21 19
81 86 60
73 20 99
16 55 82
70 91 56
29 35 58
68 37 62
7 42 58
36 86 10
83 12 10
22 33 54
97 43 60
0 29 71
39 49 95
40 67 78
99 96 4
98 27 19
8 46 73
36 93 82
10 68 85
83 26 18
93 1 93
36 64 46
14 20 1
21 3 30
5 21 71
30 74 38
25 23 49
45 57 79
9 24 6
45 80 65
91 8 83
24 43 26
44 30 85
2 72 49
36 92 65
77 12 19
25 77 94
33 90 22
41 25 81
89 34 11
90 60 63
58 92 31
89 50 37
26 63 70
25 95 7
76 22 14
4 84 64
25 29 75
45 70 50
56 16 56
97 82 72
14 49 85
14 90 10
80 87 78
69 36 61
82 47 50
46 26 100
95 28 75
95 20 67
16 25 26
79 91 100
25 82 51
17 61 67
90 53 78
22 47 49
67 37 37
25 74 30
3 8 8
11 69 31
93 83 44
12 52 52
41 10 27
39 25 34
86 55 81
40 14 45
93 56 33
16 11 56
29 21 37
1 85 51
24 30 65
75 36 52
74 90 94
39 95 36
13 98 75
96 89 84
87 30 75
22 32 66
45 29 50
62 29 92
60 51 52
0 32 56
10 70 12
86 91 40
15 73 73
28 73 87
28 4 49
75 58 23
90 91 12
56 98 52
39 85 22
36 60 3
7 57 95
36 98 62
82 13 43
57 34 39
61 74 32
65 62 64
94 32 72
88 17 51
88 28 10
65 8 32
17 54 61
25 46 19
95 68 40
69 44 1
17 61 53
74 64 29
91 51 77
75 34 20
6 93 64
50 43 41
8 81 88
43 47 15
44 43 56
71 62 68
97 78 48
60 82 52
76 99 17
18 54 73
21 27 96
36 39 53
22 69 79
30 34 5
20 32 92
73 62 83
87 64 62
54 55 62
88 85 35
89 13 29
8 75 1
37 52 35
48 70 66
25 17 11
94 88 43
0 44 14
75 44 2
58 60 25
58 90 70
4 20 15
83 22 73
99 40 83
9 18 95
69 16 5
61 93 19
32 83 6
66 18 72
99 97 76
14 40 24
31 14 49
32 15 37
11 40 42
92 64 7
33 21 85
99 90 73
3 83 82
42 12 2
46 69 55
39 2 48
35 42 95
27 56 60
2 70 1
48 52 82
96 38 93
77 56 80
74 3 60
21 44 88
83 29 79
46 52 64
67 71 70
63 84 32
90 33 46
99 60 55
46 3 83
26 28 47
28 43 1
21 7 21
76 54 46
15 94 50
23 1 67
74 73 75
56 98 65
62 67 6
92 40 2
13 18 83
11 88 10
11 98 85
81 31 77
15 12 71
41 7 82
80 91 1
59 24 49
61 24 2
76 62 84
61 1 44
91 62 24
31 74 32
22 84 76
28 98 55
16 2 81
71 35 90
91 33 48
76 9 29
76 3 81
80 45 62
39 98 92
50 39 24
27 28 34
62 75 34
34 7 34
51 6 55
69 88 45
6 86 40
19 94 70
0 27 98
59 49 28
82 77 42
24 49 94
33 86 10
58 19 91
82 84 3
16 63 28
73 64 90
56 64 26
8 80 57
61 19 1
80 48 3
96 4 21
43 79 7
58 54 5
81 12 17
9 10 35
27 5 76
14 31 61
90 44 22
95 75 72
73 61 47
52 7 31
79 28 71
5 12 90
44 69 18
42 23 19
43 40 59
67 91 7
92 90 57
71 14 92
12 4 87
61 35 81
52 13 75
5 10 65
58 62 49
25 93 67
36 90 79
61 59 18
34 56 30
3 87 56
86 27 93
24 60 5
88 67 43
94 40 3
56 12 9
86 66 9
54 59 80
26 14 10
34 19 38
29 56 95
13 32 27
81 35 28
94 67 21
39 8 82
82 47 51
99 7 70
49 34 41
1 93 5
67 86 73
48 39 28
34 3 82
70 57 29
89 45 57
93 3 54
19 58 21
40 66 73
65 14 79
30 26 69
28 96 46
74 37 55
74 92 29
99 16 33
96 36 70
82 25 68
14 32 55
93 70 6
50 0 29
90 20 31
70 21 98
64 65 59
92 55 96
79 64 18
84 47 51
4 44 16
55 92 69
1 34 75
35 59 73
17 36 13
15 64 59
66 65 64
26 81 35
32 90 93
96 58 24
38 28 58
6 30 74
84 45 93
99 81 58
16 38 100
15 22 58
2 23 42
58 74 33
76 82 75
31 15 55
93 56 71
77 24 4
93 47 1
1 20 97
85 34 39
46 44 88
22 11 7
88 49 90
15 4 28
9 99 3
84 44 96
84 59 43
47 75 24
89 59 2
38 77 33
95 12 75
55 83 89
59 9 24
18 55 3
85 13 71
44 6 65
93 3 47
80 47 60
61 32 72
98 4 35
39 60 52
46 52 10
32 21 90
95 14 73
26 41 64
91 58 78
28 53 81
29 70 15
63 92 87
49 37 37
62 79 87
51 40 29
2 88 61
97 69 45
74 28 33
75 14 90
68 81 1
61 87 43
52 25 80
10 30 9
75 49 81
58 21 52
0 95 47
92 9 69
97 52 44
28 75 62
15 58 42
50 17 12
13 93 54
20 10 14
89 91 26
34 85 56
68 49 45
97 55 20
71 65 65
91 29 27
49 81 86
71 20 100
49 95 10
26 88 69
32 81 47
61 59 11
45 25 42
53 56 41
8 20 33
45 68 70
11 61 22
91 44 37
62 75 51
33 1 27
25 74 74
95 9 42
10 64 10
57 35 49
71 31 77
98 96 38
53 58 58
90 26 98
64 90 97
85 66 49
85 32 72
4 79 91
98 8 22
75 39 19
79 67 31
7 1 9
29 88 22
18 30 47
6 79 89
93 92 87
48 14 78
42 21 70
61 63 62
42 59 46
2 92 78
42 53 89
63 47 38
8 51 36
76 0 61
46 40 56
44 64 2
70 16 47
23 26 70
96 55 49
37 38 24
98 53 14
52 10 82
49 71 88
96 16 53
75 83 59
87 83 14
41 36 3
22 16 7
86 73 96
61 78 36
47 62 46
18 96 81
85 91 81
72 22 66
42 92 66
67 64 63
90 17 40
97 9 59
13 46 35
38 34 86
64 87 71
42 81 59
42 75 78
46 23 33
71 16 23
74 57 78
27 21 52
97 19 41
39 80 5
27 25 13
91 81 4
39 13 29
48 59 81
43 53 70
51 14 87
10 33 14
67 72 56
27 54 42
36 58 45
81 0 49
87 42 41
85 35 85
88 25 4
7 23 36
0 91 37
86 39 27
57 87 54
28 17 17
28 8 50
52 16 46
58 23 4
25 27 25
26 13 18
54 60 85
39 62 57
19 71 53
59 99 64
1 91 60
14 5 57
25 3 12
18 22 66
61 60 43
28 62 65
70 24 44
99 74 28
11 8 72
86 35 26
34 17 65
79 23 85
36 64 33
39 49 39
46 12 55
17 82 77
36 46 52
0 93 41
7 12 17
89 12 96
24 79 14
53 94 69
65 12 43
91 73 46
66 88 2
20 43 61
37 24 40
71 18 40
72 91 90
92 70 83
21 91 15
96 48 38
82 30 16
41 42 72
75 13 31
57 93 66
92 56 96
67 45 33
1 90 96
4 93 42
97 4 7
1 58 96
29 23 5
6 47 42
57 98 65
63 62 57
60 2 9
16 11 10
12 55 8
68 6 72
2 10 26
2 12 11
3 77 39
78 20 64
36 5 7
65 18 81
24 22 98
76 23 6
62 30 28
96 91 79
15 95 79
80 17 79
62 51 93
94 15 71
7 44 55
92 2 11
41 78 18
58 47 13
92 2 10
54 53 77
43 86 16
56 8 88
79 0 75
47 95 17
59 46 48
40 5 28
23 67 86
4 94 38
97 99 70
74 40 37
85 14 53
59 67 50
56 98 63
77 0 79
63 22 46
51 32 47
70 78 56
58 36 78
70 29 12
31 41 13
34 5 65
2 26 10
87 27 49
85 0 82
60 32 20
34 33 51
50 5 10
49 0 76
7 5 14
82 65 37
63 94 86
82 42 5
20 25 32
21 77 6
19 11 34
1 8 80
43 46 62
63 23 13
15 26 41
82 69 28
26 66 73
63 68 100
64 68 80
39 90 15
64 66 43
16 87 2
18 29 40
11 66 98
80 87 73
16 85 59
44 93 36
76 12 44
51 82 2
25 14 5
49 52 100
2 18 53
43 79 94
92 58 83
21 90 56
41 31 64
28 13 2
91 99 81
27 66 94
26 81 45
74 94 5
70 72 41
70 50 22
73 49 33
10 47 29
67 24 77
7 33 11
78 92 47
59 33 53
32 68 85
93 60 27
98 7 26
41 25 15
19 40 31
5 42 45
37 13 37
52 2 94
41 4 50
30 2 52
42 72 7
67 94 89
82 83 80
98 43 60
75 82 64
24 41 3
88 81 37
63 84 16
68 21 80
64 27 67
91 6 46
71 79 59
4 2 87
5 31 81
22 71 59
15 93 80
51 68 73
39 80 83
81 24 31
39 15 53
43 64 49
60 24 46
58 65 14
71 19 28
61 34 34
56 36 80
86 70 10
71 49 13
18 79 29
32 65 75
5 74 30
49 13 11
88 82 98
68 97 29
34 73 1
4 55 86
48 37 34
28 61 31
71 70 71
72 40 43
83 8 95
0 10 72
68 15 46
25 40 88
28 92 72
96 6 95
