49 78 17
29 21 100
42 6 50
20 16 60
23 22 14
60 8 83
62 4 37
27 6 55
76 11 20
93 67 91
16 93 17
74 67 92
45 83 75
17 61 61
57 20 87
52 66 56
73 10 34
73 27 67
87 64 53
11 51 22
14 67 21
60 17 69
7 63 75
62 8 64
59 30 12
0 10 33
86 75 15
17 94 7
39 49 21
47 76 77
49 82 13
65 77 93
42 10 27
66 71 48
41 60 20
99 14 100
23 16 94
98 54 61
0 32 82
60 73 12
5 49 47
92 73 72
64 67 83
58 56 65
72 1 8
20 61 62
78 94 98
18 64 82
29 78 1
31 73 27
94 44 79
11 85 30
97 86 88
88 6 4
6 52 73
25 12 80
46 42 87
40 92 36
93 49 77
43 66 75
84 17 69
82 84 17
71 50 69
90 32 36
36 33 77
43 93 68
87 73 67
30 23 83
39 31 35
88 14 96
13 97 80
43 81 54
86 30 21
78 9 72
33 88 36
61 14 41
9 10 17
23 12 12
37 52 93
22 13 1
67 15 71
41 85 18
7 33 98
49 7 39
10 44 97
35 84 35
23 60 11
27 88 88
48 83 44
33 57 20
80 47 41
22 28 39
1 31 94
47 44 16
22 81 90
11 24 37
82 96 97
26 2 24
57 90 39
93 10 95
47 23 28
59 17 17
4 67 20
0 95 86
83 22 55
33 19 11
98 59 91
3 32 44
78 44 94
80 3 95
37 66 20
38 80 87
16 10 75
92 6 10
97 32 16
65 2 27
60 30 37
17 75 77
72 19 51
62 82 26
59 52 15
61 71 29
44 50 80
23 74 36
92 26 12
92 51 65
56 1 6
38 63 89
9 50 85
65 2 40
26 34 86
61 74 54
36 85 97
58 39 68
65 11 88
10 34 20
12 60 90
48 32 97
73 41 35
60 21 79
57 80 82
53 48 29
87 34 9
15 53 33
18 30 34
1 28 1
36 68 69
48 35 2
2 38 9
42 6 12
28 62 94
37 11 17
94 86 67
65 82 49
85 77 15
32 16 89
63 91 31
40 38 20
98 81 98
89 81 53
78 38 50
91 75 82
81 6 74
99 9 64
54 65 3
19 4 30
41 33 55
72 67 69
22 36 27
41 65 18
89 67 85
74 85 87
24 77 49
36 68 90
77 83 99
85 74 26
80 37 65
21 65 6
34 77 79
90 61 18
10 94 31
40 54 77
68 84 51
12 42 9
44 38 16
33 17 30
94 13 10
59 1 53
29 96 13
94 91 60
86 67 90
57 37 86
44 93 17
27 79 40
18 7 86
10 45 39
28 44 26
1 80 74
44 72 5
19 63 36
56 0 44
65 68 56
37 40 2
17 71 33
66 24 78
48 47 55
85 10 22
60 43 21
1 27 45
79 0 13
31 9 24
39 70 53
17 46 88
25 66 56
6 55 56
61 22 76
49 1 30
73 50 65
37 11 12
42 27 67
31 37 71
79 77 49
4 23 60
63 18 91
99 52 14
71 55 82
62 93 61
92 30 36
70 60 75
4 64 15
36 49 4
80 3 98
42 58 78
8 98 92
70 77 28
95 0 54
76 63 37
64 59 76
84 75 78
12 51 22
21 74 7
28 83 32
39 99 58
10 93 54
38 56 53
49 95 26
75 97 17
85 80 59
99 65 48
34 60 9
27 45 34
6 39 59
16 56 29
26 31 84
20 35 57
32 35 52
23 21 71
87 78 66
75 95 45
2 35 53
41 96 60
33 18 8
33 17 1
38 34 46
20 82 79
34 38 66
64 85 15
48 25 92
41 65 93
53 49 12
44 33 87
4 77 97
64 25 18
7 25 13
23 52 16
23 55 86
90 97 59
61 73 78
4 72 45
20 99 79
31 44 51
92 93 85
8 90 62
27 51 57
13 28 87
28 89 45
35 86 56
27 41 23
28 65 59
76 32 75
33 82 63
96 72 80
64 88 58
19 79 87
71 42 31
53 24 69
73 32 86
39 45 11
94 85 63
64 33 93
30 62 31
19 17 41
88 92 51
5 90 37
46 25 58
7 43 44
71 76 9
81 63 98
44 0 90
9 96 38
27 59 92
86 8 100
49 43 89
67 20 2
47 64 8
52 45 70
88 65 64
24 62 100
27 40 73
24 60 83
22 92 90
8 66 86
33 49 7
6 2 3
12 49 36
31 30 70
3 65 11
85 63 70
27 51 16
67 22 2
85 88 60
90 55 67
78 91 14
49 67 61
0 51 25
85 2 95
15 14 3
78 91 7
31 54 3
73 93 100
36 53 73
32 48 72
49 74 3
56 27 97
5 66 64
24 46 39
1 44 30
79 80 8
9 72 93
59 76 45
10 64 41
95 48 94
5 30 52
16 71 53
55 97 37
51 59 40
16 22 92
17 5 70
3 71 35
75 93 78
8 73 71
98 97 80
97 15 46
36 37 97
46 71 23
36 47 13
88 80 18
46 0 50
63 71 1
15 0 64
22 39 76
87 5 98
63 9 17
39 85 49
87 69 37
77 47 34
35 53 79
69 21 52
45 57 91
82 52 24
74 80 25
89 29 95
39 72 31
65 8 84
81 62 22
68 31 47
7 57 1
17 81 85
53 59 31
28 51 22
17 2 46
30 90 36
53 52 37
89 63 48
93 37 1
68 90 82
81 58 58
91 9 37
9 94 32
27 9 7
57 33 5
30 11 34
37 94 81
42 23 46
8 26 69
21 7 20
0 36 26
85 73 16
15 93 92
97 60 58
51 62 67
57 9 35
9 92 42
26 7 43
71 75 77
65 77 6
86 97 78
99 11 81
18 41 19
67 35 7
40 71 57
16 59 89
88 46 13
76 15 61
83 78 76
84 22 80
83 58 32
35 72 17
69 87 26
92 85 46
2 61 78
60 43 2
29 95 44
5 64 4
74 92 13
97 72 76
54 11 66
82 28 28
34 44 54
22 76 22
97 22 30
66 50 44
92 23 84
81 82 97
88 91 40
93 39 30
10 99 83
71 19 45
37 65 32
24 99 96
49 90 22
94 55 75
23 10 96
61 36 29
37 56 38
71 60 88
65 54 43
33 8 50
24 92 55
53 1 19
3 15 19
79 74 90
84 27 84
0 47 21
22 85 42
18 31 100
87 42 33
30 97 56
24 81 16
3 2 91
51 50 86
76 75 49
67 93 12
7 37 67
36 55 36
4 72 36
52 84 33
74 46 25
79 48 81
45 36 49
26 41 96
0 33 87
67 83 40
41 20 47
17 97 49
45 21 29
27 33 30
21 27 22
85 23 40
62 6 6
84 65 56
39 75 76
32 98 15
7 14 65
29 96 74
67 81 66
75 76 72
24 90 21
52 75 34
83 58 19
45 13 72
41 37 7
65 17 70
77 73 9
96 94 99
18 80 15
18 67 53
20 65 83
0 25 19
32 42 77
70 79 98
84 92 87
46 88 28
38 80 55
15 9 70
3 54 80
39 83 97
63 9 45
95 70 54
94 57 8
0 62 85
9 66 84
92 26 37
83 35 10
93 59 62
20 79 68
20 52 6
47 65 94
12 11 70
75 5 92
26 86 34
56 81 46
46 10 56
49 29 79
22 41 2
90 3 47
79 64 77
81 13 82
17 6 54
67 61 83
46 49 64
53 22 88
90 13 66
62 7 19
21 17 55
27 95 16
12 23 99
53 67 34
3 57 68
22 5 30
54 16 39
57 72 46
12 15 18
66 23 83
3 38 40
62 0 96
38 52 30
35 91 19
14 41 55
25 99 83
98 79 51
95 97 88
43 22 36
46 53 6
48 39 72
44 16 92
4 45 71
84 51 7
92 75 17
23 19 42
20 30 84
39 28 23
59 98 6
31 15 79
22 13 55
8 71 4
98 67 68
18 31 24
22 83 90
24 82 78
22 34 69
30 80 40
49 22 64
75 74 46
88 9 66
86 59 75
59 40 64
81 48 58
92 86 79
47 52 18
51 54 47
80 1 39
13 61 40
21 2 90
74 40 31
37 18 9
27 44 52
75 22 80
92 59 30
93 79 99
54 2 16
39 60 15
24 37 87
72 42 82
12 53 6
20 54 1
47 20 17
23 52 23
36 98 91
84 91 6
24 68 4
63 27 53
81 49 41
88 27 41
54 76 12
55 73 24
96 50 90
64 70 75
70 10 20
19 92 16
53 92 65
33 12 32
78 29 53
29 39 75
84 60 39
3 6 88
34 72 68
47 31 52
11 10 23
3 70 63
52 22 47
76 75 58
77 93 17
96 31 75
45 0 11
87 79 45
6 35 41
7 35 22
15 67 67
37 28 55
96 43 72
31 34 37
69 44 47
39 98 94
36 16 65
18 9 16
4 60 33
54 79 49
62 36 80
6 20 2
64 32 90
63 88 89
35 42 91
94 60 50
87 55 9
41 46 73
56 12 99
35 59 52
71 13 32
88 33 5
9 60 94
8 20 38
51 69 71
88 54 96
89 50 84
87 62 1
52 70 38
57 75 98
72 71 13
95 18 72
73 11 89
67 65 82
43 42 57
48 26 52
0 16 47
74 23 14
99 65 30
96 91 55
29 33 84
38 97 76
54 82 66
73 9 83
78 70 34
61 68 24
49 31 94
12 23 63
78 32 19
11 91 44
78 20 4
4 11 86
47 72 90
7 63 15
13 89 82
64 26 47
21 22 52
49 89 23
45 37 21
57 93 29
76 94 79
94 54 10
73 6 23
38 18 34
95 44 57
49 24 51
2 94 44
5 43 41
76 22 96
89 12 33
66 1 82
79 64 10
5 32 71
33 49 22
33 51 45
25 35 77
19 13 57
12 32 43
29 74 3
3 21 35
96 76 27
98 76 46
23 68 9
64 0 99
65 38 95
81 77 70
62 96 12
63 12 86
61 51 90
26 30 38
6 94 79
68 48 92
19 8 99
83 21 32
22 83 64
65 13 33
97 71 49
34 98 25
47 20 12
24 30 22
17 62 44
53 37 2
32 3 32
68 98 100
86 62 60
5 17 67
21 24 70
68 23 27
83 0 34
57 34 45
80 19 45
44 83 8
98 3 91
23 46 42
86 63 49
4 54 61
17 5 47
90 84 12
57 19 67
95 1 42
14 79 51
60 50 62
67 73 70
49 66 72
58 27 80
95 22 27
57 7 35
26 1 50
48 5 53
99 0 63
91 18 91
82 81 24
91 79 7
26 38 52
76 99 19
79 8 77
46 91 63
91 4 66
37 77 47
25 94 77
71 63 33
11 3 70
10 33 68
12 48 39
68 78 73
82 34 20
69 4 45
81 23 62
39 14 59
42 57 33
40 19 14
7 11 70
37 7 12
86 42 99
2 22 29
10 5 95
2 0 32
21 42 37
74 34 84
57 73 14
71 85 67
99 16 11
80 2 92
65 17 19
81 47 24
45 9 67
13 25 19
26 73 44
62 65 69
97 53 15
18 25 14
77 76 75
34 61 37
49 42 31
68 36 15
33 32 96
64 15 27
20 75 67
47 4 97
47 17 9
76 5 24
51 82 41
54 70 47
78 6 47
45 54 29
62 43 100
24 8 94
72 37 43
91 58 11
98 6 68
25 97 16
22 83 54
24 21 61
68 49 71
3 18 18
87 93 19
47 41 28
57 72 11
15 77 81
35 78 41
30 41 37
38 28 79
91 1 37
60 65 1
61 86 19
3 6 48
99 85 43
74 50 46
32 68 91
71 45 51
49 27 93
64 53 96
74 43 66
62 57 11
47 78 5
48 51 40
64 10 91
98 12 21
4 61 71
23 83 6
58 49 23
2 62 26
70 50 19
34 89 70
81 99 5
33 12 14
35 6 23
89 77 28
58 74 3
3 9 63
50 67 85
77 46 82
98 15 6
5 42 33
93 56 50
22 94 3
99 98 74
18 44 56
54 26 27
96 59 46
50 62 88
52 21 28
43 12 65
62 64 62
48 35 65
9 32 57
43 25 1
5 38 66
84 65 16
28 34 31
27 78 78
15 73 7
47 33 58
23 82 80
49 70 48
16 71 13
39 80 69
14 95 25
85 15 49
90 17 66
89 4 72
99 29 73
58 99 17
61 6 64
30 46 11
40 30 5
96 31 7
71 73 65
45 73 16
22 37 84
1 60 68
50 38 23
51 33 6
96 86 59
97 40 49
42 65 24
64 13 60
56 8 61
70 21 93
50 63 69
82 4 54
31 52 5
25 33 100
47 93 61
76 7 16
84 93 65
87 10 7
65 7 83
18 64 56
35 50 71
77 88 1
40 86 77
52 34 76
71 32 11
39 45 12
46 78 74
37 8 97
18 53 35
4 42 37
30 72 40
49 44 87
70 19 20
48 96 52
40 76 62
3 21 53
73 97 39
82 26 25
64 80 56
46 22 83
45 47 86
96 11 23
41 79 95
39 94 8
38 42 46
46 72 1
14 5 36
54 98 12
13 35 11
4 15 20
47 40 11
74 65 37
44 7 51
70 10 70
22 56 49
76 9 51
58 1 19
89 22 65
6 68 86
95 36 36
46 23 65
20 95 41
74 37 99
82 6 68
31 83 80
4 5 87
21 89 27
77 0 61
9 83 95
98 87 21
85 50 43
61 35 5
19 8 23
80 18 78
33 31 61
49 92 56
73 80 25
32 68 75
36 20 45
19 95 21
37 35 73
14 67 1
35 26 44
59 95 78
37 35 26
44 26 67
99 53 97
22 51 99
83 92 7
99 35 4
69 47 17
7 43 23
50 30 42
29 75 86
63 59 59
4 81 45
65 7 11
74 7 41
72 75 57
34 89 19
10 93 36
58 23 70
44 16 94
86 80 86
30 13 32
31 64 17
2 3 69
87 2 34
16 19 79
92 7 94
3 24 15
20 9 69
64 37 5
94 18 17
12 43 42
35 99 98
73 11 3
71 56 20
36 39 94
21 10 61
55 52 60
87 10 5
80 92 9
90 79 66
96 43 55
90 76 62
99 57 98
1 28 23
41 70 87
20 93 76
26 7 78
72 60 2
57 73 88
23 70 38
57 1 32
17 62 47
70 36 84
99 42 47
29 35 71
65 73 85
92 50 19
93 84 70
31 47 38
99 94 88
27 49 83
66 19 98
58 76 49
78 19 87
54 2 69
67 72 49
97 11 39
4 5 56
70 54 82
93 22 15
63 87 100
82 19 53
27 84 19
65 87 12
52 19 38
90 81 68
74 13 29
75 6 32
52 85 64
84 71 67
2 26 60
58 74 34
77 22 4
80 42 99
2 70 40
95 75 15
65 90 16
67 56 53
41 53 29
65 17 89
6 71 56
12 23 39
43 52 95
85 37 85
91 4 99
87 57 1
32 39 71
16 82 12
99 31 71
67 91 57
60 1 40
93 20 54
94 61 64
8 91 82
47 30 61
12 81 39
73 44 54
15 86 38
41 56 51
46 83 35
99 59 90
2 27 33
14 86 50
49 39 82
52 87 16
54 4 68
68 10 40
23 80 19
16 41 23
9 24 85
11 0 90
42 87 48
8 29 61
32 30 59
45 26 97
59 56 5
64 4 9
52 29 35
47 6 65
83 20 90
79 42 94
12 90 65
31 29 35
22 42 79
41 22 25
60 25 72
62 95 37
3 80 80
54 90 100
12 83 58
86 62 35
85 98 10
99 27 5
6 0 14
72 76 82
30 19 38
85 47 51
98 3 7
78 27 60
73 4 32
30 36 92
77 88 84
78 51 81
7 96 65
87 96 31
89 11 75
10 52 4
56 23 46
84 49 75
66 2 18
88 67 69
56 82 81
95 68 94
7 70 59
24 61 68
99 77 10
75 68 84
27 39 100
53 12 96
80 55 76
56 89 24
92 42 98
25 13 7
57 39 14
24 34 44
67 89 56
59 35 16
44 28 89
18 15 98
86 77 39
38 7 11
6 43 78
11 19 47
62 36 75
37 85 100
12 23 42
55 4 48
64 54 61
62 6 31
89 58 97
78 77 36
40 34 31
50 83 41
6 90 39
11 94 35
74 54 85
30 75 8
49 86 89
10 63 6
85 92 13
88 85 34
32 73 84
25 99 18
84 10 89
89 42 46
27 56 99
82 69 94
59 34 75
14 44 74
8 97 77
8 59 55
70 14 62
64 50 92
44 76 95
74 36 58
83 66 38
42 98 53
63 52 56
46 71 100
41 89 32
35 90 65
39 34 62
20 69 46
89 24 65
0 80 7
33 95 30
5 71 56
24 62 67
11 85 31
26 79 54
42 62 72
49 62 24
29 19 25
47 78 88
52 56 40
94 9 63
94 27 32
3 89 77
97 68 51
80 67 90
2 59 13
33 94 75
85 71 63
45 57 28
65 23 23
18 41 66
51 54 74
60 21 25
78 97 4
67 63 95
40 30 94
8 90 67
54 44 83
55 86 24
49 10 33
29 11 92
59 22 100
77 84 97
97 95 38
65 1 75
81 82 34
73 75 57
78 4 41
7 60 99
24 5 19
86 53 43
54 30 77
43 71 72
47 39 2
0 16 43
46 25 84
69 42 84
29 71 27
55 89 77
27 17 42
31 81 70
22 25 44
89 25 6
29 40 51
3 72 43
52 50 25
92 75 94
16 40 3
29 19 89
7 26 80
20 12 62
74 61 71
7 70 18
22 44 67
41 49 98
35 46 41
39 89 56
55 70 39
80 95 39
25 73 65
46 37 8
74 43 70
68 20 60
12 25 91
92 57 77
56 87 2
88 96 71
86 79 26
75 64 19
95 6 5
76 91 80
68 45 75
72 57 19
58 70 5
