6 51 90
99 95 44
51 8 92
93 56 47
84 45 82
52 39 83
83 31 40
41 42 71
88 64 35
66 70 42
5 49 68
54 0 59
93 39 35
89 97 68
79 6 45
90 39 68
68 31 22
15 80 7
15 57 23
47 16 67
86 95 82
68 96 88
99 13 40
3 2 13
56 91 63
3 38 15
70 52 64
44 61 19
96 58 83
37 28 47
45 86 12
20 21 86
90 62 38
76 18 84
97 22 90
14 6 86
34 30 31
66 77 27
31 74 57
20 40 10
81 2 54
44 51 94
19 84 18
62 11 100
58 48 54
62 56 6
27 4 65
4 8 12
94 67 72
73 34 73
3 2 15
56 24 98
48 29 66
25 8 26
97 87 28
5 54 14
20 42 38
97 20 56
75 44 98
52 20 27
11 71 94
36 6 43
93 10 18
81 86 72
92 89 16
34 74 19
2 3 30
50 59 68
2 24 100
16 82 49
95 49 89
77 94 12
50 49 11
38 77 13
87 27 97
56 5 59
89 20 60
55 68 66
34 49 47
38 37 93
10 53 73
74 15 49
88 86 90
16 85 89
58 18 60
56 49 9
46 42 58
23 97 99
45 42 43
25 97 35
8 36 6
22 11 71
61 90 66
46 32 2
79 27 80
96 42 56
34 70 73
46 39 82
66 96 28
7 35 59
21 83 65
8 78 95
48 51 28
27 72 11
42 71 64
40 8 50
56 52 57
54 61 15
85 97 77
24 46 32
45 49 100
17 62 64
25 23 11
91 55 3
29 7 89
69 7 33
44 30 83
70 2 25
25 46 94
76 6 96
3 13 64
96 76 74
80 38 32
87 18 74
43 83 26
25 33 70
69 12 34
34 50 75
65 64 31
38 69 29
60 72 7
39 82 82
74 66 89
88 4 9
0 37 30
91 3 53
42 89 91
34 54 30
59 4 74
5 6 12
19 29 60
13 82 28
58 11 75
41 98 75
63 60 85
39 3 62
11 95 15
95 34 89
83 72 71
8 12 54
46 16 22
49 74 65
0 26 100
26 17 18
32 0 98
64 66 32
43 97 83
2 78 66
20 9 41
34 45 74
77 43 87
33 77 24
9 61 100
85 60 91
93 38 29
77 57 89
65 62 4
4 55 56
38 52 11
5 45 93
19 91 95
58 86 51
61 24 61
26 84 67
18 59 41
73 85 67
40 44 31
51 45 22
6 64 50
96 46 34
30 37 53
28 32 24
85 27 24
26 80 57
30 10 10
9 8 27
19 3 6
16 45 86
23 9 24
26 68 38
21 79 52
57 68 11
90 83 50
36 66 26
72 82 47
68 89 42
71 3 16
3 9 48
93 90 49
63 51 57
86 31 20
89 88 18
32 45 69
36 8 51
61 88 29
46 99 91
58 29 92
74 4 96
55 67 5
1 15 73
69 63 60
66 95 2
21 33 4
55 59 12
82 95 91
39 17 10
54 87 60
7 50 44
74 47 1
99 76 92
70 3 90
55 48 30
26 37 87
31 30 55
83 52 42
57 28 91
93 35 28
47 45 3
87 77 47
42 52 95
18 34 65
72 43 40
97 74 21
36 47 14
75 86 96
95 3 64
99 74 24
43 85 26
8 54 62
28 11 86
2 29 27
24 61 9
92 52 18
39 13 52
61 35 37
45 60 41
70 37 80
71 24 91
24 30 89
12 78 74
65 88 67
17 23 32
45 46 64
30 57 19
49 40 99
12 33 82
93 78 56
12 59 93
14 67 98
3 36 99
13 51 89
66 97 97
39 5 60
99 16 17
48 29 92
65 19 41
36 70 84
35 93 3
29 97 49
91 12 71
22 90 79
42 69 61
59 39 97
85 57 87
44 7 16
89 0 89
92 20 100
53 33 11
91 73 49
27 38 47
32 0 25
47 24 36
83 89 24
34 91 92
82 19 39
79 10 91
32 79 71
67 37 95
72 26 65
44 84 66
24 63 90
89 23 86
33 1 51
23 34 66
35 80 11
3 50 60
79 60 68
69 71 18
78 45 25
48 13 16
69 11 76
28 68 94
94 32 49
69 75 53
39 48 83
22 73 86
8 28 50
3 61 95
52 75 24
1 43 42
34 98 96
50 90 99
85 36 28
20 89 15
36 20 27
98 18 56
83 41 46
61 30 64
1 31 95
52 55 8
52 47 75
53 34 10
90 12 44
22 4 94
28 41 20
12 57 2
96 2 9
32 16 13
54 55 69
78 83 42
74 79 14
63 19 33
6 77 86
60 39 23
66 64 14
73 12 45
81 71 69
19 84 15
73 15 27
49 50 54
45 89 26
64 2 86
59 0 12
13 61 80
84 62 26
48 88 3
17 56 2
62 69 55
24 26 62
54 10 37
18 79 79
13 46 48
72 97 68
80 10 3
77 36 88
28 20 70
85 33 53
71 18 25
17 35 31
56 83 91
73 63 11
76 48 53
75 39 44
78 91 48
77 11 23
20 99 99
12 3 29
37 52 95
47 34 75
31 43 2
3 91 20
23 60 73
13 58 13
69 26 55
98 48 98
48 7 16
17 14 34
74 49 15
14 40 87
12 9 21
39 16 26
49 94 74
97 87 92
96 35 74
18 80 47
0 82 7
0 52 46
85 15 35
76 93 94
90 11 80
9 0 79
85 2 16
43 67 42
93 21 6
54 11 91
95 49 89
88 20 94
20 26 52
78 72 78
14 45 25
95 60 93
98 37 94
17 58 29
54 11 24
82 86 33
86 95 74
39 73 45
58 31 76
28 0 6
86 68 76
10 98 26
50 16 23
42 67 47
69 85 47
93 68 77
54 50 64
56 40 39
17 28 70
49 52 49
12 54 75
98 35 54
83 6 89
90 68 63
68 6 87
33 59 46
96 90 94
63 17 91
41 5 55
77 87 57
58 11 28
27 73 56
92 4 79
66 90 62
14 3 65
78 73 57
84 7 76
52 31 86
60 80 84
23 72 70
61 47 46
25 76 6
30 69 35
96 36 96
68 51 5
36 52 97
0 27 18
57 69 35
86 55 48
37 17 25
7 37 61
60 77 66
3 65 38
85 44 45
85 9 16
96 78 89
26 74 60
27 74 67
39 24 38
54 74 29
87 9 5
13 39 53
7 81 99
53 43 54
72 56 13
62 28 16
90 38 36
9 38 20
5 99 42
5 10 72
30 89 89
51 89 3
58 63 72
91 94 80
50 36 78
19 53 20
15 48 15
59 42 37
24 13 36
75 19 74
68 30 59
96 93 65
72 68 63
8 12 26
31 81 61
27 91 27
14 57 13
3 88 7
47 80 54
7 12 54
77 45 65
6 31 22
67 30 40
9 26 57
95 93 94
21 11 37
35 41 65
78 50 17
70 92 72
57 10 31
35 11 28
92 81 14
11 39 93
4 92 47
46 55 89
27 46 97
63 75 48
1 59 64
88 74 17
76 38 20
86 10 14
61 91 8
88 35 5
8 98 22
70 6 85
93 38 8
61 4 36
2 17 26
60 49 34
70 58 9
44 43 44
87 57 60
33 66 62
82 33 9
84 17 88
96 36 92
39 4 42
0 57 76
28 49 45
13 8 24
31 23 79
37 91 1
57 66 19
89 44 99
5 11 65
85 32 27
57 83 69
12 9 67
10 72 69
9 82 32
58 14 68
67 93 65
57 3 16
87 55 98
84 40 34
41 88 38
85 99 60
10 21 39
59 3 97
17 40 55
45 95 28
79 42 16
28 68 88
65 85 12
3 20 41
72 25 73
26 57 80
55 71 21
99 17 95
84 71 67
82 66 8
14 39 32
32 43 75
56 87 75
83 47 28
44 17 71
56 99 34
17 65 15
1 56 64
37 56 60
51 94 75
7 66 11
93 46 16
45 68 91
94 90 14
54 89 70
70 74 21
90 69 91
75 3 45
88 55 31
48 3 6
74 41 52
82 49 40
54 77 92
77 28 77
57 91 54
67 64 13
32 79 50
46 60 34
35 24 19
23 16 6
77 44 99
31 76 34
89 20 79
9 37 91
88 13 48
18 54 58
57 74 77
90 80 64
82 16 78
74 95 98
32 53 9
57 1 52
84 33 69
84 67 36
5 90 49
24 61 65
20 49 89
17 26 69
64 26 89
19 74 35
8 79 54
91 0 91
72 81 93
91 85 88
75 12 14
54 89 3
86 94 57
69 16 13
73 59 48
90 91 15
18 11 56
66 50 88
74 33 24
2 36 36
32 25 62
51 29 70
63 3 10
0 25 21
74 56 67
61 27 52
34 54 22
61 81 87
89 0 31
42 9 39
52 21 75
90 86 89
39 68 87
95 68 40
56 78 11
60 98 76
67 5 98
41 86 7
74 95 82
32 98 64
71 8 68
4 61 43
33 15 9
66 2 66
79 9 100
68 71 82
47 13 44
4 45 35
77 39 19
56 47 47
68 50 53
73 27 55
11 45 32
41 71 25
83 75 29
44 77 74
38 15 43
11 83 29
9 90 89
26 24 35
97 90 41
94 14 17
71 65 16
95 87 94
34 38 98
83 72 3
47 29 91
85 23 65
24 61 55
43 57 24
6 45 42
40 9 76
59 18 43
81 5 93
85 31 75
55 14 29
49 64 58
37 59 7
25 72 80
95 43 46
97 51 54
89 64 84
86 55 23
18 60 6
56 42 49
71 51 32
95 23 12
61 23 53
78 7 7
81 90 10
69 91 26
50 1 36
34 71 31
79 5 54
32 95 92
73 55 81
51 63 33
45 10 90
89 6 95
38 3 19
43 3 27
40 87 17
43 98 15
4 87 96
70 88 35
4 89 20
76 86 4
29 15 99
60 52 44
29 14 84
71 23 21
13 8 53
73 86 74
31 64 96
61 7 47
99 10 55
47 79 48
48 90 92
57 58 24
15 19 83
35 5 37
40 26 81
82 22 71
50 84 41
0 3 38
2 24 39
40 19 48
22 65 37
57 26 7
26 49 14
3 12 5
6 32 39
49 83 17
87 72 54
43 78 27
8 66 22
41 17 96
42 70 71
37 39 24
30 53 53
32 18 11
45 13 73
36 55 3
18 7 8
95 91 81
98 19 44
81 51 54
48 77 88
76 46 52
32 45 40
8 82 60
15 13 39
68 16 52
5 55 71
78 13 73
92 57 12
45 7 61
13 91 8
60 70 95
71 20 6
86 93 14
87 17 49
47 10 95
35 47 27
97 43 54
26 19 33
95 33 74
17 93 20
27 22 30
28 46 88
54 51 24
4 89 76
0 36 49
27 62 4
22 52 30
80 29 75
19 95 79
24 63 37
99 60 27
72 39 52
94 70 85
81 11 28
59 70 16
7 32 15
10 69 26
91 45 30
80 48 49
80 17 5
72 64 72
89 28 16
36 49 85
75 15 22
95 76 58
21 46 90
48 82 19
41 92 54
91 22 13
17 91 74
46 82 99
90 39 67
40 73 27
77 89 23
17 4 11
49 61 51
9 83 31
32 99 4
82 51 10
28 49 42
44 76 72
44 38 94
73 43 16
51 46 84
62 60 42
5 49 97
20 7 21
33 69 9
84 78 10
46 69 24
21 23 31
26 5 73
1 86 82
71 12 75
23 35 94
72 3 91
60 87 7
23 10 79
78 37 67
92 39 18
17 97 79
84 98 89
51 57 86
88 97 67
64 24 64
17 68 11
75 24 7
3 38 75
37 18 92
28 49 4
45 16 36
25 71 56
51 96 36
43 84 76
43 14 87
78 48 87
70 83 7
10 59 89
54 92 65
38 51 46
0 97 91
67 97 57
81 50 63
87 67 27
36 8 47
81 11 45
75 8 71
39 79 10
20 42 1
73 67 66
62 83 8
12 4 35
1 36 35
15 86 10
12 31 64
42 47 8
38 13 17
77 26 41
91 1 50
85 21 55
22 19 57
39 47 55
37 29 91
45 32 39
40 86 47
32 35 63
64 74 9
59 91 33
57 68 61
85 73 94
48 17 14
53 22 26
48 89 67
61 39 59
27 12 88
98 9 16
54 51 52
92 32 74
83 9 39
55 72 19
32 74 64
80 73 95
27 8 14
18 27 57
62 43 38
33 96 29
0 79 39
33 47 94
3 90 70
69 75 25
86 76 85
47 44 55
92 63 73
81 55 98
35 24 51
52 64 58
43 74 25
28 41 58
73 79 5
32 33 79
71 35 84
18 78 71
40 79 72
91 31 81
17 58 9
88 95 72
79 11 84
58 65 99
2 82 45
20 64 14
91 90 51
45 38 90
24 77 96
51 30 35
26 84 21
49 0 85
0 53 31
96 40 75
23 81 53
85 44 21
95 18 8
59 75 22
27 41 63
50 17 8
9 73 94
34 51 30
0 49 72
68 50 84
3 80 34
94 49 50
89 73 33
64 20 16
52 32 99
57 72 20
17 1 38
48 54 59
11 64 100
85 31 92
6 77 21
9 80 60
48 19 49
89 55 2
67 77 85
77 79 11
44 77 5
47 28 54
79 27 20
88 63 79
36 27 35
66 78 50
17 22 78
18 40 65
70 66 97
17 79 41
27 0 86
84 78 65
63 2 12
70 20 12
70 63 11
55 67 23
17 29 2
10 24 47
65 19 11
35 95 65
89 54 75
94 41 85
87 52 39
3 46 16
33 99 6
20 65 100
8 52 88
70 63 68
56 60 29
78 49 100
15 56 7
14 30 30
36 9 31
7 46 12
45 41 48
45 36 54
13 72 34
53 77 56
85 61 24
79 27 66
91 72 38
3 50 14
57 81 16
59 41 46
77 34 56
53 58 15
23 10 43
90 98 61
45 3 42
85 8 20
16 51 20
49 16 98
82 10 46
61 42 39
79 57 22
64 74 78
72 69 76
56 51 85
46 79 67
21 49 64
21 87 10
70 93 20
63 11 98
21 70 40
61 78 40
52 43 34
5 36 5
71 1 8
57 66 76
86 35 70
63 84 78
30 70 12
2 15 5
20 83 52
15 69 19
76 59 61
72 64 47
44 10 74
79 3 41
0 90 32
56 87 55
75 65 56
96 11 79
76 27 82
43 26 63
54 35 55
10 15 2
15 57 66
73 51 29
61 23 31
28 2 16
97 34 9
55 45 37
45 74 44
25 40 87
53 44 64
70 90 73
87 46 23
5 22 84
1 94 24
38 93 54
13 41 5
47 59 36
81 25 95
66 32 33
62 27 54
32 99 90
21 42 39
46 91 8
95 63 91
97 82 95
20 60 52
3 44 15
44 72 35
89 98 83
47 94 60
82 36 29
78 33 64
2 74 6
44 30 27
8 19 52
14 34 69
66 46 48
73 57 45
58 76 6
32 14 64
86 68 93
53 41 55
42 19 31
54 31 17
3 80 32
52 30 65
51 47 72
82 74 7
38 5 19
79 32 93
90 1 85
27 36 9
99 80 25
10 28 54
1 84 15
67 9 9
56 46 40
91 78 61
96 0 49
60 27 69
68 63 71
1 28 34
79 29 38
43 31 58
42 17 40
79 7 52
44 9 32
1 63 65
64 44 84
27 93 71
57 94 90
62 43 80
67 52 90
0 20 28
13 83 30
7 77 54
36 77 98
90 58 8
12 53 46
8 59 48
89 6 98
97 61 54
71 23 88
23 67 96
54 23 66
55 17 25
90 5 37
68 9 58
3 85 58
76 75 8
40 0 91
55 13 28
43 73 77
82 54 50
44 15 63
93 36 96
32 91 76
38 78 14
29 60 67
79 18 51
91 16 38
58 57 15
95 73 89
60 63 100
5 14 71
28 11 8
73 41 57
34 30 98
68 48 77
56 5 47
99 83 70
21 23 55
19 94 75
38 88 56
32 46 71
4 99 14
19 3 94
75 72 74
46 78 55
21 84 16
98 46 33
2 52 1
74 63 55
52 54 76
82 71 52
59 99 14
31 71 23
75 20 65
96 86 9
96 73 72
67 15 56
82 54 13
89 26 3
13 67 84
0 72 100
70 28 19
54 49 97
98 93 93
89 92 81
76 6 21
48 60 71
83 22 55
80 17 32
20 42 5
7 15 91
0 90 26
94 96 42
43 48 59
84 90 6
59 8 9
27 22 5
62 72 20
5 78 8
76 51 69
91 84 13
5 67 9
8 80 27
27 35 40
18 34 47
89 9 26
12 8 28
41 37 72
55 51 51
43 26 83
8 71 2
65 16 45
28 36 77
54 72 38
43 74 55
26 87 46
43 55 49
92 34 31
18 37 22
28 24 30
97 6 88
24 76 73
17 57 60
71 99 50
27 13 100
79 85 25
16 62 80
71 84 92
45 1 85
5 3 85
6 43 57
33 43 50
4 32 14
67 39 15
28 84 14
79 42 91
18 78 10
0 15 8
76 13 4
97 6 60
1 9 3
5 63 8
5 57 77
64 99 16
4 53 89
90 8 49
8 16 54
49 53 36
93 66 5
7 5 48
32 71 67
82 91 68
43 52 98
88 73 43
74 67 3
99 95 94
9 46 5
65 99 53
49 22 67
16 57 5
53 7 69
17 20 44
49 99 16
75 58 18
67 22 37
46 50 54
56 43 33
67 92 36
82 80 65
59 86 70
17 64 30
0 23 42
53 12 24
94 12 94
96 77 43
74 44 54
27 19 72
33 64 22
95 25 73
17 79 97
80 30 58
52 17 60
64 75 79
73 23 63
44 21 73
25 34 96
5 2 87
72 81 33
19 38 30
28 57 91
85 54 95
17 69 16
95 88 13
74 47 60
48 34 62
56 30 44
98 74 74
53 81 86
46 74 36
65 2 71
7 12 72
89 38 33
70 98 78
46 58 57
35 44 99
31 27 15
49 44 76
78 87 2
30 17 22
88 81 59
26 23 77
42 84 7
49 74 83
44 26 47
16 95 40
14 33 33
68 7 47
92 53 8
75 14 34
38 78 38
8 22 78
65 63 19
9 31 36
23 90 3
62 27 3
73 71 73
29 85 51
82 60 36
19 49 58
45 28 39
67 75 59
43 23 20
65 78 19
24 11 8
35 59 99
87 1 93
87 62 59
19 36 1
15 49 60
76 33 62
9 53 14
25 9 76
40 70 53
22 49 60
7 34 60
75 9 33
96 93 68
56 76 51
46 24 34
58 3 70
66 75 68
48 27 84
34 61 41
40 26 21
13 31 54
73 67 60
99 14 53
76 10 44
99 32 14
91 11 98
4 46 39
77 14 52
78 80 10
65 51 18
7 17 61
32 65 88
20 74 34
58 53 34
41 81 64
27 56 50
68 4 75
25 72 75
7 38 86
78 5 84
9 99 30
44 34 30
45 15 41
4 65 25
46 40 29
8 72 44
75 81 42
25 52 78
16 88 18
36 33 72
60 23 75
9 10 40
93 32 12
19 77 47
9 44 32
5 19 52
71 79 64
48 45 23
83 62 87
39 8 71
97 72 13
2 6 85
41 15 55
67 77 19
54 48 70
53 34 12
86 66 55
95 66 51
2 5 17
24 35 68
40 75 88
49 26 71
29 78 4
84 15 60
89 85 87
48 31 61
80 40 29
13 10 33
95 66 21
67 16 4
77 61 91
8 67 59
29 53 49
79 30 74
92 0 20
38 39 89
21 80 96
26 54 5
51 73 4
77 44 53
70 56 22
93 13 66
26 59 88
70 45 10
24 83 45
74 21 48
43 84 59
86 39 52
0 12 59
23 35 52
53 60 70
5 39 66
42 58 32
44 82 62
97 83 34
85 8 54
21 78 5
75 87 71
51 5 43
20 89 58
92 3 93
35 52 81
27 84 48
42 95 50
99 54 18
18 51 89
11 49 49
53 85 82
95 36 61
37 91 56
89 99 3
42 85 58
88 4 90
75 42 7
54 9 59
86 43 69
28 24 63
70 38 48
50 83 67
51 81 57
72 59 16
62 67 77
91 62 98
69 86 73
70 61 68
22 82 4
92 5 68
77 12 37
27 5 11
8 72 68
87 72 6
32 49 26
73 52 87
41 78 97
96 79 9
88 35 80
97 39 30
12 28 47
90 62 59
53 79 50
86 66 67
70 58 25
56 72 68
75 48 57
12 79 93
70 58 92
37 27 46
93 60 2
12 4 8
2 49 58
60 81 47
66 52 74
46 48 10
60 93 82
58 9 29
52 43 13
86 5 78
91 31 10
99 73 39
78 92 67
10 43 6
16 99 97
88 63 64
89 50 6
56 5 55
82 95 46
91 70 9
63 16 68
43 99 1
51 46 86
45 71 70
65 58 100
14 43 25
27 59 31
53 94 36
16 60 38
28 2 47
22 61 35
96 40 56
61 11 2
81 69 19
60 74 28
97 5 21
84 32 48
83 29 72
34 26 56
83 70 17
78 32 43
42 14 33
87 22 54
42 18 26
24 81 50
50 16 32
71 39 82
36 6 81
69 96 22
22 84 53
76 70 65
6 27 68
89 11 82
2 11 93
93 10 96
49 98 18
57 96 77
67 83 26
58 77 68
14 17 26
42 88 92
92 9 60
50 8 96
71 83 22
49 47 39
32 58 3
48 84 99
73 12 94
93 0 50
6 62 26
61 22 7
11 75 69
88 32 78
41 70 92
8 14 6
61 58 55
84 23 99
18 87 37
48 61 80
26 52 97
45 44 30
79 48 74
55 72 45
59 78 89
85 55 51
1 41 43
44 57 55
66 51 79
8 56 68
30 11 10
75 49 63
59 46 62
34 54 54
2 47 13
4 84 27
42 27 12
24 97 57
73 71 63
98 10 26
22 78 38
94 42 95
79 32 96
62 99 68
93 23 18
7 2 89
23 61 75
45 34 23
62 34 46
7 58 41
77 74 41
19 50 23
89 72 46
67 71 69
59 93 13
2 85 15
29 65 27
55 37 49
12 71 51
79 54 73
12 25 61
47 38 53
16 75 78
26 15 11
99 41 63
76 69 6
75 46 76
21 80 73
50 67 71
0 14 49
3 82 85
41 5 92
73 92 21
64 76 23
75 40 40
95 37 22
6 65 39
64 14 8
3 47 62
89 41 62
31 82 32
33 43 11
54 71 73
90 82 38
34 84 38
5 45 85
28 93 68
21 2 76
47 97 37
27 74 62
99 96 12
89 77 71
0 57 12
43 83 94
89 95 20
83 0 56
27 50 61
19 13 91
29 20 94
51 16 31
9 83 17
41 17 74
52 99 65
36 45 3
93 30 16
20 32 7
0 37 18
32 46 45
92 4 31
58 76 65
79 48 79
92 32 90
77 17 7
13 3 99
30 56 67
32 35 55
2 88 38
91 8 1
97 36 93
51 41 51
25 77 25
91 40 75
7 11 88
54 27 9
72 23 56
98 27 46
71 54 67
20 47 35
59 63 90
15 44 64
2 95 99
26 32 39
72 43 18
56 96 89
88 63 97
8 73 61
99 66 56
84 63 8
94 50 76
40 48 70
68 13 7
37 98 63
85 14 79
58 99 64
90 41 65
3 47 59
24 10 7
96 69 76
50 66 78
46 16 84
53 19 52
86 58 87
58 43 72
42 95 31
20 57 46
9 82 62
30 24 77
97 47 47
58 92 23
31 97 7
59 25 62
18 47 78
87 31 10
22 69 21
38 25 13
8 29 29
4 42 25
69 72 79
94 72 51
0 10 46
18 62 25
99 11 39
19 18 27
26 28 29
16 19 40
64 26 31
21 91 13
53 81 60
87 39 80
90 16 56
13 76 44
19 76 81
32 22 50
85 18 19
99 60 75
12 51 62
7 18 3
90 8 81
21 72 78
64 89 42
84 91 54
77 68 97
87 18 18
59 77 99
76 20 95
39 52 12
44 65 19
72 51 45
5 73 93
30 95 84
9 93 34
86 38 35
46 97 53
73 28 86
77 31 80
28 72 23
52 88 57
35 21 58
94 51 45
18 7 89
42 38 14
93 89 39
40 12 91
0 26 99
51 91 63
59 87 51
44 16 23
94 82 88
80 44 36
22 87 61
5 53 57
21 94 99
0 74 24
11 16 96
84 75 16
13 49 50
60 55 72
30 15 83
52 37 46
12 3 43
20 61 20
13 50 39
75 2 92
59 32 67
6 53 9
27 87 70
98 20 84
96 16 29
97 72 97
86 9 77
8 83 29
21 17 57
39 40 34
99 1 49
21 41 13
40 94 87
20 78 87
56 70 46
83 13 65
37 63 70
99 33 56
93 11 45
62 95 24
65 15 3
79 45 69
13 14 40
25 68 87
0 95 35
80 73 78
83 10 88
26 86 60
82 43 41
41 18 41
41 46 7
30 79 14
86 15 38
73 96 75
92 60 48
54 10 3
26 14 93
29 28 12
70 97 57
22 35 82
19 34 100
69 26 58
90 95 4
51 97 29
80 20 93
80 0 45
11 66 2
77 42 96
75 92 34
18 71 37
0 1 1
64 12 27
3 29 44
25 21 26
82 79 40
35 94 69
41 15 26
39 53 12
35 54 1
71 5 30
83 94 26
47 31 55
56 36 30
14 2 99
46 39 77
63 52 25
63 37 21
88 52 54
24 11 1
6 99 55
60 78 4
91 83 36
18 84 61
20 54 4
94 43 29
83 26 72
84 67 65
83 56 41
13 65 7
2 41 54
32 79 19
66 87 41
63 87 41
9 27 29
56 96 86
72 66 89
88 3 40
43 23 46
33 73 41
82 93 64
50 25 29
32 38 44
73 29 16
73 5 64
6 83 81
66 61 58
92 77 83
71 60 2
21 36 32
45 0 49
39 91 100
79 61 61
96 83 88
57 92 15
70 29 25
21 97 90
8 97 35
96 37 33
36 40 91
24 11 63
5 75 34
57 32 36
13 86 2
26 10 41
2 42 86
95 57 67
68 20 9
69 77 12
89 21 99
65 70 66
15 86 85
20 22 15
5 13 84
56 92 59
13 44 42
17 24 43
94 71 6
39 94 34
43 72 78
22 24 37
37 19 34
7 48 11
39 77 19
20 87 54
22 29 42
82 8 39
30 36 79
71 7 32
50 41 15
18 85 81
40 88 39
73 92 72
25 73 89
15 38 46
30 76 26
19 18 45
37 35 52
74 66 4
63 48 77
77 37 58
30 98 7
69 3 93
40 49 37
93 32 32
27 0 75
3 76 19
63 2 8
94 99 37
5 57 78
93 68 93
56 92 48
88 43 69
94 24 82
24 36 92
96 74 4
1 17 58
25 8 22
31 33 49
82 86 65
83 52 92
38 15 88
13 88 43
47 80 50
97 71 51
42 70 20
8 3 12
53 6 25
84 88 9
28 20 65
50 57 58
41 10 67
74 91 39
81 70 59
62 66 44
18 89 52
51 8 88
92 88 31
41 6 28
80 93 17
34 99 28
49 95 89
51 45 31
26 60 89
39 98 51
89 39 85
18 56 31
66 95 75
97 53 6
75 20 83
98 10 58
52 73 53
39 87 16
49 26 16
91 22 60
13 60 50
23 87 32
44 76 32
14 32 60
36 82 17
35 92 92
54 3 93
52 10 44
44 70 30
11 50 48
65 30 21
80 88 86
63 36 7
59 63 80
70 56 9
99 13 15
87 6 10
10 39 63
69 68 36
92 45 50
61 86 91
22 4 77
8 21 96
1 36 2
99 35 62
88 12 83
23 45 32
41 56 57
50 52 15
89 9 91
37 92 26
83 90 92
28 62 7
67 70 17
2 6 76
92 79 44
77 24 82
51 16 95
97 10 9
57 61 27
48 43 10
68 66 84
24 75 48
92 64 60
33 32 48
9 74 100
47 1 14
56 53 61
5 30 50
21 94 94
62 0 98
13 30 90
22 60 10
19 1 56
44 89 11
45 56 80
46 24 46
82 52 7
93 85 53
65 49 52
23 33 41
63 12 47
42 55 72
21 61 51
17 26 5
97 36 85
41 63 70
54 73 91
48 71 2
94 99 72
88 34 53
75 24 23
1 27 44
22 85 91
43 17 18
95 66 60
76 48 18
66 13 92
95 1 65
70 34 35
56 43 23
44 8 90
85 41 53
63 60 39
95 51 58
83 99 49
73 99 70
33 97 88
36 33 5
95 17 68
72 97 86
18 23 76
67 51 94
53 28 45
37 16 6
13 24 3
76 98 34
21 64 68
84 27 40
21 46 85
97 98 96
0 95 45
87 49 71
55 93 91
7 60 91
82 96 32
99 66 30
45 59 90
12 27 28
22 98 40
99 93 41
44 34 92
79 65 88
4 92 76
48 95 100
88 3 78
79 57 77
68 28 94
81 31 62
68 18 28
17 42 23
72 53 57
74 21 96
1 89 64
30 42 57
13 50 89
61 13 8
40 15 16
6 53 34
19 56 96
16 74 93
15 23 19
68 38 23
11 72 56
19 13 60
73 74 16
62 60 52
39 71 60
54 16 12
99 38 31
48 66 52
64 3 3
66 80 86
91 32 17
85 96 65
84 55 20
25 46 25
63 68 18
95 2 60
63 6 54
64 10 3
75 12 98
73 59 77
72 50 91
1 29 17
88 12 32
39 68 59
17 48 59
94 53 49
86 10 40
53 79 60
76 5 46
66 92 97
94 83 72
56 31 25
5 28 76
7 70 23
48 37 50
50 41 5
89 17 66
89 37 80
19 27 93
41 53 100
61 82 11
73 18 54
86 55 62
24 80 82
53 89 69
38 33 67
20 19 3
22 33 62
24 43 56
37 7 4
65 44 66
33 96 30
55 24 81
31 41 91
4 27 20
27 30 33
38 88 16
81 61 41
14 25 33
35 96 40
59 30 12
52 68 76
80 63 73
6 16 20
11 32 84
28 70 93
33 63 24
96 13 81
84 55 87
27 63 6
78 55 47
71 11 13
29 61 67
15 83 39
14 64 43
40 53 89
21 69 15
13 53 63
55 39 26
86 67 21
74 6 30
60 98 34
91 40 42
59 81 70
14 52 83
98 24 21
18 23 29
21 23 73
32 93 2
53 86 26
72 24 28
39 68 67
32 64 62
63 55 46
67 90 20
1 17 21
9 57 82
33 47 86
23 40 16
99 95 54
81 20 67
78 46 71
1 85 62
89 20 15
12 63 31
92 60 14
30 27 31
7 71 11
22 56 91
83 62 59
12 60 50
8 55 20
19 20 59
82 11 64
77 33 44
17 31 66
16 82 55
67 79 99
44 10 82
10 84 16
11 35 98
63 93 30
41 55 45
36 87 76
72 67 99
19 37 84
85 28 47
63 31 1
83 42 61
14 88 29
62 44 24
22 30 88
67 70 73
9 4 73
18 22 36
16 85 98
85 69 55
9 4 14
19 65 16
26 6 14
91 93 80
96 36 25
99 98 11
75 82 47
25 35 90
38 23 63
1 23 69
78 96 37
29 70 42
70 34 29
40 11 27
6 4 94
14 47 89
38 18 26
85 53 84
41 66 24
70 58 48
16 46 12
52 10 2
65 46 34
37 59 21
80 74 19
3 59 5
63 20 91
38 99 37
67 31 86
98 61 7
80 90 38
82 9 7
89 35 56
13 48 88
82 7 13
57 65 75
88 99 67
28 30 57
49 8 13
20 32 17
20 33 83
70 14 53
50 13 96
69 79 27
43 81 16
64 19 9
4 89 43
6 87 73
71 51 9
83 72 68
11 95 86
86 42 36
34 25 88
18 11 47
98 25 29
10 88 26
10 23 60
58 45 71
74 80 24
55 59 76
18 80 25
22 82 30
76 90 95
93 72 35
61 50 20
95 69 24
98 0 33
75 4 88
23 46 19
95 56 77
43 79 44
54 28 7
57 54 72
62 42 84
45 94 6
73 14 19
62 47 34
6 97 75
97 59 86
43 49 92
33 70 68
92 34 27
67 39 62
96 27 16
89 35 43
1 72 100
16 25 90
91 65 35
97 37 79
14 50 93
77 46 26
29 55 98
0 79 38
77 18 78
1 46 73
39 71 79
28 56 53
97 55 15
78 58 25
45 50 54
56 54 100
29 39 22
16 42 50
82 30 4
0 28 89
37 66 53
64 0 16
44 59 33
23 73 73
48 38 77
57 23 85
61 11 52
76 38 35
87 12 63
38 42 57
25 36 19
12 17 41
64 68 80
92 49 72
92 30 42
48 8 5
52 2 21
69 86 78
16 19 98
18 63 25
14 72 93
90 97 91
11 1 19
79 53 60
4 60 11
86 33 29
55 54 58
61 11 82
32 75 92
13 63 72
47 98 80
94 5 7
60 17 30
21 12 83
53 66 7
91 83 49
16 30 41
84 46 12
67 10 77
71 76 50
71 16 19
36 5 29
98 13 2
32 22 35
71 2 6
77 16 21
48 1 24
30 49 100
52 0 20
68 46 85
31 75 38
90 7 26
45 29 72
98 87 79
70 49 7
84 88 56
65 58 74
89 50 62
38 60 42
85 37 61
3 66 59
81 58 49
14 34 37
48 35 59
44 82 95
32 28 74
80 38 70
58 44 51
29 21 16
58 47 85
58 47 55
54 17 38
67 81 59
36 69 50
84 55 36
70 25 55
77 92 52
71 5 31
78 51 14
48 56 59
69 6 32
17 66 11
53 63 3
45 86 21
60 15 43
46 65 55
74 82 70
94 0 80
20 63 68
14 0 63
12 47 77
45 60 16
95 11 33
83 99 5
8 5 55
79 65 47
17 78 57
20 33 3
59 13 84
33 78 54
68 12 13
86 51 59
13 78 87
88 96 100
32 26 91
70 97 41
10 41 97
34 32 41
43 37 45
47 81 69
68 59 13
34 59 11
35 66 14
93 13 98
88 53 73
63 21 2
62 11 53
24 78 10
62 19 77
66 0 15
63 23 90
56 80 72
85 52 28
79 66 21
61 59 26
9 81 56
45 30 94
63 55 83
22 37 46
15 21 7
86 33 29
56 57 1
19 7 75
36 84 59
18 83 80
77 70 70
96 37 6
63 51 25
83 32 65
84 91 7
24 43 48
62 25 7
83 40 56
30 47 34
45 7 26
50 25 69
31 79 45
39 71 22
46 31 18
26 22 45
42 47 60
52 97 95
29 12 5
14 47 90
78 92 32
46 25 47
93 75 69
63 1 8
25 77 12
83 4 88
49 11 100
54 48 91
98 44 98
56 68 77
23 40 23
85 73 71
36 45 70
94 21 27
33 27 69
26 15 6
20 40 100
10 6 12
69 35 11
66 84 25
79 41 84
46 92 69
88 89 48
1 23 91
99 84 14
81 43 17
56 16 23
53 56 70
2 38 81
59 55 6
3 49 62
65 87 96
50 20 53
46 2 18
81 62 90
61 56 91
92 91 9
40 41 27
75 88 85
48 15 70
43 52 87
35 41 53
23 43 16
81 92 77
65 81 42
11 76 77
87 6 54
51 89 39
89 98 14
83 44 96
44 65 38
60 80 43
92 82 40
12 15 42
72 84 68
57 2 93
39 90 58
77 15 29
1 22 43
93 89 67
26 89 10
56 81 26
78 14 31
28 55 8
14 50 86
23 62 3
39 25 43
75 39 60
46 71 11
2 89 98
8 21 79
77 81 22
28 26 44
71 11 85
71 10 86
52 59 84
92 50 23
15 77 35
12 24 34
58 14 61
65 56 59
15 55 52
88 57 70
36 39 34
98 44 72
80 63 78
5 37 18
63 38 38
24 4 75
36 66 12
15 48 39
66 62 83
18 31 6
11 24 24
67 13 84
79 70 26
63 28 94
63 32 28
56 24 21
1 90 44
81 55 70
36 85 13
52 87 55
74 47 23
42 27 64
26 33 24
11 61 39
91 47 13
33 76 12
88 87 87
68 53 98
21 87 89
34 57 40
94 98 51
54 1 19
2 83 14
82 44 76
41 20 88
15 42 19
19 78 34
25 21 49
24 89 57
71 37 73
76 57 32
77 93 20
47 95 26
37 64 48
68 87 94
95 7 37
38 19 48
62 25 39
1 91 80
54 98 9
20 53 44
91 13 3
7 18 97
0 11 32
49 74 57
6 83 44
72 28 52
9 72 35
58 25 35
78 39 66
62 6 36
62 83 66
69 57 41
60 78 79
65 54 95
29 40 90
77 61 14
50 88 83
10 31 73
87 69 28
8 73 17
58 64 48
34 35 56
18 95 94
83 13 60
74 97 48
29 55 27
25 19 70
96 80 2
40 57 32
70 95 59
82 32 16
79 99 81
61 99 23
82 71 63
36 99 24
30 68 86
17 54 92
17 50 33
34 61 43
67 90 73
34 13 45
49 6 63
47 40 36
12 59 69
85 40 89
40 97 76
56 41 91
18 98 81
78 72 61
74 43 46
16 28 69
16 59 50
14 7 16
3 93 32
55 61 89
31 37 1
48 14 88
90 6 2
63 76 8
43 26 5
6 67 97
89 68 53
99 56 78
66 44 27
40 49 18
62 5 67
79 32 49
14 34 3
3 10 25
6 23 6
59 84 11
8 16 13
57 93 4
67 8 18
32 92 56
13 53 60
62 16 11
44 41 72
47 21 2
50 12 72
46 15 60
4 65 22
84 95 24
72 25 92
13 51 99
61 44 84
47 77 53
50 89 87
57 84 20
83 1 57
61 34 66
42 72 84
44 54 79
48 90 45
25 69 68
97 23 12
14 11 97
43 13 19
59 44 16
36 20 70
77 27 100
86 0 90
54 59 77
85 1 37
5 61 48
96 14 48
86 28 39
46 56 91
40 93 45
51 36 88
56 19 94
92 37 58
18 76 43
71 36 91
50 56 42
31 43 5
46 93 41
73 40 19
39 20 27
66 90 37
20 82 74
55 47 16
99 50 53
99 58 61
36 19 61
6 42 15
89 42 53
62 92 87
12 77 43
57 1 96
70 17 40
79 34 69
77 36 72
32 11 3
75 9 77
26 80 16
36 55 91
6 47 72
71 83 14
62 39 65
23 33 51
59 93 29
62 15 23
14 74 90
24 58 46
91 69 36
46 31 63
24 64 32
4 59 38
0 29 26
99 33 21
0 34 83
13 35 28
90 87 3
31 27 83
46 61 98
25 88 38
38 29 68
36 81 82
11 81 93
22 2 23
69 38 80
9 6 69
98 40 10
39 23 100
95 47 6
9 87 8
43 17 13
25 83 99
44 60 4
19 49 93
34 1 92
47 19 9
59 46 89
96 58 71
34 97 2
17 89 55
6 92 81
63 21 63
56 26 46
0 78 93
46 33 68
78 99 39
99 50 89
22 86 26
68 84 96
94 89 75
77 1 42
70 97 76
60 28 4
29 28 79
66 28 95
87 19 76
42 96 61
44 63 91
54 74 97
74 61 54
31 66 47
96 25 29
8 24 20
70 98 86
83 40 13
74 79 97
37 30 4
35 90 27
26 48 98
75 72 7
33 20 68
83 50 10
85 26 98
98 48 78
95 67 6
76 59 64
55 65 90
61 83 94
24 7 76
9 88 37
28 51 56
31 9 12
11 90 58
81 58 64
60 57 77
20 7 27
37 6 68
69 71 55
21 29 68
75 88 82
14 41 67
14 30 76
92 31 25
33 18 53
53 76 69
10 15 7
87 92 7
63 99 12
35 11 43
0 59 72
70 88 80
62 33 34
63 84 99
59 0 89
99 15 47
84 6 36
99 59 26
44 20 21
15 14 7
34 84 38
12 95 42
81 95 12
10 47 71
77 21 64
49 37 62
90 14 93
51 49 22
65 24 18
57 19 8
55 34 14
42 72 22
34 9 10
42 44 76
96 43 99
55 26 40
87 59 39
77 91 80
76 87 39
88 72 11
0 31 47
9 99 98
21 10 53
30 96 66
29 80 21
57 80 19
98 44 46
65 62 8
6 50 53
87 32 18
31 82 9
31 63 63
31 36 18
17 82 77
74 82 55
84 16 65
87 11 74
22 45 65
46 63 37
48 13 32
49 89 77
74 54 79
85 61 56
4 95 21
56 47 23
99 83 80
15 90 79
6 72 80
22 87 92
42 23 45
30 45 21
17 94 7
31 74 74
70 94 92
87 40 90
98 65 16
84 50 11
69 34 68
94 21 8
51 28 12
75 52 81
96 52 28
62 1 91
85 7 71
48 8 66
96 10 40
79 34 38
80 43 66
6 54 33
79 38 28
85 20 58
86 79 17
35 46 28
84 48 38
11 75 61
92 42 78
98 72 93
45 50 42
8 55 11
3 39 78
94 91 35
70 65 85
39 54 61
75 97 71
1 24 53
39 16 55
17 75 55
99 60 75
91 98 62
27 52 7
69 84 32
28 92 25
14 36 28
28 62 30
68 65 13
15 56 14
39 3 87
77 89 51
78 70 46
18 32 58
54 46 79
86 45 74
2 32 77
47 29 65
71 28 98
27 17 91
57 49 34
74 42 77
92 46 20
26 98 11
11 92 1
93 84 18
52 31 53
91 36 38
35 24 19
93 27 81
89 29 21
99 74 4
48 83 11
83 67 98
59 25 34
53 87 6
41 99 85
41 54 13
62 27 87
26 23 49
58 81 29
52 36 9
38 95 33
64 16 50
54 39 42
16 22 25
14 88 35
30 33 9
37 32 18
18 13 7
90 15 72
90 21 40
99 58 90
13 83 26
41 48 61
92 30 82
3 76 91
64 67 2
3 2 53
31 14 10
62 2 7
28 76 56
5 14 96
55 95 15
39 70 43
28 68 10
79 11 12
90 94 39
40 97 27
42 64 38
52 47 16
67 25 100
47 63 97
29 62 1
13 94 74
19 57 32
40 77 53
78 33 44
38 60 33
86 93 16
53 88 25
61 26 43
71 12 4
88 83 30
83 0 31
48 35 80
98 73 88
98 88 58
59 1 49
44 72 92
82 15 52
93 7 13
57 5 1
61 63 36
41 54 35
87 90 56
55 18 50
33 29 73
3 78 62
63 52 65
83 65 11
91 5 1
54 95 47
70 23 65
38 93 68
10 71 22
84 53 100
25 4 34
21 33 35
43 74 27
90 56 20
48 99 89
77 28 80
15 44 90
35 52 54
69 30 8
59 22 34
49 44 53
49 63 55
7 8 97
8 33 62
3 99 89
4 65 49
10 91 37
40 99 26
30 75 81
64 74 33
31 24 65
26 66 87
32 85 46
94 43 85
96 55 76
0 62 11
78 61 42
39 34 5
78 60 6
69 38 55
62 12 31
5 72 97
84 68 17
55 78 76
46 9 57
59 74 53
88 36 52
97 58 22
5 49 72
76 45 40
70 20 66
14 60 78
55 63 6
83 58 38
8 12 45
93 17 45
57 60 56
23 97 21
85 66 13
4 26 27
54 37 89
86 81 99
82 11 97
6 94 36
88 42 47
20 34 10
14 67 8
9 64 43
15 89 22
62 93 37
43 17 18
22 93 60
63 28 19
24 92 43
18 36 85
34 23 8
55 56 5
96 26 55
13 73 98
65 10 17
22 21 39
78 69 39
32 37 96
9 25 4
2 75 75
34 7 90
33 34 36
52 94 29
92 91 100
61 55 73
9 66 72
47 72 5
94 23 40
23 93 84
16 9 15
25 4 25
63 83 89
50 66 2
41 62 65
35 93 11
41 66 8
14 2 48
75 84 96
67 72 77
24 21 14
56 47 13
96 5 53
53 70 86
25 77 21
12 61 56
42 45 86
20 86 6
71 12 21
72 83 71
2 73 72
58 79 22
54 10 5
56 77 48
63 14 71
33 20 26
83 5 40
84 79 49
57 89 49
36 78 2
22 80 32
92 4 34
79 28 46
20 26 31
36 48 92
32 89 78
59 94 57
7 76 85
93 89 3
66 59 90
82 39 90
52 68 22
31 0 28
49 45 27
92 83 52
34 75 5
73 98 5
32 18 76
18 68 18
19 58 33
59 1 84
3 20 96
89 55 13
97 72 94
78 35 16
86 81 85
74 8 84
63 10 65
4 83 89
20 35 85
18 35 89
18 25 57
94 92 31
4 76 7
8 74 64
83 27 94
54 38 86
15 91 58
39 5 99
53 95 5
64 53 85
50 90 38
89 82 25
64 43 55
37 29 87
62 13 28
32 74 60
16 95 50
80 88 50
78 28 53
50 29 73
77 53 87
58 95 27
29 94 87
80 78 14
84 43 6
20 83 91
94 14 31
81 26 76
91 90 63
99 19 50
46 59 15
84 35 71
83 61 23
15 27 90
15 35 27
82 29 8
74 73 58
29 4 98
91 28 56
0 46 46
0 33 56
24 56 68
16 32 5
73 56 73
46 37 20
51 26 77
76 95 77
9 42 19
46 83 39
63 64 51
80 34 6
85 4 73
73 23 84
76 66 52
41 28 99
76 25 47
68 10 89
99 78 75
19 61 54
79 18 88
82 45 32
48 54 20
86 77 87
2 63 22
9 88 50
65 10 24
46 5 95
5 53 25
11 13 68
31 28 26
4 57 31
9 34 73
59 21 97
24 45 83
12 81 62
57 49 13
59 15 65
35 3 16
27 5 47
35 7 38
71 67 60
34 59 69
5 89 57
83 95 6
43 98 59
99 71 93
49 13 20
78 37 49
58 67 83
90 21 97
85 39 98
93 64 10
11 79 45
23 90 87
90 19 46
56 46 12
58 61 41
49 31 91
12 31 20
29 97 12
33 59 12
93 58 18
15 87 26
49 24 47
28 81 72
86 25 39
14 52 76
38 87 41
83 84 18
58 59 75
45 14 35
89 51 1
31 17 48
35 80 41
11 38 60
28 55 56
0 13 49
80 41 2
22 17 68
68 84 17
86 93 3
46 97 35
3 14 20
72 61 80
70 6 80
67 2 13
45 66 99
85 83 63
64 42 1
84 15 91
82 61 68
70 91 82
0 26 91
52 38 23
45 63 38
92 91 6
94 60 59
42 19 27
91 66 90
95 42 60
87 9 86
97 14 58
25 51 4
89 88 56
45 24 87
68 82 31
23 76 6
96 94 33
27 67 65
88 71 67
59 11 91
3 91 57
47 95 29
21 52 95
78 37 49
29 21 10
18 68 36
32 18 77
49 15 99
37 91 69
82 38 62
14 70 39
43 78 44
51 35 23
70 30 79
28 77 18
85 71 16
49 44 34
82 41 39
12 75 65
50 42 100
47 81 45
10 38 38
79 62 50
59 15 86
77 54 51
82 81 4
74 94 51
64 31 5
22 69 67
48 68 80
46 58 39
6 24 62
53 21 73
71 58 53
76 28 87
97 25 28
35 31 66
34 51 58
6 77 72
96 90 44
0 97 37
57 74 11
67 40 66
71 31 99
29 89 5
4 15 52
55 23 75
17 88 74
44 82 83
31 72 54
47 74 19
4 72 71
47 38 38
40 67 21
93 19 51
23 12 95
70 84 83
62 43 89
88 78 73
63 71 66
26 9 79
51 64 37
74 57 30
57 44 68
75 14 75
83 25 78
71 72 57
84 20 78
63 53 98
12 73 65
54 68 1
83 62 72
79 82 79
81 73 62
27 46 50
7 50 27
47 76 54
19 89 25
71 55 32
67 86 30
41 65 94
19 6 21
12 2 23
80 20 31
54 11 93
97 1 51
78 59 80
68 32 40
96 58 59
45 11 24
72 43 90
11 29 100
21 96 5
92 71 69
80 1 30
18 79 25
78 67 57
6 29 22
1 20 48
68 44 43
93 57 23
40 48 60
75 48 31
93 85 25
53 30 10
8 44 78
86 65 55
89 12 99
74 43 59
16 33 28
26 67 70
73 10 25
2 97 76
71 11 72
57 38 36
15 47 66
86 77 67
40 98 5
57 60 84
65 76 98
50 42 97
62 0 87
83 20 29
8 99 96
59 64 82
22 29 3
55 99 62
28 64 76
61 66 51
26 12 50
78 96 58
65 4 18
36 76 91
22 21 34
46 29 26
97 96 79
77 62 60
84 6 35
97 41 29
75 73 82
83 21 53
22 99 5
76 49 5
16 93 18
2 31 15
54 0 59
97 59 77
52 7 30
15 96 64
77 41 95
95 89 32
79 0 61
14 66 11
27 5 31
51 55 46
13 3 27
85 97 63
2 40 96
13 49 86
31 7 88
2 80 44
94 22 70
15 57 62
35 37 20
51 34 55
74 92 44
63 16 16
60 28 39
66 4 86
49 50 6
28 51 74
44 13 36
16 12 30
64 12 25
98 32 6
67 88 17
77 42 9
25 6 54
70 63 8
50 13 22
38 95 9
85 44 84
25 40 63
29 1 8
99 80 76
71 91 64
26 95 59
5 37 45
40 77 31
73 69 18
27 61 65
41 13 39
17 12 1
23 12 63
81 38 3
20 35 93
38 32 68
78 45 46
79 15 67
52 82 25
66 34 67
88 97 12
92 88 67
63 1 3
13 48 96
59 45 32
94 54 95
12 61 67
61 65 45
79 31 39
55 48 5
20 35 19
28 41 70
53 73 46
25 62 10
3 92 32
96 21 70
14 82 62
66 93 82
93 58 52
93 95 34
82 65 37
72 97 23
31 32 57
8 1 55
46 49 95
31 47 64
15 10 9
26 64 44
33 19 51
41 53 21
11 12 74
7 45 4
83 67 89
40 89 27
99 58 56
73 15 43
54 94 41
31 39 25
49 8 17
66 83 16
98 37 51
47 85 37
56 91 85
66 6 7
28 27 9
36 5 61
77 23 77
89 97 53
84 13 13
84 40 98
25 86 23
31 67 40
90 35 4
89 18 76
87 10 27
94 59 90
95 79 72
71 85 33
81 48 84
19 85 34
68 86 80
61 52 36
64 76 93
3 45 93
99 15 26
72 73 58
37 16 43
77 67 43
45 80 86
18 67 35
28 37 5
76 13 22
13 49 40
50 55 39
3 72 12
9 18 25
39 51 70
41 82 76
35 80 29
31 60 54
93 9 26
49 97 48
52 68 69
44 77 93
63 79 69
33 11 79
75 29 80
88 40 21
66 4 85
60 11 23
50 66 62
9 23 14
97 63 16
84 86 61
67 76 74
17 93 41
3 2 85
4 1 1
37 14 36
49 95 72
1 61 29
83 22 55
56 72 35
64 99 9
91 30 16
88 48 91
68 8 16
4 53 50
77 95 1
65 5 30
2 21 34
9 17 96
97 30 39
75 18 59
63 17 7
6 76 49
5 60 34
26 57 63
52 8 10
82 20 52
45 34 31
14 80 70
18 9 65
55 10 52
45 64 51
21 39 29
50 97 7
2 32 6
44 99 29
12 86 19
60 14 10
99 1 10
23 61 10
44 66 82
33 48 18
73 11 74
94 65 21
43 41 94
51 8 47
51 82 100
26 61 92
73 71 77
36 39 24
0 99 73
72 17 77
2 58 71
24 69 99
4 88 20
46 86 65
14 90 85
38 40 62
18 24 19
18 99 2
41 86 16
76 33 12
39 50 36
0 8 27
67 72 96
68 15 98
55 71 93
29 12 5
79 35 58
11 91 41
47 65 10
2 41 90
12 91 44
92 25 88
34 96 41
59 45 25
81 18 96
30 53 19
21 52 65
32 11 58
36 17 92
83 53 22
43 52 98
79 5 75
30 11 65
74 63 73
41 74 37
13 32 24
18 26 38
33 39 41
15 92 23
95 85 38
8 77 33
16 44 100
93 32 29
32 3 94
69 46 37
60 84 59
90 14 84
52 25 17
69 67 71
91 61 64
99 37 91
72 76 39
24 72 95
62 6 27
10 59 47
6 51 100
61 53 18
53 56 22
58 41 69
2 7 16
45 31 27
80 59 41
44 71 19
26 94 8
72 78 7
70 77 48
16 35 36
98 46 51
76 80 99
60 82 24
70 78 54
51 22 55
88 44 8
16 61 41
55 88 60
50 46 35
99 78 17
80 31 70
89 8 17
38 6 49
98 43 53
47 6 43
51 62 24
95 62 66
18 15 24
17 61 80
19 9 37
7 11 58
4 26 1
43 7 92
65 42 21
62 45 63
43 13 82
49 14 52
8 76 10
38 16 50
0 17 17
65 51 18
1 75 98
70 82 17
62 90 30
46 28 62
47 55 63
75 36 81
24 79 18
47 74 43
95 26 72
49 25 46
89 84 27
6 60 76
52 42 58
63 37 73
91 78 45
11 4 74
40 76 14
22 90 94
92 50 17
94 38 38
43 14 79
9 53 7
16 70 17
69 52 20
40 12 64
11 20 98
32 38 22
60 13 15
54 46 72
39 15 35
1 67 70
3 5 13
16 27 67
63 90 78
6 38 21
1 2 75
18 42 33
23 10 16
61 86 55
59 65 85
28 50 97
53 68 85
31 48 67
24 92 92
16 59 56
23 99 9
51 44 75
8 9 44
93 24 76
46 37 15
44 94 36
69 32 2
95 97 17
6 90 7
88 12 18
10 77 28
99 1 95
62 49 38
82 11 17
8 97 91
75 54 38
61 4 74
67 77 11
66 71 6
1 33 46
11 6 47
86 77 39
80 47 59
26 69 33
35 84 72
74 34 82
44 7 53
91 0 60
87 62 45
41 70 73
53 2 6
49 48 60
97 81 42
82 18 66
2 35 87
70 44 51
70 66 43
27 43 64
3 17 31
18 57 97
45 81 31
64 94 72
95 21 77
67 80 22
27 66 79
52 68 62
65 6 92
27 81 36
30 89 8
21 11 86
65 44 62
87 98 23
23 71 4
30 91 92
43 62 44
40 10 55
55 48 40
38 55 20
76 36 99
88 99 82
60 36 68
77 92 2
35 61 60
28 67 68
54 33 38
87 14 85
99 40 88
70 81 27
74 99 42
21 72 87
11 15 70
71 67 37
82 47 43
47 63 64
94 62 5
64 49 88
95 51 46
5 76 91
81 26 14
89 76 83
21 12 9
46 55 51
54 40 24
83 21 52
1 83 50
63 91 51
15 45 68
44 3 83
29 14 70
22 47 36
20 40 24
10 93 23
77 57 93
38 18 16
70 8 62
68 12 68
62 61 80
59 97 24
85 2 77
16 68 11
61 73 51
43 99 49
50 66 85
77 49 82
29 40 93
76 58 8
14 21 41
6 66 29
77 69 10
89 20 10
98 82 67
62 86 31
41 57 16
56 19 82
48 94 75
90 19 62
24 6 73
42 18 18
18 72 5
0 53 70
56 21 44
62 18 78
19 2 13
18 44 32
58 94 39
73 3 6
12 61 25
51 74 3
61 77 12
37 46 98
7 33 81
64 3 71
21 10 99
86 19 42
47 74 67
42 29 59
29 97 20
85 42 76
40 95 37
54 72 58
67 51 63
68 53 8
11 82 20
95 15 15
28 50 53
10 63 34
2 40 70
52 91 92
89 4 25
53 32 54
57 82 74
5 79 60
49 82 12
40 13 82
8 19 13
8 94 40
73 23 90
97 14 37
40 11 71
12 95 100
18 42 46
59 22 48
33 7 69
72 67 63
18 29 3
47 96 35
77 84 75
92 22 10
0 85 21
52 1 46
73 13 22
58 48 99
37 87 27
80 62 18
48 52 43
38 69 13
12 16 30
34 84 76
12 52 59
35 50 48
80 96 82
55 51 32
58 23 52
78 70 83
2 33 9
29 54 75
91 7 65
66 70 45
54 44 17
22 18 99
30 11 78
48 84 89
26 27 40
42 39 40
38 69 7
40 1 18
73 22 48
76 68 21
52 50 85
89 15 99
6 96 2
55 35 2
86 67 10
71 12 70
92 94 81
60 55 22
17 71 66
87 35 44
67 43 82
27 0 25
31 83 25
12 98 47
29 99 3
33 78 82
97 42 82
97 56 1
13 68 62
73 23 57
66 1 28
0 18 95
40 85 26
71 46 9
99 93 84
85 70 96
12 68 16
17 63 71
0 21 75
7 73 8
84 99 98
40 60 16
5 50 31
79 39 20
2 22 62
79 16 31
33 23 31
29 52 1
57 45 84
93 59 18
26 55 39
20 56 32
34 23 82
37 73 52
51 36 21
93 84 38
87 67 66
13 6 21
83 52 12
84 60 41
83 6 54
20 68 16
75 86 50
63 73 92
10 66 84
18 84 35
20 42 14
77 75 63
65 19 42
64 40 41
52 59 5
11 55 40
67 35 46
13 94 13
69 43 29
45 24 22
6 12 95
23 30 55
94 61 28
51 24 55
61 42 15
20 0 44
45 59 7
2 55 61
27 17 42
2 52 27
29 6 55
83 1 85
16 51 5
98 25 55
18 95 14
4 16 78
17 26 68
45 94 87
5 76 86
51 94 29
6 38 9
7 77 33
82 25 59
71 63 6
53 19 64
38 92 24
64 52 11
33 3 42
58 37 16
11 32 94
74 4 26
21 63 75
97 66 12
25 94 61
88 14 69
63 25 62
72 94 52
47 18 49
75 6 64
73 80 96
13 15 53
23 93 27
75 94 24
5 10 77
60 45 92
29 39 50
78 61 87
51 37 2
91 46 67
73 52 24
45 67 83
22 61 58
71 83 77
75 86 31
84 38 46
0 83 21
29 21 82
97 89 59
50 92 32
80 74 75
95 30 8
37 77 60
77 11 8
65 58 7
73 20 48
65 22 55
51 52 41
31 83 64
99 85 84
41 95 55
69 76 74
39 92 37
41 57 37
56 97 80
65 78 54
98 30 80
70 18 2
92 57 27
88 72 8
80 6 23
55 66 18
11 41 61
96 13 38
55 90 24
27 99 99
52 10 3
52 12 4
28 97 75
17 28 76
53 47 22
17 62 36
75 46 23
6 92 58
10 93 3
66 31 64
91 15 42
84 24 71
67 39 69
95 52 44
36 2 90
57 25 12
75 22 55
6 62 39
28 49 10
54 13 94
1 90 16
18 83 57
42 88 94
27 49 44
48 80 88
70 49 8
87 68 13
12 37 20
47 52 9
14 76 8
20 66 61
97 5 47
20 50 7
33 53 20
96 2 33
3 40 23
89 42 61
64 21 78
79 26 25
11 20 8
9 1 60
23 9 35
59 96 99
37 7 39
36 83 79
62 15 17
99 79 77
14 65 4
6 50 25
22 49 77
79 45 55
15 11 11
7 78 59
54 27 98
10 35 2
23 88 94
8 76 1
69 38 28
71 42 36
79 29 89
95 24 63
54 65 22
67 55 52
8 94 38
61 23 26
31 77 75
33 50 82
26 84 28
97 73 78
83 52 32
48 68 7
9 61 9
33 52 96
91 88 63
78 14 87
2 70 80
95 14 60
73 93 31
2 54 55
71 62 93
38 2 84
73 57 97
32 85 15
55 48 19
19 27 61
20 14 97
59 72 47
92 34 37
25 86 91
63 19 14
0 79 90
38 12 22
41 83 16
31 59 6
72 83 72
66 3 46
36 40 55
24 57 11
86 77 32
12 94 41
24 47 80
28 79 81
69 89 81
49 17 63
75 18 49
25 73 66
79 24 40
93 61 87
80 89 84
90 74 38
51 4 2
4 1 86
68 75 91
81 99 56
2 3 20
11 13 71
85 8 57
48 59 61
14 0 84
91 18 25
52 13 1
23 79 64
98 29 86
79 47 46
98 79 37
69 68 27
71 21 72
95 54 99
86 85 52
98 93 14
69 85 80
87 11 83
47 55 58
28 36 18
76 19 89
73 5 84
32 80 79
50 79 61
86 91 25
87 6 92
89 95 89
69 74 51
27 19 16
93 73 24
40 11 92
0 27 1
35 57 88
13 76 9
83 91 19
33 86 100
85 98 56
64 97 36
94 44 33
79 10 31
60 21 82
58 99 35
1 8 34
47 1 63
81 3 18
40 9 21
55 69 57
15 72 13
85 47 7
98 78 83
64 91 44
82 11 2
93 23 93
53 40 3
93 29 62
31 28 51
72 61 93
35 99 86
38 79 40
50 71 57
9 7 2
41 53 8
59 21 83
23 35 12
37 96 83
60 75 2
83 54 47
88 26 98
38 83 2
88 58 18
81 61 76
1 2 59
23 13 63
96 64 76
30 18 50
69 84 91
12 26 19
84 1 66
72 88 21
74 98 16
61 91 98
17 83 10
8 43 35
25 23 89
64 58 87
30 8 14
32 82 39
49 11 1
14 56 46
86 75 32
78 60 80
94 77 56
40 96 14
27 93 87
56 46 82
50 35 47
80 76 90
70 25 17
78 5 60
20 0 82
97 10 66
4 54 62
97 54 82
85 55 35
54 13 15
18 49 26
45 82 82
21 8 5
37 9 72
12 90 72
98 55 93
75 35 99
80 86 65
97 52 19
64 41 21
61 97 88
60 17 45
7 25 86
92 58 10
75 46 45
55 58 32
57 85 19
88 67 1
50 66 82
91 23 83
24 68 45
20 55 77
65 4 61
82 88 71
34 66 23
75 46 65
8 89 24
92 76 73
2 27 81
52 71 33
38 75 94
55 87 73
37 23 90
69 82 88
41 98 90
32 47 83
93 23 72
15 77 18
36 60 40
11 66 79
49 39 5
49 87 27
37 36 5
46 58 53
48 96 10
46 15 88
64 84 54
91 16 52
99 23 99
2 31 71
21 79 93
82 74 32
63 85 89
60 2 70
30 39 24
18 16 78
44 70 96
7 67 93
94 33 70
92 86 40
34 55 82
16 60 24
59 76 48
58 89 91
49 24 48
99 50 97
5 61 13
66 39 13
62 27 36
22 63 39
32 64 51
35 93 5
21 67 55
50 99 100
55 47 71
46 28 2
5 86 46
6 75 8
44 83 32
39 36 35
93 58 45
59 97 34
86 40 11
6 93 53
41 79 8
70 69 61
41 35 70
8 84 74
65 81 55
84 65 1
68 4 95
15 79 6
67 97 80
83 33 77
12 90 24
34 25 54
66 26 15
63 41 12
61 58 30
84 61 21
92 38 9
0 83 1
63 3 64
29 46 42
76 13 12
65 97 17
4 33 29
63 87 99
10 57 33
57 19 31
77 17 59
28 76 22
64 43 72
45 24 65
49 89 33
2 81 59
10 14 33
58 54 94
76 55 22
0 8 4
75 83 69
7 63 32
65 62 4
24 63 75
95 3 67
2 22 38
67 55 17
20 16 38
19 22 100
24 41 26
85 89 69
58 38 52
25 95 74
88 55 92
57 73 93
15 40 94
18 76 22
42 48 6
17 93 1
4 11 67
9 69 5
49 58 15
49 56 46
77 0 26
86 72 32
94 8 9
9 24 15
34 63 63
92 27 88
56 5 35
63 48 14
28 4 69
36 75 60
54 22 77
21 70 3
24 28 47
97 66 22
32 76 84
25 76 92
62 49 78
22 72 98
39 49 66
50 98 68
21 86 63
0 74 2
43 44 74
35 24 55
60 17 50
97 20 84
66 73 33
23 27 63
74 75 67
94 1 74
71 53 69
51 91 36
95 16 25
9 38 22
0 14 38
63 49 60
49 32 84
99 2 32
46 32 88
97 99 76
6 95 49
65 99 11
64 53 61
12 18 8
71 76 33
82 48 99
56 18 68
21 27 32
50 73 59
27 48 58
48 40 97
98 54 100
77 14 55
94 84 90
45 75 29
10 11 39
99 30 59
11 9 62
75 54 79
5 66 27
69 97 35
20 28 45
16 30 62
67 49 27
30 49 71
17 52 99
57 39 2
14 38 33
63 32 16
78 7 4
98 57 29
50 44 100
50 4 88
66 50 15
2 71 11
34 85 71
31 64 57
20 23 61
13 68 91
76 30 44
56 51 86
32 52 60
18 80 61
12 3 12
22 91 4
83 57 23
2 12 30
85 6 99
68 50 76
80 12 95
83 3 63
13 76 32
45 72 21
24 69 47
24 85 81
4 30 15
30 3 38
37 77 53
90 81 30
26 23 63
30 96 98
72 69 44
46 55 71
23 58 52
15 33 78
35 31 32
69 78 68
57 60 2
42 60 97
97 2 44
88 12 86
9 14 84
62 22 74
54 1 67
67 27 25
20 41 74
60 16 82
79 23 38
36 6 38
80 21 8
37 80 59
90 89 88
90 50 45
89 70 4
65 35 49
87 99 84
13 98 96
11 86 48
71 56 11
56 88 69
12 57 19
4 49 75
40 92 79
55 59 58
94 42 14
6 42 10
47 34 8
21 84 18
94 87 9
2 95 78
33 78 4
80 58 36
59 58 95
24 94 44
41 9 73
26 9 64
66 86 12
14 23 91
97 35 85
86 56 98
31 36 93
0 45 57
40 69 19
8 40 54
91 84 24
81 27 39
93 83 89
10 17 88
84 60 25
49 25 99
81 43 71
61 34 63
23 97 78
47 68 96
73 52 6
87 96 14
64 50 18
77 47 49
87 62 69
99 12 51
88 58 57
71 36 74
86 62 42
75 61 4
86 68 58
25 67 89
14 46 66
43 50 43
20 22 71
69 26 13
5 7 94
57 29 70
17 36 37
33 34 58
12 15 38
94 37 72
37 91 4
90 55 73
87 38 99
15 97 99
14 11 45
99 62 98
80 65 62
1 61 7
10 1 79
98 47 7
63 39 73
72 16 48
18 89 33
96 18 79
18 92 93
2 80 37
89 60 57
15 65 93
16 3 51
21 6 5
82 38 31
88 80 92
4 84 75
91 33 6
27 60 20
31 84 69
77 15 31
3 18 68
47 66 30
21 6 43
50 29 97
61 75 76
36 96 94
77 63 47
15 97 79
58 65 100
99 6 25
55 74 63
78 46 49
58 8 57
37 81 49
21 31 33
79 0 49
62 89 19
89 80 34
99 63 47
52 93 24
66 71 51
96 85 49
59 28 77
26 95 13
36 60 81
66 74 80
35 46 60
25 51 22
11 79 65
33 73 81
83 21 8
96 77 74
84 75 67
67 13 39
27 42 73
48 31 9
64 51 92
35 45 50
61 93 24
38 16 13
23 52 88
57 38 80
7 29 48
40 39 3
52 76 60
80 73 19
25 19 38
33 53 11
61 33 79
34 91 62
34 77 13
78 16 24
78 58 70
63 34 100
74 55 19
73 88 54
67 79 67
90 61 28
76 20 37
96 28 86
11 52 100
0 4 73
82 87 65
11 87 56
37 24 36
87 38 65
6 2 87
39 26 22
21 48 2
32 84 88
6 28 69
88 23 1
26 78 26
54 11 50
85 66 100
3 63 100
68 65 42
66 93 27
9 15 33
88 92 64
86 82 1
84 9 68
89 9 5
22 45 83
87 37 51
24 74 76
17 25 82
32 26 99
55 39 55
59 84 81
52 54 50
31 62 56
23 90 97
13 62 59
36 25 90
46 20 37
29 13 36
0 94 93
69 75 56
25 33 46
6 58 46
67 56 78
4 25 57
66 45 85
83 65 82
52 27 88
71 70 54
19 11 71
74 64 93
38 98 46
56 38 98
38 86 56
22 4 17
91 68 81
67 34 46
85 95 74
27 11 9
85 63 40
99 58 77
9 18 66
92 25 24
43 66 89
12 1 53
2 24 3
41 69 96
4 44 3
15 47 68
63 11 28
18 85 18
41 56 80
32 13 74
76 70 72
59 39 47
80 10 26
18 69 87
13 60 9
67 28 23
27 17 35
94 45 45
70 99 31
83 29 59
58 56 27
17 95 24
87 61 39
24 48 38
9 64 28
67 3 89
83 50 56
84 1 23
39 95 65
52 33 97
64 31 49
54 68 5
14 86 7
17 93 38
28 4 10
21 44 44
65 97 92
69 54 98
88 78 9
40 81 32
95 80 89
28 7 24
84 55 97
49 78 54
19 55 24
5 13 76
95 81 83
51 85 67
29 38 7
16 6 11
32 50 32
89 4 41
31 51 65
54 42 79
79 78 75
92 78 72
50 90 65
10 33 81
52 74 82
24 12 61
91 41 37
33 17 98
43 52 78
27 73 89
23 75 20
39 64 63
29 95 81
6 29 45
40 59 30
25 66 31
3 73 78
60 76 35
27 15 75
29 79 94
44 12 77
20 10 14
58 57 10
83 58 65
2 37 89
63 77 72
55 20 36
9 14 85
38 88 10
93 16 56
66 91 29
0 38 8
63 57 31
34 39 99
88 96 15
22 71 49
94 98 57
72 12 20
61 23 84
3 56 56
63 34 3
66 64 23
83 45 51
9 30 81
1 86 90
1 94 20
46 47 38
22 89 100
45 86 84
57 12 53
12 33 69
19 5 71
43 21 77
9 78 94
26 55 33
45 92 81
0 98 67
27 85 32
53 48 32
23 87 87
2 87 53
70 45 53
0 1 94
90 20 1
77 33 36
31 64 54
79 85 34
37 92 43
62 74 46
63 12 80
37 70 4
69 17 60
75 78 25
19 3 18
81 85 10
64 47 24
61 79 56
33 81 36
39 21 75
36 89 94
83 97 6
38 72 16
96 74 10
22 83 37
83 16 3
40 60 5
45 3 11
35 34 89
58 83 27
85 95 5
10 18 95
60 55 17
87 85 40
98 77 27
11 80 95
85 91 21
67 53 5
52 63 30
67 66 5
88 99 80
86 79 70
38 95 81
4 0 72
40 83 8
97 54 47
24 29 68
49 2 39
14 76 98
4 18 39
59 30 3
38 34 94
61 51 68
37 43 29
87 62 93
98 29 12
68 58 65
19 3 32
75 8 97
93 82 6
97 2 28
41 58 24
31 50 8
47 36 2
96 99 57
87 68 53
76 52 6
9 30 97
37 22 46
3 25 25
20 91 88
32 30 78
34 50 6
81 41 51
52 27 8
93 59 75
65 66 52
32 50 34
56 13 1
22 85 18
59 43 47
53 0 24
43 74 61
75 56 93
51 23 34
26 80 83
1 80 92
64 28 64
70 0 59
28 17 71
38 51 21
47 60 96
11 80 21
95 59 11
1 9 25
23 53 76
23 30 90
4 89 18
1 68 86
52 51 1
23 2 87
57 82 1
19 22 98
18 79 79
95 99 52
72 45 50
21 59 1
85 88 67
0 21 73
64 23 20
63 34 60
84 76 15
12 62 80
68 38 35
97 57 41
38 26 60
93 6 70
72 32 72
45 38 64
74 55 84
88 11 20
95 25 74
32 47 27
53 30 72
53 44 28
97 46 32
79 32 6
42 17 79
94 53 62
69 7 34
51 21 10
34 54 37
5 59 18
72 9 39
46 35 73
47 7 50
50 94 67
2 37 84
45 91 75
25 34 75
72 12 21
66 80 83
77 13 11
46 56 42
71 63 56
22 96 60
18 27 19
27 42 14
73 20 6
85 0 77
7 25 23
83 2 10
59 18 12
88 96 46
50 58 47
61 32 63
80 41 65
1 88 55
39 14 13
23 85 94
84 19 82
39 36 62
93 99 10
61 40 32
89 17 74
66 17 2
17 74 47
1 0 57
91 32 58
76 43 5
45 7 59
84 78 75
55 59 62
56 50 22
93 13 32
29 54 28
76 53 64
95 98 3
52 36 72
51 5 12
29 84 89
18 7 45
30 76 47
20 25 37
18 93 66
38 51 99
29 75 20
10 41 49
53 28 16
76 41 85
63 91 96
71 80 85
86 64 13
85 58 70
91 58 11
89 37 76
44 16 91
42 74 74
84 41 48
76 44 39
79 20 11
97 37 29
3 11 4
94 0 36
79 42 10
43 48 42
28 78 88
53 57 75
18 24 88
78 60 35
93 40 72
77 6 93
6 24 75
68 38 21
75 68 10
78 17 48
38 93 99
54 40 85
90 81 10
45 50 33
27 93 73
67 27 21
39 60 36
46 33 76
3 56 5
40 83 14
13 50 32
40 52 3
59 64 37
37 94 31
81 57 7
18 50 10
66 90 31
36 31 54
71 10 77
63 37 74
4 86 25
95 88 62
46 6 91
65 43 70
97 58 85
98 24 81
7 80 10
59 53 33
54 64 94
80 94 38
97 45 72
96 72 67
96 2 100
56 74 64
62 5 42
59 78 58
20 4 57
9 15 78
61 24 65
7 97 88
48 66 32
21 77 60
59 92 77
62 3 60
99 80 61
5 65 9
37 7 42
63 6 47
26 92 63
80 88 94
43 25 14
64 91 63
10 75 70
85 52 98
75 92 69
78 59 10
99 93 73
51 72 65
1 21 33
1 25 60
15 56 16
49 76 94
10 59 68
64 98 63
13 24 14
87 18 35
5 86 99
67 43 44
0 45 97
80 3 28
17 66 77
87 48 60
3 41 24
85 72 99
17 58 22
62 55 16
60 4 91
55 97 6
58 93 99
21 97 26
85 66 47
89 64 86
56 59 34
19 6 69
64 97 37
69 13 9
13 21 95
52 64 16
30 8 19
81 66 1
14 87 22
75 85 12
59 84 66
74 50 72
68 55 21
0 77 32
73 17 43
89 78 39
69 92 85
3 82 25
35 9 49
78 14 26
4 65 65
82 75 99
17 30 84
15 79 14
96 52 86
66 49 11
33 98 24
66 35 87
63 78 82
89 35 8
90 97 46
47 31 69
8 61 89
99 49 81
62 46 36
4 49 58
85 93 82
64 83 96
23 82 13
55 53 50
54 8 25
94 0 37
29 91 67
14 34 40
22 69 1
52 36 17
50 69 12
6 66 44
16 7 20
44 26 60
27 78 96
87 96 72
81 50 66
74 93 44
57 72 48
2 63 18
59 22 48
69 88 37
57 25 27
97 87 23
91 6 81
11 51 18
24 48 15
9 83 45
42 35 18
49 82 72
92 96 50
62 38 67
68 85 45
85 8 85
72 39 29
78 80 22
75 65 15
19 2 43
72 24 23
58 60 69
25 28 62
85 90 72
55 58 11
52 98 22
22 80 39
97 3 85
11 76 11
63 76 31
34 42 35
97 75 1
77 50 82
72 10 27
82 47 49
66 73 56
45 5 61
21 24 80
77 56 58
63 5 4
40 43 26
37 40 93
31 9 50
54 85 1
29 85 18
35 12 14
98 54 95
4 46 68
14 94 74
81 74 9
25 65 71
97 61 7
18 85 10
61 35 77
27 20 14
19 40 93
80 15 45
58 81 13
56 26 30
84 12 65
45 77 48
93 1 9
63 2 80
48 12 65
99 96 6
7 46 25
49 64 68
49 17 36
78 19 96
19 48 60
90 84 97
98 58 40
37 13 63
0 4 66
87 66 63
22 27 74
63 60 23
21 98 47
38 32 2
66 30 61
43 30 67
26 13 46
61 23 32
23 4 98
6 19 48
59 87 56
46 23 42
22 62 82
36 86 67
93 46 2
81 10 100
70 30 63
42 40 71
61 46 23
90 61 92
19 21 17
71 74 75
65 45 80
25 54 86
61 47 100
48 43 25
53 32 95
91 58 30
80 97 90
39 91 5
94 84 82
46 95 90
24 35 7
81 91 88
66 14 40
70 78 86
74 7 66
68 86 57
73 99 34
60 79 82
12 93 32
65 5 22
13 5 1
28 27 7
78 9 4
38 89 63
17 3 29
6 23 6
66 99 90
32 47 66
95 56 100
82 42 39
62 66 91
48 37 79
67 16 49
65 48 67
75 69 38
88 1 23
25 87 4
44 34 49
29 94 30
85 28 3
47 59 15
69 67 38
18 84 44
55 64 78
68 76 96
96 97 51
79 49 21
53 7 98
85 27 49
9 42 28
13 6 72
32 3 27
38 21 97
48 38 76
7 72 62
51 91 75
42 6 6
33 97 68
81 52 11
73 60 22
72 19 41
30 82 45
29 89 17
35 25 84
9 32 94
34 94 74
14 29 16
37 46 70
22 14 39
97 40 95
81 38 57
36 32 6
35 45 35
43 98 12
92 32 36
46 94 28
55 42 97
42 13 82
87 73 5
13 84 63
95 5 60
44 78 83
34 32 51
62 24 52
22 94 91
93 9 61
29 88 49
74 42 53
11 10 65
42 96 74
74 5 21
88 89 89
51 62 57
67 81 79
17 20 27
32 65 8
86 48 48
55 36 83
10 4 71
30 36 95
68 93 21
30 83 66
64 92 2
35 16 35
37 86 52
49 48 16
95 9 88
20 24 27
53 62 36
86 30 21
44 7 31
69 35 75
35 34 41
74 33 95
78 92 77
6 90 68
78 29 52
44 28 34
8 28 99
17 70 62
78 4 66
11 76 31
66 9 30
73 13 78
88 62 73
53 74 32
88 39 87
70 14 97
16 11 40
93 43 60
29 50 91
9 84 5
16 55 66
31 56 56
74 21 37
99 52 60
46 67 88
5 82 14
59 12 96
39 48 30
36 33 8
93 71 42
88 13 34
97 72 20
33 20 77
82 63 7
41 12 98
90 28 3
72 6 27
17 34 96
96 13 47
72 65 2
6 52 20
94 39 57
66 11 81
83 53 100
74 88 9
30 74 12
65 14 55
3 67 58
52 83 92
6 70 26
27 83 58
3 92 66
77 20 41
35 55 68
4 26 9
11 89 87
22 0 43
19 28 64
18 39 46
45 64 4
6 4 36
5 87 55
81 29 17
92 60 29
61 44 86
30 31 37
77 89 91
26 77 36
88 97 70
32 44 34
77 60 74
7 20 93
18 73 24
85 43 6
63 23 27
61 63 6
71 7 45
5 61 11
22 9 92
9 4 11
12 20 62
73 12 75
79 76 80
47 37 24
31 62 73
12 45 76
46 18 70
46 60 42
65 4 23
47 97 60
53 34 21
99 88 40
38 20 1
16 58 87
63 34 44
7 8 3
92 74 11
36 72 16
59 27 25
12 55 21
44 16 15
6 86 88
30 68 44
93 90 78
26 48 26
58 44 69
75 49 78
38 99 98
1 29 18
99 75 42
63 12 80
47 23 79
16 55 33
17 36 30
30 98 26
22 71 12
44 58 2
74 97 8
30 36 4
52 76 79
54 65 46
75 51 33
22 38 52
85 36 7
61 72 93
40 94 44
70 96 59
56 29 18
33 76 26
1 35 58
65 72 55
82 21 70
58 20 94
88 72 55
48 88 81
51 75 67
28 85 17
43 99 35
12 85 56
2 54 4
56 59 12
0 96 74
67 45 69
86 36 24
77 78 24
25 31 14
72 45 66
46 91 92
69 17 42
74 56 86
36 8 31
86 8 80
35 61 76
89 31 51
49 41 8
89 45 75
86 82 84
45 7 36
82 44 69
99 5 35
88 12 8
75 34 44
85 72 19
76 82 89
78 45 74
82 74 96
98 4 89
55 11 86
75 24 66
14 15 83
4 22 20
81 20 9
7 28 47
75 73 5
19 18 95
77 35 92
25 23 11
33 49 72
77 49 50
57 97 50
58 22 62
36 96 31
81 43 70
95 98 43
11 10 30
56 49 73
77 39 35
42 46 63
26 46 45
6 29 26
8 41 43
97 41 37
77 44 81
72 29 65
94 50 59
38 74 1
79 78 77
91 12 73
29 8 91
89 69 61
39 13 13
63 66 94
52 9 74
79 59 48
63 21 82
74 40 76
82 23 95
13 36 76
2 13 47
81 90 72
12 98 12
41 19 54
42 50 19
56 59 59
68 48 82
28 57 73
55 19 88
93 89 96
84 94 3
72 95 92
8 29 97
1 33 64
8 99 71
26 73 93
78 74 60
61 69 64
52 9 25
50 14 6
27 1 98
42 98 72
17 51 41
59 23 30
44 31 45
41 11 57
74 93 41
85 12 80
46 70 100
7 23 17
78 20 43
22 39 20
31 75 11
93 51 60
15 18 1
11 49 91
68 18 95
0 49 47
95 90 82
80 60 94
91 28 7
82 94 50
36 81 48
61 36 51
98 84 24
50 43 85
56 53 94
78 67 79
40 91 29
74 49 15
68 83 99
90 44 22
5 75 43
8 65 44
65 6 10
47 16 60
6 92 24
91 71 9
13 35 57
70 92 89
70 75 12
81 74 63
37 96 75
71 86 49
63 7 24
18 34 89
73 63 85
49 59 99
65 98 2
75 4 35
33 91 90
64 32 16
72 24 66
32 18 36
51 1 88
59 37 79
7 23 56
12 71 75
81 65 68
54 83 87
41 79 29
76 25 38
91 80 81
12 73 96
44 48 15
7 90 3
35 44 16
95 57 44
77 23 52
41 85 25
90 63 8
33 13 55
74 34 54
74 34 20
79 85 93
5 10 83
51 89 53
47 34 21
80 92 72
88 46 58
72 30 99
84 41 61
77 73 13
62 22 80
73 72 2
89 70 85
84 5 29
50 74 5
69 12 8
99 33 90
23 74 92
42 84 5
20 37 67
38 52 14
25 77 19
34 17 100
7 10 40
14 83 51
60 45 51
69 71 1
26 54 37
59 82 25
16 2 98
86 13 25
25 29 79
82 65 80
17 80 83
94 45 88
53 30 31
70 0 41
3 94 13
72 35 25
54 93 86
15 33 78
15 96 36
20 51 40
14 19 16
63 35 71
26 41 95
13 84 11
92 36 49
51 61 91
38 50 39
13 68 9
83 5 87
45 91 88
73 48 73
76 93 29
67 11 24
21 53 44
66 61 45
98 82 83
82 84 100
72 54 17
76 71 51
2 76 64
52 13 32
1 21 12
37 20 45
88 80 38
80 64 69
31 43 31
88 18 19
18 4 48
98 81 95
37 61 9
95 35 51
91 6 99
83 89 42
3 9 7
40 78 18
0 46 66
5 63 67
53 95 97
87 86 48
65 53 95
73 8 58
16 37 82
65 67 28
89 32 100
91 97 96
80 69 45
92 63 24
74 98 26
39 34 12
65 72 69
38 78 75
84 40 92
46 34 23
28 44 64
5 14 25
68 26 96
4 39 47
88 43 80
93 79 64
69 36 10
21 32 26
31 90 55
7 28 28
17 49 53
51 98 93
66 76 90
26 41 25
16 76 32
89 21 64
3 4 22
93 71 10
4 22 27
17 29 42
19 48 76
45 61 74
58 60 17
97 63 80
57 33 47
28 23 2
22 5 75
94 20 19
41 87 67
3 45 10
15 87 65
76 95 79
92 38 18
10 99 23
33 60 1
25 0 48
58 83 88
21 86 2
28 23 72
16 29 67
53 62 100
88 77 1
18 50 90
76 50 16
33 8 79
79 94 98
74 9 41
94 41 12
33 97 54
41 73 77
1 5 18
12 24 78
12 92 41
30 35 94
83 74 30
91 7 99
71 23 34
43 5 16
75 24 81
34 10 37
95 55 95
23 68 45
69 65 92
56 98 20
48 95 57
3 6 52
35 46 66
75 84 42
54 42 29
50 11 74
33 11 21
43 46 82
76 78 10
95 98 23
62 93 98
74 12 93
34 79 9
0 73 78
81 25 63
49 80 94
87 17 28
50 36 41
93 88 39
22 71 58
60 35 23
53 64 49
86 71 4
98 10 74
5 72 38
68 61 18
67 43 63
26 18 43
34 51 65
53 47 71
34 83 68
54 35 22
41 59 17
32 17 38
13 68 71
93 15 48
53 92 2
55 48 39
22 19 48
76 53 62
95 63 56
69 85 99
98 13 98
22 91 27
44 21 33
50 60 65
12 77 75
26 59 92
71 82 91
99 80 73
58 30 90
25 66 47
26 78 37
27 68 89
21 97 94
62 5 77
43 98 78
44 60 50
45 99 64
90 42 82
76 19 13
61 17 98
50 71 90
93 83 47
34 48 14
16 27 4
9 24 62
96 29 97
58 34 95
67 4 4
59 63 25
41 63 65
71 34 96
12 11 66
95 84 84
90 3 73
76 34 25
8 0 54
89 26 45
45 19 29
22 56 13
38 95 38
35 97 56
56 50 22
83 76 11
21 19 84
36 44 61
49 77 40
70 13 21
10 15 83
12 45 27
25 85 90
26 65 89
11 9 49
90 69 63
48 14 68
86 66 8
82 61 63
74 5 14
49 42 37
11 97 62
70 58 56
26 30 77
83 25 35
41 77 20
33 71 28
9 67 66
52 60 100
48 11 42
6 87 90
63 71 16
97 46 12
59 2 49
85 27 41
47 34 28
99 22 49
47 2 29
38 90 41
27 86 88
81 27 23
70 35 41
76 92 97
22 4 38
12 70 65
63 77 39
31 75 36
21 51 34
69 14 20
38 82 38
73 74 62
12 9 5
26 83 63
41 0 35
41 80 61
96 1 54
88 57 3
10 77 71
90 50 57
18 10 78
27 65 62
36 5 12
80 55 88
99 42 48
95 38 68
57 63 36
96 36 19
66 74 3
83 45 38
74 63 84
51 12 51
87 70 7
10 2 43
54 24 54
72 45 96
77 68 91
71 66 64
93 87 8
86 88 93
40 55 53
26 58 67
13 20 97
83 71 44
39 9 9
35 39 81
37 41 51
76 35 42
96 44 19
25 88 85
65 13 18
56 4 64
27 97 53
67 25 45
58 7 48
11 0 85
41 31 54
8 84 73
80 69 40
40 85 69
76 74 73
3 98 88
87 9 44
17 34 13
79 60 27
25 18 43
27 32 100
79 19 36
42 80 26
68 90 94
23 63 61
59 81 36
43 65 54
22 69 68
19 67 39
0 38 76
80 29 79
4 96 40
95 78 37
54 99 25
63 37 4
0 45 18
6 31 73
13 80 49
28 69 12
5 42 44
88 27 43
68 7 11
48 93 45
51 92 10
69 10 70
67 85 17
37 14 2
16 84 51
44 78 14
24 65 59
34 22 19
86 71 74
21 86 46
77 55 55
76 7 22
17 43 26
27 56 61
66 9 73
29 24 23
67 45 49
35 95 90
58 0 43
46 74 3
15 71 100
13 4 13
42 10 23
91 26 74
61 28 89
97 16 18
14 89 86
95 23 84
49 47 59
64 29 54
19 87 87
70 58 92
71 42 78
83 73 65
79 77 88
71 76 52
55 75 33
6 77 50
76 46 93
32 59 21
75 31 7
23 63 30
4 24 67
4 93 66
35 51 47
85 94 72
12 22 59
96 50 14
36 73 68
19 99 46
45 30 86
62 29 79
57 52 64
82 73 57
49 50 5
83 96 31
74 82 48
35 69 72
0 90 46
77 53 52
6 18 69
43 45 99
40 57 42
68 52 28
57 73 37
8 13 69
12 72 31
58 92 48
29 14 46
72 84 42
88 59 63
40 98 62
29 81 27
23 45 72
64 52 95
26 15 15
61 68 80
2 45 40
91 97 50
11 9 58
69 32 29
48 66 41
21 4 17
35 40 91
14 29 82
92 97 44
17 91 58
39 94 43
54 34 25
7 84 38
87 96 91
92 70 31
41 70 87
61 59 76
88 59 5
56 61 21
73 81 93
6 8 42
6 79 37
66 69 57
66 34 100
70 6 21
27 88 68
57 26 96
38 11 97
66 62 89
10 76 31
11 39 94
12 57 52
38 93 88
56 57 11
24 73 18
93 38 79
23 86 57
69 27 34
79 95 51
53 47 91
88 40 19
19 41 50
88 69 2
88 70 97
70 0 14
53 19 24
22 39 44
39 72 44
22 16 51
77 32 45
40 18 69
74 28 59
13 28 48
31 29 37
58 77 15
89 58 83
51 99 29
30 23 22
50 87 74
76 64 95
36 60 52
34 69 27
60 98 92
77 24 4
47 79 16
12 90 58
83 61 14
43 81 37
24 45 49
70 34 60
30 35 94
24 3 18
53 23 48
83 80 28
52 59 51
4 94 61
6 47 65
30 81 63
77 43 22
10 35 5
11 14 32
35 60 26
74 84 19
57 87 36
11 35 64
79 74 88
35 21 2
23 89 34
23 20 39
58 4 15
67 37 8
18 7 28
60 22 67
75 31 61
4 28 98
12 73 6
75 56 93
60 40 71
90 53 45
17 95 39
15 1 37
24 11 78
59 69 87
72 84 83
64 20 46
41 26 91
6 80 34
98 95 36
6 52 84
15 91 86
53 77 35
88 94 84
1 20 96
19 18 36
20 13 11
97 46 71
70 75 75
79 12 60
84 77 94
92 95 76
3 56 47
46 51 60
48 28 91
40 73 25
24 70 3
83 79 16
12 56 25
64 20 92
93 34 75
3 63 60
48 89 3
62 86 70
43 29 61
92 79 88
44 65 12
45 90 74
76 54 35
82 20 93
18 99 16
31 49 43
52 88 65
29 24 37
67 87 54
38 73 71
11 79 10
25 64 50
84 79 75
47 72 29
16 60 51
93 82 99
42 43 46
56 45 11
15 52 1
91 23 76
58 52 31
90 54 89
26 58 41
5 8 85
59 7 43
7 86 28
94 71 29
94 82 84
65 73 61
71 82 22
98 4 65
36 88 7
46 86 32
47 46 36
6 86 24
49 55 20
80 82 80
18 16 26
99 83 46
90 12 70
59 29 47
36 52 68
61 34 91
24 68 86
89 48 17
25 6 65
34 4 34
62 53 77
57 78 48
23 81 58
58 78 56
80 14 12
44 17 15
97 13 25
48 95 12
29 95 2
19 68 25
35 65 88
89 15 32
44 39 34
53 49 55
47 9 14
91 15 26
33 57 2
8 89 10
61 34 95
97 43 52
63 85 56
96 84 90
60 19 24
38 13 54
63 76 35
81 52 81
5 31 90
36 37 47
60 12 46
23 79 49
41 40 8
32 29 63
10 3 32
0 72 14
32 25 29
48 0 4
30 82 29
98 35 87
0 99 96
44 4 40
95 87 69
5 19 39
73 63 94
30 36 87
2 84 7
36 37 43
98 61 46
49 37 18
16 67 45
0 5 35
29 8 48
62 85 28
36 19 87
47 81 3
60 66 58
90 50 9
21 39 7
8 3 86
63 82 40
87 48 89
90 58 54
39 3 38
58 73 98
34 44 6
22 76 66
4 25 53
20 67 67
74 2 75
32 25 29
84 2 83
80 52 56
36 59 61
43 16 54
72 74 77
57 19 60
94 64 48
3 46 66
31 53 95
92 98 8
14 60 19
19 53 76
11 55 16
49 51 3
55 60 36
51 16 87
83 93 63
6 15 47
76 1 39
22 97 87
13 99 8
8 93 68
95 43 38
34 63 64
39 6 4
41 22 86
92 73 84
16 86 74
92 34 66
39 21 46
75 46 91
51 69 4
22 26 40
95 27 53
42 54 3
73 95 43
74 2 99
74 45 9
20 42 57
64 85 61
92 18 95
18 45 69
0 18 84
31 43 64
56 22 23
62 27 81
47 97 55
53 30 21
38 16 52
18 24 12
14 59 32
16 91 21
15 16 12
77 81 85
31 87 78
67 0 11
21 46 76
96 35 44
77 68 55
38 68 68
58 11 15
21 30 37
91 10 25
14 23 16
44 59 90
19 57 76
55 78 42
73 3 26
40 10 56
29 37 29
73 23 10
64 61 38
65 62 46
70 26 87
16 28 37
37 66 76
72 27 45
71 80 48
51 35 26
89 96 53
27 30 41
16 30 76
45 24 77
1 41 59
60 61 2
41 17 18
23 99 68
69 47 38
36 5 61
49 59 25
91 21 89
22 95 49
24 39 85
78 82 52
79 93 48
86 91 47
51 21 80
55 26 9
3 22 76
49 13 2
68 25 56
68 78 65
46 75 21
2 9 54
82 35 36
69 81 51
18 13 4
34 4 84
5 89 55
70 49 58
42 36 64
13 30 99
56 78 14
4 99 6
52 59 16
74 71 46
99 89 59
61 84 5
40 68 39
37 77 29
62 18 61
43 35 90
7 40 98
5 79 47
30 67 30
82 46 51
43 72 7
85 41 86
72 53 81
93 70 7
53 40 92
68 3 24
4 90 70
56 4 35
19 78 44
68 92 13
22 73 7
21 84 55
24 83 92
41 52 94
73 33 2
9 96 38
70 62 54
95 77 84
24 27 65
99 94 43
18 82 78
46 4 58
17 39 87
65 32 50
88 71 90
90 85 58
82 59 16
70 50 28
34 16 3
80 10 3
71 91 77
97 73 78
47 7 66
68 24 1
36 61 64
33 28 40
2 89 93
17 55 12
64 22 96
69 53 99
10 46 100
34 38 12
86 25 56
16 96 34
8 63 75
29 5 27
60 89 27
97 78 45
57 16 89
63 3 20
62 98 36
9 95 69
16 10 58
48 78 88
7 42 74
61 63 42
74 43 94
59 47 27
8 64 91
46 43 86
30 37 5
44 58 9
63 84 79
32 7 7
91 41 80
7 67 78
7 74 72
14 12 39
7 33 19
49 92 41
13 72 21
97 88 97
38 77 76
42 28 84
63 7 76
57 32 76
38 65 43
34 87 54
29 41 1
17 4 100
26 35 67
18 60 6
40 58 24
7 90 17
69 76 13
47 21 28
5 18 11
63 21 64
63 43 61
9 7 17
2 30 82
97 41 13
4 34 27
22 18 59
49 31 64
99 48 95
81 35 8
25 50 49
90 87 15
49 68 39
76 16 2
26 28 29
26 69 52
68 16 5
38 3 12
54 72 52
23 16 5
29 66 81
52 19 40
72 81 79
66 23 8
11 92 45
28 31 96
90 52 55
32 68 37
77 2 47
65 26 76
69 33 55
61 98 43
46 15 33
27 98 50
61 3 98
43 26 20
39 78 19
76 42 54
22 63 21
59 58 4
78 89 46
81 21 42
19 69 28
42 81 81
81 38 48
22 16 23
73 80 68
92 67 45
82 28 35
56 25 50
60 24 65
6 13 100
59 37 25
18 51 41
53 17 37
97 77 40
2 37 74
9 79 29
93 46 40
67 64 63
6 22 57
73 19 26
59 11 36
2 29 48
14 90 11
77 17 7
77 53 69
72 38 31
15 63 62
27 32 48
40 17 66
91 27 27
89 10 69
14 65 89
1 5 96
18 47 86
35 72 53
34 0 62
75 88 58
82 35 44
65 30 99
38 95 65
15 4 86
52 27 38
67 49 17
39 58 20
48 23 85
20 32 65
35 0 34
41 9 90
58 34 33
46 52 8
35 40 36
17 34 69
11 79 91
92 56 44
45 56 19
23 65 82
36 85 20
56 72 39
48 70 73
98 4 94
48 98 64
39 56 85
81 98 46
44 18 40
32 44 32
73 60 27
16 54 7
10 27 43
38 91 51
44 0 28
5 49 30
82 67 65
25 89 40
52 14 84
58 5 67
85 36 54
5 68 38
12 86 12
79 0 30
85 70 29
24 28 48
47 11 17
74 40 18
27 35 41
0 29 28
43 77 6
17 58 55
94 75 24
60 32 24
0 81 44
57 93 92
91 27 32
51 90 2
62 30 44
92 67 47
80 53 58
60 63 21
63 50 28
32 42 77
77 96 25
37 65 88
31 36 95
19 66 97
14 7 39
10 5 9
42 21 51
60 77 78
56 63 73
37 39 34
73 14 58
36 74 38
0 27 52
20 54 10
74 19 9
73 70 3
85 75 65
4 50 52
26 30 93
89 5 49
50 33 66
81 53 14
84 30 100
18 65 41
26 72 22
67 78 56
19 62 51
95 84 5
89 66 83
16 26 99
70 50 74
22 33 88
29 98 29
47 70 36
0 26 37
32 85 9
6 72 85
38 86 54
16 35 75
39 49 44
52 66 100
76 63 13
58 2 38
19 56 30
69 20 66
35 70 66
16 95 72
77 6 83
83 22 99
56 61 69
72 87 89
73 28 38
48 37 77
60 88 45
26 35 38
42 79 36
49 44 37
7 30 55
68 14 66
17 48 97
62 58 44
64 91 85
85 1 46
63 38 12
87 62 94
61 13 77
63 14 98
71 79 34
33 54 92
26 34 59
1 34 59
20 21 83
56 25 19
29 96 83
57 56 43
75 8 9
57 64 38
40 57 53
15 16 99
46 66 34
37 65 21
95 56 72
83 77 42
26 95 45
24 16 25
11 9 98
85 84 59
43 36 61
7 10 27
96 73 67
87 73 6
50 27 87
60 67 89
56 24 51
36 95 27
35 67 49
80 19 56
67 57 37
24 53 38
47 62 53
89 22 89
91 70 42
23 86 28
85 41 43
81 57 58
44 47 85
27 58 74
50 15 49
25 34 63
32 45 78
54 37 29
76 68 55
3 58 44
87 92 18
58 79 28
11 43 94
14 44 5
20 67 82
64 93 13
45 48 97
86 6 23
35 67 90
79 80 48
30 37 35
62 25 38
42 53 41
19 81 27
50 31 63
5 26 38
55 41 59
36 56 90
41 88 79
81 96 83
35 37 33
93 84 89
52 56 22
33 9 57
76 35 92
63 92 61
84 38 42
17 61 8
5 16 70
64 63 76
57 28 90
90 0 76
87 43 89
86 97 23
31 38 11
46 97 43
75 55 24
80 57 46
39 73 61
65 5 13
1 68 20
55 31 59
5 91 2
49 2 37
8 15 26
43 21 71
67 97 8
6 78 30
71 94 31
91 9 44
28 18 41
19 80 60
3 97 74
3 79 96
41 54 30
97 7 27
36 69 33
0 52 77
16 34 83
66 30 75
16 63 18
19 41 55
46 58 75
24 72 17
32 26 59
27 82 8
55 90 49
9 55 15
71 3 1
7 29 75
66 61 77
46 59 38
13 95 52
36 0 33
81 61 79
71 11 65
84 95 17
4 87 78
66 33 43
75 30 6
39 16 57
18 30 100
31 71 30
45 89 8
79 16 11
35 42 4
9 73 19
52 9 80
34 10 74
38 46 35
80 52 74
30 1 47
90 91 85
74 64 59
97 5 78
91 58 77
75 57 24
29 33 46
3 17 7
61 22 79
46 49 11
35 44 23
16 84 48
99 59 21
18 14 17
56 84 55
13 79 17
7 20 94
35 24 30
49 82 42
12 95 64
38 65 67
8 35 30
66 50 19
45 46 90
55 27 24
74 54 53
26 99 25
54 84 93
16 67 20
85 9 89
55 67 67
21 51 41
29 80 100
47 21 38
85 46 71
12 39 35
31 7 12
18 0 24
10 76 15
11 98 2
25 80 54
72 45 48
63 53 41
33 8 53
87 88 44
17 48 29
94 41 62
61 40 88
16 93 89
20 34 19
88 64 70
49 67 10
6 78 48
55 33 21
15 79 2
29 5 67
56 27 77
73 27 76
46 74 75
55 89 71
16 38 9
55 10 72
5 6 51
91 5 63
42 85 80
43 51 6
47 40 31
70 60 93
34 32 42
21 20 53
89 9 60
75 57 79
46 51 60
48 61 46
6 89 18
36 97 37
37 80 78
5 42 32
42 62 6
17 85 91
36 54 62
26 24 81
72 73 96
63 42 91
58 17 47
1 33 35
44 27 83
57 90 20
96 11 40
21 74 98
34 2 69
76 93 64
98 70 62
19 96 49
90 36 11
39 16 99
66 21 30
27 95 65
52 91 29
79 38 40
42 61 61
93 15 50
64 55 31
24 17 26
69 15 86
6 85 87
54 96 45
86 7 37
99 66 43
44 91 74
27 75 9
88 58 12
18 59 59
34 40 76
58 11 91
34 25 34
14 39 92
7 87 70
30 6 60
87 63 81
8 90 12
33 94 40
22 43 60
61 15 10
27 54 78
13 15 32
26 4 39
49 70 51
99 59 24
78 15 47
96 37 39
79 57 51
97 69 87
23 43 24
24 71 77
98 81 4
20 84 84
55 69 25
77 26 38
78 89 36
70 20 43
56 87 7
94 45 97
67 64 10
63 49 14
92 59 56
52 12 39
35 32 92
42 66 35
11 28 48
53 41 38
68 47 97
7 57 22
10 16 69
98 21 35
15 77 69
55 92 18
77 80 7
