20 68 36
77 28 25
93 91 69
62 53 14
24 72 86
75 41 68
86 77 64
24 69 51
12 47 41
15 8 21
62 67 45
55 23 87
46 16 22
59 75 49
35 87 93
35 92 86
91 83 58
79 18 94
45 23 63
56 90 20
93 99 57
7 14 21
42 86 100
64 29 57
9 57 10
15 24 20
71 56 63
78 25 39
9 82 51
73 89 51
57 92 43
69 39 19
99 8 9
70 84 45
94 38 5
15 88 60
5 67 86
4 66 23
5 53 37
92 16 26
0 47 50
97 12 42
31 12 30
13 97 100
22 31 14
78 23 3
47 57 14
35 81 19
82 72 25
56 5 58
73 22 5
99 13 83
26 11 63
51 92 22
40 78 28
77 1 13
94 4 7
67 22 69
14 12 3
99 0 78
16 62 78
71 2 30
43 25 28
44 50 42
18 40 39
16 38 16
46 90 96
39 32 93
73 90 70
6 14 52
24 13 80
65 43 70
96 37 68
33 93 28
74 64 67
6 46 77
25 53 97
54 27 86
94 80 70
48 54 80
43 20 38
86 8 7
1 16 9
95 24 95
6 81 86
88 60 52
52 2 62
94 62 6
39 80 72
60 12 27
33 56 44
90 50 27
64 80 71
44 32 60
82 53 91
45 93 44
92 67 10
67 78 63
42 86 43
58 44 47
87 77 83
69 92 62
52 84 55
88 49 17
62 85 83
13 94 25
40 27 67
30 76 99
11 26 11
23 40 50
84 96 50
61 45 23
45 74 35
37 55 75
19 94 86
17 7 95
70 49 40
85 63 97
66 35 38
74 48 59
61 15 76
86 76 78
54 82 3
51 36 36
35 36 62
80 42 84
86 84 35
17 94 14
73 18 11
74 31 70
98 8 30
14 34 83
97 18 93
19 83 74
19 53 58
65 77 64
47 67 19
48 49 40
65 35 3
78 33 61
95 80 82
65 13 77
24 42 48
67 45 16
1 0 51
7 58 4
40 50 30
77 91 62
52 4 33
18 5 54
29 52 19
94 5 57
47 31 54
1 8 93
59 31 63
13 29 35
2 6 95
7 33 47
58 16 99
72 47 93
66 39 18
70 47 37
90 79 30
86 66 49
9 79 16
2 60 91
73 49 53
39 79 29
86 84 19
55 88 19
98 11 94
49 78 16
60 17 77
48 6 1
87 74 70
13 58 23
37 72 83
52 77 51
63 6 85
52 96 73
90 54 38
84 87 34
82 25 59
70 95 57
74 27 32
63 10 82
74 57 100
64 59 69
73 90 83
89 87 43
87 82 68
77 91 79
18 65 6
95 76 43
38 86 18
30 42 28
41 21 41
20 42 97
40 79 64
3 7 53
35 87 44
18 12 8
30 99 45
11 18 3
88 62 32
32 16 42
32 51 74
17 64 100
84 54 54
63 76 35
64 81 26
61 21 47
41 67 13
5 84 1
29 68 92
53 92 25
37 20 7
1 23 71
2 57 67
4 91 93
40 79 20
82 51 70
36 64 87
74 98 30
30 85 92
0 40 77
19 7 47
67 80 45
23 99 6
0 45 41
70 48 55
61 33 57
19 84 62
4 98 96
77 90 3
48 59 11
5 3 51
89 62 98
33 13 9
77 15 79
12 76 37
25 47 18
75 46 17
52 87 13
5 67 28
26 56 68
81 54 20
57 90 70
65 40 26
6 11 81
58 48 8
50 92 7
30 86 92
6 46 68
86 22 26
49 81 100
93 5 75
21 25 19
87 65 4
79 69 67
88 39 65
97 2 97
79 4 18
69 54 67
89 55 32
65 80 63
75 26 92
9 66 67
88 83 62
43 72 51
40 5 99
10 35 24
33 4 12
21 18 94
68 11 71
70 57 79
82 89 97
95 24 6
19 10 73
60 72 61
9 85 23
95 70 71
53 88 53
61 0 24
9 39 78
77 31 63
1 71 54
99 34 83
79 28 32
35 64 61
52 55 85
16 4 14
60 95 89
25 80 79
25 26 36
82 5 57
98 1 15
34 59 20
12 26 13
9 22 84
37 59 86
10 7 21
17 10 12
84 9 19
63 45 71
48 68 92
95 99 79
25 8 31
64 10 70
0 68 55
67 13 52
83 82 52
57 75 51
59 48 83
56 30 12
29 27 48
4 90 74
99 47 41
36 56 15
11 47 77
21 62 3
58 65 58
69 63 59
58 30 55
67 12 70
11 86 43
82 34 75
9 28 38
45 37 92
47 51 1
58 45 94
24 29 97
47 56 23
62 69 22
33 19 20
68 47 32
79 44 38
83 55 14
62 56 60
28 83 100
90 73 35
90 94 65
34 80 6
85 12 75
12 80 85
89 58 9
51 64 71
51 29 75
46 79 65
45 84 57
44 16 52
11 67 47
95 19 98
12 7 47
68 92 29
47 85 18
42 67 87
80 78 47
45 28 20
96 83 87
59 98 48
84 46 9
54 64 72
88 22 42
39 28 8
42 87 29
42 54 95
55 78 54
99 22 42
69 21 73
80 37 37
25 51 36
61 17 60
12 90 72
26 11 93
43 41 68
70 25 95
81 51 87
9 30 46
58 21 13
28 20 66
79 9 37
50 93 99
70 87 13
37 1 50
96 15 15
19 65 99
65 94 85
42 64 64
4 98 8
19 34 98
82 74 16
91 81 37
46 82 68
33 85 58
32 51 69
25 54 54
74 40 9
62 52 8
8 12 48
60 48 33
38 36 53
6 50 31
0 98 44
68 66 14
84 4 85
18 66 45
32 52 2
38 88 14
89 82 26
77 25 22
55 48 23
96 92 36
26 79 43
66 76 53
67 68 58
85 20 97
49 73 11
64 88 8
25 20 44
76 30 56
10 51 94
58 65 81
64 2 1
38 64 70
16 26 35
46 88 65
25 50 25
93 98 24
34 16 69
31 91 7
80 10 49
9 74 46
90 52 59
39 32 2
1 18 90
30 83 48
86 30 71
56 57 40
66 87 12
67 81 20
97 88 87
42 35 72
57 98 4
82 5 91
80 70 88
10 93 20
86 0 51
81 13 10
62 97 50
46 76 63
0 52 21
10 55 65
26 1 16
17 10 57
85 99 15
76 11 49
97 98 37
63 57 89
79 14 54
5 51 23
77 44 2
54 24 94
98 5 1
16 80 33
31 30 15
90 32 65
85 9 76
31 57 59
28 3 7
24 48 22
65 9 99
50 34 91
93 0 70
5 51 80
74 50 40
17 67 64
85 4 74
61 10 58
98 25 68
75 77 57
90 53 70
96 19 70
37 7 15
78 25 6
59 65 26
86 80 97
47 29 84
52 95 14
14 93 68
19 96 49
97 9 67
65 29 39
51 90 48
74 39 26
79 6 27
30 61 90
5 21 53
45 14 36
99 89 45
39 86 16
15 74 36
67 37 60
36 24 80
73 2 93
67 39 2
30 74 62
15 39 48
47 11 75
59 83 67
1 64 28
88 38 29
28 82 39
96 53 61
2 90 7
30 59 93
30 40 25
98 79 48
3 10 95
48 13 89
29 76 90
26 30 31
51 40 60
15 2 17
2 92 83
64 72 100
28 76 50
69 74 68
28 36 24
14 38 85
57 48 37
8 36 43
14 38 15
98 50 22
62 52 19
68 3 6
56 27 36
72 12 19
88 20 24
62 42 32
35 33 75
8 38 47
36 63 2
85 60 52
46 57 45
27 66 88
94 6 34
37 32 65
3 53 15
89 37 79
27 28 2
32 29 91
40 19 60
42 2 17
53 71 67
98 96 81
23 89 2
16 79 16
75 11 57
81 78 3
60 72 27
73 22 70
53 69 80
50 79 74
13 83 15
88 94 7
64 14 100
76 53 86
89 76 28
46 33 34
23 33 100
87 89 3
41 11 26
74 77 47
30 6 71
24 26 55
97 26 52
15 55 30
15 67 29
54 74 55
58 37 2
99 80 42
17 8 95
26 35 60
90 97 92
5 37 21
7 81 57
55 68 76
23 55 94
51 47 44
45 94 38
65 67 85
46 23 26
7 78 83
25 31 18
80 65 40
0 66 100
73 35 86
4 10 56
51 82 6
39 53 92
70 32 34
42 91 43
3 82 28
71 52 87
39 95 24
53 50 63
34 57 70
81 4 61
76 91 40
82 80 57
90 10 31
33 90 46
33 51 35
8 32 40
3 63 100
83 89 68
96 50 66
1 97 47
56 98 47
95 3 22
61 25 41
68 11 52
0 52 18
74 39 16
15 60 17
38 82 67
96 14 61
10 50 77
43 27 54
46 70 32
2 32 5
35 92 55
7 49 75
11 84 75
28 47 44
52 82 19
5 59 44
68 86 90
17 41 70
32 79 3
34 3 57
38 80 98
50 68 37
61 48 87
46 84 73
91 87 23
78 23 81
7 17 100
23 71 76
56 68 73
6 4 2
23 78 65
94 95 75
53 69 91
70 2 24
76 43 25
5 81 27
21 14 27
64 0 6
11 56 71
59 68 54
45 27 65
47 28 19
63 96 20
14 80 11
70 30 78
12 50 90
27 25 94
76 31 27
67 46 56
6 49 4
99 2 58
28 80 76
28 95 87
32 88 76
34 93 60
16 31 29
33 25 68
20 82 51
66 52 20
48 62 81
47 72 3
47 43 82
60 11 5
2 47 59
93 36 19
73 11 45
27 32 34
42 48 90
41 67 13
91 86 58
72 3 29
5 64 38
69 96 65
46 30 8
79 41 11
50 79 46
96 27 30
14 69 30
4 72 73
24 9 70
26 48 66
97 86 36
74 8 14
31 9 94
20 97 74
31 74 84
9 14 99
17 84 8
46 25 55
12 33 17
88 87 13
25 13 55
35 21 64
81 12 70
17 27 74
37 47 99
86 29 1
11 55 31
69 67 5
14 46 50
64 25 94
84 3 14
48 36 87
61 0 3
34 17 6
89 34 58
48 58 16
12 52 38
37 23 51
30 96 69
72 23 66
90 22 82
82 94 75
36 81 78
79 30 71
86 30 58
22 24 64
42 85 86
6 55 92
18 68 51
11 24 57
32 72 9
92 72 43
19 73 100
77 4 47
22 73 51
58 72 68
59 92 3
75 43 98
73 63 69
85 78 93
81 86 51
27 14 83
77 60 68
47 21 40
56 82 25
12 30 3
50 89 4
11 21 7
62 59 9
22 2 57
99 65 70
0 41 91
17 79 53
44 58 1
50 56 36
31 28 75
63 57 13
61 56 5
44 88 83
46 63 65
19 7 98
32 99 18
22 41 29
77 40 51
48 6 53
63 37 29
52 90 28
3 16 60
25 11 12
27 55 79
6 40 77
84 79 61
51 87 61
27 64 63
91 66 70
36 9 23
68 23 83
82 32 6
16 87 19
68 82 99
66 94 55
95 56 74
50 37 74
34 7 66
28 15 56
9 41 48
32 98 26
50 88 98
49 43 5
84 5 7
81 5 46
98 9 34
89 24 12
87 34 63
59 50 99
88 49 46
48 77 59
59 90 55
68 4 34
59 50 32
55 27 64
44 9 8
90 57 36
42 27 63
64 4 26
15 2 34
96 40 44
70 25 21
7 27 87
89 90 16
4 75 31
5 73 68
94 92 99
92 87 4
77 43 85
36 28 5
89 90 3
65 56 21
79 30 52
17 88 7
26 71 54
97 22 23
91 15 98
14 70 63
16 47 89
44 66 81
69 93 79
87 85 37
0 38 5
84 19 25
28 25 80
74 6 66
38 96 70
3 36 77
95 66 100
42 75 60
50 95 27
21 74 69
58 21 21
49 34 28
98 16 16
88 72 73
58 27 80
68 94 11
60 98 78
57 40 5
31 47 81
62 69 34
53 48 58
73 82 88
91 47 98
17 5 67
85 94 94
6 68 60
59 50 23
5 46 16
66 13 49
44 53 52
85 8 59
69 25 15
67 20 51
8 59 36
46 64 82
83 23 95
34 59 49
11 0 13
56 71 74
44 29 44
75 66 96
67 66 39
96 78 9
55 87 2
1 97 90
80 30 17
65 17 14
53 33 52
87 3 63
82 47 96
11 30 40
45 85 27
76 34 65
32 67 85
7 67 67
25 52 85
19 72 86
13 31 33
77 11 41
55 64 57
21 80 72
39 74 48
97 96 9
86 30 9
10 68 86
9 55 82
93 14 93
31 54 48
67 66 71
24 73 77
67 76 82
57 22 81
38 45 24
10 75 63
22 70 32
50 57 1
92 42 77
60 25 35
13 66 52
98 33 25
57 42 16
91 92 64
67 97 62
73 76 18
91 87 39
24 98 25
16 88 46
15 29 95
4 36 52
31 15 59
86 68 23
77 21 15
54 65 28
97 83 26
21 5 40
62 97 85
13 37 5
7 8 57
21 27 43
34 14 85
19 97 20
96 23 25
73 23 64
59 1 24
53 38 59
64 66 21
61 74 76
16 13 43
44 81 5
64 39 64
30 94 17
61 56 3
25 24 65
85 67 55
95 60 95
85 35 63
6 82 85
80 66 98
19 5 74
43 91 62
44 67 25
64 27 5
17 65 5
36 13 46
10 70 64
7 43 21
64 65 7
79 5 53
8 45 78
11 30 98
33 62 16
99 84 15
21 7 96
12 31 49
94 31 85
90 15 32
6 49 80
64 82 54
8 93 64
84 17 50
2 85 48
23 74 90
2 24 31
16 69 63
37 40 66
81 36 10
66 43 4
43 57 18
18 58 68
88 63 1
54 57 90
9 16 82
77 68 22
13 37 87
23 66 6
78 42 65
98 28 31
69 35 43
20 53 21
53 37 98
29 76 11
9 99 53
33 87 67
89 97 9
31 36 59
14 83 87
4 59 6
36 65 65
48 17 75
64 91 8
50 29 3
57 59 52
12 51 67
77 11 76
30 12 62
62 73 47
84 61 96
40 96 11
74 69 39
80 79 56
21 86 34
35 89 36
42 37 40
8 96 7
20 27 8
23 19 54
38 23 51
90 68 45
21 64 94
11 61 83
98 66 89
92 32 89
6 69 47
4 70 6
37 90 32
21 9 45
85 91 77
16 84 16
95 8 59
64 61 63
22 8 72
62 53 37
86 55 59
68 28 98
71 44 63
62 74 21
24 2 95
6 31 19
22 41 52
30 92 30
12 63 37
54 63 74
44 18 76
88 68 85
43 74 56
3 92 54
72 53 23
75 99 90
75 32 9
67 61 4
75 23 78
93 59 32
30 75 30
43 51 17
28 12 70
12 94 86
93 71 70
67 22 82
29 51 37
66 39 32
88 51 96
46 60 54
0 4 88
34 59 34
18 14 83
69 18 96
87 34 39
81 70 1
26 9 18
31 22 26
74 86 5
78 71 51
61 42 38
57 71 50
3 58 5
55 27 8
35 18 48
83 12 12
62 53 55
79 86 51
65 1 11
11 19 96
64 63 29
5 32 42
41 52 86
69 89 59
10 69 33
95 86 27
13 47 90
57 83 93
50 37 62
64 25 20
50 36 3
30 21 58
85 57 75
94 9 27
57 11 33
80 88 58
96 81 24
3 44 95
85 37 76
25 86 85
33 30 33
72 85 19
84 46 87
8 53 29
59 85 25
39 3 25
39 3 18
3 4 36
97 77 84
77 63 66
88 37 10
15 18 91
97 94 86
89 47 96
83 22 11
31 89 54
52 74 56
28 4 75
34 74 75
53 15 31
48 31 11
82 23 52
95 97 53
76 29 30
94 71 86
83 50 57
30 97 46
21 23 64
80 11 41
99 16 33
75 22 5
4 99 32
30 89 73
22 28 2
43 55 34
74 83 3
91 52 54
39 42 28
48 76 84
33 6 35
60 80 57
13 69 66
77 12 56
96 43 65
48 40 7
90 55 24
45 11 96
55 42 61
68 65 71
27 49 47
55 49 42
52 24 45
57 87 20
45 19 50
21 58 31
45 98 55
57 63 80
93 73 54
50 75 48
42 77 47
75 84 25
31 60 70
21 7 58
58 30 12
98 47 99
2 12 13
84 23 99
10 69 71
73 95 85
16 99 63
77 83 57
18 44 66
73 94 74
50 62 44
5 81 37
83 62 35
36 49 76
42 67 76
35 88 56
43 53 57
27 35 47
99 16 33
31 74 24
68 18 37
31 96 57
35 99 34
29 79 2
21 67 86
88 98 61
15 4 23
24 54 37
22 48 67
99 1 99
58 60 3
81 34 89
95 76 74
82 0 20
29 67 99
21 51 5
16 90 10
62 73 94
74 1 11
87 20 6
67 20 6
9 61 59
48 9 71
0 80 24
73 75 16
66 77 94
73 97 78
43 24 84
86 13 89
51 41 39
28 86 14
34 12 86
68 13 71
82 98 17
3 91 44
23 35 16
71 78 18
80 28 54
38 98 96
32 9 67
87 95 61
43 99 44
49 30 5
70 52 65
56 81 47
10 34 46
3 4 87
0 74 85
82 26 42
67 46 85
44 82 38
40 14 67
37 87 8
76 65 78
33 53 71
23 98 100
95 90 77
11 59 20
52 47 39
11 73 43
45 15 38
66 50 15
38 41 92
91 27 78
30 21 27
15 94 42
90 35 51
67 38 48
11 28 77
73 29 5
72 55 19
89 81 91
51 86 91
51 36 67
71 39 68
40 79 34
71 58 51
10 22 5
8 48 56
57 44 23
5 92 28
31 25 11
80 88 11
64 80 23
89 70 100
69 64 33
87 76 26
46 87 53
20 11 11
64 79 48
66 6 63
18 48 8
31 18 75
56 3 54
73 0 36
60 88 73
91 8 82
55 0 84
99 97 92
58 49 93
50 0 89
67 78 77
37 64 74
77 19 66
1 92 11
44 57 52
83 44 89
62 16 25
57 20 14
16 18 42
75 71 34
41 40 5
62 35 32
73 4 28
0 24 88
81 41 55
48 82 74
56 38 36
12 61 44
35 40 51
68 2 8
17 58 5
13 55 39
36 17 77
16 73 32
25 49 72
73 70 99
98 61 45
89 93 41
95 99 84
85 72 40
94 4 97
3 62 10
72 93 96
16 14 18
75 88 31
46 69 18
10 26 20
87 88 37
12 9 30
37 56 3
43 59 45
43 64 84
22 10 48
49 78 24
21 82 26
14 57 23
83 12 41
92 24 52
23 35 68
14 67 31
35 57 96
72 91 4
54 35 38
74 88 77
0 80 20
68 58 53
79 89 98
87 70 24
66 89 11
38 52 28
89 62 52
0 88 99
81 97 38
82 63 47
34 60 62
3 39 68
55 71 48
87 75 26
36 56 70
97 41 95
33 40 26
33 65 98
54 97 73
82 30 20
14 15 20
65 88 66
50 19 41
67 81 55
90 52 91
55 18 49
25 45 12
83 18 98
69 48 79
31 53 60
37 25 15
29 8 9
64 70 75
63 49 90
65 56 4
28 59 23
46 38 77
49 2 63
41 22 85
95 36 31
42 54 80
55 66 94
79 86 68
57 23 79
55 34 78
46 15 32
65 54 28
69 48 63
5 46 1
5 75 44
75 68 31
15 81 99
70 22 26
15 7 11
24 41 99
17 56 90
70 9 37
11 90 72
96 84 37
17 85 58
31 19 8
60 50 97
91 56 39
86 84 88
79 85 63
60 34 29
47 3 54
95 89 57
24 49 57
35 12 51
85 86 48
77 53 3
1 63 22
37 78 80
34 38 41
19 28 31
71 57 89
81 83 89
0 89 64
66 96 16
13 34 16
14 74 8
91 30 49
83 82 33
9 86 75
32 88 36
56 39 5
49 52 53
1 68 90
51 80 17
65 40 10
31 24 79
20 26 44
84 13 57
91 54 94
51 76 26
67 45 89
8 87 97
44 42 99
64 79 63
71 69 62
66 70 73
76 77 45
33 51 45
91 23 17
38 36 38
48 45 12
70 84 54
82 90 100
49 35 79
59 93 9
30 2 2
80 9 3
84 28 35
37 66 32
23 88 22
52 6 39
36 31 50
77 17 36
42 33 4
99 68 33
8 59 67
3 77 59
42 40 79
38 79 65
6 72 49
68 30 16
16 87 95
64 14 40
28 20 46
98 94 51
2 16 45
87 75 69
99 56 45
15 73 80
81 28 37
83 58 12
38 10 65
61 87 33
57 18 36
70 99 83
40 37 55
24 69 39
43 89 18
23 22 51
61 96 41
98 36 52
58 50 42
17 26 71
40 79 12
25 58 23
88 82 64
3 26 60
66 58 44
98 48 19
28 39 36
83 0 33
42 28 80
69 2 9
1 81 100
84 71 98
72 98 29
92 22 38
13 71 9
97 23 93
16 94 56
98 42 74
60 4 79
39 86 44
9 71 7
74 97 24
85 9 7
59 46 95
20 74 53
97 90 86
11 94 87
70 14 46
23 82 71
1 69 76
1 90 56
94 13 10
67 56 35
59 71 81
47 99 12
18 94 53
25 3 43
47 68 71
25 46 51
57 80 28
1 17 71
99 80 29
50 71 48
57 69 97
64 63 56
35 58 87
79 93 33
23 45 10
68 71 82
45 30 65
66 26 20
80 16 58
83 63 90
18 86 72
62 95 33
59 86 55
85 57 32
68 40 46
32 39 73
48 52 13
16 54 83
22 71 53
52 90 57
25 41 89
85 64 90
2 76 32
15 20 45
48 47 6
88 1 8
22 37 70
44 16 40
74 66 25
22 42 85
95 80 49
51 28 47
3 95 71
76 37 48
22 14 3
57 91 86
3 50 73
16 35 86
80 83 27
23 38 31
25 14 48
83 10 44
42 7 34
27 50 75
31 58 8
85 43 89
6 26 68
36 31 96
18 1 91
94 92 82
58 97 11
42 35 29
88 57 23
30 65 6
35 53 16
80 19 53
0 97 41
8 21 47
30 96 42
6 59 26
69 52 60
57 80 3
35 64 91
8 24 26
23 73 82
19 27 46
22 95 97
46 7 56
44 16 1
85 28 96
91 70 79
87 13 24
71 72 63
34 96 15
61 30 73
12 19 81
4 32 45
90 44 55
3 94 47
70 76 25
71 69 70
77 69 65
16 48 29
47 53 72
82 53 4
83 20 62
10 73 71
42 13 42
87 97 3
41 57 48
47 4 20
6 46 63
63 33 82
42 82 89
16 86 49
2 24 36
9 73 27
78 93 92
49 80 70
79 2 43
82 56 43
64 48 25
22 83 36
46 19 19
1 94 1
82 32 92
53 58 55
23 58 42
99 57 72
99 97 60
54 57 34
98 45 88
68 87 80
41 5 47
15 20 17
64 80 14
48 51 69
22 52 27
77 5 81
58 20 87
19 59 56
14 53 74
26 77 26
0 62 5
33 10 18
40 22 84
93 43 64
68 25 1
5 57 24
63 86 62
53 91 41
5 70 80
97 9 9
12 20 47
28 41 7
97 81 83
75 21 47
59 37 81
36 85 53
72 54 64
83 89 90
94 2 20
82 35 30
65 30 36
54 70 25
37 52 50
59 29 49
41 20 74
56 38 3
44 55 47
69 54 64
92 24 10
27 70 58
99 57 92
20 11 28
55 27 8
47 8 2
85 9 68
53 24 35
12 70 94
82 80 83
75 18 72
43 16 66
29 70 4
94 66 60
98 75 99
2 90 65
1 45 95
93 4 71
25 66 74
33 48 52
65 43 29
41 82 19
21 56 6
77 95 75
74 42 35
81 27 56
49 25 73
87 13 74
80 75 54
4 21 95
18 52 95
41 87 40
54 87 27
58 5 6
78 7 12
94 34 31
5 19 98
48 45 19
61 33 99
20 1 61
16 45 98
29 34 17
25 60 98
44 54 77
86 32 87
60 21 71
55 57 74
26 34 73
23 54 83
48 14 78
28 27 47
55 76 77
22 72 90
36 68 82
25 49 24
32 41 89
72 70 85
99 74 85
60 29 45
92 57 80
38 2 98
11 39 56
88 82 94
33 41 28
88 25 65
55 13 95
8 86 5
39 69 5
69 13 55
63 99 32
36 49 32
55 79 11
43 54 24
10 24 64
95 29 64
60 90 76
16 18 87
75 81 22
62 11 30
5 25 20
12 95 18
63 88 40
3 27 7
51 44 11
51 81 21
55 47 48
91 57 64
84 29 81
43 50 65
33 78 36
21 47 8
25 16 38
34 20 46
2 8 15
87 79 70
65 36 52
70 33 93
44 50 93
59 30 83
64 46 71
10 5 27
73 48 86
75 83 37
0 84 60
89 20 50
93 38 87
87 43 10
95 39 86
18 26 18
59 6 40
96 90 48
21 7 33
83 25 97
52 79 82
45 82 54
92 83 44
51 52 59
65 88 43
3 51 59
59 17 32
30 54 97
25 65 95
12 76 57
34 69 67
73 5 65
57 23 84
62 36 2
20 8 34
72 25 80
8 36 77
91 66 78
93 56 94
11 13 82
23 47 27
1 83 94
77 59 44
76 11 6
92 53 24
33 92 49
34 21 95
95 57 87
65 73 93
76 2 61
17 3 61
28 79 99
74 33 29
33 20 32
26 6 9
33 17 91
80 59 68
29 48 66
98 56 34
21 96 59
29 92 94
39 59 91
37 17 53
21 61 14
48 61 20
86 51 51
34 37 20
61 99 43
19 40 84
66 38 11
19 34 55
27 83 53
69 90 29
85 0 98
23 27 45
33 66 17
54 56 26
92 67 68
71 1 63
9 20 82
89 91 88
86 87 46
37 84 20
13 72 24
9 51 88
18 28 16
62 56 80
71 66 36
89 90 30
86 29 49
40 12 73
71 8 24
34 64 9
65 58 24
27 81 21
29 82 16
45 35 66
10 98 45
27 31 67
40 79 99
78 97 76
88 86 65
76 52 35
24 53 89
54 18 58
69 12 73
54 0 98
61 20 56
7 24 92
58 2 2
47 15 94
73 2 11
68 45 81
19 60 25
42 91 55
71 47 68
46 73 32
38 46 78
80 1 83
83 42 18
26 60 21
78 88 46
20 39 87
18 15 31
38 88 62
18 96 26
53 11 98
70 86 80
16 45 41
99 51 42
86 12 78
83 78 74
32 9 93
58 99 91
68 50 93
16 90 27
19 74 9
38 74 42
91 33 38
71 68 76
27 35 3
67 81 77
56 9 12
8 32 14
24 93 93
86 31 2
6 96 24
39 70 2
57 78 17
50 61 62
87 79 7
64 22 34
71 99 48
0 6 17
78 29 63
51 48 17
34 83 12
23 29 5
27 64 78
25 11 47
50 80 23
76 36 89
82 10 22
59 7 70
37 16 69
81 88 73
87 29 24
70 23 72
80 1 79
83 99 36
38 40 47
7 13 71
76 31 35
82 58 89
75 35 49
0 10 16
19 10 14
8 42 5
65 40 26
68 58 92
26 43 61
92 3 56
41 67 18
38 67 59
88 27 24
34 4 22
91 46 22
96 16 95
35 36 54
81 68 1
41 13 89
40 11 53
40 85 74
41 79 23
38 33 42
12 62 66
21 2 29
65 38 27
74 9 67
61 89 37
12 7 85
21 68 65
44 91 46
6 42 11
39 86 62
40 39 7
46 35 98
45 22 73
73 43 44
48 97 2
79 72 56
93 38 75
74 95 89
60 99 11
44 85 40
54 95 99
32 60 61
56 66 66
72 3 40
45 55 46
62 22 60
37 25 50
89 77 63
12 50 32
58 74 91
88 70 87
17 4 47
67 4 95
71 74 32
51 15 57
77 42 37
74 88 80
76 23 40
90 25 54
14 29 26
66 86 74
48 42 3
76 61 71
26 23 1
79 98 16
62 13 44
12 92 49
58 47 46
16 90 30
17 9 10
80 97 34
74 52 14
91 26 41
75 34 19
49 37 71
25 0 33
36 43 12
72 31 83
40 23 4
16 18 45
20 90 55
54 64 65
39 58 20
94 36 15
66 63 34
18 94 62
0 29 57
30 42 58
53 7 52
68 46 31
88 73 71
5 15 88
22 82 77
69 55 66
26 22 52
39 90 37
63 41 38
64 45 86
34 68 62
73 22 42
2 48 89
76 75 20
9 56 10
49 72 36
12 20 25
24 37 44
25 29 87
67 30 21
50 55 29
99 25 32
74 37 99
30 25 51
92 98 5
30 65 69
30 16 83
9 0 23
72 95 36
20 87 41
82 57 23
33 77 64
82 30 19
3 20 95
73 13 67
33 15 75
62 53 32
52 48 98
22 12 30
3 25 33
41 66 82
91 13 37
75 52 62
81 82 88
10 87 99
31 36 100
19 75 41
82 3 17
93 17 70
55 29 84
55 69 47
36 19 76
79 3 47
64 49 51
38 82 21
42 30 9
31 46 33
15 63 74
10 77 90
24 10 100
30 2 10
15 21 19
43 96 36
3 58 11
91 68 10
15 89 20
84 36 22
44 5 7
19 11 10
17 89 75
45 35 78
18 44 83
99 29 64
3 31 1
52 98 15
79 52 4
27 18 25
16 74 70
23 93 56
40 2 71
8 29 20
10 37 79
50 99 37
92 99 91
10 91 77
74 48 51
65 36 24
98 2 65
51 53 65
93 88 12
46 66 77
99 84 22
36 69 84
54 75 22
89 3 42
83 40 49
50 4 63
90 61 87
59 18 97
73 62 56
42 27 16
8 52 83
10 33 44
60 77 39
43 8 93
55 48 1
58 75 70
46 53 36
61 37 8
37 15 53
95 86 80
86 35 11
32 59 57
24 29 28
5 34 32
41 17 40
60 38 59
63 29 29
59 72 52
49 62 60
61 41 42
35 47 86
44 46 51
10 42 18
31 46 66
59 99 87
47 57 18
65 80 42
3 53 4
89 19 61
77 12 65
34 1 69
18 46 42
31 68 68
38 63 99
57 10 85
99 93 32
18 91 51
85 17 75
38 22 75
64 13 67
83 26 85
5 14 29
55 29 11
45 41 46
56 51 98
0 42 37
94 97 23
5 55 96
46 83 35
24 7 57
32 90 57
67 31 22
25 88 19
54 89 99
9 6 27
5 25 93
96 56 64
56 65 49
94 79 93
96 62 45
95 85 50
29 96 66
98 44 70
47 9 44
60 46 39
50 66 51
88 76 55
2 54 1
11 32 95
21 3 100
2 46 65
23 13 1
6 18 91
55 98 14
91 55 58
41 53 5
44 4 57
13 29 80
15 30 33
33 91 82
32 99 66
95 77 81
54 69 31
37 14 18
43 21 2
20 79 24
86 93 85
9 0 53
84 37 33
58 95 4
74 44 80
65 25 52
65 2 39
66 37 20
55 27 35
25 85 42
63 25 49
76 10 70
5 71 9
79 19 68
82 89 2
56 50 24
83 77 95
87 28 42
94 42 66
1 41 28
40 42 48
97 8 96
30 22 50
72 48 22
36 97 4
32 82 11
76 95 63
70 74 89
80 8 11
40 11 79
50 28 8
63 31 83
94 70 89
98 6 26
28 76 70
62 51 81
27 59 79
45 88 6
70 20 43
49 44 21
50 10 60
28 9 25
13 57 18
18 31 71
31 92 86
95 88 12
35 69 55
65 82 40
89 38 7
18 46 7
13 79 91
6 1 36
54 65 93
20 58 48
61 78 20
31 22 95
41 71 6
78 14 11
56 55 48
99 54 34
53 13 72
80 87 19
0 24 75
70 85 71
73 40 21
18 84 33
52 69 98
27 26 45
80 16 72
36 48 75
34 62 82
84 89 84
88 33 81
16 93 8
10 95 71
57 58 42
14 94 91
57 0 43
26 59 11
85 59 36
5 31 99
37 44 43
48 24 98
59 89 96
12 0 92
79 52 32
77 9 20
72 92 78
54 57 42
71 62 96
24 66 62
95 58 39
77 34 52
0 44 22
55 53 34
81 67 60
23 26 75
20 21 29
43 77 23
79 43 73
34 20 9
99 77 50
61 0 65
70 79 7
23 27 7
69 6 15
86 94 30
93 45 96
2 81 99
62 73 7
63 25 9
59 12 98
1 94 22
76 53 18
78 22 88
16 85 69
94 99 54
5 88 50
86 81 61
34 62 12
22 90 100
3 31 24
22 57 53
41 20 43
85 23 84
20 7 42
74 6 42
96 43 3
20 73 66
51 94 38
14 92 24
36 57 7
75 6 90
98 71 60
24 2 43
19 23 54
40 89 52
99 88 42
88 43 27
9 42 95
12 85 3
69 57 29
43 26 2
47 58 85
5 92 88
3 78 76
69 48 71
21 70 76
81 14 30
88 42 76
1 88 80
34 63 36
39 5 36
54 63 70
4 15 65
39 6 40
48 86 63
81 40 97
33 53 66
68 33 72
52 57 38
53 9 29
96 57 88
15 90 41
35 34 32
92 82 21
5 12 41
28 81 66
67 95 98
70 85 42
73 74 36
43 4 76
24 27 35
43 78 56
0 38 100
53 12 55
67 80 81
47 2 38
34 27 63
53 18 15
32 42 85
72 16 79
52 60 3
47 72 14
31 53 31
41 61 67
83 85 37
99 35 88
99 1 63
7 99 76
8 69 59
28 75 66
91 1 16
93 69 57
31 4 4
76 89 29
13 41 11
42 81 17
54 18 98
80 90 73
20 15 12
67 69 65
58 19 62
91 74 65
82 25 64
70 33 57
85 21 74
83 59 95
36 77 23
58 38 22
14 33 10
99 63 97
50 82 55
93 13 50
35 84 78
29 99 21
67 26 35
78 72 39
74 62 91
19 36 22
59 40 10
76 6 17
54 55 37
35 49 1
50 89 20
27 29 85
90 84 64
7 40 26
25 10 76
2 63 87
12 78 20
69 11 95
74 25 93
10 65 88
4 86 5
87 15 12
6 65 31
82 76 3
39 72 21
19 60 15
54 20 38
61 86 66
50 38 62
96 32 37
83 18 94
60 78 40
63 22 77
33 62 9
55 73 75
5 1 83
91 77 81
62 29 55
92 63 85
58 48 60
60 48 25
29 66 86
25 65 12
58 71 47
55 4 92
6 62 44
92 46 44
56 28 50
6 70 18
56 36 68
23 60 75
65 66 84
7 75 85
68 50 43
23 11 25
11 73 3
71 63 55
20 1 79
35 47 50
15 10 16
83 73 90
73 83 41
56 5 3
15 63 51
46 27 42
33 85 93
96 70 74
95 29 60
56 36 26
45 9 44
53 92 4
55 31 52
59 82 10
94 85 53
87 86 98
43 11 20
58 24 2
88 8 77
22 3 97
78 85 36
68 77 84
64 22 75
24 42 82
48 55 8
19 0 93
7 48 8
42 18 49
75 96 34
23 27 82
29 93 77
27 29 9
1 49 43
15 81 90
34 67 54
33 15 62
8 81 39
10 88 96
77 94 89
20 57 37
83 2 41
36 21 49
94 58 20
5 7 60
29 53 88
15 33 91
58 71 84
47 61 94
20 76 65
20 89 56
45 44 42
77 20 10
35 4 27
0 32 23
41 82 62
21 10 9
80 41 87
63 13 88
47 90 63
20 46 16
36 17 87
54 95 68
73 50 3
58 44 15
63 48 18
84 72 100
31 86 71
19 17 90
44 72 38
11 26 81
25 88 26
14 93 22
42 27 3
30 27 88
87 92 25
87 38 64
79 4 4
36 25 25
76 31 16
52 82 30
0 56 100
81 80 19
51 43 4
54 45 66
40 74 98
2 96 18
89 79 40
16 74 47
13 29 65
39 8 95
4 22 52
18 95 85
84 39 56
5 20 70
39 90 4
39 80 55
15 4 32
93 33 100
7 78 56
28 48 55
57 3 39
39 75 37
96 85 2
46 36 66
18 20 80
31 8 3
39 22 13
80 33 64
78 54 94
34 79 17
53 43 64
89 58 2
47 8 67
65 59 31
24 46 83
7 22 57
82 91 5
95 88 82
74 86 82
92 31 34
31 34 63
41 27 68
6 59 84
50 91 90
38 99 10
36 83 50
99 9 16
79 89 80
89 70 91
46 20 18
33 96 39
42 80 99
44 21 57
18 79 80
60 91 86
25 32 85
9 3 72
22 9 93
68 53 62
68 38 12
85 6 80
14 72 40
27 88 50
3 71 54
64 75 57
20 25 54
62 69 5
85 41 40
9 28 84
6 72 92
30 37 58
41 37 25
45 78 95
89 54 31
92 13 79
93 11 11
33 66 65
37 86 7
76 10 19
97 5 65
6 29 49
92 8 32
16 90 16
14 39 58
20 67 29
30 39 28
46 15 56
19 68 88
7 1 81
66 26 94
11 87 3
35 0 78
69 9 98
26 61 67
43 21 44
97 36 5
71 31 57
82 18 8
25 98 49
67 33 64
4 81 24
5 63 39
17 77 27
16 6 74
6 33 97
90 23 94
14 1 65
53 97 87
52 60 80
84 8 42
78 97 25
45 92 57
39 42 93
2 62 20
96 91 93
97 48 70
39 86 69
63 71 73
77 91 57
4 84 37
79 30 99
75 94 79
38 42 1
49 82 95
4 66 55
50 13 59
83 72 41
27 42 3
28 26 34
77 6 55
55 92 73
34 29 93
83 37 3
77 24 76
72 18 57
24 27 25
98 34 8
50 57 2
21 62 65
47 73 79
89 64 100
52 22 70
7 58 15
32 0 55
84 58 35
24 33 73
30 90 73
24 63 94
59 68 79
69 64 66
61 39 95
85 42 28
74 15 77
57 34 18
12 65 70
8 10 76
90 68 23
86 87 28
2 89 3
19 74 55
15 20 4
27 88 85
45 4 3
35 79 84
69 20 82
53 60 30
74 81 67
83 60 83
85 57 51
42 57 4
16 25 38
68 66 26
47 89 68
3 70 34
9 0 23
77 46 17
11 57 98
43 33 34
96 70 33
51 50 1
85 51 50
5 42 78
82 21 57
62 13 59
38 8 69
60 13 93
52 14 79
60 71 95
12 3 58
63 61 94
74 11 41
83 9 92
22 26 72
67 26 30
38 98 38
34 66 44
34 6 24
32 67 98
13 28 12
64 80 5
41 63 95
43 69 4
8 50 50
72 62 8
53 93 69
45 53 58
18 21 55
22 66 10
37 89 94
47 12 9
32 54 67
32 15 69
93 80 38
39 34 80
49 21 7
98 20 76
77 81 9
50 93 49
82 18 65
92 1 46
97 84 79
1 53 10
99 90 16
33 0 82
3 35 99
37 89 94
85 95 89
28 4 16
50 29 32
79 51 30
68 0 27
58 86 1
93 38 81
37 44 39
23 5 87
59 32 44
76 37 58
2 99 93
6 97 41
12 39 40
18 98 27
78 17 37
51 0 24
9 25 43
91 24 47
17 21 72
27 93 15
69 40 20
78 47 81
34 29 79
95 17 26
39 57 78
94 55 100
45 63 15
50 8 6
24 49 3
15 35 78
20 80 5
35 34 55
93 53 43
60 54 36
7 23 8
8 94 21
16 55 49
91 73 56
7 70 54
46 82 74
49 8 69
28 94 26
72 82 10
65 78 20
8 22 73
43 58 87
38 22 10
76 12 13
76 50 2
95 11 46
73 47 36
1 73 51
27 32 93
21 93 83
42 3 4
38 87 38
69 44 7
14 27 23
56 86 21
30 64 36
91 95 51
91 67 69
68 97 27
51 89 11
95 13 49
52 44 12
54 39 76
89 56 53
57 7 36
47 10 91
79 41 85
8 39 73
13 72 76
15 76 98
80 85 1
15 33 42
18 33 76
52 42 34
82 80 57
65 3 18
16 54 63
50 10 97
73 78 59
