94 74 31
92 89 21
83 15 76
59 3 31
31 50 32
1 97 6
50 63 63
79 61 8
68 19 61
66 21 46
58 14 94
74 96 24
80 22 86
27 30 75
47 43 46
15 70 53
53 11 15
72 68 24
28 52 66
1 26 24
11 7 36
13 95 74
58 85 63
17 82 38
77 41 49
76 40 64
47 15 87
57 4 70
79 98 22
44 3 87
91 46 12
6 24 89
55 96 25
63 15 87
53 68 49
29 58 55
22 90 38
44 11 85
15 24 4
82 85 21
28 29 23
76 18 18
60 8 96
45 58 21
84 73 28
14 99 85
73 9 50
23 72 1
90 25 70
9 73 86
24 60 47
98 37 29
22 17 45
30 61 71
61 5 60
53 99 23
69 24 82
27 61 92
41 51 34
7 33 40
28 63 78
92 42 6
39 2 42
94 92 97
90 62 52
29 75 68
74 67 85
68 54 15
44 45 65
73 56 11
15 94 37
10 72 69
51 90 13
27 82 92
51 3 94
25 97 70
5 82 16
50 26 57
0 30 9
82 24 23
17 6 56
3 26 8
31 68 24
82 96 39
18 45 90
99 16 88
60 39 40
16 64 89
55 96 28
50 24 11
18 22 47
83 41 42
48 97 44
8 80 33
39 84 60
16 67 88
93 12 19
58 91 71
1 75 26
96 59 51
84 72 50
9 85 31
89 12 57
90 22 32
43 59 46
32 99 32
12 97 26
21 69 56
92 55 24
40 14 81
68 55 74
9 54 96
4 73 36
57 58 40
60 15 45
89 26 95
30 47 54
80 92 62
59 89 20
1 6 72
68 93 7
84 6 86
76 91 24
2 47 93
36 72 17
46 94 34
95 99 43
27 82 72
90 83 83
69 18 22
97 36 14
30 97 34
35 48 5
55 20 93
85 71 57
72 59 67
47 16 95
98 57 9
82 12 63
65 20 10
92 66 89
18 69 3
97 15 18
5 21 22
41 43 46
49 21 65
33 73 61
96 52 79
14 50 98
1 39 92
44 85 63
24 11 47
4 90 95
6 28 65
94 91 96
7 87 29
67 92 13
69 95 62
52 38 98
57 39 40
23 45 8
6 2 78
14 73 22
72 97 80
48 6 39
96 3 76
64 90 56
83 78 89
37 90 40
16 31 51
4 6 17
73 26 34
54 30 95
34 56 64
47 20 51
70 38 44
33 49 54
41 16 59
62 95 6
39 19 65
61 78 41
85 19 88
69 29 9
97 98 89
24 75 10
31 98 77
82 79 22
23 63 85
79 25 64
88 11 51
2 8 16
47 18 4
5 28 24
47 90 86
90 53 14
43 40 71
83 24 4
19 15 12
79 66 70
68 22 44
16 56 7
98 8 10
15 79 17
68 13 11
61 91 54
87 60 36
44 39 18
0 9 30
12 21 8
79 46 51
7 12 22
76 73 80
9 72 96
79 91 33
26 43 73
15 32 90
7 48 80
98 21 68
40 24 35
32 50 2
41 13 15
8 40 7
10 74 11
56 94 84
21 31 91
78 76 6
23 35 37
57 35 78
55 29 77
85 90 45
49 22 11
55 2 10
30 39 34
21 73 77
19 97 69
6 42 96
68 49 31
9 61 48
55 30 19
9 84 31
32 22 3
87 15 67
52 45 57
19 27 22
5 54 48
7 11 93
9 5 58
43 5 53
44 21 68
61 15 82
21 13 90
93 8 44
53 4 93
95 4 85
31 65 1
96 82 32
26 1 48
24 15 92
51 2 4
19 68 72
73 19 20
81 99 7
71 43 19
62 10 9
40 0 62
42 2 56
72 19 90
22 0 7
65 36 6
73 36 71
41 76 29
60 14 94
76 88 89
47 74 33
33 98 68
23 2 93
60 72 26
70 52 75
49 81 84
32 19 5
5 65 35
12 22 93
73 24 27
4 57 91
96 18 36
58 72 41
37 99 79
29 32 89
99 46 90
94 98 30
57 3 17
1 43 47
92 27 27
43 83 77
53 33 89
66 53 26
11 94 51
19 43 15
54 34 94
8 72 55
17 6 31
79 97 78
79 61 18
11 3 62
7 69 81
24 26 16
14 20 90
85 13 52
78 51 79
37 44 80
48 66 31
99 42 1
37 79 20
99 22 53
17 10 3
3 14 55
68 89 78
55 17 60
78 55 87
27 38 97
37 45 71
50 37 53
93 2 79
17 65 15
86 51 4
52 43 99
80 11 98
78 30 78
27 39 36
59 22 38
28 83 16
46 1 84
26 65 18
33 43 33
82 7 82
30 3 74
38 46 83
57 75 21
85 46 61
49 8 47
40 99 63
22 87 75
74 93 62
26 69 69
21 18 50
29 70 36
12 68 35
43 39 40
72 84 19
65 32 42
59 93 52
11 15 90
11 6 78
27 62 43
37 21 64
10 15 54
75 55 63
80 83 87
48 35 31
86 56 22
88 74 68
22 25 89
65 87 38
89 58 2
22 65 56
17 73 9
15 14 70
46 19 67
70 89 98
43 49 61
58 62 18
61 13 7
35 63 93
22 31 4
5 26 83
5 74 77
85 80 43
45 96 79
68 10 73
37 46 61
50 84 48
48 14 99
72 99 99
95 64 70
6 1 81
98 78 99
60 13 19
78 38 76
92 46 32
98 37 87
45 61 99
43 49 3
59 3 83
35 19 75
86 81 81
29 49 38
34 63 52
17 47 81
86 75 88
35 98 19
21 36 79
98 90 7
89 82 13
55 41 22
48 90 16
50 15 95
23 49 36
17 35 14
74 68 6
96 55 27
86 92 1
81 51 26
16 32 19
44 55 64
25 45 57
97 47 66
7 72 77
0 88 37
72 10 5
41 31 66
4 15 53
10 91 41
56 81 98
45 30 33
98 10 19
21 47 53
7 0 54
30 86 60
77 88 34
47 29 49
92 80 67
86 51 67
65 6 78
60 67 94
93 7 34
33 52 100
14 40 48
81 37 57
82 1 31
57 26 22
80 32 29
95 61 36
56 75 93
86 17 21
76 16 47
92 33 57
94 44 84
75 85 96
3 23 77
16 20 80
16 2 36
14 90 56
70 74 95
5 97 33
70 17 32
38 41 100
74 18 91
16 20 4
99 11 31
35 24 91
85 38 3
36 7 26
96 12 29
99 73 46
19 26 43
25 76 80
19 85 1
55 54 100
32 42 42
7 3 48
70 32 12
6 88 55
55 42 1
93 46 59
70 6 77
26 74 55
96 35 17
93 26 33
8 52 24
86 62 31
17 19 31
45 13 60
3 1 22
4 24 25
19 95 73
52 33 1
87 34 30
82 62 4
21 65 79
8 9 54
58 28 27
8 43 76
31 37 8
72 33 77
2 63 77
14 67 52
33 61 48
74 65 54
63 35 98
97 85 72
22 1 87
30 91 19
19 40 42
77 18 28
57 21 100
75 26 40
52 80 27
12 59 54
43 70 60
6 1 78
98 89 87
65 93 92
71 8 66
69 8 26
18 62 84
4 27 4
90 54 24
34 9 47
63 26 3
18 92 44
90 72 64
66 78 81
8 7 97
47 80 71
14 54 12
98 75 70
86 73 71
3 95 75
65 7 64
12 25 30
21 42 40
55 25 86
93 32 7
70 51 43
61 15 46
36 90 24
75 60 16
8 95 49
22 68 23
78 64 14
80 15 37
41 9 100
99 79 73
83 49 36
94 5 96
63 68 18
46 29 3
85 42 48
44 10 13
83 15 3
42 91 22
92 20 45
59 43 61
0 23 13
19 81 87
78 44 75
12 23 63
49 43 78
14 63 100
10 31 30
7 86 86
20 29 37
10 15 77
36 64 69
59 92 13
97 51 42
0 70 99
9 35 54
94 19 11
56 68 5
43 22 98
99 86 14
42 94 13
57 49 7
27 47 37
13 26 73
22 67 50
72 28 69
95 66 26
32 63 77
51 81 6
15 93 11
15 3 63
89 64 78
32 35 83
39 7 74
26 58 9
47 0 9
67 65 28
40 89 51
27 17 24
80 10 23
16 15 51
69 85 35
26 13 24
71 79 76
93 92 63
97 45 23
20 40 47
31 23 16
89 53 44
92 24 2
8 77 100
34 59 82
26 77 65
49 52 67
56 67 20
86 77 4
76 25 21
74 62 82
80 23 16
88 61 23
11 14 85
25 14 55
11 21 98
67 55 89
45 40 69
59 60 41
61 27 13
84 60 89
30 31 14
58 40 42
52 61 97
85 17 42
57 92 61
48 67 39
86 62 80
8 43 64
33 53 67
55 47 72
84 72 16
89 28 55
28 14 97
51 54 42
57 78 41
28 36 34
84 68 27
44 42 28
66 79 94
5 18 80
19 29 61
32 28 33
82 91 84
48 30 15
17 43 5
15 67 35
6 78 27
21 7 95
82 29 36
75 64 18
99 69 63
92 28 47
1 11 4
54 41 84
64 32 35
97 56 43
58 90 3
86 39 100
8 75 80
90 8 68
63 92 10
46 70 35
77 93 76
26 94 43
78 70 65
19 28 30
31 91 69
19 48 69
7 8 71
47 40 74
8 7 66
46 90 57
12 15 94
65 73 15
12 72 98
27 37 34
15 26 86
55 11 63
64 22 6
56 97 33
75 3 28
3 7 68
8 63 25
13 62 22
40 38 5
39 60 77
3 29 73
61 0 62
5 7 31
55 45 26
0 99 44
85 29 68
44 8 24
74 22 39
83 11 56
78 52 5
38 94 7
42 54 34
2 66 85
10 99 16
60 37 25
83 31 33
74 99 82
72 5 51
62 87 85
42 58 43
45 75 87
89 22 23
26 30 68
18 98 32
42 13 98
63 9 58
49 55 15
71 61 80
44 94 24
92 66 23
30 31 87
67 13 37
96 48 92
64 8 37
44 5 56
31 41 64
34 8 64
92 26 25
36 58 97
3 39 50
23 95 100
44 97 57
36 92 76
84 77 85
29 52 27
69 6 93
75 2 73
13 46 22
13 4 84
39 38 89
28 34 58
97 63 70
83 3 74
69 34 30
25 97 79
87 64 4
71 16 68
83 47 40
2 99 39
64 5 22
42 22 41
58 23 5
60 71 96
44 77 40
35 5 36
75 62 18
86 35 31
63 14 23
58 88 36
33 95 58
94 65 65
21 69 19
49 11 23
64 74 31
60 90 82
23 53 88
66 85 45
96 93 84
3 70 33
9 94 77
77 51 54
19 7 5
26 11 50
84 79 77
82 45 26
9 7 39
19 22 57
37 27 4
6 91 48
51 60 29
33 7 66
35 87 93
99 98 22
13 11 55
73 13 12
74 5 74
89 51 30
45 13 16
20 81 27
9 21 93
67 99 76
33 66 24
18 7 84
93 89 80
54 9 21
72 2 35
30 15 10
30 53 13
45 41 92
81 93 10
25 74 83
52 40 40
66 82 20
67 51 55
96 10 39
0 10 6
94 88 29
29 91 43
41 58 28
86 68 40
35 52 45
4 65 75
48 96 12
77 24 70
4 56 76
29 87 64
22 58 85
90 15 66
71 4 28
68 92 84
54 56 6
41 5 57
83 16 59
96 59 12
32 76 43
33 54 64
1 51 42
49 43 35
30 22 98
59 94 79
55 13 79
46 85 38
80 84 54
31 95 85
20 11 62
16 72 45
14 76 1
29 43 41
94 82 77
41 44 48
92 5 35
4 7 25
87 41 33
10 92 88
49 97 6
66 80 84
40 10 47
88 64 70
35 62 5
63 60 32
78 17 82
73 23 77
74 78 100
85 81 3
69 78 76
37 49 13
89 30 36
29 73 31
10 61 83
34 25 2
68 79 90
28 66 65
96 93 15
88 2 92
23 59 8
7 31 15
89 25 60
74 71 83
76 52 8
58 68 53
1 43 75
49 14 5
78 94 22
88 82 69
31 39 35
26 10 65
35 47 65
65 83 51
10 0 53
23 77 32
92 63 5
50 53 23
72 66 55
66 89 59
67 11 20
90 73 39
58 11 55
47 18 10
68 75 51
65 88 45
11 0 88
43 70 31
85 24 81
96 62 1
74 0 19
82 97 12
29 92 99
29 20 81
40 92 92
92 16 92
44 57 75
70 49 34
6 11 11
80 89 22
50 77 32
37 56 4
53 42 94
27 20 66
37 41 38
50 64 95
28 0 41
84 21 52
9 97 23
5 12 80
51 18 30
65 95 52
31 99 17
51 82 42
91 41 91
18 13 89
82 76 47
28 0 60
93 73 61
22 61 32
48 87 64
53 99 48
83 63 70
15 14 4
80 62 35
15 53 28
86 97 27
71 2 26
65 19 30
36 29 10
94 18 13
5 96 26
86 20 69
21 93 6
45 53 87
71 19 61
24 83 82
81 0 63
68 33 46
65 57 7
54 37 43
2 6 63
51 42 21
79 20 70
95 43 8
45 38 20
44 24 75
76 40 93
64 34 92
73 58 61
54 53 46
27 46 32
21 84 32
69 98 86
32 43 53
95 36 4
69 43 71
31 79 2
2 39 2
83 81 86
3 7 84
72 18 39
4 92 94
89 72 97
11 33 93
42 94 40
95 80 15
79 9 5
91 94 93
81 7 77
68 45 53
72 97 53
14 39 86
58 10 16
15 26 81
68 48 20
67 54 97
67 47 35
17 24 67
3 29 7
80 41 91
88 97 14
71 87 66
33 85 50
9 4 96
88 33 22
68 58 87
95 64 42
0 84 23
23 40 41
9 51 47
23 69 89
23 84 2
19 71 58
8 21 5
10 77 25
9 21 5
6 87 29
70 28 76
6 76 98
70 49 94
91 85 27
26 11 1
68 36 33
55 22 18
14 9 100
40 97 98
15 83 14
38 32 11
70 94 73
87 21 52
62 8 31
99 89 6
78 38 53
71 76 55
37 86 20
11 1 41
59 49 65
7 9 20
34 25 87
78 9 15
16 23 21
91 68 71
37 6 33
0 86 72
49 67 70
70 33 11
82 90 19
76 92 95
35 30 1
43 41 23
14 11 87
38 33 66
98 62 70
85 34 7
1 15 91
88 39 37
56 74 22
78 95 80
70 62 88
20 61 8
74 55 55
72 91 29
58 10 48
73 62 87
5 32 54
12 62 16
22 20 64
9 14 82
14 6 10
36 24 98
17 69 82
22 71 96
26 7 76
3 16 72
61 87 79
6 40 54
56 64 83
40 18 69
8 45 57
5 88 77
98 0 54
86 59 94
62 13 75
84 88 56
62 45 74
76 77 29
18 7 29
26 73 31
1 17 65
29 6 100
23 97 43
98 92 46
78 68 71
14 22 91
95 49 2
35 72 51
31 7 72
9 39 95
91 84 75
20 21 8
55 91 27
24 28 68
66 63 15
82 99 31
77 67 7
12 26 71
68 75 3
98 13 81
12 48 65
35 76 33
63 19 46
69 61 49
68 39 34
40 58 53
21 69 12
12 65 50
37 29 68
12 1 72
64 11 13
7 28 75
63 31 8
67 57 79
28 75 80
10 12 3
67 22 33
3 16 67
31 54 46
21 7 58
96 13 52
82 95 53
47 99 32
80 65 75
86 90 84
99 32 77
99 60 8
0 71 61
79 84 26
27 62 70
53 27 85
46 77 78
38 9 9
33 51 7
60 34 77
89 46 14
11 10 92
95 13 47
8 69 82
89 62 80
17 18 32
61 62 42
45 82 79
6 75 61
98 76 51
97 52 58
75 65 74
79 22 40
38 4 27
22 53 40
68 88 28
94 70 87
74 21 72
63 17 30
71 15 57
94 86 1
58 54 19
72 16 92
5 95 74
28 12 13
41 73 28
10 91 23
22 80 59
49 21 79
20 72 17
88 58 26
25 66 81
74 52 95
79 16 62
10 0 77
97 61 76
66 59 54
61 38 31
23 79 78
17 2 2
80 70 36
70 93 61
79 50 76
23 27 28
81 54 25
41 74 86
51 2 11
37 92 17
21 66 68
9 42 49
32 61 50
13 0 1
46 34 42
73 22 6
31 14 80
4 98 63
47 16 93
84 10 94
20 74 10
38 32 7
15 77 64
56 91 11
59 15 90
76 31 36
62 69 8
88 0 95
56 40 88
55 94 14
97 67 73
21 24 23
99 1 66
49 4 40
98 91 62
91 41 59
91 77 74
82 93 33
83 49 10
55 89 5
28 53 44
2 92 84
59 99 59
95 34 9
23 48 86
2 40 54
99 52 90
18 41 28
90 38 65
64 58 72
87 5 6
29 92 79
70 82 38
88 74 59
84 41 40
31 86 67
93 84 50
33 82 33
99 77 64
10 43 61
10 24 92
9 47 54
45 53 68
7 24 9
52 73 51
1 96 71
91 98 69
57 29 58
6 71 30
82 22 22
41 70 51
50 72 62
95 1 70
10 42 55
33 10 22
21 96 68
64 24 26
17 19 79
78 88 48
49 12 33
35 29 64
13 88 52
42 67 51
76 83 77
11 20 20
25 29 29
13 0 94
83 8 22
70 37 79
8 9 37
48 42 76
28 25 69
0 32 57
76 27 56
18 52 55
82 20 63
42 43 10
98 72 91
40 6 16
0 46 56
54 33 80
30 21 93
56 42 81
51 72 23
16 29 72
24 87 24
37 27 76
22 76 91
47 66 75
61 97 14
29 69 37
76 56 83
6 15 32
48 26 70
36 40 58
74 54 45
6 88 8
86 80 18
85 31 25
91 73 88
45 8 69
77 9 78
55 32 26
41 87 83
92 26 20
54 73 95
86 89 60
22 61 66
42 53 54
42 40 46
29 22 87
3 36 31
55 25 31
2 88 53
35 75 30
69 12 45
30 76 84
49 70 35
38 84 82
31 86 72
63 46 85
92 80 78
85 23 37
72 70 31
94 41 28
19 8 27
22 66 70
96 5 39
47 49 5
23 74 26
32 77 20
88 75 1
78 51 86
16 78 23
98 45 71
63 23 41
53 22 89
0 23 98
87 4 69
23 22 63
19 24 44
46 63 40
97 9 19
77 3 98
21 90 22
93 24 87
3 42 34
90 10 79
5 80 27
64 36 38
70 89 1
27 28 99
44 80 85
76 82 63
80 33 72
80 14 33
73 17 75
45 8 89
68 75 79
93 38 52
56 64 44
77 9 73
90 25 86
34 54 57
88 51 61
22 87 5
31 58 9
90 93 50
49 98 71
95 98 76
34 83 41
34 24 14
18 0 51
15 44 69
13 10 20
68 33 4
28 70 32
78 17 75
79 13 18
59 96 96
41 63 28
21 43 2
47 54 25
99 83 12
79 28 36
13 28 1
62 35 84
46 86 65
69 88 25
31 96 80
50 34 5
57 28 54
59 12 40
51 46 9
42 27 48
6 95 54
74 44 50
67 19 42
15 1 83
22 18 98
38 62 58
84 2 61
10 6 75
51 96 98
53 52 80
73 47 65
80 62 18
16 46 97
66 62 69
44 14 29
34 93 52
29 11 79
51 49 9
50 81 24
42 46 100
10 45 48
73 31 9
18 41 48
66 60 11
77 44 51
45 28 20
5 62 51
85 83 21
80 47 29
63 2 26
65 78 96
20 47 36
60 98 27
55 10 22
16 80 83
83 58 62
16 75 15
72 27 84
92 87 53
46 63 91
62 28 40
86 11 51
30 98 47
82 40 3
29 18 9
44 49 70
28 8 37
82 60 74
19 98 33
15 58 71
69 72 67
49 22 18
93 36 5
46 65 57
7 58 8
86 72 43
30 6 58
77 21 98
87 73 87
60 80 22
70 34 9
26 21 20
94 1 56
52 17 64
85 4 29
84 9 53
16 37 7
70 32 62
95 59 12
71 72 15
67 71 36
3 73 65
94 46 43
33 86 7
25 72 71
93 18 19
94 56 100
95 27 30
10 98 71
41 8 98
49 73 66
75 98 34
56 78 75
54 78 90
93 21 53
62 76 30
86 22 13
12 11 87
7 23 3
90 29 4
98 49 11
23 83 1
82 6 98
59 10 89
67 46 43
82 93 70
36 59 92
20 44 6
78 18 58
32 24 98
57 92 29
52 62 59
84 23 46
45 20 53
39 26 73
19 10 81
98 81 38
75 85 35
13 90 95
85 21 57
41 9 91
36 56 98
28 8 27
44 60 38
57 0 42
45 68 65
84 49 18
79 89 30
70 37 18
61 5 5
7 48 61
15 44 85
70 46 24
88 64 39
52 8 7
60 41 20
18 17 58
76 11 91
61 82 52
49 26 57
15 96 47
38 93 2
8 2 10
23 29 89
21 33 45
53 82 18
34 30 92
61 96 54
29 14 12
44 94 10
50 76 60
47 3 39
89 19 84
16 75 45
68 58 19
66 40 32
35 87 41
60 22 56
33 53 5
51 20 93
82 40 41
67 85 84
11 60 35
47 46 100
48 19 60
73 14 45
50 20 20
8 28 69
0 76 83
12 75 83
66 82 44
98 13 35
33 22 23
61 6 11
72 19 100
14 93 43
45 17 72
46 31 22
28 63 35
4 70 63
16 29 11
44 65 26
57 0 83
79 73 5
57 71 42
36 46 48
24 43 100
90 25 88
30 27 2
83 77 51
59 23 18
66 20 42
13 23 12
55 45 84
94 33 85
11 46 88
60 35 80
61 42 45
21 46 86
12 23 10
63 37 68
43 64 13
78 46 18
55 54 7
72 70 63
40 6 17
13 31 93
25 75 71
75 15 90
77 91 8
0 96 56
33 30 63
27 19 62
76 50 87
52 68 97
46 13 10
88 48 29
85 48 97
74 18 80
7 24 42
15 29 73
97 59 100
81 16 12
22 71 100
28 7 94
61 8 42
65 99 45
89 99 15
79 73 11
58 36 92
59 79 34
35 8 91
58 24 75
61 81 28
72 40 97
85 99 26
50 1 3
91 63 7
19 99 27
99 81 33
53 41 42
26 95 82
84 78 72
55 95 33
58 19 31
65 50 9
7 31 39
70 10 5
82 45 35
52 45 74
95 56 31
72 56 49
75 59 46
0 45 43
97 59 13
27 69 58
84 58 25
99 70 19
56 97 61
72 60 49
0 73 77
33 64 75
10 3 20
78 94 58
37 3 92
96 73 75
32 67 9
56 94 81
33 65 84
78 60 37
23 87 43
61 32 27
46 44 23
73 53 92
24 34 92
43 26 36
85 84 25
18 58 82
22 86 95
68 37 65
29 28 6
42 65 82
29 93 16
97 73 17
25 16 48
33 54 76
90 39 59
39 67 83
20 8 38
91 93 18
88 69 100
26 62 74
16 80 24
69 10 12
20 15 54
62 12 38
60 44 31
26 40 60
61 94 83
73 70 63
63 16 21
41 50 80
87 24 32
67 63 90
28 4 97
24 81 17
95 47 50
42 52 15
35 85 69
28 35 25
41 71 79
80 58 15
46 39 8
73 53 98
98 7 54
27 50 79
94 33 91
81 57 95
17 56 57
26 4 34
76 22 96
26 62 46
85 27 38
49 62 47
14 92 60
40 6 80
68 95 6
58 79 56
8 18 23
83 92 60
75 3 51
1 23 83
44 71 57
45 38 16
57 34 11
13 48 44
66 99 57
1 56 27
62 5 97
63 60 28
17 65 61
44 74 27
11 74 53
73 91 92
58 52 97
67 62 85
23 32 56
75 81 88
7 48 10
78 81 10
61 96 85
18 24 74
76 22 11
88 7 93
69 15 74
1 15 27
37 0 22
63 55 48
39 2 59
25 83 6
19 25 57
11 36 79
39 83 85
72 92 17
48 64 84
43 79 73
3 93 92
26 85 16
51 39 11
48 34 73
90 23 66
93 4 88
42 67 1
52 13 73
17 58 88
48 16 49
3 79 47
99 37 95
92 10 12
32 69 9
46 42 84
13 68 52
35 56 33
58 23 2
24 66 86
35 45 78
5 50 15
24 5 50
45 39 14
43 74 61
10 99 67
15 81 42
5 98 49
59 44 95
53 58 62
86 43 12
61 55 50
34 60 34
16 14 87
38 14 18
89 65 61
83 22 68
40 97 50
75 68 51
73 30 84
56 84 18
84 83 34
73 46 30
9 12 71
93 19 28
57 16 47
23 72 52
49 5 19
7 95 21
89 28 73
93 24 21
5 70 82
79 84 90
26 44 9
31 90 33
97 57 45
75 31 76
33 24 14
48 14 34
73 47 5
60 67 84
44 90 76
26 15 95
92 0 9
55 63 100
66 77 74
11 40 43
60 4 39
26 41 85
90 33 1
96 21 86
93 15 14
34 8 19
44 63 65
66 83 89
52 82 69
7 86 23
42 20 11
30 20 24
63 38 10
21 93 3
67 87 40
94 17 41
87 44 13
79 33 57
75 44 30
73 19 44
25 82 79
6 99 15
14 25 89
45 6 22
19 87 15
3 64 48
46 72 65
65 69 1
50 98 44
70 57 58
76 11 55
18 68 85
29 86 6
19 23 23
99 15 94
11 27 41
62 79 35
5 92 10
34 36 10
87 8 65
80 37 90
66 53 7
31 30 60
79 67 79
1 92 27
13 21 37
33 90 27
5 50 49
53 92 93
66 7 92
75 60 23
64 69 53
89 44 22
16 61 66
71 21 99
36 33 53
67 11 38
45 31 19
70 61 90
70 21 15
55 91 83
59 11 65
77 10 96
65 89 46
19 8 47
4 9 91
50 8 78
16 6 39
15 21 4
80 30 65
17 41 52
43 46 6
27 15 77
99 26 40
38 42 94
21 47 12
71 9 51
69 28 72
32 16 64
27 58 53
58 84 80
14 16 11
15 41 92
43 3 76
15 90 99
99 44 75
63 75 29
97 45 51
89 12 33
24 6 25
14 38 29
3 63 14
1 77 50
48 14 36
9 90 31
1 47 92
59 28 69
7 39 80
92 91 76
17 68 14
7 66 15
33 30 43
11 88 32
36 15 37
90 2 82
55 45 51
16 93 9
41 39 34
99 52 72
14 1 92
94 56 81
86 20 56
7 75 20
10 13 77
87 37 3
35 31 86
1 91 13
76 40 4
43 2 29
35 50 1
95 45 60
84 69 1
80 87 35
37 50 7
97 95 78
54 23 41
96 46 35
84 99 6
33 4 2
90 30 49
15 37 6
94 73 64
77 73 51
27 4 14
78 83 83
78 16 99
63 61 83
75 11 5
59 88 1
17 67 39
48 13 91
24 76 76
86 88 69
60 3 34
24 32 4
36 5 60
7 6 47
21 1 62
2 43 99
95 35 43
64 0 1
63 9 31
68 74 73
64 35 54
26 71 4
89 56 73
44 51 69
65 40 81
50 28 40
19 26 17
94 88 48
95 67 15
42 45 35
63 97 75
31 52 88
39 44 45
66 47 73
82 85 26
10 38 53
15 93 39
26 17 35
46 73 41
2 46 53
91 53 9
82 83 87
25 91 16
19 86 54
58 82 12
85 63 97
68 30 7
25 89 65
22 0 78
26 75 43
59 46 86
71 26 11
77 51 37
33 73 6
85 12 65
76 48 58
60 89 19
54 77 40
41 24 52
54 77 7
67 11 40
84 7 56
26 68 89
79 68 68
14 63 50
78 95 68
35 61 49
17 69 12
65 26 43
68 52 62
43 91 31
14 9 40
78 45 67
28 63 26
90 92 37
16 21 5
67 41 97
29 43 38
10 32 44
68 86 83
1 40 12
10 8 65
95 65 28
55 41 84
53 24 47
59 86 47
75 5 72
49 13 62
66 80 70
81 15 99
15 29 80
83 42 35
28 64 16
24 37 60
64 96 73
78 28 15
57 87 18
34 29 30
21 34 34
2 73 45
81 40 84
36 22 56
96 4 73
80 38 85
32 47 17
22 69 9
92 19 72
15 18 89
83 79 51
42 19 4
90 13 38
40 25 29
39 29 49
91 81 35
93 33 76
73 43 90
46 78 38
87 0 68
82 95 81
22 62 100
28 83 42
95 71 74
51 7 100
16 49 73
39 53 28
31 51 84
79 11 94
31 40 27
4 51 70
48 12 28
74 20 17
84 33 64
20 38 63
27 54 48
45 42 14
11 8 18
43 10 14
38 47 84
74 59 17
17 50 68
66 4 48
95 97 50
93 36 51
7 32 31
39 80 59
67 61 49
98 58 42
56 75 34
67 18 86
26 3 61
91 99 72
90 56 31
44 26 54
66 75 10
73 65 87
54 41 5
67 58 80
74 34 41
98 6 54
57 23 93
67 76 22
31 6 76
70 84 15
30 7 65
91 22 24
56 39 8
93 14 12
15 55 90
44 34 4
26 77 83
25 9 72
79 51 4
92 37 31
53 1 75
12 3 2
48 76 93
83 25 95
62 4 10
76 78 15
93 50 94
68 65 38
46 24 82
36 91 30
97 55 69
83 98 75
15 66 90
3 22 39
79 4 21
83 1 65
6 83 20
12 63 6
62 69 15
30 21 58
88 98 78
59 91 27
74 41 41
56 8 6
98 68 36
96 52 56
29 83 98
61 10 40
64 29 91
9 78 69
57 56 29
31 87 29
18 51 51
59 86 75
62 69 64
69 55 61
38 52 76
50 98 48
19 61 73
67 36 19
74 56 80
62 13 35
26 10 43
70 29 94
97 41 30
20 6 18
72 50 47
43 99 86
50 24 55
33 7 56
28 64 62
33 55 81
33 5 76
50 67 52
48 96 23
76 64 39
30 83 95
72 84 92
55 28 41
30 82 36
97 54 72
43 51 11
23 21 11
44 72 5
60 22 20
94 95 29
59 46 77
5 40 17
56 29 82
62 49 24
41 60 27
75 4 39
49 25 91
97 14 35
32 0 46
3 42 42
77 31 87
33 7 34
48 21 83
72 40 93
40 60 82
50 27 72
59 62 28
80 27 1
7 71 62
19 78 26
0 56 57
86 95 65
76 4 76
42 57 22
25 50 46
31 95 83
89 20 44
68 4 48
66 27 97
66 40 83
82 11 25
44 5 95
91 63 23
76 83 69
55 15 11
7 90 99
37 44 22
80 36 82
97 13 97
16 36 93
24 29 98
85 7 47
94 54 99
79 20 87
31 20 75
58 83 95
59 28 79
93 36 67
38 97 32
71 80 74
4 41 67
45 93 20
78 76 64
39 68 17
60 77 34
58 27 11
8 27 73
99 77 87
1 2 73
33 62 68
76 29 92
89 74 42
51 5 31
47 45 29
16 59 3
32 88 95
97 84 97
87 37 93
87 5 82
89 75 81
70 50 80
2 89 86
23 18 13
30 70 93
24 25 32
24 28 29
44 41 62
79 4 79
30 35 55
59 79 71
51 11 32
56 17 80
43 80 80
19 54 28
10 69 43
67 25 19
85 29 90
41 10 88
59 55 87
67 0 14
60 25 89
81 9 70
70 72 65
86 59 86
30 84 7
15 13 9
33 21 78
42 3 8
36 78 67
11 42 16
85 10 87
41 71 20
60 22 61
69 32 87
83 36 70
54 3 26
74 60 79
31 0 20
64 8 36
49 12 8
74 17 62
36 46 63
28 35 28
34 93 30
37 74 15
76 2 88
63 41 30
78 85 66
96 55 23
17 7 4
69 27 69
5 39 84
20 9 30
3 80 46
78 92 26
88 54 42
18 55 58
57 3 83
5 81 52
13 6 13
36 69 89
44 52 56
33 70 69
4 46 41
7 14 56
7 88 56
18 37 19
36 63 91
90 77 96
64 96 85
93 0 92
59 50 41
49 56 10
22 66 17
66 7 75
15 28 42
7 4 15
86 46 30
27 87 70
83 22 99
82 32 78
97 15 73
58 64 81
14 81 14
75 32 10
14 83 89
41 31 82
31 71 55
22 30 4
61 69 32
23 91 33
77 44 25
88 1 18
68 18 76
27 42 27
81 32 87
60 39 71
80 78 60
89 31 86
99 17 88
80 98 46
71 3 8
44 76 79
42 10 44
0 70 94
86 96 24
59 23 59
97 43 53
27 1 92
67 64 10
84 37 57
67 21 87
79 43 68
30 34 11
22 3 86
79 94 93
95 29 22
21 16 68
48 40 36
97 25 61
99 10 37
32 89 64
42 28 52
80 31 6
27 74 98
11 7 67
93 5 6
20 38 84
81 36 94
51 2 63
28 75 71
16 44 61
9 98 90
9 17 39
34 50 2
18 93 43
92 51 73
84 65 65
8 39 61
0 74 11
12 29 45
80 53 35
26 19 87
64 42 65
95 73 84
95 0 94
25 62 3
70 86 42
76 24 77
60 78 8
48 72 63
6 80 28
27 52 86
55 7 29
80 51 11
65 61 52
65 92 8
73 9 49
67 41 42
89 88 34
79 41 34
10 15 73
53 72 54
6 61 81
21 23 12
84 41 11
42 31 4
59 31 33
47 48 80
7 12 56
96 71 47
82 2 11
11 72 99
98 59 77
13 1 31
88 92 58
2 81 90
93 79 82
42 88 19
90 70 28
9 17 4
99 77 84
35 99 88
33 68 16
85 71 80
54 36 13
39 52 28
56 42 74
79 3 1
35 55 43
55 2 66
76 78 60
2 87 5
66 41 18
70 45 3
41 62 20
46 23 64
50 25 62
88 42 54
33 88 43
30 28 13
64 90 9
45 92 83
66 94 23
48 62 58
74 88 85
62 94 58
25 96 60
76 71 98
92 65 19
15 1 16
20 16 81
43 88 43
62 41 89
83 12 26
8 77 69
5 19 88
12 52 42
20 47 61
86 8 9
21 59 9
39 41 76
11 66 34
49 8 30
18 57 66
50 62 57
29 84 62
22 93 64
47 52 93
2 36 15
37 49 36
55 95 55
5 31 42
50 62 16
37 21 75
93 42 72
73 6 26
95 70 58
64 98 91
33 6 1
21 28 53
87 86 77
34 21 88
38 70 54
81 29 22
69 97 30
39 96 38
50 67 75
29 64 55
78 89 99
24 3 27
9 3 83
56 30 68
99 83 44
79 74 81
97 27 72
79 61 61
15 71 84
57 35 37
81 2 31
0 63 25
54 18 57
21 12 48
2 70 10
74 54 64
94 91 26
5 4 10
6 28 66
98 74 98
35 40 9
19 2 94
94 14 83
15 89 68
47 14 84
64 40 13
48 81 40
20 4 94
99 6 21
43 78 47
12 54 39
92 39 81
86 41 20
40 86 54
40 12 48
49 72 31
41 7 78
73 48 74
31 53 59
94 77 70
58 17 20
86 74 5
19 69 4
44 12 25
91 56 66
93 52 33
63 52 89
93 45 73
30 82 70
34 3 18
23 39 35
24 39 61
17 56 69
31 84 10
52 3 46
88 8 9
31 94 89
86 53 97
0 46 28
92 58 26
42 60 22
76 53 67
23 75 1
84 82 18
50 41 6
49 40 55
13 49 72
12 84 53
63 38 80
98 38 8
23 12 22
85 42 17
63 53 37
48 67 54
26 39 68
72 55 83
43 73 77
46 65 62
18 2 13
86 32 77
95 7 89
44 30 59
16 76 11
5 48 11
6 54 7
61 93 16
18 63 69
26 77 96
30 31 53
18 69 69
57 94 16
24 88 83
90 74 21
73 36 28
89 0 59
67 26 64
41 73 14
68 13 54
58 23 96
51 30 47
1 64 13
20 88 21
90 81 10
4 83 26
8 85 93
2 79 11
37 38 77
72 91 31
4 34 5
56 71 38
3 52 43
61 48 6
20 45 60
79 49 34
32 10 17
41 28 81
73 6 78
13 40 52
41 83 30
43 95 72
54 21 75
60 40 74
63 87 95
96 59 10
67 78 8
78 79 45
22 18 59
4 5 87
31 44 4
83 24 35
7 13 19
64 91 17
31 19 63
77 17 84
77 91 26
19 35 74
4 83 52
63 43 73
50 97 33
69 98 95
47 63 87
11 19 5
16 52 79
45 27 11
41 57 72
12 42 42
87 76 62
17 54 73
62 77 68
79 73 25
24 18 3
10 23 34
87 91 11
27 8 39
72 37 14
80 73 61
2 62 53
32 26 99
77 38 79
5 6 80
43 96 60
51 69 81
49 14 39
41 12 58
83 86 10
72 61 83
99 67 31
64 18 48
3 44 43
56 66 1
42 94 90
97 56 31
98 63 72
71 66 21
52 20 6
88 50 85
43 15 22
26 57 1
80 47 57
26 91 28
59 77 21
56 0 52
16 49 13
69 14 69
16 86 37
27 33 91
66 97 53
47 27 13
31 37 51
94 68 22
58 42 93
17 3 62
60 26 62
55 20 47
53 40 85
2 15 5
31 65 34
63 88 84
89 5 14
32 13 59
48 71 95
94 65 76
52 9 10
91 65 90
68 16 42
57 90 41
20 67 57
76 80 79
7 61 36
98 2 78
81 40 29
14 86 54
86 21 3
48 27 33
3 85 95
77 78 38
0 49 37
91 36 12
21 9 40
9 2 15
63 21 53
88 12 21
38 63 5
10 37 82
83 2 76
25 73 56
98 34 51
17 28 61
41 73 3
97 92 52
94 57 100
18 58 73
47 99 71
21 39 17
86 8 72
88 86 11
6 83 8
49 38 96
78 16 55
71 60 37
0 17 46
92 16 56
74 51 19
75 43 84
64 87 27
96 36 97
6 28 3
66 19 35
17 5 68
97 16 13
18 62 56
51 7 27
80 93 21
54 93 93
37 14 29
71 72 54
55 1 1
15 93 93
63 33 63
42 10 42
99 1 27
62 6 67
73 35 26
7 28 14
93 21 16
32 10 18
45 70 75
69 79 8
57 72 21
49 33 67
4 40 91
61 74 51
63 12 100
88 55 83
65 72 53
84 49 48
40 85 2
85 35 44
59 65 89
98 84 60
78 9 89
0 22 74
87 48 5
26 91 76
16 1 66
94 64 41
0 39 64
98 65 41
85 43 62
64 6 20
92 35 50
63 58 20
31 8 78
81 84 42
19 11 71
5 94 6
67 81 96
26 30 17
99 16 69
24 68 57
56 91 44
4 42 33
51 48 61
3 60 77
39 87 40
29 25 34
10 79 8
43 54 43
95 25 73
40 24 1
77 66 3
77 47 13
6 0 31
76 38 46
96 15 62
61 66 4
86 58 48
53 87 3
10 74 4
22 91 63
61 38 24
88 4 35
87 45 76
75 88 94
60 99 58
92 2 81
60 12 14
24 30 87
52 62 35
14 1 26
2 88 88
50 91 25
17 5 8
48 71 62
56 82 93
77 34 89
51 54 75
32 18 39
75 8 1
63 47 48
6 42 49
99 7 29
92 82 31
43 26 82
29 86 27
48 20 71
41 87 51
93 59 68
52 84 75
89 41 86
44 24 31
88 48 23
84 8 79
52 86 24
58 95 90
54 27 57
76 18 30
13 69 32
59 6 57
59 7 71
21 81 51
77 36 85
84 43 71
86 42 57
15 54 2
96 72 82
70 75 78
34 93 6
83 90 44
36 13 8
82 74 99
25 96 32
17 50 99
8 97 55
79 14 75
95 16 63
0 31 57
64 7 27
90 76 49
52 87 58
36 99 75
39 47 31
6 1 58
20 24 75
85 52 50
32 50 80
55 62 80
37 72 81
82 9 94
98 85 32
90 18 82
96 33 60
81 68 86
83 43 62
88 5 67
28 45 73
97 21 67
68 59 38
78 17 22
80 16 24
60 53 33
50 44 86
69 3 83
79 96 26
93 7 84
57 21 71
63 81 57
34 17 32
98 32 40
17 69 35
16 23 28
72 29 74
68 34 41
75 3 25
31 20 1
2 49 58
80 3 27
99 6 11
92 83 23
2 80 94
32 21 34
56 11 27
99 86 66
96 59 58
13 55 39
67 7 59
79 53 30
70 47 41
80 7 4
67 84 25
12 90 50
87 10 86
21 35 50
53 95 27
98 27 64
16 58 8
66 38 70
43 69 24
60 34 77
89 48 49
16 64 8
44 62 70
70 57 89
98 90 35
79 35 78
81 99 73
89 15 83
24 99 11
35 94 79
80 27 33
3 44 57
23 96 16
38 45 82
17 95 75
63 65 20
81 72 56
71 58 22
69 3 71
79 36 20
33 9 2
75 63 58
54 16 81
74 10 79
42 15 23
36 82 30
99 32 48
85 33 12
37 2 35
10 59 65
82 45 23
6 93 34
61 53 5
79 97 51
73 35 7
0 65 79
97 60 17
22 98 97
19 77 42
62 79 15
20 19 75
0 84 27
52 23 30
63 36 62
53 6 5
22 69 86
96 4 4
91 73 3
16 6 32
32 2 65
29 68 15
42 45 77
79 22 94
41 75 52
92 5 4
51 89 92
41 30 69
65 61 16
28 98 42
91 86 16
61 89 55
49 51 6
54 8 83
69 60 3
62 22 8
80 93 58
69 20 17
45 13 93
90 19 53
48 49 51
80 93 71
66 60 18
24 62 27
57 67 59
72 34 41
68 83 24
94 42 8
38 92 1
77 24 86
13 22 36
39 85 38
7 97 58
41 73 65
83 65 73
8 55 32
89 64 80
76 38 32
64 5 88
71 51 97
47 52 45
19 42 4
69 31 5
29 91 43
77 75 90
93 55 36
33 76 83
12 85 68
58 72 44
98 8 55
14 79 8
8 45 33
2 76 83
77 55 80
60 47 3
63 61 24
57 97 56
78 89 88
49 69 67
12 71 47
27 58 53
85 72 66
61 18 86
65 22 60
54 58 68
62 85 15
10 14 4
69 73 4
98 8 33
41 4 28
44 30 66
53 50 41
38 54 95
21 52 53
82 75 76
18 17 78
38 72 43
73 16 99
29 41 38
25 47 30
83 49 31
80 60 11
30 85 37
73 15 70
44 85 86
78 94 33
54 90 30
40 28 55
61 40 18
22 61 9
7 88 18
36 46 98
51 38 7
39 86 47
31 93 86
91 40 65
62 60 20
76 26 10
2 35 74
65 39 99
92 50 71
51 40 64
13 89 7
81 49 41
81 48 32
57 75 83
95 29 40
76 72 53
56 8 95
76 20 83
34 96 55
82 11 3
69 60 7
81 29 17
83 46 57
61 39 78
1 53 52
25 90 63
39 0 86
72 76 65
1 35 52
84 74 73
58 55 84
81 47 4
1 42 26
65 4 9
87 26 70
72 35 48
47 43 43
82 24 22
42 40 22
25 3 95
2 25 61
56 47 24
86 17 65
12 14 59
64 16 24
90 98 17
63 7 18
83 90 69
61 92 11
15 19 98
95 18 2
69 12 86
8 22 57
74 59 66
26 9 38
39 10 68
72 96 48
71 25 3
63 84 1
81 40 16
19 2 47
80 95 80
82 31 29
82 24 87
63 90 74
62 38 68
73 76 4
52 76 66
30 8 78
17 72 67
30 46 51
27 63 82
16 87 88
58 23 68
0 89 31
78 28 65
76 57 69
13 43 74
73 78 97
25 3 85
55 86 75
8 80 37
57 55 89
69 29 67
46 33 7
24 97 34
98 16 68
33 42 55
64 22 48
9 45 14
26 83 1
46 3 39
12 92 26
12 7 91
86 18 13
80 55 98
9 60 20
82 10 57
89 8 43
72 28 24
78 20 11
36 43 65
49 52 68
97 15 32
29 98 47
83 42 24
67 82 81
42 47 74
73 95 40
93 18 15
44 10 78
83 17 9
43 17 19
56 93 3
4 31 37
55 93 37
52 18 14
84 75 80
62 81 74
29 7 78
49 77 60
66 86 37
72 39 13
42 63 97
46 63 65
39 76 60
47 93 62
27 60 16
80 50 89
98 41 76
73 63 25
39 62 38
81 63 45
40 10 61
48 74 87
95 25 39
38 61 95
6 99 60
75 23 10
76 64 32
35 12 76
73 79 75
50 41 40
34 2 88
90 67 97
95 30 97
1 88 48
18 17 71
59 74 53
86 44 39
10 28 27
45 25 85
95 53 31
10 36 23
4 37 60
28 64 80
14 30 91
73 71 1
42 21 76
96 8 99
51 19 11
91 40 71
11 36 16
76 4 74
73 30 68
68 85 67
44 41 47
59 86 63
1 82 98
16 81 85
46 94 68
71 21 60
91 34 39
43 12 73
9 60 93
44 89 10
34 48 30
94 13 53
93 9 57
84 67 91
32 75 46
24 14 67
5 21 69
24 52 61
0 76 8
17 82 31
28 94 47
59 40 63
65 81 76
0 46 91
98 81 47
44 21 90
37 90 61
80 12 92
11 78 29
90 39 91
65 69 38
53 84 87
34 25 8
3 73 46
82 57 24
57 43 11
13 42 8
28 41 18
9 22 29
43 64 19
96 26 50
97 65 58
83 24 39
1 70 49
45 92 21
48 13 66
7 58 34
46 73 53
41 72 94
29 65 83
9 46 27
17 5 67
14 20 19
0 56 9
90 8 75
40 20 39
87 45 86
45 54 70
73 43 58
84 25 65
12 70 64
51 2 28
77 73 2
5 96 26
40 11 100
35 50 76
41 30 34
38 24 73
5 73 33
57 16 1
44 91 76
43 28 73
87 73 85
91 85 13
77 13 16
92 38 49
25 0 48
10 1 63
81 16 84
92 29 16
96 63 25
20 43 66
43 7 23
16 97 75
19 5 71
75 78 56
51 9 11
7 93 78
81 45 23
40 53 76
99 66 24
86 55 98
50 75 6
76 0 88
79 59 23
74 55 17
45 75 48
9 18 58
80 40 59
11 66 25
46 68 41
42 88 62
71 52 52
57 46 51
73 4 71
79 30 54
31 79 49
17 92 44
40 16 72
67 12 44
77 60 28
65 61 3
26 56 68
59 83 24
65 18 2
93 66 61
44 45 16
9 67 26
32 49 73
58 99 94
35 94 57
8 71 62
9 62 88
50 12 77
76 94 76
3 12 20
84 80 76
87 47 46
10 35 75
61 99 56
68 78 36
16 89 93
55 77 47
51 69 94
84 18 79
13 92 51
90 94 99
81 64 70
50 56 94
59 1 50
44 89 62
11 40 22
6 16 78
96 4 2
49 63 98
60 79 9
15 23 36
41 6 10
22 97 50
69 0 57
0 64 32
58 27 21
62 32 74
56 28 87
25 7 36
4 1 45
6 36 78
4 39 43
87 59 14
50 96 2
54 20 69
62 5 31
74 12 9
11 52 93
37 15 72
78 63 19
90 21 37
24 17 73
85 31 94
42 62 42
42 12 82
92 34 95
54 63 62
36 92 17
10 89 31
56 14 14
13 23 56
35 83 1
32 17 40
49 52 9
37 65 77
13 47 100
55 70 53
67 73 76
92 91 33
81 67 1
95 56 18
57 64 90
15 16 99
39 19 13
68 36 61
58 18 29
29 28 79
45 21 26
90 50 71
94 72 78
27 83 31
89 91 78
86 93 76
9 67 100
79 47 27
93 53 37
51 22 88
50 86 64
73 17 28
8 84 92
36 81 19
34 63 83
10 90 80
34 55 51
46 29 94
67 56 58
68 0 41
87 65 3
46 40 44
0 37 83
55 0 87
98 17 13
9 59 57
67 1 45
4 47 81
48 22 33
24 87 21
21 30 20
68 51 9
63 81 73
67 31 48
68 22 52
13 45 58
47 3 95
51 5 70
92 61 31
10 33 92
41 31 30
24 49 97
10 75 19
48 99 33
56 28 34
82 8 42
35 43 9
11 72 96
74 31 60
87 13 38
79 69 69
63 53 37
59 89 37
65 79 22
51 97 39
77 17 48
81 14 47
20 47 31
4 84 2
49 34 56
56 42 54
96 79 70
18 41 29
71 70 80
29 60 26
17 28 10
15 86 85
43 17 42
42 85 27
10 67 50
48 80 66
27 95 42
5 16 17
22 1 66
82 29 4
77 68 42
62 91 20
97 62 78
85 28 47
7 61 46
26 48 7
79 53 21
14 40 58
27 91 33
80 61 86
57 31 40
47 29 80
73 84 10
39 18 27
73 33 39
21 52 30
26 47 55
27 71 37
17 65 78
70 41 6
95 75 97
2 49 99
3 99 67
72 31 25
60 63 89
24 28 83
12 56 64
28 7 91
79 48 3
43 27 51
71 59 89
48 89 56
81 88 98
53 38 54
9 24 24
13 53 72
27 93 73
91 90 81
64 5 49
23 6 20
69 82 21
51 34 9
9 98 77
69 53 51
93 46 39
83 0 44
71 93 43
48 8 28
7 93 96
57 10 68
38 79 96
60 65 46
79 48 24
7 21 95
73 74 64
90 15 75
71 69 77
0 81 29
97 27 69
31 17 63
58 49 49
57 0 89
74 89 66
94 35 40
78 63 63
21 68 8
47 0 28
80 2 47
53 25 79
55 47 52
90 64 99
97 47 73
13 63 96
42 90 32
34 5 69
31 44 56
1 7 76
53 82 89
7 75 57
44 39 77
28 40 31
30 12 48
4 48 54
64 68 15
93 95 89
37 38 12
51 47 30
12 74 42
25 68 10
17 4 56
49 57 26
43 57 38
95 59 39
14 33 29
89 87 72
27 67 57
74 43 71
60 17 53
69 75 26
69 87 45
11 56 59
8 36 28
1 39 67
10 9 26
19 69 2
38 9 26
9 73 2
96 32 35
10 90 25
74 47 65
28 9 59
72 77 27
96 10 57
98 27 70
12 92 95
82 0 20
78 32 99
31 21 82
43 98 72
23 59 37
47 25 9
71 2 74
98 33 92
32 94 69
97 90 36
52 66 25
3 43 50
57 63 54
12 87 20
56 36 6
71 85 90
84 39 98
59 9 32
46 90 90
32 33 10
46 86 48
25 37 35
38 73 62
66 67 83
87 28 45
41 21 2
30 57 4
57 34 59
37 51 14
58 91 75
93 61 27
99 10 50
13 74 32
87 3 81
27 54 62
27 9 12
81 43 99
41 17 19
60 18 26
20 85 29
83 93 79
31 6 16
22 71 7
60 83 75
0 65 40
3 74 43
41 38 78
43 2 99
3 14 92
17 7 52
50 67 15
25 9 9
55 99 45
88 55 45
81 46 5
7 54 41
59 52 20
71 49 9
62 3 68
4 54 4
42 89 88
91 34 35
9 74 5
83 39 51
79 83 71
27 51 87
79 61 45
38 57 31
58 72 11
52 79 78
2 15 56
58 57 73
93 5 15
67 94 96
32 83 42
40 97 17
26 3 53
53 55 27
94 60 94
30 97 10
91 41 63
13 94 21
30 85 67
0 75 37
79 87 55
43 64 64
77 17 72
86 54 63
63 71 29
26 80 22
70 12 71
13 32 70
61 64 15
48 79 1
24 47 84
96 62 25
62 86 33
91 37 81
0 19 68
7 12 78
37 72 85
79 76 95
20 67 56
61 79 89
30 21 73
90 78 59
50 67 92
60 75 42
0 76 46
92 23 11
5 72 18
47 74 61
16 66 44
42 3 83
48 87 84
19 75 100
46 62 44
26 10 81
86 54 81
47 61 54
69 68 53
39 30 78
72 54 4
51 8 3
47 48 16
75 13 56
87 50 18
72 94 69
43 47 80
10 40 14
68 78 20
6 93 85
60 92 55
9 15 5
36 68 7
83 92 63
80 7 27
80 9 65
24 1 96
52 80 48
90 74 83
80 13 4
55 24 38
66 96 33
48 38 20
7 47 92
33 31 21
77 0 90
56 1 57
56 41 52
97 54 61
62 99 58
50 23 92
62 12 81
82 1 10
47 93 49
27 4 28
58 67 54
27 36 84
73 89 56
6 92 41
42 11 73
8 98 31
71 69 76
9 53 21
43 34 6
1 99 35
49 87 27
66 41 74
77 26 83
46 29 30
44 39 74
79 33 29
67 10 83
36 98 96
23 31 55
24 27 69
71 57 36
76 33 92
87 38 62
41 73 73
82 22 42
54 27 26
53 58 70
29 96 50
33 16 49
26 54 91
58 45 74
54 86 79
73 7 48
92 20 66
72 54 91
70 19 46
23 0 49
34 3 70
80 24 19
69 13 16
56 45 2
16 54 54
29 89 78
83 52 46
87 52 72
13 68 5
12 82 22
10 38 92
85 14 73
40 50 91
92 93 44
72 8 69
44 34 10
54 86 62
41 93 7
16 83 24
64 65 86
95 41 79
74 61 83
38 56 5
7 79 57
10 67 30
35 10 100
35 25 38
72 37 88
60 26 59
20 11 57
7 92 75
89 73 63
55 41 6
45 24 16
23 40 43
55 62 43
87 49 30
14 53 81
73 16 4
18 99 21
85 73 11
24 36 12
36 80 24
83 94 24
22 75 35
5 38 12
64 80 27
16 65 34
54 62 65
95 77 88
62 43 74
17 14 36
74 48 15
69 95 50
5 41 95
31 82 84
39 31 55
62 93 92
54 78 98
21 84 82
60 63 97
2 19 83
38 42 18
31 27 76
46 78 79
43 52 56
46 15 13
76 30 44
38 7 25
85 29 82
42 57 11
4 47 72
8 99 60
81 86 54
39 36 49
10 16 83
48 98 15
67 77 77
76 1 84
97 23 99
38 98 86
40 60 80
41 75 32
69 93 40
91 66 31
10 22 75
36 70 34
2 54 73
87 97 23
68 70 63
87 1 86
81 75 46
58 55 29
90 96 59
23 53 54
66 29 40
43 53 26
54 41 30
42 26 50
35 2 2
60 21 74
62 42 58
57 25 33
86 62 22
4 1 59
30 96 21
82 69 49
99 32 40
2 0 96
86 47 5
64 71 34
72 48 6
83 91 51
16 42 95
74 46 91
98 85 91
24 10 52
19 4 17
1 68 58
98 11 27
18 26 79
7 97 26
7 70 100
85 72 22
20 12 10
38 19 71
57 3 66
18 31 10
51 93 57
98 27 86
80 71 55
92 94 18
64 42 9
70 71 50
40 88 62
16 41 59
38 11 7
7 95 34
58 34 19
97 72 97
38 71 82
6 89 80
40 96 46
23 94 80
61 94 66
78 67 67
96 92 4
11 12 47
42 50 25
36 32 86
90 27 60
17 14 70
50 10 95
21 46 83
18 10 46
93 9 72
8 89 5
61 51 59
94 53 6
51 46 91
78 71 34
2 50 80
72 93 67
29 26 32
45 53 7
96 49 17
37 22 71
22 83 43
89 62 49
15 14 51
86 76 36
45 46 87
99 28 30
7 87 61
56 98 61
29 44 36
48 97 89
16 99 50
24 53 99
73 60 66
47 36 75
18 23 63
5 99 90
78 87 34
89 11 15
75 57 43
39 0 60
60 95 37
36 34 56
44 85 64
20 34 2
53 85 69
75 39 2
28 14 24
84 77 71
11 34 91
94 84 19
24 0 60
10 67 14
12 89 50
59 82 14
3 1 37
7 34 55
50 19 50
41 52 47
22 17 97
68 18 54
95 32 70
39 76 33
96 58 34
20 74 8
24 50 97
21 7 37
24 77 54
67 47 46
48 76 88
43 72 82
44 63 51
38 5 12
46 6 97
51 91 67
2 85 73
88 68 59
80 0 87
3 51 45
94 43 90
71 2 51
49 1 13
12 46 18
58 28 47
48 22 53
67 57 5
74 70 80
71 44 65
95 44 89
33 99 30
40 17 70
66 62 75
84 56 45
35 46 59
2 10 66
67 49 73
19 46 34
87 70 20
30 83 23
42 69 11
44 96 23
17 95 39
30 91 42
75 46 77
51 15 60
20 42 51
93 80 61
39 74 31
74 1 91
44 84 41
37 22 87
85 26 10
22 76 15
68 65 84
28 27 55
11 80 21
15 56 15
73 82 83
46 75 40
7 63 69
69 62 14
1 38 30
88 52 82
83 82 39
11 52 26
78 98 90
67 28 72
4 98 73
82 69 26
91 52 82
12 19 6
40 8 33
40 58 85
16 44 4
99 48 58
51 68 75
87 20 92
78 43 32
55 89 98
3 13 61
26 34 8
53 96 11
75 98 36
48 42 8
47 59 2
87 88 44
59 98 91
98 69 50
11 89 80
55 30 97
13 72 78
63 98 3
47 28 49
55 4 91
41 66 99
93 91 15
63 53 61
72 45 3
20 53 59
5 47 20
16 44 35
59 84 100
50 93 29
7 38 49
11 5 48
64 62 25
13 24 49
41 60 87
66 84 49
31 41 84
87 81 26
47 90 20
96 27 9
95 25 78
2 56 28
8 19 44
34 64 89
60 68 83
27 77 65
67 62 63
96 89 48
93 21 86
36 30 62
30 82 45
5 99 67
19 17 45
60 17 50
25 83 40
50 77 58
5 83 6
14 58 31
72 63 88
14 26 78
27 10 6
29 8 13
66 42 14
88 9 96
43 69 68
42 71 24
93 58 71
55 49 63
72 88 11
19 74 99
42 76 20
4 64 38
79 6 13
61 95 87
94 77 58
57 18 11
63 59 44
22 63 17
51 96 35
97 7 96
84 63 62
90 21 96
78 45 41
47 78 92
88 53 20
84 15 39
30 46 48
70 66 30
37 94 4
44 58 3
10 26 8
71 23 39
77 54 96
39 28 45
77 53 1
21 85 42
0 34 68
3 44 100
62 7 41
94 69 94
16 71 57
38 83 46
72 20 60
42 76 75
63 99 56
14 83 16
64 24 38
51 85 81
61 14 2
11 68 32
53 79 39
40 72 94
98 9 5
97 35 71
45 73 69
6 10 92
70 71 20
9 90 24
84 54 31
57 81 4
93 28 56
47 90 77
55 60 67
59 99 33
30 0 94
46 73 49
12 75 45
29 46 32
91 72 46
72 0 23
50 65 55
52 79 53
56 92 97
64 88 93
61 98 100
62 68 96
88 9 24
70 1 41
58 44 56
69 50 35
54 62 58
2 20 21
5 91 19
67 64 32
76 79 95
22 43 93
19 81 71
70 97 43
89 39 8
52 54 49
77 72 17
81 34 68
21 33 48
30 18 8
86 6 32
23 89 41
27 50 37
59 77 69
75 46 44
28 99 37
32 31 53
42 9 48
78 30 69
27 76 92
89 60 38
62 66 71
37 28 48
36 32 67
48 47 49
89 67 95
70 48 90
11 59 58
41 43 9
27 71 100
79 17 81
47 4 20
15 68 38
27 12 99
85 65 30
82 53 84
45 24 31
15 71 26
67 39 16
55 20 37
44 22 84
5 94 14
2 50 88
22 10 24
21 11 44
90 78 65
30 13 34
55 96 28
13 63 45
35 44 3
32 10 51
38 69 95
84 66 58
7 8 63
78 75 13
26 2 19
95 74 99
82 16 23
83 55 22
22 20 95
99 97 86
64 20 33
13 93 29
69 43 2
53 95 10
20 18 85
61 10 78
43 12 43
66 81 34
51 26 75
66 88 58
40 57 21
48 83 3
34 6 43
65 28 55
31 24 89
74 34 45
13 15 71
25 78 43
84 59 85
31 58 12
19 65 38
95 63 67
76 7 39
85 88 74
5 21 89
52 24 1
70 33 20
77 97 24
91 80 91
18 11 94
78 38 40
25 70 11
95 1 15
31 65 4
36 7 55
99 20 5
75 58 26
78 90 76
27 43 66
96 17 5
90 96 4
61 54 44
16 93 75
38 21 64
78 85 14
55 89 28
82 14 14
13 27 23
73 56 54
24 66 34
83 91 100
22 44 7
89 84 55
46 54 49
34 43 91
39 49 15
48 89 100
55 7 83
55 97 93
8 13 24
89 17 34
66 57 11
17 61 8
60 18 9
20 19 5
18 76 90
10 82 18
78 66 15
8 27 84
59 95 4
65 16 69
58 94 94
31 65 95
47 85 8
94 75 14
12 79 74
13 51 6
21 6 14
75 29 22
65 37 77
94 23 65
58 68 79
72 67 2
0 66 6
51 4 88
42 47 37
80 9 23
37 6 76
70 33 31
64 14 70
21 93 52
66 72 28
97 59 52
18 54 69
43 78 94
5 64 39
65 31 19
31 29 37
56 95 37
69 26 45
5 4 17
47 53 9
20 14 83
43 69 68
32 70 96
94 12 33
23 39 49
41 34 41
13 50 3
62 8 67
74 36 69
95 83 37
38 35 66
55 47 48
84 92 56
3 44 90
31 12 80
65 40 75
37 62 36
25 95 84
10 12 90
34 9 2
47 33 39
52 71 63
63 6 5
81 78 51
2 94 4
1 2 62
42 83 20
35 67 47
47 6 87
10 4 93
29 18 47
21 74 80
13 43 89
94 28 4
49 81 63
43 36 48
27 82 41
48 87 58
93 78 59
56 33 82
38 52 25
54 1 25
37 19 57
74 88 24
38 14 1
65 60 19
78 38 2
97 68 54
73 74 54
72 79 29
86 89 61
20 22 63
12 95 96
1 11 4
12 27 98
21 76 10
91 85 85
83 66 78
78 81 59
67 42 40
80 35 66
13 61 7
66 68 76
65 45 82
59 37 21
35 65 9
0 31 96
26 88 42
89 15 49
5 62 93
53 73 81
40 23 55
14 60 6
22 43 24
22 74 80
66 95 29
70 28 53
96 45 35
52 87 27
62 12 90
40 93 27
2 35 12
39 84 91
95 91 72
30 96 35
45 32 5
46 69 25
28 4 84
97 89 41
19 28 63
90 0 30
38 45 49
49 73 70
6 14 44
88 63 90
5 41 70
46 93 38
82 19 93
25 73 11
75 90 5
29 48 17
59 20 72
85 41 91
37 10 54
29 72 72
86 65 42
52 20 8
43 76 4
63 57 15
14 69 25
80 63 41
27 80 71
33 32 60
99 10 77
92 60 61
38 14 17
24 48 79
7 10 56
15 68 37
58 76 3
65 20 97
50 53 96
29 28 87
56 67 53
97 73 14
77 7 65
79 18 69
31 43 50
5 85 62
42 38 77
33 56 60
70 24 64
28 73 16
66 88 34
41 7 84
64 85 35
69 44 40
99 59 70
11 56 57
69 3 72
73 42 48
96 66 81
64 60 66
72 39 76
10 37 98
56 36 63
58 63 83
16 77 3
39 14 20
37 56 56
53 21 6
33 46 57
3 56 59
47 20 10
32 56 6
33 78 56
8 62 95
97 87 23
3 37 59
35 14 65
33 99 96
59 6 53
80 70 90
56 88 72
17 67 11
49 64 99
5 61 33
97 96 13
20 36 36
11 98 49
60 64 39
0 53 54
37 87 100
35 17 15
51 40 73
11 94 7
73 54 31
45 38 59
25 92 69
71 74 18
9 91 99
78 52 21
6 15 53
43 66 39
86 75 36
47 53 25
98 26 93
94 29 87
59 65 92
8 24 13
48 77 82
43 63 86
30 34 48
89 48 28
73 76 22
95 84 19
24 18 57
86 66 3
97 78 88
75 36 46
19 73 93
77 29 82
19 46 34
53 68 93
41 27 50
29 6 3
65 71 35
86 0 46
82 54 12
56 55 4
71 66 39
31 68 72
32 75 51
17 20 47
80 18 29
16 89 77
56 24 76
37 67 29
36 57 46
15 49 2
10 21 61
96 41 3
77 60 94
5 77 37
85 49 14
75 58 58
66 75 22
38 0 63
6 86 72
31 25 34
51 82 52
13 67 3
69 59 19
20 61 64
76 23 74
88 0 49
93 43 21
45 46 13
21 30 14
49 99 54
49 15 36
74 35 68
31 6 7
35 88 63
93 51 30
94 89 60
73 90 91
6 99 4
7 93 40
11 86 37
86 92 83
70 22 45
79 75 81
95 45 87
7 81 94
17 42 24
49 27 72
68 95 29
31 89 69
36 98 11
95 61 4
39 65 100
41 9 51
40 48 23
34 5 76
84 69 13
88 37 33
42 43 16
60 85 9
17 98 36
55 38 39
75 22 12
10 6 63
43 19 30
88 77 87
66 91 96
88 17 31
34 0 99
71 43 79
56 28 50
1 72 8
64 99 1
9 70 98
39 75 41
46 55 73
90 13 88
51 52 32
55 1 6
87 61 14
43 12 99
84 35 86
78 32 28
60 4 82
97 82 44
66 84 37
66 99 60
70 59 96
34 16 84
33 73 31
89 28 20
14 7 77
65 93 41
63 55 10
28 0 45
72 61 39
51 49 14
85 19 99
11 86 66
37 84 89
17 27 40
40 14 43
0 79 62
37 73 12
25 58 32
96 39 3
58 13 100
0 94 77
35 86 50
0 1 57
91 50 77
8 43 76
52 31 10
15 65 49
41 25 100
90 66 2
67 33 15
2 49 97
68 38 100
50 25 94
74 78 86
22 49 11
78 68 23
61 43 14
86 5 40
80 21 26
21 37 12
2 85 96
10 21 37
35 43 78
48 80 77
35 11 51
12 32 70
7 87 43
51 93 99
67 15 64
91 23 4
8 2 98
97 6 47
46 40 91
19 51 31
80 42 14
73 3 37
54 1 22
1 25 8
94 55 12
33 30 20
54 42 65
39 3 42
56 79 70
70 45 100
13 71 75
93 89 96
40 81 69
13 62 93
40 73 41
3 95 84
84 45 5
43 42 9
60 94 41
50 89 100
23 39 39
80 2 85
11 8 38
6 64 78
69 5 63
46 39 42
30 75 31
26 99 59
91 64 83
30 28 66
97 51 38
84 98 37
51 88 87
85 42 2
83 77 24
76 54 94
47 72 58
52 43 7
33 22 59
39 32 45
4 96 67
94 5 93
26 71 87
64 36 11
71 53 16
54 15 1
77 29 58
2 70 27
89 36 92
17 6 30
99 68 95
18 89 68
9 88 6
2 82 82
48 83 82
66 95 32
54 69 52
77 79 67
17 34 43
28 49 62
41 30 10
15 24 21
72 47 80
44 64 85
41 58 42
7 87 37
36 24 29
45 14 12
4 17 64
74 63 44
31 79 71
18 80 71
82 72 87
89 37 55
57 49 1
37 83 97
71 29 3
40 21 62
44 12 17
78 17 95
85 69 47
54 40 85
3 1 87
41 36 11
25 36 30
42 90 87
20 98 52
74 84 65
71 56 83
90 69 70
73 34 78
75 36 89
10 45 85
97 91 72
44 6 70
20 77 98
93 1 84
60 16 21
78 1 12
1 86 10
85 97 38
2 52 9
35 39 8
9 40 7
35 34 57
38 14 54
60 78 46
7 11 44
22 43 29
22 68 79
58 59 36
67 85 22
98 44 14
20 91 27
99 14 86
62 72 51
37 38 74
29 78 75
5 61 30
27 1 80
70 15 88
47 57 100
12 49 93
23 53 64
35 10 50
81 2 20
86 7 41
95 9 74
59 14 93
33 56 99
39 95 77
1 10 50
34 67 60
19 25 60
39 33 71
93 52 69
32 54 32
19 66 41
99 30 18
32 58 23
20 81 100
13 42 64
62 25 13
41 80 51
10 83 59
52 86 36
86 46 6
95 20 85
96 82 89
74 51 26
92 56 97
86 60 95
71 39 20
71 77 64
83 92 67
62 90 92
53 55 89
85 34 71
16 90 12
44 54 70
42 64 77
12 68 29
97 46 84
37 43 76
97 76 66
17 48 55
57 78 28
77 6 79
68 29 11
74 62 94
13 36 76
92 21 61
88 15 61
40 17 79
21 43 2
29 30 20
73 32 39
18 41 10
95 85 42
26 6 97
63 48 69
50 39 94
22 80 72
27 33 82
29 42 50
46 30 5
31 37 39
89 64 37
70 49 54
10 14 11
6 45 90
47 52 69
62 51 69
61 17 74
33 24 48
68 61 71
66 14 9
60 97 58
82 96 66
73 12 39
46 63 38
86 45 53
47 78 3
75 45 35
13 36 17
59 34 49
84 80 96
22 20 46
58 13 98
71 28 65
36 78 22
36 55 50
18 36 64
51 18 4
88 91 85
84 86 76
53 2 44
35 78 33
93 72 43
43 79 29
32 75 25
87 75 45
1 36 90
30 9 89
74 48 80
1 98 35
82 0 20
79 80 40
34 21 35
29 47 53
76 95 29
66 18 57
80 9 59
95 50 93
73 29 51
51 18 39
70 86 83
45 21 66
98 32 50
73 62 80
11 85 24
16 25 4
9 76 33
58 99 13
5 6 8
78 70 35
65 96 50
55 52 45
20 73 31
99 68 48
82 67 18
72 88 13
83 13 93
42 84 76
79 45 14
89 75 28
30 87 6
91 87 67
78 39 10
64 84 32
62 96 36
77 37 92
8 90 55
62 84 36
94 96 63
41 82 65
41 67 36
20 46 98
7 74 55
3 15 73
82 40 85
15 63 30
87 48 47
70 57 67
78 79 17
73 93 86
54 4 49
43 0 28
59 48 87
19 30 64
6 2 15
71 46 6
63 50 17
89 46 57
97 70 53
53 1 63
11 35 20
5 62 72
57 98 37
95 19 28
24 9 79
39 72 4
91 49 76
70 94 21
25 97 54
46 87 99
85 95 62
41 97 87
57 31 75
99 77 44
92 35 62
55 31 66
22 4 29
56 83 88
7 3 36
36 34 78
71 91 54
72 30 8
98 75 44
62 19 14
43 38 4
10 1 99
37 50 4
78 61 82
51 69 30
25 70 23
72 47 77
18 35 90
95 67 17
25 50 22
12 59 31
82 84 51
4 50 6
56 36 71
45 5 96
66 54 82
68 53 19
29 62 20
17 82 99
71 48 53
19 64 51
75 73 16
68 71 94
86 18 94
51 17 28
66 64 30
89 33 20
61 67 46
16 98 4
70 38 62
59 66 68
16 44 21
91 7 91
42 36 32
64 52 62
69 36 23
97 59 5
48 83 30
12 16 64
53 76 93
48 4 44
23 94 42
90 76 61
97 26 15
42 98 37
34 1 37
99 37 52
90 30 18
30 45 50
13 49 46
21 2 19
60 19 23
44 19 21
76 73 34
4 20 2
39 27 26
17 83 98
20 78 65
26 13 68
10 89 31
62 95 63
92 19 88
48 99 31
34 92 21
83 92 33
58 65 49
52 18 80
10 60 1
35 66 88
18 16 38
93 45 49
16 41 72
19 5 43
16 0 18
97 92 38
33 70 62
42 74 45
67 40 38
27 19 18
69 76 40
6 24 81
84 49 90
53 19 85
83 66 23
50 43 15
82 89 32
17 42 55
3 79 88
90 62 27
80 97 8
87 63 26
35 44 18
64 22 26
6 96 62
65 75 54
82 16 97
40 67 84
32 7 59
80 57 69
71 25 76
76 36 85
20 37 90
81 33 8
55 0 17
8 16 10
45 8 99
58 99 75
49 44 16
81 99 39
17 61 78
92 52 17
84 1 54
99 11 9
21 9 43
69 87 16
8 22 36
7 76 35
14 44 21
79 32 23
82 5 91
98 27 83
34 75 15
19 34 61
46 9 12
62 60 27
7 71 21
78 34 30
47 21 13
5 71 40
24 63 32
15 6 59
25 15 44
57 91 37
80 13 19
37 75 81
66 54 62
0 86 72
49 4 16
96 86 24
65 16 42
21 14 15
66 40 61
81 74 27
30 87 7
66 59 6
94 1 83
13 89 86
2 79 93
12 38 93
6 91 63
90 92 47
30 94 27
41 82 17
67 82 8
8 69 7
72 82 22
18 90 28
26 98 13
28 68 2
62 4 34
64 97 86
0 45 20
92 90 37
33 18 99
1 39 13
52 85 68
43 75 21
62 37 66
28 0 5
28 79 24
4 98 8
4 49 42
34 86 24
57 38 48
93 43 36
9 30 26
12 82 79
80 17 90
6 45 48
42 7 53
50 4 42
2 75 74
69 67 79
78 47 41
90 41 43
59 17 75
42 45 88
22 93 69
43 15 31
95 54 18
39 76 28
89 29 38
21 37 15
74 31 25
9 18 62
20 45 41
57 9 77
47 1 41
94 79 46
29 14 68
9 83 79
88 40 60
46 30 17
24 64 95
42 54 36
17 15 51
94 32 37
82 97 70
55 58 90
58 62 91
57 34 31
49 72 99
53 36 23
69 67 44
8 83 12
71 22 96
44 40 47
2 74 53
8 16 66
48 15 97
99 87 29
46 84 21
81 56 90
53 72 73
98 58 79
77 73 69
89 37 66
2 36 25
77 31 34
97 9 29
30 15 78
17 27 28
95 37 15
47 43 43
92 67 15
94 59 33
43 77 35
63 83 41
56 17 2
92 33 15
5 60 48
50 41 48
73 12 42
26 7 43
81 26 34
42 83 72
26 4 12
42 74 54
15 65 72
96 98 29
93 0 33
63 21 26
25 19 61
43 51 72
69 86 65
85 64 77
1 61 81
74 64 83
44 66 37
83 70 82
50 42 29
38 34 2
19 99 70
9 2 9
1 28 14
90 15 27
89 53 25
97 15 91
75 42 65
76 56 49
67 49 70
76 7 11
90 58 58
1 59 45
94 79 88
98 61 71
34 10 4
12 15 10
24 79 71
58 15 34
61 99 41
64 2 72
97 26 11
19 59 3
25 37 71
52 9 80
91 27 14
45 35 56
79 39 29
17 63 58
9 51 49
32 59 85
56 6 24
72 36 88
48 14 99
60 98 16
78 97 50
37 33 39
28 8 93
25 97 5
6 52 50
48 68 92
66 67 83
38 9 43
0 6 79
18 39 46
7 92 28
22 57 16
48 58 47
4 90 30
69 41 66
91 92 30
7 36 4
49 89 16
78 45 41
91 80 34
54 7 93
46 52 73
97 69 38
84 87 40
76 10 99
8 82 63
41 66 84
64 72 6
31 37 3
33 58 66
22 20 94
34 50 76
85 50 88
99 5 55
4 21 40
85 94 1
80 12 90
19 25 31
55 59 44
39 42 7
71 77 33
50 48 37
85 21 70
4 26 43
10 78 97
94 15 21
63 21 21
57 91 9
21 5 75
76 21 86
50 48 20
0 14 80
53 27 69
1 9 88
33 78 68
20 97 79
88 29 16
76 8 16
12 47 40
48 23 23
29 53 84
70 67 5
12 10 56
0 15 62
41 22 11
88 77 36
21 30 51
76 64 39
24 63 98
70 75 33
36 53 10
47 67 65
57 54 97
14 34 69
44 17 69
40 70 27
49 15 4
4 17 93
85 50 93
41 2 72
82 88 25
70 49 95
31 12 39
93 76 82
98 28 79
21 31 68
99 43 65
72 71 36
69 65 49
10 21 11
86 2 75
95 23 75
39 95 94
7 18 56
23 12 16
82 69 73
46 70 1
85 53 40
75 47 95
73 20 21
20 5 83
59 93 18
36 75 34
45 99 42
89 49 63
26 43 48
39 71 94
67 97 93
25 76 78
28 29 96
6 87 93
18 67 87
57 66 72
39 67 6
71 25 76
91 0 48
72 6 32
46 40 54
3 87 88
54 11 50
32 59 54
75 55 27
51 50 41
38 80 7
43 46 68
73 97 82
77 12 63
84 85 30
12 68 18
78 68 14
19 80 10
96 82 78
46 61 8
52 17 37
28 98 96
21 84 72
10 80 23
16 26 13
12 51 28
96 84 90
44 58 39
83 67 13
59 48 2
78 27 45
33 90 4
45 11 62
54 44 79
38 98 4
8 60 31
50 43 2
95 72 52
45 24 68
65 22 80
84 7 58
55 42 87
23 51 43
81 92 6
80 73 93
41 65 49
52 1 37
11 91 39
32 8 6
49 23 67
54 47 47
17 60 32
49 97 8
63 42 28
74 69 47
51 35 29
11 45 82
26 22 32
66 98 69
96 95 10
21 47 61
22 76 4
8 50 11
35 22 81
12 81 17
30 47 5
13 6 89
8 14 58
79 32 55
47 33 67
90 4 28
33 96 54
73 72 81
18 89 72
64 92 81
44 73 97
47 37 9
44 12 10
16 54 26
40 71 40
53 59 20
13 38 10
10 34 47
93 77 90
78 49 27
23 14 81
46 38 31
32 86 98
11 71 80
57 18 74
21 60 71
35 69 59
86 10 11
0 92 26
98 1 74
93 10 100
2 53 28
22 96 36
77 82 79
3 2 11
59 37 29
10 43 22
97 53 63
15 24 81
44 97 97
68 73 60
97 51 58
90 3 55
84 65 32
82 76 29
65 45 68
82 96 33
65 54 59
44 19 39
88 13 31
1 38 100
71 84 48
56 50 1
95 48 81
54 10 10
13 51 91
26 20 64
65 66 64
70 85 86
13 31 3
56 24 86
86 79 56
90 12 9
6 59 59
38 94 23
80 32 27
76 14 93
76 16 81
17 33 41
93 65 5
56 38 5
56 0 5
78 25 16
80 83 65
94 64 42
42 18 68
30 10 8
51 69 9
90 7 45
19 73 76
92 82 17
61 49 24
73 21 25
66 20 29
71 2 68
73 38 97
10 52 30
7 93 28
12 83 88
32 90 46
43 10 97
82 56 17
67 45 73
35 89 44
22 51 3
54 56 15
24 14 53
97 16 82
71 52 89
49 57 25
48 91 77
11 34 96
26 20 60
7 38 19
84 82 92
72 98 36
86 24 38
63 7 18
41 20 71
74 43 52
59 88 85
40 46 72
84 21 20
78 48 18
79 13 10
20 97 62
29 26 64
53 75 11
77 6 30
93 50 52
29 46 54
63 16 95
98 2 65
81 73 11
78 18 16
20 35 20
75 90 29
79 54 57
58 29 85
3 44 42
56 14 28
3 10 76
54 8 84
34 40 18
25 17 77
36 6 53
53 38 1
26 35 92
63 5 54
15 39 35
56 90 85
60 77 57
99 39 12
91 36 3
66 56 24
58 68 13
72 82 26
39 47 8
58 50 9
66 74 31
49 65 63
22 2 84
95 71 10
39 75 1
59 15 93
72 82 73
81 94 48
54 83 5
77 11 84
61 39 30
79 45 7
83 26 73
65 49 75
30 4 17
81 42 15
97 68 79
51 19 58
71 69 41
55 47 54
21 40 32
54 22 12
16 83 78
63 58 84
31 9 88
19 25 15
86 15 81
65 95 62
56 21 84
99 72 70
18 23 79
50 93 83
27 14 92
7 21 39
44 55 30
52 68 91
70 26 20
23 63 8
1 96 95
84 29 86
97 58 56
44 45 17
43 91 59
92 90 72
81 43 36
96 79 4
91 93 32
88 98 27
4 86 39
57 29 20
6 7 13
53 76 41
18 43 1
37 0 26
9 54 98
70 87 84
8 42 80
9 41 50
70 52 70
71 88 36
41 82 59
85 17 30
76 49 54
51 52 69
37 38 17
64 19 31
67 9 63
73 47 71
39 0 41
25 99 93
17 79 64
40 47 67
51 4 55
1 31 72
64 61 14
47 82 18
19 31 81
87 85 86
67 29 27
75 57 54
51 71 37
30 14 37
16 56 18
60 36 92
40 12 62
15 68 59
47 66 16
37 89 28
9 60 45
68 59 89
87 69 64
92 74 87
12 95 99
94 17 58
49 93 7
39 83 6
26 81 85
2 80 23
76 96 93
59 46 100
39 10 90
89 8 60
26 88 82
68 63 75
38 4 37
21 96 43
21 69 44
20 68 51
94 96 18
36 60 57
78 73 7
46 6 59
19 28 99
62 20 53
72 34 20
98 0 68
28 13 93
91 16 84
61 54 20
52 68 26
98 2 90
26 68 82
79 93 19
62 78 91
31 34 44
91 5 19
1 75 43
29 89 36
43 26 64
32 94 81
28 89 94
85 1 94
43 63 23
78 47 15
92 19 81
99 13 56
42 89 17
7 63 3
42 21 87
97 61 9
74 63 49
93 33 21
57 36 56
8 53 92
58 20 80
79 75 33
76 93 55
98 18 29
96 64 82
11 33 31
6 25 100
28 56 27
26 20 26
48 61 66
13 38 99
75 98 15
73 53 33
6 9 30
46 82 61
32 47 21
49 27 71
4 19 79
87 3 41
84 10 1
33 48 23
66 89 48
20 10 39
18 55 81
63 31 77
16 68 88
31 12 85
64 81 86
97 26 19
20 71 73
90 46 99
86 20 44
42 41 35
68 57 55
68 0 53
27 53 100
20 24 44
95 47 9
64 75 72
13 41 30
59 45 12
71 89 3
14 70 78
20 2 24
23 7 3
51 28 51
15 31 32
78 29 18
71 11 55
35 89 46
27 54 13
27 5 43
45 78 14
81 6 33
11 61 88
56 42 49
95 39 53
75 65 22
42 63 79
58 91 53
28 91 27
43 90 89
6 60 4
5 30 82
78 57 56
86 52 77
3 37 35
72 88 20
97 22 56
6 48 20
20 24 36
12 37 50
22 12 62
66 86 87
31 62 15
65 93 64
81 83 93
38 92 62
94 1 70
81 71 38
66 95 97
12 25 47
55 37 58
91 8 52
59 23 27
33 58 39
66 43 78
1 59 55
60 21 21
6 2 99
34 57 4
50 19 13
92 56 74
58 80 42
46 49 27
66 90 15
65 40 32
33 85 5
81 59 76
99 98 70
22 84 5
63 68 4
37 30 26
71 76 4
12 95 42
57 5 44
45 40 97
35 30 70
17 8 61
68 16 87
26 32 18
82 76 64
78 85 80
62 38 94
56 71 36
2 66 91
69 90 71
13 48 100
65 97 52
38 81 44
18 30 15
44 39 31
76 26 92
64 77 88
8 55 77
35 70 33
29 62 22
41 17 20
10 7 88
1 68 27
97 69 96
59 65 46
36 42 36
60 15 35
20 71 37
70 33 53
30 17 87
45 95 3
50 23 23
99 40 50
10 12 54
37 67 34
52 7 40
56 59 39
11 0 16
40 21 21
32 45 43
0 8 96
73 68 27
20 90 19
87 93 71
80 95 37
16 51 19
30 37 7
95 12 70
57 63 60
41 11 96
10 18 35
59 64 65
91 75 12
44 64 81
37 72 68
44 85 21
74 12 51
66 59 40
13 7 92
23 20 43
6 75 25
98 19 77
87 76 8
98 3 64
15 52 9
87 23 46
53 18 14
49 23 51
80 58 18
89 35 53
39 90 94
77 86 92
50 63 59
72 32 12
56 36 74
27 32 74
58 24 59
38 69 23
44 56 64
98 20 98
76 41 25
37 44 32
24 60 9
51 99 87
23 27 44
69 7 57
39 76 92
39 15 34
54 78 36
49 21 59
35 41 28
47 11 6
96 99 40
37 9 10
68 12 47
28 39 5
64 0 23
33 46 25
97 54 88
70 6 10
19 54 99
28 42 65
12 24 44
51 95 81
32 95 16
75 24 58
17 65 59
34 28 96
25 6 94
58 22 55
44 8 99
4 95 7
65 26 100
47 9 88
97 70 66
78 6 38
13 84 15
30 83 42
20 94 97
62 23 93
45 19 75
64 10 50
52 66 25
75 22 20
11 83 92
27 71 36
27 92 5
76 49 35
42 8 83
16 23 81
90 80 40
42 10 88
54 37 78
80 56 94
97 43 24
3 97 91
27 35 41
8 66 11
49 54 73
31 14 77
48 96 14
72 9 70
97 45 7
69 94 60
49 34 36
83 40 1
80 36 13
78 65 22
34 31 23
20 30 69
65 49 56
25 33 60
57 3 16
94 25 66
44 94 65
6 8 30
30 75 61
27 40 82
72 83 67
13 85 84
4 88 70
57 8 89
62 60 94
80 95 11
84 0 60
75 88 37
4 8 41
