67 93 63
50 81 1
5 98 57
5 9 74
13 99 98
17 51 81
47 75 37
82 87 14
67 10 96
66 64 46
99 14 6
13 3 13
30 14 24
30 7 57
83 19 82
95 3 86
63 25 52
78 63 65
63 61 63
78 11 26
69 99 67
33 59 10
41 68 41
2 58 51
15 61 3
76 16 45
93 52 77
96 34 81
98 59 52
49 48 67
79 17 92
27 50 3
60 27 75
98 21 18
56 99 64
74 55 25
70 89 22
99 35 71
83 39 2
99 56 98
0 93 42
50 75 42
32 3 46
75 59 23
99 11 58
11 21 24
40 83 9
57 66 14
3 13 54
33 61 54
17 81 88
5 70 65
27 69 89
6 34 9
47 16 89
16 29 47
55 66 58
80 38 82
26 5 58
69 15 33
11 15 7
29 54 99
86 53 32
8 39 76
11 29 36
79 61 30
65 29 52
61 89 49
75 68 3
53 5 81
84 16 11
89 87 42
93 77 54
8 36 4
24 51 4
73 96 50
0 32 36
72 62 66
32 63 16
7 6 23
26 28 75
64 67 100
12 40 83
3 65 25
94 86 4
86 62 52
92 27 4
28 52 78
49 6 50
92 12 6
21 71 67
43 20 25
86 57 43
40 39 87
45 34 40
11 30 48
71 83 7
52 7 92
32 55 16
83 38 82
97 51 43
29 94 37
96 59 74
63 10 92
27 84 76
92 54 46
77 27 48
2 13 13
94 1 43
81 98 67
50 38 11
73 29 93
32 9 37
38 32 98
61 89 91
26 42 66
1 80 9
77 36 91
31 52 60
72 15 15
81 72 87
7 86 51
9 78 29
57 5 39
76 11 56
11 3 58
35 23 32
88 18 38
80 68 8
98 47 19
90 23 55
93 73 64
62 38 91
62 50 23
17 76 70
78 47 36
39 77 94
40 9 46
12 84 93
39 81 29
53 71 74
40 67 26
46 20 17
17 94 99
97 42 99
90 66 86
90 41 68
10 72 91
65 47 47
86 44 70
14 44 82
5 73 45
1 44 16
81 71 25
31 10 16
78 27 83
67 52 25
4 13 68
16 2 88
55 23 39
28 12 93
84 28 11
17 3 25
9 40 55
96 78 67
87 62 2
68 75 9
7 72 38
42 62 2
89 34 61
56 53 33
97 53 24
6 17 75
70 52 94
99 43 14
23 34 74
52 41 82
12 59 88
43 87 3
49 87 74
34 71 34
78 88 69
20 36 98
30 4 14
69 52 38
24 34 89
96 67 76
92 19 88
1 39 73
11 21 89
95 52 12
70 21 31
96 49 34
93 4 19
74 51 40
58 75 46
30 40 41
81 8 44
8 55 33
7 12 94
35 17 41
1 38 56
5 85 8
43 76 2
8 88 10
41 70 43
64 98 18
51 57 54
51 54 7
75 87 21
39 83 12
94 26 60
15 26 2
2 91 56
89 51 12
40 77 71
81 50 1
28 63 90
52 4 45
68 60 50
35 49 30
56 99 74
29 20 90
29 60 6
42 89 97
97 56 55
49 70 79
72 39 98
42 55 2
72 83 12
26 20 48
82 13 55
89 79 58
99 84 43
91 27 7
61 10 95
32 95 79
67 59 25
65 14 80
76 27 22
92 73 49
80 91 24
16 73 84
19 62 40
89 0 63
39 73 52
54 14 27
98 68 43
98 8 3
43 44 69
23 34 100
91 38 34
96 81 50
34 83 49
40 62 92
35 8 28
28 26 100
33 91 1
78 82 54
74 99 81
28 7 1
88 75 5
81 71 86
7 45 34
34 9 25
63 62 89
30 0 52
31 44 36
78 63 30
28 49 65
39 30 65
2 40 4
90 10 32
5 47 70
60 89 97
3 1 31
15 98 65
4 50 19
86 36 68
17 65 84
90 36 26
71 87 41
93 77 95
91 26 54
1 72 51
19 65 7
91 62 43
61 41 72
49 87 35
32 71 58
89 57 93
6 63 49
1 26 60
93 97 5
61 86 80
58 22 3
13 25 55
33 21 11
74 60 9
5 45 20
85 12 7
6 7 9
85 90 60
42 75 74
65 81 17
36 78 7
61 74 93
10 34 79
82 12 27
40 62 22
13 69 19
72 20 52
87 28 38
91 61 67
29 77 68
90 99 8
86 69 31
81 50 92
56 29 58
47 55 27
21 15 49
6 9 8
54 96 29
91 69 98
25 45 90
38 83 15
91 96 82
61 50 77
67 41 47
46 97 8
98 83 45
11 69 67
78 1 86
92 81 2
19 90 23
84 98 5
9 82 51
25 10 65
89 54 35
80 10 74
50 5 19
10 90 98
64 9 19
20 16 16
96 86 66
68 21 35
93 38 42
34 82 76
30 1 95
24 33 44
83 94 30
79 17 73
28 72 75
79 4 67
1 22 92
65 6 94
60 55 34
24 87 23
62 34 20
29 90 10
82 20 38
73 41 93
28 12 76
17 9 53
73 94 87
25 84 44
74 23 27
79 56 24
14 89 19
98 36 87
97 95 43
49 12 87
19 73 44
83 89 1
19 36 97
69 47 92
29 52 70
48 56 76
47 91 81
13 26 84
66 23 27
98 50 12
52 89 59
72 25 85
63 41 43
68 17 54
29 16 44
96 24 3
53 46 78
35 48 61
98 42 21
76 62 96
36 97 23
38 6 45
34 80 46
23 80 99
69 52 85
30 46 64
1 36 23
60 56 57
69 39 16
1 87 39
97 5 42
1 65 71
60 37 65
75 71 52
40 71 68
70 48 55
38 36 59
77 66 10
57 9 73
37 67 78
22 4 7
49 21 22
52 51 60
32 17 57
84 17 44
16 48 10
48 15 92
56 46 28
1 74 68
99 65 65
4 47 94
26 90 44
27 38 30
10 96 25
10 15 47
61 63 12
87 1 95
29 59 34
5 96 35
39 5 26
90 5 18
29 0 2
82 93 5
79 91 15
45 62 26
52 79 27
65 5 84
46 34 24
49 63 56
62 65 74
44 22 77
34 64 90
87 74 75
38 66 16
71 25 56
50 38 30
46 50 24
8 13 21
49 23 86
77 48 29
64 61 96
25 94 89
77 22 91
6 73 38
38 67 49
22 99 27
49 94 68
29 35 68
94 15 12
51 36 78
90 69 59
10 19 38
71 57 3
35 62 46
40 0 55
45 23 49
44 18 40
40 46 67
63 23 66
70 25 90
18 9 21
5 19 13
8 72 42
3 57 85
49 2 10
61 95 77
41 68 31
61 59 26
99 49 82
43 14 7
50 19 16
28 82 18
71 17 50
93 58 81
40 98 46
46 16 50
16 79 25
1 50 20
65 62 67
27 75 41
98 95 76
74 35 83
24 28 28
23 42 8
39 30 70
64 13 26
28 88 20
45 54 92
3 74 96
43 22 87
87 52 29
13 44 71
29 87 71
59 78 91
76 80 32
76 43 92
14 46 3
55 62 32
41 7 10
96 19 9
48 8 8
90 12 88
8 55 79
67 72 34
88 84 44
78 44 32
97 54 67
94 89 5
22 71 73
8 9 62
21 84 93
54 23 23
21 75 58
66 35 91
70 2 4
94 58 93
9 49 90
7 72 63
99 75 63
59 21 24
94 26 54
57 3 11
59 69 99
76 25 30
0 79 20
15 41 78
40 4 55
89 33 19
89 74 5
76 80 92
43 44 86
58 73 7
24 0 27
77 17 33
78 7 67
68 59 35
37 25 93
18 11 50
82 25 33
32 7 88
39 88 99
84 23 88
62 20 41
84 39 39
43 65 99
84 12 88
62 74 91
27 43 6
54 98 77
32 58 29
14 91 34
31 75 34
55 79 70
64 3 15
18 55 6
82 6 89
46 22 22
67 91 28
47 72 63
51 22 82
93 68 7
92 69 16
29 65 47
20 22 80
96 35 9
69 38 10
51 43 30
13 47 24
45 48 3
79 63 77
76 1 58
94 51 60
74 65 61
84 52 69
56 72 10
18 60 1
7 88 21
86 55 24
80 0 56
60 37 24
13 46 4
27 99 21
20 6 67
56 40 9
72 25 7
21 55 67
39 55 89
23 55 34
56 68 27
70 82 29
94 27 5
50 21 100
0 2 60
32 85 71
82 98 5
7 88 65
79 11 72
27 45 75
56 15 58
44 3 26
21 54 35
11 63 46
48 24 28
9 69 21
91 57 42
19 72 35
35 62 23
42 43 55
83 38 17
70 5 28
52 41 56
84 5 61
58 1 44
7 93 66
60 66 99
93 87 36
0 4 69
23 94 40
61 37 99
70 43 29
96 26 17
86 66 27
65 58 95
49 32 68
54 10 69
93 43 7
77 29 17
92 72 24
86 90 12
24 82 34
45 6 80
91 33 84
43 76 14
97 21 5
20 18 68
29 83 10
89 27 43
23 13 22
38 55 69
9 30 20
38 86 10
14 56 33
68 38 91
74 89 15
13 82 73
93 97 88
95 28 78
68 57 96
56 93 17
87 64 90
75 53 87
67 99 40
0 41 83
24 15 59
94 46 7
83 36 3
0 63 18
25 54 26
75 67 30
83 61 79
10 4 53
83 69 83
2 76 57
63 16 63
88 71 18
48 55 48
15 51 45
56 65 64
73 45 36
70 39 4
85 2 88
69 5 40
71 57 93
65 51 28
72 87 42
43 80 14
92 45 83
18 25 27
63 55 6
26 74 30
56 2 37
62 38 71
41 75 80
15 39 58
21 0 68
86 66 97
92 67 50
58 88 66
18 81 20
24 62 62
75 72 31
42 95 84
43 28 17
49 6 57
49 84 87
71 55 36
59 53 54
45 43 79
71 90 33
93 81 12
29 85 24
72 54 74
84 83 87
87 91 20
16 45 73
87 71 5
96 5 4
62 19 77
77 36 20
14 51 63
2 43 33
64 34 92
43 5 17
42 80 51
10 74 42
84 87 70
51 65 63
39 24 80
71 60 62
69 25 68
65 12 61
29 71 84
70 35 13
47 31 57
54 52 35
88 63 18
99 2 100
15 80 72
89 87 40
86 1 33
23 19 49
68 39 53
29 42 13
24 53 51
10 26 55
70 71 20
84 20 5
56 13 70
17 19 8
56 79 42
75 17 5
64 53 3
67 3 92
28 47 72
65 71 29
43 91 28
77 8 14
7 8 23
72 0 84
98 29 12
35 60 53
84 80 43
91 50 86
92 9 18
22 24 39
91 88 63
97 84 81
44 65 30
52 59 58
95 79 90
27 86 41
68 52 25
87 49 3
89 68 71
63 96 1
82 42 72
26 11 81
92 67 95
8 19 20
56 71 42
52 77 47
65 67 15
2 28 34
10 21 73
18 44 2
31 23 40
9 39 63
11 64 97
28 59 28
90 99 49
19 33 20
83 16 8
4 51 58
69 1 53
59 78 20
4 57 54
13 15 76
82 48 76
28 70 37
80 54 97
78 98 77
59 81 75
50 81 97
75 53 5
66 27 37
41 37 49
96 33 30
7 72 49
43 30 13
15 45 50
9 8 23
69 19 9
8 82 12
32 89 68
23 76 95
10 50 9
45 41 71
95 81 84
8 14 85
5 35 18
33 32 83
69 68 56
36 14 36
14 70 74
66 55 61
63 59 15
80 24 86
49 16 7
64 17 92
3 66 60
11 70 93
99 70 23
15 26 85
48 10 33
45 90 91
60 28 51
1 77 8
90 88 28
22 99 73
71 63 18
96 92 6
61 50 43
54 38 100
53 65 34
29 11 50
92 80 8
15 86 30
65 80 18
27 80 81
46 39 85
11 46 40
89 91 68
87 65 38
65 98 57
13 91 9
38 73 95
41 31 30
3 9 21
78 46 91
91 30 76
44 79 57
2 91 75
34 88 89
12 11 33
78 56 79
0 91 48
85 84 21
89 14 86
78 36 51
91 60 62
99 98 47
42 89 76
51 6 70
4 67 36
93 82 80
49 93 40
49 90 23
19 21 95
4 21 76
39 18 3
77 5 27
76 52 40
83 92 27
70 18 47
78 54 48
7 78 59
98 63 36
15 84 44
70 5 80
53 72 11
83 56 81
71 93 60
64 12 71
50 61 45
23 72 94
55 99 29
60 1 8
75 71 70
39 15 77
6 11 75
26 89 85
77 22 17
21 16 85
91 14 53
56 46 60
45 80 8
91 62 71
70 87 40
72 79 83
25 20 56
24 96 84
67 98 23
73 50 69
27 45 98
3 82 23
94 93 8
31 86 28
77 37 88
99 6 34
46 90 78
38 30 8
18 73 60
83 96 12
2 22 94
49 2 76
64 34 93
69 59 58
56 49 37
98 19 32
85 24 2
1 48 73
16 0 31
45 72 36
65 84 56
29 70 57
49 19 82
3 60 64
98 28 38
40 20 80
3 92 84
17 80 78
18 52 3
9 15 36
31 5 54
14 67 95
97 47 29
2 26 28
9 77 18
50 13 69
49 70 93
33 15 83
88 99 47
48 84 15
34 79 31
95 26 84
84 40 77
31 26 23
29 1 67
56 11 63
88 89 76
89 49 32
39 46 17
95 89 66
32 13 71
76 22 4
63 90 67
90 34 30
0 2 94
66 2 57
31 94 38
82 59 78
46 38 9
31 50 5
31 62 22
42 84 16
97 19 13
54 35 44
10 53 16
57 98 51
9 87 32
88 79 49
50 87 64
54 48 45
59 43 37
85 28 22
43 27 100
24 92 57
57 79 38
72 71 29
51 32 28
55 58 87
19 31 31
2 44 52
82 33 59
55 63 5
31 93 96
64 69 5
81 76 31
35 70 10
43 31 91
77 13 47
89 75 26
98 8 25
46 9 4
15 48 89
78 92 53
20 53 71
7 67 86
46 37 22
49 68 9
69 58 58
30 85 68
72 96 66
64 35 72
5 98 78
21 80 37
1 89 2
25 98 18
24 6 35
74 10 52
42 58 83
54 43 54
17 21 49
85 93 11
97 89 14
72 79 57
1 72 75
84 40 91
75 86 5
66 19 94
50 23 51
56 59 25
89 40 25
86 27 52
70 10 35
75 14 56
38 70 4
75 68 41
50 4 66
43 63 7
54 31 82
6 92 20
24 2 98
22 68 11
81 15 12
91 32 50
12 86 17
11 99 83
95 21 50
39 76 48
40 47 56
91 83 49
54 56 58
4 28 97
14 55 2
5 35 18
91 55 63
80 15 81
43 83 41
34 28 82
59 91 84
62 60 26
82 43 3
72 33 59
96 47 62
64 29 84
4 46 50
16 6 28
37 63 48
16 95 70
71 47 40
89 27 63
88 89 93
92 11 36
50 82 45
63 12 53
90 10 49
59 8 38
27 66 14
35 46 66
40 78 43
6 27 46
50 29 51
40 80 36
49 46 49
98 31 36
33 3 81
69 37 93
22 71 77
90 41 18
76 84 43
57 52 48
58 24 19
77 11 39
87 85 92
92 83 57
40 78 32
22 53 21
88 12 62
47 5 32
87 37 54
19 45 63
54 9 50
26 58 3
29 24 61
4 30 83
87 29 98
90 88 61
43 81 70
44 48 72
67 7 72
62 8 83
45 38 79
72 27 71
89 98 74
60 72 32
61 55 53
0 98 63
80 65 20
54 76 41
71 60 66
20 22 94
79 31 39
83 47 9
81 60 90
83 64 53
26 3 34
0 89 24
45 42 4
38 24 16
13 76 4
15 60 30
52 73 18
44 29 11
94 46 96
18 4 76
33 34 35
38 6 69
84 64 73
66 74 31
15 1 29
52 70 59
7 82 22
54 93 3
56 44 67
25 60 66
52 20 5
28 8 68
12 92 44
80 81 10
85 60 4
9 59 87
83 6 73
56 22 97
17 29 8
40 13 30
7 35 11
97 64 55
22 2 88
99 83 35
77 31 12
46 74 37
58 1 5
46 94 11
38 63 26
35 41 20
43 82 89
70 67 6
92 25 76
72 22 22
60 42 62
16 69 63
26 32 26
45 23 95
84 47 45
48 17 63
24 80 79
38 15 94
65 38 35
47 31 49
73 7 74
53 25 54
82 4 91
95 96 90
47 27 15
26 64 85
71 22 83
65 38 51
49 32 10
94 40 40
25 64 32
6 32 5
73 45 43
88 82 8
94 70 8
80 65 1
86 83 66
16 65 94
67 58 58
3 51 88
89 58 23
77 65 19
46 61 38
80 78 42
79 21 49
54 65 18
92 49 41
65 0 35
43 5 59
45 0 14
35 23 17
39 24 39
14 55 79
30 49 48
89 3 34
49 98 43
84 27 28
68 97 91
99 98 27
79 94 25
6 56 53
70 27 68
65 8 7
44 54 50
78 9 88
4 55 57
88 99 100
41 47 11
23 69 77
47 20 100
83 39 99
55 39 59
53 29 89
63 50 100
24 52 11
99 36 46
46 56 43
12 68 35
62 46 65
61 1 32
12 46 2
8 29 37
64 54 62
46 78 91
22 85 23
38 76 22
21 93 86
87 61 71
15 91 2
39 29 60
36 53 15
82 27 86
51 27 2
77 76 19
10 9 76
13 4 43
64 57 39
57 61 57
74 41 67
79 55 55
90 69 25
45 66 64
25 36 43
63 80 93
21 84 68
64 84 45
12 86 37
76 17 70
51 29 72
85 46 5
60 70 14
33 38 56
35 89 39
86 12 39
8 42 81
4 88 51
63 13 61
54 84 7
98 46 12
70 53 66
98 5 32
67 55 30
16 66 66
73 51 92
54 18 36
19 10 27
10 36 71
57 58 44
82 24 29
31 76 39
35 83 44
58 5 87
16 70 61
56 81 95
88 74 25
72 97 8
55 39 14
58 30 17
56 7 1
61 16 74
44 51 69
90 0 56
65 75 61
88 73 25
70 28 85
0 14 44
4 98 47
83 4 15
55 42 46
7 98 63
38 87 46
23 2 59
42 81 37
69 51 4
75 70 38
39 48 29
80 89 75
80 3 57
4 63 2
14 5 1
11 73 38
82 36 51
0 99 17
79 2 62
45 14 95
6 49 65
87 19 10
44 21 38
50 40 85
47 99 75
61 44 44
16 18 27
29 30 84
45 38 11
54 62 59
94 99 9
99 86 40
28 75 14
23 33 33
50 94 51
75 36 84
57 27 39
76 2 9
66 13 45
69 92 58
33 34 80
20 16 55
21 50 1
4 96 56
4 5 79
8 73 61
89 57 2
46 64 38
70 17 66
0 56 45
59 91 74
80 41 64
58 30 39
72 94 11
8 5 75
20 97 39
20 21 33
78 2 90
17 14 32
44 12 55
2 95 15
72 67 83
67 63 79
52 28 11
59 63 28
93 99 86
9 53 39
88 79 83
58 50 78
34 61 26
58 61 41
39 74 40
2 94 76
72 40 80
27 68 99
4 7 81
76 5 6
47 71 57
93 31 17
84 91 72
32 57 5
75 83 59
32 43 46
75 2 85
32 36 59
32 5 62
85 7 67
18 86 78
35 64 68
23 45 12
46 57 5
27 3 100
8 62 66
9 8 29
42 6 70
21 15 41
31 49 28
25 51 51
15 37 85
7 80 85
41 29 75
25 47 22
3 24 26
30 8 26
65 93 63
50 69 89
24 7 68
2 48 91
54 24 30
53 79 57
37 21 73
14 53 37
23 63 83
31 11 64
17 27 22
24 36 13
30 29 25
69 0 54
87 91 24
60 43 2
25 41 66
61 23 19
36 5 70
89 66 63
45 12 3
30 44 100
19 4 45
82 60 66
21 66 46
6 59 99
7 16 90
20 68 87
90 6 39
57 50 7
90 2 48
73 9 51
45 11 88
3 63 30
56 87 83
73 60 33
77 75 95
35 46 99
94 27 76
33 37 20
96 23 39
84 18 75
46 60 7
40 52 76
84 97 64
72 58 99
57 90 2
50 35 10
44 54 24
0 13 60
6 0 13
24 74 75
61 80 8
24 38 22
94 57 16
7 50 17
47 92 74
90 64 49
76 83 43
70 99 77
93 1 85
43 34 70
42 2 22
78 38 18
20 12 90
78 19 3
65 10 100
12 39 39
9 75 87
9 2 25
35 53 82
50 60 7
2 54 28
62 9 9
75 47 3
91 26 45
96 6 37
99 19 7
7 36 10
37 96 23
10 73 74
82 61 55
34 29 84
34 55 9
33 31 60
48 62 24
20 48 35
95 90 43
92 42 74
22 47 55
71 6 17
77 15 96
91 5 14
29 7 3
36 18 63
86 58 58
89 91 52
43 38 94
19 51 57
91 90 27
52 80 24
62 70 80
40 36 47
92 78 19
5 2 26
10 7 50
40 41 68
93 67 12
4 37 66
4 40 8
40 42 48
33 15 22
65 45 73
41 87 47
21 59 53
70 38 23
37 16 45
97 81 20
96 78 44
78 38 51
8 16 38
76 64 65
93 61 14
9 68 67
40 67 82
52 81 70
23 40 48
44 99 49
81 86 31
62 75 78
10 64 93
39 47 63
56 1 15
11 42 81
34 83 62
0 75 99
41 72 49
47 73 17
5 67 64
54 22 14
5 56 12
92 31 32
76 99 79
69 49 34
88 97 69
52 33 69
23 33 63
11 94 63
4 8 82
41 69 40
39 85 73
45 71 31
35 14 85
50 38 92
92 55 27
42 89 26
72 19 17
8 33 39
0 67 96
5 8 29
30 76 97
60 44 61
22 63 19
58 21 42
77 15 84
52 74 14
73 18 60
77 75 45
42 97 30
97 75 79
77 28 2
22 99 2
58 59 23
78 54 13
24 83 56
82 84 42
27 3 97
71 73 72
96 12 10
63 31 45
7 35 74
74 36 2
92 95 94
12 49 81
45 48 7
8 46 39
37 89 5
88 18 78
62 88 63
88 38 90
86 60 84
92 80 75
41 93 90
52 10 51
91 97 14
29 94 53
92 73 59
69 42 9
39 86 8
24 18 63
68 71 13
20 36 47
6 67 79
69 47 4
20 69 11
76 16 57
47 71 34
99 25 17
98 22 89
95 71 76
64 44 42
21 42 11
41 28 43
41 45 75
31 92 5
86 32 34
79 98 8
56 60 71
36 75 79
59 72 5
55 82 72
78 20 51
1 81 4
62 85 22
15 49 25
54 28 41
29 69 43
20 2 58
33 88 20
49 59 36
30 62 27
0 60 62
12 32 45
17 61 98
42 95 85
87 6 32
71 23 71
64 85 82
70 81 98
24 32 52
21 2 41
67 5 23
55 24 59
93 47 11
32 91 11
74 84 12
1 82 51
96 59 78
63 55 90
52 71 24
81 8 53
91 74 30
31 2 92
56 71 15
74 32 48
91 73 8
15 63 98
63 8 7
4 69 75
76 21 11
44 43 95
93 48 33
2 62 29
58 21 85
85 46 78
83 98 83
26 93 90
13 11 87
94 37 13
51 89 15
88 51 16
10 72 87
60 35 66
55 61 70
40 25 58
79 32 28
70 54 87
37 77 40
37 23 7
89 72 73
91 66 18
32 76 17
83 2 63
97 80 74
25 24 90
15 39 36
12 4 75
94 49 19
37 25 50
30 39 12
59 23 11
47 92 36
24 75 32
97 84 34
14 22 89
66 68 22
43 67 81
91 42 19
3 25 40
93 78 44
30 22 84
45 52 15
57 73 3
89 27 1
32 49 100
8 23 44
65 32 65
83 40 19
91 98 96
49 65 10
92 26 15
50 93 70
10 56 10
50 39 2
88 55 85
39 55 54
18 23 16
83 76 3
92 50 69
35 81 84
69 74 52
95 80 88
4 68 49
34 87 95
18 68 78
9 5 9
18 67 100
31 15 3
62 65 53
23 14 13
47 50 93
20 27 47
31 78 3
22 46 68
2 65 20
28 24 4
0 4 70
57 81 51
64 42 70
20 24 86
44 93 56
67 62 20
29 7 48
14 24 62
64 58 93
32 79 24
91 96 68
38 98 47
57 8 20
99 19 4
41 57 24
67 13 87
75 90 52
46 17 20
97 12 91
46 24 70
42 73 15
65 19 80
15 60 46
37 68 37
10 46 46
25 78 74
27 46 28
86 43 45
44 42 59
25 88 85
39 21 39
8 54 22
32 92 4
82 12 71
23 74 52
88 10 35
21 79 8
83 78 32
24 43 90
26 19 9
86 76 64
1 17 3
51 57 66
94 82 89
43 90 88
72 78 8
31 93 66
38 77 95
96 9 35
88 39 56
40 91 60
65 37 28
35 50 49
60 20 57
32 73 54
25 65 80
47 5 57
16 37 93
83 35 13
80 86 12
54 61 49
31 13 78
70 29 68
72 79 8
56 25 98
75 47 77
36 75 27
18 62 70
90 19 40
41 84 8
90 97 56
73 96 31
58 94 54
25 9 90
53 77 45
28 70 62
4 34 98
18 43 29
91 62 60
67 41 10
78 19 93
96 61 59
71 20 72
9 22 6
66 84 30
91 53 67
46 55 77
71 60 76
38 89 98
17 72 27
23 86 69
12 18 19
93 64 67
48 21 3
5 63 70
37 69 74
92 31 26
21 56 80
40 52 87
74 2 73
58 50 99
68 28 63
54 25 27
72 17 68
66 80 24
65 38 94
82 34 96
10 7 8
4 79 95
85 65 24
4 21 93
62 25 22
27 56 16
10 44 62
15 52 16
72 38 22
74 3 8
34 83 66
56 69 55
78 86 4
33 68 59
78 51 100
6 94 38
95 50 3
52 63 66
20 68 11
96 53 81
91 33 63
84 46 53
71 24 5
15 62 17
0 97 38
14 51 83
18 50 17
5 35 38
86 59 75
16 22 60
48 85 18
44 98 51
50 99 22
6 78 71
9 0 26
35 1 54
4 45 92
82 28 91
39 44 88
44 27 26
68 1 66
32 90 24
33 24 3
67 98 8
39 45 31
57 97 54
85 90 83
37 49 79
39 17 89
57 22 71
83 81 43
18 37 24
87 53 99
8 37 44
91 49 94
74 88 49
15 5 64
30 85 52
20 98 77
41 88 59
28 2 17
20 82 67
30 32 71
77 14 2
35 90 87
25 13 25
32 43 19
38 41 17
34 79 20
14 90 57
89 18 62
39 63 81
8 68 54
85 99 88
45 1 98
57 17 52
87 36 92
10 86 12
63 21 6
83 7 8
94 61 64
22 16 12
68 79 39
93 91 36
56 57 4
0 27 85
67 66 37
46 86 30
71 8 59
13 86 94
80 90 88
82 58 19
57 87 52
63 27 41
3 54 6
29 75 35
18 82 9
27 83 63
61 80 57
34 80 5
52 10 43
69 3 6
90 17 98
72 55 15
39 26 18
21 97 94
35 60 81
55 60 23
9 55 21
40 3 65
15 97 32
79 32 35
33 62 93
24 8 90
63 78 50
62 41 26
10 41 82
66 52 1
26 33 12
15 96 16
59 46 30
48 82 60
12 33 85
19 38 2
24 13 36
0 4 14
22 93 97
70 97 21
56 23 13
33 92 58
11 60 55
46 15 20
92 23 67
26 59 8
41 92 25
31 16 86
73 34 100
52 47 71
68 87 20
74 27 26
96 83 8
98 70 15
8 51 10
31 35 91
40 64 24
91 67 27
88 89 93
37 53 75
75 8 23
69 6 40
45 58 34
93 43 22
54 24 26
69 13 73
80 58 20
68 83 56
67 33 13
29 67 1
40 84 43
79 48 86
96 32 96
8 82 25
89 82 3
46 12 76
63 98 41
97 71 94
6 95 35
65 86 66
27 79 98
62 70 13
82 66 9
80 13 98
12 36 39
43 27 73
25 54 35
74 54 66
54 0 31
63 71 36
52 66 24
62 0 81
75 41 81
8 66 49
8 17 30
44 92 37
99 63 67
74 75 23
73 95 40
4 46 99
43 59 46
62 19 12
0 98 15
59 96 12
22 11 14
50 73 85
77 65 75
35 5 3
60 8 73
75 39 36
81 18 6
74 44 78
53 31 81
59 64 59
80 53 17
86 24 68
2 16 92
18 27 69
91 8 76
56 34 33
95 73 29
92 98 97
6 70 40
71 93 15
53 68 100
46 71 51
0 91 88
13 89 81
70 59 54
10 44 55
84 75 39
24 87 61
84 22 87
85 93 71
40 12 6
7 66 72
40 47 72
79 0 60
40 90 38
15 93 5
73 50 93
26 49 48
50 38 86
98 80 64
36 76 72
32 53 38
20 51 43
4 68 9
14 90 40
41 70 10
28 68 21
8 13 44
52 36 94
49 84 54
45 27 89
59 71 65
47 64 7
18 30 67
66 67 68
67 51 36
62 1 95
77 7 70
40 82 40
43 4 24
85 47 53
13 49 25
8 58 74
95 52 29
84 22 24
89 28 80
54 44 71
63 38 89
83 12 74
77 1 68
86 28 98
78 54 15
37 58 72
58 29 92
74 64 96
85 82 88
70 91 6
25 52 80
4 30 64
66 82 44
62 74 11
38 73 31
73 76 67
64 27 3
36 87 100
49 22 90
86 77 31
92 81 29
48 1 96
9 85 2
64 36 22
52 45 26
5 8 19
22 19 77
74 41 40
98 95 64
22 43 94
3 30 94
13 83 31
23 42 82
70 57 85
89 86 12
25 27 84
9 69 54
74 89 60
76 46 10
59 52 95
87 3 78
64 79 86
4 69 25
50 99 21
19 57 27
35 57 56
7 44 49
71 57 75
94 56 38
93 95 47
98 79 29
22 67 71
77 17 36
74 87 85
69 20 55
15 86 14
95 7 90
69 82 52
49 89 26
91 34 29
84 12 19
33 80 97
2 30 16
93 78 37
17 65 94
59 35 95
62 86 71
9 45 58
10 65 80
67 4 85
18 54 78
65 15 88
62 58 82
50 90 95
31 35 36
48 62 56
29 90 59
26 52 2
67 59 70
10 76 6
40 49 26
17 93 27
98 29 42
96 17 56
22 65 24
4 72 63
76 92 2
80 78 19
12 13 99
32 47 72
29 88 60
52 9 43
95 28 52
66 55 67
53 65 1
51 46 73
47 14 94
31 76 54
28 45 8
45 53 50
94 88 8
55 84 28
4 77 94
64 54 84
30 6 78
75 49 13
84 9 97
69 12 69
75 16 54
98 75 6
99 61 26
12 50 68
13 42 75
44 85 73
76 21 86
99 21 22
93 90 10
11 49 78
27 65 46
14 35 89
62 64 92
30 58 49
18 79 5
29 8 3
59 36 20
14 9 37
98 7 64
33 13 42
8 0 9
84 67 68
9 1 84
77 89 51
91 24 76
58 7 98
42 19 19
78 20 44
93 87 68
77 84 11
7 61 13
20 3 10
5 54 63
99 91 39
10 25 98
67 28 16
57 40 11
87 15 72
27 15 89
71 61 13
7 96 74
33 53 24
95 62 35
99 48 16
76 78 11
53 7 23
43 3 39
39 46 52
62 41 29
63 64 9
3 39 39
28 37 91
39 92 29
45 71 60
73 57 77
1 11 69
30 60 95
10 74 19
50 46 83
80 82 9
57 93 78
67 10 3
9 83 87
74 27 90
8 21 47
40 61 36
51 65 15
62 75 8
94 1 82
88 28 64
11 80 18
24 88 19
30 53 28
34 55 44
11 43 45
26 12 43
89 55 35
52 82 72
4 68 93
25 11 42
8 27 63
15 73 33
31 50 89
77 64 66
76 2 37
65 88 23
85 97 40
23 43 95
75 60 91
75 34 93
97 70 90
87 42 96
30 33 44
75 97 28
68 45 24
71 49 5
52 70 47
0 58 27
6 60 53
33 1 24
95 18 31
24 76 58
62 23 76
71 91 17
71 83 19
55 18 84
30 71 50
94 28 3
12 68 61
43 20 94
30 71 24
74 86 69
82 13 98
68 42 69
60 78 41
69 20 77
78 29 86
90 12 64
85 98 30
44 50 5
2 53 15
30 74 17
59 36 16
60 37 43
9 61 20
23 46 95
67 57 5
85 60 31
76 99 94
17 79 60
73 18 69
99 32 6
49 18 19
58 76 80
82 99 31
38 95 88
54 17 59
42 41 7
91 94 78
99 50 49
0 92 23
13 51 93
86 41 81
15 64 70
42 29 24
77 92 53
65 37 10
81 7 14
55 4 90
60 61 54
77 14 84
75 30 20
22 48 28
4 2 33
47 29 67
91 85 33
14 98 62
12 46 67
36 50 15
84 34 95
66 20 27
80 73 58
48 68 84
95 38 61
4 32 53
69 83 62
55 96 85
0 17 70
55 60 4
17 39 70
35 62 11
46 69 69
93 69 19
82 72 81
65 99 18
51 75 90
63 31 54
58 87 100
87 47 43
62 15 95
25 47 53
72 78 62
87 11 45
11 85 83
55 61 48
15 57 58
51 46 46
16 83 1
7 81 17
27 8 58
72 45 9
6 25 94
2 30 87
25 29 20
53 42 15
60 57 27
41 55 21
16 52 27
81 3 63
61 23 69
70 41 72
27 45 68
53 28 79
52 92 47
29 6 14
30 46 82
93 14 57
12 56 83
98 11 40
47 94 73
9 39 19
34 22 83
84 57 34
26 98 58
52 63 43
39 82 58
15 34 66
6 19 89
49 69 6
0 18 82
51 36 87
72 81 4
91 83 96
88 4 36
94 7 11
70 35 31
47 36 86
85 43 50
73 23 25
32 31 33
84 43 17
51 93 23
95 9 38
98 69 86
95 94 67
43 66 9
97 36 30
58 32 24
13 9 83
38 24 9
58 73 40
90 45 25
19 45 92
12 88 12
43 95 87
27 65 90
97 10 19
40 52 1
28 16 59
49 11 97
98 56 72
13 34 92
43 48 25
74 59 69
60 83 52
62 0 28
13 45 42
66 18 7
80 61 13
80 27 22
55 65 31
25 22 62
57 68 42
65 51 26
2 4 14
76 77 43
94 70 22
42 28 30
28 86 69
6 18 59
82 57 44
58 12 3
67 17 26
55 64 75
97 81 20
70 96 8
43 12 61
39 92 94
45 12 1
69 61 55
96 48 13
64 62 55
55 88 47
48 24 59
59 79 86
39 0 49
39 53 37
75 22 28
95 38 17
25 71 39
18 14 45
96 86 69
48 9 4
59 87 84
28 31 15
29 21 15
35 79 73
76 49 20
39 37 47
1 9 87
28 85 49
82 88 91
19 56 23
11 34 46
93 7 64
96 78 44
19 91 74
27 2 62
8 21 84
33 30 34
4 82 88
78 99 10
9 60 40
28 83 46
46 65 71
89 79 40
18 77 64
69 18 40
61 17 90
44 0 70
5 72 3
68 5 75
14 3 80
32 98 97
76 10 57
45 24 5
91 98 92
43 22 34
19 40 14
90 35 33
28 14 76
36 70 43
53 92 55
5 82 60
56 88 53
74 27 31
53 27 20
19 0 11
68 6 83
38 79 55
38 57 44
27 94 82
7 6 9
41 75 12
10 17 39
96 43 3
88 11 8
85 40 22
57 37 82
61 91 54
73 95 27
12 83 71
57 97 32
98 5 48
64 72 36
2 71 37
38 69 60
32 47 32
52 51 88
60 72 90
56 9 70
75 33 37
98 59 57
63 25 50
89 32 51
53 1 11
98 52 93
27 51 43
73 65 42
31 33 77
90 27 45
61 6 6
0 69 41
15 10 95
78 87 44
55 21 74
8 16 34
76 2 69
33 5 42
34 62 73
64 40 87
6 14 11
32 84 70
16 75 98
1 55 25
3 51 90
41 76 96
37 19 42
23 73 18
64 3 33
75 82 64
36 78 52
84 80 52
98 23 85
33 46 60
97 17 44
14 29 2
60 88 74
73 85 45
89 6 9
47 25 93
60 38 17
48 98 21
63 39 39
43 61 31
46 77 75
67 6 76
19 61 39
21 23 30
73 91 45
69 96 2
18 81 61
62 37 25
62 48 35
73 27 17
79 88 5
87 84 13
80 47 16
74 29 96
97 72 62
75 54 30
93 32 19
83 1 72
90 23 88
70 95 76
23 34 48
1 92 67
32 91 42
73 26 97
10 50 90
35 14 82
96 20 39
66 71 85
95 71 66
82 39 65
75 69 27
60 33 20
96 26 10
17 65 27
87 52 27
64 89 15
4 89 9
0 97 48
90 34 69
36 33 40
67 62 85
21 4 11
41 9 70
82 56 37
40 10 3
69 39 78
2 13 87
41 7 36
55 28 23
94 10 82
45 70 93
34 83 7
61 77 94
31 79 58
30 29 4
6 53 82
82 78 84
78 73 57
1 18 4
86 35 97
16 86 22
0 12 90
59 58 95
81 40 78
11 97 20
29 27 44
29 16 18
66 7 71
80 61 94
75 95 78
17 90 68
67 58 22
56 50 77
64 68 85
25 82 45
51 11 44
69 24 17
20 19 17
47 6 3
28 61 59
54 99 53
81 33 75
25 72 34
11 0 80
76 83 90
92 14 52
26 87 54
70 51 37
76 38 25
93 28 69
77 15 6
21 88 21
12 64 34
15 98 91
94 11 85
81 7 38
39 25 37
66 16 26
86 14 53
63 36 65
25 58 15
38 64 57
9 3 76
32 59 69
41 10 71
53 94 37
72 63 14
89 33 96
24 72 9
60 54 100
93 38 46
41 72 100
7 11 85
83 19 92
86 97 33
67 13 89
73 13 92
40 25 81
57 91 33
20 46 41
71 10 99
95 24 56
2 65 78
34 59 93
99 5 52
64 56 86
65 81 51
39 25 78
99 4 54
25 29 93
15 72 4
72 30 33
59 65 98
98 80 30
63 16 8
57 45 91
49 20 92
47 3 69
54 78 8
51 91 82
17 37 96
89 62 58
87 0 30
74 20 33
18 77 21
65 87 41
53 51 16
37 19 91
50 49 45
83 77 33
72 67 44
16 31 61
42 67 8
26 92 49
37 60 53
23 83 53
70 15 96
53 3 98
91 23 10
26 24 41
47 84 78
39 26 16
54 28 47
64 94 71
88 28 72
1 28 59
17 69 27
30 13 90
21 1 45
14 70 58
89 60 89
77 65 6
43 78 72
9 61 2
46 89 14
39 59 5
94 71 67
13 58 69
57 97 96
85 71 30
52 41 93
60 30 60
62 29 58
51 45 12
62 39 78
72 30 78
8 24 33
30 47 56
84 21 54
35 12 79
91 85 82
82 36 22
67 75 74
17 28 49
66 24 3
44 47 6
92 69 46
32 98 2
29 43 97
96 83 78
30 28 26
52 85 43
91 17 13
70 91 11
82 31 14
32 91 69
97 63 59
91 14 97
66 81 92
90 69 12
61 24 83
20 12 20
75 63 16
75 99 8
98 92 40
7 3 81
8 84 95
68 9 52
82 92 15
1 89 33
64 8 37
41 25 49
17 16 80
57 19 87
63 60 52
80 87 41
10 53 45
14 73 21
93 95 42
16 89 93
60 92 2
4 43 94
28 37 28
83 23 21
81 95 38
17 90 65
44 64 61
2 71 82
9 48 50
83 2 15
2 75 40
26 72 86
62 36 41
3 5 6
79 66 26
8 2 20
1 88 79
11 5 12
57 60 3
61 6 36
43 66 40
34 88 46
86 34 75
88 81 92
46 65 32
65 60 53
89 44 59
20 74 29
9 72 84
18 40 35
42 82 97
98 73 18
89 62 72
53 83 16
52 76 84
76 51 67
53 38 67
35 3 36
70 92 78
21 4 92
93 91 80
98 29 17
55 69 20
92 11 85
89 51 25
59 60 62
91 93 80
84 38 21
25 61 15
87 7 47
96 60 60
9 94 10
98 15 46
37 57 61
42 19 46
22 70 67
32 25 56
62 44 90
92 4 68
63 84 42
1 99 29
84 22 73
52 16 65
58 52 58
25 84 29
53 42 66
91 4 60
35 80 4
8 24 3
18 21 56
9 14 9
39 3 89
27 7 84
18 63 24
42 28 25
61 49 64
5 69 87
52 48 75
12 93 16
55 38 67
26 59 30
81 49 55
33 71 60
64 33 72
41 31 88
2 16 57
64 86 22
43 1 8
68 38 31
40 57 74
29 86 48
11 63 70
2 80 96
19 3 48
16 89 93
39 44 55
94 63 68
26 80 83
22 50 19
65 82 31
22 24 90
91 75 26
16 99 76
61 24 43
72 59 23
12 63 4
69 57 7
12 38 33
69 51 45
61 58 37
40 21 82
23 32 86
47 27 52
60 29 63
64 66 90
34 80 39
72 32 24
38 79 9
99 98 17
13 64 4
29 59 68
87 44 20
70 75 75
90 10 46
86 98 4
3 67 4
50 76 71
22 93 23
77 76 61
2 32 78
40 1 16
22 72 84
42 26 26
74 69 44
35 4 20
58 90 91
53 49 88
47 77 72
75 21 47
22 82 40
83 94 39
94 11 78
23 94 24
51 95 67
23 96 16
91 65 18
28 91 21
62 72 95
69 17 47
22 75 68
1 77 17
48 25 57
9 80 53
66 35 56
3 38 26
74 21 82
58 40 67
82 67 41
85 5 31
84 53 36
34 83 82
84 7 77
62 13 52
63 14 65
6 1 35
23 91 26
11 6 8
78 14 75
79 12 23
44 52 64
32 65 4
42 77 13
60 53 1
33 10 11
6 57 65
30 42 2
28 8 68
91 29 56
50 0 73
54 99 92
3 26 80
19 21 88
70 93 92
23 55 62
20 24 17
40 61 82
29 71 13
21 30 91
26 0 54
20 73 31
79 90 88
34 39 80
53 68 33
68 52 8
7 5 42
91 40 82
89 90 24
70 0 16
48 21 77
68 88 86
30 24 64
2 44 51
71 98 55
24 79 53
47 21 66
29 76 86
90 84 89
86 62 22
0 37 62
23 9 44
46 44 41
80 87 23
62 42 60
27 5 47
38 49 81
99 60 73
70 72 54
73 11 1
72 29 40
5 24 77
7 10 52
28 23 67
91 58 47
51 23 16
49 99 92
47 99 36
56 87 20
54 10 50
12 37 57
50 21 34
2 24 33
85 31 55
62 26 44
6 54 30
96 30 60
56 12 3
24 41 86
17 85 17
85 70 13
56 43 9
47 18 56
7 82 60
31 98 87
51 22 55
63 50 70
99 91 44
66 34 76
8 63 12
6 66 51
27 10 20
94 73 77
39 78 64
24 6 25
66 99 38
62 45 65
58 43 64
53 32 29
72 76 33
53 63 21
12 28 66
49 86 54
70 67 19
35 57 1
4 95 11
80 72 100
37 31 25
62 6 67
28 2 92
42 77 32
17 22 17
12 7 37
12 4 40
83 19 61
99 36 78
52 28 41
26 83 26
26 78 60
38 94 33
6 0 6
40 10 25
14 38 88
60 19 62
7 36 8
48 37 29
42 98 22
13 1 33
42 29 25
39 47 26
45 63 85
14 32 10
94 89 55
63 71 28
21 65 48
94 6 92
74 98 99
14 60 73
99 33 74
21 99 19
54 94 48
89 13 33
65 13 73
59 0 10
25 1 54
35 70 62
84 37 85
49 61 93
47 85 46
46 52 10
1 75 88
63 97 78
96 39 76
13 96 33
47 54 31
49 8 22
89 28 89
50 46 27
8 15 87
88 11 52
36 30 9
19 93 4
29 41 87
4 39 78
88 90 41
65 99 68
40 88 17
1 91 40
64 47 67
96 18 10
8 69 39
23 92 79
73 57 38
83 45 51
56 88 10
23 79 83
74 48 48
79 9 47
45 83 19
64 83 92
46 43 39
70 44 17
55 67 63
62 14 14
86 82 59
63 77 81
80 97 46
19 36 28
35 84 83
89 76 12
95 64 28
56 11 17
72 6 92
79 97 24
23 45 83
7 82 39
20 93 4
82 28 57
52 76 39
47 97 56
55 94 10
15 28 43
5 88 4
57 9 15
22 58 56
17 19 89
73 10 48
98 91 9
22 85 65
20 12 86
59 77 19
29 87 100
12 4 7
75 84 20
27 40 70
9 35 34
37 26 74
67 73 81
99 91 11
92 68 46
53 13 54
55 92 80
93 13 34
86 41 83
72 91 75
49 93 77
32 82 33
88 31 13
69 31 86
27 28 19
92 7 38
60 68 86
46 42 17
2 93 70
36 37 22
81 55 34
38 13 5
53 29 35
72 53 63
49 67 79
33 2 44
33 8 12
90 78 32
2 56 29
41 43 70
9 27 99
29 15 8
58 21 30
35 59 89
25 30 30
76 12 93
74 94 74
29 89 89
34 99 38
36 48 86
54 63 18
76 42 54
73 18 30
9 7 35
87 57 99
19 4 24
8 57 51
80 42 79
62 26 75
42 41 90
62 73 38
18 54 27
65 46 7
61 57 96
41 35 12
42 54 7
56 74 75
52 60 75
67 61 75
88 29 98
30 18 7
40 64 34
91 60 51
41 81 6
58 22 63
61 87 34
99 19 16
56 23 83
58 43 55
78 9 7
63 39 59
40 0 48
59 58 45
55 86 27
92 98 6
76 79 85
87 38 36
89 31 70
18 86 33
15 61 92
23 28 6
0 38 59
71 30 67
76 34 30
36 20 58
43 24 89
58 24 11
66 99 87
30 85 13
52 80 77
34 58 70
55 42 53
57 73 66
49 14 68
37 36 18
31 77 58
1 78 96
62 89 86
83 8 96
52 56 30
96 48 76
65 26 66
43 32 34
4 73 100
21 11 88
91 13 66
4 76 55
85 33 90
20 98 56
24 39 35
78 44 77
71 73 67
34 47 28
87 15 65
14 61 18
28 46 44
4 91 19
48 21 100
0 65 71
98 79 18
80 7 52
25 70 31
96 33 38
38 27 31
83 48 30
31 69 75
30 91 78
83 35 30
9 67 98
62 84 13
67 65 80
39 38 74
12 96 53
64 3 53
94 55 65
53 75 30
17 61 23
87 8 62
47 14 20
97 23 70
42 45 92
50 97 71
92 38 3
38 88 82
88 66 29
56 91 88
78 23 74
81 62 28
23 88 75
72 21 46
87 17 24
16 22 26
5 48 17
54 57 61
14 13 10
21 42 9
47 45 56
52 26 67
95 92 17
1 16 68
9 55 84
43 36 26
90 30 64
89 34 22
17 69 42
60 52 48
99 16 11
31 70 86
90 92 57
73 20 24
84 27 6
15 14 54
88 90 50
68 11 2
67 85 67
53 8 79
15 62 72
59 30 95
67 18 56
11 69 31
78 63 45
0 99 78
30 33 85
33 37 6
89 52 35
92 63 6
33 6 70
20 67 2
59 50 10
91 84 8
23 15 4
8 50 18
30 1 44
2 92 51
80 99 23
62 96 74
41 37 83
73 86 52
11 70 79
86 6 37
81 5 15
5 99 44
87 35 100
91 93 62
16 54 84
19 24 80
20 93 64
4 20 88
34 58 62
79 3 95
29 0 67
35 76 56
25 8 25
86 92 72
61 8 20
12 38 5
45 12 3
2 91 20
95 96 99
20 67 68
42 36 98
28 52 63
16 14 11
94 19 11
18 57 100
22 6 66
33 84 5
83 99 39
59 73 81
96 64 48
33 50 51
25 60 69
93 22 32
12 22 34
29 34 67
53 89 65
64 25 73
53 29 14
26 36 28
51 0 3
74 18 91
88 67 56
0 8 28
4 47 60
72 50 67
3 11 53
42 11 95
59 63 81
84 67 5
85 28 89
54 27 48
0 54 87
7 58 23
19 85 59
39 6 42
84 41 2
9 12 20
12 28 24
69 29 7
27 24 53
86 93 26
59 39 52
86 83 41
74 82 79
59 98 1
82 29 18
60 0 45
94 26 3
13 46 5
31 17 23
78 29 97
1 93 47
78 74 18
43 55 66
28 21 34
18 65 39
79 50 75
36 84 55
51 54 88
32 62 53
7 53 88
24 64 90
69 99 74
25 8 92
87 70 53
92 59 72
75 10 33
21 10 89
14 65 13
43 79 33
1 6 48
6 95 79
99 76 8
35 2 36
2 26 70
55 42 28
5 42 98
94 40 51
10 97 29
33 12 38
52 86 68
30 45 24
80 86 97
91 25 95
83 18 8
92 41 81
2 29 61
89 87 51
74 24 25
87 96 57
84 8 53
32 65 53
17 50 17
84 45 70
33 40 16
77 0 42
82 78 64
27 83 55
46 99 44
68 29 7
17 64 11
68 15 20
23 11 40
57 51 34
31 15 98
41 46 89
84 82 14
56 19 74
90 48 34
16 87 98
1 93 80
54 74 75
91 18 2
76 48 27
88 99 18
97 78 93
80 3 69
18 22 4
5 75 22
74 29 3
1 24 66
17 50 16
86 1 47
6 43 65
87 47 88
4 32 7
40 54 94
78 19 2
36 91 49
72 28 7
29 8 91
64 38 23
51 29 98
2 97 19
85 8 60
19 25 61
64 95 44
79 2 50
18 48 45
91 57 54
79 6 50
50 21 27
51 96 85
94 32 13
91 68 36
91 10 26
53 73 21
95 11 28
29 44 52
14 58 97
84 86 100
68 38 1
31 45 36
19 43 38
57 18 42
32 24 48
23 27 32
41 9 43
55 45 77
19 41 76
9 89 90
27 50 68
7 42 41
26 10 67
11 65 25
51 63 4
82 46 96
76 16 5
11 97 74
2 50 36
77 23 11
18 60 77
42 51 94
97 52 74
39 90 53
76 4 89
80 60 64
58 72 57
60 4 86
16 4 79
35 78 34
15 81 38
89 96 19
67 39 97
6 37 13
59 98 18
73 11 66
60 29 76
72 82 62
51 72 59
83 9 80
97 21 87
89 35 61
12 42 18
2 56 44
22 19 86
61 75 17
79 65 92
54 87 14
36 2 77
16 80 56
47 67 93
92 68 28
87 41 53
59 48 21
67 94 14
54 95 51
32 72 50
46 44 96
44 73 58
52 55 41
13 73 8
13 83 87
81 83 91
31 60 80
80 11 1
42 79 100
71 23 34
87 26 56
44 39 68
9 81 78
57 14 20
2 43 16
60 62 49
31 80 72
20 49 24
32 53 1
39 95 23
60 68 76
49 65 34
20 48 25
1 69 56
51 98 97
36 26 62
70 31 25
78 55 18
15 51 21
53 63 19
80 66 27
60 84 61
38 26 68
66 6 19
19 77 87
22 97 13
57 1 95
52 93 8
50 10 19
44 89 56
88 20 94
59 43 99
7 99 18
63 15 79
15 19 64
96 14 100
33 35 74
57 76 87
23 97 1
35 38 46
70 32 56
9 60 10
22 77 32
38 63 97
70 1 12
89 14 65
45 13 56
97 76 26
90 50 90
69 59 37
91 34 28
11 83 18
27 29 64
82 72 81
7 64 43
38 30 63
95 48 36
79 24 36
84 15 24
35 84 88
37 5 38
12 89 34
5 95 92
29 50 17
86 66 75
29 55 54
20 70 91
69 73 64
76 67 88
29 32 24
44 43 9
75 44 59
87 50 41
77 24 44
11 27 47
32 55 82
87 26 58
99 28 7
3 43 68
55 95 88
48 99 89
77 10 30
72 64 82
17 5 86
89 54 99
0 95 74
39 65 73
69 21 77
84 61 9
85 68 63
30 48 92
74 64 86
79 99 46
43 12 56
3 73 8
10 83 99
29 66 2
34 43 40
57 86 31
76 84 96
60 8 43
64 49 71
90 47 98
49 0 60
19 32 8
19 55 64
2 98 81
94 70 55
44 18 40
27 30 80
65 10 88
38 97 33
67 28 48
50 22 48
23 18 31
23 69 89
18 78 92
50 53 83
21 54 8
96 64 60
13 39 5
47 73 27
93 79 41
35 57 33
23 9 80
59 49 50
28 4 40
97 54 26
51 30 100
70 23 85
28 13 19
16 83 41
41 10 70
