56 35 97
51 96 32
77 32 89
86 24 98
43 92 58
95 79 93
94 78 16
24 54 11
14 16 86
28 34 25
89 32 73
76 23 73
25 11 45
6 33 9
48 0 45
82 52 26
6 17 5
91 69 23
75 84 79
88 20 95
13 2 96
9 10 52
21 75 13
76 50 67
85 92 32
94 37 10
31 69 33
67 75 18
15 51 32
42 3 7
5 78 13
44 1 82
97 16 35
1 18 55
83 99 45
52 66 37
68 46 56
71 58 9
11 76 26
35 12 87
24 89 53
90 5 82
4 82 35
43 94 50
5 88 89
36 21 100
58 69 28
4 64 64
36 86 97
79 7 42
6 50 76
73 13 54
39 82 56
14 6 74
22 88 73
51 57 47
25 49 35
97 6 57
53 13 78
36 43 15
78 53 43
68 62 75
60 8 88
6 64 95
66 60 5
69 20 95
89 82 81
90 85 66
43 58 96
80 78 20
90 98 98
53 35 54
50 12 30
13 60 8
35 62 54
30 21 61
43 87 86
18 26 92
93 28 17
62 77 27
19 49 55
46 17 24
6 57 23
12 32 44
2 94 70
10 70 27
89 34 9
87 92 52
51 26 61
50 4 72
76 33 9
7 3 24
92 35 60
72 44 58
82 95 10
62 21 91
0 92 66
62 95 54
63 97 3
37 96 65
40 90 64
82 93 35
22 68 73
11 60 19
74 18 74
56 46 2
48 22 93
72 23 86
40 99 34
44 28 64
56 54 48
18 35 87
1 97 22
28 93 97
15 61 90
90 59 85
36 42 2
78 35 61
18 32 67
31 5 57
64 43 66
84 75 20
18 24 98
63 41 70
69 3 34
94 25 60
95 54 63
41 1 12
21 98 3
9 60 85
53 72 76
67 54 73
52 90 99
11 87 30
2 37 81
97 93 52
7 4 88
52 64 65
31 22 77
55 39 99
97 74 52
36 99 91
83 1 90
19 73 39
13 96 32
15 0 72
55 21 91
67 1 39
66 44 11
43 47 89
29 58 22
4 88 87
99 17 7
80 67 67
41 10 82
87 68 28
69 99 54
89 79 16
28 63 42
27 3 35
32 50 31
16 65 45
84 4 36
28 30 30
1 50 93
9 13 63
61 50 46
67 76 39
83 65 57
4 39 27
46 3 62
91 22 63
92 40 44
57 11 91
92 68 17
73 75 22
95 18 56
96 17 78
83 32 69
96 82 62
20 21 47
58 16 28
71 1 88
13 61 74
75 19 59
16 76 95
14 53 90
14 93 18
36 2 49
51 4 73
1 38 36
40 92 85
31 41 8
56 90 28
65 60 16
23 81 65
40 77 82
5 79 45
76 99 71
73 59 82
22 13 3
9 11 45
83 52 26
93 96 29
82 0 23
63 52 68
97 80 89
23 77 31
84 91 55
45 73 28
76 89 99
10 81 62
22 38 30
69 8 90
49 90 31
34 84 48
63 30 79
77 31 67
22 51 30
38 79 16
99 46 20
66 26 70
41 68 14
42 69 34
69 44 59
23 31 44
16 95 67
41 56 20
79 24 67
30 79 30
18 76 13
1 98 7
24 89 33
66 83 100
63 16 74
73 24 44
17 38 13
99 72 56
37 21 98
61 47 63
93 80 13
42 8 43
51 75 13
26 98 71
90 75 22
67 88 84
31 91 70
75 15 11
1 43 81
13 83 17
75 92 41
68 81 75
3 17 64
33 28 42
4 36 28
62 42 88
42 70 36
7 50 90
27 19 54
18 15 16
32 81 21
3 52 36
54 72 38
93 25 16
8 22 58
51 6 99
6 62 14
22 7 86
62 8 44
77 28 4
35 62 3
67 58 42
9 37 25
4 41 49
19 73 37
80 9 20
65 25 56
63 19 78
21 60 20
88 59 82
71 95 61
10 91 76
46 5 95
1 71 92
74 38 45
4 61 72
51 41 19
79 86 21
52 91 88
21 26 65
10 79 20
96 72 12
81 88 99
98 57 35
42 55 6
6 38 8
94 51 82
97 65 65
40 34 43
73 58 87
5 72 50
17 37 50
74 76 47
86 35 93
99 9 76
60 97 85
62 8 4
30 11 60
22 11 6
95 93 28
90 85 64
1 27 95
41 75 54
32 36 50
52 37 52
74 83 15
42 96 8
43 39 89
81 99 99
26 11 71
16 7 24
34 96 70
5 66 4
61 66 93
14 1 63
67 42 89
38 53 57
41 66 83
59 72 92
44 27 57
41 84 65
0 45 92
88 45 31
86 58 17
14 8 57
18 31 86
48 88 65
4 79 2
10 31 92
11 53 76
3 5 77
15 89 77
16 34 20
74 82 22
83 64 48
15 6 29
58 51 5
93 56 69
43 59 73
45 74 5
70 40 66
57 86 34
34 63 29
88 18 43
30 15 51
64 2 72
1 71 5
46 8 57
96 13 70
67 79 77
33 68 77
51 49 30
51 58 29
98 44 18
19 27 70
77 82 61
19 14 88
35 76 98
81 16 48
91 0 54
39 21 32
58 97 41
91 71 62
88 42 6
46 9 25
55 95 62
48 9 95
77 58 73
55 72 15
98 44 87
80 73 34
75 97 100
95 10 8
36 15 26
14 31 37
31 20 97
89 73 8
47 66 85
1 2 12
36 29 26
24 45 82
39 20 67
3 42 9
98 94 1
94 16 78
76 83 29
39 92 24
73 36 70
81 34 41
50 39 73
30 34 37
85 43 100
24 54 50
88 29 25
2 27 73
70 2 43
28 96 79
45 19 40
63 34 13
55 50 17
20 63 73
98 58 43
49 58 17
38 20 55
96 25 91
17 65 16
82 73 36
75 50 49
9 72 48
60 59 51
67 85 45
2 28 92
80 63 35
58 31 40
7 79 14
22 11 65
79 49 11
51 89 25
82 67 3
82 50 94
60 74 10
51 37 24
10 39 51
84 92 24
12 75 86
96 33 90
39 1 85
36 10 15
65 11 48
50 23 47
79 51 35
18 9 66
65 88 34
22 61 48
44 9 82
31 89 41
54 34 71
5 98 96
25 94 33
34 12 62
11 95 56
31 47 54
17 19 28
7 81 93
17 11 99
68 8 16
63 61 1
90 69 92
87 35 65
59 2 45
52 70 19
86 25 6
77 41 35
22 60 77
67 69 63
96 78 66
20 22 41
58 53 24
86 31 15
19 2 17
94 14 2
56 20 40
26 65 67
89 81 38
82 97 60
68 48 88
9 8 79
14 72 51
23 47 64
70 52 53
72 71 79
42 94 53
62 5 98
95 34 83
88 9 93
4 20 32
54 42 62
83 44 37
54 55 97
29 42 60
95 2 67
82 4 78
15 96 39
1 0 36
83 10 90
53 82 30
50 32 86
83 31 42
0 11 88
31 93 30
61 51 74
20 75 28
5 20 5
44 19 60
3 9 72
51 22 58
73 90 12
84 81 77
4 39 99
77 34 8
85 63 11
53 61 92
83 52 38
10 53 3
38 2 4
48 91 81
93 86 13
45 24 73
58 63 15
43 80 71
23 19 36
35 15 35
68 67 72
98 0 28
62 93 86
27 72 3
87 16 41
27 83 35
24 82 48
15 87 70
80 96 89
63 14 31
78 8 42
0 31 94
93 83 4
2 27 15
81 61 32
1 9 30
38 78 85
15 77 42
77 88 74
17 47 88
15 98 66
14 12 90
86 85 38
34 60 32
4 51 67
31 86 16
43 51 95
21 87 96
8 87 95
40 32 79
32 27 95
45 27 6
13 46 49
42 56 78
13 40 81
73 12 79
58 56 66
1 38 36
22 58 89
3 60 46
19 58 65
83 91 3
27 64 26
21 34 73
58 54 75
64 60 29
23 19 18
46 41 77
14 51 29
88 41 40
69 17 33
18 50 7
81 5 16
56 3 25
76 91 15
75 71 96
47 58 19
70 44 20
22 35 56
62 67 77
94 85 77
85 46 51
3 6 90
58 34 20
23 88 66
82 81 60
0 98 87
89 10 64
66 93 28
7 48 60
35 40 65
96 76 68
2 89 23
25 39 71
88 36 82
68 86 76
27 70 46
4 47 2
58 2 29
75 54 48
5 92 10
18 27 69
83 54 88
84 96 50
23 91 93
36 34 14
46 56 9
65 50 22
28 11 71
39 19 54
74 87 7
30 33 45
31 86 81
87 73 55
69 4 1
51 36 7
49 99 3
39 76 27
83 58 58
27 52 63
41 20 4
0 4 37
82 88 56
84 22 46
96 85 77
59 12 94
15 51 71
25 41 39
50 26 18
14 20 66
66 70 35
26 25 78
46 36 25
99 21 29
79 88 26
43 49 79
37 89 86
74 10 21
52 42 4
6 94 3
31 36 5
77 72 86
20 7 57
71 8 26
79 40 55
5 43 25
85 97 9
87 94 60
76 3 15
31 91 54
51 45 30
57 51 10
85 27 57
89 50 29
38 35 7
30 11 57
18 93 81
16 56 1
26 83 21
76 4 54
94 71 10
4 62 77
58 16 67
30 37 61
45 36 50
54 97 43
74 79 16
90 89 72
95 6 62
57 23 58
81 52 69
76 34 54
7 56 27
84 47 46
7 50 97
55 42 30
30 58 23
52 12 68
5 14 100
31 71 55
47 34 3
84 44 70
39 83 80
46 42 19
32 37 11
62 52 58
84 87 52
91 77 48
19 71 28
24 97 31
76 89 27
89 47 10
95 84 94
20 10 54
55 10 13
80 14 70
15 69 21
64 85 7
30 51 81
95 92 28
53 31 73
2 36 16
79 98 2
15 74 1
29 47 90
88 8 69
95 82 80
11 37 52
4 45 98
32 77 60
35 97 99
90 75 67
75 63 23
89 69 22
44 35 19
13 27 53
16 79 66
10 23 30
60 10 72
82 30 16
88 26 90
7 78 88
97 92 2
43 65 33
69 9 98
62 7 55
22 38 85
47 24 12
32 81 77
27 3 81
97 67 41
53 29 87
23 27 35
97 65 85
88 9 20
94 35 41
40 72 54
13 71 96
56 48 18
76 6 60
52 68 80
61 46 60
24 48 99
68 71 93
12 14 67
26 24 86
73 38 52
52 40 60
3 88 55
90 70 50
9 83 51
80 26 85
57 89 59
30 78 77
22 65 9
40 76 85
51 66 64
2 45 61
31 62 61
20 12 72
61 66 94
85 17 76
8 53 100
50 88 50
86 76 46
7 59 66
59 90 62
76 88 13
25 29 97
57 48 12
91 21 65
17 42 29
68 94 3
30 73 41
50 21 3
18 47 41
58 82 68
48 6 47
96 26 10
62 23 8
97 12 7
71 49 2
22 1 97
23 13 82
74 73 4
95 56 71
8 20 95
14 20 33
98 11 4
63 64 29
80 66 91
85 73 2
69 78 61
94 33 51
86 89 23
20 49 20
49 17 64
54 75 35
58 27 94
97 94 52
44 18 81
88 83 64
45 27 77
93 94 12
59 32 57
94 63 60
23 53 44
20 41 99
9 16 1
43 71 61
42 9 94
90 52 76
41 54 94
14 95 39
26 87 68
80 91 68
36 84 9
85 13 33
63 60 81
93 76 90
82 25 70
85 72 77
93 39 43
25 61 69
58 17 8
60 88 49
39 46 39
33 51 31
15 61 35
62 4 61
9 15 44
50 38 22
16 85 88
17 67 97
51 0 66
53 56 37
74 77 75
48 51 73
96 37 12
56 81 49
78 82 69
12 43 13
25 57 12
86 16 68
64 80 54
89 42 35
43 81 99
99 25 29
12 37 24
56 91 6
17 2 89
59 75 67
59 4 42
94 16 53
6 63 31
36 9 76
2 64 84
45 75 72
8 63 10
87 36 6
44 65 23
11 39 87
17 36 79
8 87 80
6 84 97
71 52 5
23 48 91
27 56 15
89 20 7
36 54 25
32 66 45
22 51 16
23 69 71
18 93 20
51 9 36
57 50 26
67 84 13
89 32 15
70 57 90
70 60 41
7 50 22
65 30 39
33 47 29
98 99 65
27 61 9
76 81 67
56 28 51
37 16 46
21 14 3
7 62 82
10 46 49
86 93 69
15 85 89
79 82 91
78 46 6
30 51 80
34 2 52
83 77 55
83 34 93
35 2 20
1 70 44
43 33 36
19 58 99
29 3 63
41 69 38
64 57 76
72 35 5
30 25 25
49 39 85
92 87 29
56 92 74
96 52 43
57 91 20
6 72 89
35 72 94
66 94 35
42 7 87
39 16 27
76 50 54
5 4 57
49 51 20
16 46 16
89 48 55
12 53 51
76 70 97
51 6 79
63 45 14
55 50 52
38 41 36
28 38 44
6 77 63
34 71 2
85 28 38
49 90 76
30 5 67
21 41 33
75 13 80
83 80 94
64 5 43
9 26 53
15 97 9
76 89 23
16 61 58
9 77 73
55 51 93
83 43 88
15 49 23
71 63 62
19 71 36
50 95 33
65 41 29
23 99 38
71 78 67
35 55 9
73 9 8
14 17 93
86 67 27
50 49 9
61 43 54
49 8 86
83 79 41
79 58 31
82 23 2
76 38 28
62 33 93
13 43 3
0 99 4
25 13 48
89 59 64
21 6 50
75 51 14
29 28 31
80 29 68
98 1 83
98 12 72
22 55 1
27 44 86
74 39 3
37 38 7
37 31 49
11 69 32
71 8 53
31 34 68
12 23 20
60 25 5
24 65 94
74 77 12
16 0 33
46 89 83
2 9 67
43 66 48
96 73 12
26 34 24
51 94 25
25 26 59
97 23 67
44 98 57
40 55 59
86 29 64
38 7 14
40 26 23
92 86 91
57 75 10
72 7 62
86 76 39
54 19 31
47 30 18
67 2 32
27 93 58
41 50 46
85 83 48
65 16 52
5 16 59
72 22 31
11 24 70
44 82 45
7 91 53
4 31 15
75 67 63
47 87 5
47 75 25
81 32 51
14 13 73
49 81 30
70 60 32
12 14 25
5 87 71
21 91 1
70 66 70
90 14 51
59 30 80
39 23 63
10 98 55
88 41 22
53 67 44
81 88 18
74 9 43
48 51 85
82 94 4
19 17 33
46 70 38
87 74 82
75 95 70
33 6 59
66 1 16
18 6 83
32 55 89
18 49 39
68 60 24
94 78 11
38 28 18
21 64 100
14 48 81
80 82 86
73 87 8
15 9 7
19 77 95
65 59 5
54 43 89
77 96 38
66 6 44
68 81 100
83 98 66
49 76 5
51 87 96
19 10 18
44 21 41
70 22 16
48 89 32
14 34 5
84 18 72
50 65 5
11 4 10
99 10 44
16 14 19
8 94 79
3 40 57
90 16 88
87 93 95
45 98 44
28 76 19
69 5 90
96 59 68
50 54 72
29 37 32
44 92 33
92 5 88
61 85 69
93 28 83
76 0 40
2 51 24
50 54 22
65 93 4
66 25 36
74 46 60
16 69 64
9 64 72
11 63 24
86 29 42
29 57 52
82 88 97
54 66 53
24 2 39
83 84 22
93 30 75
3 31 65
56 35 45
6 14 50
19 91 85
23 81 16
17 31 2
68 72 40
32 24 70
21 94 52
88 82 56
76 66 54
61 65 37
91 64 13
90 97 38
34 12 17
44 47 44
20 70 70
53 84 86
70 33 89
96 93 55
73 74 38
0 94 79
83 74 25
21 71 71
63 81 30
78 28 19
73 99 8
79 55 98
14 27 80
47 5 63
82 73 35
12 54 77
21 12 12
97 88 46
14 58 33
66 32 19
91 48 17
68 75 28
87 8 38
54 89 95
87 3 18
0 44 36
1 54 47
94 44 26
82 76 42
81 56 42
32 36 83
82 61 90
74 5 50
49 4 39
69 22 8
96 78 91
53 77 9
55 65 94
63 9 65
78 39 29
20 13 93
88 29 38
18 55 63
82 16 27
65 79 85
48 7 90
3 24 8
41 13 67
67 9 60
7 80 41
98 6 51
15 17 87
47 95 78
9 23 7
49 9 11
78 64 60
41 21 14
75 15 28
46 84 20
94 26 50
47 33 62
83 81 8
55 70 7
2 16 76
15 24 80
0 64 3
6 60 34
53 38 90
72 87 22
96 93 24
72 49 61
52 16 27
16 29 20
44 32 34
10 84 38
86 73 63
11 75 87
13 5 79
47 20 30
48 43 6
36 82 34
17 23 44
84 71 84
99 83 67
7 70 62
41 4 41
29 82 42
73 61 72
29 48 26
77 22 34
16 92 36
4 82 98
26 10 57
63 36 3
20 27 75
5 81 44
19 10 17
58 8 35
26 38 21
33 91 53
40 74 88
65 42 18
48 43 44
17 95 15
22 70 33
5 42 46
29 60 96
83 42 56
84 12 97
83 2 29
13 65 18
53 89 42
30 69 8
0 39 33
65 21 71
38 73 63
77 81 70
50 91 82
39 21 23
49 44 85
49 14 100
20 28 17
13 50 7
37 62 52
87 99 16
86 0 15
44 95 14
59 78 94
57 16 96
84 5 4
73 79 72
31 36 17
29 66 96
78 51 62
23 22 27
22 28 100
87 52 22
16 60 39
91 95 51
73 54 16
13 96 9
71 56 51
70 90 93
31 4 73
93 4 82
91 12 30
29 80 49
77 60 85
24 77 46
14 82 88
63 47 3
59 19 82
78 75 40
58 38 95
87 53 68
83 43 48
17 16 66
84 87 76
93 13 1
18 27 98
28 51 53
32 92 8
37 36 80
51 89 13
57 9 82
20 2 30
67 74 82
64 61 59
31 70 97
65 44 85
17 29 82
9 19 47
35 82 68
80 95 50
98 72 36
63 81 62
66 11 84
64 76 36
20 73 2
25 45 2
97 75 73
96 56 97
21 32 84
91 68 54
15 58 36
21 19 89
68 28 23
40 88 65
55 42 59
42 41 90
7 41 62
91 71 89
94 96 48
0 73 22
33 32 96
6 16 21
41 72 54
6 47 54
75 63 78
53 56 72
66 38 9
36 46 81
43 28 68
6 31 97
88 78 65
24 43 93
5 33 70
47 68 82
17 1 63
41 5 10
13 99 90
50 30 64
26 94 60
49 22 67
2 56 73
13 24 90
94 33 63
92 68 98
42 68 40
37 94 71
42 32 34
70 1 5
55 66 28
89 4 27
45 47 77
2 17 91
54 80 94
32 31 29
8 42 55
0 22 50
63 73 30
99 21 94
28 98 70
29 28 54
13 67 46
2 85 77
59 49 98
63 52 71
79 42 12
34 81 48
21 91 61
52 43 4
36 23 57
28 25 41
50 74 99
32 29 75
92 96 40
46 22 97
78 98 81
22 48 78
22 68 95
82 59 98
97 82 36
4 21 60
59 42 24
76 72 15
27 28 96
60 91 2
91 47 97
61 24 69
31 19 66
39 15 61
99 25 30
82 5 62
68 55 64
72 9 20
62 76 61
71 73 41
77 58 64
14 93 91
9 20 53
16 47 54
88 37 88
63 33 38
39 8 34
19 81 87
22 27 97
18 75 5
17 46 5
13 8 40
94 50 38
25 27 9
67 16 71
11 89 98
40 33 53
24 84 32
77 24 73
24 15 54
57 30 5
28 40 63
62 26 80
12 81 17
65 27 27
47 29 100
63 57 43
56 36 67
36 56 3
62 54 27
30 47 11
66 51 88
9 49 14
41 56 98
42 25 49
14 75 76
45 15 15
36 3 45
68 67 87
22 86 48
56 30 3
30 21 24
64 83 44
90 10 35
44 76 43
72 66 20
54 66 10
91 34 51
20 48 40
76 61 49
11 80 76
34 42 67
43 98 29
12 55 10
57 20 21
2 18 25
30 59 29
51 22 47
47 50 40
27 54 66
90 43 68
29 39 24
1 56 68
79 57 13
86 68 56
95 61 87
36 6 38
70 91 18
13 53 39
75 88 93
89 26 89
77 0 34
96 57 40
53 61 64
1 62 39
16 34 7
57 54 85
45 47 72
42 71 65
24 80 68
69 79 63
46 79 23
15 65 82
65 41 49
94 14 29
79 52 55
93 31 98
12 87 87
40 87 33
81 12 5
1 74 71
49 28 7
12 90 99
37 35 99
6 45 94
54 60 67
56 33 89
75 16 85
71 27 25
57 4 83
97 20 86
86 22 7
15 91 68
66 29 96
93 15 26
80 64 44
58 95 75
25 58 47
0 33 35
58 38 7
60 3 39
27 45 19
98 59 18
64 0 35
0 41 73
0 79 45
10 72 45
47 96 84
87 3 13
95 56 91
12 37 64
81 56 48
86 49 15
20 42 36
29 56 94
67 77 77
98 94 67
76 52 58
42 89 80
51 65 31
38 85 66
14 55 61
0 13 15
23 62 46
1 56 58
7 57 47
74 99 98
73 65 34
35 10 87
26 41 95
76 71 87
26 77 61
87 40 64
38 74 38
52 75 21
11 68 48
99 90 33
93 86 49
33 18 86
37 80 60
25 49 66
90 6 74
38 59 11
34 0 95
42 78 91
19 91 20
99 79 94
86 90 10
48 61 18
90 16 75
43 87 58
0 51 37
81 7 55
82 68 49
45 69 83
11 31 30
75 90 86
91 57 20
85 45 61
25 51 31
30 19 28
3 42 72
91 55 31
55 44 43
54 91 45
63 70 60
99 56 17
90 64 20
13 0 61
71 77 13
1 59 54
35 72 92
19 14 42
85 51 39
88 91 29
87 66 34
22 46 100
97 61 85
18 75 88
53 47 96
56 94 52
38 19 100
87 38 43
80 96 54
59 91 38
57 80 91
97 78 62
57 88 91
13 56 85
42 55 23
22 8 8
95 9 44
17 47 66
7 47 59
19 37 72
72 75 79
41 78 34
78 31 48
88 84 96
26 81 39
1 97 17
94 30 52
82 80 42
16 28 28
18 17 24
7 85 36
25 2 89
24 92 47
21 53 15
23 76 59
86 96 14
21 57 78
52 84 27
51 66 54
96 78 55
68 17 86
37 5 37
89 46 87
42 14 7
58 29 94
31 28 20
77 56 91
90 38 12
25 20 99
72 18 31
85 54 69
8 36 6
93 16 78
55 98 31
53 43 75
96 38 13
39 54 75
42 77 16
93 60 50
76 3 39
98 17 2
81 27 90
86 41 32
37 64 29
95 90 6
54 18 39
3 41 40
6 30 51
45 22 66
37 15 90
10 51 49
87 88 43
44 37 40
15 62 5
89 91 16
58 43 68
75 78 85
18 12 31
75 25 79
60 97 13
27 79 42
92 36 58
80 61 26
42 29 58
27 79 62
50 87 25
37 5 5
31 4 13
18 79 78
79 37 2
94 4 13
87 62 41
75 91 67
2 69 48
10 11 38
99 4 69
7 82 55
69 70 60
72 98 54
40 78 65
94 73 25
89 72 53
5 97 82
5 61 23
44 82 22
19 90 93
66 33 1
40 26 31
53 72 69
48 53 31
20 63 29
32 34 68
42 27 61
84 49 12
95 43 15
19 43 55
82 50 47
41 52 94
26 90 20
31 84 31
78 16 67
20 84 15
34 86 19
67 5 89
44 52 79
99 95 39
23 11 87
93 6 13
73 21 54
2 55 73
84 64 45
18 52 26
85 51 7
42 56 42
95 75 54
14 47 6
91 40 74
28 46 45
60 83 42
49 75 42
47 27 20
43 3 26
35 88 65
83 23 93
60 88 83
34 21 20
26 29 27
45 21 95
57 97 97
36 5 21
85 45 20
64 70 98
55 28 35
26 4 54
93 15 71
32 43 10
39 89 19
19 76 69
51 45 64
42 44 38
94 99 66
63 80 64
29 48 93
99 57 91
42 15 24
71 82 51
49 55 53
34 77 16
50 41 65
4 33 34
43 65 68
17 6 56
62 20 73
27 70 68
77 45 22
27 47 45
56 97 37
37 43 48
97 13 51
8 35 89
43 72 25
16 27 19
1 12 81
99 55 3
25 83 82
3 26 55
23 70 21
22 72 31
77 37 28
30 45 24
61 76 65
24 4 92
32 83 72
87 47 82
65 58 53
89 43 5
93 4 14
54 8 71
95 58 7
18 49 36
59 88 95
37 2 15
88 44 60
85 71 87
2 63 73
19 85 34
94 24 35
77 26 75
3 41 41
68 83 93
78 49 23
74 3 10
84 20 58
65 14 60
93 50 27
9 0 6
87 46 65
26 74 17
7 41 9
66 93 11
83 75 46
61 51 56
14 0 4
4 48 83
53 31 90
90 41 72
59 16 94
38 12 38
5 7 91
29 66 32
37 74 81
76 2 77
31 13 38
40 18 56
67 90 65
99 38 80
53 44 64
61 11 61
79 53 7
43 82 60
13 46 97
12 5 76
97 35 26
70 81 43
47 9 78
19 46 47
61 44 16
53 3 35
58 1 54
79 3 93
75 47 31
30 76 11
9 96 32
48 57 98
29 65 98
2 62 93
7 4 59
94 23 79
47 93 26
59 61 84
35 65 27
66 41 21
7 21 11
86 27 29
8 15 48
55 99 26
39 57 68
62 81 13
33 99 29
84 85 98
76 48 2
87 93 23
77 98 7
35 82 63
69 32 26
14 44 97
87 40 67
6 95 23
5 59 70
60 48 54
45 47 51
55 51 96
94 44 35
90 72 53
95 24 22
70 89 61
11 49 88
97 17 51
43 51 99
14 58 89
5 82 42
70 34 68
51 95 76
41 44 5
18 23 100
96 55 49
47 72 39
49 93 66
87 3 3
42 30 39
14 36 58
65 2 14
5 17 55
59 98 68
52 58 25
21 95 10
11 60 93
83 38 94
67 11 85
52 40 86
11 83 69
16 50 5
23 64 83
28 57 54
46 8 75
62 21 6
19 28 79
76 67 25
38 93 11
88 32 2
89 11 51
4 27 29
75 13 90
95 99 14
30 39 25
82 93 52
26 88 96
94 82 84
72 43 24
40 18 90
11 38 55
64 86 42
20 63 2
22 35 44
26 71 99
34 10 92
29 54 20
21 55 89
69 96 89
96 53 19
3 31 83
31 87 30
64 31 21
54 42 50
69 83 40
19 68 91
33 57 96
65 91 10
90 85 35
5 2 73
75 77 94
37 19 61
35 12 21
98 45 74
76 73 33
39 43 41
26 54 55
62 22 44
31 62 76
89 21 51
90 22 71
23 86 93
10 42 92
81 4 33
13 14 4
0 86 8
83 88 65
44 30 13
91 24 27
0 54 13
65 78 51
83 23 38
8 51 86
74 48 82
73 67 92
31 23 2
76 91 8
6 7 74
12 88 71
0 1 83
46 97 92
84 50 81
64 7 92
92 55 1
25 53 81
17 61 63
83 26 9
13 49 86
59 88 96
81 53 19
76 13 16
18 46 58
67 64 2
60 33 14
24 84 80
10 61 36
95 98 48
19 73 99
41 68 29
96 55 77
30 16 40
99 26 25
64 37 29
63 39 40
70 17 34
79 19 64
85 94 20
36 69 65
70 39 30
79 15 71
66 6 38
11 34 26
45 9 74
75 63 12
74 63 32
57 0 21
69 52 28
56 53 46
3 28 13
18 10 96
16 34 4
76 71 15
99 61 96
0 93 87
