29 17 24
94 91 53
48 54 17
6 55 66
57 90 58
8 56 74
91 9 56
24 45 13
28 1 56
10 40 16
39 16 12
33 22 19
91 69 15
69 49 60
86 54 38
54 0 50
12 17 4
83 79 11
32 44 45
19 3 77
42 67 89
85 99 83
93 2 2
49 11 81
93 17 82
38 8 79
68 22 38
59 93 60
60 13 74
66 25 27
54 70 5
21 44 21
42 7 36
43 2 53
93 53 42
21 76 77
11 14 94
4 66 90
96 50 59
57 16 10
40 88 1
76 49 65
75 73 87
30 53 47
22 95 24
11 68 79
44 7 59
22 87 7
27 97 50
60 37 24
49 41 25
30 47 31
0 14 11
53 37 66
90 73 17
68 96 20
42 13 10
1 53 100
35 5 34
75 92 82
16 85 13
3 53 80
58 52 77
38 3 53
55 20 12
57 13 94
62 23 56
2 82 25
68 19 12
96 11 78
8 65 9
37 78 59
92 40 36
50 18 86
91 96 7
32 83 15
98 81 53
86 68 98
92 61 39
40 56 32
29 73 98
36 21 3
33 43 13
97 2 13
90 53 84
7 72 34
63 3 21
84 46 50
92 9 67
36 5 62
35 19 53
11 28 47
71 40 91
85 37 99
61 33 52
15 17 70
72 22 71
34 98 87
55 99 56
15 85 14
91 98 87
43 98 74
41 62 75
44 49 45
55 78 10
3 28 52
97 50 98
69 38 84
39 53 70
66 26 74
16 72 57
7 84 34
69 71 7
57 20 36
53 7 47
0 28 77
95 39 40
75 99 48
78 74 65
95 34 41
83 0 6
74 65 57
57 5 12
23 56 26
14 46 56
40 69 79
41 63 69
27 68 87
79 89 20
56 44 62
2 81 7
45 8 16
83 11 43
64 49 17
18 14 29
8 63 95
28 66 36
12 11 22
43 31 52
99 82 18
75 87 87
29 30 51
4 92 49
34 24 93
88 34 11
48 24 52
0 50 64
9 48 63
45 67 77
87 44 29
25 48 74
45 78 66
96 47 36
29 34 52
2 48 32
39 53 83
61 8 63
7 73 27
37 82 37
15 20 98
25 40 54
87 74 92
56 68 13
73 35 59
88 72 38
21 40 41
39 41 97
8 82 74
95 2 11
12 54 88
46 45 72
44 98 65
46 41 95
2 81 97
70 30 48
51 8 14
32 92 41
6 91 98
35 44 6
16 30 45
97 38 60
7 78 97
68 45 72
4 80 17
55 78 76
33 63 44
82 35 78
64 82 41
25 14 86
54 17 96
22 83 100
46 76 90
79 43 11
32 61 65
73 37 40
68 43 60
71 35 53
84 71 32
84 65 88
98 99 96
48 24 18
31 4 57
19 41 66
27 88 87
79 17 2
67 83 85
78 26 46
11 21 73
7 9 39
76 86 36
58 8 47
28 86 83
8 28 17
14 36 88
76 23 90
60 56 36
59 62 47
41 76 45
79 54 61
73 53 81
12 66 12
60 51 98
45 34 95
86 71 92
81 17 44
15 91 36
59 49 90
6 33 97
8 73 34
95 83 14
61 85 21
19 65 33
94 93 63
1 12 84
49 1 79
63 9 19
73 66 2
80 86 69
40 51 30
50 52 12
68 11 75
44 49 33
84 36 44
29 53 90
57 30 6
40 95 56
81 40 69
52 78 78
29 32 60
78 14 21
86 78 95
92 20 68
77 19 13
63 23 23
17 0 94
52 71 80
99 31 18
74 94 62
46 36 72
9 58 55
85 2 42
67 17 26
26 68 64
48 70 55
98 34 80
49 40 84
96 79 12
64 19 28
20 6 75
56 59 90
61 82 70
69 20 52
94 40 6
50 83 3
21 8 20
74 27 10
30 54 36
12 27 95
72 7 23
2 21 91
67 46 68
53 14 77
36 49 90
62 21 73
52 29 14
27 50 47
57 74 84
3 48 98
2 53 49
50 89 50
52 77 24
6 9 30
80 32 85
18 21 8
9 29 93
62 34 70
1 65 13
50 11 31
51 24 54
90 72 28
16 89 4
40 19 100
25 15 77
36 50 92
47 83 91
70 20 6
10 29 54
73 99 27
35 61 3
2 58 9
93 34 40
2 65 43
4 6 100
0 64 7
21 97 61
58 31 74
71 16 54
0 35 41
39 57 98
31 80 5
98 4 13
22 98 20
15 74 39
56 61 34
6 31 40
80 0 45
8 55 69
98 52 26
1 13 43
88 57 73
50 38 14
47 62 47
68 98 23
43 63 55
2 42 34
69 60 1
65 68 76
69 78 45
44 13 2
75 36 6
25 62 21
76 49 59
77 92 30
75 72 52
82 15 28
64 5 24
76 10 19
34 21 50
1 39 53
79 32 59
27 35 6
50 25 19
56 42 100
18 28 43
93 52 67
57 64 18
50 21 31
1 38 69
42 5 36
14 50 85
50 44 61
25 97 92
68 31 27
61 32 46
72 90 62
69 15 52
30 0 54
35 92 11
56 66 58
80 86 14
22 54 45
40 67 72
52 22 19
11 69 21
29 74 6
81 85 11
57 54 61
11 73 40
86 95 69
26 64 80
25 36 37
79 12 59
97 38 79
41 34 84
55 66 98
28 78 35
54 52 41
57 63 13
63 78 79
30 2 36
61 18 75
79 31 75
47 35 94
98 29 98
2 93 59
64 16 85
68 76 78
97 45 38
13 32 68
80 95 26
19 94 65
89 25 19
21 95 86
82 19 20
98 26 33
39 13 18
74 46 19
80 9 56
90 65 33
50 60 22
60 22 62
98 11 72
7 29 73
38 87 29
56 76 56
96 49 77
15 73 69
90 25 68
56 21 73
49 75 40
38 69 3
48 85 13
48 21 41
64 60 1
19 48 80
2 36 99
61 88 87
77 93 84
80 67 69
67 88 87
47 90 75
55 29 44
83 27 75
26 91 19
3 23 84
22 60 41
29 42 61
63 69 73
13 73 25
37 27 50
28 51 60
73 28 70
72 47 1
27 54 16
60 85 16
45 93 88
55 59 53
99 5 11
52 19 90
90 96 34
73 11 23
49 79 99
19 98 5
5 22 66
71 84 74
71 93 38
26 58 6
23 0 45
86 91 68
37 96 65
1 38 5
5 0 44
75 69 65
89 66 80
34 80 86
44 91 86
13 95 16
64 97 44
15 11 14
96 66 63
74 64 60
58 82 21
56 9 100
12 78 80
67 91 90
85 20 73
4 44 24
23 27 81
99 17 70
34 2 81
68 67 80
65 85 13
12 63 21
52 4 62
73 29 63
12 81 96
76 32 73
50 91 14
37 83 97
98 51 95
75 39 100
47 88 13
63 31 71
10 86 64
9 92 96
81 86 31
44 66 11
11 94 41
44 78 24
16 22 18
85 27 3
53 42 32
76 73 15
77 56 58
52 79 12
14 29 65
62 29 17
91 33 71
39 98 72
65 67 4
55 24 11
65 77 23
65 46 40
95 46 5
1 28 21
79 69 36
66 38 28
82 67 39
38 89 3
47 8 38
79 85 16
23 10 45
53 11 93
12 34 92
70 86 48
55 97 56
43 15 33
71 33 4
19 1 100
19 68 54
94 32 11
9 92 57
82 52 50
38 79 99
32 81 67
41 68 52
6 92 78
81 75 56
7 86 75
66 90 2
57 47 56
77 55 40
24 49 11
37 0 78
35 88 74
64 82 46
51 13 34
63 22 21
73 87 75
10 1 76
27 60 73
13 93 13
60 23 16
85 54 54
55 2 21
33 1 6
49 93 59
49 59 47
9 70 36
75 31 78
81 64 13
33 6 66
58 24 5
7 41 29
33 53 49
85 44 6
20 99 31
69 2 99
53 29 37
42 63 57
45 34 3
15 25 14
35 99 3
23 85 39
52 10 73
48 0 37
48 80 85
30 0 31
7 47 24
57 32 37
67 93 25
8 97 76
18 91 69
22 59 30
93 7 25
60 97 78
12 23 32
2 82 86
9 6 56
82 6 5
16 91 58
36 89 82
17 18 77
54 68 4
17 0 79
24 37 83
98 62 88
25 63 87
65 40 94
79 50 98
40 50 32
34 95 35
60 50 44
74 84 32
87 53 66
21 84 98
46 40 90
68 50 4
32 31 70
4 93 5
35 89 98
35 41 39
43 65 46
69 51 51
54 36 53
42 20 37
72 26 51
51 83 46
85 76 17
50 78 24
92 85 18
5 69 75
37 21 37
33 36 50
88 89 64
40 42 9
74 42 11
97 26 60
32 81 74
40 56 99
84 27 64
38 32 83
62 68 11
7 38 3
72 31 64
20 78 62
55 28 24
26 38 81
82 92 60
48 76 61
14 17 87
61 30 80
88 91 72
17 25 1
32 69 72
42 39 79
12 66 38
39 41 30
19 8 75
89 78 48
87 36 1
40 46 94
84 89 81
12 69 82
80 43 97
88 15 89
77 48 84
53 52 71
10 50 41
47 89 55
40 63 83
53 46 8
84 63 42
75 82 87
27 31 72
31 81 48
81 90 84
86 3 60
31 4 10
77 8 38
40 90 14
82 24 63
53 11 61
21 23 55
0 88 88
26 20 1
58 24 33
22 56 61
72 18 5
2 99 16
14 22 82
61 16 27
10 62 63
95 45 24
17 14 19
54 7 44
53 30 50
95 77 52
41 12 81
96 23 55
31 67 5
56 62 7
43 5 44
33 89 48
17 85 8
16 81 50
73 9 69
68 93 65
63 17 3
86 44 52
69 21 99
61 43 1
69 91 50
37 15 56
49 16 76
58 77 75
1 51 31
53 18 68
82 83 39
76 39 56
92 56 8
59 77 12
80 76 63
79 40 92
53 34 35
70 0 4
17 24 20
9 42 41
95 73 6
83 73 84
34 28 23
34 52 8
36 43 85
76 51 68
48 14 83
18 56 5
21 81 34
92 50 80
17 4 69
40 34 80
63 96 17
87 26 58
20 21 9
3 93 17
27 8 22
46 15 40
3 78 85
95 61 47
92 98 32
97 85 30
65 10 75
29 20 82
80 48 58
32 13 39
67 31 42
95 35 46
34 82 42
90 58 70
90 85 36
88 61 64
3 80 28
3 9 73
36 37 5
54 63 11
55 84 11
5 63 72
16 72 7
26 72 28
45 64 20
82 9 52
45 2 87
77 81 38
20 65 28
31 95 61
40 50 3
38 46 91
20 3 86
74 96 7
77 87 49
53 49 39
94 44 54
2 14 42
53 44 23
25 79 84
75 20 37
36 26 24
70 46 58
11 53 68
52 47 5
51 23 83
71 19 70
15 28 3
27 10 76
84 24 17
91 4 23
67 26 1
42 0 93
72 52 8
37 24 3
84 29 60
11 69 83
16 31 52
29 60 71
85 33 51
30 21 11
95 83 51
66 23 76
88 46 43
14 94 65
92 1 27
16 74 43
64 65 30
59 5 11
86 77 96
90 25 41
49 13 9
98 87 10
48 32 69
86 30 5
50 26 20
1 17 34
37 42 82
56 23 40
64 41 62
50 14 24
33 53 80
92 27 28
4 66 32
70 8 43
20 33 31
68 33 49
67 83 58
49 62 61
37 17 54
15 1 25
99 66 12
93 11 57
87 90 73
1 76 10
59 75 3
93 18 18
79 24 92
92 87 94
29 20 20
25 15 41
13 75 96
99 30 67
99 15 71
0 34 68
80 68 26
37 22 61
18 62 85
42 27 87
50 81 65
77 33 97
95 85 55
23 52 50
18 90 29
81 94 97
88 59 71
52 67 69
65 82 11
62 44 70
84 59 38
85 25 35
56 18 41
36 16 58
52 40 88
29 85 29
35 61 53
26 27 70
61 64 52
32 10 18
24 58 38
9 43 99
47 7 72
15 59 18
75 23 58
52 30 74
16 35 64
57 44 52
53 74 99
77 88 50
58 0 60
9 22 14
61 42 66
97 58 39
87 42 20
87 65 84
54 32 38
38 45 28
31 27 19
76 47 36
88 56 47
10 69 82
0 47 88
47 93 84
58 4 26
2 27 97
39 50 28
38 85 65
60 36 98
53 33 56
43 86 63
47 10 49
86 47 52
7 80 69
54 78 43
32 28 81
92 14 35
31 94 46
47 71 82
46 45 46
47 79 11
33 71 18
3 89 84
91 2 98
10 85 29
77 18 77
1 90 39
29 16 62
18 83 49
65 43 12
1 44 28
55 38 75
75 51 40
58 19 49
86 73 24
82 46 61
26 70 33
2 21 58
60 85 100
84 28 40
92 1 53
93 17 76
92 79 38
99 79 70
94 83 19
87 28 24
10 36 72
2 96 63
92 83 90
10 1 95
50 81 31
22 90 78
29 28 12
97 59 39
35 45 61
23 35 95
40 49 44
85 60 58
57 96 46
45 21 25
69 99 71
92 30 2
3 63 41
82 48 85
75 49 89
35 86 27
56 72 82
10 33 54
13 95 13
57 46 10
27 0 55
59 29 87
80 87 52
7 4 10
14 0 59
67 52 71
7 90 47
83 53 93
52 38 23
47 1 10
32 26 48
66 16 100
55 99 89
26 98 31
12 96 84
49 83 85
12 63 93
55 37 14
17 62 57
36 64 28
19 84 35
36 37 37
43 47 44
37 23 33
75 45 49
59 71 93
88 77 89
15 18 96
88 93 61
73 62 23
84 59 67
98 67 10
72 8 80
86 67 42
39 33 24
93 13 96
90 11 85
17 36 55
7 11 90
57 15 72
48 37 74
0 63 7
56 66 79
26 30 48
96 42 2
41 13 76
70 54 63
89 30 34
8 60 79
59 36 17
53 70 16
67 96 60
66 39 86
62 73 51
9 19 15
68 97 65
69 7 21
77 58 35
12 90 56
94 34 16
49 95 32
58 54 7
14 55 58
72 36 61
93 30 100
41 59 98
79 78 9
82 99 33
84 94 98
42 14 12
60 76 13
74 18 36
5 41 51
89 34 88
44 80 68
56 42 31
53 35 44
87 77 91
94 34 3
68 93 68
76 55 20
70 49 98
85 38 82
93 1 81
55 6 38
83 26 48
55 85 95
3 78 12
33 62 31
4 6 10
76 48 50
78 85 97
43 47 9
45 38 6
31 9 87
26 83 4
55 52 82
63 91 18
94 83 52
35 58 14
50 81 51
8 78 94
63 51 81
78 83 34
98 69 80
83 20 12
94 93 86
25 50 61
52 57 6
77 79 64
71 5 64
80 19 50
70 15 17
70 86 53
39 34 16
93 66 56
57 5 56
5 64 73
99 70 94
11 58 59
62 89 14
90 49 67
12 41 54
88 26 63
83 62 23
13 45 63
92 53 94
7 61 4
73 81 4
8 74 47
97 42 68
53 64 46
36 78 65
54 44 85
38 66 42
91 78 89
55 83 85
72 88 32
79 23 76
90 48 49
47 95 95
30 79 32
75 77 85
41 31 64
87 64 32
95 97 2
50 28 38
32 59 85
22 67 16
69 63 82
71 26 84
82 62 73
53 48 84
59 37 40
41 32 42
83 86 97
71 30 83
38 72 78
9 46 40
23 97 43
4 89 96
31 60 11
7 85 70
15 42 31
92 6 65
66 77 96
62 51 100
34 68 76
11 17 31
38 81 80
80 2 84
38 79 17
29 3 15
12 1 29
40 53 32
78 49 47
91 61 97
29 36 55
24 71 2
92 11 42
19 58 1
2 18 6
29 97 90
33 1 93
34 33 46
93 74 55
94 68 51
39 41 9
58 84 72
99 78 59
10 14 52
23 3 23
51 62 90
95 45 1
77 2 66
62 69 19
76 91 23
64 75 35
15 73 16
26 99 43
94 6 88
50 45 48
78 87 98
25 49 67
3 53 68
95 76 71
10 90 19
0 21 56
91 70 40
33 8 65
76 25 38
64 46 100
48 98 35
37 51 40
93 92 68
50 36 98
79 42 41
53 91 22
15 10 1
11 68 14
25 44 74
36 74 56
60 80 85
78 11 90
72 87 2
91 58 63
19 86 25
50 32 75
79 38 34
76 86 37
0 92 91
84 95 20
99 8 74
71 61 50
78 42 70
46 57 61
11 96 53
57 49 90
20 14 32
91 30 66
79 93 50
8 79 99
93 35 62
58 49 7
99 65 51
41 22 16
77 47 90
42 64 59
43 63 65
53 37 37
6 10 98
87 96 8
56 5 84
55 79 63
16 25 32
68 96 61
42 87 54
44 90 24
38 26 18
29 22 76
15 5 11
26 56 51
70 78 67
0 2 4
67 83 51
14 3 65
7 13 43
1 21 51
33 34 71
20 92 24
97 55 97
74 77 78
6 33 54
33 36 50
29 40 95
14 95 40
21 95 20
80 78 11
84 34 24
49 68 45
0 25 68
51 19 37
15 17 94
86 7 82
19 33 26
20 38 11
18 12 32
29 51 22
62 76 89
22 35 40
59 8 10
81 13 48
40 14 58
61 97 46
70 35 83
89 86 85
32 85 50
64 90 85
64 52 49
23 40 13
4 30 88
9 81 4
14 65 78
87 94 29
2 53 53
10 21 74
67 59 45
6 76 19
43 9 83
63 24 47
50 59 20
41 58 80
61 53 46
74 83 17
46 40 88
16 30 1
50 82 78
84 9 91
45 24 19
95 26 46
99 65 42
9 38 86
44 73 25
4 36 100
84 20 86
17 37 58
24 66 25
8 15 57
67 46 11
80 86 40
2 63 86
88 86 6
12 4 84
4 11 94
21 90 74
60 56 65
79 11 14
93 39 62
5 23 97
24 28 10
41 92 21
4 57 52
85 20 66
49 5 25
53 62 2
65 67 40
22 81 83
80 62 1
3 95 9
20 33 50
55 75 15
2 71 7
63 6 59
68 37 86
29 48 48
12 67 24
92 22 5
32 53 43
51 67 49
74 27 18
60 57 80
50 33 79
40 75 10
89 20 31
4 87 45
5 25 48
5 36 66
60 96 45
93 14 41
62 70 38
54 43 30
56 91 7
10 87 71
15 92 13
32 63 63
76 72 76
22 86 98
73 71 2
72 66 3
24 65 82
61 12 66
89 63 30
80 7 90
73 81 24
86 54 63
6 87 36
99 25 55
99 40 5
40 54 24
90 55 53
77 92 62
36 89 38
79 30 75
34 58 70
65 19 52
53 50 36
15 52 98
72 34 78
54 75 95
66 34 64
52 6 22
0 2 5
37 0 37
18 25 15
69 15 64
47 2 36
64 78 87
20 56 32
38 63 12
53 67 34
32 42 63
74 1 1
84 57 54
91 12 93
11 86 38
46 30 65
94 55 92
69 2 75
63 17 88
62 26 14
56 37 27
37 24 26
68 84 74
41 81 24
73 13 50
85 73 31
25 65 61
84 75 99
91 86 89
71 35 29
98 74 84
85 68 57
64 49 29
88 51 11
96 53 79
22 28 23
55 15 92
75 66 20
44 78 3
13 62 54
96 41 34
88 49 98
84 52 62
52 25 25
7 89 94
17 16 73
65 46 87
1 97 17
52 36 82
52 1 65
87 30 90
68 69 55
56 50 17
13 51 13
23 38 9
5 41 16
58 86 99
22 46 24
21 78 59
22 31 72
16 47 73
9 32 58
15 34 63
97 92 35
6 37 40
13 54 81
56 48 23
68 21 37
15 5 64
52 62 7
33 14 59
46 49 2
5 38 94
74 79 51
82 34 1
25 47 1
88 13 9
28 46 13
86 95 55
50 12 95
92 84 66
22 49 4
1 2 46
86 43 63
88 4 44
23 87 83
24 59 19
17 45 16
11 45 79
28 58 16
32 75 1
85 93 70
51 17 81
56 29 77
28 80 53
18 14 78
99 11 72
41 88 9
24 33 4
31 30 76
63 2 6
66 67 48
43 71 66
36 3 3
11 82 44
15 2 38
27 19 1
14 3 32
85 65 58
27 11 79
85 93 60
62 22 70
0 36 8
86 15 16
82 38 13
72 32 27
21 4 63
21 97 31
64 6 70
7 41 88
27 56 27
9 83 39
48 42 64
65 61 91
86 18 60
61 17 43
61 68 19
16 27 43
47 60 78
82 76 96
87 35 6
79 52 51
42 99 34
41 68 29
62 93 22
71 4 52
85 76 87
21 5 93
53 48 25
54 18 82
93 88 13
56 75 25
4 36 46
43 46 3
91 27 14
14 57 18
94 88 84
14 13 18
66 73 59
69 58 99
96 17 6
59 65 62
35 32 38
8 76 87
3 61 49
64 6 87
78 10 19
64 5 44
37 69 65
55 25 95
56 59 75
81 43 88
24 72 57
17 11 74
78 15 1
57 12 34
30 68 44
54 58 51
55 33 88
52 91 86
61 46 23
0 5 19
97 57 11
75 47 58
71 79 37
75 29 64
38 9 30
92 14 15
43 27 84
83 97 15
13 67 60
99 36 40
96 30 58
20 7 40
10 22 81
10 30 10
58 31 14
43 33 39
88 46 90
15 18 47
27 16 53
74 68 40
47 78 40
91 71 14
91 8 28
46 27 96
68 26 80
16 35 78
96 39 73
1 99 23
53 44 77
21 72 47
10 91 74
31 23 90
96 95 50
53 32 36
11 57 6
70 27 93
51 30 39
10 76 57
7 75 40
38 88 2
43 18 75
71 52 62
51 10 93
83 19 13
47 67 6
8 49 36
72 57 23
69 6 8
4 58 81
88 80 45
88 84 24
39 48 32
19 80 69
20 83 69
36 19 20
77 99 50
25 56 25
56 14 77
84 74 95
64 53 12
24 18 76
3 96 97
68 78 63
7 49 83
40 67 8
43 48 85
24 3 46
63 69 46
97 50 30
48 68 30
8 52 60
20 49 94
44 98 23
69 33 29
38 9 97
68 78 97
51 14 2
14 93 69
57 99 38
35 8 61
38 37 92
45 73 43
31 10 81
60 61 81
16 70 37
19 30 99
43 61 59
42 76 23
44 88 30
44 32 4
34 54 51
42 92 29
51 41 17
58 95 48
23 31 97
21 67 31
79 41 76
39 27 1
77 56 20
19 1 95
93 70 47
51 98 43
77 35 77
11 89 19
31 66 100
97 51 38
81 77 16
35 74 23
0 55 4
3 66 57
25 98 34
76 4 59
46 17 64
28 96 26
53 17 71
24 43 96
14 4 54
62 97 73
18 15 34
94 47 69
36 9 80
30 37 42
95 76 13
98 99 84
12 85 45
25 14 16
9 27 61
92 5 24
13 5 64
83 77 24
32 94 55
25 75 66
21 84 72
62 10 43
26 41 39
44 21 47
11 69 84
99 47 25
45 94 76
45 40 74
11 29 92
12 91 14
80 31 89
14 4 9
60 54 80
26 4 51
22 29 58
64 49 84
31 48 98
85 82 1
70 35 64
21 55 54
2 80 80
51 58 27
60 99 59
16 47 68
75 92 39
93 87 82
90 96 37
85 30 91
67 82 82
59 65 10
81 90 92
0 56 42
91 96 84
51 63 80
98 26 30
33 38 57
13 64 20
44 78 55
31 54 14
66 25 72
53 68 100
58 36 88
14 13 48
65 75 45
83 26 69
37 88 50
41 28 53
93 92 18
69 23 29
40 57 99
94 81 44
36 39 99
87 99 92
91 54 77
50 89 88
39 96 68
74 69 56
81 56 84
25 98 18
93 45 2
66 28 20
56 15 30
20 82 29
46 25 45
68 34 24
39 31 57
19 8 98
49 20 81
4 12 35
63 27 37
47 85 22
41 69 46
65 95 64
74 72 78
25 50 70
58 51 82
70 34 14
48 4 92
17 33 49
75 18 29
77 14 38
63 78 27
56 34 14
95 90 18
50 92 83
27 74 61
88 73 38
13 10 9
82 53 74
8 14 32
30 58 93
86 32 89
48 73 57
8 39 66
24 52 32
55 50 31
65 29 45
53 51 83
50 26 54
55 4 77
51 82 91
67 28 58
82 64 48
79 0 29
67 91 75
70 59 47
47 31 96
16 86 98
41 38 9
56 80 13
70 65 2
26 25 7
29 37 99
0 64 98
21 82 97
41 84 10
73 86 59
17 50 48
18 42 69
17 41 27
84 56 34
96 44 58
55 24 6
96 83 7
55 3 96
90 65 47
2 97 8
39 64 66
86 94 85
31 99 46
25 49 41
85 54 49
32 68 50
4 82 57
43 67 87
86 2 13
92 16 60
80 82 50
59 84 45
95 90 24
79 40 37
72 79 14
89 55 91
71 7 65
99 36 6
72 4 79
90 80 70
28 97 47
76 66 30
51 85 91
58 83 92
17 43 84
42 77 58
96 22 47
9 85 78
64 58 8
40 78 41
51 74 74
9 2 44
92 1 45
13 8 34
38 73 18
52 57 69
52 35 98
0 77 64
4 11 85
66 52 5
99 54 36
86 95 31
48 37 77
7 5 15
4 98 34
95 8 18
60 73 11
19 86 9
27 10 36
5 20 25
14 26 58
14 38 75
10 98 51
83 6 100
48 98 83
47 31 76
54 85 68
2 3 61
28 85 2
77 92 73
69 73 7
23 48 4
66 24 31
1 45 42
5 45 20
97 83 82
29 7 32
68 78 39
52 11 27
89 35 57
66 47 43
53 91 84
79 5 53
32 80 50
52 71 31
94 36 23
69 47 48
84 50 43
45 38 77
52 73 84
85 27 13
39 40 24
90 43 44
92 85 81
63 88 65
73 6 62
97 1 19
58 44 75
8 75 81
21 15 23
65 30 55
94 8 92
26 8 43
48 24 2
59 63 21
23 92 4
86 81 66
83 10 67
5 93 54
28 31 93
34 78 54
95 51 94
40 35 93
7 44 30
14 70 97
2 94 2
90 53 78
0 99 16
83 38 46
41 1 92
10 13 97
16 26 91
84 25 87
36 98 62
23 69 54
33 59 28
84 99 79
50 9 6
49 61 80
15 64 18
23 86 18
59 49 12
19 7 6
44 65 94
80 50 1
52 96 30
7 18 2
61 21 33
56 69 75
90 94 18
31 67 17
60 65 72
69 32 57
70 22 61
85 39 16
98 95 78
84 42 95
30 62 47
18 25 5
70 18 39
38 11 35
42 8 46
12 43 62
71 75 79
84 61 30
18 84 4
22 37 85
47 43 2
83 18 72
77 74 77
91 5 51
76 1 44
53 87 16
20 27 50
70 30 9
35 88 87
41 68 86
79 59 90
2 45 76
57 44 54
7 18 85
66 62 15
73 93 94
30 90 51
37 17 100
54 65 99
94 65 17
39 28 66
84 50 23
79 72 43
57 94 20
87 54 58
10 47 64
5 15 22
8 3 50
96 53 11
69 74 31
93 22 73
41 45 86
77 35 58
28 81 75
5 9 64
3 83 12
60 61 89
97 69 99
64 70 54
30 1 55
75 45 47
35 38 14
69 88 55
58 69 88
59 7 15
74 2 80
55 69 18
48 14 79
44 39 53
97 2 41
33 31 94
13 98 4
17 80 99
48 8 91
46 58 37
20 45 29
52 92 2
59 28 25
63 54 80
87 28 91
15 37 49
32 64 51
11 45 23
22 47 82
1 44 14
9 19 10
85 48 22
49 17 95
8 93 96
73 99 24
70 84 54
43 46 98
80 47 85
2 57 24
30 63 13
51 49 49
49 98 13
31 37 60
84 30 96
3 5 84
70 19 97
16 23 84
5 30 22
96 1 94
77 63 98
87 65 1
70 82 42
10 60 85
64 0 58
2 89 42
14 29 91
9 5 10
10 29 76
7 39 15
31 51 64
1 57 4
28 54 49
16 20 100
1 71 87
8 60 64
27 61 75
53 97 44
74 89 59
57 22 50
42 20 10
92 42 32
10 57 82
37 84 11
97 67 66
52 35 34
34 80 78
37 81 58
49 70 2
10 43 53
91 54 3
99 95 8
11 7 49
36 26 66
99 29 28
2 19 8
82 70 8
94 99 47
52 44 55
57 72 39
87 21 82
15 85 75
13 93 88
73 52 90
28 35 61
83 68 30
73 71 81
68 10 71
77 10 71
56 90 88
12 60 82
95 11 99
1 57 67
21 41 98
69 64 37
98 92 93
52 26 13
41 81 93
93 43 93
85 80 48
50 25 3
13 92 85
37 85 45
28 37 8
54 40 69
97 76 84
44 87 65
85 42 23
5 23 66
78 65 84
48 23 18
50 41 88
46 69 84
49 51 72
58 34 38
59 4 60
85 56 98
12 13 11
66 71 73
42 41 87
67 4 88
64 54 72
18 69 67
66 42 82
11 68 27
37 14 81
46 31 29
51 70 5
24 64 71
3 35 73
20 92 92
22 98 15
21 1 6
94 79 17
93 10 71
31 64 40
89 94 82
96 61 36
93 43 45
16 64 26
77 18 39
90 21 77
90 11 37
82 41 71
47 39 65
7 39 14
0 32 85
1 98 75
95 45 11
43 10 60
1 58 82
65 36 27
78 81 23
32 30 13
29 67 12
90 64 2
19 50 22
60 99 26
1 22 3
76 30 16
17 59 95
18 39 69
73 63 30
57 53 85
67 84 63
14 31 50
70 27 97
69 67 63
84 50 76
4 6 79
69 14 19
26 85 85
67 32 7
5 48 22
53 40 5
49 16 68
51 72 57
82 69 72
43 72 26
32 46 24
64 36 95
26 86 92
88 80 47
89 3 32
53 7 22
75 92 89
81 2 24
28 88 62
78 32 26
84 19 81
75 55 52
1 58 50
87 18 30
3 91 47
95 6 90
69 5 98
67 61 17
54 94 76
4 12 61
31 96 49
98 33 44
24 39 71
68 16 62
91 50 25
50 97 51
83 92 47
73 3 14
71 87 30
81 7 91
76 58 6
85 90 35
27 32 56
81 19 70
23 6 91
81 99 92
79 81 13
61 74 90
36 19 44
34 1 5
47 16 25
64 34 16
47 63 11
84 4 25
59 32 39
80 40 77
29 91 20
3 38 47
9 85 50
68 29 19
88 99 20
84 45 7
81 19 24
16 18 10
22 96 24
26 17 57
83 50 43
89 63 95
61 85 96
33 25 57
72 51 69
81 3 30
90 21 80
4 30 35
95 73 90
9 35 55
48 22 6
30 28 79
39 97 100
37 24 9
97 48 68
23 80 23
99 80 76
95 28 94
34 86 39
32 6 46
23 78 10
50 97 69
25 56 83
0 69 2
51 11 65
13 87 54
92 9 34
83 19 24
5 52 75
22 52 9
21 22 50
99 31 34
29 33 68
37 88 96
1 61 22
1 88 21
9 99 70
65 7 24
40 85 86
61 39 76
31 57 41
46 28 75
12 86 88
32 82 50
70 49 29
25 19 11
82 34 94
17 54 99
18 63 2
13 23 59
49 67 21
32 42 6
2 19 99
19 6 2
37 50 63
26 9 49
83 26 62
91 18 36
19 61 24
20 94 66
8 88 34
18 32 1
46 13 19
63 75 75
14 41 33
54 98 84
66 17 88
71 45 4
59 4 27
21 51 15
16 57 83
8 48 15
45 30 2
3 87 46
50 67 37
74 87 97
9 92 31
25 42 63
1 16 49
97 74 25
88 82 73
72 6 70
98 11 96
75 51 50
65 14 57
35 56 24
77 30 91
79 10 33
12 83 87
68 69 76
31 21 10
90 14 12
98 72 39
70 99 69
88 63 34
53 89 58
39 53 4
25 14 15
74 31 95
45 44 58
53 24 18
41 82 8
81 4 76
80 84 90
96 73 16
13 95 11
80 37 4
39 24 26
1 92 100
89 35 38
77 17 31
70 64 27
43 32 82
84 77 86
8 55 39
65 88 12
54 38 52
48 11 44
9 14 60
89 71 71
36 95 65
30 34 29
88 68 26
39 87 64
96 7 94
29 85 86
60 77 49
19 61 78
48 39 74
96 16 62
71 47 36
82 79 42
66 86 10
94 23 98
95 45 12
86 77 67
86 24 100
7 67 12
50 49 21
71 73 100
87 97 37
7 46 56
70 67 38
44 31 53
6 57 89
13 91 20
79 51 1
39 64 41
92 13 28
83 94 10
37 59 6
19 0 60
92 73 47
18 53 40
82 87 49
36 19 30
64 76 8
70 36 55
24 58 68
97 62 48
42 18 61
83 58 58
9 54 71
49 11 96
24 61 67
82 47 95
91 0 71
23 33 71
68 85 3
87 83 76
0 30 46
49 86 30
29 41 62
41 11 56
60 62 40
52 19 66
71 14 26
89 8 16
69 28 67
47 87 5
6 71 6
11 89 21
48 67 49
77 30 20
47 51 18
54 93 84
65 57 55
85 56 30
32 40 28
71 57 54
59 10 7
22 21 16
33 44 43
18 93 54
54 68 59
72 55 74
84 70 50
70 94 76
17 53 41
10 67 57
42 70 89
79 84 51
88 93 3
77 15 16
57 23 68
85 53 8
34 54 75
21 57 99
58 63 61
27 93 26
81 94 20
36 45 81
12 61 60
1 70 67
44 96 17
56 92 58
79 19 78
76 56 74
10 76 75
70 72 65
54 42 35
85 75 73
84 5 98
2 52 1
60 32 17
10 49 34
12 77 25
49 33 45
90 92 13
97 23 81
9 88 2
72 20 67
11 17 86
90 28 2
8 13 21
78 8 18
74 5 90
40 48 82
45 23 45
48 96 24
96 16 33
15 36 79
72 36 81
49 29 27
49 70 40
33 50 54
3 49 34
83 26 7
64 35 31
15 57 25
44 57 78
27 73 50
96 10 11
68 11 26
64 67 89
90 70 8
23 93 83
5 35 63
86 76 16
62 15 22
70 47 98
36 38 98
83 97 54
19 31 6
75 72 78
40 37 52
79 23 63
90 28 24
63 67 82
89 78 14
37 35 37
52 59 45
33 78 30
54 82 18
7 65 36
84 32 44
35 32 51
84 67 71
62 27 8
16 94 76
93 27 64
92 32 20
19 82 33
59 76 74
45 69 20
8 82 43
49 27 94
15 52 68
29 31 90
21 19 14
10 76 30
86 83 6
72 0 80
96 62 75
17 68 23
96 84 81
52 83 34
77 73 15
51 17 40
68 66 55
1 38 86
92 87 55
25 93 42
57 7 56
22 10 58
36 28 13
51 73 39
86 65 70
47 23 62
34 66 78
23 70 52
59 44 60
10 26 53
69 2 1
88 62 30
88 41 9
46 18 4
91 88 73
29 54 72
80 22 77
78 13 6
32 80 45
14 98 76
54 10 38
23 31 50
5 79 20
43 90 56
27 84 28
94 48 42
46 6 16
97 1 55
8 60 15
40 65 61
68 90 100
61 41 77
92 35 1
27 68 29
40 16 62
23 88 64
83 9 92
70 14 87
20 63 36
16 90 1
10 45 38
34 61 44
0 77 87
69 76 51
94 64 100
26 70 16
75 63 49
1 62 62
72 94 58
93 18 34
93 70 84
13 54 37
95 38 45
6 68 20
40 71 75
51 63 51
96 69 100
64 72 50
86 98 93
60 57 8
44 31 19
40 76 74
94 0 2
79 55 13
56 18 53
28 71 17
44 90 30
40 55 81
11 44 78
25 84 46
43 46 22
38 95 13
25 12 42
13 60 95
81 1 78
13 25 95
82 17 82
60 48 81
90 23 44
40 21 56
95 87 92
6 99 86
50 84 31
71 55 21
12 15 65
59 91 86
18 92 76
21 99 72
44 82 58
79 83 44
7 18 58
13 46 64
55 38 93
91 15 38
29 61 17
46 18 58
13 45 80
68 61 80
46 43 12
90 86 46
37 39 64
92 5 2
42 32 20
51 93 51
56 2 23
83 41 40
92 99 42
50 16 52
0 29 35
29 32 3
84 32 74
34 88 96
69 71 86
13 71 11
77 43 90
87 26 16
70 62 15
82 6 99
26 29 98
57 30 92
94 40 93
62 64 66
87 17 85
75 67 39
73 71 37
99 40 86
13 72 3
84 16 9
80 36 6
88 16 89
63 71 53
32 72 71
88 5 42
62 46 39
94 61 74
8 47 69
35 76 25
46 49 47
7 83 78
78 67 97
22 6 57
54 45 23
90 78 72
7 19 8
64 28 27
28 62 41
30 29 59
30 13 66
53 47 91
55 11 54
57 89 52
4 50 12
59 45 32
33 70 73
48 19 76
40 34 35
60 91 61
23 89 57
71 81 81
96 81 77
30 36 82
77 99 41
33 58 36
66 52 39
69 23 27
6 82 80
47 27 12
52 93 89
71 72 29
61 32 46
72 38 58
31 64 74
70 96 14
83 4 9
97 85 92
51 31 77
30 84 26
52 71 94
30 85 25
92 38 22
14 65 12
21 80 99
85 11 13
46 2 2
30 43 14
44 30 22
10 37 14
47 3 53
72 52 26
35 49 84
81 74 79
14 10 86
32 46 18
99 25 33
97 70 91
75 73 57
41 93 4
85 95 1
98 48 70
34 52 41
73 22 95
55 40 83
86 82 81
38 4 89
72 62 42
49 24 26
32 27 59
30 92 23
31 18 97
44 54 75
98 89 21
49 90 1
34 46 5
68 14 10
11 75 87
98 58 79
0 23 71
13 29 4
90 73 38
90 23 8
98 55 52
32 93 27
80 70 39
37 71 78
82 93 21
48 18 37
21 75 29
70 38 65
79 3 93
85 89 48
62 64 25
43 13 51
13 24 36
5 17 62
44 75 28
4 37 17
55 79 84
96 77 50
25 10 63
40 72 81
4 84 93
5 41 87
31 20 46
68 7 8
72 34 66
76 20 55
37 76 94
71 50 64
68 11 63
48 70 25
27 70 1
18 81 32
29 64 49
49 68 66
35 54 100
10 59 84
21 18 51
46 76 66
35 39 53
49 58 55
53 6 50
82 31 58
63 46 72
18 38 18
30 44 5
28 34 76
78 37 12
44 72 4
55 63 63
13 94 6
32 65 59
75 52 66
93 79 27
40 31 9
73 87 94
25 11 58
31 15 13
33 18 45
11 71 84
99 8 89
35 98 58
47 44 96
65 96 46
51 27 42
15 85 2
32 31 24
64 47 57
20 15 4
10 82 26
52 80 99
21 16 25
69 71 16
97 6 69
98 78 28
97 15 47
39 52 97
56 69 61
26 53 75
59 82 85
77 59 39
42 44 92
97 64 4
61 44 32
9 85 47
59 91 36
93 56 6
50 51 26
28 5 33
38 86 28
76 65 46
12 17 98
71 54 48
21 56 91
16 64 91
97 13 62
61 11 15
77 63 44
30 97 52
95 89 48
14 36 72
77 63 4
24 34 5
15 39 25
91 27 94
23 71 32
1 40 61
23 37 83
73 56 49
18 35 61
59 89 41
81 87 61
23 50 33
88 56 54
56 44 97
61 64 1
78 4 61
4 30 18
23 86 51
25 93 18
75 67 29
34 54 71
30 17 97
55 37 99
73 61 23
43 5 15
33 11 82
39 61 29
27 51 65
44 56 18
61 1 77
92 93 29
38 0 83
81 71 68
23 14 82
6 14 78
35 47 56
44 10 85
17 92 29
18 27 11
78 12 74
87 74 35
26 86 35
82 90 97
71 54 46
95 6 33
27 52 62
28 19 53
83 84 28
62 57 55
46 79 21
58 24 20
56 99 72
36 24 30
75 37 26
85 33 86
46 72 66
34 20 58
53 45 3
35 95 13
61 15 24
8 38 77
18 52 87
33 43 91
27 12 12
13 64 82
65 45 72
6 80 73
39 78 94
37 67 82
71 72 46
39 71 89
6 48 44
90 69 65
37 38 100
72 52 50
69 97 70
71 88 42
61 16 8
83 19 64
27 30 75
75 48 18
22 10 84
81 24 90
20 12 84
91 7 83
17 99 69
35 79 45
68 63 43
15 14 48
19 28 86
34 82 61
91 8 29
35 73 43
93 92 92
22 77 92
87 53 40
66 49 35
12 14 79
11 69 9
12 74 4
48 2 12
36 17 96
45 47 84
20 50 3
2 67 94
3 36 62
31 49 83
32 2 34
41 55 36
77 44 75
10 14 15
37 12 31
38 78 78
93 14 80
92 95 91
54 60 40
37 39 5
40 18 57
91 65 62
17 79 1
5 19 58
88 55 24
82 23 46
16 12 72
28 13 32
49 7 27
39 40 100
58 48 69
56 13 62
95 99 57
22 62 2
58 65 38
70 47 30
92 40 90
82 17 39
6 72 44
51 68 51
58 5 81
71 34 83
11 89 72
62 40 55
50 81 7
0 65 41
41 36 49
32 0 93
95 90 71
78 1 92
10 81 64
55 96 75
2 9 99
24 62 75
97 68 82
8 53 8
76 66 21
92 61 79
77 54 81
86 91 42
32 86 2
9 69 83
68 79 62
92 51 85
36 53 72
25 69 89
88 89 99
9 5 24
39 43 53
84 12 30
13 97 15
56 29 67
1 54 95
5 71 97
30 66 40
13 74 14
41 30 59
98 59 27
54 38 63
35 43 31
16 96 17
97 29 31
13 84 81
94 51 71
8 24 43
58 68 83
47 35 46
29 33 87
82 46 81
45 10 86
26 45 16
93 21 35
94 92 62
31 52 83
11 31 29
62 32 65
54 29 34
16 26 16
81 64 12
43 6 64
59 11 8
93 10 21
68 41 70
77 67 5
34 49 59
31 20 71
96 6 50
2 15 5
57 63 40
40 99 83
96 97 44
47 82 8
66 93 87
6 7 7
36 85 4
34 79 53
47 46 51
59 7 52
29 83 83
85 93 91
18 42 98
51 98 60
80 32 35
83 36 74
16 94 83
18 32 27
29 13 12
38 69 82
16 77 76
85 25 34
91 26 75
1 35 12
2 43 21
17 51 100
66 25 76
17 28 54
5 21 81
91 80 81
29 33 69
0 50 18
83 64 83
45 39 55
95 8 57
41 20 28
24 35 26
62 36 98
29 59 79
55 51 14
67 16 63
58 36 22
85 35 1
22 96 79
37 53 62
19 85 9
68 44 49
7 6 71
13 2 17
36 13 74
80 55 52
30 56 46
79 81 10
43 74 16
92 34 77
40 31 10
89 10 87
57 68 97
12 71 91
93 91 23
84 90 97
90 29 47
60 65 3
95 92 90
31 39 51
51 23 48
62 2 70
17 25 90
23 77 30
11 99 37
94 69 6
64 67 78
55 20 27
86 97 9
87 52 39
3 43 28
63 81 7
21 27 37
26 8 4
99 47 35
1 44 90
83 24 4
73 38 32
64 9 49
28 44 66
46 59 94
34 5 56
75 55 32
97 74 100
82 85 70
20 74 92
62 29 63
15 56 11
83 84 79
77 75 67
90 32 94
26 38 77
50 25 69
29 96 87
37 88 53
80 96 63
38 96 17
98 25 57
99 90 26
82 47 67
44 51 91
7 89 25
7 32 46
94 45 73
72 70 97
3 45 50
23 58 70
6 27 55
85 27 40
21 12 66
93 49 91
85 61 38
84 59 67
35 26 94
73 43 32
97 31 40
33 88 88
28 32 90
16 35 98
98 72 31
51 61 62
42 18 47
11 56 77
85 81 48
93 72 42
64 80 69
53 33 62
33 75 5
71 35 94
45 21 4
72 75 49
67 4 32
7 47 95
63 65 3
79 87 25
80 62 78
9 56 20
20 31 21
10 37 86
68 95 6
90 8 47
65 93 81
7 61 96
86 25 76
91 59 61
11 84 68
12 28 59
91 69 95
78 77 94
19 52 64
89 18 5
6 45 88
61 74 28
12 35 40
7 80 88
90 1 26
21 30 48
14 38 19
77 7 29
83 39 43
15 88 21
74 13 51
22 37 47
35 61 61
19 3 86
72 73 78
67 6 52
96 47 43
45 89 39
92 67 95
47 27 51
17 43 53
1 3 31
69 40 62
25 18 51
37 11 18
58 66 65
60 65 62
37 97 32
44 9 97
64 89 13
17 53 33
15 85 100
38 41 70
35 18 23
61 33 91
29 0 49
39 95 51
73 70 44
96 0 12
80 75 23
84 7 33
64 19 68
20 30 20
90 12 9
40 50 29
53 55 14
81 87 50
37 28 92
93 57 45
46 15 23
70 92 90
0 43 1
99 37 41
4 20 89
49 65 52
24 2 80
32 12 29
53 37 32
21 87 66
68 40 90
45 24 49
89 64 58
63 98 29
7 74 57
96 50 1
47 17 32
92 71 59
48 21 68
56 50 23
91 46 68
39 56 59
9 91 91
49 82 31
57 34 22
75 20 12
66 24 17
39 7 67
30 84 79
49 72 38
5 83 75
84 68 34
3 23 78
96 24 77
54 42 37
27 76 43
63 28 39
49 59 36
96 7 33
21 50 23
39 32 26
26 20 87
16 82 19
3 21 43
74 81 20
62 9 62
15 20 76
5 3 36
91 92 36
24 7 31
4 14 7
38 0 10
39 94 68
42 34 71
12 47 2
52 19 79
43 52 64
65 80 53
69 62 7
43 11 54
62 84 60
19 64 51
17 80 89
14 52 7
37 49 47
17 0 10
43 58 48
63 85 56
6 75 20
11 95 86
81 31 30
29 39 50
56 52 86
34 55 42
72 68 72
55 44 89
23 86 88
86 30 3
7 64 25
74 76 63
96 99 2
39 34 49
25 61 10
62 30 19
66 92 99
99 41 17
94 16 5
38 72 96
45 15 17
42 68 27
19 10 32
3 9 38
11 29 70
4 49 43
63 75 2
90 75 28
30 84 42
13 74 46
37 53 91
87 23 55
39 23 76
25 48 93
60 97 89
11 80 47
91 12 35
79 37 72
35 6 80
68 85 11
38 92 15
28 26 65
49 59 86
5 36 27
57 79 28
40 21 53
12 91 64
44 13 75
81 2 27
49 14 83
75 0 18
83 31 17
99 17 99
81 6 92
34 21 21
31 21 7
9 26 100
39 77 48
96 17 84
80 32 62
98 96 68
15 21 47
56 57 61
79 29 3
53 30 71
82 57 89
20 26 47
26 64 47
78 48 57
95 6 35
54 92 18
49 33 91
63 96 22
79 98 9
87 51 45
58 18 94
35 38 86
17 26 5
51 28 39
43 1 74
78 13 23
28 15 75
48 65 36
58 71 75
12 50 77
19 98 96
60 14 91
30 55 47
31 27 77
1 76 30
59 7 23
68 42 92
28 30 46
53 37 13
65 22 76
32 80 28
78 41 52
21 35 100
84 6 28
73 43 42
76 13 10
88 20 54
17 91 30
93 83 95
29 38 87
67 9 56
90 2 50
11 27 75
69 13 82
20 91 25
5 12 71
43 44 10
70 62 40
30 65 12
87 91 63
31 16 66
1 62 71
78 8 19
72 97 54
4 73 98
0 17 9
3 35 40
71 41 22
1 16 99
33 61 10
20 46 34
67 85 14
81 42 92
49 42 40
26 82 2
2 65 45
3 50 61
43 22 49
12 37 27
25 86 85
70 93 76
3 66 58
1 97 65
88 50 38
51 2 70
12 59 42
31 48 77
70 16 22
47 57 85
58 47 45
37 51 3
82 45 92
39 23 23
5 8 93
54 96 21
59 74 97
82 17 76
91 42 93
7 93 47
66 50 41
58 3 18
25 41 74
61 24 12
66 13 43
27 96 89
10 74 14
78 61 4
24 62 60
6 60 99
88 64 33
45 63 13
25 5 71
92 97 85
15 64 18
68 36 65
22 60 84
1 4 48
8 41 16
68 43 29
35 27 10
12 27 71
63 29 39
80 39 47
67 65 9
56 16 1
65 88 99
21 18 38
68 46 53
84 29 13
46 64 56
92 72 7
66 52 1
57 14 17
55 35 48
37 83 9
87 98 92
81 70 76
17 62 10
31 17 45
35 90 67
77 30 28
90 30 20
21 97 8
30 56 28
32 95 49
80 30 21
26 20 21
19 75 76
27 96 67
81 75 90
84 63 22
22 77 48
57 0 34
76 80 7
64 60 90
19 99 79
60 57 24
84 25 80
73 67 49
4 97 43
95 21 50
54 51 90
74 41 78
67 69 67
76 84 80
64 11 77
47 45 73
72 13 77
52 50 25
96 20 35
25 79 10
56 40 92
84 98 74
91 24 96
23 51 5
38 45 40
58 99 63
1 94 65
15 89 6
73 28 67
61 81 100
56 74 8
84 38 44
66 90 47
47 97 38
27 32 60
15 23 23
87 61 46
84 64 90
26 15 87
20 69 93
49 18 10
61 14 8
64 18 20
6 97 43
35 81 15
92 28 61
32 18 75
67 89 29
37 55 10
71 2 38
93 54 40
78 61 48
61 95 32
63 44 89
21 28 99
80 68 29
80 44 13
74 98 99
1 16 55
86 39 73
33 91 3
29 62 72
20 27 25
33 5 89
50 81 87
81 94 75
6 4 13
80 85 80
84 24 15
38 48 58
68 31 4
34 65 96
79 22 1
82 26 25
53 20 97
63 11 75
22 11 35
8 34 84
43 77 37
86 78 18
69 24 4
0 43 71
21 27 30
22 75 25
33 78 32
18 71 1
61 83 65
11 22 5
57 73 37
79 19 21
87 65 97
0 81 50
39 46 94
76 32 28
13 3 37
65 80 29
85 59 17
91 19 74
37 44 71
70 42 63
31 53 53
97 30 17
13 9 99
67 31 57
61 74 97
98 42 23
62 45 34
65 43 92
38 58 20
84 31 8
53 89 41
15 45 44
49 32 73
22 19 18
47 41 12
70 14 88
0 49 84
5 56 82
43 78 20
10 28 33
8 35 28
32 24 45
38 78 10
80 74 13
96 64 96
41 39 16
39 34 76
69 89 89
61 51 45
61 28 41
73 29 9
22 50 86
74 25 16
98 33 54
11 4 8
63 40 72
72 73 89
0 61 76
74 1 62
15 25 40
11 22 9
49 7 17
90 50 43
81 85 80
13 78 99
66 49 57
67 55 64
1 61 50
7 35 66
74 27 91
79 73 19
86 71 82
58 18 93
71 63 35
46 1 99
95 92 54
10 65 20
25 67 3
58 60 14
41 78 83
83 34 59
54 2 22
81 85 5
11 60 18
19 14 81
88 31 6
36 74 15
71 96 57
92 52 79
6 83 74
42 81 31
58 17 20
7 47 87
74 21 5
46 79 77
98 82 89
92 26 88
44 33 50
26 98 92
55 54 7
28 38 52
27 71 84
81 20 18
7 70 23
14 27 62
70 55 59
16 33 83
88 53 92
7 89 86
70 19 5
6 92 7
86 31 93
3 51 63
84 47 71
45 63 88
50 58 22
40 50 19
91 0 60
70 29 77
61 58 45
24 38 94
38 4 8
77 32 2
1 47 88
39 40 69
35 82 98
81 1 16
57 17 75
87 65 38
67 92 31
75 4 84
86 80 14
25 85 74
99 49 38
41 6 9
1 86 92
77 70 26
62 28 5
11 78 91
20 86 77
14 60 15
58 36 79
38 52 12
58 67 43
84 0 80
33 85 2
14 4 65
3 23 76
51 11 43
47 2 9
39 61 1
6 18 39
73 88 37
88 64 65
27 3 94
1 47 40
80 67 39
61 14 48
2 89 5
98 53 22
74 95 47
9 80 74
19 72 49
75 2 61
13 5 71
23 93 49
11 76 12
93 77 38
55 82 48
19 83 5
76 80 51
63 11 19
75 81 42
28 13 73
8 74 75
42 6 31
35 33 60
89 19 14
12 94 21
85 46 18
43 27 56
1 31 76
76 72 7
70 4 11
31 86 18
54 51 63
57 72 60
77 68 67
68 11 54
2 92 12
39 72 99
61 58 19
44 11 36
8 19 1
53 22 83
17 70 34
40 68 47
6 70 52
58 94 39
61 58 92
56 20 2
88 10 56
54 44 2
64 33 42
87 38 47
9 35 2
82 90 26
47 5 19
15 95 38
70 89 86
17 32 64
84 81 97
8 96 55
55 83 38
65 68 19
14 69 86
97 38 59
30 10 73
14 5 76
98 24 90
57 16 77
32 17 89
62 41 94
78 57 73
78 50 33
9 59 79
37 7 6
65 94 42
11 55 99
92 69 63
24 4 15
66 33 28
43 45 99
15 3 54
1 4 4
89 35 5
46 50 36
38 29 55
78 75 4
3 93 7
97 24 67
24 55 97
94 72 66
90 36 4
96 38 49
68 57 43
83 72 9
33 82 49
63 25 47
64 34 48
73 35 38
84 46 91
76 55 98
11 40 24
45 73 27
19 11 96
53 48 23
46 52 51
4 94 68
12 68 15
73 5 51
34 31 7
98 4 69
24 45 65
0 10 46
21 50 53
71 25 83
34 88 86
53 12 14
70 82 85
64 88 58
19 17 9
85 22 63
53 70 34
44 48 35
97 2 55
83 73 32
76 39 59
0 57 43
29 80 60
4 8 82
63 3 6
52 25 2
63 96 62
68 89 32
35 97 70
90 66 97
60 16 84
34 28 48
82 65 48
88 69 51
17 93 86
79 94 37
43 28 80
42 36 70
30 57 71
15 37 61
10 60 4
41 10 68
11 41 20
17 64 58
45 67 79
77 76 23
53 95 29
53 34 90
81 13 32
51 0 46
18 67 22
70 36 8
69 31 45
39 38 48
42 0 27
36 20 46
17 54 73
64 83 47
57 93 62
68 56 9
73 94 89
96 37 12
25 89 82
50 26 87
57 49 44
24 45 94
18 89 77
37 29 49
80 71 61
30 36 88
77 88 35
24 30 9
80 48 97
32 69 85
34 77 54
49 93 51
21 33 6
48 93 79
82 18 97
18 42 21
94 13 79
88 34 48
45 69 8
62 4 87
97 16 57
67 93 78
86 69 15
97 32 9
15 73 27
27 46 22
12 82 83
33 28 72
57 73 1
68 30 12
69 46 11
99 67 57
18 31 65
26 4 42
29 39 28
75 9 39
82 21 78
66 18 10
25 18 48
36 7 14
16 29 15
25 87 45
43 39 78
30 69 36
87 24 45
99 85 99
50 7 26
65 26 60
28 12 91
96 49 29
88 52 60
3 25 50
76 77 6
6 88 55
40 11 9
47 86 55
1 95 92
83 29 31
62 8 70
19 15 91
58 22 97
45 37 46
41 30 74
59 0 24
67 40 45
3 42 59
55 22 76
67 95 66
68 8 70
86 32 9
92 11 75
82 2 96
19 36 83
91 35 2
81 16 81
38 15 34
26 36 7
37 30 14
50 9 51
42 65 27
79 97 35
3 30 25
23 88 2
58 68 1
97 37 49
63 41 43
88 81 79
66 31 69
47 37 9
20 13 94
0 18 5
12 43 84
8 7 67
79 14 18
51 82 16
28 52 66
75 79 40
90 88 88
51 99 47
39 73 31
7 48 99
11 88 12
48 90 91
48 25 52
23 84 52
48 18 86
14 74 43
16 44 1
67 77 79
62 79 33
37 98 36
13 84 14
70 17 18
52 44 84
20 77 33
82 60 11
69 81 46
74 90 33
30 72 81
57 99 13
97 50 9
16 34 39
97 80 65
2 47 23
84 67 17
78 13 15
86 1 13
68 45 94
14 4 36
25 54 43
67 63 62
71 38 41
95 83 15
36 48 16
40 19 93
89 20 53
50 49 82
36 15 31
36 63 56
5 82 17
41 10 22
90 99 23
83 99 35
90 71 1
39 78 39
12 40 89
53 48 79
64 97 81
43 58 88
3 89 81
55 39 30
50 66 1
67 83 32
53 19 89
35 62 98
17 51 33
18 63 23
10 20 79
44 31 49
77 67 13
16 62 62
95 14 26
91 9 43
58 81 11
60 14 69
54 59 6
44 45 54
54 46 4
88 65 44
86 76 94
31 96 92
28 10 58
3 97 21
39 36 44
80 68 78
40 1 77
18 43 58
45 59 32
86 67 12
42 27 27
40 31 69
6 94 61
86 8 28
43 53 68
81 7 65
41 76 69
67 84 93
1 85 96
86 79 55
59 7 52
52 29 23
71 53 75
31 73 84
74 30 82
88 48 11
26 91 36
86 81 9
87 61 16
25 55 39
5 89 13
13 45 50
2 77 99
59 86 27
20 86 69
51 23 82
44 73 25
88 25 49
84 24 86
75 20 65
40 70 97
44 92 20
47 78 27
46 44 38
72 36 30
14 78 92
33 83 15
51 52 63
4 1 44
43 79 6
69 30 45
35 26 8
16 50 58
96 93 89
21 89 59
43 94 100
0 38 92
59 14 37
6 28 44
14 19 49
72 22 94
95 96 85
21 74 18
90 92 11
38 88 6
29 62 49
34 18 26
23 21 83
8 65 40
79 19 23
47 44 41
72 56 85
19 26 27
36 14 41
76 28 19
6 36 15
43 51 35
38 77 71
51 57 54
84 94 74
44 54 38
31 50 48
0 79 93
89 90 8
50 39 48
97 5 43
32 17 54
60 83 27
96 24 36
3 38 60
25 14 18
92 81 94
16 21 48
73 99 87
96 64 47
0 73 83
82 98 63
88 28 17
69 14 94
62 18 41
20 7 85
72 12 42
30 93 28
86 16 83
29 66 34
34 52 97
38 16 95
18 53 62
56 21 95
96 47 28
15 92 14
88 67 11
76 60 84
79 72 69
17 54 99
87 47 93
1 8 85
59 68 87
2 29 68
54 73 79
28 58 81
36 86 96
54 80 38
54 42 50
92 9 53
63 17 50
96 30 52
79 18 70
42 7 54
34 70 29
96 34 63
59 15 67
89 56 75
13 60 52
85 59 49
49 24 53
45 82 63
54 68 80
38 23 39
52 45 2
67 20 16
13 83 75
0 68 52
88 67 95
59 23 88
69 75 90
26 25 29
15 48 99
83 87 29
15 37 100
38 3 11
89 73 95
96 74 97
1 51 55
40 39 4
85 68 96
70 68 35
79 40 96
38 48 46
28 85 98
83 86 93
26 45 32
87 94 42
60 97 77
57 6 99
99 0 39
69 25 13
78 59 71
59 4 89
86 60 77
41 49 61
78 4 69
47 78 58
88 65 81
61 55 83
12 33 8
98 46 77
39 89 57
26 97 24
68 7 35
4 69 49
85 68 72
48 3 10
23 42 42
26 93 52
21 29 58
76 14 74
77 35 26
62 65 60
88 61 93
13 75 96
99 89 57
35 25 67
41 53 42
31 16 64
37 11 58
90 72 29
84 89 99
13 47 59
57 1 10
29 4 89
44 12 1
25 24 26
23 77 22
71 12 97
54 87 83
1 17 99
53 69 83
33 79 62
61 22 21
81 73 88
0 95 24
56 18 45
29 61 87
37 10 79
1 16 99
36 57 63
96 45 89
55 68 76
54 50 53
53 23 76
34 63 76
94 3 70
48 61 53
21 70 51
66 90 56
84 61 5
14 44 87
5 82 30
73 9 32
73 94 76
69 6 13
41 98 98
88 39 20
65 92 92
67 88 73
64 86 53
55 92 29
61 94 37
50 19 47
61 72 92
36 21 55
39 22 90
45 32 79
61 9 20
51 80 93
48 15 88
66 43 16
29 85 73
34 62 85
74 30 38
63 97 75
71 59 75
81 58 29
76 85 44
36 56 91
53 78 93
65 35 1
14 26 50
75 17 86
42 69 3
54 26 55
5 88 80
62 74 82
82 38 84
81 14 28
76 31 21
34 86 26
9 67 78
35 61 76
44 83 33
44 15 6
60 3 74
63 51 10
92 16 84
44 35 42
69 55 43
38 50 46
25 27 5
83 67 15
21 56 99
56 73 74
88 16 8
62 56 38
39 40 41
17 39 36
87 95 25
43 72 91
87 66 42
87 9 85
29 48 29
52 21 17
20 81 91
91 43 54
75 68 59
69 93 27
12 39 39
16 15 96
36 43 44
75 5 32
95 54 86
92 69 44
91 2 11
17 29 45
50 20 91
20 2 61
47 63 31
95 51 93
51 78 88
81 18 98
56 47 4
20 12 25
16 35 46
74 26 33
10 49 75
88 36 83
71 12 38
56 59 49
28 13 69
87 44 96
73 21 79
48 61 33
38 31 6
77 2 93
77 36 64
28 97 89
43 7 71
91 12 92
45 20 15
78 89 20
18 16 25
97 30 91
7 41 11
59 31 62
70 45 46
29 92 25
83 23 78
48 17 79
39 60 58
5 45 85
18 97 75
19 65 16
8 98 28
33 73 75
32 99 95
44 40 47
92 28 16
57 96 96
3 84 11
55 14 27
53 98 53
66 19 10
30 22 93
83 56 18
18 89 7
72 24 75
29 56 80
89 2 7
26 91 21
11 50 84
59 95 19
0 13 31
30 47 41
46 31 91
27 20 43
36 30 23
13 58 98
10 3 73
64 58 78
58 89 21
39 38 64
48 0 64
59 92 63
23 55 13
71 34 88
84 69 36
79 11 18
24 90 22
69 71 46
66 32 5
53 38 33
43 83 62
48 34 47
53 88 55
43 34 74
55 76 79
90 58 44
38 44 98
22 85 56
31 25 21
46 25 17
54 50 62
27 3 41
9 60 86
36 84 80
14 61 59
82 13 34
29 40 44
91 33 86
74 69 9
39 58 10
2 70 69
96 25 44
33 81 74
75 91 6
57 12 68
79 78 38
95 31 37
43 30 85
78 97 100
74 86 49
83 40 32
40 72 16
59 62 99
44 2 7
24 19 94
86 45 8
79 42 70
28 67 41
96 1 31
84 65 92
0 28 72
47 94 34
33 22 61
57 68 80
6 2 89
67 51 98
40 54 31
17 78 68
9 7 12
60 65 34
7 19 45
99 18 38
50 61 61
62 94 21
98 32 89
86 66 82
69 13 49
98 7 25
15 8 29
27 81 87
66 68 31
39 5 29
80 28 17
1 32 7
90 91 18
65 13 19
71 40 99
9 46 9
77 49 53
36 54 54
73 32 78
74 54 20
66 24 83
3 38 89
38 15 8
2 71 92
27 78 12
84 37 27
84 21 61
87 88 56
0 89 68
84 47 27
39 82 98
3 19 27
76 38 3
1 31 49
26 11 19
55 45 32
83 0 97
79 28 3
61 0 47
47 31 85
7 8 97
52 12 90
10 65 42
75 7 52
57 46 30
60 76 12
2 58 46
51 73 41
18 63 37
0 81 71
17 22 38
17 41 15
48 46 18
44 69 73
94 33 17
88 75 66
8 57 30
60 69 51
95 98 87
48 40 31
87 8 15
96 10 28
84 11 94
49 40 76
44 24 48
8 54 15
90 12 40
38 60 31
32 6 47
18 79 76
11 67 22
27 96 54
29 5 96
53 59 72
97 74 52
79 57 25
29 47 19
7 19 57
68 55 95
15 75 90
5 52 86
14 82 92
77 76 48
24 23 62
2 20 82
81 78 87
49 36 7
52 13 73
28 22 29
64 63 26
76 30 66
90 76 45
44 22 37
31 19 39
39 21 15
36 33 33
16 76 40
76 74 26
45 14 73
16 14 1
82 40 48
68 18 58
6 64 99
74 13 42
42 69 77
25 83 39
12 95 30
37 38 22
43 42 17
32 38 84
15 81 74
11 43 94
24 41 96
91 83 62
48 65 40
64 94 77
88 95 71
34 98 70
55 27 83
27 84 25
83 45 40
99 87 36
12 99 33
90 69 2
17 13 55
77 54 45
92 23 76
32 31 98
22 21 27
1 83 60
88 85 82
60 17 12
83 28 39
16 61 70
50 33 67
58 37 25
68 31 56
61 82 51
15 44 38
20 58 5
9 31 97
39 72 53
54 49 64
10 45 36
12 93 23
87 15 43
87 2 13
40 39 24
79 68 75
32 60 27
56 27 79
31 97 63
39 44 42
92 13 82
74 16 1
35 94 53
25 47 28
7 47 20
79 64 49
40 29 96
38 80 37
55 65 64
13 62 59
32 99 85
30 76 72
94 70 94
70 36 43
66 97 48
55 53 61
9 14 57
95 82 29
24 89 4
13 18 63
38 22 97
48 50 27
88 42 64
48 53 71
94 3 24
45 86 96
89 98 38
41 93 89
98 21 25
48 84 41
70 86 17
38 8 85
70 89 58
22 66 58
98 17 76
23 94 57
96 53 24
28 17 6
58 48 42
62 12 22
18 68 62
87 67 43
13 54 20
15 86 4
47 82 6
72 94 97
82 36 42
17 19 20
40 90 63
3 44 7
62 3 96
50 31 14
19 99 39
46 22 45
65 45 79
90 61 76
67 73 86
83 81 12
98 27 64
24 72 50
16 21 21
39 6 4
30 18 41
56 84 99
2 68 69
29 39 99
42 89 61
42 25 13
32 84 80
35 30 68
49 11 88
80 46 77
61 49 65
63 15 39
29 28 25
47 32 38
70 12 37
15 58 11
14 15 63
16 6 33
60 50 66
39 15 39
98 71 73
29 95 46
46 56 8
61 55 41
77 55 32
3 12 45
12 18 87
92 7 23
56 81 26
71 52 68
18 67 7
8 92 95
49 66 87
87 25 9
28 97 71
70 82 45
77 22 28
55 7 40
95 78 77
67 26 81
33 14 39
64 29 60
9 82 99
28 19 35
36 70 35
80 52 55
75 50 52
18 50 68
10 29 3
13 42 31
27 83 30
52 29 66
87 30 85
4 74 6
5 87 40
98 14 77
99 10 27
14 11 100
63 15 89
24 90 51
6 67 71
12 61 34
92 45 90
48 71 10
93 64 62
22 38 100
91 15 70
99 11 32
59 22 68
50 74 27
61 37 75
3 78 19
50 56 93
6 84 87
93 54 80
61 41 58
24 70 57
56 77 63
33 29 48
72 3 27
46 90 92
78 11 67
71 10 18
4 78 27
41 65 9
63 13 35
65 77 34
35 79 87
54 19 22
72 74 1
87 17 29
73 23 14
80 93 98
66 28 21
96 65 13
64 94 25
84 52 95
28 68 86
17 68 68
98 54 54
5 63 16
77 28 89
14 51 56
39 84 93
82 11 94
24 41 97
1 40 84
68 88 2
58 84 22
27 74 77
93 75 29
93 78 16
39 49 36
95 69 6
88 29 92
95 78 79
27 80 19
12 2 33
1 13 88
21 25 12
3 55 30
66 55 2
2 74 52
49 70 18
29 98 89
32 99 36
66 7 79
69 49 41
89 13 93
14 94 41
16 7 41
80 26 47
1 84 47
56 6 50
88 89 86
3 2 36
27 31 75
68 16 95
38 88 65
76 18 52
16 4 14
0 10 5
89 84 95
49 81 92
87 12 1
58 39 65
40 41 60
5 92 52
44 61 73
96 27 34
56 89 58
66 19 79
73 49 12
12 68 33
20 22 62
15 49 44
31 56 1
95 31 13
67 76 19
18 31 80
0 37 51
16 57 46
33 99 21
91 15 62
83 43 63
71 41 5
84 13 72
88 23 21
15 77 62
42 73 33
10 39 70
56 0 39
13 87 2
73 38 55
17 58 84
7 51 7
73 92 34
88 70 66
13 4 63
59 79 27
77 17 46
67 4 2
14 98 89
0 82 65
49 70 33
42 71 71
1 64 96
54 53 64
76 87 90
47 30 96
92 17 32
16 47 93
33 24 55
51 40 40
32 95 13
64 54 1
12 37 56
37 58 28
8 34 15
84 1 59
99 16 4
21 12 75
55 64 27
67 0 70
87 85 38
2 43 50
62 37 80
71 1 63
61 64 13
80 14 91
67 50 32
24 12 23
98 8 57
90 80 99
60 68 58
20 52 89
84 44 54
83 50 32
53 17 91
46 66 62
27 55 96
47 26 32
11 32 27
98 76 10
61 97 88
44 2 20
87 7 7
20 68 22
17 32 20
68 21 44
68 73 74
46 43 20
16 25 16
70 16 65
53 36 81
81 89 19
42 52 45
45 61 90
11 17 40
7 11 31
87 22 91
34 16 65
74 35 78
78 37 54
32 30 91
29 22 70
14 41 5
17 22 26
42 44 86
55 18 37
26 55 9
52 62 10
63 65 17
15 87 44
17 76 35
63 67 96
69 89 50
42 74 92
89 98 6
32 75 33
24 15 43
98 82 33
94 36 53
89 81 4
55 27 75
12 50 65
64 26 30
77 95 98
14 5 79
18 0 34
85 60 31
40 73 50
92 46 43
51 37 41
66 15 16
70 33 61
52 17 38
26 93 59
7 93 39
85 31 17
53 83 83
58 20 91
22 35 52
58 20 58
23 85 26
72 42 86
58 97 76
66 11 8
21 87 75
90 12 62
42 99 41
47 59 35
6 90 30
92 93 70
70 47 19
45 40 5
17 94 61
82 77 87
28 36 51
44 16 34
1 38 11
53 40 25
71 73 37
52 54 17
89 1 45
17 62 1
82 76 40
99 24 33
8 43 3
95 11 27
1 2 54
12 67 26
69 82 21
87 90 97
30 23 45
89 76 51
31 54 96
57 16 85
49 26 39
31 80 52
88 59 37
88 16 20
77 51 81
49 52 40
96 37 36
37 1 59
8 54 70
47 67 46
61 51 18
89 45 56
74 16 87
81 1 73
98 74 77
67 16 39
47 46 43
0 39 43
53 66 45
14 96 75
6 33 75
2 57 14
6 58 41
98 76 41
82 69 24
90 56 66
61 84 91
23 43 14
13 14 12
0 17 70
88 28 26
54 53 82
16 93 46
70 19 23
71 34 90
80 50 80
90 85 5
24 9 68
97 76 18
65 91 17
95 52 89
21 70 83
29 78 49
13 90 50
37 42 59
17 59 57
25 13 42
43 1 61
60 45 83
45 67 64
62 99 79
35 90 93
67 87 4
3 26 43
93 28 69
43 18 70
63 26 15
28 13 12
38 98 87
66 60 12
51 12 40
0 33 46
48 91 48
99 57 44
18 80 39
74 99 2
10 60 55
85 27 48
58 69 67
1 4 46
5 79 43
77 7 64
13 71 21
92 94 9
34 10 80
58 84 98
54 60 39
28 84 91
50 99 89
13 58 15
73 55 55
97 6 93
93 12 62
24 72 57
41 76 28
25 22 98
89 99 90
60 75 17
36 68 25
16 63 32
4 24 51
43 19 90
61 30 47
88 59 33
69 99 11
97 47 24
42 72 20
1 24 75
20 55 89
13 33 1
47 91 72
67 2 77
78 55 89
94 53 62
47 60 12
70 91 13
24 23 73
75 60 57
85 25 70
50 65 41
73 77 93
3 0 81
81 77 74
80 18 79
23 48 43
45 2 51
90 52 53
88 62 94
24 39 88
26 21 58
44 59 13
94 98 85
52 32 79
62 14 64
77 53 43
23 18 1
81 27 65
24 53 69
18 22 56
12 26 48
44 97 27
35 80 13
34 95 85
62 57 3
49 79 18
54 90 48
66 51 89
14 31 98
18 64 21
79 69 82
40 30 32
59 0 98
36 91 25
15 71 92
58 55 16
88 44 71
45 40 75
25 41 92
93 69 25
88 93 44
55 84 43
66 43 87
57 12 79
41 25 59
19 63 25
7 47 24
10 68 95
39 6 82
82 28 60
68 6 91
65 68 96
3 56 46
52 81 85
91 23 42
0 41 18
84 48 70
35 64 75
1 92 79
56 44 79
48 68 53
53 14 75
48 35 28
78 7 40
90 87 25
29 54 93
91 74 37
2 65 30
20 83 41
41 95 2
83 87 28
44 78 33
12 46 22
97 28 74
39 27 60
63 49 78
1 69 22
69 72 55
59 83 55
48 91 70
88 21 42
36 34 20
41 92 41
34 93 92
44 32 23
80 90 93
84 40 98
72 87 32
84 60 12
99 22 3
15 53 79
47 2 98
20 86 35
29 18 67
31 6 20
84 60 57
65 80 21
14 67 17
7 36 40
50 11 30
43 27 70
26 33 19
26 6 9
89 86 6
2 79 13
91 70 81
88 77 84
86 91 26
4 41 19
16 82 79
78 46 29
16 82 14
81 43 92
85 21 96
74 53 10
41 57 71
59 83 62
74 28 64
18 23 35
55 64 44
53 99 47
51 34 31
66 96 13
12 79 31
95 41 98
29 34 37
0 82 93
47 16 19
11 14 100
27 50 92
8 39 43
0 56 48
28 88 21
86 77 82
31 54 64
44 2 77
44 16 64
54 28 65
50 11 25
15 78 13
26 93 41
70 21 93
85 13 72
78 87 79
86 22 8
9 20 96
18 42 22
20 54 84
79 19 83
68 18 2
67 22 83
18 87 79
46 98 41
97 71 96
55 49 23
19 53 52
27 47 92
57 71 63
57 0 22
15 10 91
49 82 74
13 33 30
71 28 55
52 89 81
71 8 56
75 33 58
39 1 49
7 49 4
25 65 82
17 77 62
89 49 82
28 60 79
60 3 75
28 91 70
21 52 37
68 53 21
19 18 30
14 10 93
34 29 28
41 18 3
24 69 87
77 11 62
49 80 68
96 89 14
67 29 88
87 18 49
91 20 38
79 86 23
30 77 10
7 66 27
43 44 70
58 38 62
49 80 92
28 17 32
80 93 14
44 80 74
28 63 91
38 33 5
82 26 12
63 26 10
24 27 73
14 1 73
78 67 30
17 18 65
67 48 60
18 29 83
95 88 56
62 87 64
57 94 51
88 59 82
40 35 76
94 2 65
72 64 21
57 13 100
83 70 50
33 38 30
99 22 93
50 75 33
40 27 5
87 9 63
52 76 90
28 57 15
60 71 51
30 65 12
35 88 14
13 18 36
9 77 61
74 68 43
87 42 27
58 18 17
7 52 55
15 27 26
28 43 95
70 42 14
5 43 87
51 1 83
95 48 73
76 18 22
86 17 57
99 40 20
59 6 34
96 74 80
15 86 20
85 73 66
1 70 21
40 87 1
38 84 32
16 3 69
23 79 80
34 62 41
92 76 57
27 35 65
4 92 74
86 47 37
16 8 91
88 49 26
4 31 94
75 64 75
85 78 11
33 38 62
16 25 18
39 15 65
67 56 77
61 29 12
86 64 37
96 98 25
66 91 48
44 5 52
28 59 57
78 67 38
47 82 52
81 15 54
94 66 44
6 25 19
39 19 7
86 24 13
53 49 74
93 74 8
90 25 88
90 26 44
82 44 36
97 86 1
21 45 60
7 23 13
40 24 56
27 5 5
81 64 27
60 64 22
63 60 70
48 6 97
25 75 44
42 33 36
7 72 46
85 64 54
90 61 73
19 49 40
13 51 47
68 46 37
89 81 98
11 41 5
33 88 52
36 79 76
6 63 5
26 85 44
69 79 17
17 51 31
1 50 50
99 35 6
13 34 91
10 73 1
74 5 45
75 57 96
8 75 58
6 69 77
30 56 57
72 86 74
38 37 43
65 89 13
5 86 3
13 53 37
53 95 34
88 74 26
47 7 13
75 54 68
15 2 73
8 26 19
43 56 41
90 2 26
38 23 88
99 26 7
59 87 67
80 26 9
40 53 98
54 82 70
50 42 43
75 59 3
8 55 89
98 35 31
63 35 19
98 1 50
93 57 73
90 37 65
92 69 22
71 35 23
38 30 73
3 30 65
11 64 10
5 8 64
24 75 31
90 63 47
92 87 15
17 60 20
61 7 69
42 68 62
48 64 59
13 78 31
48 72 13
32 43 24
32 2 46
96 64 65
84 24 38
62 66 72
20 70 85
79 72 76
96 66 9
21 38 45
28 35 61
82 35 85
73 86 53
90 4 68
59 85 59
68 0 22
69 68 10
36 41 70
53 23 15
28 41 24
72 85 41
36 55 30
72 94 3
8 91 37
98 60 78
34 41 1
66 2 27
89 88 20
57 77 4
39 30 90
5 92 39
29 7 75
6 16 54
71 76 59
6 44 15
79 90 36
10 72 2
46 40 58
63 44 55
37 79 20
33 79 47
83 62 81
27 25 9
29 40 93
54 55 65
9 18 29
44 25 12
69 89 22
0 15 68
29 53 9
96 35 96
36 53 77
62 0 3
56 30 3
78 55 89
11 33 80
22 14 46
34 6 16
96 38 30
20 56 5
83 19 75
34 59 18
78 43 17
31 27 2
16 76 64
74 62 56
17 76 44
59 46 65
41 80 53
46 64 50
74 12 51
32 74 93
70 10 97
84 94 98
51 37 74
24 34 37
80 2 78
46 24 71
3 74 27
31 44 90
96 20 29
49 88 84
87 63 100
83 20 89
70 97 30
35 85 65
25 49 47
69 72 74
2 74 37
28 64 82
73 58 27
78 4 8
3 7 74
49 3 89
59 9 91
87 85 10
89 33 55
10 56 24
2 99 38
0 68 7
38 48 90
42 1 92
76 95 46
92 80 63
37 97 95
25 81 93
67 79 90
3 46 10
90 28 33
42 88 22
61 9 19
36 74 29
22 59 49
3 96 4
37 56 59
42 28 100
10 47 73
15 28 58
36 92 57
85 33 92
16 3 74
47 55 93
60 10 93
97 70 54
2 55 16
49 5 51
59 83 28
96 55 64
47 57 51
29 30 6
37 9 53
75 21 7
8 92 86
77 36 64
52 8 50
40 62 6
47 67 94
25 71 1
16 8 14
66 26 31
4 77 1
33 16 22
16 53 60
84 11 69
33 16 81
88 31 100
63 46 1
75 4 15
6 91 8
29 14 76
45 14 39
40 71 87
6 77 56
20 95 26
49 77 53
83 55 10
91 75 14
14 55 69
4 28 4
19 77 92
92 34 36
42 5 68
73 82 4
39 75 36
92 15 9
89 17 31
8 91 21
81 76 58
80 8 64
69 44 24
45 66 85
61 52 73
87 80 39
71 94 67
22 66 27
81 2 92
99 11 27
67 84 17
96 17 41
76 3 13
72 92 93
97 1 90
99 14 46
22 19 74
24 12 81
70 4 16
89 9 15
75 92 24
98 36 11
47 71 33
93 77 40
12 44 54
12 79 22
82 55 39
86 22 29
84 19 54
52 94 6
12 87 23
19 41 79
86 97 35
92 4 38
68 61 47
19 14 29
57 86 7
82 99 58
19 96 46
49 41 66
13 24 100
18 56 16
12 48 27
81 72 21
76 63 95
90 3 69
35 40 43
93 20 7
16 31 17
36 35 10
47 4 45
56 22 66
4 16 16
10 82 43
2 80 19
45 22 91
32 77 58
24 60 32
18 93 10
24 53 91
85 61 91
72 12 45
60 85 34
65 13 97
13 48 31
20 55 8
53 96 86
83 15 53
66 25 90
79 86 88
86 17 43
85 30 50
44 90 68
76 31 5
1 56 18
9 50 44
78 87 84
68 97 32
64 14 27
85 59 94
63 16 61
46 40 3
83 77 94
91 36 7
6 91 80
9 63 7
55 19 28
9 56 19
36 38 2
17 5 34
58 34 15
35 57 74
74 70 11
90 51 31
50 86 89
31 91 82
86 92 43
30 41 17
71 88 40
18 24 15
44 60 8
53 22 91
42 82 36
25 96 92
17 90 59
6 50 58
83 45 24
86 98 39
31 15 13
38 97 80
42 31 44
15 99 78
12 95 69
81 74 14
34 59 25
92 5 98
0 62 79
80 9 17
71 82 13
32 22 71
74 2 20
17 94 5
86 54 62
39 89 47
92 46 83
70 89 75
85 43 32
85 74 89
88 34 48
76 72 94
45 12 37
27 48 54
97 27 27
40 56 59
0 11 89
8 94 78
73 19 40
27 5 66
26 27 35
79 67 24
61 0 20
71 73 43
39 15 78
18 3 37
88 67 97
62 27 82
44 33 45
1 26 93
14 24 56
42 21 75
74 7 10
76 10 12
72 77 30
56 16 71
1 15 81
29 64 55
5 17 97
83 97 18
14 51 77
26 86 90
63 99 98
51 76 37
83 80 11
39 52 46
94 80 48
59 23 27
85 65 93
27 17 1
34 86 13
87 0 49
16 60 91
62 38 73
16 49 46
50 80 5
23 10 57
95 50 26
43 68 56
2 27 9
63 87 57
16 28 66
40 54 62
38 66 96
58 24 20
79 85 18
91 28 62
86 61 69
65 1 75
14 31 96
75 20 76
78 91 40
74 76 24
64 80 26
21 11 55
51 92 91
50 93 47
23 32 14
85 43 26
23 53 41
7 88 92
34 93 93
82 31 44
28 94 54
98 43 42
85 32 85
71 65 43
45 44 30
23 63 10
15 6 48
92 87 26
33 23 64
36 4 60
84 93 95
23 21 55
46 20 66
70 23 50
29 89 100
68 95 91
25 88 98
78 33 35
29 71 88
95 47 30
96 60 60
65 5 66
14 16 21
48 99 43
13 49 38
92 33 68
96 81 68
2 57 29
33 0 13
51 94 53
41 11 87
46 79 29
18 0 3
18 74 10
23 14 34
63 26 39
25 37 28
96 44 48
35 18 35
83 74 52
21 20 59
31 63 9
20 32 61
37 6 46
84 77 90
64 99 25
32 48 94
21 86 12
8 52 59
16 14 5
57 29 97
74 82 33
95 68 83
91 51 43
45 15 27
2 50 15
76 51 7
86 14 66
97 34 45
44 38 24
99 42 97
95 91 96
76 63 87
76 61 44
60 6 69
56 48 18
72 94 49
88 9 56
4 19 67
89 55 40
41 3 32
64 84 64
47 61 50
87 68 98
49 82 47
50 19 61
62 22 14
70 97 52
5 51 32
4 62 77
85 14 10
75 92 74
55 4 5
87 44 78
77 99 36
42 54 37
73 41 41
37 88 42
1 61 26
59 15 36
70 59 100
16 54 9
35 78 48
53 29 50
23 28 26
69 34 50
19 83 68
90 45 42
25 6 89
16 86 8
83 46 26
22 76 74
98 57 81
51 2 45
86 4 93
85 8 10
21 90 38
51 49 14
31 27 85
63 41 76
80 50 18
79 23 22
21 53 24
82 99 32
62 72 8
42 31 76
45 17 44
44 57 69
10 58 45
87 6 12
24 27 16
81 68 16
16 88 6
97 57 98
24 64 71
89 22 98
41 63 27
78 77 30
66 99 12
54 82 66
9 38 27
98 26 56
55 30 21
83 40 5
74 79 60
12 38 100
4 25 99
1 61 49
20 8 94
67 12 66
15 0 52
64 86 64
93 53 76
43 71 59
23 78 97
46 96 37
31 53 8
97 2 97
20 6 89
68 97 78
16 58 45
26 3 26
69 14 79
46 21 85
82 14 87
40 35 71
42 27 76
73 14 2
96 8 6
97 78 52
91 11 61
57 21 66
61 4 63
80 58 68
67 39 9
9 11 25
92 59 100
7 28 7
6 33 49
66 9 22
45 20 23
67 19 36
30 74 66
7 9 53
48 67 55
5 8 73
36 32 28
83 1 43
4 8 15
73 76 43
80 98 2
59 58 89
11 4 4
44 96 30
99 10 51
27 90 39
16 28 90
44 88 78
22 17 58
31 78 3
26 7 39
56 66 21
84 43 51
91 40 2
40 82 52
98 45 72
7 9 53
95 21 71
30 59 9
28 22 60
55 63 96
2 83 91
56 6 44
59 32 14
69 39 28
94 82 70
77 70 86
88 6 71
40 8 23
45 64 72
68 65 14
66 30 84
77 0 44
35 80 39
97 1 36
92 25 16
54 17 9
59 41 52
90 71 59
8 48 3
21 9 23
90 66 69
4 53 74
68 86 74
14 84 29
82 89 4
24 14 78
14 78 88
88 80 54
13 82 96
24 82 44
71 53 81
20 17 52
79 74 75
31 89 27
78 53 31
16 68 14
60 67 33
96 63 20
80 97 43
58 52 1
80 45 25
22 95 43
20 88 68
96 65 43
89 71 92
25 38 59
47 49 61
91 38 46
93 97 64
72 11 50
86 24 89
19 14 20
90 9 75
42 99 71
69 43 84
45 24 84
95 69 61
0 51 18
1 89 100
97 57 69
12 27 75
45 58 57
16 33 70
96 63 7
57 69 63
79 91 57
80 32 72
70 40 43
12 53 5
57 46 33
38 92 77
13 84 92
57 78 23
72 17 40
47 80 55
37 96 69
24 17 65
63 91 54
30 27 4
72 24 62
71 89 20
99 63 71
80 41 32
23 81 1
89 98 26
90 98 45
15 6 16
96 9 56
65 30 25
97 61 29
80 18 99
75 49 11
85 20 15
52 39 71
42 62 62
67 53 32
1 80 19
98 24 55
43 23 45
23 33 97
47 7 47
45 49 24
51 53 33
35 71 57
50 80 24
38 49 78
55 61 23
71 15 36
55 77 35
55 60 22
76 66 94
57 64 64
19 94 82
20 0 72
67 41 42
15 92 91
43 20 69
28 53 41
90 97 87
42 50 98
86 23 82
86 24 52
36 8 33
82 73 91
2 43 9
17 80 85
10 62 8
97 24 65
85 4 91
68 32 79
58 1 92
3 80 5
11 0 90
16 36 3
66 19 19
48 3 46
63 13 9
39 7 13
30 93 32
25 43 65
74 57 10
82 66 64
22 52 60
17 50 63
60 42 58
76 63 30
52 13 55
52 14 65
8 24 5
50 97 57
90 38 1
46 77 62
59 21 72
91 28 39
33 32 27
1 72 65
2 87 67
52 34 88
21 61 23
12 28 46
98 50 94
13 34 89
78 38 20
69 76 91
21 56 65
4 33 56
91 7 11
39 40 6
16 17 40
0 89 81
23 50 74
80 85 87
68 51 82
19 7 63
59 20 26
69 46 74
45 16 54
65 77 23
43 21 18
33 9 23
62 50 24
83 19 40
31 23 6
26 33 59
75 22 21
42 8 99
68 97 46
6 71 18
16 2 47
93 44 38
55 47 9
39 91 56
30 3 95
83 40 86
12 32 42
52 12 75
94 56 25
80 41 3
0 95 61
1 12 46
71 17 6
34 12 60
40 19 84
1 50 8
90 80 61
71 79 81
10 58 25
95 32 91
93 58 33
59 65 22
99 45 41
66 80 1
69 94 11
64 67 73
67 87 11
47 38 34
36 75 8
31 70 20
49 88 66
78 76 65
74 0 42
9 78 81
91 25 5
16 69 32
69 17 51
18 57 99
73 29 100
20 69 69
79 36 15
48 85 2
19 82 48
72 83 15
56 14 23
68 80 78
45 34 45
67 26 30
94 28 64
35 18 100
98 94 97
26 6 37
93 51 94
63 89 95
97 23 81
40 58 91
38 8 50
27 86 36
39 32 43
43 30 20
52 37 26
89 40 41
60 87 63
65 46 34
28 14 35
48 61 52
42 98 86
35 50 34
5 99 19
34 8 54
15 38 85
10 99 69
80 32 94
93 94 67
75 48 16
64 28 58
75 6 35
73 98 50
44 0 4
10 14 85
85 92 91
6 16 98
71 24 20
88 21 91
94 82 72
29 7 49
61 10 43
85 10 72
93 9 56
65 59 86
75 94 58
50 2 42
71 78 2
77 49 83
15 91 79
50 74 49
75 89 43
11 5 34
99 88 90
36 94 79
33 19 22
59 27 33
32 74 18
97 93 39
44 0 66
78 42 62
29 53 45
89 11 81
86 97 53
15 58 92
59 5 53
89 61 85
75 34 98
85 78 24
8 32 63
87 49 94
79 60 11
83 73 91
27 26 17
30 73 6
70 48 17
37 70 74
10 61 12
84 98 55
94 48 10
35 27 92
24 95 88
66 7 92
43 98 56
64 63 72
71 73 43
92 46 11
42 18 5
13 12 63
26 94 62
58 80 27
88 48 95
40 63 5
64 93 3
3 91 75
75 88 17
60 20 32
20 48 57
9 67 30
64 32 69
91 3 13
25 98 45
86 70 1
56 17 72
64 57 75
99 92 33
58 22 87
12 17 17
19 96 46
8 24 44
42 11 32
36 71 94
75 52 6
53 99 45
69 38 90
84 48 80
14 50 10
41 62 14
21 44 4
46 23 91
32 76 8
88 85 37
53 95 1
96 88 52
38 73 50
57 39 41
71 26 70
93 91 72
93 80 2
57 85 75
17 22 20
16 97 92
21 43 47
63 38 92
85 28 84
17 56 31
8 57 21
25 43 54
14 34 32
84 99 52
40 36 31
62 53 91
54 23 44
25 8 99
72 1 72
36 44 27
86 67 26
82 54 33
58 27 19
70 88 39
77 65 65
68 64 69
23 51 68
49 87 23
70 71 84
55 33 23
76 90 49
19 81 36
43 91 26
53 50 42
79 37 94
76 93 23
39 35 62
70 41 7
1 42 54
30 79 38
28 24 56
87 30 55
74 41 43
2 84 13
38 9 89
54 21 85
59 50 80
92 87 13
46 47 91
58 87 16
88 58 30
96 82 8
10 9 70
16 31 5
27 36 12
69 65 50
7 49 91
48 29 35
80 69 88
15 37 41
56 59 70
7 30 63
23 44 100
27 89 44
53 70 55
5 16 18
76 41 49
51 43 37
1 61 42
24 92 78
90 85 24
17 19 4
44 56 65
41 30 89
52 79 66
64 66 93
34 50 62
86 92 78
36 26 50
65 73 10
61 96 74
57 12 78
69 3 60
36 55 10
41 12 56
91 4 18
85 19 45
79 34 26
91 69 20
22 76 96
57 17 6
77 66 98
55 44 66
94 39 44
74 50 52
56 45 61
36 7 22
59 86 57
33 85 18
37 27 26
67 97 94
84 30 77
65 99 82
44 20 6
83 65 17
19 65 40
80 41 91
8 53 26
21 65 67
96 57 10
76 9 1
86 32 86
15 56 100
77 34 89
41 99 34
26 21 97
86 57 6
71 34 42
9 23 37
43 23 60
49 27 11
59 43 52
87 12 84
43 31 18
93 65 43
65 72 6
74 12 12
79 87 42
12 10 35
19 3 34
58 96 49
29 22 17
22 98 27
42 23 84
69 41 11
17 96 79
91 32 22
69 71 77
75 8 33
26 66 48
75 47 8
87 49 45
27 50 69
42 81 8
52 97 14
3 50 96
30 31 97
29 88 71
6 44 86
79 22 60
35 97 49
14 19 40
29 96 61
86 54 28
67 50 21
41 59 90
36 31 42
31 61 9
94 87 2
47 76 92
41 91 52
91 1 50
14 49 42
5 43 50
94 0 21
12 54 32
5 72 58
21 99 4
47 79 57
28 58 94
96 35 4
20 87 95
48 24 89
79 19 56
69 96 66
70 68 1
81 82 22
71 30 38
95 30 29
79 93 74
76 12 46
66 94 6
67 92 93
97 16 98
20 64 7
71 79 28
28 66 71
95 73 66
95 26 67
76 90 39
18 33 29
50 92 43
51 5 82
59 71 88
36 96 76
8 27 34
15 92 57
65 5 14
52 54 37
13 51 80
17 27 40
82 38 22
99 53 21
36 52 72
61 7 88
28 74 8
28 65 17
88 80 55
10 54 71
66 71 48
69 25 35
96 26 67
58 23 49
48 37 16
99 40 10
20 12 41
91 7 75
40 78 72
36 57 66
87 20 55
60 38 92
53 66 86
47 42 80
35 28 23
88 4 36
69 54 10
10 68 89
47 23 36
4 38 21
38 40 42
65 31 82
23 78 97
79 10 99
64 74 18
54 90 22
65 16 34
40 92 16
34 11 88
19 86 87
26 94 28
87 38 91
32 47 75
7 70 22
63 14 32
68 79 34
74 98 42
81 47 48
64 29 46
44 82 94
46 22 96
47 59 68
79 2 22
84 52 34
92 2 58
