78 5 76
57 85 40
87 66 53
86 1 3
24 11 94
20 8 44
88 61 17
50 49 66
93 84 22
60 58 55
89 5 4
28 58 20
11 42 67
8 78 26
86 20 22
97 25 99
80 70 11
42 45 21
90 31 59
29 37 17
51 85 68
86 59 21
68 92 54
88 33 61
24 21 12
42 14 85
21 35 47
12 5 81
97 36 57
65 22 66
75 33 88
36 99 29
55 33 23
69 15 56
28 97 79
64 87 61
29 87 35
79 81 82
93 20 99
42 44 24
36 78 40
85 13 1
74 67 88
95 10 65
49 12 90
68 29 77
56 2 13
6 47 31
74 53 95
8 66 1
8 24 82
35 93 92
95 24 79
14 98 79
44 7 77
33 82 30
85 42 85
57 1 51
80 47 57
80 8 19
7 72 47
33 93 9
56 95 29
53 73 19
13 73 3
76 50 2
66 3 34
54 87 13
71 91 19
47 4 46
70 77 24
42 58 95
66 12 86
1 7 34
54 95 32
10 26 98
80 53 43
11 14 29
59 31 79
91 95 10
37 98 74
61 45 46
78 62 8
21 76 87
6 35 51
72 60 41
37 85 11
12 36 74
99 72 15
22 21 13
10 63 89
37 1 63
56 49 81
70 82 82
89 28 85
28 71 35
14 90 52
93 28 23
66 64 70
78 85 86
46 26 29
50 29 73
98 68 75
15 55 59
47 77 49
13 89 16
72 85 83
69 91 16
14 60 96
5 55 43
64 28 29
72 47 62
55 29 93
44 34 59
3 49 92
41 76 17
13 85 7
36 31 71
83 89 46
49 20 57
74 19 52
51 87 15
66 90 43
41 42 1
95 22 66
48 86 35
94 85 5
73 2 77
19 59 74
45 43 67
96 48 26
71 26 80
39 96 38
74 0 90
53 14 32
64 48 76
23 22 99
72 86 68
17 89 51
49 78 26
97 78 36
58 53 25
84 51 33
0 76 1
98 59 66
61 89 72
56 29 4
81 64 59
74 60 68
98 81 41
82 36 53
82 53 75
29 32 27
75 58 28
28 89 47
64 1 70
9 60 19
75 93 18
75 29 43
15 94 1
19 36 45
66 90 82
47 7 39
57 64 48
49 71 21
97 92 80
55 46 32
2 1 73
17 65 29
91 14 34
48 51 90
89 53 49
20 7 49
50 23 85
93 59 70
91 13 5
15 86 14
97 75 31
29 33 38
81 7 92
32 1 69
54 15 71
46 80 12
77 24 27
73 81 24
88 70 25
17 73 61
40 76 37
77 19 7
46 30 1
92 73 42
23 10 83
36 21 33
44 93 95
51 68 33
64 72 81
92 9 99
68 98 89
44 89 10
5 21 52
7 67 36
37 41 41
95 83 93
17 30 88
40 98 87
72 91 82
25 45 96
43 67 24
30 68 53
27 39 26
5 31 70
19 99 65
35 33 77
36 69 39
81 14 43
8 2 72
88 2 71
23 52 58
8 67 99
1 54 24
34 50 44
27 62 34
31 70 22
39 38 17
2 46 19
21 26 55
29 55 93
94 19 6
95 7 1
14 0 41
74 1 69
92 74 68
5 29 19
11 13 7
68 75 6
68 34 44
64 86 87
43 11 59
72 71 27
61 42 72
24 62 53
61 12 89
26 21 9
3 47 81
43 80 48
94 96 65
93 50 44
94 76 49
55 23 50
86 89 100
11 28 48
98 62 20
66 37 41
22 63 43
46 99 1
40 75 37
40 88 73
1 24 86
24 46 63
58 51 75
40 2 88
56 73 92
86 67 30
43 91 94
90 19 68
61 19 27
12 25 18
14 98 32
37 96 67
44 6 23
8 68 81
65 9 14
2 76 84
14 21 100
73 99 94
91 26 80
85 34 26
7 79 60
99 78 67
57 86 84
76 33 43
2 73 9
94 3 19
98 17 75
74 24 8
20 51 72
23 47 46
89 71 8
81 23 36
73 86 52
22 12 54
32 73 70
7 46 68
80 69 65
40 65 59
80 83 19
2 23 83
36 10 58
52 37 7
2 52 26
99 77 51
46 92 87
10 78 40
76 13 87
84 68 45
58 33 30
17 0 23
69 45 65
26 44 65
2 31 81
71 39 83
50 71 51
54 29 84
32 51 6
16 90 69
25 59 4
62 26 34
43 32 62
2 12 8
88 83 28
20 82 62
45 85 81
28 92 30
51 54 55
79 28 78
98 70 21
83 39 17
78 51 98
68 3 48
73 39 13
22 45 64
11 44 28
91 4 14
48 51 3
53 72 5
27 3 61
99 92 34
35 39 79
21 55 71
79 50 91
98 82 13
41 84 11
51 3 94
85 35 79
73 0 31
35 1 77
83 85 15
49 2 70
28 14 81
93 46 54
25 12 91
35 70 66
9 33 31
56 25 1
89 45 56
15 11 7
22 3 85
78 46 16
20 25 51
82 15 4
47 18 19
45 93 43
44 70 85
91 29 52
13 96 60
53 86 63
90 83 58
55 9 19
30 57 63
5 49 100
81 90 45
63 84 35
9 13 29
22 85 49
90 29 64
20 62 91
58 6 75
33 50 52
43 11 67
99 40 38
83 39 88
71 81 64
90 41 6
93 63 84
49 31 22
95 71 77
83 24 34
6 87 60
26 49 89
25 64 41
92 3 39
96 73 86
92 33 35
95 1 39
75 27 46
70 23 26
9 49 88
85 72 61
43 93 13
44 87 24
31 5 11
28 25 44
54 97 36
93 19 59
73 16 11
8 1 45
86 96 19
48 69 69
79 5 5
33 1 7
91 2 92
95 46 26
24 16 93
48 82 86
96 12 74
95 98 13
77 63 6
83 11 11
48 7 15
79 56 60
0 63 28
10 59 5
7 53 71
76 18 49
97 29 59
31 52 24
51 36 26
42 92 3
32 42 77
75 40 51
7 59 69
16 46 67
52 47 8
33 47 19
73 70 32
4 49 78
51 74 28
23 60 90
44 20 99
47 80 74
79 61 64
25 12 46
73 9 92
95 80 37
40 85 48
32 43 42
25 99 49
55 34 83
79 55 91
16 87 96
8 76 87
17 23 57
14 36 46
18 51 25
0 73 38
79 55 34
33 25 54
0 29 37
61 57 42
73 38 4
98 58 78
80 13 86
41 40 12
27 83 6
16 43 1
20 94 91
17 34 55
82 65 32
75 71 18
51 82 20
76 30 47
2 45 54
85 50 60
63 79 27
97 47 44
84 42 68
87 9 73
62 30 21
57 70 86
79 88 37
46 14 74
29 25 7
99 65 63
45 74 47
16 66 81
84 20 12
51 32 30
84 22 29
60 78 50
78 82 12
59 65 46
34 30 18
84 71 99
49 6 52
19 4 87
67 5 14
66 34 19
1 94 61
75 52 66
25 65 96
85 35 4
0 60 34
60 23 40
16 38 51
72 60 87
65 40 30
48 40 83
93 8 31
92 39 8
10 39 5
0 97 52
9 34 61
42 20 11
11 61 59
91 55 62
92 2 62
35 45 14
13 19 8
84 30 97
36 42 56
52 13 23
52 84 39
93 47 4
10 1 86
20 63 74
41 35 95
44 91 48
21 64 100
29 37 80
11 14 84
40 39 85
38 40 40
72 75 58
37 67 86
49 29 23
81 56 80
80 31 68
57 0 40
1 22 10
34 28 80
57 64 58
5 69 16
34 60 20
63 20 7
23 10 58
19 36 7
48 26 92
42 12 95
38 2 29
39 90 68
80 28 20
99 77 30
89 33 92
65 92 63
12 99 95
45 5 88
18 76 66
17 81 45
50 1 33
58 1 94
72 36 7
20 42 33
21 87 84
76 71 56
21 44 89
28 21 42
3 45 92
10 88 61
40 61 59
39 91 100
28 45 65
45 55 65
47 56 56
64 88 93
95 75 93
9 35 32
82 95 73
64 61 21
91 28 24
40 88 41
55 57 50
86 60 42
98 52 6
82 48 41
10 56 64
7 81 55
27 14 60
22 78 11
70 67 24
80 98 39
15 28 88
29 8 77
30 53 65
52 62 67
80 70 68
29 18 61
6 33 91
73 23 8
69 85 76
37 44 21
62 23 28
63 73 50
66 64 75
76 65 49
60 24 29
46 23 31
37 34 54
88 98 36
67 10 1
35 47 73
79 53 19
58 49 82
87 7 46
89 66 32
72 28 61
48 14 94
84 20 36
97 15 59
94 8 22
42 60 55
60 3 67
47 26 65
56 70 31
94 78 53
64 62 74
3 82 59
43 2 37
7 41 1
76 67 99
1 35 34
32 95 69
62 74 25
63 45 63
42 90 99
81 80 32
96 89 40
54 71 89
1 2 44
62 21 5
35 69 70
77 16 42
54 72 26
80 27 4
96 8 18
58 84 76
1 92 20
64 10 8
34 11 52
34 59 56
15 2 84
29 1 90
98 26 92
76 32 87
49 56 91
28 42 41
62 38 29
6 36 6
74 46 44
98 91 34
40 84 14
68 85 78
8 37 30
84 70 72
72 70 5
90 19 7
99 98 11
7 28 14
50 73 26
19 70 24
10 86 22
36 89 57
35 53 43
4 50 68
50 18 96
70 3 36
38 65 39
57 63 68
70 1 8
99 36 51
19 12 56
49 47 36
37 46 5
17 68 100
12 82 2
66 27 53
51 49 57
94 20 82
16 64 54
98 67 65
71 58 3
7 83 100
90 2 11
76 8 18
17 68 1
89 42 97
59 54 48
59 28 61
33 17 53
36 61 82
64 43 11
89 28 27
72 55 78
64 44 65
27 69 35
33 90 26
16 35 56
22 56 43
92 12 58
66 56 2
7 9 93
73 93 90
79 3 18
1 93 59
39 59 18
29 74 63
61 50 25
54 75 32
13 4 58
5 4 57
93 65 79
39 28 42
0 78 46
0 65 23
96 99 78
2 21 79
77 94 32
43 60 8
68 39 4
2 88 7
7 52 39
55 85 72
20 19 39
85 40 42
84 76 62
0 66 76
73 0 97
57 12 60
42 92 80
36 47 2
96 43 36
83 74 10
93 30 6
26 68 100
99 24 54
10 14 3
49 47 46
75 66 46
87 33 13
81 75 20
50 67 59
59 11 41
15 76 44
37 29 89
83 51 37
42 44 33
50 48 53
58 57 21
68 19 46
29 37 74
80 25 71
44 58 54
4 42 8
21 49 24
32 87 29
22 85 99
9 84 95
88 65 33
89 64 8
52 43 60
98 17 65
90 79 20
35 22 50
69 7 86
9 60 2
62 14 66
77 57 25
53 88 38
89 97 59
28 84 45
59 44 73
64 68 35
77 49 84
49 54 97
83 10 39
80 31 84
21 4 63
63 40 17
86 35 11
30 62 16
27 80 25
81 33 53
80 91 70
25 35 69
75 6 53
36 80 59
17 1 55
62 82 52
94 46 21
65 93 39
9 6 16
93 84 10
30 1 65
4 8 72
25 41 47
10 59 13
69 43 48
25 13 39
44 66 73
28 79 90
36 46 61
44 74 48
70 46 73
23 25 74
2 22 39
14 82 5
43 73 78
54 25 84
62 78 53
51 42 66
35 56 47
23 70 54
14 4 86
78 30 23
22 91 39
10 86 92
47 4 57
71 13 92
59 55 27
21 15 35
33 22 93
93 67 44
99 93 60
43 74 15
8 74 32
57 30 9
37 78 98
69 35 76
93 51 74
52 19 60
32 15 74
10 26 83
55 27 93
97 74 27
74 70 63
35 61 60
35 96 68
34 88 78
83 36 74
22 35 89
91 72 69
7 22 35
33 81 59
96 21 41
31 33 76
78 88 90
47 69 1
61 59 67
96 59 41
90 64 44
56 17 38
68 18 74
3 26 66
99 93 65
44 54 19
93 10 54
7 72 79
96 31 41
47 11 95
59 31 62
31 62 8
33 72 43
77 53 86
45 88 83
5 83 16
90 22 28
84 21 33
81 23 38
52 82 65
65 57 93
58 18 70
27 76 52
98 65 85
76 67 92
88 39 90
74 64 77
11 74 16
72 81 38
38 93 59
95 63 5
93 17 33
16 74 86
6 35 88
22 57 68
61 85 15
7 62 65
84 51 29
58 70 8
55 17 6
36 61 13
94 66 28
4 51 39
69 58 43
49 63 79
80 43 28
57 23 47
78 1 29
93 78 38
48 6 95
45 17 31
38 75 11
36 39 70
67 55 32
99 8 51
14 0 42
39 80 46
23 32 84
22 6 32
93 86 40
17 15 31
65 58 18
41 83 20
17 71 74
84 56 21
96 33 93
40 25 10
65 42 91
54 7 67
56 92 9
16 41 5
52 71 63
85 37 83
57 40 39
54 20 78
83 17 34
46 30 88
3 54 42
52 92 56
44 42 82
90 72 46
35 96 3
36 90 52
30 54 40
1 28 88
68 29 97
34 85 70
38 68 24
37 9 36
68 86 58
33 42 99
68 31 49
99 34 63
67 79 18
29 91 77
84 97 99
22 96 88
6 82 6
12 22 93
28 71 76
17 98 4
25 87 2
15 94 24
94 81 17
74 14 44
3 44 51
25 5 2
15 63 2
85 48 79
51 12 12
56 25 84
74 21 41
26 18 70
11 51 72
67 74 25
36 52 80
57 22 71
49 77 37
32 29 48
41 99 63
28 73 22
34 0 76
54 63 8
96 41 81
87 46 8
28 40 88
3 49 12
9 96 55
8 43 37
8 83 59
66 35 30
27 72 86
73 36 84
52 34 39
75 89 97
49 38 63
79 84 75
83 43 98
40 97 68
73 45 77
41 97 44
71 51 37
15 83 9
25 67 18
86 69 28
25 16 79
74 40 18
75 67 3
23 63 30
49 41 99
77 38 22
20 87 74
34 97 1
36 87 3
2 37 36
37 41 15
69 83 80
58 61 20
80 26 50
60 40 59
55 61 2
37 99 58
21 41 78
46 93 25
25 7 66
17 7 62
29 86 86
42 95 26
40 85 24
23 56 43
24 93 78
7 97 100
47 86 70
76 73 90
31 50 93
7 71 25
57 14 95
34 13 66
96 61 69
65 92 89
3 33 6
62 83 38
46 50 38
20 93 58
38 88 75
92 25 82
11 38 83
57 71 23
42 32 47
37 82 52
97 65 1
30 67 15
97 99 7
8 21 68
74 24 27
68 21 18
42 27 20
0 23 94
77 44 25
8 29 84
82 62 89
98 64 97
48 43 74
90 5 15
53 9 53
15 83 88
4 83 67
43 65 83
58 52 79
38 51 17
6 99 18
5 7 89
70 48 97
83 85 68
54 86 64
56 62 78
9 61 58
44 50 72
53 64 48
63 3 15
81 4 27
36 55 87
8 41 50
73 96 46
24 57 2
70 48 43
41 78 57
25 22 38
81 46 43
83 78 47
73 71 98
48 33 60
3 7 67
72 70 12
68 22 57
61 74 62
63 47 14
79 28 6
82 74 25
9 1 96
31 40 68
72 60 86
19 32 12
54 89 81
39 71 80
6 55 84
66 94 25
57 53 77
12 87 6
71 2 15
17 47 91
31 37 80
80 66 100
86 81 61
53 87 56
36 70 9
39 19 32
71 40 99
54 64 35
11 79 5
16 7 93
96 75 10
91 11 6
64 22 34
75 32 39
24 7 79
13 56 3
77 23 44
82 57 21
92 44 12
13 1 6
63 28 54
58 79 22
60 82 58
51 10 76
97 9 59
54 9 92
95 89 77
65 78 83
10 90 68
19 57 78
35 53 24
61 51 64
28 16 19
55 35 12
5 10 67
17 99 74
30 41 86
16 25 42
80 37 55
17 50 52
11 61 77
45 46 90
49 53 23
83 97 14
42 18 26
37 76 10
6 94 81
23 69 24
56 7 2
19 52 70
61 60 92
16 37 85
84 38 65
93 55 98
85 43 77
36 2 99
39 27 36
60 39 33
12 50 58
72 5 48
56 73 27
22 77 19
39 42 90
76 36 89
52 48 79
5 67 49
85 78 63
34 58 73
59 81 62
77 59 7
12 17 71
42 80 90
3 71 97
68 58 21
7 76 58
35 92 49
98 10 3
48 99 92
42 57 66
73 56 81
71 59 63
57 27 97
53 25 64
11 85 2
10 26 69
74 10 40
27 79 74
32 36 91
96 24 10
64 32 47
39 18 18
14 95 73
54 58 26
14 66 32
3 86 6
94 81 39
62 42 36
15 17 65
12 63 43
71 30 49
76 45 88
25 17 56
7 62 12
57 13 64
68 82 13
2 87 36
34 20 19
62 52 8
21 31 38
14 97 83
17 69 83
53 7 88
75 98 71
38 59 37
73 2 78
99 70 67
69 22 41
44 38 42
34 84 30
84 68 70
20 3 51
92 33 1
64 78 63
63 80 25
61 41 21
45 0 73
79 53 47
34 31 83
2 93 98
21 18 13
12 70 10
93 89 85
33 63 6
68 59 47
21 88 2
45 94 39
62 8 58
15 55 49
30 34 27
69 37 31
58 55 31
91 98 97
42 29 32
45 64 59
82 76 55
3 39 12
81 71 28
16 99 10
54 72 7
27 25 14
15 80 81
56 54 59
32 49 47
84 93 77
33 72 84
44 9 18
0 97 99
81 59 31
0 74 94
62 90 8
88 46 54
74 9 33
55 84 71
58 7 46
61 9 98
26 65 87
79 21 72
32 43 65
18 40 23
3 79 58
11 4 64
50 40 69
26 19 94
69 38 54
82 70 76
75 87 25
97 18 10
91 52 5
68 88 40
20 64 64
1 18 9
39 17 8
37 95 33
88 57 18
14 53 80
46 25 53
4 1 24
4 57 89
68 56 9
41 79 25
41 34 18
12 74 46
48 52 47
35 23 9
83 4 28
74 14 23
65 17 57
67 36 49
7 10 45
28 7 15
63 3 70
9 28 45
0 62 86
88 18 58
31 10 26
81 48 9
88 18 42
10 45 66
47 63 5
62 70 37
17 0 47
65 19 78
2 31 6
12 94 89
59 52 77
38 2 80
59 11 21
69 45 24
86 0 73
36 20 57
96 70 74
36 27 36
73 11 18
30 36 63
27 12 100
35 12 45
85 3 21
76 96 26
1 30 69
41 74 90
22 49 64
25 50 80
0 44 63
17 63 15
33 79 33
30 76 23
75 4 53
67 17 13
23 54 61
47 33 89
32 12 96
76 26 80
23 77 92
26 46 55
29 2 64
45 6 53
30 46 17
1 33 81
4 45 7
76 11 57
82 45 60
47 62 98
46 64 22
46 18 9
86 71 43
59 40 15
92 72 8
22 64 13
37 93 21
92 19 12
66 38 12
24 92 1
44 4 52
41 12 11
32 90 18
18 4 26
30 39 51
16 18 59
63 24 58
4 77 51
6 60 30
44 80 21
95 29 97
18 93 23
1 48 82
32 16 58
59 27 100
83 28 99
20 50 45
18 15 36
51 97 82
42 51 60
97 62 2
88 94 63
99 42 67
1 13 99
90 36 74
61 33 45
38 89 48
19 8 38
4 23 100
71 15 23
56 14 23
90 93 100
43 5 86
25 64 66
41 92 88
69 28 25
42 0 5
80 79 97
42 98 1
44 27 88
81 38 11
78 43 4
47 5 75
45 97 53
14 24 53
2 24 87
0 56 1
68 3 34
94 37 16
44 38 38
1 48 42
84 99 15
71 47 64
17 83 69
81 31 67
9 69 49
16 74 88
12 16 61
78 95 72
43 23 9
56 68 81
96 23 29
15 0 61
48 85 22
95 25 10
5 71 35
34 75 97
50 7 90
34 75 49
21 63 49
46 50 34
87 12 90
42 76 5
56 76 8
82 56 23
53 79 24
0 17 7
97 23 69
36 98 23
35 43 58
48 79 44
93 64 36
49 94 51
52 83 66
40 16 63
2 11 98
44 39 91
58 3 90
70 36 41
80 94 32
22 62 74
51 29 92
84 23 52
44 37 92
97 21 67
61 59 78
55 63 10
38 79 81
9 67 4
65 6 96
5 54 17
76 68 86
79 36 38
91 50 16
18 58 6
29 99 57
22 47 30
31 85 15
66 26 52
89 88 100
53 29 49
97 3 39
55 78 20
16 55 84
68 39 56
65 39 78
33 29 66
23 53 56
41 8 50
78 6 22
16 43 65
64 78 34
3 89 91
94 64 52
46 93 29
61 18 53
56 97 42
84 3 6
64 79 41
78 1 51
84 97 80
25 32 67
80 97 37
56 45 2
18 65 23
44 22 86
62 78 9
1 10 26
16 2 63
17 99 22
5 49 95
65 85 34
40 53 87
17 66 16
89 38 28
58 83 13
34 93 53
88 22 70
38 29 65
25 9 48
49 61 25
35 53 45
11 70 42
58 12 46
77 23 18
42 0 39
8 25 85
7 87 15
15 81 60
63 91 40
31 29 76
69 33 98
99 74 33
61 3 71
42 57 30
23 30 61
91 25 35
64 76 56
55 99 7
36 58 56
73 23 28
28 81 64
29 53 99
92 0 99
57 63 96
1 2 89
26 25 89
6 33 40
62 92 21
64 60 29
95 44 79
33 21 85
30 26 61
97 68 18
43 88 36
90 44 23
60 9 76
17 14 68
65 76 39
30 67 97
36 47 54
61 39 51
82 29 95
1 42 97
47 10 3
20 46 96
41 67 64
83 92 88
46 75 63
26 24 11
15 12 72
50 30 52
10 49 85
26 6 71
62 34 2
46 60 70
18 57 23
80 55 62
78 64 33
81 59 70
88 3 73
76 12 59
28 3 85
75 82 1
2 99 6
79 4 6
98 40 67
66 55 82
88 15 45
92 30 91
17 61 59
26 2 17
80 57 1
78 41 28
69 67 66
17 23 80
14 24 31
1 19 46
67 26 76
38 70 15
7 38 97
23 78 55
54 47 39
80 89 64
53 61 20
74 72 9
68 74 82
74 42 25
40 77 28
99 22 66
20 19 94
29 56 10
88 55 76
62 43 12
25 54 70
46 59 11
74 52 76
57 92 48
1 0 54
43 91 94
62 4 80
87 56 100
28 33 65
46 49 61
51 6 59
43 15 83
97 74 57
21 62 36
86 12 41
70 36 73
7 66 1
12 94 14
25 76 2
5 38 43
93 90 90
16 65 3
76 75 66
43 5 8
75 0 42
89 57 70
50 86 91
48 98 74
1 10 85
28 27 56
99 27 83
8 13 24
34 11 38
79 0 34
66 74 100
96 48 86
66 2 91
14 61 11
53 61 97
34 28 88
46 43 42
50 60 19
8 42 5
31 84 51
45 80 63
2 65 36
3 4 4
17 82 9
32 80 99
27 40 85
69 85 87
43 61 12
95 91 79
36 25 26
67 91 38
23 38 83
79 81 34
14 58 70
34 16 24
95 27 93
12 33 73
97 18 65
71 13 85
27 82 24
31 24 25
90 6 71
97 52 36
19 40 93
1 87 56
10 85 26
34 86 1
9 29 66
91 55 77
52 6 81
57 77 52
50 84 89
86 47 73
10 62 84
31 26 28
11 4 31
80 96 98
49 81 40
15 55 94
91 18 89
21 80 99
23 45 56
96 76 10
88 15 46
52 43 71
83 97 5
70 27 35
74 70 96
2 28 40
64 4 73
31 39 15
64 2 70
48 1 60
86 21 3
73 98 10
86 57 56
9 28 46
15 40 18
7 23 28
0 16 9
47 34 14
50 96 24
96 55 18
45 92 68
40 0 67
51 48 53
80 14 22
32 92 33
90 24 3
74 56 23
55 47 96
33 10 56
83 86 10
17 33 1
17 46 78
83 67 90
14 26 8
77 65 76
91 52 52
95 29 83
18 95 84
9 96 86
68 57 40
25 76 24
25 13 65
64 44 32
72 44 80
22 86 53
95 43 72
69 72 12
10 83 53
86 69 35
14 71 90
93 69 60
14 33 93
80 87 17
94 79 77
95 79 39
37 38 94
8 0 73
41 50 65
3 82 6
72 30 10
22 71 75
80 17 99
14 76 58
69 7 75
68 95 81
29 93 13
99 66 49
41 85 7
42 87 34
97 93 18
93 0 38
88 96 81
95 25 5
75 68 83
12 24 7
43 94 23
86 43 1
15 61 100
12 15 51
74 38 45
97 44 91
36 14 60
64 46 93
74 9 24
18 73 48
45 36 90
44 50 37
94 16 19
43 29 94
11 42 12
40 39 56
36 3 10
93 51 42
41 25 3
3 48 30
20 65 88
67 92 13
21 48 71
51 13 48
52 12 8
94 17 28
50 20 98
94 95 57
90 32 42
25 1 65
68 3 15
37 0 84
97 52 96
7 21 79
47 73 68
17 87 71
96 18 35
95 8 26
65 68 28
52 2 15
58 69 26
7 95 57
56 23 28
10 7 7
56 88 30
25 79 92
67 55 49
77 50 11
61 94 70
98 81 55
73 58 63
30 44 66
83 65 10
32 71 73
22 35 56
18 98 39
75 92 79
39 41 30
34 46 52
34 65 86
2 16 2
9 52 52
81 97 7
68 37 15
16 83 21
64 27 36
94 25 1
30 90 81
31 9 40
18 82 90
66 49 18
25 98 26
44 72 9
47 64 27
47 44 97
51 61 1
22 44 2
86 53 80
77 1 7
73 87 49
24 23 92
82 30 72
92 15 28
17 68 17
5 94 81
11 15 21
85 64 10
56 84 85
75 65 12
66 14 59
57 41 47
24 2 37
53 34 29
26 69 14
26 91 34
36 14 92
38 17 40
54 37 76
46 52 95
89 14 53
35 71 51
64 98 100
49 7 31
42 21 41
93 98 59
3 64 82
39 19 73
36 92 76
0 54 92
53 25 92
68 33 18
49 16 19
56 58 82
40 97 73
0 30 77
67 56 63
82 65 4
92 46 33
24 16 73
68 95 22
84 27 92
35 12 4
54 11 40
20 2 91
34 3 100
24 57 60
20 60 88
99 0 51
88 52 47
84 15 50
95 53 45
45 29 21
32 66 69
38 68 33
47 69 6
36 4 10
25 15 62
79 91 36
28 12 66
50 72 76
67 38 23
92 53 38
2 18 54
85 50 45
55 16 90
37 82 51
86 66 52
96 64 51
10 22 40
90 48 81
17 62 64
61 8 3
22 24 85
35 8 14
61 86 87
48 18 74
26 38 31
68 1 9
17 27 28
26 18 64
51 54 63
14 54 15
55 18 22
82 39 81
56 64 93
43 84 33
70 23 99
90 40 77
56 10 99
70 85 3
5 75 62
95 86 67
35 77 83
83 38 78
63 80 88
6 39 72
5 32 6
1 96 11
22 64 93
22 2 5
66 95 46
41 61 39
89 24 40
79 80 4
67 19 81
48 67 32
19 42 83
20 78 58
64 34 63
80 47 85
97 20 11
45 75 79
93 85 6
34 19 66
92 4 85
66 46 26
47 94 38
56 5 75
90 10 9
77 53 96
55 72 41
43 11 100
14 29 80
71 25 25
13 30 68
47 12 38
82 31 24
88 1 62
36 73 52
41 98 40
71 99 13
22 73 9
27 58 60
89 52 85
84 28 92
68 48 6
16 36 15
45 88 6
34 25 48
21 42 82
9 54 48
51 56 72
98 31 62
37 29 79
55 96 61
21 89 33
40 76 61
39 28 76
8 60 93
83 68 48
95 26 7
20 49 15
33 74 74
61 78 78
2 19 95
87 0 73
5 73 3
73 68 35
58 93 86
54 5 38
9 57 48
21 36 55
98 53 38
86 63 74
96 42 11
66 39 91
80 71 42
96 44 100
0 13 19
96 91 100
50 81 40
69 36 26
59 83 23
61 66 30
33 32 58
52 74 30
87 8 33
6 88 26
98 64 52
45 50 37
12 22 74
17 14 42
35 23 32
24 60 33
68 3 42
65 80 3
89 50 47
20 4 72
39 43 6
99 46 26
84 75 35
48 46 72
78 87 86
42 76 18
1 35 50
6 25 42
82 16 69
43 87 57
52 89 57
99 80 60
65 38 69
48 1 89
32 79 31
96 6 72
21 24 35
63 87 29
23 38 49
15 65 57
8 44 42
45 37 53
50 64 26
46 4 28
28 8 41
20 15 75
32 99 78
22 89 28
55 33 4
64 52 14
0 83 51
0 81 47
36 61 83
22 53 87
37 9 59
1 55 3
72 33 36
89 70 21
57 25 83
34 32 10
58 96 10
11 64 38
17 73 91
32 44 38
12 39 61
18 56 74
69 63 60
28 63 13
53 51 86
21 90 92
55 70 40
93 10 57
44 68 57
52 24 90
30 22 52
49 40 51
77 74 85
90 50 39
71 47 43
57 42 16
16 14 65
12 8 11
29 8 25
2 94 53
46 43 1
27 51 40
35 63 63
5 65 60
60 13 22
30 74 5
81 71 67
40 47 52
68 33 72
79 20 68
44 94 57
3 42 20
95 9 24
60 2 21
50 69 73
54 15 97
13 82 67
30 55 74
32 66 97
97 44 6
52 17 13
26 76 78
15 64 66
40 23 88
23 29 65
52 53 74
35 78 55
81 25 87
91 87 37
2 15 30
68 34 89
37 4 72
71 76 21
54 76 49
96 49 14
14 30 10
73 76 53
84 29 72
53 29 94
9 50 52
14 78 32
6 73 70
75 6 81
58 69 28
96 16 81
21 37 66
78 62 36
45 67 2
95 13 77
58 63 45
46 32 85
21 4 55
33 92 39
39 28 23
50 28 54
4 25 58
35 63 27
77 63 73
18 90 69
79 28 6
32 90 78
6 22 77
16 37 54
23 40 82
34 91 7
30 71 78
98 46 7
49 39 1
76 96 8
47 99 54
38 6 41
22 26 22
11 28 84
91 89 94
93 5 73
71 35 61
42 6 9
27 31 30
53 1 93
97 9 8
97 39 50
13 15 78
69 52 81
89 28 95
79 61 4
34 84 88
2 78 100
42 38 82
76 60 1
82 44 34
83 81 54
3 55 90
18 91 73
81 67 90
88 34 100
21 38 74
47 91 37
47 41 21
88 60 6
27 35 59
0 82 7
51 18 67
43 30 35
38 60 90
42 89 36
71 48 9
79 0 69
34 46 94
67 66 45
42 10 20
67 56 66
64 94 10
52 7 73
90 24 1
58 84 74
19 22 80
67 98 46
4 48 7
96 92 63
37 3 21
10 0 82
44 4 80
96 24 47
82 80 30
68 69 45
95 90 81
91 35 8
27 77 2
84 57 96
28 17 85
97 29 9
2 75 39
41 40 72
43 39 51
75 59 84
23 2 79
87 75 45
36 85 93
63 58 36
64 82 26
77 11 34
66 30 57
83 46 43
50 53 24
44 25 96
53 68 1
49 8 83
18 44 37
35 84 4
68 44 75
29 83 98
14 68 31
50 8 97
48 78 62
27 99 62
29 33 34
28 83 2
5 31 44
33 96 65
60 74 60
33 32 79
81 22 47
71 2 81
71 32 59
53 16 34
35 47 35
24 26 77
30 26 6
11 89 99
93 10 24
4 79 12
75 67 43
18 63 94
40 21 75
42 96 88
14 21 61
83 9 23
55 8 16
83 95 95
11 62 10
64 91 56
46 9 3
44 75 20
10 37 78
70 74 51
15 18 87
88 89 13
82 48 94
54 9 84
61 91 28
59 97 6
13 35 35
3 46 27
16 19 84
46 13 86
72 85 17
98 15 62
9 47 42
60 95 99
79 95 65
52 35 65
44 54 30
67 21 30
5 65 19
0 84 26
12 40 56
65 34 97
3 65 7
24 26 84
22 69 79
42 36 68
30 32 59
21 75 29
45 6 54
46 53 18
15 30 7
52 75 80
74 75 36
76 23 80
89 78 9
50 22 58
0 53 93
49 68 33
10 17 72
43 85 28
24 35 85
92 86 62
80 87 20
63 54 94
55 92 52
11 61 26
35 75 63
13 17 71
89 91 84
15 87 37
33 98 24
41 8 88
94 86 15
22 29 33
69 89 69
90 63 100
32 94 93
89 77 30
58 19 71
24 73 95
25 1 38
33 90 16
99 33 97
69 38 79
61 51 93
7 64 19
16 83 62
82 2 35
52 95 2
44 22 22
41 44 58
2 30 14
58 29 34
23 38 37
50 92 63
67 18 56
97 32 37
69 53 53
56 95 9
64 76 53
13 89 28
4 99 3
71 11 12
47 77 4
50 48 93
13 57 57
69 83 82
12 35 28
47 76 100
92 38 45
34 33 33
13 18 33
22 66 48
66 31 55
0 77 38
56 7 48
1 35 31
52 89 18
95 31 68
51 99 21
72 18 4
46 50 32
83 52 13
98 84 74
45 85 15
48 52 19
59 64 76
63 12 69
5 41 74
51 6 28
83 99 36
96 31 40
32 69 47
85 39 59
9 6 67
41 26 54
13 60 37
78 41 5
93 71 58
26 78 87
48 90 97
54 59 93
42 92 30
83 86 52
45 77 19
47 40 50
77 27 6
75 95 80
54 18 46
1 65 62
5 35 76
32 46 54
52 47 90
93 25 52
4 21 81
4 28 83
87 5 40
11 28 72
34 29 64
62 46 29
60 49 11
84 13 96
45 51 59
68 10 35
49 95 17
16 85 92
49 50 87
69 11 82
73 60 44
90 94 84
98 7 73
56 89 13
6 5 25
17 77 14
39 87 22
50 93 24
8 18 4
98 57 46
66 31 47
93 29 41
7 61 58
84 88 29
2 66 78
14 99 75
28 92 64
13 43 90
56 10 58
57 65 57
4 46 36
80 70 84
4 77 30
89 85 88
27 90 39
72 82 41
72 74 22
66 90 75
69 66 86
91 60 64
3 99 97
67 59 75
36 38 9
72 76 23
8 25 95
62 71 34
90 25 94
87 22 8
68 63 92
19 63 56
45 17 38
43 37 22
26 61 39
62 57 41
93 48 43
6 94 16
83 37 57
24 6 71
25 67 51
12 40 76
71 1 21
55 91 17
50 98 21
70 94 27
48 39 40
23 80 70
17 82 14
52 17 22
89 62 73
45 66 74
48 15 62
62 52 66
74 30 4
40 44 10
57 68 44
48 18 45
2 42 93
60 13 75
92 77 53
41 72 23
2 39 41
10 92 54
31 55 93
65 85 24
83 13 72
86 60 56
43 78 85
58 75 79
39 7 50
51 19 12
33 42 22
12 75 5
89 11 92
24 63 1
15 65 81
15 56 37
26 75 74
25 1 35
51 11 4
25 51 48
29 75 2
47 45 70
9 15 100
5 1 83
25 40 33
14 36 69
93 94 66
41 14 99
69 46 43
34 59 66
28 14 63
2 96 12
31 26 69
55 22 51
1 75 17
19 78 52
48 42 80
38 55 16
2 95 83
27 32 85
74 30 84
22 55 57
80 57 87
82 55 57
22 76 68
80 14 53
25 17 43
11 54 34
22 47 77
6 48 82
37 39 34
76 16 28
38 84 63
97 49 70
28 64 96
12 47 56
6 8 45
17 68 34
23 25 40
83 57 33
12 78 38
20 90 16
68 72 17
34 35 46
31 58 71
30 47 60
92 95 11
63 14 34
22 5 43
98 52 87
68 11 30
2 8 77
74 63 44
51 16 61
33 85 98
61 72 67
71 47 31
68 90 86
36 11 79
38 11 14
3 73 27
73 52 100
34 62 77
99 10 35
0 53 31
52 18 15
50 60 36
43 45 70
63 13 22
29 86 69
22 97 36
16 90 48
98 78 60
23 88 45
17 58 63
41 36 79
39 12 26
87 50 92
25 70 41
91 7 30
63 83 44
6 85 12
41 6 1
32 23 15
42 21 52
44 63 42
85 28 91
48 61 82
21 55 79
72 1 18
54 16 38
68 74 38
35 85 23
92 77 5
23 43 64
48 53 95
87 3 24
29 89 90
13 96 45
20 97 59
30 57 100
74 68 54
28 42 96
95 66 55
92 34 86
31 50 35
22 9 90
29 61 43
67 88 75
6 19 49
88 85 81
43 65 36
83 44 60
92 1 33
97 23 61
26 62 10
91 2 91
41 18 66
66 70 34
1 23 74
30 45 57
31 17 98
33 67 40
56 64 16
35 29 55
85 66 93
3 6 16
98 7 15
75 77 69
69 77 45
41 62 37
46 2 44
32 73 32
30 36 18
3 51 32
38 85 40
26 48 39
17 45 32
18 63 98
96 42 85
49 80 20
29 71 44
64 71 63
71 26 85
78 79 73
17 80 92
39 60 92
67 88 59
9 72 55
34 35 100
32 94 86
25 74 47
57 80 89
59 33 46
43 77 18
54 0 2
23 39 61
58 23 53
46 14 12
14 41 3
92 64 34
40 99 78
29 53 91
13 88 84
20 57 14
76 52 68
49 94 16
26 55 20
48 34 23
1 92 38
3 26 68
0 71 86
89 86 34
90 28 67
25 84 64
67 24 36
16 52 5
96 8 95
25 61 72
55 66 42
51 93 14
88 9 13
33 89 39
85 98 86
37 52 89
2 7 73
93 0 14
51 86 48
6 57 66
54 40 40
60 52 73
53 34 71
74 83 96
57 39 2
87 30 19
10 36 5
11 20 37
52 87 84
69 4 34
76 84 24
58 72 19
82 55 67
87 65 38
93 25 81
70 11 1
88 31 29
44 14 60
43 16 4
97 20 40
19 54 91
41 68 51
19 91 27
89 15 21
13 16 63
99 79 42
91 78 98
36 62 71
84 51 89
26 45 30
94 70 76
20 60 98
81 20 50
86 80 86
65 28 39
41 70 14
25 36 13
5 19 49
72 60 28
60 92 18
34 9 2
20 28 89
54 31 27
72 41 74
25 28 41
83 4 98
98 95 67
17 27 9
75 53 51
76 79 34
55 58 71
97 86 96
47 65 100
84 86 19
43 98 61
48 87 32
7 63 17
81 87 3
0 27 6
45 85 78
27 94 69
21 1 44
24 53 64
6 36 64
91 93 88
23 49 80
83 85 20
1 26 28
7 30 27
75 62 5
4 58 16
24 44 26
31 21 40
12 28 27
81 5 97
30 33 32
77 4 29
59 39 62
99 85 80
10 2 17
40 16 7
49 71 43
30 46 4
12 67 83
59 78 38
77 44 6
74 14 69
44 65 66
97 96 76
23 78 57
84 81 88
31 65 66
65 72 48
21 83 89
52 38 56
4 73 29
52 18 25
16 60 83
47 90 44
26 58 3
73 98 92
15 93 100
41 74 15
2 47 90
21 25 95
48 61 20
93 66 2
53 69 1
52 2 99
91 59 100
69 48 51
99 44 2
65 9 93
24 4 86
98 19 8
79 14 16
36 0 21
42 5 42
40 4 86
60 33 76
3 34 51
86 72 77
19 52 84
52 55 8
82 24 48
15 67 90
90 85 21
17 43 73
53 27 18
35 21 46
1 31 17
52 15 17
32 84 60
59 38 76
83 58 22
59 55 21
94 32 9
65 22 17
1 2 14
87 88 66
44 95 83
66 30 14
15 47 46
67 69 52
4 33 80
3 20 91
49 47 9
24 11 12
90 36 37
57 9 42
93 70 1
73 99 30
61 65 91
77 88 50
20 84 88
11 15 54
47 34 63
3 85 9
47 35 47
98 1 56
25 72 90
18 35 85
93 48 78
3 92 84
75 63 75
61 20 54
23 16 96
34 38 42
33 90 93
4 36 62
71 80 13
37 67 2
93 6 5
46 98 22
94 6 74
56 16 47
67 58 40
28 3 61
4 91 73
23 32 61
53 4 32
32 92 19
55 25 75
23 83 61
93 62 85
67 88 86
88 84 37
11 18 17
3 17 53
49 19 79
18 25 75
21 85 12
1 52 41
63 52 100
64 62 80
70 55 65
11 27 40
91 81 53
96 37 33
17 39 11
35 59 99
95 21 31
77 15 53
1 52 1
89 7 78
94 73 33
37 77 31
15 42 97
42 73 52
11 82 65
87 89 64
65 76 100
85 14 53
46 32 16
92 32 88
89 5 79
26 74 29
73 4 2
57 31 92
2 3 86
51 17 5
8 9 29
4 32 67
58 73 10
38 27 63
5 21 87
0 41 13
98 36 79
92 13 41
99 91 53
71 93 5
87 65 16
84 78 80
24 65 66
44 94 99
39 85 61
61 55 51
31 28 50
55 50 78
38 82 44
40 10 35
55 35 66
30 85 64
27 28 37
4 39 21
43 55 73
86 4 71
9 67 68
40 61 79
15 71 32
8 81 15
9 53 45
49 60 26
88 5 37
1 43 42
38 99 43
6 92 39
64 16 46
91 10 15
47 57 96
13 41 100
15 70 46
8 71 17
98 38 13
41 67 28
26 84 58
1 63 34
84 76 6
2 94 38
20 85 53
48 81 84
17 95 13
83 21 36
14 61 56
39 4 48
7 75 29
10 28 41
2 14 50
88 90 44
60 6 81
96 48 38
92 34 45
75 78 71
73 22 56
24 11 14
22 7 14
52 98 20
99 0 100
94 77 52
11 16 4
46 89 27
72 10 87
29 60 91
56 53 23
97 30 77
46 56 87
2 36 31
43 82 26
51 31 67
12 56 71
76 34 90
56 53 84
51 76 2
14 33 15
37 79 42
5 66 100
43 82 59
80 37 41
43 4 72
61 80 34
20 53 65
7 54 99
52 29 79
57 97 3
15 80 28
84 85 71
65 48 76
7 64 83
26 97 48
2 58 73
82 60 14
49 64 77
83 48 20
7 5 4
50 84 75
79 13 3
97 17 86
83 81 95
93 69 17
33 18 37
5 26 59
2 89 6
11 71 63
0 26 34
59 30 77
79 76 86
1 26 45
92 74 92
30 99 67
51 89 20
95 19 76
10 74 13
50 49 19
27 72 38
98 53 81
13 38 89
73 0 60
12 91 72
85 31 72
0 36 34
87 41 88
53 92 21
40 44 36
18 92 64
32 86 74
71 72 18
72 11 40
43 52 9
76 87 10
73 62 16
94 72 10
35 48 2
82 5 64
15 36 16
63 61 20
90 73 69
87 34 23
38 90 43
65 2 28
34 53 5
58 84 38
23 42 30
15 4 60
9 92 75
37 25 39
15 2 26
81 14 31
49 79 50
33 46 80
7 36 37
10 56 46
86 25 87
37 27 37
81 2 35
7 45 43
12 78 40
61 75 8
98 15 100
9 73 67
79 57 36
25 37 89
78 9 31
31 72 76
64 31 33
29 70 2
98 14 69
22 3 21
93 77 65
71 62 27
36 12 53
51 57 94
37 6 93
20 79 39
46 95 59
91 81 28
25 77 36
86 33 22
73 75 75
2 63 21
43 7 29
22 57 35
2 58 36
6 48 30
85 6 9
50 79 70
48 75 59
59 68 42
35 14 68
70 95 88
56 94 79
91 76 19
67 93 74
76 41 71
9 11 34
60 97 25
45 37 87
27 89 93
23 76 62
82 60 78
67 18 52
24 67 13
24 67 18
0 95 61
85 27 92
0 74 96
46 84 75
63 57 23
95 6 35
74 1 74
29 80 55
41 87 32
18 24 21
41 19 28
20 61 26
64 23 64
21 15 36
58 68 79
3 52 36
79 37 65
61 82 65
52 77 12
13 58 23
64 72 1
30 55 89
13 67 64
67 55 58
88 3 44
17 60 68
21 78 60
22 5 19
35 27 88
88 97 53
30 21 8
53 20 54
63 66 46
52 50 18
34 27 68
79 15 55
83 57 54
95 20 52
18 84 27
20 2 30
6 74 43
6 87 14
52 17 72
75 35 66
74 40 36
2 87 92
61 63 13
1 84 59
4 0 39
11 24 38
5 34 39
93 83 81
98 58 59
13 20 11
3 80 44
4 6 95
48 66 78
72 58 24
73 0 83
39 38 60
17 49 98
67 97 74
32 36 74
87 29 74
41 76 89
14 37 58
79 64 43
49 45 37
63 24 83
84 95 43
73 96 81
44 12 12
12 15 87
83 24 29
97 2 7
9 55 43
39 83 31
47 30 8
6 93 62
99 15 92
30 49 61
30 86 92
56 82 15
51 73 76
39 45 19
52 43 2
3 70 31
50 15 28
71 74 72
70 13 28
2 48 16
57 59 98
36 20 4
65 19 66
88 17 46
95 0 98
17 31 90
37 6 12
70 13 39
3 37 23
15 14 85
51 2 95
5 8 32
85 99 100
35 64 68
9 91 53
48 63 68
27 56 15
19 81 28
69 85 78
27 55 35
88 73 54
63 36 91
37 66 74
98 53 20
9 27 52
77 26 57
34 77 8
41 31 78
52 34 58
74 22 87
75 24 72
85 61 88
54 91 7
19 44 75
37 34 100
4 14 12
12 33 38
95 33 68
50 67 69
7 71 25
83 65 16
51 76 97
44 33 10
96 89 1
10 13 71
89 96 58
56 72 75
43 44 79
57 15 77
62 13 75
87 28 45
2 79 21
80 54 2
78 25 73
0 3 88
77 22 63
5 7 9
42 56 7
48 1 66
52 98 59
67 11 9
8 60 82
39 42 43
92 40 77
1 60 41
80 60 1
5 63 70
5 79 48
3 64 33
27 23 35
83 71 59
66 19 56
59 87 16
82 64 19
69 10 24
89 97 4
4 63 20
94 32 86
92 45 89
49 68 41
48 49 69
11 83 87
50 51 100
11 93 45
11 42 54
35 86 12
16 54 49
41 59 82
27 82 85
44 22 3
44 23 83
71 46 82
86 35 23
30 38 44
13 8 91
21 86 46
92 42 23
68 95 4
21 41 44
45 5 72
38 23 5
73 41 45
65 24 85
2 32 30
8 23 68
2 11 99
70 0 87
98 15 22
79 87 4
99 87 99
9 34 43
69 41 38
38 7 10
84 91 7
99 3 33
78 31 12
83 65 17
52 71 67
51 61 12
60 89 60
40 9 90
85 3 48
37 77 18
46 14 35
88 71 97
97 79 39
36 21 32
23 21 81
76 68 98
56 95 4
69 45 94
30 21 25
66 69 7
3 73 36
75 44 32
6 42 8
4 1 44
74 25 17
99 52 73
95 31 68
55 2 42
32 95 22
56 39 50
4 56 12
58 8 94
52 93 91
85 17 80
28 76 58
47 50 25
98 92 27
15 37 96
61 36 5
41 10 100
71 34 13
49 87 67
43 76 61
4 48 30
30 73 65
35 55 12
15 47 41
76 22 6
25 22 76
3 20 29
79 27 28
40 23 90
70 57 25
26 82 52
66 98 67
7 83 67
71 23 6
27 98 40
91 5 79
36 48 68
32 85 42
11 62 69
13 37 26
63 12 50
85 99 98
83 5 31
10 11 82
77 1 63
69 70 60
45 2 37
37 36 29
71 56 100
78 40 57
64 68 88
21 90 72
33 53 88
71 37 27
43 39 62
63 98 48
21 58 68
62 0 55
8 44 41
83 51 91
9 2 39
10 14 52
79 46 25
67 78 9
63 20 90
44 68 80
83 85 97
20 84 39
24 69 38
9 34 94
87 84 12
1 19 57
28 94 30
40 37 39
86 70 95
95 53 32
97 14 41
46 81 30
57 46 44
80 32 76
26 79 77
99 53 90
30 57 29
34 69 32
35 93 26
48 81 50
7 66 73
7 82 55
31 69 94
75 53 39
84 85 61
41 84 91
91 48 13
55 52 11
26 1 4
51 15 45
7 40 92
24 2 39
65 98 95
3 4 8
19 56 51
80 56 19
21 79 59
0 48 67
19 3 5
49 52 22
22 82 55
73 30 74
19 35 85
74 69 29
62 27 17
8 73 8
74 56 7
81 89 77
56 99 29
85 91 11
58 69 17
19 40 76
34 48 55
51 36 98
18 64 16
87 20 13
47 91 19
13 39 25
48 49 18
50 29 45
59 62 78
54 37 92
86 20 70
71 3 66
49 92 28
38 43 8
52 91 75
19 76 59
37 32 41
85 26 43
96 71 70
60 83 90
27 61 98
6 86 18
82 25 71
90 29 21
79 12 84
22 18 97
35 90 7
24 92 59
57 55 79
28 88 24
93 28 32
41 3 91
37 74 93
16 64 81
13 24 27
76 18 77
49 1 90
71 12 59
61 83 16
30 99 66
19 13 70
69 60 33
45 8 47
2 13 38
79 98 86
63 23 65
36 29 81
11 60 68
66 37 51
9 7 72
83 31 69
77 50 76
48 38 96
4 73 86
31 36 63
66 50 2
76 80 99
29 42 54
78 55 5
85 75 36
34 25 83
73 86 72
57 79 21
70 36 66
31 1 7
10 99 20
37 33 66
35 17 22
44 61 100
2 58 22
85 12 46
80 97 75
23 37 57
20 61 79
97 23 13
8 53 48
23 82 9
48 45 32
12 14 5
66 67 69
36 0 16
69 10 98
97 50 38
79 10 88
6 12 95
68 56 83
19 52 83
30 82 35
82 39 11
93 0 34
94 70 56
14 2 65
1 20 95
88 41 59
97 38 55
73 32 85
27 95 49
70 65 72
43 84 27
54 35 58
76 38 26
57 16 98
45 69 38
83 71 27
55 14 55
12 80 92
45 94 66
37 58 54
52 60 76
53 75 13
60 83 54
69 88 41
25 33 85
10 83 73
42 6 84
64 16 72
21 32 40
11 46 92
83 96 31
67 17 58
75 2 17
10 71 31
83 90 76
33 24 82
6 41 74
91 1 68
91 88 85
97 47 78
71 74 87
0 51 51
79 60 85
84 92 76
89 88 22
94 50 62
47 31 8
36 41 75
25 59 16
22 50 99
85 50 19
32 8 97
45 90 79
10 24 37
58 42 57
45 84 98
74 2 20
47 37 87
94 13 40
81 33 64
38 39 50
81 60 62
95 65 6
3 33 53
5 21 41
15 3 41
46 48 81
75 72 71
17 15 93
97 27 14
40 68 34
52 35 47
77 60 58
39 21 78
23 52 27
4 13 54
26 36 57
4 18 14
44 84 76
55 62 44
45 57 1
24 31 50
26 65 51
81 33 7
5 0 76
80 46 56
86 77 4
50 81 88
9 7 54
80 22 75
78 86 71
36 46 89
59 2 20
18 65 53
24 21 13
32 50 32
55 49 18
18 19 39
27 59 51
89 66 96
82 28 95
22 44 88
33 8 2
87 54 78
7 99 66
41 27 98
40 57 37
99 20 10
49 40 52
39 24 45
29 76 70
18 71 25
12 33 85
62 55 99
