19 30 54
53 54 73
33 78 42
73 46 36
32 48 97
62 44 80
33 0 64
40 23 55
99 34 1
82 99 32
1 73 39
75 89 68
34 23 84
85 49 74
87 10 49
0 54 59
19 96 72
45 21 72
55 43 98
51 2 14
23 19 52
95 82 79
39 33 4
87 45 34
50 27 32
83 5 74
25 31 7
80 22 65
50 4 70
94 36 4
8 35 35
63 57 97
20 32 20
71 60 17
84 33 40
51 93 97
3 53 71
78 92 28
92 21 13
25 85 37
83 7 1
32 52 20
50 85 45
23 93 69
61 25 28
65 78 85
31 86 31
87 72 99
26 96 92
60 1 10
88 16 60
22 28 73
17 88 76
65 41 44
89 73 35
76 47 54
40 26 72
56 94 87
12 43 57
47 45 22
99 4 42
70 52 42
94 67 87
72 83 53
96 15 83
2 3 61
22 74 1
46 34 73
75 32 6
65 77 2
27 75 73
82 89 3
57 3 53
40 13 53
46 66 46
68 18 100
89 81 76
51 52 33
25 16 63
88 28 70
30 6 62
51 67 60
87 1 80
69 31 53
12 88 86
80 19 83
3 75 99
63 64 62
71 90 66
14 90 64
46 55 26
83 65 57
54 71 34
49 86 100
71 78 10
7 69 88
3 55 57
32 58 65
73 38 88
42 99 84
38 37 65
15 98 90
92 28 90
14 65 90
11 28 70
7 61 73
82 25 71
92 24 55
14 82 100
73 25 42
50 57 16
75 63 96
10 95 55
69 79 64
50 53 72
70 2 76
53 21 66
56 29 64
52 8 36
52 33 20
69 43 6
16 15 49
24 50 42
57 85 98
92 15 75
69 83 18
69 71 63
13 52 98
12 97 72
62 85 11
4 75 51
99 1 2
25 21 15
9 10 83
82 87 22
77 96 64
15 29 8
65 22 98
2 91 77
36 35 86
8 37 67
62 85 52
2 42 90
28 54 33
66 40 58
99 80 10
44 12 99
97 64 8
43 76 57
95 81 18
6 59 89
20 97 13
53 50 85
29 23 25
46 83 73
53 89 98
30 16 16
95 40 84
51 47 100
11 1 34
42 60 90
86 49 4
21 92 12
15 10 46
95 2 49
41 17 55
88 61 8
97 75 71
34 13 35
39 52 30
93 29 76
12 55 54
75 39 77
35 42 48
2 34 90
25 43 40
49 16 37
8 39 62
79 98 13
36 43 76
96 94 45
6 41 4
98 8 76
80 88 18
91 11 87
60 45 91
44 32 67
97 58 49
66 11 5
55 61 26
35 17 74
59 11 42
64 60 81
3 15 25
60 89 91
61 71 100
51 68 74
58 79 11
6 87 50
7 44 61
18 10 59
70 82 20
45 49 40
10 62 80
56 22 21
52 58 23
76 40 33
31 61 47
94 11 88
32 82 91
50 22 39
56 31 4
50 47 59
91 95 79
80 74 59
47 57 39
51 30 48
94 98 93
9 11 60
52 54 40
90 63 19
48 74 48
24 19 88
78 94 84
75 53 47
90 22 54
90 78 95
37 70 33
18 50 39
15 27 61
15 4 86
19 44 56
9 3 88
45 60 17
58 85 5
29 3 3
6 43 36
89 43 88
22 24 57
34 97 64
94 85 39
12 0 66
25 99 25
19 61 9
8 82 6
52 81 60
52 93 48
26 68 40
89 43 40
9 65 4
5 46 44
62 63 14
89 61 65
16 26 98
13 65 70
79 43 69
3 33 51
42 25 63
31 92 44
80 60 48
53 99 82
10 2 46
65 50 61
66 77 73
20 53 90
42 20 94
23 69 42
70 98 26
29 28 23
21 98 4
79 87 26
26 72 77
39 29 8
73 78 22
51 77 44
91 77 68
52 2 80
16 93 84
18 70 6
98 96 93
83 10 9
90 14 39
6 17 16
35 87 97
45 47 82
58 24 9
55 4 92
34 49 33
39 7 48
83 33 38
36 7 7
90 26 42
15 88 65
71 87 42
45 47 29
24 75 58
40 13 58
90 93 85
96 14 88
72 78 31
64 7 71
79 94 61
16 25 66
38 50 12
48 45 39
8 14 1
19 63 99
14 98 17
32 45 57
36 11 42
77 15 88
13 69 10
56 53 6
98 93 37
14 83 5
52 53 92
15 52 11
74 68 27
11 30 7
84 81 56
79 66 51
33 10 26
22 54 47
54 11 50
86 37 66
43 85 81
40 56 15
73 81 71
0 98 61
15 43 85
43 65 83
75 40 80
10 56 73
38 13 45
40 45 82
21 74 20
60 91 19
32 63 96
72 19 16
28 89 36
12 90 82
12 22 65
58 49 59
25 52 26
21 36 59
75 45 79
86 7 69
24 70 39
47 29 3
69 12 15
90 91 21
34 43 10
25 14 39
64 86 27
81 74 15
40 83 39
85 58 38
90 47 64
10 91 50
80 75 85
81 66 64
70 99 100
66 68 40
71 39 28
43 4 37
91 79 43
90 42 77
77 45 67
63 73 42
33 61 21
41 91 25
18 36 26
17 82 67
81 26 34
9 35 37
14 21 44
93 37 31
52 11 30
73 49 58
92 19 16
8 69 2
72 86 42
21 71 36
43 34 61
80 39 20
79 77 99
43 1 73
45 65 97
72 35 52
45 13 31
19 99 17
90 13 6
91 56 95
36 48 58
83 37 87
21 35 9
98 93 27
87 64 28
10 12 27
90 19 45
54 89 16
9 47 48
49 60 28
13 55 94
44 97 61
72 32 73
16 72 29
7 3 24
80 13 1
30 98 17
90 31 22
7 2 50
17 29 49
95 97 3
17 6 76
19 50 53
78 58 55
30 50 76
42 22 79
77 61 71
98 62 29
18 55 32
68 80 37
24 63 8
70 85 99
69 86 43
92 31 49
5 89 92
52 81 71
68 76 27
60 23 93
76 36 50
33 89 2
14 46 17
18 20 47
72 35 13
44 11 52
91 33 29
65 21 12
27 15 66
78 96 46
17 31 14
35 8 55
66 1 50
2 92 49
94 69 47
81 63 7
57 39 35
42 87 11
68 86 36
63 57 83
99 76 6
56 26 73
79 73 61
84 44 22
53 57 70
50 47 3
29 42 67
47 14 96
30 8 76
85 18 64
48 82 32
49 38 31
23 39 42
85 9 35
68 78 4
62 13 48
64 95 7
42 8 24
4 43 78
95 6 25
47 49 59
68 44 52
8 77 24
22 60 64
88 39 4
5 29 83
86 2 56
85 83 6
43 76 33
32 16 100
38 40 56
41 15 63
99 68 41
65 83 39
79 35 74
51 9 39
8 34 76
32 62 39
39 56 1
53 2 61
12 96 43
28 54 19
78 72 12
11 30 44
10 42 90
32 36 99
40 33 77
34 62 77
24 79 59
11 48 19
4 24 79
26 80 92
93 73 49
28 0 97
6 93 85
31 63 50
84 99 68
0 69 74
8 45 78
14 3 65
50 60 61
75 13 4
16 23 75
30 28 15
83 89 87
36 92 39
57 21 63
59 65 9
86 29 64
80 95 47
9 7 96
91 78 82
45 54 44
6 37 2
89 86 64
47 39 73
96 46 3
42 22 31
22 27 36
36 93 59
95 70 46
1 14 37
51 78 75
20 51 95
71 9 69
17 90 26
96 30 5
86 9 17
98 88 88
45 59 79
34 63 91
99 13 73
77 20 94
61 7 77
64 12 27
75 85 18
50 27 73
44 79 9
51 32 74
87 5 9
25 84 1
7 48 31
30 70 1
97 64 56
45 18 27
61 73 94
44 3 36
56 27 91
35 52 2
62 51 20
45 16 63
41 98 24
61 27 60
49 51 2
21 74 48
36 94 82
85 97 38
94 85 81
79 33 27
45 39 87
19 77 14
87 77 72
99 14 58
81 66 18
2 46 78
73 72 57
23 34 59
16 95 47
70 55 46
77 59 45
70 68 29
1 43 14
96 65 47
98 18 40
42 84 12
60 45 29
26 39 54
20 4 19
65 27 19
93 35 39
29 19 52
0 53 22
69 15 71
51 64 58
87 34 52
70 12 29
41 26 16
15 42 44
7 53 69
57 23 63
36 10 31
44 99 52
15 39 38
28 35 14
93 8 4
61 65 88
73 24 19
37 71 66
89 78 65
78 9 22
50 5 98
23 25 86
89 79 39
14 77 72
80 23 59
58 52 78
54 5 100
58 83 58
6 13 5
86 98 72
30 66 99
55 54 7
84 98 51
58 0 92
37 0 25
3 7 20
49 89 23
64 12 5
0 55 63
93 23 93
67 4 98
27 40 56
5 31 74
63 86 70
93 54 39
66 79 20
79 14 59
15 30 29
62 52 96
1 73 42
84 83 49
64 71 30
37 30 93
42 27 3
30 52 42
0 88 99
99 29 9
88 96 49
56 88 31
17 48 28
25 52 51
69 82 52
42 65 27
33 54 46
92 3 93
40 49 7
12 90 6
74 77 18
38 66 56
65 59 16
75 7 36
68 14 8
92 26 8
51 68 62
37 50 88
17 33 23
4 54 53
62 0 24
57 68 14
94 57 64
10 79 12
59 9 41
14 10 82
80 27 32
39 21 48
49 30 84
85 29 27
40 98 34
96 71 63
47 48 22
46 26 68
63 19 36
37 66 64
7 26 54
1 33 58
9 12 25
57 70 72
32 12 46
83 74 28
14 6 62
73 49 33
15 61 19
17 49 31
34 33 9
61 77 81
53 9 43
23 52 65
46 93 91
2 97 56
24 15 51
97 0 8
81 97 48
49 80 20
28 2 21
84 13 52
54 82 89
53 6 65
69 6 4
53 99 26
29 66 45
80 44 66
7 49 71
63 21 44
20 26 77
27 59 26
93 55 55
44 16 65
0 15 75
92 68 45
95 99 57
1 94 86
4 52 67
25 91 30
90 54 65
26 97 76
91 79 90
94 27 50
63 10 42
5 60 14
39 38 87
29 66 48
65 3 58
24 73 7
41 4 39
50 18 48
15 17 46
54 68 73
19 32 16
51 20 22
51 38 3
79 72 64
20 92 7
73 41 75
44 20 56
86 41 13
64 41 24
49 24 95
16 71 89
38 55 35
67 58 87
18 98 87
41 85 73
28 68 40
21 52 52
9 25 7
56 64 20
80 10 69
44 19 83
83 14 88
29 14 85
34 74 88
60 3 5
70 80 62
11 90 89
43 55 28
84 22 30
79 38 50
46 42 4
17 47 44
90 54 84
16 51 8
33 97 86
42 90 79
35 67 60
40 74 64
68 83 25
60 43 6
66 68 57
49 67 45
27 79 77
72 4 90
80 4 57
80 77 94
60 86 59
14 75 64
4 19 55
94 8 10
48 58 3
20 76 39
96 45 70
35 99 68
52 20 65
14 3 17
43 12 96
85 15 80
72 76 83
27 25 79
64 77 82
2 36 79
62 16 96
19 46 7
0 53 32
78 29 38
4 45 86
49 57 28
16 22 99
79 15 60
41 50 73
87 64 54
98 16 51
68 63 9
89 10 24
13 81 31
97 12 71
67 93 58
64 61 13
55 80 85
85 40 15
99 5 17
41 26 18
28 68 78
81 53 68
61 0 44
35 56 77
48 23 62
36 77 95
66 24 62
30 63 63
16 20 57
46 88 68
39 61 69
24 55 48
78 95 22
51 35 44
41 96 25
11 85 82
92 61 55
63 53 50
96 87 22
11 58 24
71 43 63
61 50 43
15 23 23
10 24 24
5 30 53
55 41 1
45 38 71
75 50 62
78 81 36
16 62 96
51 93 21
21 9 12
73 86 13
48 38 56
63 33 19
72 2 5
51 67 48
93 79 75
30 82 15
37 16 37
7 76 19
62 55 4
18 73 42
20 30 80
17 99 56
9 8 74
98 52 23
46 77 68
39 84 17
11 46 7
82 21 85
35 69 61
74 80 11
16 27 65
74 63 65
45 62 36
53 89 85
9 53 78
88 16 28
3 19 76
17 83 20
33 90 57
83 23 47
57 3 70
78 64 57
35 90 2
34 28 58
53 13 36
96 95 34
74 12 71
37 5 82
48 83 99
27 49 95
61 59 25
13 2 40
54 14 79
59 80 82
91 56 16
17 85 18
77 95 61
41 44 60
23 54 85
57 80 76
84 21 35
92 25 51
12 11 42
60 20 31
71 24 25
90 20 4
6 59 31
40 79 99
82 38 55
40 56 79
34 36 40
2 17 61
11 20 90
76 26 58
52 25 36
46 81 79
15 20 92
14 94 69
78 61 72
91 13 25
75 96 30
36 79 2
53 27 87
43 63 72
28 75 92
51 18 62
56 33 21
87 27 2
73 19 74
97 55 83
25 94 83
95 86 94
19 80 39
40 29 48
51 48 61
12 13 19
82 55 48
93 23 55
83 70 27
98 31 84
59 23 70
6 13 94
35 51 92
33 58 38
74 89 87
89 13 26
53 32 94
23 4 22
25 82 35
32 27 96
6 53 75
57 38 29
71 79 15
73 31 81
58 48 28
99 22 90
67 93 69
19 21 62
17 6 46
82 9 15
2 28 30
47 88 81
59 13 23
85 83 61
46 0 36
85 83 53
73 42 2
21 93 75
1 48 32
19 7 9
57 76 9
44 27 50
70 57 46
92 17 67
2 0 96
68 12 36
16 93 100
42 65 26
19 14 44
63 49 25
81 38 70
52 87 8
32 22 90
76 69 70
76 95 26
54 71 90
64 67 99
79 23 49
72 67 86
23 80 9
62 18 8
91 59 28
81 74 20
50 46 64
62 91 36
86 65 92
73 8 8
7 93 69
56 59 80
36 83 75
18 25 82
28 19 17
57 50 75
45 42 98
4 98 79
73 10 11
73 57 99
88 9 17
66 70 59
72 54 76
33 7 12
25 71 52
14 97 96
23 98 69
85 28 5
34 7 91
25 58 18
51 18 3
46 22 92
39 29 35
88 53 3
34 2 44
27 37 32
33 83 83
30 31 28
62 70 92
14 51 42
56 66 58
56 14 51
40 82 18
27 53 55
53 24 35
63 1 43
8 56 46
40 81 46
18 48 24
77 44 80
8 84 84
0 7 34
26 29 9
74 10 66
45 20 13
90 96 32
58 11 96
65 64 67
10 3 58
37 71 31
42 86 9
64 38 46
98 32 98
98 32 76
13 73 95
77 62 24
64 28 54
54 55 77
90 28 51
12 28 78
67 20 53
83 77 61
3 35 82
46 13 88
69 93 58
26 37 63
97 8 39
8 12 61
74 39 18
92 9 29
64 84 67
1 83 43
45 44 58
78 57 36
62 82 8
16 76 50
73 43 5
46 61 46
78 64 40
74 42 5
82 12 64
31 60 64
38 19 58
61 52 74
57 31 98
68 81 58
69 57 48
59 5 84
31 97 40
70 98 48
40 69 12
38 98 14
89 10 59
89 24 94
12 24 65
41 18 7
0 74 97
66 85 64
77 48 31
27 3 89
60 20 49
42 4 22
11 54 25
26 22 17
30 9 100
77 46 9
74 96 42
80 93 42
71 39 22
83 99 27
35 92 62
97 71 17
57 89 85
90 7 68
76 67 88
79 92 6
65 48 6
89 1 76
34 26 79
87 14 46
62 4 82
42 8 42
51 25 94
64 73 55
51 24 89
66 88 67
68 78 44
17 91 68
18 44 4
77 53 39
79 14 71
25 29 23
55 48 96
68 88 88
68 64 62
58 87 38
73 62 86
15 60 32
88 1 57
55 34 54
71 32 76
60 17 14
63 77 35
47 65 27
70 3 61
14 61 86
95 32 75
59 78 14
75 68 64
64 12 45
27 94 83
64 68 37
58 8 17
70 5 97
28 88 63
71 27 52
40 53 59
55 1 25
6 93 22
66 68 77
35 45 5
83 31 33
18 65 27
4 57 36
79 56 88
40 62 46
32 50 72
41 44 10
64 78 25
34 57 57
33 94 29
80 8 62
36 1 6
10 43 11
51 85 34
64 82 13
5 82 45
95 11 68
38 43 65
77 90 67
29 56 64
9 59 66
81 30 33
45 75 62
59 86 40
87 78 67
51 47 90
35 11 62
36 51 97
68 53 76
21 76 21
99 45 6
4 31 96
75 2 66
66 91 23
56 61 35
31 84 93
37 64 36
65 5 94
72 57 43
55 99 33
36 72 7
68 74 24
35 42 60
83 18 92
38 21 38
45 1 16
55 71 11
36 79 28
19 18 33
15 73 16
67 87 37
49 23 13
41 48 29
35 72 48
42 33 49
10 17 77
70 58 40
72 71 25
86 84 56
81 53 9
35 99 96
90 46 45
63 1 65
39 86 62
47 49 75
38 72 99
95 41 12
42 40 90
34 7 10
68 20 48
9 73 82
76 15 43
42 8 75
74 89 73
42 32 36
89 9 69
10 57 76
64 96 45
90 72 38
3 83 52
43 51 43
9 48 20
24 41 75
86 16 93
27 12 20
89 66 57
21 0 47
44 90 99
46 87 2
34 67 8
20 30 96
58 5 7
59 58 3
10 36 63
41 39 95
17 78 36
41 18 46
30 85 18
3 18 62
32 13 20
32 22 38
4 97 44
46 34 59
46 95 67
36 75 53
3 6 69
50 94 64
98 40 63
33 90 51
72 92 23
46 15 89
58 81 82
77 23 54
42 41 77
93 55 69
29 23 89
15 33 44
82 21 57
80 19 77
85 28 37
13 71 48
85 24 67
53 10 63
41 70 39
88 22 53
36 70 31
69 81 74
94 56 52
93 35 39
97 39 49
59 45 100
50 43 43
34 52 71
30 51 2
45 76 63
11 41 51
27 45 44
25 46 75
39 24 78
3 71 57
41 39 85
11 31 62
51 84 31
34 65 75
21 74 66
75 34 75
63 54 67
52 82 91
86 48 64
65 19 39
34 45 79
80 47 90
78 89 54
41 50 5
31 1 33
85 12 76
88 18 82
71 3 8
6 32 32
91 29 63
92 25 59
60 13 73
52 76 22
23 91 66
14 89 10
77 20 18
47 55 99
58 79 65
29 24 83
99 86 4
96 83 48
88 97 3
80 93 37
83 48 58
99 88 71
22 62 19
12 84 94
71 22 16
13 71 10
8 87 4
84 41 41
3 1 8
69 85 46
38 7 35
36 78 47
34 98 15
18 56 37
40 47 3
80 8 78
30 27 98
88 67 37
41 90 50
66 59 92
42 40 28
12 27 25
56 0 67
46 50 24
73 6 83
88 24 63
47 82 2
77 28 76
81 28 83
36 60 79
55 34 43
29 65 73
48 81 53
46 8 18
45 59 27
0 72 84
55 10 50
42 65 69
63 85 64
56 89 59
39 8 30
76 29 11
43 49 27
37 44 59
51 31 87
29 57 39
37 67 91
98 83 44
73 56 96
26 2 58
27 1 39
55 98 27
23 61 59
41 57 96
67 30 77
68 72 85
93 87 3
87 84 91
87 23 13
57 1 23
99 8 39
48 76 1
88 3 96
31 61 62
4 60 6
2 65 86
67 71 71
53 7 74
95 58 19
76 49 24
49 71 26
20 88 42
70 59 34
27 14 80
57 84 86
20 22 39
78 17 54
58 42 71
4 20 72
58 56 35
58 50 46
63 33 54
81 24 70
23 11 79
91 57 91
63 6 55
39 43 19
24 16 48
92 71 26
4 87 20
13 2 62
93 30 10
6 3 91
46 67 22
72 71 48
65 63 54
65 8 91
15 77 15
72 16 73
51 79 90
55 68 37
32 63 99
21 89 22
63 19 28
69 17 52
12 77 57
57 35 69
4 1 84
84 60 39
37 33 9
40 63 1
5 26 80
16 7 10
59 61 41
44 58 44
67 92 61
37 28 81
28 48 28
99 55 23
29 94 80
37 12 15
14 57 4
38 12 29
81 54 23
82 74 1
92 33 68
60 19 81
52 47 66
81 61 49
12 63 23
88 93 35
96 22 63
72 45 27
11 91 9
24 41 98
16 36 43
16 1 6
65 9 64
2 55 78
4 80 82
83 12 54
44 2 12
28 86 44
33 61 84
27 44 14
90 28 79
88 56 50
14 65 78
28 86 94
32 75 2
1 44 53
51 38 97
40 49 91
77 8 96
38 47 45
22 30 45
67 56 79
37 31 91
39 35 30
73 13 27
70 45 9
19 15 76
5 23 72
72 73 44
99 37 75
28 1 75
61 4 31
15 51 20
63 81 20
43 87 85
66 11 53
1 79 57
11 96 91
54 81 49
84 86 73
2 20 87
96 4 7
76 44 35
93 72 46
96 2 11
13 19 36
7 12 71
14 97 30
57 17 26
76 69 29
90 73 88
90 32 9
52 23 75
82 46 67
82 9 2
99 75 82
13 86 34
28 23 21
9 12 44
22 84 12
75 88 82
8 71 83
39 13 67
98 57 97
54 19 64
96 73 60
94 61 51
17 27 76
43 5 61
25 9 30
14 54 67
48 61 82
68 49 64
47 94 28
78 50 49
52 96 53
36 85 12
53 71 6
43 46 53
58 23 49
23 33 14
93 47 14
37 58 39
52 32 3
88 33 17
51 84 66
52 51 51
73 59 63
68 10 38
31 96 75
9 77 91
96 91 49
92 26 34
65 54 46
18 7 61
16 11 1
55 66 83
28 48 57
49 48 49
76 71 29
97 62 51
3 54 1
81 60 75
83 2 44
79 21 57
68 23 22
3 88 1
55 85 92
96 61 58
19 88 88
67 31 23
13 2 56
38 98 55
72 29 50
27 95 27
12 56 28
23 55 57
56 24 55
4 95 22
32 58 76
67 22 51
98 31 95
8 47 36
12 27 63
20 60 43
87 65 65
23 13 12
83 48 100
33 85 49
26 59 41
98 70 37
24 48 88
89 97 20
80 61 74
67 19 83
1 71 22
78 52 93
61 36 72
36 88 38
37 77 80
16 71 15
92 70 82
18 92 95
47 16 87
69 90 13
62 18 72
36 65 83
78 55 49
18 5 88
92 22 85
85 51 56
1 71 83
4 48 31
49 23 82
18 85 28
19 4 14
61 29 4
26 76 9
38 12 67
28 93 7
58 16 56
19 60 97
53 28 41
74 10 87
79 34 27
32 75 52
72 38 6
19 56 81
30 59 56
18 47 13
4 30 71
62 59 70
19 82 64
32 60 40
32 7 47
34 8 100
68 93 8
97 70 38
36 82 24
4 87 35
69 66 63
47 77 18
67 34 12
43 37 87
55 74 60
89 25 36
59 96 41
10 50 91
25 0 99
41 88 20
33 94 56
20 99 32
15 73 77
18 33 95
25 80 83
47 80 100
36 65 68
34 12 23
77 95 73
53 97 96
41 63 39
91 31 98
88 87 75
96 15 98
66 15 9
23 31 56
61 1 11
91 48 78
23 72 3
13 15 10
46 97 1
1 56 95
64 82 47
71 63 65
30 18 38
56 67 20
51 46 91
10 3 37
2 14 28
97 27 40
19 28 29
48 39 16
61 82 24
15 4 84
6 95 28
58 94 22
34 52 35
13 31 11
28 18 45
22 26 83
38 94 20
66 20 12
55 75 96
4 35 20
55 34 48
80 0 21
6 96 89
70 68 52
16 34 25
37 23 44
17 44 55
20 55 59
74 69 96
23 88 100
20 19 35
42 9 48
36 57 97
35 82 29
16 67 79
97 67 40
14 54 13
77 27 17
4 81 42
18 96 26
74 68 87
71 7 78
9 49 52
92 80 52
79 76 21
95 43 45
61 18 2
67 50 28
68 63 2
30 29 58
11 40 4
45 69 43
78 1 4
64 32 6
15 35 89
61 94 51
20 66 24
30 42 99
1 97 72
67 98 24
15 96 83
44 86 30
66 13 21
56 59 22
57 81 92
12 88 55
95 13 54
40 28 81
34 31 36
83 91 29
71 33 55
81 53 31
22 9 17
12 9 89
53 57 42
11 90 39
63 20 79
26 46 74
24 8 10
73 6 29
25 9 92
75 26 35
72 37 68
84 18 45
83 40 20
28 67 89
36 31 33
81 39 41
77 52 79
1 22 76
60 90 91
99 11 67
21 47 49
30 55 77
28 13 67
53 27 47
26 55 52
14 0 87
62 25 42
66 77 57
89 8 64
89 80 58
50 26 36
85 33 42
92 86 54
13 41 17
57 35 5
81 78 69
45 70 62
30 96 29
58 63 22
21 22 58
98 84 80
88 96 93
2 78 19
89 59 25
76 57 7
35 56 74
31 58 12
92 75 40
70 6 58
2 79 75
4 18 57
83 91 92
84 60 59
16 98 27
15 29 23
63 60 63
90 92 93
79 6 39
52 25 77
18 81 11
40 7 17
72 59 47
18 19 84
40 10 54
23 64 97
29 49 88
9 92 79
1 9 81
10 74 34
78 13 23
35 74 63
32 95 76
98 1 93
46 89 90
79 76 83
59 52 36
4 73 9
17 89 13
72 77 71
17 92 93
86 18 43
67 78 73
6 95 27
37 60 2
57 71 71
57 13 60
64 24 83
93 69 78
27 1 27
77 64 40
23 41 31
92 44 94
76 44 47
56 66 78
42 87 82
22 42 45
87 73 77
63 21 84
36 52 84
92 82 49
86 52 30
75 18 27
63 27 97
20 9 67
15 33 5
14 7 6
10 37 75
8 7 10
71 78 6
42 93 91
90 75 71
79 74 1
25 23 92
89 85 73
73 61 53
13 96 87
49 66 13
56 74 33
10 1 22
99 1 48
57 22 32
42 30 54
26 74 12
51 89 81
1 20 10
17 97 15
87 20 34
11 80 94
99 65 29
4 7 91
78 32 25
73 77 69
79 46 54
91 73 48
53 64 36
99 50 52
55 51 5
43 80 14
76 16 59
72 70 98
93 99 55
59 30 87
75 98 79
26 39 82
58 10 11
20 30 39
14 97 18
80 12 85
34 75 15
42 99 13
40 81 100
73 44 30
2 0 11
43 49 66
21 99 100
36 14 30
76 97 43
84 11 75
99 54 72
19 64 74
48 13 3
12 73 82
84 74 17
22 57 49
81 94 11
72 11 34
78 94 24
16 91 13
94 12 5
98 51 44
8 94 69
76 35 98
75 24 75
75 25 50
53 44 94
82 90 55
10 70 70
32 8 87
80 10 99
38 8 53
6 48 74
93 52 89
15 52 82
91 71 43
32 59 91
16 95 54
45 72 2
6 5 95
83 76 62
20 17 50
59 15 17
74 59 88
86 65 17
46 42 30
41 40 50
95 52 44
2 19 8
70 63 22
51 33 85
70 26 77
98 11 5
84 28 77
22 14 7
75 60 36
48 52 43
50 33 99
30 10 91
75 88 28
81 8 51
76 7 73
99 48 27
42 20 51
64 96 64
43 10 60
84 34 70
49 13 31
59 14 94
56 74 87
93 53 19
62 55 53
68 25 62
42 63 63
98 89 51
64 96 100
93 56 44
4 98 57
54 74 93
69 20 35
55 40 93
47 18 8
98 25 44
31 6 65
77 49 17
51 16 78
27 36 45
66 42 49
0 65 10
20 71 91
40 95 59
9 51 58
74 55 47
74 7 53
36 20 15
81 16 6
52 30 36
7 97 23
57 75 34
32 34 91
9 42 50
4 77 58
1 91 54
39 24 52
34 57 35
16 49 10
94 13 72
29 96 10
52 43 20
44 34 49
26 39 86
88 62 22
13 67 75
81 56 99
0 13 39
45 28 63
31 46 16
51 9 57
38 28 60
53 93 13
87 2 80
90 71 53
64 53 79
16 91 40
74 76 42
32 97 67
82 84 35
14 43 36
54 84 43
70 13 77
39 54 100
86 15 78
60 30 36
1 24 57
30 89 76
86 36 96
17 74 74
12 14 16
78 27 75
77 34 26
91 53 89
55 52 24
21 71 88
47 62 49
11 3 90
15 4 72
93 78 4
18 51 42
29 13 60
42 33 80
60 87 8
79 69 55
17 19 82
99 44 47
54 50 32
36 3 98
40 31 44
3 51 75
90 86 63
26 67 19
31 65 64
43 9 7
50 80 50
80 3 80
20 35 72
28 27 58
47 67 93
62 75 56
73 10 10
73 82 57
26 31 100
64 35 17
88 39 71
84 46 36
88 30 32
34 9 11
77 32 37
98 35 54
77 24 14
45 92 46
59 2 44
10 87 49
72 84 37
81 50 92
26 92 67
76 39 41
59 11 52
21 63 17
81 87 5
26 83 89
23 74 74
21 67 19
57 97 15
58 4 23
41 70 3
35 24 99
76 65 21
59 50 62
34 11 13
13 84 88
27 34 41
23 27 30
85 62 67
70 29 98
60 13 58
3 83 7
0 44 51
56 88 12
29 43 25
25 65 61
35 84 31
2 47 34
34 50 53
23 44 47
15 97 47
36 32 72
25 31 56
4 23 25
12 4 49
19 54 98
96 24 12
68 72 54
23 60 38
18 45 67
12 48 96
43 85 32
25 3 14
86 9 27
82 85 12
46 61 52
13 73 80
38 46 94
66 97 8
43 25 61
40 44 36
83 85 27
13 65 37
39 90 49
90 43 48
78 58 94
40 6 48
57 6 55
35 25 98
37 57 51
61 62 93
93 12 56
89 39 95
87 42 71
26 11 23
22 55 1
65 69 28
85 98 77
95 7 37
26 86 26
12 86 70
85 34 30
97 89 72
61 41 45
91 70 24
21 5 17
84 83 52
58 88 71
32 18 77
70 93 26
68 37 10
26 41 45
29 87 1
3 22 50
41 90 39
18 2 22
35 64 37
94 76 32
40 10 39
32 13 95
7 62 54
46 58 72
62 13 91
85 87 20
16 90 16
62 20 58
47 79 41
70 71 99
61 38 72
30 65 26
44 13 55
77 91 19
32 28 100
53 52 55
66 11 53
96 77 68
72 29 38
87 84 36
87 71 67
74 17 10
3 70 100
64 69 19
15 55 60
58 52 80
16 69 88
1 90 17
1 47 92
56 6 22
40 90 71
88 6 95
5 55 3
29 85 75
84 33 73
96 27 57
78 76 42
7 56 85
74 85 75
35 88 76
12 34 39
56 87 19
77 67 41
84 88 86
82 77 17
17 1 38
32 46 24
8 16 10
26 48 42
52 97 43
84 50 9
60 31 5
71 80 26
98 6 5
35 60 56
74 5 49
73 6 63
53 85 47
20 5 98
90 77 33
41 14 96
97 1 6
87 22 89
59 29 24
92 2 75
55 96 79
1 13 36
10 40 17
27 62 73
97 8 4
37 34 29
64 48 30
88 38 60
36 91 74
17 59 83
84 3 59
0 40 60
5 65 59
87 62 68
22 18 70
52 15 5
72 67 36
99 70 70
17 7 44
4 11 95
97 64 20
64 36 71
42 27 42
31 27 64
73 25 60
67 46 46
85 64 96
77 69 71
69 40 43
56 87 66
72 80 15
5 42 2
14 34 38
21 52 81
22 4 53
26 73 40
12 11 42
85 36 96
98 45 99
2 59 69
62 15 94
6 62 14
89 16 4
67 60 91
83 34 30
84 44 59
41 75 27
48 60 52
32 73 72
33 6 40
31 73 34
82 97 69
55 88 92
46 44 65
98 68 7
34 84 1
43 83 68
86 56 94
6 1 63
34 13 68
44 88 15
44 57 68
38 6 75
35 26 1
4 81 44
27 11 9
69 74 97
99 24 15
47 51 63
34 48 68
55 22 8
52 68 30
32 54 9
41 72 15
44 5 54
68 49 86
17 80 98
42 71 5
14 7 3
57 62 82
74 83 82
90 57 33
25 24 96
89 53 53
54 56 77
91 53 71
56 73 57
89 75 58
61 74 27
81 46 81
47 90 97
69 25 63
41 26 71
86 82 56
32 43 60
57 69 74
15 84 32
30 46 58
76 96 96
1 91 19
48 89 59
58 31 29
11 64 72
19 80 59
16 59 91
59 66 1
75 94 91
53 3 87
71 7 63
47 36 10
40 60 31
58 36 38
34 68 43
72 41 47
93 43 12
54 21 91
82 89 11
28 84 41
2 53 13
22 28 87
32 76 65
37 93 34
89 23 38
22 51 56
75 97 96
49 37 60
24 49 58
87 2 76
5 92 82
69 30 27
65 80 42
81 27 56
78 83 29
44 97 96
50 97 79
13 19 49
90 7 32
56 12 84
38 20 43
79 62 87
48 90 55
5 35 15
24 99 49
42 86 99
48 94 42
85 96 14
35 0 11
47 30 31
10 25 47
72 39 8
20 6 23
44 94 37
42 81 67
20 35 17
2 56 17
99 43 21
51 98 80
85 80 51
49 95 36
64 63 90
24 22 87
68 77 2
87 35 66
13 83 87
55 29 34
5 99 95
27 77 15
0 58 31
97 0 81
40 47 66
65 36 34
34 46 98
43 49 6
9 1 91
81 66 97
15 55 76
23 8 92
32 82 11
41 70 58
63 92 16
32 95 26
29 6 52
95 82 16
9 85 91
40 58 16
23 20 76
96 80 24
66 94 22
65 3 33
52 97 55
23 98 53
62 43 42
82 41 95
94 64 92
49 32 100
37 70 20
16 69 42
36 65 97
42 54 86
21 9 75
36 30 7
4 70 14
0 13 52
72 81 91
3 54 28
23 32 23
10 77 57
18 15 58
9 41 54
93 81 7
2 66 76
93 96 31
58 5 72
65 83 97
48 14 94
82 20 51
65 8 49
43 60 83
28 84 56
77 3 27
3 52 11
69 88 31
42 75 90
15 68 25
64 68 7
42 48 13
30 56 10
42 51 69
80 33 2
79 56 62
27 40 20
43 75 87
68 83 87
82 22 31
36 92 19
36 14 7
44 19 84
96 48 60
48 91 42
29 56 51
98 35 14
22 67 92
40 34 96
56 90 84
36 74 64
33 61 1
71 56 70
81 56 50
17 92 40
38 20 11
88 78 32
99 93 66
98 28 37
69 78 65
88 73 42
4 57 4
61 81 97
60 36 43
95 63 45
76 51 58
33 31 92
69 31 2
72 17 82
94 18 76
66 3 99
69 12 54
48 24 43
14 10 1
20 66 47
11 81 13
12 91 15
4 99 19
6 78 6
61 96 22
99 85 42
30 60 95
55 71 31
37 5 61
11 6 95
37 26 88
96 50 75
73 28 21
44 1 21
50 96 3
54 80 16
9 73 57
80 97 91
87 21 88
80 86 18
71 5 63
47 49 98
69 82 43
62 12 45
70 21 49
90 27 32
17 22 14
56 13 97
70 98 53
11 28 17
85 87 87
18 99 89
20 52 59
83 56 78
85 65 34
5 20 15
61 0 47
31 56 73
26 87 2
91 24 53
34 97 93
86 52 25
22 6 69
85 20 2
56 84 50
0 87 41
79 32 1
1 93 16
14 75 20
57 81 33
18 98 29
51 33 18
64 88 87
41 20 49
32 61 78
53 89 99
18 84 1
88 73 89
58 79 72
14 15 4
18 49 92
91 78 32
8 24 90
37 93 80
25 93 62
73 96 62
48 24 13
3 71 81
73 16 69
44 94 23
76 86 97
15 92 26
35 87 80
66 20 63
74 27 21
3 59 94
98 9 33
36 80 70
52 49 5
53 52 44
38 32 13
71 19 43
53 31 65
15 39 72
81 57 85
16 97 36
46 88 99
85 27 31
63 61 72
6 83 24
84 46 47
26 19 39
62 84 51
26 2 25
58 2 24
7 66 22
68 71 64
81 65 8
54 26 37
97 37 58
90 86 21
89 7 99
71 50 80
94 1 35
70 19 5
90 7 46
20 54 64
73 2 20
92 21 2
87 73 50
55 87 7
23 53 14
92 24 26
70 72 99
48 94 28
31 49 4
43 69 78
65 87 61
33 27 97
4 77 20
28 31 56
44 18 39
81 17 25
53 28 64
79 94 88
59 86 9
68 58 79
1 78 15
84 64 88
66 60 71
92 15 7
51 87 46
60 65 30
5 12 75
30 4 77
34 18 67
92 21 63
78 3 51
52 90 56
10 32 76
35 21 26
61 82 63
40 53 63
22 75 18
3 14 82
42 23 43
54 93 56
90 79 84
16 45 89
79 83 62
46 58 47
82 96 16
81 27 34
53 50 83
57 89 19
17 34 1
76 69 98
70 39 33
10 71 92
59 77 27
77 45 44
17 93 73
81 71 91
70 27 98
94 97 39
29 63 28
52 63 75
40 89 24
2 78 41
47 33 20
15 44 61
31 16 54
41 33 81
63 54 68
46 32 80
19 70 37
37 29 45
99 3 32
57 90 92
56 72 87
34 72 27
83 52 3
88 97 25
51 14 26
48 31 50
2 89 28
61 88 78
38 66 56
17 78 74
90 79 91
80 85 87
17 42 38
90 38 53
94 10 88
41 47 49
9 30 53
84 34 96
48 61 83
37 31 55
48 25 95
52 13 95
95 33 84
7 32 6
15 32 64
9 49 52
68 31 43
22 42 41
16 61 5
73 54 75
92 68 7
94 24 39
40 34 95
51 30 39
62 46 91
43 21 21
29 19 68
16 4 61
95 77 78
65 5 89
1 5 47
20 76 35
87 95 80
61 90 77
69 9 10
32 2 59
27 19 59
37 58 24
21 66 56
99 40 78
81 38 8
81 24 75
78 83 83
90 79 100
76 72 15
94 7 24
35 33 92
13 57 22
20 45 25
32 92 67
38 92 78
15 52 24
63 94 57
48 51 25
11 84 96
22 71 73
87 28 79
31 45 9
54 80 30
26 18 81
91 5 12
78 5 70
61 35 91
56 53 78
13 7 12
47 20 81
85 11 17
39 74 10
2 50 54
64 20 49
90 16 23
22 99 48
57 49 74
20 30 17
62 30 73
39 43 46
95 84 20
4 36 51
75 59 7
92 26 28
87 42 85
20 65 60
22 16 14
41 76 44
86 34 72
59 64 16
68 5 28
48 43 18
18 91 86
96 12 67
84 72 14
81 28 75
23 21 72
15 74 81
91 24 8
1 40 98
89 11 38
0 64 39
91 72 82
10 13 74
84 92 49
51 10 76
51 64 18
28 55 67
2 79 57
90 40 84
24 54 75
44 42 95
55 91 45
20 27 19
62 21 72
90 42 1
58 75 24
42 19 93
54 96 71
69 13 7
94 14 78
20 65 38
4 63 37
31 22 2
39 27 13
74 61 77
10 88 74
38 31 55
52 81 37
13 7 63
38 15 61
52 97 43
57 26 42
34 78 55
9 51 46
46 19 83
61 18 100
97 87 16
68 22 37
83 65 34
39 35 42
51 35 80
9 88 7
32 83 72
94 72 81
90 89 35
32 81 89
68 30 6
60 23 25
90 20 35
76 4 48
60 96 12
91 84 81
30 72 59
90 4 4
73 60 11
35 63 47
32 73 10
95 59 53
57 78 40
27 30 63
43 64 80
79 74 76
71 32 42
0 57 37
3 66 5
1 88 4
14 54 48
41 27 15
7 75 82
90 53 83
2 47 65
80 71 81
34 75 5
79 91 25
68 63 74
10 99 64
63 57 100
42 86 52
92 31 18
53 76 14
8 13 97
46 69 42
49 61 21
36 91 71
62 65 93
95 69 53
28 38 24
25 76 49
96 64 27
29 89 71
77 78 64
67 26 46
29 65 24
85 68 91
80 96 10
11 68 19
40 35 26
25 16 8
76 95 23
55 23 26
68 19 58
21 67 14
74 22 33
42 72 97
9 64 59
63 88 19
36 42 47
76 52 78
14 31 69
88 55 34
56 91 13
90 39 75
83 54 95
50 27 99
45 59 53
39 75 26
95 6 78
98 90 83
94 26 50
29 50 43
56 81 82
35 87 9
32 42 18
74 51 22
64 59 62
17 48 11
93 19 63
92 54 79
97 6 24
11 22 38
25 85 66
96 86 77
24 69 31
12 55 60
89 58 46
4 45 55
94 53 31
97 54 31
11 31 48
48 51 43
55 87 51
21 82 91
43 39 20
18 72 73
77 78 73
23 28 97
64 6 59
54 28 20
82 25 6
24 35 24
74 73 87
84 64 75
94 98 37
72 76 58
43 39 21
53 96 71
79 85 47
54 7 71
52 60 78
42 40 70
66 95 13
41 2 39
44 5 15
60 0 84
92 47 66
83 60 45
89 68 82
86 96 62
67 28 83
90 25 20
11 66 17
61 21 91
7 66 54
42 69 86
5 64 54
37 30 7
88 11 23
36 31 44
97 63 44
50 66 96
89 5 79
16 53 9
35 94 93
95 87 1
97 21 87
65 49 90
24 90 1
57 8 72
8 18 46
58 0 89
91 70 90
5 42 20
6 27 91
41 75 11
15 35 87
66 79 70
70 8 84
54 72 39
82 60 87
94 66 28
80 68 59
49 29 29
33 25 21
57 10 12
56 82 94
96 78 57
19 59 95
13 62 32
45 79 66
81 37 39
28 22 95
20 99 52
94 39 82
69 37 38
23 91 84
59 11 11
24 9 46
44 38 78
79 94 52
55 38 17
29 55 67
2 28 64
5 14 75
36 50 1
78 46 27
3 82 90
29 94 87
33 17 65
56 85 56
12 85 37
55 62 1
72 99 16
12 88 98
60 25 35
46 58 56
38 98 33
85 50 74
78 85 65
5 55 22
17 27 45
95 28 53
0 54 4
76 95 81
53 46 18
64 2 99
31 13 21
81 99 95
19 0 99
30 52 33
80 24 3
54 92 96
3 25 90
51 15 54
52 15 48
55 59 73
73 69 28
36 54 90
64 37 37
13 98 18
7 13 89
37 92 37
88 30 19
74 13 77
45 95 64
55 60 43
6 76 11
53 22 77
89 68 66
21 72 42
34 29 85
18 42 42
26 34 47
0 95 4
17 20 22
70 32 39
18 46 50
48 74 3
8 5 79
25 4 55
52 83 27
0 95 51
11 19 78
28 97 73
60 96 14
35 82 30
76 12 96
34 96 70
45 73 97
38 40 40
53 60 49
40 49 65
40 96 67
87 81 70
81 91 25
61 11 34
93 49 76
5 16 100
70 83 58
88 80 20
28 87 36
35 19 34
26 24 15
47 58 66
98 37 78
23 75 10
3 86 58
91 37 96
15 95 80
55 63 60
71 78 51
20 14 70
84 6 18
51 79 15
54 90 8
38 65 69
55 40 65
34 20 92
93 11 69
80 46 16
4 27 58
51 63 47
29 22 76
15 13 88
5 33 9
66 21 27
19 85 17
68 44 60
91 9 81
68 97 3
83 4 57
31 7 35
81 98 40
41 70 44
99 46 87
71 66 98
44 80 64
10 28 97
77 1 9
79 46 90
14 16 92
66 4 2
39 71 57
6 13 71
85 40 36
16 85 39
57 0 82
29 83 41
96 6 42
79 90 34
81 24 97
34 66 51
26 71 64
57 73 61
59 8 56
25 64 51
92 57 43
14 49 79
9 31 89
90 30 4
2 7 29
62 9 33
16 55 54
73 86 52
83 12 86
11 15 3
48 74 73
33 36 53
40 60 19
81 38 81
33 41 28
78 89 13
60 68 32
79 53 33
21 47 97
45 34 43
14 68 12
32 51 71
97 42 34
69 12 48
6 28 42
17 88 26
51 83 92
7 92 83
18 45 83
64 94 74
50 37 47
85 93 78
64 96 27
58 34 71
57 5 83
94 62 68
32 89 63
22 66 13
30 19 88
22 85 8
89 2 37
47 92 65
63 88 28
66 19 8
5 25 35
45 50 83
99 95 42
24 62 87
54 80 19
96 89 38
10 63 86
58 57 47
0 81 76
93 24 30
91 77 52
56 8 86
36 79 93
49 25 45
92 18 27
55 3 60
67 68 26
96 75 98
20 40 78
24 90 38
75 84 95
51 79 62
29 45 51
26 81 70
51 50 84
38 92 15
6 23 78
22 7 55
0 6 16
73 93 73
19 37 54
34 51 96
30 55 85
99 38 74
31 1 48
21 4 71
68 34 8
31 95 82
19 50 88
94 93 11
93 1 41
25 78 77
47 17 80
53 66 80
25 56 4
12 31 98
85 23 40
32 84 57
79 78 49
95 66 22
11 81 79
5 3 17
67 22 21
98 54 35
76 31 45
15 72 60
23 18 88
48 52 44
15 26 12
73 15 3
80 95 70
25 82 78
84 77 58
8 58 47
84 4 18
38 6 25
16 47 85
9 29 53
32 85 74
4 54 1
66 98 32
47 68 57
87 12 41
40 77 22
4 94 94
18 4 54
56 85 14
56 44 4
35 43 100
78 96 84
6 70 40
27 9 54
60 48 41
42 17 45
26 5 95
87 23 7
77 18 26
60 92 54
44 98 90
92 51 47
45 51 76
1 90 77
98 63 11
78 40 24
40 88 31
90 54 87
33 97 83
40 11 23
10 58 71
51 92 49
25 14 13
14 5 7
17 34 17
26 59 25
82 94 90
74 64 42
74 3 13
26 40 51
85 99 77
50 22 64
39 86 76
22 43 12
51 13 85
2 47 14
26 63 87
78 37 28
38 72 81
38 97 39
20 74 52
44 19 95
4 60 73
83 50 90
7 21 42
72 79 40
94 4 44
61 0 69
58 71 42
58 80 85
18 8 78
16 53 41
50 87 81
18 71 26
46 56 64
85 59 18
24 37 37
74 65 92
58 31 19
78 12 10
54 63 85
86 55 58
3 91 16
38 37 30
35 63 55
38 61 14
46 71 79
96 82 73
46 32 77
0 53 71
49 27 78
36 8 80
88 76 98
30 56 40
42 26 19
57 73 85
84 77 32
32 49 91
25 57 40
2 94 98
76 8 58
35 2 66
81 76 23
47 74 47
0 14 84
24 86 21
14 92 95
64 84 43
26 20 20
61 99 56
38 52 83
26 84 16
64 58 93
25 48 49
1 50 48
10 6 19
95 66 62
65 89 70
5 86 35
8 55 44
13 19 11
59 99 45
51 26 84
12 4 3
70 62 40
79 8 5
0 34 10
97 53 40
67 93 43
57 79 13
53 95 16
87 47 17
4 34 86
28 65 60
50 42 81
12 26 84
56 35 42
54 21 72
50 54 1
91 75 37
51 87 59
45 69 84
81 80 72
16 78 3
36 94 20
91 95 25
94 56 27
0 93 51
17 86 50
39 66 37
12 82 90
76 45 87
49 78 24
94 54 99
19 55 22
70 5 44
57 65 31
50 64 15
3 56 84
24 57 82
19 47 9
69 29 86
50 25 62
9 67 41
87 20 72
67 75 31
21 19 45
74 66 96
31 26 74
78 98 68
74 4 76
29 5 36
75 9 99
30 66 48
28 84 9
50 35 99
87 66 64
50 31 74
66 97 55
55 18 3
70 13 66
33 60 7
49 54 73
36 41 34
87 0 62
47 80 89
74 21 1
60 75 58
70 5 64
83 67 19
81 5 12
77 49 16
96 81 3
94 78 26
17 27 86
42 84 6
12 55 54
39 4 90
33 73 70
14 53 31
15 51 61
94 49 83
87 78 16
2 58 2
31 54 14
35 0 51
59 30 83
1 42 33
97 0 85
92 40 53
67 44 6
1 53 57
93 42 35
94 55 23
46 81 7
78 74 7
51 43 64
45 24 12
48 13 48
6 38 19
96 22 62
79 47 69
61 78 10
76 18 41
33 81 39
99 83 22
14 46 48
10 73 40
0 53 97
68 60 31
14 49 12
2 40 36
2 81 9
41 27 73
12 95 9
62 26 72
98 35 29
65 64 91
35 76 85
36 89 4
17 58 4
35 95 4
43 6 34
48 22 38
2 34 73
51 62 63
34 97 41
20 25 23
29 13 59
68 7 27
32 46 78
34 97 64
61 6 31
90 12 40
82 30 66
12 52 73
20 38 9
3 32 69
74 75 12
30 14 82
92 23 52
6 99 97
7 31 61
98 70 23
47 79 8
7 6 52
6 24 99
53 85 44
74 23 38
21 14 77
99 87 58
40 17 13
15 36 52
36 83 47
96 57 27
81 82 40
62 43 52
40 37 49
21 33 23
83 89 31
68 20 32
93 99 62
30 70 93
10 76 78
91 43 74
30 76 25
17 97 40
61 80 90
57 5 68
2 24 31
20 31 40
75 11 49
24 4 45
37 3 80
12 80 37
60 21 73
12 84 47
53 33 64
36 10 97
88 95 99
61 14 38
68 90 29
90 58 30
31 4 65
36 48 54
23 26 2
75 64 93
96 12 72
93 15 58
76 0 41
13 65 66
29 6 85
91 41 37
69 93 10
37 39 23
21 46 44
84 43 77
49 26 11
87 7 71
20 24 99
63 42 42
20 82 83
0 68 9
16 45 40
32 54 61
16 31 70
91 12 95
4 56 25
35 88 64
85 93 4
96 18 31
38 88 90
74 62 100
47 82 75
81 54 92
39 65 61
2 38 41
94 77 67
90 32 40
43 41 98
21 27 76
92 93 45
13 21 50
63 58 82
77 27 53
57 25 8
0 49 79
38 45 83
76 65 72
22 39 39
51 40 31
24 98 34
72 23 97
24 85 72
2 56 10
74 59 76
38 98 93
39 37 87
31 10 81
55 19 23
25 3 72
44 77 63
12 68 48
49 93 64
89 46 95
17 54 45
13 98 88
28 70 98
41 21 21
23 11 83
49 11 3
20 36 3
37 62 31
74 94 25
0 84 79
90 67 72
20 42 7
1 4 87
73 48 36
69 58 6
80 17 79
69 21 87
22 66 84
58 64 4
40 48 50
64 14 66
65 3 52
1 22 80
84 39 55
63 7 81
68 45 30
29 50 26
64 33 98
4 26 14
98 22 96
47 13 21
65 58 41
36 71 13
65 38 44
35 33 12
13 71 39
97 34 82
80 67 23
76 85 30
6 76 76
16 5 20
47 94 47
45 75 1
75 78 28
65 41 40
77 64 34
94 41 20
39 45 90
78 50 26
34 87 93
33 35 57
60 78 84
12 57 80
11 19 74
42 73 29
19 2 96
52 71 97
51 25 54
85 41 60
74 14 30
55 19 16
72 98 35
2 69 61
51 95 28
46 91 30
6 59 10
60 11 35
27 66 63
65 40 91
71 33 17
8 77 71
68 42 69
28 4 20
57 76 84
17 52 41
19 71 62
38 42 30
81 4 5
73 40 78
43 50 37
1 85 23
50 42 95
71 16 100
10 15 72
74 49 23
22 50 4
67 40 98
6 74 9
30 60 31
99 39 83
64 32 15
77 54 13
73 13 89
71 57 13
60 0 25
18 85 53
36 52 20
83 56 91
70 52 18
57 20 75
37 33 50
38 53 41
2 27 46
54 8 83
18 62 76
62 68 79
66 31 54
86 57 25
67 5 86
31 57 42
74 14 30
53 31 48
13 62 88
71 60 93
92 1 27
72 4 32
92 87 10
11 21 82
90 24 19
79 20 4
49 10 28
69 90 15
89 50 68
99 45 82
20 4 7
79 63 91
79 42 84
59 31 76
53 33 82
20 73 10
58 64 7
97 76 10
71 65 75
91 47 85
87 73 82
89 0 60
3 15 89
18 34 57
21 5 81
11 32 79
67 24 48
6 49 73
38 92 23
18 3 79
35 23 41
99 57 28
27 33 50
6 17 8
97 70 37
31 53 74
75 3 28
73 4 14
1 4 75
29 28 74
69 83 72
33 18 52
46 44 1
18 9 73
89 18 38
17 7 19
17 98 23
79 51 4
71 18 7
68 39 89
87 75 34
16 52 84
7 48 22
77 60 25
39 3 29
16 20 81
73 17 5
58 37 11
70 72 26
49 66 61
1 34 80
60 63 68
18 86 3
15 17 71
99 65 99
45 54 97
33 55 8
57 89 2
36 93 85
38 40 43
46 33 44
25 7 49
42 98 45
74 34 72
15 26 81
34 56 22
63 79 29
80 88 80
82 72 45
72 18 26
12 0 6
73 27 13
15 62 63
19 83 33
9 41 90
42 71 44
31 39 11
76 70 25
17 73 58
62 59 58
34 46 82
97 41 7
4 55 19
56 39 48
11 2 61
37 17 70
44 40 16
89 15 91
50 73 53
59 38 15
22 62 94
69 91 65
30 50 73
83 42 9
34 96 84
37 88 19
53 6 6
98 66 92
33 72 25
81 60 9
94 42 96
78 58 12
44 11 88
93 12 17
0 9 25
98 40 7
18 77 17
53 22 64
26 40 14
32 7 74
81 3 35
89 95 5
96 53 11
42 24 14
97 73 45
61 56 31
68 13 82
10 83 32
29 93 37
40 99 84
40 3 99
84 44 3
58 48 96
54 85 75
34 75 44
88 60 30
63 34 74
57 26 93
83 15 34
74 75 26
48 19 43
89 11 26
92 29 21
86 94 69
55 87 93
20 92 31
38 75 64
26 8 4
36 62 67
4 95 26
6 28 8
80 20 34
26 14 48
79 52 10
18 0 22
81 95 39
30 39 26
81 40 45
13 91 1
80 75 65
66 2 60
90 29 63
94 77 58
14 71 93
36 90 15
30 7 35
52 53 21
54 26 54
22 19 13
51 65 22
59 40 37
81 15 95
1 64 16
39 7 82
6 41 60
52 10 15
81 56 50
0 55 17
68 97 57
79 93 22
79 18 30
49 19 7
30 9 44
11 27 18
51 43 91
14 73 9
11 32 79
6 99 76
30 17 57
71 47 9
89 17 63
6 62 94
60 46 25
62 11 99
7 12 15
92 94 87
51 62 46
91 24 73
34 15 70
89 14 85
83 78 63
6 7 39
41 79 97
61 25 99
30 67 58
55 73 50
85 56 87
67 89 22
7 14 44
28 63 61
88 48 99
73 36 90
94 3 54
79 68 35
43 11 48
58 26 73
20 85 60
76 19 87
76 10 78
44 96 13
47 69 44
85 59 55
64 56 47
48 81 82
42 69 92
6 29 58
12 31 64
1 17 68
26 5 94
22 16 91
61 0 100
71 41 56
76 41 46
97 41 32
88 85 91
11 78 89
55 67 99
93 65 13
71 90 23
17 45 20
47 17 3
92 33 43
94 90 68
38 24 8
72 56 41
67 76 74
23 0 27
65 86 19
78 40 68
84 9 43
75 42 75
48 80 6
67 42 31
11 14 73
10 14 9
64 23 26
57 30 75
49 34 12
82 86 89
20 77 53
62 57 80
17 91 59
65 73 55
60 15 62
55 97 23
72 19 32
28 8 98
84 34 86
15 32 61
30 96 68
18 73 20
66 63 17
38 0 7
62 22 47
16 87 43
84 64 23
40 51 28
9 11 46
45 54 41
91 98 41
75 34 63
4 37 73
58 16 30
23 31 40
84 10 19
71 76 13
63 11 97
46 92 49
49 67 31
60 19 11
14 18 8
29 69 26
24 73 11
23 2 80
65 22 64
30 77 77
83 54 68
28 38 34
71 49 38
16 73 15
35 3 81
35 39 35
11 35 48
80 65 12
91 83 60
56 92 25
97 65 22
1 41 98
39 40 36
96 49 5
42 88 23
64 38 56
27 96 38
59 26 61
96 75 19
87 65 18
54 81 74
13 68 30
68 17 71
27 34 55
3 78 3
72 52 51
94 46 44
36 54 70
58 27 23
31 85 92
43 88 3
9 10 94
97 19 1
21 40 43
98 53 82
74 88 29
66 57 47
60 75 25
58 81 16
31 17 100
26 52 63
14 27 1
8 26 2
82 89 22
56 77 85
11 6 42
29 33 61
53 35 47
27 40 79
18 32 31
43 71 73
42 1 72
98 42 8
53 91 100
48 76 92
68 75 20
97 90 32
70 61 71
48 82 76
11 37 29
57 82 34
52 62 61
12 30 43
67 11 1
2 49 69
59 36 91
49 37 5
57 52 21
54 24 85
94 75 14
11 57 60
84 19 46
30 20 69
76 50 28
37 72 50
65 26 53
49 4 86
98 27 92
43 66 19
46 53 77
95 8 36
86 88 65
26 31 14
12 28 92
73 32 76
75 97 65
96 50 64
85 28 35
96 25 95
38 62 44
91 68 57
45 34 26
42 82 28
93 48 17
35 16 44
90 58 74
28 64 43
35 86 73
60 2 32
53 18 98
74 95 93
56 12 98
7 29 23
95 88 5
7 28 2
79 51 58
83 33 52
81 12 72
40 32 88
17 60 84
99 35 61
29 89 25
52 48 67
25 47 69
61 87 36
13 46 72
62 40 21
63 21 60
97 1 31
86 88 16
35 43 21
78 54 64
88 92 32
51 15 63
19 1 23
56 99 23
93 56 94
89 75 43
83 95 19
61 8 96
55 88 50
18 50 53
17 15 80
89 18 5
9 83 97
89 44 95
80 23 40
0 82 47
79 48 100
60 87 22
26 68 45
12 78 72
69 65 22
38 17 70
20 29 34
17 8 38
78 37 10
45 55 85
50 20 33
64 8 55
15 38 97
20 56 36
60 86 65
58 86 57
78 89 67
14 43 69
89 0 66
54 94 59
78 93 23
26 30 4
25 39 91
26 78 26
89 58 36
8 38 89
48 58 75
59 57 23
67 60 82
94 46 17
88 48 27
71 46 70
78 51 27
82 53 77
65 53 63
9 99 14
26 95 60
77 46 40
92 19 27
70 37 33
4 47 36
80 27 24
66 85 21
33 20 55
22 81 87
83 66 20
29 26 39
58 45 37
95 87 96
85 90 46
48 23 68
89 9 20
46 91 16
67 56 72
28 9 27
95 49 76
41 68 18
72 85 20
82 69 68
2 60 11
11 50 48
45 7 57
68 37 79
53 37 15
82 68 89
59 84 5
41 29 16
78 76 15
87 49 99
62 80 89
5 23 1
96 10 29
65 56 5
26 28 32
75 6 47
2 46 10
49 9 28
93 0 5
13 21 90
95 28 63
20 86 6
35 65 74
61 99 32
12 35 54
87 99 27
27 68 22
1 63 61
83 4 92
40 99 65
5 7 95
14 45 62
20 8 73
75 60 89
34 54 49
51 54 93
15 74 18
80 97 95
73 58 85
45 68 61
41 25 55
96 3 19
32 57 69
99 43 7
25 34 66
94 93 36
51 75 66
19 76 83
27 0 23
79 9 30
7 82 75
97 55 2
64 40 66
34 57 30
75 65 16
88 0 28
62 75 43
43 2 54
45 42 100
59 19 3
46 23 65
35 37 68
45 9 3
6 22 68
44 50 7
89 55 47
8 74 17
36 15 5
42 75 43
96 43 60
43 31 68
46 43 64
38 63 60
57 29 71
5 71 8
14 57 94
54 75 96
77 74 50
92 11 70
67 73 29
62 69 8
83 67 28
8 59 6
46 3 29
49 37 9
12 61 75
71 18 23
61 59 42
80 54 28
15 99 28
45 39 94
63 38 97
6 59 26
27 62 19
7 61 76
54 73 80
57 62 92
88 38 92
67 63 36
16 82 20
43 62 56
90 40 71
19 45 95
85 99 73
98 99 70
63 40 28
18 40 32
39 33 89
63 87 70
38 89 42
61 91 26
12 85 98
97 69 87
5 29 74
3 55 92
16 43 67
63 60 35
29 45 2
79 90 29
72 77 18
31 68 43
98 95 49
2 88 1
60 92 50
77 71 8
76 83 3
92 97 39
19 83 26
18 89 99
94 96 29
5 9 66
49 25 80
70 5 69
50 92 28
65 42 44
31 25 57
45 64 66
62 63 3
96 36 55
23 17 33
5 41 36
78 64 66
57 15 91
58 68 25
9 41 45
42 31 6
67 46 90
83 41 48
38 28 86
67 41 31
9 23 18
41 45 80
7 36 32
27 35 22
99 12 93
46 98 55
92 97 24
86 39 8
17 93 42
33 86 87
80 83 19
45 1 63
5 64 63
50 34 46
41 85 20
58 79 69
50 86 92
96 63 30
60 15 2
44 14 22
79 23 71
6 11 97
60 15 34
77 98 71
31 26 60
46 94 73
77 5 82
26 8 13
5 83 80
93 52 73
62 16 29
76 99 91
64 90 41
1 91 48
89 81 70
66 2 74
54 77 96
57 82 95
95 67 60
42 24 19
63 33 10
15 13 98
40 56 28
77 23 51
66 18 74
31 97 30
54 68 78
18 3 87
50 6 41
56 88 53
4 53 6
83 95 45
18 64 73
48 9 95
74 67 38
49 34 24
90 38 91
17 73 42
16 34 21
69 18 44
35 73 95
68 2 99
4 17 64
16 39 18
56 73 6
81 14 97
26 18 34
47 28 72
88 58 99
13 45 34
54 64 43
0 34 92
27 85 76
53 8 3
41 72 61
38 88 100
20 96 12
15 26 84
46 30 34
12 85 34
77 20 77
64 0 58
17 72 21
6 93 81
73 52 68
45 76 30
6 85 48
96 8 12
87 9 62
66 47 24
34 40 4
28 84 34
9 37 42
97 32 96
54 62 60
58 48 72
53 70 97
31 66 85
41 26 32
55 84 68
72 60 45
14 39 84
42 1 90
11 4 67
48 70 26
64 60 24
64 95 59
5 58 46
83 21 4
56 40 36
97 6 40
78 44 82
42 46 58
11 63 45
70 5 12
69 80 21
97 31 17
81 68 74
80 96 22
10 17 9
19 14 35
10 63 14
12 99 29
5 18 96
61 75 62
0 62 58
57 68 79
83 46 69
2 76 86
67 44 25
27 47 44
64 52 55
66 78 59
88 80 5
25 61 3
48 31 84
52 58 70
67 88 91
84 13 74
0 14 18
0 70 3
76 24 90
55 68 48
9 85 98
98 43 79
98 82 73
27 4 71
76 67 26
53 48 43
16 28 56
11 12 70
16 9 85
35 13 88
59 42 65
14 70 1
46 56 1
45 14 7
73 72 68
69 94 27
70 66 21
64 15 73
39 67 56
88 79 5
92 59 97
11 45 45
83 32 65
77 71 84
99 18 42
19 33 95
72 28 63
18 29 62
9 11 59
63 32 3
22 80 10
78 48 64
71 34 92
50 24 37
94 50 97
69 28 49
50 81 81
14 29 91
1 29 3
22 74 8
61 18 24
58 60 56
76 15 88
18 46 59
1 80 24
31 23 18
21 26 38
35 53 21
98 95 16
13 62 100
78 15 60
15 34 78
75 2 74
49 26 67
96 16 21
95 82 20
37 92 44
18 8 85
94 17 14
91 37 78
53 39 16
53 22 18
44 36 88
80 16 99
55 42 96
1 58 98
88 95 29
23 6 40
30 43 16
94 40 86
57 5 42
40 27 66
22 78 94
46 14 33
36 68 81
9 68 17
79 2 21
36 22 25
8 83 68
69 39 21
55 80 66
37 93 98
40 11 61
6 22 54
23 22 82
87 23 8
67 34 4
97 27 62
21 5 98
59 61 16
79 32 92
2 4 66
46 7 10
37 56 66
84 46 91
1 28 50
92 5 9
38 74 23
80 20 79
19 97 62
71 64 87
49 43 42
91 10 49
97 23 42
33 60 19
55 51 62
88 23 1
19 14 85
9 30 16
83 47 35
4 71 29
65 40 33
52 39 15
98 92 17
20 71 56
1 26 35
46 83 62
80 22 82
95 60 63
84 92 63
48 26 98
67 70 34
53 57 22
22 73 16
40 95 47
45 75 9
82 34 9
82 60 34
63 14 94
82 78 2
39 78 73
63 61 88
0 60 39
60 15 100
3 48 90
70 48 46
45 99 8
63 87 15
96 26 4
52 56 87
54 8 78
3 88 38
64 30 26
7 18 89
77 14 2
5 48 47
15 83 89
61 17 6
68 28 10
87 89 39
94 37 13
10 5 93
43 3 35
37 71 90
17 94 93
60 71 23
11 10 50
5 80 75
83 96 84
84 43 20
30 83 2
2 17 22
40 11 27
79 98 43
73 11 1
17 71 91
61 15 25
42 92 46
94 61 16
73 97 58
23 79 62
72 99 94
38 52 65
89 61 60
77 55 44
80 70 63
15 51 52
85 1 32
84 75 55
32 7 35
44 15 73
74 30 99
21 98 58
60 15 70
59 85 48
30 13 21
27 73 52
2 60 43
20 69 8
25 3 70
64 77 58
90 79 46
98 63 11
17 72 52
40 37 73
63 76 38
63 80 92
37 76 68
5 92 56
71 91 17
22 37 90
21 77 61
18 84 58
92 41 23
90 65 41
42 89 19
56 95 62
67 87 60
46 25 95
66 28 18
27 83 31
52 92 83
50 14 56
70 58 38
29 42 79
85 38 48
81 86 19
0 39 47
14 43 17
66 99 69
65 63 61
60 24 23
59 36 79
58 13 9
26 74 96
19 98 100
70 29 51
7 59 62
1 8 69
96 2 97
27 90 21
74 32 45
91 87 64
8 91 40
68 22 74
39 27 84
48 32 77
60 61 14
67 72 96
49 82 68
33 64 76
16 32 43
9 91 37
87 12 25
23 2 70
43 81 32
53 1 35
23 29 64
8 40 31
23 73 19
47 20 18
31 67 56
68 58 8
72 2 27
46 30 18
74 15 37
21 28 37
41 99 82
92 27 32
60 11 17
11 39 48
6 45 56
47 14 19
74 92 61
78 80 33
21 24 76
78 37 8
73 17 72
99 32 6
88 21 90
68 33 42
82 38 91
34 77 76
96 25 76
2 98 41
72 35 42
98 22 80
33 55 90
48 60 66
51 92 66
99 30 100
53 59 74
93 0 84
29 6 56
1 36 61
84 79 21
67 98 10
90 85 78
70 57 34
66 67 69
18 71 17
77 21 30
57 4 64
83 65 75
13 35 94
37 95 80
19 26 37
84 71 21
48 21 93
10 27 92
72 27 31
10 21 61
77 11 57
62 88 97
11 74 33
14 99 72
29 42 62
60 29 25
43 47 45
92 16 7
60 54 97
72 93 22
61 12 34
77 66 84
77 55 3
64 75 10
98 49 25
43 81 81
64 80 22
16 2 84
66 10 43
87 59 57
29 53 6
49 95 14
36 64 37
11 61 16
33 73 39
0 20 48
86 27 48
26 76 58
81 1 16
14 94 7
69 19 5
22 84 48
12 41 75
48 67 70
61 33 73
85 31 88
35 21 45
41 14 34
30 25 2
64 87 47
99 92 75
3 85 64
7 30 68
16 85 64
66 20 22
84 22 2
61 42 56
14 8 67
31 77 11
70 2 6
86 27 12
90 55 26
17 57 87
90 98 96
2 95 43
30 53 80
21 88 71
23 74 19
2 76 47
4 40 98
79 30 66
44 41 30
68 78 5
7 19 56
12 14 89
92 5 49
92 85 58
20 99 80
65 49 46
15 37 57
67 13 97
1 73 88
77 87 1
42 27 2
61 15 21
92 38 70
73 34 90
46 6 46
15 12 43
82 42 79
40 90 65
43 29 60
88 76 100
56 35 34
75 22 72
6 44 87
11 88 96
72 76 93
50 63 61
21 61 77
83 81 62
30 74 10
42 63 81
78 75 97
15 81 4
30 63 45
31 37 57
75 87 52
69 73 92
74 22 87
4 64 23
34 43 13
86 89 79
98 83 32
25 95 96
12 9 71
95 0 90
71 44 22
57 43 45
77 16 92
16 84 42
97 37 40
66 84 28
86 6 88
30 49 10
33 24 50
75 46 54
3 58 91
95 10 33
55 73 35
49 36 23
21 96 5
46 5 47
86 94 18
49 79 27
5 84 32
24 5 34
97 91 78
94 77 59
47 65 65
35 82 95
26 69 96
23 17 87
76 64 31
54 69 49
41 53 39
89 99 8
86 80 5
14 10 6
31 96 96
95 17 13
46 43 74
20 50 53
55 53 77
6 68 80
98 19 83
0 22 93
42 0 43
0 70 83
54 32 43
66 74 96
94 58 55
37 98 89
20 24 11
55 92 59
45 66 25
2 34 59
39 69 89
99 77 26
72 31 5
94 13 92
80 73 62
59 14 55
39 28 76
38 67 93
41 83 96
18 16 97
64 29 39
44 30 74
9 66 34
37 17 68
43 7 87
45 31 70
69 20 82
44 82 80
2 28 52
93 67 25
40 18 77
12 15 6
54 13 33
4 34 85
97 47 67
39 87 23
91 45 5
26 45 30
98 71 27
39 6 65
9 55 92
43 19 7
70 93 78
27 33 95
22 27 81
78 61 63
71 32 23
31 63 57
9 74 3
93 11 29
26 80 79
47 74 81
77 37 83
11 4 9
20 77 71
80 81 17
72 13 36
41 79 12
90 67 32
88 18 91
98 49 47
77 80 58
35 21 98
95 28 52
57 87 35
17 89 62
45 62 60
99 74 100
24 69 70
41 81 14
90 33 8
80 75 77
72 4 42
77 24 3
52 45 35
33 34 22
84 36 53
86 61 85
56 55 14
92 39 73
33 40 32
32 1 96
81 48 96
25 48 94
65 92 83
41 25 26
72 11 8
75 30 23
72 25 50
92 95 7
65 98 6
19 97 82
56 20 30
23 95 86
37 57 11
97 39 53
75 85 21
9 39 36
25 43 98
6 27 59
82 79 98
27 70 50
88 22 5
19 50 71
98 36 64
44 59 69
38 64 77
83 2 97
62 43 19
13 98 29
77 43 14
40 37 82
90 29 96
40 26 15
75 46 76
28 54 15
10 86 37
1 50 8
47 44 22
85 80 42
2 32 44
22 8 74
34 28 8
9 57 98
46 93 54
38 34 52
92 79 12
86 9 73
65 96 54
77 21 17
58 88 55
12 20 60
47 86 31
66 23 44
50 70 81
81 9 61
56 93 30
53 66 82
42 50 51
52 69 82
93 23 41
66 56 42
51 48 75
83 11 73
13 78 11
1 99 9
78 15 99
21 11 43
55 22 9
38 91 12
62 87 97
55 97 4
91 94 69
49 42 83
52 31 51
71 76 89
42 32 13
95 60 49
73 24 35
83 93 49
65 63 1
61 70 55
2 27 65
80 31 55
54 46 55
17 1 15
70 84 16
99 16 65
41 77 83
76 60 84
32 96 100
81 70 6
63 97 39
11 75 71
0 70 3
15 92 90
96 86 44
25 10 9
90 75 83
57 47 42
11 58 23
27 10 92
78 43 64
28 22 91
19 41 24
58 54 57
54 24 21
55 34 8
85 98 25
43 83 77
49 53 26
83 94 5
90 41 11
89 30 80
92 80 58
12 35 75
58 15 38
52 28 63
0 70 26
11 48 6
15 45 95
54 49 17
93 55 27
50 83 86
29 18 12
62 29 49
46 86 92
27 28 85
90 83 95
41 35 27
34 95 36
28 71 18
23 64 63
69 11 100
17 45 60
78 40 67
30 48 60
49 32 29
92 12 100
85 22 74
94 15 58
47 67 63
8 74 28
83 93 34
25 20 82
95 11 42
22 30 58
25 29 46
80 42 57
80 18 17
49 22 27
17 5 9
34 15 14
73 49 22
47 55 28
20 65 88
43 40 91
6 13 47
37 24 54
9 89 54
44 90 44
15 75 11
43 87 38
98 66 18
82 10 12
91 66 88
33 3 84
88 38 73
48 16 17
27 14 38
37 82 94
80 39 31
69 9 87
67 56 9
54 28 78
10 94 87
89 58 4
21 69 80
61 78 92
82 88 58
32 82 40
52 9 93
75 37 18
78 70 89
42 72 8
20 90 30
51 3 79
4 34 47
10 27 97
68 89 30
62 68 86
32 12 70
15 26 31
77 49 6
88 14 29
23 15 22
76 15 3
70 78 67
70 30 28
22 66 33
72 49 27
14 47 8
67 55 60
17 79 35
11 30 61
14 25 81
4 1 75
20 84 21
16 32 83
21 15 67
96 24 18
77 60 69
88 91 86
57 67 79
68 55 19
13 28 52
6 60 45
86 97 26
28 32 99
61 56 35
94 33 82
15 60 91
55 93 87
57 84 73
85 49 44
62 26 39
99 73 8
94 68 98
62 0 88
98 49 23
90 30 77
21 93 78
0 47 26
87 60 72
27 43 35
24 98 2
83 53 79
8 72 72
64 50 23
74 88 7
41 54 38
45 21 45
93 71 87
92 97 25
74 26 4
62 97 27
35 53 22
58 79 22
64 43 86
57 28 24
75 65 50
5 97 20
58 56 49
36 65 15
34 81 62
58 23 6
31 89 88
13 33 23
21 71 29
45 32 79
64 44 86
98 10 42
66 4 42
40 42 53
54 97 51
58 27 61
36 57 97
21 6 100
1 43 90
14 59 42
52 56 59
83 57 22
47 79 89
47 36 32
76 51 70
96 35 20
46 50 90
29 59 4
68 53 4
58 90 92
74 36 17
36 94 86
36 51 58
53 87 66
78 19 59
94 93 5
90 95 2
5 30 26
41 71 26
96 70 24
73 89 98
38 92 51
24 35 50
79 4 80
35 90 56
15 35 49
35 28 72
3 16 7
12 33 55
44 92 29
18 46 94
68 83 23
75 73 74
87 25 38
84 29 89
6 79 12
15 41 84
17 22 16
83 67 91
18 1 71
91 0 49
8 42 58
78 20 52
23 88 91
50 37 41
41 45 1
78 50 95
58 9 52
7 10 62
29 7 64
38 93 66
46 63 22
42 91 22
62 10 93
25 55 93
1 90 49
29 61 99
45 54 41
77 38 12
13 17 97
60 51 81
1 40 11
40 21 94
73 93 55
79 27 3
37 1 75
46 27 74
71 2 93
81 64 12
79 26 86
53 99 31
83 67 17
35 98 85
11 54 99
67 37 78
41 7 24
84 52 34
71 8 5
22 63 44
74 94 50
97 39 92
16 89 41
99 6 69
17 78 60
6 52 25
90 28 31
62 30 36
56 13 87
20 98 44
49 39 18
2 76 90
54 3 19
45 6 61
79 15 22
19 66 96
47 31 1
65 97 53
77 58 88
47 62 68
26 44 99
69 9 2
39 97 10
84 60 13
10 48 37
40 22 89
74 63 42
50 80 38
59 64 76
82 41 39
93 45 87
16 54 69
74 37 86
53 74 38
75 82 52
75 26 58
6 8 40
30 9 94
58 63 40
35 20 4
70 19 31
74 99 59
85 83 32
3 77 65
6 18 60
14 69 34
8 23 57
98 86 1
51 50 24
35 8 19
72 83 59
32 51 71
54 37 33
9 27 15
2 26 53
25 50 75
85 84 44
39 98 27
13 69 79
79 21 99
0 35 63
84 64 72
19 38 73
79 52 80
73 75 28
58 38 62
8 40 30
65 8 26
90 47 8
45 0 19
5 67 15
14 21 81
47 1 3
86 90 97
74 25 90
5 63 48
5 61 62
36 8 39
70 64 92
86 62 49
71 43 77
60 22 85
65 36 83
66 16 31
79 25 59
73 63 55
60 57 97
65 0 66
13 12 22
94 1 87
36 45 26
38 92 81
9 72 98
23 75 87
5 55 96
49 79 73
75 55 11
87 83 30
22 63 55
11 38 35
25 95 18
52 40 44
83 55 15
82 81 63
64 81 30
67 3 73
26 9 74
20 35 24
31 98 7
35 29 59
75 95 11
73 95 75
10 9 89
89 97 15
87 24 51
66 57 88
54 11 55
1 93 26
32 60 76
95 5 86
23 38 91
51 76 82
80 87 97
9 55 31
15 89 81
30 98 43
64 31 2
88 37 16
10 18 67
70 36 37
75 64 61
35 74 26
64 34 93
66 54 20
44 30 41
78 91 84
14 9 11
64 3 42
41 69 30
34 20 2
29 42 64
32 76 66
6 29 14
72 44 56
20 51 52
41 63 94
86 24 56
23 63 97
25 86 63
59 35 39
70 45 32
79 87 84
99 4 18
83 24 68
40 84 66
28 53 68
84 62 3
68 5 61
79 25 75
93 61 79
58 2 53
54 40 22
64 58 6
71 20 91
48 44 61
54 35 12
37 4 44
30 51 89
35 39 71
85 38 73
58 97 36
81 54 41
35 56 10
63 62 80
4 80 3
62 35 60
93 32 75
88 21 97
20 68 36
9 97 54
2 75 66
45 90 14
48 43 30
31 40 55
26 68 47
8 21 51
90 51 83
71 54 16
94 4 51
75 24 27
86 54 70
32 69 47
15 72 44
51 77 98
34 58 9
78 85 83
73 66 69
86 84 85
45 37 58
59 13 6
77 50 92
54 7 38
51 67 51
91 98 37
72 85 39
96 90 38
64 90 84
40 47 39
49 34 62
74 42 13
16 63 53
44 51 28
9 53 3
56 43 39
37 30 53
72 13 29
26 16 82
0 94 28
73 74 51
22 83 47
25 79 53
49 59 82
10 11 72
60 28 64
46 76 25
98 40 57
51 88 86
48 68 25
50 24 31
4 15 13
64 81 60
44 20 39
87 49 85
68 79 84
58 17 75
2 3 7
45 40 12
15 79 86
67 95 81
90 3 81
0 16 32
80 44 29
57 11 33
32 82 90
84 57 28
24 29 37
90 71 7
40 94 40
29 87 37
51 20 54
88 51 74
73 40 30
39 46 80
35 22 70
86 21 60
30 25 1
17 86 79
53 24 10
24 0 18
29 61 2
61 17 73
84 78 81
27 45 53
38 46 40
97 98 63
18 62 39
69 72 92
64 93 62
62 66 61
15 91 81
44 85 36
63 69 97
99 65 97
85 24 34
57 38 86
85 9 20
29 90 87
85 32 78
25 57 25
59 47 49
93 40 89
63 70 6
44 83 73
84 67 20
86 29 58
21 86 80
67 12 15
97 65 91
46 63 98
87 99 25
69 6 71
61 17 61
31 38 69
68 32 82
61 0 11
77 1 4
0 47 29
52 72 84
38 32 75
60 61 54
78 30 34
89 2 68
95 78 35
31 99 12
73 91 26
21 49 3
78 21 63
99 45 42
28 89 14
46 48 21
90 44 55
68 92 55
84 69 20
70 42 19
6 14 78
51 74 17
46 2 65
30 26 34
92 42 45
46 33 90
12 53 39
49 30 28
22 33 79
24 27 46
39 94 5
98 65 2
10 23 55
32 47 100
42 70 40
67 20 99
54 9 94
13 51 31
58 61 39
77 18 81
69 97 46
43 38 94
18 97 50
12 60 93
22 60 49
74 17 41
46 93 3
33 49 70
43 61 16
64 73 40
45 81 85
51 33 35
96 59 11
59 77 2
77 86 42
76 6 81
82 41 90
40 63 98
87 69 29
77 12 100
46 42 48
94 16 77
7 85 78
55 34 43
35 68 92
59 18 20
33 98 55
78 22 99
37 94 27
81 13 58
74 59 88
91 4 5
65 94 31
59 34 95
58 27 13
59 21 11
63 26 98
38 33 68
95 55 23
8 95 37
90 59 9
34 1 58
60 31 81
87 6 22
7 95 46
42 15 46
89 35 6
5 98 34
28 32 9
8 44 35
3 96 57
9 58 3
47 5 4
59 95 79
28 77 12
87 5 59
60 65 92
3 7 12
64 83 94
73 48 41
79 56 45
19 69 2
81 27 48
15 57 97
48 62 48
78 39 75
49 65 36
77 59 6
10 93 39
23 62 19
3 15 30
92 87 2
35 10 49
71 18 74
90 85 3
25 95 1
67 35 81
5 88 45
86 77 67
62 26 3
78 99 91
45 68 24
52 76 38
52 60 45
24 14 86
55 37 46
61 43 11
82 92 8
24 22 56
24 10 43
31 52 94
60 92 96
0 91 4
22 75 15
48 29 65
40 20 71
9 44 61
56 37 81
91 67 90
90 99 77
23 79 53
25 99 90
21 12 68
60 48 38
77 78 33
74 67 80
25 18 23
17 37 31
48 44 87
36 9 31
45 35 70
42 78 38
81 67 91
48 15 2
38 30 60
23 77 5
76 32 83
98 53 60
75 66 43
51 14 9
71 41 39
41 31 87
38 11 62
12 62 77
52 23 88
64 38 58
34 22 9
51 53 93
20 36 63
14 56 18
1 41 52
19 13 57
34 88 87
80 45 86
50 18 5
74 85 79
20 44 93
24 67 8
23 50 38
19 23 81
46 33 29
4 81 57
90 6 39
63 15 57
76 82 50
28 44 9
30 99 28
44 78 32
9 89 97
41 99 45
22 19 96
48 99 1
81 16 19
18 50 98
89 35 43
40 72 51
3 28 13
44 10 10
49 22 62
4 8 81
74 83 62
28 40 26
81 67 73
19 80 10
31 66 61
29 79 38
66 58 72
96 53 38
43 27 54
31 32 64
13 75 21
54 34 49
61 64 96
29 13 66
34 85 12
0 33 32
11 83 95
49 20 36
77 65 7
99 84 74
67 17 39
72 59 66
85 12 84
91 21 52
46 52 90
43 95 17
32 67 49
20 22 46
61 11 75
64 50 95
12 45 79
89 76 52
72 93 26
32 92 62
17 68 79
85 6 67
43 54 75
37 58 85
80 42 100
61 26 100
27 31 37
28 76 26
22 50 84
74 39 65
7 96 15
32 1 50
22 65 36
40 74 48
23 7 19
97 57 38
14 67 50
87 80 78
14 83 67
99 8 34
18 27 90
78 50 22
35 91 72
73 98 97
26 24 22
98 7 98
39 38 7
47 12 41
28 1 48
81 74 50
59 25 91
6 65 21
47 36 46
36 63 91
93 40 61
92 82 46
39 35 47
46 65 8
25 41 30
44 77 50
51 16 5
55 95 17
36 74 55
90 13 24
90 68 4
45 53 45
60 90 80
3 86 17
53 79 87
95 22 26
28 8 6
17 19 27
46 83 98
56 26 39
64 36 100
42 72 97
17 66 46
75 14 6
46 75 65
72 40 82
24 25 62
6 56 79
60 18 51
96 21 39
17 20 79
24 58 94
90 95 72
76 91 93
76 92 64
29 14 69
23 28 22
4 27 12
79 1 48
48 27 67
12 8 66
36 44 39
99 40 27
79 85 53
29 20 26
61 0 77
93 57 73
35 51 62
47 87 53
17 24 100
10 35 30
62 23 23
24 79 27
85 11 20
13 64 95
99 74 16
34 77 29
94 97 35
77 85 94
2 45 11
60 44 59
96 72 45
59 22 88
6 12 18
70 45 57
63 56 7
94 59 93
84 14 8
59 14 45
68 36 37
46 68 42
74 11 61
94 29 26
5 82 57
80 99 51
92 61 27
86 16 70
49 91 82
48 16 96
78 34 58
56 24 2
75 0 2
90 92 16
59 12 83
47 64 44
41 49 32
86 39 37
50 16 13
38 64 94
13 19 12
69 57 56
28 60 5
41 22 46
92 18 9
25 16 73
62 91 97
95 68 22
99 82 32
46 41 39
1 83 55
21 80 34
96 90 11
64 33 94
40 10 32
12 61 37
29 19 24
2 71 26
17 15 20
40 55 16
96 91 89
8 44 72
49 0 66
67 40 38
64 66 37
77 54 45
71 49 6
2 70 25
95 46 21
4 6 62
91 63 42
56 1 55
43 35 9
85 82 89
47 76 79
97 52 26
58 64 60
90 59 96
35 52 76
55 36 60
74 15 28
85 3 51
68 75 6
12 99 99
3 93 70
91 47 42
35 96 6
32 41 81
95 1 75
48 7 59
49 53 42
46 14 68
63 51 79
21 80 30
89 8 46
53 3 24
35 75 23
71 34 43
63 56 6
85 44 1
44 31 58
7 71 61
52 30 51
56 92 77
35 78 58
27 90 10
62 60 21
46 75 31
14 13 52
50 2 48
14 75 31
75 57 18
85 10 72
9 94 41
94 31 91
67 95 85
78 82 88
88 15 92
21 43 68
11 25 5
17 84 91
2 97 94
91 55 74
59 3 41
48 36 78
24 18 5
28 35 50
43 9 94
43 5 99
6 4 23
57 29 4
75 62 54
73 59 66
14 42 12
26 92 37
72 56 67
14 13 69
70 22 46
64 21 25
76 38 69
56 7 13
19 16 19
63 45 92
66 4 58
90 54 78
82 75 91
49 63 88
55 12 12
61 12 52
99 49 19
8 97 24
40 55 26
95 4 46
91 94 27
50 32 54
67 38 19
55 1 33
4 29 65
91 75 6
69 34 24
35 46 16
97 35 95
9 82 18
98 46 58
0 10 93
59 19 52
20 50 6
37 29 37
52 51 2
65 27 53
41 38 71
37 53 35
59 62 14
41 4 64
73 1 21
86 17 65
48 14 97
65 12 84
15 22 55
65 54 8
99 84 1
10 73 94
30 46 71
14 26 65
52 3 38
72 97 6
50 73 47
89 25 88
23 98 2
41 31 66
75 1 20
77 56 13
63 18 5
83 53 3
4 56 36
94 70 87
99 51 85
62 0 66
86 43 31
72 33 72
10 98 49
25 65 96
91 59 41
18 8 27
22 89 56
92 54 17
51 18 46
23 31 9
76 98 65
95 63 36
28 70 2
40 64 93
55 18 92
93 92 51
46 43 40
46 68 39
29 71 96
57 16 99
2 76 90
62 34 56
57 39 33
3 81 46
85 32 24
23 49 76
54 17 6
99 51 22
16 12 65
71 33 84
74 85 36
25 2 60
96 79 69
59 56 44
2 40 83
65 89 50
3 41 36
1 95 78
98 18 30
42 46 37
87 29 1
16 20 69
43 46 79
59 8 4
36 21 59
59 16 5
25 76 56
26 78 26
98 56 6
38 65 38
95 93 8
25 51 26
49 89 22
67 51 20
37 48 42
14 26 86
91 43 24
97 85 36
60 28 63
14 86 70
60 65 73
48 74 54
69 86 85
51 55 43
44 36 28
85 78 95
17 89 36
36 83 37
59 27 41
80 89 44
34 90 93
54 69 81
99 84 9
23 87 76
50 83 78
1 34 51
79 60 93
9 43 7
93 27 48
87 35 84
77 49 14
97 47 48
53 68 97
85 46 28
5 20 39
86 6 59
66 32 42
89 82 60
69 5 62
20 31 65
82 59 54
83 22 41
29 80 34
35 23 10
2 10 52
6 82 92
28 30 43
73 77 90
23 57 68
87 67 80
52 61 8
40 26 33
44 63 81
77 67 96
9 15 57
59 85 68
68 54 14
64 67 74
65 66 95
75 43 20
86 99 77
61 1 82
37 13 60
42 23 7
50 46 60
27 91 49
70 79 58
61 76 40
12 31 65
5 85 66
20 84 18
39 59 77
20 32 71
25 47 5
43 1 30
21 33 27
3 50 61
23 87 70
92 49 1
38 30 63
45 69 88
54 83 88
34 22 66
54 29 45
75 34 61
56 51 32
42 4 45
0 96 59
12 95 65
20 86 52
35 59 94
88 43 31
97 21 54
17 60 16
59 20 69
51 42 2
12 62 63
50 88 80
66 70 67
49 76 89
99 74 80
29 55 45
77 30 56
73 64 75
33 40 8
15 62 1
84 80 85
13 6 60
77 14 16
49 88 53
41 71 16
70 13 93
87 94 85
5 96 2
78 96 66
15 45 37
44 28 61
7 35 21
93 87 33
22 57 93
26 37 87
39 5 25
75 87 60
2 32 45
22 6 30
73 79 35
18 95 37
32 65 34
97 95 61
83 80 15
1 11 49
86 64 48
62 11 37
8 16 74
82 77 47
42 83 68
98 91 14
1 47 33
6 73 100
21 58 15
42 11 39
49 71 50
74 91 43
87 63 62
95 9 66
31 79 66
29 11 73
24 95 6
40 6 62
92 43 77
55 60 19
44 18 29
13 48 65
28 0 42
93 87 100
83 6 27
47 82 88
52 17 92
39 19 6
73 12 43
83 35 61
57 43 91
56 82 57
61 59 61
25 89 28
17 60 13
64 79 27
38 86 5
35 10 95
16 99 72
52 6 15
98 56 23
18 29 24
76 75 87
54 42 74
10 23 74
38 54 20
32 34 37
56 25 64
71 83 44
45 32 34
50 56 2
12 58 52
32 25 78
94 49 35
31 51 62
66 61 14
23 8 9
17 21 2
80 78 69
26 40 89
17 67 33
46 0 52
89 10 96
44 39 50
85 66 90
48 81 5
18 65 6
74 40 9
84 31 22
75 64 33
99 36 79
74 65 71
19 89 53
74 71 86
0 69 50
66 71 76
83 29 37
95 10 75
54 18 79
73 48 79
42 24 6
16 94 91
40 70 51
47 94 60
68 49 98
32 79 88
89 85 80
88 46 86
8 19 10
68 50 40
36 11 81
58 89 58
38 15 60
80 61 5
79 59 94
18 86 85
18 28 49
70 96 8
94 5 66
38 69 35
5 80 99
94 85 28
23 63 98
20 52 39
84 9 4
3 7 58
26 12 35
22 82 79
62 13 39
98 52 46
78 31 20
94 70 17
57 43 44
69 99 8
88 20 81
69 31 35
37 14 40
60 22 89
30 96 15
93 27 57
12 51 38
88 75 16
12 67 20
52 42 41
70 2 8
8 39 82
74 62 81
32 7 97
32 58 50
89 91 98
97 60 60
29 21 33
81 68 53
97 69 57
99 48 60
27 29 96
46 56 85
12 75 22
59 84 36
45 17 69
66 59 16
16 52 55
47 25 75
45 29 10
58 39 83
4 53 1
65 90 82
42 78 33
79 68 47
17 19 97
41 70 20
92 22 83
87 63 38
13 34 92
0 47 23
4 80 94
90 46 81
31 85 33
26 61 84
40 58 2
28 60 26
99 33 85
74 89 48
50 81 21
16 80 30
83 49 88
16 43 71
61 70 57
68 57 3
84 60 8
17 22 19
40 69 32
45 59 8
33 70 51
43 63 49
84 80 98
19 41 87
81 70 66
35 56 36
41 6 90
85 43 17
35 57 62
78 9 59
5 77 91
35 28 70
2 60 94
76 62 5
41 78 21
53 74 67
11 39 18
4 87 96
89 51 1
57 58 72
62 20 75
11 88 95
79 81 22
45 26 39
17 88 33
13 44 25
52 97 3
10 24 95
83 14 98
26 45 83
39 81 34
13 74 88
43 99 69
42 39 94
27 34 86
23 49 27
68 95 40
38 83 66
51 64 69
29 16 57
11 0 90
