83 18 70
75 57 34
2 45 100
11 54 17
13 94 33
24 6 67
50 85 84
23 17 7
71 59 58
93 88 12
61 39 93
62 55 55
69 22 43
75 79 24
49 50 82
28 82 21
47 36 63
28 89 51
84 43 9
98 4 57
29 94 52
48 60 46
6 76 88
5 46 37
62 99 30
81 91 74
24 10 51
68 43 58
31 32 68
65 41 35
63 79 44
13 88 43
30 80 91
12 50 52
84 44 11
25 89 11
18 79 7
70 44 5
0 41 69
68 14 10
77 46 65
67 97 31
14 20 82
61 40 94
86 62 73
44 52 74
67 37 9
73 82 99
17 86 74
28 60 19
85 50 67
3 97 76
4 55 55
40 29 43
73 44 4
20 64 42
31 91 62
12 65 58
35 28 34
96 29 28
63 85 78
34 86 25
92 0 32
90 24 64
78 13 52
20 37 87
5 81 74
47 62 41
79 20 32
70 32 94
66 61 55
39 57 33
74 24 56
29 78 84
55 21 72
69 76 66
21 55 23
13 92 75
1 67 5
53 90 90
49 9 16
79 16 86
50 71 2
50 28 32
93 23 41
91 62 52
70 64 31
56 52 70
45 90 21
0 75 19
1 61 86
12 52 1
33 30 97
60 37 32
33 61 30
34 38 95
5 57 8
92 77 22
78 61 41
1 13 69
0 79 89
34 36 100
57 56 31
80 34 81
40 76 61
80 93 25
34 93 62
53 69 95
21 41 94
56 49 19
42 62 41
70 54 1
22 13 79
16 46 44
25 69 4
70 68 11
37 16 77
19 29 22
62 85 51
5 8 5
7 33 67
7 94 26
20 50 75
37 84 12
49 77 97
88 66 12
41 70 87
63 3 41
90 3 37
30 84 66
13 55 28
87 89 87
94 29 6
6 98 78
93 50 68
64 19 18
88 33 63
93 7 77
91 75 22
66 41 12
99 28 17
31 5 51
90 31 6
77 6 76
0 56 79
16 77 93
24 76 92
19 73 30
28 25 30
86 80 39
80 23 29
43 34 79
33 19 72
11 57 47
82 76 74
43 22 63
30 24 98
45 29 74
10 85 20
20 11 12
0 76 32
26 50 76
30 99 44
7 93 61
68 81 59
44 16 41
95 54 91
98 55 96
40 42 32
63 65 78
44 20 51
71 81 71
80 6 94
58 13 91
61 58 91
25 70 8
89 90 4
22 84 76
56 25 31
60 84 90
45 8 40
1 30 65
25 58 63
75 12 80
85 84 41
25 13 29
30 92 33
7 87 33
71 70 32
54 53 88
62 47 65
24 21 68
63 35 75
16 35 20
39 62 56
53 82 44
28 74 4
64 55 73
6 50 61
33 31 24
76 55 53
2 85 59
58 62 13
72 96 40
69 2 31
95 80 50
70 99 34
44 25 47
25 21 9
28 35 1
53 80 23
60 34 54
73 77 11
66 56 63
20 28 38
75 60 14
46 88 69
66 26 38
20 88 11
59 22 17
51 92 39
73 38 27
17 28 81
89 25 63
64 3 90
90 46 96
67 13 24
30 0 68
67 90 85
0 11 93
87 28 42
24 4 79
89 9 37
27 34 33
55 19 62
26 32 18
74 69 47
55 90 44
23 54 39
51 56 84
90 26 93
20 92 30
80 6 53
73 76 4
74 27 48
5 36 24
11 77 59
54 76 32
67 23 14
31 72 92
2 33 22
31 44 19
54 63 35
10 32 23
72 71 97
17 71 97
72 14 18
83 42 38
79 69 95
6 73 91
92 82 89
18 83 90
76 93 42
78 26 64
80 33 84
78 28 90
83 0 44
20 90 34
79 61 49
55 24 88
88 64 54
8 9 93
78 55 66
77 3 12
34 47 40
78 71 23
80 23 77
6 78 61
98 4 16
15 57 44
1 43 97
61 8 25
71 8 13
29 49 84
66 87 95
75 63 60
88 89 83
87 33 59
31 25 44
62 94 18
56 24 15
66 27 84
90 85 1
35 81 64
57 67 95
33 77 29
57 93 98
82 97 83
19 94 39
40 6 13
59 3 42
60 21 1
92 5 45
72 20 70
99 64 13
40 2 9
24 72 68
35 94 27
30 68 66
92 16 54
30 42 72
5 47 3
63 24 35
16 21 72
51 59 90
9 26 97
51 58 8
68 78 50
72 13 97
25 57 71
55 34 36
96 78 28
67 58 45
98 48 36
46 11 61
56 90 50
55 56 53
81 54 46
82 76 71
70 88 54
97 98 21
70 34 58
71 65 15
36 57 52
67 35 19
55 84 29
52 20 61
95 74 43
92 70 41
16 84 59
30 64 23
27 63 23
26 53 35
19 77 94
60 50 30
24 22 30
7 75 79
83 24 24
56 13 3
39 10 16
91 85 42
54 56 74
53 72 72
94 92 57
91 23 7
51 85 99
29 64 38
37 92 70
43 85 76
42 32 73
30 16 34
50 82 27
14 88 17
52 17 23
45 62 91
12 96 100
68 40 53
28 5 19
73 91 7
40 74 14
70 5 15
36 70 33
38 42 62
97 36 30
38 40 100
79 55 53
93 0 4
98 72 45
7 83 85
0 49 31
26 95 76
48 49 25
64 11 1
62 82 38
31 50 46
58 36 47
52 68 63
27 86 73
73 54 91
49 52 78
80 43 30
77 16 7
83 3 19
33 58 48
69 42 79
76 84 55
50 63 28
66 45 81
78 65 65
99 89 44
32 9 85
72 53 35
58 98 77
75 34 36
2 56 2
53 7 73
3 37 100
66 60 41
35 12 16
22 35 84
79 81 80
33 54 78
12 27 53
70 83 8
40 19 90
47 42 48
38 77 94
94 8 7
56 9 44
70 52 16
75 57 77
39 10 73
10 67 57
87 74 17
69 4 30
1 83 99
92 18 90
71 19 55
89 20 10
44 97 43
38 11 17
58 65 66
76 2 60
54 35 33
80 30 69
28 33 14
88 54 49
80 7 79
77 96 62
40 21 68
42 28 62
47 22 31
36 99 42
44 26 98
55 20 28
94 24 54
48 85 81
95 84 12
57 15 23
49 6 62
55 69 2
97 56 87
49 29 76
85 34 98
31 88 22
44 81 96
79 99 58
72 7 22
34 81 34
97 91 85
83 53 52
93 34 69
64 48 26
54 1 100
6 45 62
45 9 61
16 80 33
88 13 1
53 91 18
41 99 89
4 50 76
22 65 2
98 17 66
14 65 64
5 57 23
64 97 46
99 8 96
43 8 3
56 65 66
18 85 67
46 37 85
2 40 34
82 0 58
20 63 45
7 70 63
4 5 56
7 50 96
11 74 32
17 68 94
60 93 87
86 74 3
75 24 14
48 66 5
90 57 15
93 37 70
19 9 19
99 1 63
92 1 71
61 8 76
99 65 93
95 27 45
52 4 51
20 51 69
88 89 87
76 50 84
46 97 9
55 64 10
90 75 43
5 1 85
34 93 62
27 23 1
88 48 56
59 66 44
11 53 14
92 62 15
4 82 79
21 55 86
94 39 36
94 77 35
48 64 82
55 52 65
22 97 35
12 57 64
64 98 39
9 71 54
61 98 46
90 66 3
46 65 97
63 98 27
1 38 87
55 33 11
87 68 72
64 62 95
21 41 8
41 91 70
71 68 20
56 96 68
9 40 72
1 19 8
57 24 13
67 72 32
17 25 20
2 46 47
41 89 92
60 43 56
98 5 17
22 32 6
5 84 1
31 22 41
5 47 41
92 57 68
71 99 80
88 59 33
82 11 7
25 39 30
96 37 5
92 76 10
20 16 34
62 51 20
49 3 29
22 93 58
30 24 29
51 18 9
15 79 89
35 95 40
25 27 76
66 17 61
45 7 68
94 6 38
73 0 15
76 74 65
6 72 4
67 26 92
79 56 52
10 35 10
78 49 85
7 99 25
32 44 61
31 45 15
22 24 55
41 70 5
40 50 100
8 85 89
23 60 13
9 64 88
84 47 74
65 66 25
57 8 71
71 73 10
94 56 66
16 79 77
25 92 72
67 46 100
56 55 98
24 26 43
69 3 3
4 32 86
34 62 72
69 86 60
11 77 27
29 5 66
16 28 28
87 93 93
1 78 40
32 1 26
61 24 3
33 18 24
81 95 49
70 11 42
33 98 45
99 50 69
80 50 17
4 95 6
72 31 40
48 38 84
38 34 62
94 40 63
95 33 91
38 44 24
96 25 67
21 58 49
20 26 46
40 7 78
70 6 95
3 88 12
86 87 92
7 18 53
45 46 23
19 16 43
83 94 48
48 34 33
14 18 50
50 21 79
99 32 57
26 81 3
53 76 24
62 59 81
96 95 8
32 62 40
99 24 20
18 91 1
25 23 20
63 57 41
34 77 6
39 33 15
72 56 62
62 64 100
87 73 57
90 66 70
96 34 96
50 73 8
52 46 91
86 99 83
8 93 35
29 59 12
65 8 83
85 0 11
86 37 16
55 36 10
92 77 65
68 63 19
29 86 59
89 65 74
56 11 60
37 49 55
33 28 72
90 9 39
94 64 5
29 27 30
49 1 44
3 73 58
84 87 40
66 69 92
43 88 100
98 44 91
29 7 99
46 48 64
84 87 9
64 75 20
86 42 29
22 70 97
7 49 87
5 43 80
74 37 25
91 48 45
53 22 89
93 35 21
4 99 76
86 29 22
18 28 54
8 31 51
58 12 64
67 5 17
58 18 78
70 19 94
15 59 13
29 93 44
51 68 96
90 97 15
5 48 43
42 52 79
68 8 11
78 85 74
37 8 75
79 72 28
36 84 16
49 6 19
4 6 36
97 72 41
28 8 98
12 74 67
7 33 6
37 74 4
8 42 46
10 16 54
33 80 29
10 89 26
44 53 95
54 19 63
28 70 8
38 72 7
87 75 87
59 19 52
62 95 85
93 54 13
85 80 36
24 55 13
73 19 77
7 66 92
82 57 64
23 62 89
86 98 50
83 68 75
15 14 100
5 39 48
32 52 28
8 30 94
60 86 64
91 52 32
92 24 9
64 85 15
17 89 44
15 59 6
6 21 41
84 31 63
10 33 36
13 64 91
71 0 37
49 38 94
22 29 54
69 42 49
46 1 9
97 0 51
45 88 21
91 81 45
1 9 1
69 70 76
46 6 73
16 14 100
80 58 93
42 59 81
35 13 2
84 7 21
40 31 77
58 42 59
84 87 95
32 14 53
30 66 3
27 31 80
79 17 96
12 17 2
57 75 10
95 11 26
34 15 92
97 60 42
75 62 16
87 88 93
47 18 92
83 25 82
92 73 47
26 23 10
92 75 9
99 41 23
64 13 94
42 69 61
74 20 2
0 96 39
16 88 96
41 16 95
41 98 57
96 20 27
28 91 44
50 71 78
58 36 90
80 60 53
11 68 19
57 97 63
40 52 23
36 98 17
63 0 39
9 46 49
14 42 10
97 26 90
20 21 64
34 56 20
61 97 31
21 7 47
96 56 79
59 51 74
69 51 24
89 56 90
11 75 16
17 36 30
15 56 3
84 88 8
66 34 95
61 31 36
78 95 53
40 91 70
55 47 84
27 44 64
60 26 78
65 17 18
66 69 31
56 16 24
99 16 88
85 82 78
98 25 100
19 56 70
25 72 10
79 71 45
2 64 50
17 58 66
54 6 6
24 20 44
43 45 59
98 87 41
29 56 39
12 49 96
68 23 41
28 18 6
7 10 22
43 40 14
90 83 36
62 91 51
40 24 84
39 7 53
66 64 81
94 96 48
26 43 26
90 91 93
69 64 50
57 38 17
20 67 75
20 93 52
95 51 72
75 71 73
48 20 90
51 98 65
88 71 22
3 93 43
74 48 84
64 62 5
47 78 59
65 14 93
46 2 98
95 71 66
36 29 79
76 23 63
16 44 6
11 49 3
94 78 11
56 72 35
34 76 51
87 52 30
26 14 52
23 49 7
67 81 95
45 85 82
24 10 94
84 72 93
52 46 11
40 22 77
80 18 74
53 78 39
97 22 30
95 47 75
80 12 70
47 76 2
17 26 85
1 98 1
49 90 25
13 95 56
22 37 55
47 51 67
23 91 99
9 32 7
0 42 45
93 33 16
47 48 79
6 75 25
10 2 72
55 38 76
41 63 44
46 78 55
72 45 38
74 94 10
19 75 30
9 83 14
11 90 60
99 68 73
93 56 18
20 87 39
83 70 99
40 56 45
30 78 9
48 1 80
26 34 6
28 50 86
12 48 21
75 43 63
19 21 60
31 60 47
88 5 58
36 75 84
58 41 37
36 35 93
45 50 21
56 35 11
38 62 68
78 12 47
88 12 35
61 15 68
74 22 76
32 69 20
17 98 33
55 61 60
36 33 100
63 19 77
96 28 7
58 48 48
74 20 98
29 83 5
99 42 96
66 84 33
90 81 23
54 75 78
12 88 86
26 50 83
20 89 35
99 15 28
47 91 7
24 7 79
88 9 23
54 48 22
79 45 35
78 40 88
66 96 43
22 64 45
14 23 7
47 10 31
83 86 82
46 5 19
54 79 28
33 56 74
37 39 76
46 12 57
10 21 30
43 35 99
66 72 32
90 58 19
55 95 96
35 76 21
58 34 71
31 14 33
25 93 57
69 13 85
67 89 66
36 53 95
62 3 64
19 13 12
83 43 72
54 39 43
38 82 42
93 30 4
2 22 87
36 28 3
56 90 22
6 51 54
93 5 81
78 16 9
65 58 86
93 91 21
67 50 71
30 39 7
11 30 32
6 85 65
82 22 26
45 56 64
41 22 46
89 69 60
67 58 23
15 61 13
58 0 64
17 44 74
15 45 21
13 73 95
36 80 41
81 68 41
18 84 25
20 42 29
32 45 98
16 95 71
66 77 90
11 47 30
64 92 3
3 79 16
72 28 31
47 69 13
21 92 30
8 39 13
12 1 39
60 29 48
86 8 78
27 64 50
82 35 20
1 87 72
69 97 13
81 79 52
98 70 88
84 54 65
22 4 86
57 23 54
17 27 72
39 13 23
95 81 67
58 99 62
82 53 94
74 40 45
23 55 71
75 66 78
65 44 70
25 40 79
22 76 73
79 88 21
58 70 94
64 82 89
42 37 25
53 45 92
94 35 84
23 70 65
28 10 31
92 44 53
6 99 73
0 33 25
54 60 38
68 82 66
17 35 28
27 60 49
98 75 37
88 17 92
21 56 80
36 97 9
68 47 62
84 1 30
22 75 31
17 53 40
88 12 73
76 30 42
83 21 92
15 16 45
31 27 53
19 64 59
86 19 80
56 73 91
60 85 34
33 71 33
15 51 14
59 14 4
5 24 53
93 55 65
95 48 64
61 74 46
92 50 52
61 92 69
38 29 72
93 21 11
82 9 23
55 99 72
74 25 17
5 72 23
61 77 57
54 35 68
86 73 54
25 71 41
49 10 27
40 72 51
44 29 59
16 50 60
58 89 69
51 6 74
71 72 80
45 51 71
83 44 61
89 47 57
19 92 82
32 26 44
56 99 97
95 40 57
86 40 85
33 95 22
86 71 5
6 46 69
81 62 36
92 7 34
84 78 72
8 30 56
28 13 84
89 33 87
11 53 43
17 99 100
77 58 82
92 60 25
54 18 96
90 79 21
76 42 79
68 36 67
20 70 61
40 33 5
24 36 65
96 5 8
50 47 10
65 94 55
74 77 68
31 91 8
18 75 60
92 30 87
36 61 38
93 15 77
86 51 28
55 42 93
60 45 6
76 95 21
21 63 97
25 73 7
71 87 57
33 63 11
40 88 62
24 16 70
49 50 83
88 92 90
69 85 12
65 95 56
95 98 16
14 38 95
8 80 95
63 93 95
1 21 37
34 6 66
62 9 59
29 68 46
14 73 11
56 57 4
38 96 7
59 72 17
82 57 56
93 92 16
79 99 6
80 6 24
99 59 34
17 25 43
54 35 6
62 93 33
79 68 33
83 46 71
10 0 31
12 20 70
65 43 92
91 50 73
98 92 17
98 1 22
99 81 75
21 98 27
40 81 78
32 18 97
33 77 33
38 42 8
81 48 63
75 91 95
49 52 57
9 13 3
85 30 32
93 14 18
35 48 98
23 18 23
56 94 63
67 75 27
72 1 64
29 33 45
18 53 71
57 87 51
11 91 18
27 58 91
8 33 99
51 64 56
39 58 27
90 69 37
45 14 100
98 17 57
80 33 27
64 58 18
30 96 41
54 32 97
85 49 63
42 77 93
12 43 82
0 32 67
92 33 58
64 5 95
32 2 69
51 47 69
28 24 96
30 43 100
22 9 63
1 84 92
33 17 47
28 15 31
72 30 8
68 81 1
58 55 55
7 29 5
40 25 7
46 23 61
71 8 64
4 76 89
15 57 64
16 69 89
83 64 58
87 13 14
74 68 83
93 63 60
25 29 36
17 77 86
55 90 53
6 73 6
12 38 63
72 67 53
30 99 59
14 48 52
6 85 31
64 18 1
86 62 6
94 22 66
93 38 19
28 98 41
36 94 98
47 14 77
89 33 49
94 15 64
61 41 23
15 20 70
13 76 53
25 62 22
77 68 10
53 26 8
46 91 83
81 40 99
75 38 86
68 40 98
63 37 77
17 81 44
84 47 13
32 9 95
82 65 79
24 65 79
73 53 63
70 5 48
4 57 46
17 27 86
0 12 78
82 37 88
11 6 92
98 43 35
76 39 44
43 15 55
94 37 25
36 83 31
13 63 27
10 48 70
47 94 15
78 26 33
15 91 77
95 80 34
49 64 40
39 83 14
63 22 53
38 82 92
53 2 17
26 61 44
43 86 38
14 29 9
81 33 4
46 97 16
71 1 72
96 8 75
0 90 67
79 30 9
41 86 69
10 32 85
22 10 88
80 97 43
74 57 80
94 81 15
72 65 33
93 32 21
76 25 21
87 33 39
9 33 88
77 32 100
88 72 1
76 52 60
79 92 25
82 23 100
9 61 79
66 84 92
20 73 96
10 45 40
79 38 73
43 25 81
26 44 69
27 72 78
57 36 64
71 99 12
70 48 95
6 95 61
62 85 62
63 88 88
30 63 49
12 71 65
15 40 13
73 41 78
46 33 77
81 29 21
83 68 73
65 85 62
92 22 55
51 0 47
97 58 43
14 84 93
52 30 58
84 35 80
34 61 86
28 63 73
54 10 77
48 96 19
38 90 36
13 1 11
27 58 49
21 83 33
4 49 25
90 6 48
40 82 56
56 37 11
47 68 65
30 91 65
2 74 66
42 29 68
41 2 7
47 70 76
44 90 44
1 54 45
56 3 86
33 44 55
71 55 49
37 24 100
52 27 8
11 46 32
63 72 81
86 89 93
26 77 46
11 57 34
36 96 46
95 71 37
70 38 32
18 53 73
6 57 98
54 75 52
72 87 80
67 78 89
98 7 87
9 42 1
79 88 99
22 81 41
31 83 21
1 48 2
20 39 52
85 60 14
29 24 25
21 79 9
78 5 41
50 76 85
62 4 85
20 89 91
38 28 24
31 26 24
59 22 96
24 29 67
72 31 87
28 54 54
21 20 12
56 81 28
5 27 20
67 28 35
88 20 27
49 29 77
85 95 48
95 55 14
29 45 38
69 33 93
18 91 68
42 76 96
9 64 46
69 0 35
75 21 53
40 82 2
19 80 25
38 36 51
16 68 37
57 72 28
63 28 57
95 79 3
86 79 58
98 51 99
41 24 59
22 33 54
70 82 64
42 91 33
48 24 6
88 56 47
87 80 80
24 19 91
55 25 80
71 61 67
69 58 55
30 72 18
38 9 79
31 68 12
6 76 61
17 55 71
79 57 61
9 10 89
20 26 59
34 6 17
32 86 66
41 67 76
53 65 8
34 9 74
49 21 91
71 7 54
30 36 72
2 67 83
11 80 44
1 47 83
99 78 11
2 84 13
4 87 95
79 33 14
53 30 33
36 38 29
43 12 95
39 18 8
47 98 60
8 91 87
60 64 28
88 40 81
10 37 26
95 42 12
48 42 45
40 48 24
34 48 17
30 75 65
3 54 29
46 85 77
14 5 17
73 5 56
10 79 27
70 62 32
37 0 100
74 62 82
44 62 60
35 19 91
76 58 22
27 90 91
54 39 43
6 46 45
65 83 32
15 45 95
51 13 16
51 79 22
59 94 58
28 17 64
18 30 26
38 5 26
45 85 36
20 74 97
65 72 8
80 87 24
1 45 88
33 80 68
5 39 46
33 37 90
61 69 38
93 25 85
72 6 33
19 26 93
55 37 50
52 96 65
37 60 92
82 85 83
58 28 15
97 87 78
22 42 93
9 86 86
3 93 26
84 59 69
73 29 4
61 63 64
98 20 76
76 13 48
90 78 51
17 45 56
18 74 56
12 13 59
78 73 66
72 83 1
33 67 61
73 97 41
76 25 17
19 94 71
65 12 51
2 55 44
18 65 17
43 24 3
9 20 15
11 93 14
54 80 60
64 71 11
85 50 8
52 39 23
55 15 42
94 18 57
27 97 61
15 3 39
98 52 33
8 32 42
93 99 8
94 13 6
46 13 44
78 32 47
39 72 89
75 32 36
37 74 41
84 85 29
13 58 25
23 46 31
1 83 52
56 45 42
98 47 90
21 8 47
76 26 16
50 38 67
30 28 24
96 6 28
63 81 5
71 78 31
2 85 90
79 50 8
33 94 84
48 80 81
86 45 71
29 72 24
76 83 96
58 41 97
78 23 84
66 99 38
45 65 2
90 96 57
11 76 83
44 67 5
63 68 20
99 67 47
94 36 33
28 0 56
7 28 1
48 81 91
67 60 69
16 54 93
85 69 45
67 33 36
32 14 46
90 42 58
86 81 37
57 13 44
47 12 48
24 44 74
13 75 75
72 32 9
98 8 99
47 59 89
1 91 61
75 84 59
87 77 80
2 27 26
43 57 43
90 51 55
97 38 4
67 42 47
48 64 6
17 13 26
58 19 67
65 63 15
14 79 43
24 47 46
34 40 78
85 47 68
99 52 97
16 23 64
9 44 42
76 94 25
44 81 20
8 29 93
2 16 34
87 91 47
45 19 92
0 45 82
16 77 95
85 84 52
21 99 10
11 74 93
42 72 14
5 69 24
5 36 74
56 15 85
59 95 55
31 32 99
69 95 2
95 80 58
39 34 50
62 53 76
79 81 94
74 82 19
53 12 87
49 44 4
81 19 61
63 57 91
49 4 11
52 36 25
18 89 23
1 6 86
65 8 38
34 22 2
61 32 30
55 9 97
54 81 64
83 24 92
38 27 100
54 32 21
14 6 20
48 36 15
46 97 51
7 3 76
90 3 60
74 92 7
24 12 66
1 38 91
85 26 27
30 87 4
86 64 40
4 98 4
22 75 88
74 46 22
45 49 50
92 14 10
44 32 14
45 79 52
62 74 27
64 47 71
24 19 61
89 57 41
35 24 4
66 82 68
42 52 28
6 37 73
99 29 34
43 52 27
20 33 73
56 74 74
98 14 57
92 96 41
91 59 81
90 37 37
92 68 73
36 81 83
94 59 53
58 84 12
88 23 97
6 28 46
70 44 77
55 24 35
63 68 6
42 60 67
48 63 4
89 42 13
92 9 46
40 65 21
9 73 78
35 30 29
57 99 81
17 52 81
47 57 93
50 66 21
79 52 39
84 1 83
33 80 83
94 46 22
80 67 98
53 99 64
38 57 46
92 38 10
3 78 51
84 89 44
80 34 79
44 6 28
94 71 83
16 57 75
12 53 88
72 78 2
43 51 18
47 78 24
82 44 12
17 96 78
56 72 15
27 8 90
26 20 61
89 95 26
29 17 45
95 3 54
33 4 9
15 51 57
77 20 39
60 14 17
54 86 71
79 28 80
21 75 71
86 93 15
42 3 5
26 17 81
16 84 100
7 46 3
39 13 31
47 96 16
91 5 37
24 11 79
22 43 58
80 15 24
26 40 82
40 92 3
36 5 7
4 94 49
58 32 39
30 92 9
30 9 76
57 53 93
54 48 53
54 9 91
12 58 52
30 78 80
16 33 97
12 16 10
56 83 20
59 27 48
16 84 27
61 5 40
49 24 66
49 34 6
24 85 11
90 72 89
48 1 14
6 14 65
87 7 72
17 77 24
84 95 82
90 99 38
61 21 82
2 74 25
31 82 60
25 20 1
94 82 49
65 10 78
3 8 92
53 68 41
2 41 90
90 17 10
68 59 96
85 59 67
5 62 21
36 22 29
45 29 98
10 44 39
28 18 52
40 11 33
15 49 29
46 14 41
7 58 84
48 3 89
61 84 93
12 45 42
63 36 4
49 3 92
12 0 99
40 45 91
17 6 48
3 73 38
58 79 48
99 0 48
31 87 18
14 45 15
37 61 94
44 91 14
94 96 45
25 57 29
15 56 65
69 76 79
49 43 40
97 85 76
8 36 57
1 18 75
26 16 10
88 93 81
17 16 86
15 16 56
92 69 93
56 72 20
19 99 71
88 11 53
54 62 8
3 61 83
27 85 3
90 20 8
34 98 90
91 4 44
1 89 46
96 71 28
5 15 88
93 82 76
92 40 29
95 71 34
51 32 11
7 74 14
15 69 79
43 27 60
27 68 24
16 97 38
98 32 80
52 21 9
25 28 61
63 9 9
63 29 99
96 61 33
52 83 41
98 19 59
6 50 19
22 85 43
79 75 44
94 23 61
32 24 90
72 24 84
68 8 89
56 93 94
33 95 43
17 58 28
25 0 9
80 30 25
95 1 70
34 75 81
19 10 9
10 23 56
64 49 22
55 8 21
53 4 12
77 6 4
86 62 79
60 59 18
60 6 22
28 51 23
39 97 31
58 33 15
4 76 2
20 25 59
31 98 97
41 78 19
10 67 6
75 40 94
25 1 34
81 4 56
82 56 12
96 0 19
97 0 45
72 3 19
78 19 21
39 67 17
82 33 97
74 76 84
88 24 32
5 55 29
36 32 55
85 56 93
39 14 11
58 34 5
82 5 71
18 64 26
53 96 49
87 18 14
1 60 26
58 69 82
82 20 97
16 88 74
5 41 42
72 17 93
70 44 28
63 57 69
69 3 28
4 30 82
97 75 19
43 42 30
14 13 55
65 36 83
23 96 72
40 21 93
97 65 15
67 78 48
47 36 42
43 8 47
82 73 72
61 79 25
44 30 41
66 99 22
93 23 69
98 46 44
91 9 4
6 15 12
11 77 97
6 84 15
53 1 82
78 66 59
58 99 22
69 2 47
70 34 92
42 74 43
4 95 36
97 10 81
42 86 18
4 75 65
91 62 13
38 24 5
43 45 31
94 10 83
51 41 81
47 29 47
46 30 31
93 71 42
99 94 19
34 11 52
71 83 5
18 5 48
78 19 20
19 43 94
84 87 93
73 62 34
30 31 81
20 93 30
4 74 79
8 81 13
51 78 77
36 66 39
90 66 80
33 94 1
38 62 58
95 41 63
32 70 19
94 37 27
25 59 48
85 66 97
72 24 7
19 28 41
93 65 49
84 27 33
81 97 56
18 52 37
50 48 28
36 40 11
17 53 100
87 67 50
65 82 52
86 79 28
47 9 9
63 11 78
94 43 100
81 38 76
28 36 64
40 50 8
9 4 34
92 57 11
96 90 49
39 54 2
86 90 8
85 96 59
11 36 90
13 92 5
42 13 24
20 85 81
30 5 94
8 35 86
81 98 32
60 82 87
13 11 8
53 7 65
12 23 69
78 19 89
5 82 65
15 91 20
98 57 18
40 95 6
16 70 87
24 23 1
44 28 89
86 94 71
32 25 82
74 24 53
87 38 49
47 54 62
39 8 80
94 31 61
55 80 33
0 9 1
94 45 87
74 27 19
60 15 48
73 97 72
96 93 99
89 40 42
41 50 75
59 7 80
96 59 3
31 91 99
56 19 1
52 81 38
63 98 8
4 38 11
73 54 8
80 41 70
35 17 92
25 12 52
72 23 71
69 52 99
91 23 89
38 81 83
15 97 30
76 24 20
77 2 90
60 73 96
67 5 72
22 87 9
15 57 70
95 39 61
0 47 69
41 54 64
37 86 67
84 17 95
83 89 38
37 47 5
39 50 86
84 13 83
65 26 54
75 71 56
47 69 53
48 31 2
57 29 11
40 92 21
23 30 6
69 17 25
41 19 29
57 35 71
73 44 46
88 68 16
46 32 42
43 46 99
99 36 27
4 14 39
22 73 28
62 37 88
6 62 22
85 31 25
44 43 88
78 86 20
46 27 82
84 78 44
43 24 97
0 56 30
22 73 57
1 81 77
67 8 33
76 85 82
90 35 37
68 78 65
90 24 26
77 32 23
46 16 84
28 18 68
43 58 46
75 38 43
82 6 33
91 46 47
70 37 34
6 68 9
10 59 4
66 36 84
35 11 53
75 42 49
9 87 29
62 84 81
44 9 97
90 88 9
53 79 25
35 6 78
11 59 42
43 39 49
72 19 8
65 49 92
24 33 58
62 38 51
75 88 3
90 77 3
41 11 18
35 83 85
30 0 90
34 9 88
52 57 12
16 60 84
80 97 90
31 99 87
94 68 94
73 8 86
84 1 90
9 65 56
39 31 35
51 31 69
78 72 72
34 87 70
33 25 4
96 17 74
94 45 52
15 19 91
49 13 98
98 32 81
10 27 88
98 49 27
44 69 63
13 32 88
94 20 59
80 68 42
28 85 18
34 77 92
1 97 100
47 68 48
73 19 93
66 89 8
71 37 50
89 95 31
79 91 15
24 47 75
59 75 14
5 63 41
41 4 75
6 76 16
38 7 5
3 15 26
60 23 97
76 41 58
97 45 21
76 42 94
42 77 18
15 82 3
1 45 55
7 47 55
98 45 70
26 78 87
10 15 48
62 88 64
8 4 43
47 27 37
86 87 45
81 18 26
21 12 29
16 17 56
80 13 12
60 19 85
62 31 6
29 15 72
31 10 64
70 96 59
68 7 74
79 33 11
24 16 55
56 52 14
37 68 15
84 82 56
77 89 63
10 50 30
16 34 75
14 56 72
14 18 48
27 25 51
13 80 25
45 57 31
55 23 72
48 85 46
61 69 45
70 96 99
67 39 24
48 77 64
88 12 32
3 31 53
54 58 50
44 22 74
1 96 67
39 91 12
94 49 52
69 56 81
91 54 66
28 56 21
44 79 40
29 18 45
24 10 58
68 46 17
94 77 72
82 68 60
12 91 5
20 57 100
6 54 12
2 86 57
44 85 45
64 29 39
77 1 48
66 98 43
23 22 1
78 88 33
63 18 28
52 49 69
78 99 75
49 11 92
93 4 68
81 30 71
35 4 41
58 67 56
55 15 11
7 42 61
62 27 32
8 81 34
11 19 55
10 1 10
74 21 89
98 86 89
36 14 26
0 39 29
16 17 18
10 14 16
85 8 24
39 56 59
9 13 52
56 5 28
50 97 41
51 25 20
42 51 47
84 76 63
29 73 71
58 82 9
60 81 74
84 94 6
26 28 57
10 1 44
88 82 26
62 14 8
52 0 98
93 6 88
56 70 64
67 69 53
80 69 84
63 30 99
23 25 95
78 81 67
64 84 86
32 99 65
20 11 100
76 97 15
26 36 45
72 33 77
38 27 15
52 60 88
60 45 39
81 95 72
93 42 63
87 61 5
15 66 54
33 61 60
52 35 58
38 0 33
63 94 20
10 1 95
78 11 79
1 71 4
13 56 44
3 89 17
96 55 30
33 29 72
97 69 9
72 3 15
85 26 81
40 17 82
44 79 39
37 41 39
23 83 41
88 92 40
46 4 23
92 33 49
45 14 57
82 84 25
73 80 84
41 90 7
44 93 64
15 48 51
77 56 77
4 21 13
43 99 10
90 55 40
84 17 68
9 59 44
79 58 49
37 43 20
85 28 22
54 45 99
18 94 21
43 62 80
96 89 100
61 74 69
49 89 38
84 60 91
90 35 82
10 37 77
42 4 72
78 50 43
33 75 58
7 29 45
10 46 37
70 99 56
0 63 78
52 83 56
86 9 2
67 19 34
28 71 72
28 18 5
43 18 70
57 51 26
30 95 76
27 39 30
42 99 9
97 60 55
85 45 65
43 35 51
77 80 93
11 19 30
45 99 89
78 51 1
88 72 18
56 70 26
94 86 79
17 2 84
77 54 17
39 68 65
60 90 14
14 46 76
16 1 21
80 14 3
95 65 25
12 81 9
18 60 17
30 94 98
47 7 33
92 87 57
45 92 73
10 86 80
62 68 88
89 83 34
72 11 60
68 90 58
27 69 16
32 30 42
9 82 31
75 46 29
55 69 47
34 0 7
65 72 4
93 8 18
98 20 15
76 60 25
76 26 10
0 74 79
76 50 26
33 99 22
3 11 73
74 5 13
58 37 49
88 30 12
14 48 43
35 57 26
41 34 69
44 89 67
38 37 50
2 88 23
18 43 70
28 14 38
12 0 17
69 51 64
15 66 16
96 13 85
57 63 33
41 12 44
86 45 85
45 70 53
27 81 48
99 58 68
0 29 42
18 1 18
4 81 90
49 38 12
61 53 22
21 82 39
78 95 68
83 43 8
91 21 23
9 42 92
70 92 47
64 34 93
21 97 35
47 41 97
90 62 50
12 33 56
55 4 100
99 43 39
15 22 68
8 73 69
24 45 77
92 74 27
36 48 77
77 86 53
99 52 18
48 93 88
9 25 11
32 63 49
63 43 50
46 83 43
0 84 72
47 76 71
70 16 12
92 86 26
38 68 24
29 41 60
5 84 63
40 56 78
22 60 96
8 83 36
38 59 3
41 48 12
63 15 19
91 65 5
69 66 41
60 34 73
65 5 87
8 95 22
72 21 76
97 61 75
10 61 91
33 37 48
36 13 37
35 52 87
52 89 30
91 82 80
68 95 67
76 26 59
64 92 90
5 70 57
15 30 34
34 4 12
87 6 60
62 2 73
50 22 93
93 75 86
35 85 55
5 91 69
8 98 91
86 72 22
91 78 52
75 68 39
83 90 52
40 73 74
89 56 57
40 59 7
61 6 94
88 2 31
96 85 72
90 54 22
71 74 14
85 71 79
14 40 6
47 86 93
26 27 61
20 92 46
41 94 87
35 56 48
68 40 46
7 46 83
85 34 98
44 76 36
50 74 17
89 80 91
50 76 26
15 8 24
72 37 71
18 94 52
45 27 25
1 90 71
33 34 84
97 33 88
69 67 22
91 38 82
14 98 62
71 66 26
45 17 39
67 55 59
46 70 77
11 65 7
87 21 98
7 92 42
72 50 35
1 59 90
67 27 93
88 98 58
65 1 83
84 0 62
26 66 58
29 97 85
69 75 1
94 61 89
51 98 96
63 89 25
5 8 20
74 9 82
14 15 37
36 94 24
85 73 44
92 82 92
61 98 60
34 80 99
65 9 95
0 32 18
98 65 95
49 75 17
46 94 95
80 77 88
27 76 100
51 90 8
11 87 79
55 56 4
71 35 26
58 92 71
54 38 3
24 9 81
66 78 95
53 66 93
6 96 25
26 8 92
4 28 18
62 23 92
90 23 65
44 48 4
76 68 93
29 51 26
32 60 77
63 23 57
21 86 57
58 26 69
24 41 24
84 61 75
67 16 81
34 50 27
76 53 73
27 52 62
24 60 64
70 7 36
80 31 98
43 24 54
65 55 41
41 86 90
16 36 16
30 46 26
81 34 50
37 0 8
62 71 39
40 12 84
92 29 57
33 63 25
92 16 36
10 89 18
41 55 41
83 70 10
97 11 24
65 84 90
41 89 51
53 34 84
88 89 60
57 7 71
39 34 36
17 84 100
61 88 79
20 29 9
93 83 38
22 34 24
60 67 84
96 32 35
6 53 35
2 91 76
5 72 59
8 81 4
48 32 59
18 87 62
38 94 33
22 67 23
38 12 3
5 93 69
0 84 97
83 7 84
89 59 51
42 27 20
11 81 7
56 34 45
7 65 96
87 63 34
37 30 78
99 9 38
88 93 71
99 83 6
38 9 75
57 62 26
26 27 26
32 36 44
75 74 39
26 37 59
70 56 89
46 53 9
18 9 1
47 98 76
32 35 1
74 35 75
22 19 32
4 38 54
72 46 32
54 1 10
84 11 25
75 60 20
93 97 32
21 2 45
25 22 49
1 3 100
85 8 33
59 53 4
58 22 76
56 23 28
81 87 62
86 90 94
68 25 13
25 32 72
67 36 86
89 93 25
44 17 39
29 99 2
75 95 29
60 64 50
30 28 61
3 89 5
50 20 99
86 5 67
76 17 5
46 29 54
69 73 37
1 5 69
77 93 32
79 72 8
37 41 57
35 15 49
93 73 20
8 15 31
73 39 86
11 34 37
55 53 34
69 45 55
41 39 77
1 10 44
83 30 23
91 8 2
60 32 64
61 27 63
4 25 30
13 73 68
65 7 22
45 12 15
84 89 36
13 60 9
17 43 22
28 27 10
83 20 6
38 24 98
13 41 18
42 24 10
89 40 70
0 50 41
93 55 53
31 65 11
24 69 24
41 42 38
88 22 14
73 47 11
33 53 48
4 27 20
71 85 16
18 91 100
19 99 25
39 11 40
73 77 94
94 33 45
57 34 45
95 51 84
81 60 27
70 47 44
13 58 49
20 69 91
84 2 15
86 42 76
87 21 94
90 41 57
26 63 33
69 57 36
52 91 29
20 98 35
63 87 72
91 47 30
12 67 75
12 38 34
43 4 90
73 87 83
55 74 56
76 25 9
42 2 97
61 3 39
7 71 42
4 10 12
35 61 61
36 46 27
19 95 75
96 53 36
1 52 100
45 39 82
32 22 28
1 83 1
51 97 68
39 15 90
85 90 66
41 9 12
37 30 79
44 96 61
58 79 50
28 41 6
3 63 12
95 60 33
18 45 37
11 91 89
99 30 25
4 20 88
99 19 34
52 77 11
16 88 30
58 13 88
74 73 24
58 84 12
13 45 41
76 17 71
66 81 88
35 92 45
49 92 18
32 12 59
31 43 32
96 46 75
7 49 94
99 10 55
56 14 39
98 57 81
66 48 55
11 61 90
99 59 24
60 35 13
79 89 32
92 68 50
85 29 5
78 68 50
67 3 54
31 39 63
54 1 8
93 84 65
80 59 46
51 15 73
74 43 1
57 56 37
20 50 59
66 38 83
91 87 58
97 2 89
26 82 59
99 76 41
73 15 48
12 49 5
68 80 76
95 70 25
34 95 37
65 73 36
8 70 17
28 94 56
73 74 50
99 2 24
39 7 5
62 64 53
51 1 99
65 26 85
48 91 56
71 80 95
88 50 65
5 9 64
41 47 79
40 39 31
94 36 31
37 74 71
9 25 17
61 24 57
3 70 72
55 7 83
50 66 91
7 95 51
54 84 20
66 95 47
57 11 51
67 56 4
21 58 39
61 25 64
95 16 54
61 80 35
77 78 19
51 55 36
91 87 75
21 8 69
81 72 35
93 39 81
38 13 57
98 91 21
41 77 27
77 94 99
42 24 54
73 12 32
11 81 31
52 22 81
47 50 79
37 38 26
72 3 65
27 69 16
5 26 83
97 83 33
21 8 47
43 68 5
87 1 30
70 44 88
97 19 71
14 87 90
46 19 67
95 38 55
47 72 40
50 73 57
84 24 50
75 62 90
42 19 21
25 27 90
7 38 77
11 2 93
21 64 87
16 62 40
57 62 31
9 5 2
26 98 73
44 52 37
54 66 84
83 48 71
17 33 43
84 63 18
82 80 23
3 95 91
52 11 3
80 48 35
70 55 34
50 81 4
87 47 85
85 92 73
48 98 50
54 48 71
5 3 32
82 72 27
6 65 2
34 79 7
15 6 94
95 21 86
56 2 97
60 66 69
22 38 24
48 24 80
54 5 60
28 72 97
36 90 31
85 50 6
73 5 43
41 70 19
5 62 38
51 54 58
61 6 19
19 85 30
81 96 36
81 83 65
90 94 33
64 39 88
67 61 57
1 21 11
80 24 3
59 80 87
85 45 45
85 48 35
34 96 57
6 11 43
94 36 92
18 48 88
64 71 52
44 4 53
37 19 9
77 28 79
81 90 50
89 64 17
72 3 75
45 97 10
7 3 33
95 41 12
18 60 6
49 67 9
77 72 86
45 53 41
7 65 13
67 55 81
68 74 51
82 22 14
12 45 80
78 77 77
6 22 85
63 67 82
55 79 68
25 77 20
16 95 23
18 89 67
98 64 46
24 93 84
12 39 43
33 22 62
36 81 37
17 85 89
22 79 32
91 27 91
5 19 41
0 23 89
12 6 31
82 30 44
42 53 81
98 2 89
10 82 86
49 67 82
90 61 71
79 3 88
11 18 54
66 88 9
11 41 13
43 45 86
77 13 41
77 99 10
3 51 68
39 29 88
97 25 15
69 12 23
59 12 58
71 39 3
47 26 53
72 47 71
95 42 72
18 56 81
96 10 59
64 9 40
75 93 51
92 15 26
15 93 73
14 55 38
91 50 89
5 41 56
22 85 19
5 20 83
59 24 46
45 25 17
70 13 67
67 74 91
50 77 41
92 42 3
78 5 54
15 12 21
76 9 76
62 32 12
1 74 49
34 62 21
82 60 48
13 4 52
87 79 60
68 3 26
54 5 53
95 45 99
76 36 39
48 14 100
21 52 16
60 0 64
73 88 39
93 79 94
6 62 81
70 13 82
1 58 24
72 50 64
99 97 94
89 41 97
10 88 34
34 62 25
12 2 12
89 70 32
42 76 60
17 4 59
47 28 48
43 78 61
97 37 11
19 55 24
22 54 44
41 23 17
40 15 91
56 31 87
13 89 9
51 61 36
47 72 23
10 1 93
69 52 72
15 66 45
97 22 54
18 93 38
92 9 12
68 75 28
42 93 37
29 88 53
7 97 75
19 57 25
3 33 31
4 22 20
88 35 82
63 23 44
5 45 60
86 65 8
48 46 59
19 79 38
79 69 2
86 76 9
57 45 18
75 59 26
90 49 85
86 93 73
86 65 7
16 88 69
83 20 36
82 77 32
5 23 62
72 63 83
29 75 38
8 26 69
50 15 42
99 65 92
66 3 72
64 33 32
52 65 45
35 26 46
6 67 59
5 98 40
41 78 22
39 18 42
59 46 82
29 77 91
76 19 16
79 63 7
92 2 32
58 99 1
48 7 35
24 7 5
22 85 60
69 68 68
60 0 19
27 1 98
32 30 7
52 32 13
17 72 61
83 23 1
80 27 17
49 35 41
80 34 98
40 20 74
94 8 90
46 19 34
54 78 15
12 65 23
44 0 40
42 84 45
89 29 85
53 4 40
48 77 78
11 95 39
42 54 49
90 13 9
50 72 67
98 33 66
41 78 82
69 78 73
19 41 70
45 94 11
90 22 8
7 53 23
65 55 29
37 87 19
93 6 59
72 75 14
2 37 11
46 69 57
67 69 44
21 67 92
36 25 44
65 30 67
24 49 72
76 29 55
79 49 94
57 6 9
9 30 13
24 12 9
75 12 78
6 59 3
62 95 22
79 50 94
73 58 78
26 85 94
9 64 20
21 33 29
56 0 79
50 84 79
50 35 19
77 32 20
1 3 88
17 49 63
71 62 32
71 30 48
71 88 53
20 8 48
49 58 76
37 8 85
22 42 78
35 0 65
1 79 38
59 86 15
87 45 35
47 69 69
25 7 46
31 99 31
21 15 97
77 79 39
46 78 22
34 61 13
31 40 84
63 20 52
87 16 30
98 44 6
10 43 64
95 59 99
97 57 96
28 95 2
55 63 30
81 5 1
66 98 54
26 50 36
70 4 6
33 6 38
80 28 24
62 11 98
78 96 79
66 9 89
10 8 34
73 27 81
59 38 72
94 37 70
86 66 51
96 70 33
82 66 24
19 59 27
91 7 97
73 75 66
84 42 22
3 8 84
42 9 32
70 35 67
12 93 45
12 32 78
61 42 96
39 27 68
57 67 83
18 58 30
19 73 24
71 84 71
30 33 89
45 81 5
54 39 72
39 17 89
84 4 28
37 10 97
34 53 43
43 52 7
81 39 100
79 82 4
17 69 74
59 94 40
96 55 45
67 3 87
25 44 70
10 88 70
11 61 62
44 1 23
55 93 29
34 43 11
52 11 68
84 9 65
90 32 26
19 96 69
24 64 8
84 61 54
56 97 68
95 87 5
20 32 58
24 85 85
76 67 50
35 14 29
57 8 37
36 14 53
2 42 36
17 84 56
10 99 36
14 36 23
81 45 74
6 28 71
58 91 35
62 23 64
74 69 90
59 63 100
53 95 43
57 3 27
91 43 30
59 41 63
60 41 64
43 93 47
86 32 56
87 92 76
72 60 72
25 50 57
56 64 21
30 68 7
73 75 46
18 50 78
78 1 84
29 36 50
92 58 29
89 82 74
82 22 7
60 89 55
87 2 46
23 87 21
0 19 25
77 26 89
17 54 34
51 5 9
45 42 10
79 50 86
9 29 40
91 5 45
0 16 95
14 64 97
73 34 73
19 56 29
61 17 32
45 65 47
79 16 50
10 59 86
82 23 84
85 54 28
58 5 71
38 99 44
55 13 13
98 97 9
60 17 61
31 3 4
78 31 78
96 95 10
44 60 38
32 86 66
91 32 16
38 76 68
18 74 29
79 64 29
44 19 72
21 12 60
98 61 75
51 11 48
25 35 1
27 84 2
79 98 6
76 36 68
1 77 20
92 30 83
52 48 52
82 79 80
92 3 30
21 72 51
10 12 37
55 25 51
73 89 72
50 4 30
83 6 21
74 69 68
22 64 75
81 0 38
4 62 45
18 96 51
56 38 25
80 8 7
56 32 33
25 84 37
48 91 1
2 78 99
80 61 51
96 27 81
22 56 77
0 65 96
14 89 96
99 98 14
82 64 40
89 70 56
71 93 61
52 73 39
9 40 78
14 39 30
69 76 7
46 90 88
20 62 41
35 28 20
15 35 90
13 29 53
3 93 12
15 46 64
90 76 62
28 22 6
3 69 75
22 24 71
46 5 8
56 39 91
26 20 51
31 93 97
33 49 25
77 59 63
52 7 56
72 97 13
77 60 51
27 93 66
49 21 89
4 7 16
57 51 9
40 81 3
28 43 73
13 22 25
45 5 83
43 64 49
79 61 35
40 58 33
65 16 7
23 43 25
33 46 71
14 7 85
66 47 91
50 19 42
83 9 94
80 13 70
10 40 93
64 39 81
99 74 68
97 43 52
85 2 38
83 33 53
19 75 16
31 68 74
1 68 10
38 71 100
71 35 100
88 83 26
50 33 71
22 38 80
75 22 17
34 51 77
27 88 24
70 10 95
96 87 91
38 41 60
86 25 51
31 82 42
78 31 6
39 2 18
19 62 28
51 78 81
51 43 32
82 53 66
85 12 65
54 39 80
46 93 17
27 8 84
97 53 84
39 70 27
83 77 18
7 47 16
72 99 18
38 41 64
30 91 50
73 23 38
55 48 2
44 84 26
47 61 49
23 54 25
30 69 2
20 72 85
18 61 71
61 30 41
62 58 74
20 50 45
97 72 28
8 86 36
41 87 35
35 91 25
96 27 70
70 40 97
69 8 74
50 60 65
72 4 3
95 8 82
17 14 8
31 66 44
44 82 10
36 42 60
60 26 30
23 79 76
4 39 60
80 93 7
61 73 53
75 86 32
38 67 32
15 6 29
26 16 55
34 77 98
88 52 5
93 5 29
76 98 32
83 18 55
91 83 76
0 55 33
36 8 99
7 43 20
69 42 33
34 87 90
34 80 26
89 34 48
16 88 16
77 78 53
49 16 44
21 76 94
24 66 29
65 17 37
57 6 14
99 81 42
52 90 40
48 64 63
5 40 2
82 86 9
2 86 18
14 34 32
38 4 30
75 90 44
33 46 96
36 64 77
73 30 3
9 60 93
40 80 24
7 20 93
14 57 2
38 27 68
44 78 23
81 42 95
29 67 33
7 13 20
60 97 86
28 70 57
36 41 59
19 26 17
29 55 21
14 4 42
24 43 22
63 1 37
4 21 33
69 48 2
69 30 49
88 65 24
61 32 13
86 68 83
22 1 21
5 35 61
46 13 18
26 83 40
83 29 17
18 32 4
68 11 45
25 98 3
83 54 50
24 68 94
71 38 27
0 54 93
67 89 11
47 69 100
56 48 20
18 31 30
84 44 78
91 23 57
81 44 80
74 68 21
77 17 11
86 24 14
44 27 86
36 72 26
81 30 98
99 77 99
92 47 38
13 59 96
13 24 7
8 20 11
25 31 91
98 46 43
57 67 57
71 64 14
47 61 98
0 30 97
61 97 32
99 67 67
27 41 46
23 0 85
75 35 20
79 26 57
34 54 33
6 95 89
68 83 96
74 48 14
55 3 68
75 29 74
17 82 12
45 9 27
64 12 48
68 63 47
7 59 12
43 18 29
5 93 14
40 53 26
87 44 77
71 88 13
89 45 57
1 43 2
1 34 53
98 82 51
10 93 81
31 79 41
95 30 42
40 43 52
32 97 79
50 96 11
7 4 65
8 39 97
53 87 68
61 55 53
37 4 91
27 50 85
69 54 64
26 41 68
63 68 13
62 48 51
93 58 1
83 49 74
92 22 49
36 8 78
46 70 80
31 52 99
7 50 27
3 77 17
80 67 96
7 10 53
86 9 46
3 34 58
88 44 93
84 56 77
29 68 65
34 38 68
20 88 26
25 37 58
69 67 58
64 57 73
14 92 56
14 54 20
96 30 79
70 38 27
68 7 42
72 46 23
35 39 47
90 18 66
31 95 74
64 38 82
76 75 67
93 12 91
6 16 32
19 50 39
44 95 87
0 20 32
31 17 87
0 21 72
92 47 19
42 39 60
69 56 61
40 13 88
69 12 79
87 28 15
93 76 80
88 4 93
74 99 80
43 6 70
59 21 31
77 97 98
76 90 41
39 93 92
88 14 79
53 54 17
48 56 11
4 47 61
55 95 44
42 15 50
52 42 16
50 52 29
73 52 48
68 77 100
79 92 22
55 54 78
59 42 26
5 99 96
63 67 58
72 90 71
54 7 97
24 47 28
8 9 20
69 47 86
63 31 65
79 57 23
83 6 17
26 98 64
88 16 56
44 74 76
2 20 47
72 87 57
72 93 11
50 55 55
95 64 58
23 45 92
12 5 24
94 2 1
97 15 28
29 81 27
81 10 18
6 61 32
38 97 34
88 48 76
83 57 42
34 31 26
48 40 34
80 38 83
78 8 80
74 13 16
39 25 12
44 25 49
48 67 91
28 89 48
27 44 4
79 5 76
46 92 46
87 59 20
4 14 25
46 77 32
1 58 54
85 60 82
65 9 51
85 86 74
25 86 97
22 87 45
78 22 79
4 96 96
46 61 1
49 51 80
81 63 84
58 31 71
4 45 54
89 59 54
3 88 22
25 73 53
76 7 69
45 42 59
18 40 60
28 6 74
1 70 65
44 59 59
91 31 19
0 40 69
12 55 34
25 97 37
27 35 10
37 8 12
95 28 46
55 0 90
39 64 97
6 15 30
22 67 77
38 27 44
88 91 1
78 71 85
61 91 64
46 38 22
70 47 47
40 70 92
99 91 40
48 81 22
52 27 88
12 4 2
23 29 77
90 3 3
73 45 85
19 15 10
56 93 98
26 29 61
38 73 45
0 93 44
43 51 38
65 30 99
99 13 27
66 32 49
9 65 89
80 19 24
13 86 84
86 9 69
2 11 77
49 72 3
18 40 11
88 24 29
65 34 60
24 54 9
9 67 50
23 52 55
7 28 74
84 55 93
98 93 46
99 73 97
21 97 74
14 35 44
30 3 81
5 65 41
25 96 27
24 23 56
91 1 12
47 6 27
98 48 71
70 14 45
38 36 42
39 80 43
7 1 67
17 80 76
72 91 44
56 6 1
14 88 12
27 7 13
67 77 69
69 57 81
35 76 39
25 88 56
59 84 82
21 17 75
65 92 69
17 48 57
81 52 56
73 45 26
91 38 45
16 21 57
35 23 55
45 98 33
28 42 54
32 57 26
62 20 83
37 72 91
5 36 49
55 70 96
73 60 65
20 82 40
4 76 56
78 1 90
8 96 100
83 60 26
99 24 43
1 36 35
78 73 10
52 18 38
62 33 36
21 29 81
8 63 43
78 3 68
6 91 37
5 49 80
22 80 52
9 72 77
95 94 70
35 48 1
84 38 97
55 11 96
85 29 20
7 79 3
46 36 93
38 97 77
56 6 14
65 50 31
76 26 84
74 28 25
94 60 66
55 16 12
53 36 11
31 2 80
58 67 84
6 3 61
27 84 55
75 19 85
26 18 72
74 99 70
9 88 32
29 1 76
61 14 34
73 12 30
57 51 17
1 16 54
4 48 64
97 87 35
50 93 66
57 72 1
39 68 39
71 55 62
77 38 29
3 27 99
69 89 70
60 8 98
71 40 74
29 64 84
49 4 29
39 54 56
3 72 98
98 84 45
99 53 5
89 12 32
47 51 15
74 81 74
99 27 98
32 80 82
2 99 83
69 30 84
29 44 18
15 38 17
24 56 99
49 31 15
15 89 21
40 92 13
2 22 2
58 74 26
16 15 59
88 30 1
60 77 67
48 22 45
45 9 65
95 4 71
49 51 24
11 47 93
2 91 80
40 93 43
30 91 49
19 51 15
18 73 43
45 73 84
85 95 13
78 93 34
17 70 44
52 88 90
49 4 73
83 5 94
25 61 22
94 83 78
42 57 47
82 75 7
75 49 71
68 52 47
19 6 62
79 80 68
7 60 69
16 30 61
38 39 79
76 87 82
94 96 39
82 40 18
61 43 83
9 8 78
74 73 30
52 3 97
70 84 16
53 87 41
86 97 91
15 53 5
81 70 47
44 84 82
33 79 19
68 38 80
58 26 79
41 87 100
31 56 10
47 72 52
90 97 76
1 94 45
16 34 29
6 71 61
76 93 49
17 0 78
72 42 17
85 78 5
56 28 88
58 39 33
45 10 46
57 95 24
20 64 67
24 31 49
55 80 63
48 26 63
3 47 100
29 99 100
31 4 98
44 13 88
81 21 37
65 52 59
58 19 5
54 48 4
82 64 22
62 49 77
27 56 28
8 40 27
30 65 71
94 17 78
23 19 97
94 1 97
11 40 91
46 7 35
72 10 32
10 52 46
59 40 81
72 25 1
7 41 55
63 53 80
52 21 98
34 6 6
80 50 55
52 50 7
9 86 52
78 98 27
20 50 89
30 45 39
58 63 78
86 46 33
49 71 3
82 45 2
92 43 77
60 81 97
11 54 50
29 21 52
49 61 19
40 65 71
6 66 50
50 14 99
19 57 35
10 44 88
22 27 34
42 7 15
92 57 17
38 40 74
71 17 55
1 34 40
74 9 96
31 42 80
73 0 98
93 40 84
64 99 2
76 51 3
39 76 65
99 14 88
6 62 92
63 99 48
99 31 27
14 56 51
89 43 51
20 80 2
55 12 73
36 20 85
27 6 66
50 83 72
44 76 51
13 65 67
74 63 26
69 47 35
61 71 11
7 10 68
3 12 96
87 51 82
39 48 45
51 2 24
47 67 83
57 37 23
63 62 7
77 0 24
46 29 71
94 17 46
48 7 32
67 32 62
57 2 17
55 83 81
72 53 68
1 69 99
67 20 5
31 14 46
36 34 83
34 3 16
94 80 44
79 73 75
49 90 79
58 93 57
10 76 87
23 27 41
92 51 16
16 65 66
64 5 42
97 47 6
75 71 100
44 28 92
56 97 44
67 18 56
35 88 91
10 4 83
16 38 79
64 90 24
41 60 97
36 96 57
79 1 21
18 72 37
86 0 17
71 26 81
82 60 72
23 38 76
16 79 21
25 4 32
12 6 74
23 93 33
14 52 76
79 0 78
64 90 66
17 24 5
77 57 11
76 12 100
19 95 98
52 12 96
4 91 89
38 71 52
75 21 77
67 84 84
63 50 63
62 64 63
34 4 28
50 84 72
12 71 48
51 89 80
57 10 16
5 59 80
78 5 56
4 38 62
76 9 20
79 11 97
31 86 1
94 84 92
7 46 74
83 21 80
22 87 51
45 44 97
57 96 23
34 13 20
67 17 33
20 69 7
25 69 17
69 27 1
96 84 73
4 3 85
44 83 4
83 84 94
97 1 87
18 27 73
80 37 13
24 96 50
98 25 36
92 45 53
3 44 28
33 41 62
40 94 66
58 68 94
66 28 96
63 10 90
58 5 13
67 97 6
47 12 46
91 7 70
7 87 41
55 50 31
54 22 91
80 1 75
42 51 41
0 45 60
21 13 98
96 38 48
61 29 96
4 50 68
33 9 10
57 66 66
7 31 35
74 49 95
86 81 96
91 39 86
61 65 84
46 18 65
41 0 62
40 87 76
9 27 10
83 76 76
4 33 65
60 41 70
67 2 26
7 41 21
2 93 85
99 92 24
60 59 62
6 17 30
54 19 19
26 96 96
28 56 37
16 36 34
0 47 15
69 6 55
47 18 87
66 98 25
99 49 20
63 47 14
32 16 3
97 18 13
25 50 13
64 73 43
27 18 91
85 74 70
1 4 98
80 66 68
94 46 87
56 47 87
50 47 63
37 71 85
65 74 50
77 62 100
25 7 8
30 5 23
10 51 32
80 94 1
97 93 24
32 84 4
91 80 27
14 8 51
19 84 16
45 39 29
80 19 48
77 84 27
9 7 69
84 21 26
47 34 27
50 72 17
35 21 70
8 12 66
76 26 42
15 84 24
85 24 25
89 31 83
44 18 35
65 57 83
72 43 37
16 58 42
11 22 31
6 76 33
30 39 32
11 97 6
7 22 69
34 12 39
39 99 93
92 38 69
27 44 19
2 42 59
1 97 78
60 31 22
73 90 61
23 54 99
95 74 93
12 96 50
81 10 63
32 11 7
10 90 17
85 49 55
72 45 100
7 18 56
21 26 57
5 45 95
89 6 64
90 4 45
4 27 84
73 64 71
82 92 34
78 98 59
16 31 52
52 59 55
98 10 97
13 39 83
70 35 28
21 66 30
46 7 30
92 90 96
53 19 65
96 45 35
58 19 80
57 5 24
97 2 38
51 77 15
88 44 39
51 70 18
67 19 4
56 79 30
86 75 30
89 53 29
71 42 58
71 75 45
17 38 24
45 95 89
38 21 56
19 70 62
17 59 34
88 42 84
81 25 27
26 53 75
30 52 88
23 69 73
86 36 45
58 83 5
31 46 50
34 19 24
66 2 48
27 6 53
31 96 29
77 40 17
55 80 71
46 84 62
15 80 82
69 73 27
34 74 72
60 24 94
84 49 43
57 66 57
82 7 64
0 55 66
26 24 14
69 17 85
59 63 64
96 49 68
37 54 48
28 41 1
57 14 20
80 45 96
64 68 28
5 89 86
99 56 67
88 10 96
24 49 28
61 72 45
45 38 59
46 75 34
59 44 96
49 27 81
88 87 55
13 62 84
66 49 5
91 78 71
10 92 16
37 1 69
68 79 6
75 15 68
62 87 100
49 98 47
33 5 43
18 32 97
8 39 62
16 58 18
15 71 39
10 0 2
73 44 91
95 61 13
81 0 96
50 10 20
99 37 61
76 37 100
82 76 69
46 18 98
16 86 91
11 4 76
81 52 96
60 77 55
66 10 92
46 71 56
56 46 45
90 36 49
94 59 97
95 18 69
86 68 16
24 13 58
26 9 47
90 94 82
51 28 79
57 18 68
6 61 62
69 83 58
74 69 49
50 58 64
78 70 1
49 70 33
69 59 31
51 58 72
35 82 99
51 3 39
41 61 32
37 77 75
83 62 30
44 53 60
56 45 93
22 89 25
63 5 14
47 62 85
77 48 26
92 15 31
48 91 9
87 67 40
52 67 53
86 38 41
50 6 55
57 0 98
72 34 60
20 99 27
97 58 89
72 13 23
22 24 82
41 16 79
18 62 35
16 42 20
0 41 35
52 47 44
11 24 83
6 25 69
22 43 65
16 14 88
83 69 60
94 2 86
60 88 32
94 10 32
37 34 60
52 46 10
73 14 53
17 94 94
67 75 98
40 45 19
8 10 27
0 66 40
19 77 6
99 51 38
34 66 99
11 48 40
94 44 47
91 98 31
16 69 19
33 18 28
69 88 14
92 95 69
95 77 89
87 34 44
82 80 97
50 27 44
26 96 50
30 75 91
67 21 78
72 9 32
23 61 66
70 37 18
90 65 11
66 10 2
71 30 32
49 34 36
38 92 35
59 44 27
29 7 80
92 4 59
77 72 11
26 48 40
41 85 56
26 50 48
76 49 22
70 19 5
18 5 11
64 91 19
11 68 35
9 0 54
25 97 51
97 57 74
38 17 97
25 57 60
57 96 95
65 35 79
77 4 94
63 31 50
57 47 10
78 43 27
95 6 10
35 40 63
37 12 4
19 11 1
12 61 98
45 52 80
50 71 16
26 47 76
85 33 38
33 68 42
20 28 70
38 3 96
2 54 87
21 27 42
69 38 11
96 4 11
54 45 5
47 57 73
99 20 47
98 16 66
60 92 32
49 4 85
1 48 54
28 97 64
99 91 9
13 71 65
26 56 38
36 5 22
86 8 25
25 22 94
65 99 50
81 21 76
66 67 35
28 72 48
27 45 74
51 73 70
86 22 67
71 58 25
94 98 66
39 25 72
67 69 44
72 80 39
48 83 48
85 57 13
47 51 6
11 56 73
77 60 63
38 90 71
8 76 44
14 20 17
91 66 96
62 98 65
78 70 71
77 30 6
30 12 70
3 61 17
34 83 69
92 47 5
93 44 96
77 81 78
98 65 28
34 33 66
63 36 79
59 37 7
9 35 46
30 87 42
44 0 9
42 67 78
12 60 90
99 86 11
31 10 86
49 7 92
28 73 42
68 61 36
33 32 4
24 3 41
80 55 71
68 74 74
45 13 63
74 64 68
95 99 55
62 25 100
27 65 35
59 0 21
55 75 65
1 16 20
87 78 62
63 3 59
84 79 67
54 88 39
51 58 18
89 60 45
75 56 42
97 42 35
0 27 52
24 52 49
44 88 63
94 37 88
78 27 96
8 91 25
99 51 54
13 52 76
39 29 88
29 43 78
7 27 91
26 85 33
22 61 12
16 50 59
73 80 97
72 77 6
22 72 75
75 48 70
0 82 56
5 80 5
6 3 100
49 21 18
42 4 95
40 84 32
89 46 89
58 49 77
63 1 94
26 6 89
82 13 42
97 46 17
7 94 95
26 5 97
85 87 75
44 20 90
93 72 59
64 19 82
37 31 75
52 32 83
67 60 49
69 11 42
18 1 40
67 83 43
61 57 84
49 84 36
87 73 86
95 94 55
22 29 52
33 56 76
53 95 5
13 62 42
86 93 19
5 56 19
72 27 40
23 1 20
37 71 90
3 32 57
35 48 29
34 57 72
58 98 59
6 25 61
12 97 35
53 2 60
8 85 43
50 3 67
17 12 21
75 88 83
35 88 32
3 33 68
93 23 98
87 43 12
99 89 62
25 3 27
51 80 21
91 41 38
73 51 40
37 94 75
40 48 73
55 94 68
14 26 57
99 59 89
54 33 50
4 66 55
1 23 73
64 39 88
93 22 10
70 81 58
34 14 48
41 80 53
70 92 16
6 21 91
82 85 34
85 64 86
19 67 45
88 29 23
94 27 74
84 3 14
69 89 18
61 43 100
63 19 50
77 99 51
46 19 65
65 39 55
4 84 29
36 4 3
95 39 81
81 43 32
3 62 47
73 2 61
41 67 54
76 90 52
94 75 86
45 91 61
96 73 17
4 40 10
70 40 57
43 35 36
69 19 18
73 25 94
46 31 18
86 58 61
30 42 86
70 71 70
5 11 6
82 57 16
49 62 61
43 94 62
87 39 53
60 69 22
97 48 74
10 15 100
75 7 28
85 60 26
44 80 82
49 33 67
36 37 100
59 10 26
54 17 35
79 83 96
94 58 44
17 89 79
18 10 85
27 65 99
25 35 84
99 47 73
49 96 71
17 25 92
6 55 63
28 68 85
3 63 50
40 61 42
92 48 88
4 31 51
41 16 95
18 73 78
8 66 51
90 54 93
66 17 19
18 32 18
5 93 76
54 61 9
23 3 64
55 90 86
65 22 23
97 32 44
46 52 57
8 18 86
60 76 57
23 42 51
17 28 74
79 53 55
35 92 26
55 74 65
99 26 50
21 12 39
6 66 91
47 68 22
35 44 50
31 22 3
51 5 10
44 39 39
53 20 71
35 94 64
96 14 80
49 3 63
10 30 3
97 29 75
51 73 99
8 95 59
92 39 65
25 27 11
45 29 46
56 70 59
52 68 20
19 77 73
4 97 79
94 11 20
91 5 35
69 54 5
99 13 3
8 14 26
4 97 55
42 62 44
28 11 77
56 93 2
24 1 68
11 13 71
28 71 34
15 32 9
80 97 37
19 17 44
68 1 77
49 61 28
65 51 36
29 73 8
35 45 19
22 17 28
42 36 100
26 77 67
77 98 69
14 24 67
51 82 79
94 58 76
71 53 74
1 20 29
57 32 78
86 55 82
33 9 72
55 18 33
85 53 71
91 81 1
34 44 11
55 65 79
95 51 38
15 14 3
34 5 25
16 0 11
17 64 45
22 93 94
26 4 45
36 82 53
88 3 38
62 85 5
0 20 76
0 9 88
88 36 30
74 56 99
70 39 94
29 1 90
71 46 12
32 54 96
98 72 98
42 11 16
56 87 89
73 37 20
52 67 96
33 62 15
47 43 20
34 8 67
84 70 19
79 5 83
72 70 54
55 76 2
66 29 48
3 52 40
82 15 79
16 83 32
76 50 15
94 69 40
93 22 51
61 46 85
40 63 41
5 7 51
28 57 12
46 63 64
52 89 74
65 83 47
1 80 21
48 92 1
47 74 45
8 10 40
34 72 1
2 44 53
13 56 42
82 91 48
2 1 18
51 3 74
6 88 20
26 77 80
14 92 6
30 93 11
96 63 88
80 69 70
98 71 27
21 57 84
72 68 63
36 70 75
88 54 2
28 31 48
96 19 53
43 18 69
60 87 14
73 33 100
90 6 61
78 51 74
1 13 36
36 66 9
96 84 41
8 15 53
40 70 40
4 61 34
48 60 63
71 17 58
63 93 26
74 10 59
39 85 97
67 88 30
42 60 55
84 50 81
35 77 43
26 61 20
38 41 30
90 65 62
46 4 91
24 0 54
78 57 24
72 68 59
66 73 71
90 64 100
71 57 4
87 54 6
11 59 75
55 26 51
79 19 71
17 18 2
69 79 34
4 34 27
46 77 12
25 70 98
99 51 39
48 33 90
58 30 77
49 31 85
55 79 52
40 93 33
26 19 75
27 56 64
28 88 71
17 34 61
71 37 15
83 8 6
54 56 25
49 97 4
87 12 26
18 61 97
10 46 8
52 0 55
41 47 47
92 63 46
54 68 12
58 2 24
29 67 7
4 79 38
60 95 43
90 58 8
1 3 46
18 37 85
91 40 19
74 51 65
22 46 86
67 88 61
46 83 22
23 5 78
11 56 73
61 21 75
18 74 16
49 79 29
71 4 4
9 10 94
35 40 40
47 89 31
17 39 88
60 3 9
71 19 69
49 70 48
36 18 72
38 68 7
95 28 47
27 20 13
65 93 48
66 73 70
19 73 91
27 20 14
16 42 69
33 94 25
45 79 56
67 96 9
35 94 91
95 54 55
22 75 73
68 66 1
1 68 40
52 67 41
93 99 56
67 60 14
1 17 55
48 69 60
89 28 12
89 31 5
54 73 42
92 77 52
17 82 39
35 38 31
53 94 20
76 85 33
75 20 43
68 72 7
31 50 22
22 34 28
98 31 88
11 84 37
26 71 36
46 18 11
10 52 95
61 13 75
78 64 93
5 64 14
47 22 30
35 21 99
0 96 5
37 4 57
41 14 91
78 13 67
42 90 28
86 24 58
91 36 70
76 29 40
3 72 13
55 38 76
30 39 24
96 60 70
51 93 59
40 33 83
38 81 14
39 43 17
90 14 19
59 99 16
8 49 28
33 98 14
3 98 15
58 84 61
63 59 23
62 5 5
67 10 35
67 13 69
77 69 61
21 37 71
72 83 71
60 52 25
9 16 52
54 18 48
0 6 85
79 21 15
40 59 81
5 78 34
63 6 29
79 10 33
73 57 84
8 67 9
70 9 47
93 95 59
22 70 59
51 31 95
45 2 37
1 77 90
73 46 99
36 34 37
57 64 62
64 45 48
56 9 3
96 25 52
43 80 15
62 70 8
53 31 7
81 45 70
12 4 53
66 20 23
85 7 62
30 68 51
15 59 79
90 70 21
10 70 17
58 84 61
35 22 27
44 8 76
40 59 1
26 77 43
62 59 38
66 28 92
92 41 74
44 80 41
13 94 68
42 71 95
20 56 74
56 12 75
86 62 91
77 60 84
0 87 70
46 2 50
47 16 65
43 21 14
87 43 27
92 25 41
9 93 27
70 42 38
16 77 57
90 3 91
92 60 39
21 34 44
30 52 76
66 28 17
14 5 64
47 33 81
0 11 22
61 26 88
67 41 11
64 85 75
39 14 28
80 3 82
23 6 55
43 41 13
21 83 26
56 17 72
50 97 86
15 24 20
30 62 68
6 84 23
76 69 34
95 4 45
98 96 48
74 38 96
19 62 50
77 33 82
67 70 17
54 47 18
64 22 43
97 59 14
33 18 43
95 92 84
3 80 14
10 98 62
21 75 59
19 62 91
82 51 20
83 77 78
16 84 56
31 5 27
54 6 19
82 18 48
14 11 94
3 86 1
87 73 78
79 85 34
33 30 74
34 7 40
18 66 78
58 38 7
59 51 56
17 45 54
42 74 11
51 91 34
40 51 6
40 37 90
1 7 8
22 31 83
65 0 94
87 22 60
37 38 47
30 66 20
55 0 64
51 50 56
32 87 21
23 98 44
29 59 26
65 68 81
12 74 17
44 18 63
34 62 37
85 99 82
84 86 96
91 29 76
70 19 6
44 14 40
8 29 82
19 46 72
63 92 53
83 85 98
68 74 7
84 27 34
19 94 49
68 67 42
12 99 57
23 61 1
49 27 62
24 1 13
99 30 66
18 83 62
22 57 40
3 26 1
70 99 94
15 57 20
82 96 82
49 47 77
96 6 61
35 62 46
17 8 78
81 40 94
80 92 39
87 18 58
7 45 71
33 7 61
75 41 1
13 25 95
63 47 84
89 10 68
24 14 13
10 8 78
53 82 21
36 82 10
70 32 74
48 72 76
13 88 9
3 4 68
17 94 56
33 29 86
44 25 7
26 8 45
12 22 24
90 96 26
31 37 20
59 97 67
3 63 20
6 27 39
72 29 52
57 11 84
50 27 48
33 67 4
68 63 77
23 94 89
73 11 60
70 74 10
31 89 53
94 8 39
93 53 5
77 88 72
7 68 44
23 18 56
29 52 75
34 52 19
39 82 92
70 41 41
14 91 85
55 91 39
52 89 34
85 67 18
60 92 92
36 75 13
54 43 51
13 53 82
88 44 18
66 18 68
96 48 24
5 71 54
79 33 24
22 95 87
2 39 67
32 72 85
82 87 19
77 51 64
53 85 34
0 61 79
58 36 39
77 5 15
5 71 22
46 69 35
43 99 9
1 8 5
20 88 50
80 67 29
16 80 51
33 98 53
3 60 87
31 54 96
9 83 87
69 14 2
9 68 15
25 6 13
92 3 93
2 6 23
32 22 37
22 36 95
39 45 31
49 63 71
28 87 95
92 61 36
47 94 62
4 11 21
11 36 24
