13 77 34
29 96 65
83 57 10
60 12 67
50 58 43
45 88 82
36 61 34
21 10 92
9 71 29
65 39 38
88 96 55
50 47 66
65 56 29
79 84 49
74 67 3
67 87 11
39 60 2
36 14 75
32 50 34
23 15 6
57 19 34
55 13 40
12 3 35
27 58 53
98 47 43
91 63 30
94 95 44
8 11 100
65 24 31
82 74 99
19 51 95
1 59 36
3 71 5
87 61 67
80 84 52
54 38 96
25 39 48
59 15 14
5 38 16
96 10 96
12 55 89
17 7 94
68 24 31
82 46 3
56 24 9
87 31 18
70 74 7
26 90 52
27 94 85
53 16 31
14 89 48
5 83 87
64 79 27
92 51 95
63 31 23
60 57 63
56 5 13
48 57 11
23 32 26
66 49 33
93 36 72
88 34 48
19 68 29
83 93 69
44 96 12
52 67 82
97 25 17
91 34 72
13 41 24
88 69 59
1 6 66
73 83 78
37 48 23
72 96 17
96 66 33
57 48 70
24 83 77
7 71 70
19 0 74
62 82 14
70 5 70
55 27 63
87 60 75
99 58 60
22 97 6
50 23 10
96 22 69
26 14 81
2 58 32
59 38 33
1 21 65
13 2 79
71 1 5
88 37 96
51 63 20
26 84 34
33 54 47
20 4 15
91 4 6
70 46 81
72 80 97
94 19 43
82 52 53
71 25 70
33 13 98
74 98 79
20 93 7
3 11 60
23 11 4
59 49 71
9 34 43
75 67 36
35 19 13
45 75 36
40 95 25
0 65 9
91 35 59
64 70 86
33 19 63
9 89 54
60 74 24
86 64 16
18 65 29
32 33 93
23 87 88
83 93 74
90 26 81
76 62 46
45 66 3
11 17 41
38 63 81
44 24 53
59 13 49
82 58 95
99 78 62
66 67 28
12 75 29
68 26 33
48 76 8
26 66 5
31 83 43
47 87 64
48 39 8
69 7 37
29 72 81
7 88 96
31 17 38
78 92 35
48 33 97
93 72 36
47 94 25
44 52 40
79 76 17
96 7 96
44 1 74
98 67 71
9 24 90
20 52 100
97 27 45
45 85 53
49 20 24
92 25 14
6 62 95
37 23 91
91 62 59
63 35 2
49 37 72
31 79 37
45 13 52
44 38 54
4 74 29
54 37 80
90 36 43
80 30 86
45 34 57
48 60 74
49 61 57
53 47 7
10 57 33
21 31 33
3 45 42
49 18 92
46 66 91
83 89 82
37 81 100
8 26 89
97 84 61
84 71 90
92 71 83
99 53 79
19 92 75
25 40 96
71 79 81
27 66 16
47 58 86
8 60 77
92 85 51
34 56 50
46 87 12
43 55 96
89 20 34
44 68 50
36 95 69
13 49 72
77 64 80
13 5 96
92 81 48
89 31 5
6 37 3
47 76 91
56 48 75
92 1 97
37 69 28
89 27 22
17 57 49
46 23 97
68 57 97
56 74 7
44 63 9
74 70 48
26 4 100
21 93 38
81 15 57
53 95 18
89 39 43
87 58 38
81 2 29
86 98 57
90 97 69
34 95 44
86 53 94
45 22 13
78 39 88
54 73 38
80 48 16
17 42 51
96 45 51
23 96 44
16 10 3
62 48 18
56 33 99
93 38 37
33 65 78
59 2 1
81 12 21
68 99 9
12 85 86
41 21 52
92 19 31
78 11 90
92 32 90
47 3 86
97 43 11
82 39 94
91 50 49
84 97 52
30 2 5
41 50 80
80 83 84
63 50 44
64 6 49
91 56 43
32 87 26
88 63 73
98 16 70
68 77 40
93 32 78
38 15 83
26 13 26
23 34 67
10 86 46
64 67 96
89 14 80
83 53 34
36 95 49
0 29 69
46 90 84
94 53 5
8 74 34
17 7 48
48 41 28
80 66 52
34 92 1
3 74 47
32 92 42
43 1 61
38 19 19
16 72 12
62 43 79
98 25 85
40 23 27
16 30 68
76 66 51
9 88 66
32 10 55
68 39 69
12 33 84
15 85 54
27 10 38
49 21 46
74 1 93
95 19 74
38 11 70
93 22 17
96 95 30
81 64 1
30 8 94
20 63 20
68 27 54
73 51 86
28 27 82
18 91 32
88 26 92
99 15 21
2 99 46
74 76 37
64 90 47
89 19 77
51 40 84
23 20 92
32 43 25
65 4 50
57 83 13
91 87 40
4 22 67
44 54 77
22 6 92
0 55 42
94 6 44
69 97 78
82 95 67
15 53 64
48 7 72
83 55 35
92 97 15
24 79 19
95 55 32
53 21 40
22 54 44
8 74 25
76 77 59
31 91 23
58 40 45
67 47 52
10 89 27
2 58 67
51 20 58
87 82 10
17 98 38
86 81 13
29 65 84
18 44 59
63 43 97
8 82 64
19 51 90
3 55 45
64 36 57
72 43 79
96 51 78
82 22 29
24 14 25
45 17 58
32 67 54
54 99 58
5 69 11
47 50 25
9 91 5
6 61 94
74 46 33
90 0 21
68 55 18
96 22 36
44 58 16
40 61 12
98 12 85
50 20 77
35 33 21
42 70 36
22 51 42
66 19 84
13 46 88
65 83 33
32 72 79
49 59 85
24 3 75
84 65 19
69 36 21
81 70 63
22 56 12
53 57 71
41 42 11
92 28 2
79 85 87
20 4 70
34 43 90
29 91 19
50 29 75
28 80 93
60 38 85
33 96 18
92 87 75
6 57 61
49 34 5
99 95 99
51 84 92
29 5 62
24 85 49
14 89 1
39 87 10
67 51 19
86 78 86
8 25 40
67 0 29
6 47 60
84 82 94
68 82 15
63 92 31
34 0 95
64 24 3
89 95 41
61 54 56
72 13 26
55 66 73
65 4 85
18 20 78
9 67 31
27 6 12
33 85 85
32 61 71
17 92 71
43 30 45
43 41 8
2 23 76
39 72 92
17 36 53
54 69 72
25 97 32
85 10 37
76 17 46
7 63 58
77 78 70
28 26 80
11 15 5
37 18 58
95 78 36
26 86 79
37 99 75
87 88 68
19 89 81
13 55 80
75 54 79
54 28 52
41 42 30
48 78 52
84 45 70
57 78 2
39 55 82
46 76 43
48 80 32
45 61 54
93 63 75
30 74 70
57 43 43
50 59 83
84 13 9
46 54 70
66 71 85
49 72 56
78 95 59
72 13 32
78 44 98
49 65 47
62 23 68
27 89 90
26 85 12
24 51 82
97 18 73
83 43 29
71 23 100
74 70 80
33 71 17
19 54 87
2 27 86
44 64 20
62 85 1
85 50 96
77 49 89
72 11 14
67 17 94
57 1 51
84 65 5
18 58 63
59 1 100
35 12 6
70 4 66
4 71 11
29 50 39
27 90 71
63 29 34
90 79 71
62 45 37
42 33 20
90 0 51
28 35 65
26 49 94
2 62 7
2 69 30
73 37 31
78 66 97
63 88 75
13 77 44
89 91 51
1 58 98
30 17 78
34 64 20
65 34 41
45 77 74
0 66 98
30 79 90
54 70 49
53 70 72
75 96 16
79 9 12
83 46 64
1 85 26
81 16 88
85 99 26
39 96 81
2 25 92
1 95 64
89 66 76
12 96 68
17 30 15
0 55 56
3 31 39
0 62 87
56 93 79
86 16 74
79 81 25
6 90 6
28 20 87
22 38 92
1 26 55
56 39 98
30 21 42
48 72 82
51 26 97
26 12 87
48 7 68
0 97 83
71 3 17
79 51 69
79 91 10
20 39 44
30 1 16
29 79 8
99 62 27
99 79 44
47 2 19
97 6 28
91 3 37
70 11 75
98 96 50
65 69 97
40 68 32
13 23 13
15 31 76
53 77 13
21 26 74
67 51 55
66 39 82
52 55 79
33 34 79
50 85 13
57 38 82
3 11 92
85 93 39
25 24 68
35 13 8
45 72 37
77 51 27
97 20 39
60 28 31
75 23 52
94 4 5
47 85 5
28 84 35
92 87 81
90 95 45
89 16 77
33 14 10
72 46 40
31 7 54
16 98 1
86 73 73
53 8 28
86 34 41
29 52 86
84 6 93
91 13 71
53 49 4
56 79 90
31 6 76
66 96 26
20 91 66
13 44 29
62 49 7
6 58 61
30 57 67
39 40 98
92 19 98
82 87 56
30 46 76
47 95 81
69 68 15
78 82 89
53 24 50
22 6 1
90 55 34
79 52 41
88 54 76
84 72 87
33 2 21
54 40 1
27 62 7
56 42 31
23 72 93
17 67 50
59 60 57
44 75 12
83 20 46
94 29 14
35 82 69
30 76 3
8 39 41
73 8 7
45 18 59
99 12 29
36 23 88
61 12 90
20 94 72
4 88 5
58 38 22
24 21 96
61 34 90
43 37 33
74 41 72
80 14 52
17 28 91
19 9 100
76 59 47
20 56 72
82 38 100
15 22 97
12 1 31
34 71 48
44 10 15
92 78 61
53 20 86
35 34 24
50 79 8
44 73 30
19 39 15
73 92 33
52 80 14
50 1 65
9 21 49
65 72 53
1 70 95
96 75 69
3 54 78
70 9 41
71 6 14
96 49 57
81 76 85
2 31 51
8 53 88
19 28 36
72 23 14
37 89 51
71 32 32
26 41 68
77 62 75
97 59 67
38 13 59
48 20 31
26 3 84
67 59 3
36 99 6
65 89 23
29 36 5
89 42 61
70 37 64
48 0 78
52 11 75
15 87 40
11 77 35
54 16 81
13 40 19
80 18 56
40 80 2
70 59 79
9 16 12
56 86 22
83 54 73
86 74 41
70 98 59
53 99 66
18 54 14
85 79 77
93 57 36
16 67 95
67 74 14
74 67 15
71 27 85
91 4 21
25 9 73
3 31 42
46 67 69
24 17 51
87 6 85
40 7 76
7 34 27
64 68 47
16 47 88
12 33 24
78 61 36
30 62 29
49 62 92
5 54 45
66 12 51
30 81 13
65 36 40
61 60 21
31 27 65
10 97 84
78 59 73
69 65 29
94 8 66
99 49 52
61 29 7
33 84 40
22 52 24
11 33 61
23 87 96
34 90 70
17 8 94
46 4 44
17 13 32
68 19 50
22 1 4
31 76 96
40 1 26
13 99 80
81 65 50
89 34 36
98 95 53
76 24 62
36 88 94
54 22 96
34 35 89
42 34 31
5 26 8
65 63 76
83 22 55
79 22 86
93 34 69
48 26 15
55 27 14
64 84 100
9 77 20
78 61 29
52 62 65
12 92 76
40 30 14
87 92 43
47 23 24
15 61 73
37 86 1
37 23 64
90 17 41
50 29 44
57 35 24
6 63 69
42 68 23
84 94 21
2 16 85
54 5 92
59 60 81
33 35 83
68 63 59
54 63 3
81 95 87
6 17 58
98 3 92
91 70 38
79 93 85
89 12 78
86 32 90
68 65 51
24 1 6
32 48 76
27 68 75
10 34 39
80 60 98
4 53 29
52 10 31
19 43 86
98 4 9
39 86 60
76 80 53
74 52 40
13 96 59
39 63 39
15 29 93
52 17 58
77 29 11
13 67 16
23 21 92
30 87 85
46 53 26
15 12 89
54 42 20
40 52 94
32 88 68
85 61 21
69 3 99
97 24 93
42 29 30
9 66 2
33 31 46
24 5 4
28 22 55
39 4 81
90 19 27
55 63 69
3 57 30
41 29 56
52 49 56
67 4 5
80 3 45
16 35 88
3 87 8
10 70 33
18 39 32
96 73 38
18 28 51
13 90 46
89 17 97
27 86 77
4 67 65
61 30 52
17 39 4
40 61 83
76 5 64
37 84 95
20 37 71
80 43 68
50 67 72
69 81 16
35 57 27
85 15 96
16 57 70
18 17 71
15 43 54
88 81 32
75 98 69
35 69 1
44 5 1
9 50 69
51 11 31
28 16 24
29 33 58
61 0 21
86 64 26
49 89 3
98 36 95
91 72 3
24 29 11
39 93 10
63 58 95
52 51 93
4 69 18
11 48 20
86 16 74
95 82 54
75 20 77
8 24 68
84 51 76
25 65 42
18 80 95
83 21 76
66 90 95
98 83 90
32 3 9
6 66 75
75 24 81
17 46 93
2 95 63
3 66 35
94 48 45
37 26 88
81 55 28
53 92 25
76 23 75
17 24 100
34 26 96
97 13 85
67 40 19
22 19 97
80 19 24
44 79 86
99 58 83
56 47 3
4 76 45
81 6 38
3 82 80
75 99 56
43 44 74
43 10 27
46 39 60
96 30 16
89 91 35
0 84 51
60 48 54
65 70 55
3 56 43
83 4 42
2 6 50
6 75 78
22 52 69
16 97 74
1 75 5
77 59 1
63 49 36
63 60 14
18 8 44
69 79 56
22 3 98
37 90 100
61 78 13
3 84 56
34 62 2
60 7 42
61 32 47
2 13 93
16 41 10
85 60 21
12 1 76
57 39 47
53 76 60
63 86 57
24 56 93
36 47 10
14 39 86
58 10 56
0 66 6
56 35 47
19 69 48
42 6 18
13 79 16
47 33 93
79 99 49
19 81 94
81 98 71
25 50 97
51 78 34
86 71 48
31 11 24
84 18 6
79 45 72
78 88 99
58 20 1
27 25 88
54 55 86
20 86 58
77 48 22
10 49 88
34 86 75
89 78 62
11 19 19
14 88 22
39 76 61
91 79 70
31 90 60
37 54 15
74 95 30
59 95 68
34 33 52
84 31 15
2 41 33
14 72 24
48 57 14
9 98 82
6 69 38
50 52 56
23 85 23
28 59 62
86 5 59
45 21 59
59 6 49
82 80 94
60 33 9
70 7 3
16 68 66
42 19 90
24 25 71
36 3 85
14 62 51
73 23 40
49 40 70
99 8 71
34 53 4
4 72 1
43 57 63
53 54 6
66 1 10
91 49 36
40 23 68
62 95 46
63 21 46
13 70 53
82 84 49
73 19 100
95 11 82
24 5 79
99 14 87
23 13 35
14 35 38
8 41 74
21 59 17
93 23 83
78 97 42
96 57 15
66 55 71
70 43 38
7 26 32
76 70 76
56 57 61
40 27 77
61 18 60
34 16 92
55 11 20
1 94 27
56 66 88
8 24 12
79 2 42
6 71 25
27 89 37
36 23 77
92 18 51
71 62 71
90 50 4
11 48 15
45 91 80
76 11 30
93 21 23
2 19 58
77 18 97
69 31 64
82 41 40
0 49 79
30 19 70
62 25 100
75 46 71
97 41 70
60 35 32
47 4 39
9 55 56
13 38 80
46 98 28
35 1 40
94 33 32
49 19 45
52 79 65
70 69 91
10 40 58
42 19 47
72 76 68
5 64 35
64 23 94
5 25 98
40 70 5
26 13 98
87 47 81
22 12 39
89 81 7
46 31 54
72 39 85
66 62 83
97 81 32
96 56 9
52 83 36
27 83 91
71 25 5
83 2 62
11 71 92
90 49 75
35 81 61
56 18 79
60 47 66
1 34 77
55 96 81
49 70 60
25 78 99
35 60 62
37 80 73
15 7 66
59 96 67
62 95 3
87 26 51
79 92 24
66 93 78
96 25 78
97 49 92
40 34 71
86 0 54
62 28 67
13 75 88
69 80 8
54 53 28
69 37 28
66 15 63
81 23 93
95 0 62
90 35 74
54 50 55
25 99 49
34 74 97
66 11 49
15 33 21
65 45 28
63 70 57
4 15 15
13 32 55
16 37 3
9 76 57
55 96 8
70 53 51
54 9 93
59 62 30
92 50 31
46 1 58
48 73 76
44 25 55
96 98 33
90 5 5
83 90 99
80 47 79
18 94 23
56 24 34
58 69 20
0 83 84
33 16 19
73 23 11
54 28 26
67 57 3
26 29 34
33 29 47
32 11 100
91 57 90
62 98 25
7 43 62
70 41 38
50 59 29
45 93 78
73 65 50
34 3 38
27 37 58
42 78 83
10 88 21
72 88 47
78 77 41
60 17 91
15 12 22
7 39 18
72 78 63
2 8 97
32 52 76
29 85 9
56 2 7
40 94 61
72 60 86
48 58 62
29 22 44
74 87 8
97 75 61
33 47 88
96 37 55
57 24 4
54 63 65
99 47 29
48 15 19
80 15 83
8 79 10
79 7 40
54 71 48
94 48 2
19 72 55
64 96 74
15 41 10
19 66 90
93 23 1
54 26 76
68 10 80
45 68 27
69 39 13
57 71 84
40 28 32
65 88 8
98 19 97
33 95 90
38 69 66
3 14 94
96 88 30
8 9 65
11 37 46
26 95 85
35 61 14
92 20 87
35 74 93
84 9 77
3 19 41
35 94 62
71 0 80
99 28 94
89 28 82
13 49 42
78 69 75
45 63 24
19 72 56
13 15 85
37 26 93
47 4 59
64 8 87
3 8 33
22 56 64
29 94 3
23 11 77
86 13 96
25 67 4
69 73 50
78 50 68
13 68 52
66 60 55
36 98 17
11 40 71
47 50 37
56 12 37
7 39 79
7 24 78
70 51 16
50 17 88
28 47 40
66 51 76
49 16 58
88 40 77
0 2 91
84 6 89
88 90 43
31 32 8
77 10 22
34 50 89
99 40 74
18 65 66
34 23 10
92 31 16
60 3 46
35 14 70
34 95 52
57 98 53
54 7 20
25 51 16
27 48 38
26 15 34
41 97 8
22 82 99
17 63 59
94 33 56
57 81 32
44 29 65
36 31 64
80 75 60
58 96 62
84 66 2
43 53 51
48 24 28
95 62 57
37 50 32
65 56 54
72 28 58
35 98 39
42 45 30
45 54 1
7 28 62
66 47 32
73 4 85
77 27 93
50 77 9
8 30 73
97 35 11
32 8 46
12 40 6
58 21 1
35 58 54
9 60 81
49 84 22
70 56 97
27 30 17
27 60 52
95 87 48
29 50 2
55 56 89
50 46 97
3 14 18
31 84 63
29 40 15
87 10 40
86 65 68
13 46 68
42 86 18
15 76 60
66 6 27
7 37 43
73 66 35
24 80 41
47 51 17
29 23 40
0 45 19
91 7 29
68 7 80
90 50 12
69 7 22
12 74 97
38 6 74
28 14 64
51 43 17
18 72 19
91 47 67
47 18 63
64 2 28
13 32 86
95 54 87
29 39 71
49 23 7
20 17 16
35 39 88
47 78 84
96 8 9
75 8 54
46 80 93
12 72 83
84 7 7
98 34 17
4 74 69
98 28 9
61 92 38
70 23 57
56 19 67
25 30 6
33 17 41
23 49 87
90 25 87
63 48 67
79 12 21
58 75 65
26 90 91
80 90 62
65 84 75
49 17 25
64 56 25
6 75 46
66 92 4
94 92 47
36 59 15
89 39 62
62 17 40
17 91 82
42 77 5
70 45 75
62 11 49
7 88 5
55 42 82
49 77 58
81 63 95
61 77 47
84 75 30
78 24 75
80 4 88
97 4 16
4 69 41
57 24 29
51 96 54
96 46 12
45 83 86
86 58 64
28 21 5
52 85 59
99 13 84
49 67 74
84 37 48
0 4 18
85 23 92
65 20 73
78 84 92
58 99 21
93 54 51
32 99 1
48 73 67
93 21 80
36 49 71
0 74 17
94 77 47
86 62 81
60 41 54
97 2 29
9 8 47
98 36 54
48 51 16
40 72 4
9 76 89
69 37 64
66 64 82
83 73 27
55 56 50
77 98 67
8 96 91
22 78 7
89 54 50
6 14 19
46 87 97
35 31 83
81 70 15
86 77 69
32 60 95
49 0 90
1 47 84
50 66 48
15 51 3
80 0 65
10 52 40
96 25 16
55 11 23
26 70 76
4 68 77
11 82 17
60 89 4
32 40 19
9 31 44
45 98 44
58 68 34
29 19 60
34 18 27
23 4 87
19 22 12
19 25 32
85 77 94
32 96 14
82 85 92
97 13 84
18 47 84
40 76 19
42 71 20
46 81 21
51 38 96
80 28 54
79 80 87
82 59 40
35 2 44
37 16 18
42 6 15
36 54 85
24 57 10
98 53 93
96 77 40
79 53 50
55 18 50
30 5 82
91 6 30
31 41 65
64 35 29
53 13 79
84 74 64
77 3 42
7 68 3
47 20 93
6 89 24
54 52 27
42 46 21
84 89 72
17 9 28
68 57 3
67 53 50
63 58 17
24 95 27
46 89 13
6 26 73
15 25 89
36 70 66
4 94 51
4 72 100
64 77 53
69 51 82
44 9 29
70 26 37
94 10 23
87 70 10
60 65 97
40 86 6
56 86 60
98 55 70
16 30 98
98 54 75
76 35 30
0 24 82
35 32 44
2 56 2
43 93 32
52 7 38
35 73 93
23 44 98
49 84 5
2 98 35
94 20 23
73 47 18
72 91 19
78 56 68
29 30 99
30 21 24
6 37 92
6 94 26
77 87 70
99 25 47
96 72 90
12 68 51
93 29 14
14 74 49
30 60 44
21 13 26
14 63 21
64 76 26
10 81 99
68 1 41
37 40 94
69 49 49
32 21 15
64 44 48
36 41 34
34 65 57
77 40 62
5 97 57
62 98 40
53 30 96
81 82 12
5 69 76
65 4 53
10 43 13
47 96 88
87 91 36
12 13 44
23 80 86
40 74 18
85 39 51
37 61 84
55 73 4
68 98 56
29 51 47
63 82 17
0 54 3
88 6 86
65 91 57
84 44 63
2 87 26
75 41 11
33 97 6
85 95 21
95 66 76
98 13 72
12 88 16
25 40 29
53 88 67
95 99 59
46 68 21
86 2 76
40 33 78
13 31 59
1 29 45
58 16 12
11 17 31
47 69 4
57 88 56
80 91 22
49 91 88
91 7 58
93 35 11
24 23 88
88 55 26
48 70 14
69 20 88
62 96 15
65 32 62
15 11 74
28 10 100
35 39 100
82 81 45
37 78 45
43 12 62
62 91 85
7 26 62
4 58 35
58 17 27
95 81 23
37 48 65
25 33 83
7 93 5
6 13 37
5 99 49
91 0 77
87 68 73
96 91 53
46 38 71
15 43 1
9 97 52
54 49 36
25 31 90
91 31 74
75 77 27
63 87 97
83 48 7
21 49 79
1 94 55
81 18 39
25 43 93
93 3 30
43 60 12
56 51 68
84 13 91
43 90 23
12 67 33
15 35 47
1 98 6
4 86 96
9 43 89
99 43 69
11 44 29
59 10 80
26 80 41
87 26 77
20 85 8
52 29 49
34 88 85
94 91 74
74 53 33
21 3 31
79 36 70
52 74 38
75 61 43
81 45 23
91 72 94
72 55 36
80 8 89
99 55 32
65 57 39
74 21 34
66 79 50
0 7 69
64 13 38
78 18 38
37 6 7
85 92 56
30 37 68
21 84 67
85 97 70
16 82 32
94 15 39
1 52 77
71 69 4
29 65 19
31 57 47
40 26 2
14 98 51
28 52 47
30 66 64
68 84 71
94 23 64
30 75 82
43 0 85
18 17 31
46 93 94
50 46 80
60 77 11
81 75 19
77 65 83
59 53 65
62 27 99
83 58 28
36 16 70
72 41 9
0 55 14
11 12 90
67 4 83
24 33 81
71 62 50
86 65 58
54 5 92
52 18 78
13 78 66
44 59 78
56 41 49
26 41 65
52 84 96
66 50 92
2 87 94
0 88 2
62 59 96
67 42 61
74 40 40
10 20 55
81 82 61
4 19 33
3 80 85
81 4 66
20 78 39
17 4 53
57 55 98
33 95 58
1 75 99
61 93 93
98 30 3
46 57 55
71 73 40
34 85 80
32 10 83
24 21 29
13 99 91
71 74 26
63 9 71
37 90 11
17 0 86
56 80 84
98 85 48
92 84 33
31 90 99
88 42 83
1 62 92
19 66 47
14 69 43
5 58 11
34 47 74
33 49 97
1 77 6
9 35 7
6 92 23
43 49 5
51 63 98
56 60 59
89 99 9
65 13 36
12 51 60
83 12 73
77 1 31
10 5 70
92 54 7
64 73 25
63 97 70
81 31 31
58 23 88
31 4 72
43 13 67
22 3 79
59 88 95
5 86 64
18 17 90
21 40 79
74 71 72
84 45 55
28 68 79
30 91 50
23 41 70
44 22 10
35 77 70
75 8 12
75 5 65
74 58 28
71 95 16
75 37 1
74 58 76
66 92 92
83 93 49
3 10 41
17 39 77
51 74 40
85 70 28
99 67 48
76 55 28
87 40 13
57 81 77
94 4 93
76 19 99
32 47 23
99 81 79
60 56 57
54 40 9
11 3 22
71 44 47
47 77 15
15 34 79
76 88 55
44 70 94
88 24 62
68 38 20
95 43 13
12 17 67
7 55 84
75 31 61
30 0 69
1 16 52
21 66 81
41 42 80
48 17 45
49 73 29
15 59 71
30 55 34
62 17 1
26 72 88
61 98 89
22 53 47
36 23 54
52 61 52
57 96 46
22 6 90
67 2 53
39 22 17
58 57 90
75 87 79
83 74 1
17 75 82
32 69 37
84 39 33
96 38 77
16 79 45
10 93 100
18 2 3
22 81 64
94 96 61
31 7 25
1 46 10
26 84 63
57 83 14
86 98 62
55 47 35
48 29 17
95 6 18
57 52 73
89 52 51
19 13 94
96 31 45
69 34 55
91 2 52
4 76 82
58 18 6
33 83 39
47 88 17
31 42 89
34 62 44
48 63 90
21 72 10
27 11 81
44 2 99
53 34 6
51 15 41
65 16 12
10 55 84
38 20 68
57 16 25
18 48 92
43 22 2
42 99 27
49 47 88
90 94 28
31 84 84
85 56 99
4 88 73
24 9 8
35 97 99
12 53 3
4 57 89
51 31 69
58 31 1
94 56 56
6 31 15
86 52 85
78 88 87
9 1 98
17 58 14
17 46 51
94 59 44
67 96 40
73 37 34
17 62 38
9 60 56
90 70 8
6 17 28
27 37 75
28 2 51
75 43 97
76 75 83
81 97 29
29 59 63
7 97 99
88 93 32
13 75 33
99 3 69
90 25 5
57 66 86
95 34 75
47 13 49
34 10 97
73 91 75
34 47 28
9 4 66
32 27 24
52 82 83
68 13 22
54 11 84
29 80 100
83 82 42
11 21 30
84 0 3
67 48 55
24 54 89
91 12 40
30 29 56
59 44 29
33 23 55
42 14 53
16 26 47
89 7 97
69 52 74
70 56 4
22 45 4
19 6 29
96 12 41
63 61 22
37 32 3
91 23 67
2 53 82
62 0 23
96 31 90
2 50 88
57 64 12
4 80 78
26 1 49
83 12 82
1 8 41
50 48 55
25 63 62
44 49 14
12 43 80
32 66 5
69 74 83
93 56 98
55 35 45
38 77 47
75 55 73
81 87 97
16 34 30
78 8 35
58 65 63
42 40 41
32 37 57
88 41 7
68 54 40
74 48 31
89 71 28
89 26 29
72 47 77
88 22 51
50 39 23
79 62 82
24 58 36
26 21 42
48 31 20
30 68 55
42 7 15
88 92 84
34 16 62
79 46 14
25 7 17
90 6 37
94 82 91
30 39 15
21 82 81
46 10 13
18 38 64
18 55 53
6 9 75
68 24 18
59 65 51
62 32 99
88 28 24
50 49 87
66 88 37
71 25 89
92 69 55
79 19 36
70 26 74
82 57 47
1 69 73
50 74 4
16 14 20
83 14 6
41 86 35
19 37 4
37 66 59
68 11 12
70 16 60
71 13 24
62 83 61
74 38 50
59 96 28
86 96 40
41 10 85
59 17 100
77 10 15
55 32 49
25 60 19
78 93 70
85 54 57
35 39 38
43 21 86
25 28 63
43 50 100
50 17 97
76 8 46
64 99 5
46 79 20
45 51 100
80 57 80
68 82 63
32 97 12
9 93 5
46 44 80
3 4 86
47 82 95
42 14 46
63 84 19
53 48 33
60 43 59
17 99 86
48 31 78
30 73 43
49 22 59
47 85 16
74 11 30
10 11 3
34 19 100
96 15 96
46 48 15
85 82 77
32 96 92
93 11 13
5 27 82
86 71 71
40 16 39
16 89 43
7 3 54
78 24 17
29 44 58
25 6 29
1 4 60
54 81 1
40 16 44
48 96 64
67 65 31
14 77 50
88 78 93
55 95 31
56 27 37
90 12 38
79 40 56
66 9 51
60 76 34
27 45 25
16 60 1
21 95 76
29 55 57
64 69 78
4 37 78
44 74 61
76 26 46
91 14 21
77 95 70
80 51 27
17 99 27
24 40 76
10 85 62
1 0 47
42 82 73
53 78 96
20 94 82
91 54 93
87 56 19
22 79 60
54 44 69
38 25 71
75 79 28
32 96 75
10 72 11
88 6 85
48 97 6
27 12 69
52 90 52
27 30 73
10 95 47
22 57 55
46 41 71
27 26 8
48 76 31
73 74 24
10 46 79
59 68 83
98 67 4
14 38 30
50 27 64
25 4 47
88 37 13
30 16 2
6 70 14
64 33 63
49 85 44
37 2 41
46 2 81
85 5 36
19 80 85
80 41 85
49 37 84
58 61 95
92 49 31
67 47 71
43 16 100
46 1 50
61 69 54
47 50 1
65 94 72
91 39 36
9 0 71
26 22 5
71 57 95
67 79 58
2 32 1
61 53 80
69 44 2
46 40 70
17 95 100
27 33 25
0 55 35
22 45 58
44 11 75
96 69 51
82 4 57
46 10 88
43 29 88
75 76 97
80 30 6
73 39 94
49 58 94
13 27 37
7 18 36
60 45 76
7 66 40
63 0 41
51 10 100
46 99 24
7 24 81
94 5 74
32 51 61
67 45 26
98 80 51
66 84 65
43 76 79
66 76 42
11 41 84
40 56 16
49 75 52
29 72 51
76 58 76
38 51 59
42 95 63
44 72 100
75 7 41
73 2 60
74 32 44
71 86 24
85 45 68
78 75 22
66 49 10
38 49 69
23 61 3
81 61 64
43 68 18
5 2 59
49 58 6
41 44 27
55 51 41
31 71 15
86 18 4
33 73 92
18 2 51
73 66 41
2 69 49
35 14 90
86 14 60
63 7 70
62 20 41
13 47 4
99 98 71
75 19 57
47 68 76
9 71 43
48 82 82
23 3 70
11 0 45
88 34 41
84 77 49
98 71 2
87 76 11
2 12 42
89 45 64
31 69 19
11 89 35
61 74 98
12 17 47
78 45 55
71 30 13
83 61 84
22 35 56
56 5 100
10 27 43
21 92 18
15 59 21
2 46 31
62 39 91
63 64 39
36 93 97
17 59 42
35 76 81
94 48 70
92 55 38
81 63 61
58 78 56
70 95 12
56 8 21
61 70 100
22 68 26
21 49 34
80 25 42
84 22 68
85 8 11
20 42 17
69 5 63
98 39 3
52 15 99
37 5 91
68 97 99
65 53 42
9 70 53
61 30 8
50 77 92
70 29 26
75 56 29
73 12 74
20 47 20
95 70 43
37 8 41
33 37 97
83 57 42
40 87 73
88 54 95
53 37 14
91 2 62
75 18 5
79 42 87
29 85 66
95 22 4
42 2 17
56 69 84
87 61 35
73 7 75
60 10 96
36 62 86
99 81 53
97 29 44
51 32 65
16 45 75
58 28 80
81 21 58
65 53 16
50 1 93
48 78 1
42 79 94
15 52 18
76 24 62
21 14 33
33 97 50
74 62 80
9 94 68
98 87 83
80 22 36
80 73 98
87 42 61
3 26 9
37 59 66
63 64 42
93 56 59
77 44 84
61 60 27
41 25 78
96 65 44
32 68 63
8 19 24
15 2 40
44 42 52
97 71 100
1 86 95
17 73 19
79 53 41
93 59 91
56 27 31
47 57 19
23 83 14
7 52 44
20 5 40
77 57 81
3 33 42
74 34 70
85 4 41
51 7 17
65 77 6
13 77 5
50 69 8
93 99 67
39 57 67
47 72 88
5 75 100
80 65 15
73 46 80
15 29 63
9 93 38
60 46 98
99 78 16
26 65 15
25 97 31
96 32 49
28 29 100
25 47 22
51 96 37
48 90 19
39 24 45
22 11 23
57 27 36
84 35 96
18 54 40
11 77 11
58 78 90
43 66 93
52 93 79
61 40 81
72 0 88
85 11 20
63 70 45
4 90 67
42 49 51
66 93 93
94 5 86
19 69 66
5 24 74
99 47 62
5 84 65
86 19 24
3 8 85
28 34 48
42 70 82
95 37 58
75 69 28
5 53 46
77 64 91
99 6 49
85 95 11
82 93 19
49 16 64
12 16 81
34 60 74
34 24 12
58 54 14
53 31 37
29 45 78
3 92 77
96 68 30
81 77 30
41 36 62
76 1 86
37 34 75
20 78 95
94 48 84
31 60 58
95 36 19
31 28 10
42 20 30
43 91 79
12 97 59
47 41 54
85 21 61
3 5 12
2 48 69
69 42 68
6 52 10
21 55 60
12 96 71
49 40 25
50 77 73
46 10 76
43 65 61
30 69 78
23 31 65
30 45 77
31 75 13
18 47 78
69 9 52
44 87 72
30 68 19
8 1 41
28 89 51
16 50 91
51 82 21
58 36 5
58 19 57
73 26 49
4 70 32
24 26 52
85 13 6
90 84 6
26 8 28
0 83 88
22 14 1
1 43 69
86 64 27
91 75 80
24 78 98
16 38 3
97 74 85
59 32 12
56 81 45
28 45 61
60 66 25
42 46 79
38 16 11
88 74 2
22 63 80
10 25 85
17 97 60
2 12 19
3 29 37
51 26 78
62 59 6
37 90 55
21 56 91
37 28 26
95 14 8
49 90 93
6 17 28
89 58 2
13 74 35
51 46 4
85 47 91
3 93 39
55 62 22
59 3 79
16 94 83
74 51 67
22 50 26
86 71 95
87 52 63
15 64 60
4 77 72
42 25 30
7 62 52
98 89 35
70 40 55
30 45 57
66 37 69
31 58 28
25 66 87
0 62 100
29 47 94
2 13 33
52 15 85
74 88 37
64 0 21
18 56 11
90 58 49
95 37 23
56 79 100
86 38 45
83 13 13
38 19 98
21 12 9
44 95 30
67 32 83
0 8 10
62 20 83
46 95 26
69 87 27
92 36 19
11 29 40
70 65 96
26 60 56
93 49 50
57 65 21
81 27 27
82 65 28
91 89 91
5 62 33
37 84 80
77 55 18
54 16 43
83 28 51
85 19 24
0 61 42
92 6 55
60 79 80
10 27 47
11 65 1
23 71 6
27 16 63
24 20 49
57 72 24
92 55 24
49 19 89
33 4 24
11 12 12
86 53 28
99 83 20
95 94 16
73 30 76
58 59 78
72 30 48
49 13 71
20 82 90
92 29 34
13 63 78
0 65 25
43 1 96
4 94 73
65 86 28
69 51 44
36 30 90
20 33 10
55 23 99
82 43 96
3 81 70
62 5 60
90 56 39
32 10 63
32 44 72
69 71 23
88 26 17
59 4 44
43 79 13
27 1 89
39 67 80
64 23 6
90 40 63
34 60 36
1 5 46
35 30 16
63 73 66
50 76 1
3 90 38
4 70 59
49 78 62
64 84 32
24 4 23
83 30 56
84 47 100
93 76 55
49 68 3
57 74 49
36 86 52
65 64 1
53 4 86
18 85 84
82 61 25
71 19 57
36 23 87
47 29 67
63 56 40
97 9 40
73 17 65
39 45 98
79 34 55
77 22 63
91 43 83
75 58 6
78 39 34
84 10 25
18 64 25
57 66 39
22 66 52
39 47 38
39 78 43
71 85 58
88 4 81
16 59 70
38 4 68
52 78 13
69 34 64
87 24 10
53 2 60
71 47 32
90 79 39
62 73 4
13 24 8
0 66 72
57 31 74
87 9 73
89 15 35
89 91 24
82 20 97
77 8 83
79 65 94
57 27 69
17 41 91
86 91 13
14 4 53
88 35 6
94 66 53
32 78 85
15 51 45
70 18 48
75 46 60
37 20 49
20 17 90
50 17 31
63 9 21
2 57 37
15 44 9
97 49 12
71 11 99
93 8 1
29 85 47
76 52 4
22 94 32
71 77 43
86 34 25
80 69 74
23 45 39
22 28 48
57 37 100
64 57 96
3 24 5
7 88 25
33 19 70
73 62 27
6 44 73
36 66 77
99 21 87
49 87 93
26 68 34
29 46 74
72 34 34
32 23 41
98 1 60
24 47 92
7 92 28
9 96 34
85 1 41
36 71 26
11 26 54
46 84 28
66 83 27
71 22 56
10 68 11
89 50 65
21 22 57
88 24 74
41 81 77
31 42 72
21 24 90
52 42 95
1 72 50
61 35 85
9 89 32
22 97 54
77 7 62
47 63 66
11 80 97
40 90 64
0 4 76
10 82 95
13 78 56
26 4 21
42 15 40
12 54 71
20 84 34
56 36 63
31 3 57
28 10 6
42 65 43
36 30 82
32 30 75
73 89 65
33 85 53
99 75 26
12 64 69
90 1 93
27 52 62
87 30 84
27 52 75
34 78 65
39 50 90
69 80 2
27 28 86
88 48 60
98 59 95
1 29 38
78 95 30
48 3 63
89 87 11
7 16 16
57 98 44
23 9 91
78 60 80
29 8 10
18 42 94
64 87 90
82 34 32
51 32 87
10 46 79
6 77 55
49 1 2
0 18 82
40 25 32
17 81 88
92 3 8
27 0 42
20 42 1
45 20 76
11 47 34
46 89 76
33 63 37
33 11 74
43 62 81
19 98 21
38 49 87
9 23 2
3 69 100
48 58 7
48 23 85
41 44 89
17 84 87
30 40 3
38 22 72
96 21 75
65 74 17
0 89 82
86 13 88
92 6 85
1 77 97
83 62 33
75 97 31
75 84 78
39 21 99
86 94 58
49 48 44
42 77 37
38 69 85
80 82 8
24 58 65
62 76 72
93 91 4
28 77 23
74 33 49
89 43 92
67 94 43
96 44 38
69 88 57
51 80 48
85 5 15
10 40 81
36 0 30
70 15 44
82 23 87
19 2 80
74 27 44
19 57 63
72 2 71
25 88 74
27 0 21
11 71 100
8 13 44
20 98 11
75 39 77
91 22 55
23 69 99
58 85 25
38 18 88
73 50 60
85 24 46
29 96 5
99 82 22
67 11 82
72 94 81
75 99 71
87 18 15
78 91 35
89 65 58
40 37 80
4 97 50
88 98 42
75 89 47
95 82 53
14 82 8
58 44 50
21 20 9
99 67 57
53 84 81
62 13 46
66 67 74
96 8 62
74 45 35
1 9 10
96 54 85
83 51 47
26 15 98
47 25 87
27 9 8
66 74 76
8 86 26
91 84 12
58 88 100
94 56 16
57 11 71
3 5 9
68 47 62
39 12 75
92 11 48
6 21 71
47 91 93
21 46 53
72 49 42
73 60 26
47 56 75
70 64 26
34 26 27
9 75 86
7 10 38
86 45 62
67 25 17
69 11 28
50 28 70
99 13 34
41 81 22
56 50 74
52 40 45
29 84 4
80 92 70
31 47 93
60 69 31
44 45 98
24 72 82
59 37 54
63 9 65
62 96 71
29 66 79
77 85 68
57 51 14
37 8 39
74 53 90
42 90 25
58 4 9
60 93 34
34 75 58
48 8 48
67 97 35
70 43 76
78 82 100
53 40 62
2 94 64
59 27 76
52 5 22
73 23 40
79 8 68
45 89 11
43 68 15
53 79 84
49 81 85
81 74 7
55 15 82
39 2 24
31 47 30
69 54 34
10 72 33
67 63 53
40 91 96
63 51 28
88 55 23
87 80 86
85 69 82
88 57 86
67 12 16
15 17 6
41 47 80
91 86 4
50 84 39
32 39 84
80 2 92
8 7 7
0 37 85
47 88 37
46 9 83
34 33 100
15 37 26
7 43 38
71 44 55
34 50 100
6 93 25
56 9 73
16 80 46
65 40 77
32 35 80
69 95 63
53 79 24
77 8 86
82 5 84
58 48 36
30 38 3
79 16 55
9 49 42
79 59 87
24 31 79
13 74 32
11 15 74
34 86 33
48 61 18
16 36 61
47 82 29
64 50 46
46 3 29
4 81 71
15 24 45
9 58 39
65 90 1
66 55 61
88 68 18
59 70 18
60 35 97
98 5 70
77 21 25
81 41 3
33 89 88
94 73 83
23 70 61
50 7 67
30 23 81
96 41 89
71 32 39
26 22 16
92 21 2
70 98 14
53 57 50
20 21 73
13 81 66
76 77 73
40 7 20
77 6 16
6 3 15
90 19 79
67 0 88
68 73 78
30 98 76
34 97 44
67 26 99
3 2 15
70 74 65
66 89 32
63 6 51
91 8 31
13 91 28
79 8 48
73 28 87
25 21 73
37 74 8
33 48 85
59 14 17
18 53 67
68 36 20
58 79 87
70 61 63
53 3 67
60 93 50
39 33 79
91 85 21
34 67 10
1 63 39
6 71 83
68 36 93
57 49 98
49 88 59
38 37 60
18 47 8
1 69 13
44 32 95
8 35 7
1 4 100
1 67 65
99 88 3
23 17 27
46 48 35
63 26 39
67 61 74
96 92 2
65 62 70
16 21 65
82 18 24
97 49 47
81 9 69
51 17 64
60 14 42
71 8 77
33 12 96
25 68 23
33 5 82
42 10 31
89 71 42
78 15 34
40 41 62
49 57 29
79 57 1
58 39 95
16 68 87
72 57 46
34 89 45
51 85 7
51 37 71
75 23 59
3 2 39
55 30 37
3 49 71
40 74 43
83 93 11
26 59 24
57 78 76
57 46 9
9 22 63
38 47 22
21 14 2
92 45 76
13 50 87
8 44 74
8 81 79
76 62 27
3 72 45
31 88 11
63 61 62
9 97 34
5 54 32
31 52 91
5 39 7
71 65 72
35 67 69
16 31 87
3 72 22
23 37 66
1 87 35
85 95 12
85 87 41
69 48 73
48 52 85
99 94 63
84 29 31
86 55 8
85 38 41
67 61 77
16 37 35
20 80 14
84 89 76
53 52 88
88 24 27
12 21 40
37 19 23
97 59 89
85 70 92
39 15 13
62 41 60
57 22 90
42 81 39
17 99 50
46 0 2
26 1 65
84 12 67
33 73 11
86 92 80
7 6 55
71 76 61
61 71 17
42 33 68
81 86 42
52 64 58
29 99 78
57 33 51
22 95 44
74 86 30
61 5 11
40 98 3
94 70 44
52 55 48
8 23 95
42 56 68
21 95 67
64 97 34
77 94 55
82 55 68
92 54 41
50 44 79
73 47 45
69 83 18
9 38 18
51 82 34
79 44 38
55 75 22
62 25 71
54 76 49
23 14 21
73 71 52
93 44 54
6 89 4
10 99 84
53 29 51
74 16 10
58 19 77
91 55 57
66 63 36
23 66 1
93 5 22
64 16 81
58 3 68
5 83 100
50 72 62
48 80 31
34 70 87
1 64 5
33 39 28
53 68 17
98 66 39
1 66 11
72 98 41
18 66 61
58 14 34
77 54 11
53 59 9
50 0 28
73 68 16
39 92 76
23 26 10
21 13 12
85 90 1
98 2 41
44 90 88
88 37 23
44 22 46
87 92 95
75 18 33
12 29 5
6 45 62
5 82 85
76 39 86
35 39 21
99 47 9
63 87 72
41 14 48
6 32 1
85 21 77
5 97 44
3 62 53
47 93 40
15 36 97
17 90 86
87 22 58
24 77 48
61 65 68
69 90 5
67 96 69
91 46 50
93 15 10
77 83 55
36 85 60
13 98 22
73 32 62
21 59 48
45 70 30
26 53 65
51 97 17
32 16 41
82 2 22
58 8 82
46 85 71
2 85 24
92 23 95
85 20 29
64 7 65
16 32 61
27 51 57
12 41 98
98 57 13
71 32 78
19 50 71
68 38 16
11 33 17
47 39 100
22 20 94
50 36 91
17 29 27
13 35 56
45 89 81
97 52 94
85 59 75
44 82 36
61 7 92
25 41 2
27 38 13
48 78 91
10 2 70
56 26 31
10 84 53
54 21 26
65 15 33
42 9 100
30 51 80
68 67 70
36 45 100
94 5 63
80 8 60
65 23 86
31 83 51
52 14 72
90 43 25
69 52 1
32 0 8
47 16 51
81 14 60
67 33 1
71 86 94
64 10 32
8 93 41
4 32 48
92 35 99
65 40 21
51 86 44
13 68 89
67 46 19
59 3 24
44 91 72
93 46 94
79 73 35
59 6 33
22 40 69
52 58 3
58 44 48
92 55 92
45 28 73
11 82 75
25 90 58
51 28 7
90 20 35
57 60 28
20 28 50
49 88 70
97 63 39
40 94 75
38 26 12
61 49 63
17 9 53
46 15 42
56 58 48
9 23 85
91 46 4
55 97 41
75 25 44
50 24 70
34 75 63
99 94 15
56 27 72
1 52 85
7 68 93
81 84 73
78 35 30
67 59 47
69 10 18
94 81 90
19 70 25
84 50 69
33 76 82
69 31 79
73 32 41
64 3 47
4 69 1
4 30 59
88 44 32
94 50 28
62 88 33
16 72 90
46 35 85
66 5 97
19 99 40
47 70 10
58 94 54
27 36 49
33 55 70
2 30 75
47 96 44
89 98 36
54 98 83
86 87 57
40 66 6
46 71 4
34 92 14
4 1 84
9 4 87
71 47 76
49 36 51
57 39 99
10 73 83
23 63 27
7 10 35
72 27 6
63 21 96
76 83 65
50 97 10
70 46 70
81 76 14
41 73 82
42 46 17
33 32 88
52 4 37
44 62 61
87 41 34
90 18 18
94 20 43
9 44 29
24 25 65
53 55 62
27 78 2
2 99 94
67 19 73
91 0 4
37 94 91
69 76 13
38 64 64
81 62 95
72 60 53
96 44 90
69 91 41
83 27 89
8 53 2
87 65 27
46 30 40
93 73 68
44 17 37
20 69 10
82 18 7
56 63 53
60 48 29
69 36 25
61 26 16
18 60 32
54 75 96
2 75 19
18 41 46
75 66 94
38 52 55
3 95 88
61 47 98
3 48 38
99 21 3
68 43 1
78 62 72
76 29 19
70 80 59
16 32 45
99 47 23
18 54 75
2 84 29
9 91 83
97 24 75
6 18 1
61 10 18
17 85 72
32 58 13
52 69 41
39 58 85
99 3 2
93 70 84
69 74 9
54 52 16
29 67 72
58 60 34
73 74 45
54 15 32
22 44 7
2 69 13
7 79 9
27 36 22
9 22 18
7 66 58
50 70 11
64 48 35
43 14 85
29 71 17
75 78 59
67 28 100
58 6 6
8 26 27
5 73 38
87 71 95
35 84 24
89 29 41
58 28 55
85 23 99
78 58 10
41 31 69
93 59 29
57 42 39
78 58 29
44 43 64
13 19 82
81 55 71
11 15 88
54 27 75
28 61 33
80 76 74
40 80 8
21 99 58
37 13 48
37 14 4
11 0 59
59 62 35
52 47 97
85 96 97
84 36 65
66 34 19
32 6 67
59 82 64
47 10 10
82 17 48
23 43 85
40 14 6
1 91 72
58 56 80
57 1 45
60 10 30
44 92 2
67 15 42
19 67 24
33 24 41
36 25 55
74 71 7
21 18 51
78 43 82
26 87 59
9 44 35
39 57 35
95 47 13
61 65 7
86 93 41
81 63 58
79 7 86
9 22 56
65 54 78
6 85 20
83 84 78
55 37 15
56 48 42
58 94 9
80 10 41
99 25 89
64 55 98
35 64 16
48 8 99
4 16 29
22 23 55
41 80 38
46 72 17
81 88 82
80 62 22
4 53 42
27 88 31
42 70 55
95 52 33
24 18 1
92 30 85
82 76 39
82 70 53
32 86 63
55 22 83
93 61 40
93 21 95
7 82 3
55 75 27
91 99 28
60 82 10
63 39 56
97 8 21
27 17 49
83 59 51
48 65 77
44 31 21
65 79 49
83 36 73
43 0 60
96 1 82
83 87 21
55 64 22
45 94 24
23 68 62
39 65 9
9 27 66
10 2 100
28 35 99
87 76 74
19 13 59
50 80 67
29 69 21
55 5 36
2 50 94
5 96 18
88 28 92
25 29 7
17 10 29
10 40 53
50 61 94
67 30 94
99 92 62
77 65 76
36 6 77
39 7 8
88 8 62
28 55 53
91 78 40
42 87 88
89 11 66
80 30 48
89 85 84
88 48 53
1 97 71
90 10 91
37 15 41
44 7 66
7 94 74
60 23 80
36 62 77
2 51 63
65 64 48
15 89 21
7 79 14
50 59 30
27 3 44
37 0 57
70 50 53
54 74 7
7 93 88
58 56 54
35 72 8
27 76 13
45 61 99
83 87 87
9 67 89
29 2 1
31 76 51
3 29 77
16 18 57
84 67 83
0 82 100
33 13 69
91 23 71
76 13 33
22 14 70
91 89 83
66 86 97
31 5 75
30 63 42
98 25 68
94 4 47
23 29 71
73 12 61
48 37 59
71 40 45
32 86 79
62 6 58
17 49 79
99 67 95
52 31 6
26 37 88
12 48 80
47 33 100
46 12 72
15 75 3
74 18 47
39 60 98
83 87 89
85 86 70
36 14 69
64 45 97
41 74 86
26 36 62
67 79 39
96 11 44
70 51 39
47 75 35
78 72 99
3 30 94
16 58 3
98 8 5
89 45 41
68 2 56
30 7 98
32 7 13
27 60 48
0 94 46
66 34 70
86 59 94
11 51 93
97 42 5
71 5 99
56 64 17
51 74 45
67 97 56
30 18 69
67 56 35
29 7 66
58 29 53
18 76 53
1 96 100
48 27 70
99 76 90
42 17 93
4 61 77
4 57 80
70 29 56
47 40 9
69 35 51
90 87 60
62 57 46
92 74 31
24 22 83
19 49 71
72 36 62
27 88 74
59 19 13
55 62 44
65 81 31
77 36 51
62 78 44
26 65 5
33 98 19
9 97 9
74 15 1
15 28 93
25 71 72
82 21 15
80 23 57
61 20 7
30 91 87
47 73 52
90 53 13
44 45 21
81 25 86
89 73 96
94 70 49
0 87 83
48 26 7
77 70 86
90 10 92
10 87 55
78 5 38
39 8 66
26 25 43
84 95 81
23 94 47
63 13 81
97 65 34
62 87 72
71 52 37
50 92 75
92 39 72
7 49 22
36 53 86
5 92 61
26 17 11
5 45 57
39 73 80
39 80 48
28 70 55
90 2 10
3 88 34
89 32 18
93 95 45
8 49 9
6 13 17
56 87 88
50 37 24
52 48 36
50 28 74
58 57 44
48 80 23
36 83 99
93 83 72
21 4 34
87 38 7
43 51 73
5 45 87
22 49 75
87 69 79
62 17 44
46 51 3
38 85 74
66 68 6
49 29 97
13 93 27
99 42 95
5 33 22
27 48 32
5 38 99
74 73 46
36 1 91
87 44 16
6 24 2
36 42 16
93 72 3
4 67 68
70 43 57
64 98 69
1 79 96
92 11 34
5 32 45
68 8 42
6 8 72
53 80 47
90 62 35
36 31 6
26 50 33
25 42 29
63 53 81
64 50 53
80 74 49
84 18 41
14 67 53
36 35 36
28 31 78
41 19 61
29 85 19
40 6 13
65 33 52
66 10 38
55 90 45
74 33 70
48 24 63
72 50 33
31 17 2
1 3 3
32 15 48
19 0 30
8 79 45
87 66 51
73 50 96
95 89 90
26 34 18
8 84 76
1 89 7
96 72 11
86 66 74
4 82 53
89 21 56
84 53 7
97 99 6
37 9 56
44 31 41
63 27 44
78 71 57
12 82 13
86 79 4
99 24 59
74 34 28
65 54 53
54 63 31
58 14 6
73 83 4
60 72 77
78 85 48
88 57 99
22 30 90
21 81 71
31 36 29
44 27 21
1 9 86
63 58 87
93 61 47
53 14 73
20 7 12
71 49 26
8 21 37
53 84 9
87 13 57
0 80 95
39 34 82
46 12 26
26 64 91
92 86 83
46 12 34
57 80 2
61 89 69
16 31 17
84 87 7
56 20 30
51 49 34
90 7 18
82 23 87
8 97 55
13 96 88
47 39 35
8 28 15
88 98 65
37 14 37
96 37 32
46 76 74
73 16 21
55 77 86
10 30 87
34 71 90
98 44 47
26 82 88
62 81 67
45 77 89
40 32 67
28 3 48
44 6 58
28 20 12
19 90 41
38 85 71
7 0 42
26 65 19
0 5 93
52 76 84
74 81 87
12 85 85
15 75 39
34 19 18
1 13 79
28 41 90
22 44 59
70 59 74
55 23 51
47 27 59
49 97 88
24 71 93
21 9 41
1 13 97
21 72 74
37 18 90
8 9 18
71 76 55
95 4 65
93 66 28
33 20 34
94 45 50
69 40 44
49 0 83
45 66 5
11 39 47
79 14 23
8 58 70
37 28 34
80 41 28
36 95 29
69 72 85
32 84 3
65 9 83
65 82 5
11 96 57
99 40 55
7 34 81
13 6 62
53 90 21
78 43 83
77 18 23
19 24 80
73 51 11
8 68 56
37 48 43
24 6 18
68 38 76
1 79 2
8 29 26
56 38 7
79 91 36
49 78 94
30 90 21
24 63 21
18 0 67
65 9 35
77 73 26
39 67 63
46 11 5
83 22 83
31 97 62
62 9 92
89 99 70
98 17 41
16 9 97
90 1 45
70 64 14
87 28 82
26 70 38
63 87 89
78 33 47
60 3 57
33 50 37
3 54 88
7 24 94
59 91 17
40 80 67
11 58 65
24 57 26
89 36 34
36 80 38
91 41 72
42 96 89
1 82 36
60 64 25
65 78 36
6 2 22
30 21 11
97 90 18
18 88 11
67 64 80
55 97 48
17 29 35
88 15 8
28 26 21
46 70 85
12 75 27
17 80 86
35 59 6
98 44 29
95 93 7
42 8 23
9 73 15
35 27 35
29 54 6
25 22 81
74 80 78
24 6 1
19 90 73
4 13 21
48 0 46
15 77 50
75 23 15
21 7 45
33 7 86
73 5 55
93 3 78
56 27 48
86 99 69
57 20 3
99 48 23
37 95 93
0 1 61
79 18 97
32 37 85
35 46 28
17 7 28
14 57 48
37 14 72
78 47 34
59 33 84
83 89 64
20 59 35
56 8 12
17 13 64
21 7 91
57 90 37
68 5 47
83 30 36
46 44 43
38 51 5
12 31 72
49 14 66
36 9 77
34 61 27
77 94 54
0 79 60
37 78 68
78 94 52
12 89 57
37 14 28
78 41 41
0 29 72
11 26 45
11 5 64
77 50 47
85 37 45
37 20 81
42 96 100
49 31 49
6 99 59
30 66 53
90 19 19
46 93 43
43 5 59
47 3 76
86 34 29
56 79 70
75 90 89
87 45 65
9 38 35
58 75 6
89 75 57
99 32 92
32 10 45
4 80 1
39 7 2
39 54 20
80 37 91
11 54 94
34 62 32
89 54 26
56 1 57
64 30 61
60 9 18
82 76 35
36 82 90
81 13 98
8 95 78
36 17 64
62 52 10
6 21 37
12 64 22
25 33 65
82 18 4
48 11 34
86 96 82
90 47 99
28 0 54
76 52 35
44 11 59
37 36 40
3 15 100
47 54 4
20 3 75
85 63 22
74 72 40
18 8 94
64 58 86
51 74 63
31 88 68
26 22 80
23 90 49
30 22 56
60 76 86
53 87 46
90 75 67
31 2 53
5 34 56
15 40 99
31 73 12
52 10 25
16 35 33
60 10 27
91 80 35
76 86 31
65 79 95
67 20 30
84 69 77
61 70 40
22 15 100
97 27 65
97 22 83
1 44 32
99 17 42
33 16 63
62 46 76
17 73 93
87 71 49
7 64 35
92 6 75
88 27 47
26 46 81
67 47 9
37 40 41
69 43 83
75 47 80
88 11 58
62 66 96
33 87 33
74 81 49
71 20 50
30 8 56
52 19 9
92 81 8
35 80 58
51 12 51
86 97 39
11 34 81
66 97 7
77 38 39
55 48 27
9 24 30
2 51 70
6 20 84
20 9 13
65 17 13
2 69 49
85 30 21
20 57 68
24 55 82
55 40 43
43 56 32
27 51 39
86 18 46
55 54 93
36 51 70
9 38 37
20 53 11
50 97 81
64 42 73
28 83 30
83 92 42
12 84 51
13 70 24
69 97 55
52 50 68
3 5 46
37 27 1
93 34 25
48 96 21
6 49 13
44 66 74
36 22 32
84 79 79
55 24 97
92 77 99
57 63 99
28 70 38
10 16 72
6 37 88
10 43 77
68 60 5
11 20 51
38 88 90
4 71 70
15 37 44
94 51 100
19 95 13
98 97 87
24 68 45
2 95 22
44 23 69
16 22 77
29 18 18
83 73 98
91 4 10
10 6 12
27 94 73
49 43 28
43 90 50
79 56 2
84 57 52
87 17 44
78 57 12
88 58 18
51 20 80
96 94 35
42 32 99
34 57 86
6 28 87
86 18 30
29 91 83
62 80 98
27 10 87
9 8 34
19 45 13
63 66 18
49 37 98
24 69 37
91 72 70
33 90 40
7 70 33
15 80 41
47 76 40
88 83 47
18 40 17
28 47 67
49 11 8
48 97 60
95 72 19
12 84 91
91 45 49
30 72 36
71 19 61
36 44 44
76 7 63
60 87 50
44 54 77
86 41 46
40 62 89
2 13 35
94 28 90
98 22 57
70 22 28
40 3 39
55 48 67
39 64 64
41 92 72
19 26 98
20 14 9
48 44 46
88 46 81
61 33 29
36 28 98
11 24 31
72 42 75
78 88 17
15 61 15
82 76 74
43 50 24
42 39 83
20 42 9
36 14 36
73 59 3
4 62 81
6 37 32
18 15 92
55 4 58
96 54 75
28 67 57
27 12 38
55 14 36
68 49 92
52 1 23
82 48 55
72 67 49
81 68 69
5 40 43
16 48 86
73 25 67
66 69 3
93 27 43
79 62 82
22 25 62
19 12 70
23 26 5
33 15 63
43 44 6
1 15 25
37 33 64
42 63 31
17 5 9
84 18 88
47 18 9
49 75 54
31 89 47
34 69 64
11 48 13
65 5 54
46 96 92
67 53 86
21 74 66
45 61 78
81 86 73
34 70 59
8 96 93
73 85 5
16 39 17
60 59 4
92 68 33
4 68 48
9 31 35
19 8 39
34 92 22
24 48 84
61 38 34
30 29 19
45 77 74
82 33 89
52 11 36
8 84 1
86 45 77
47 62 81
7 16 2
15 73 39
92 38 97
47 73 70
95 77 41
11 4 12
10 91 65
47 67 48
0 2 2
83 82 28
86 53 68
75 81 89
64 82 15
60 42 51
36 19 9
41 38 71
9 74 42
57 83 74
30 61 73
44 79 17
47 7 42
39 83 37
70 80 41
16 80 1
35 54 20
7 2 7
6 87 89
42 73 77
55 32 33
17 43 17
36 12 39
37 21 21
15 24 75
60 73 39
4 89 63
14 30 41
48 42 23
94 51 40
59 5 61
9 26 61
83 45 55
32 88 7
5 45 78
50 81 81
56 94 11
26 75 99
61 75 63
95 84 27
80 4 82
28 35 36
0 21 51
36 11 39
1 16 54
49 84 93
4 24 72
54 61 65
22 61 21
2 37 74
72 31 2
46 21 3
19 82 63
60 57 70
58 16 36
89 59 90
23 16 71
4 2 26
45 62 36
64 8 32
45 90 77
59 12 78
5 53 86
82 11 39
25 0 73
84 52 85
45 41 40
90 54 4
52 36 5
81 97 49
12 52 78
84 46 88
30 61 100
91 76 8
43 83 17
60 31 57
20 94 41
63 52 21
74 35 6
77 0 46
38 78 57
87 85 63
70 90 5
97 34 31
48 2 29
98 39 16
60 54 39
94 7 63
63 68 31
71 73 11
77 41 9
97 12 76
69 77 34
25 24 39
43 92 83
46 72 73
22 99 53
4 2 29
43 92 51
11 0 72
33 19 26
93 1 1
68 79 67
7 39 36
71 20 57
43 65 73
67 69 9
85 2 30
61 68 21
66 85 70
85 7 18
30 14 75
23 46 9
45 28 31
8 53 6
75 66 42
62 39 52
67 15 73
18 56 47
15 61 12
42 18 23
43 76 54
53 88 52
68 93 29
62 26 64
74 85 84
62 36 69
38 34 86
58 2 53
91 45 49
23 15 53
42 18 29
54 55 66
90 61 23
57 51 53
21 40 38
83 67 7
80 60 57
61 20 38
56 61 64
47 26 96
71 56 18
8 40 78
71 77 38
47 18 21
95 85 70
15 56 69
5 30 54
94 83 12
11 42 4
90 4 93
61 79 79
73 11 37
69 73 7
72 79 58
27 78 67
9 17 73
85 70 25
51 87 87
25 92 62
60 31 22
11 48 58
18 7 78
40 92 62
97 92 29
23 30 57
93 1 31
18 67 15
1 84 44
94 87 35
44 79 38
58 96 69
10 54 30
96 19 65
24 5 65
83 60 10
7 14 90
13 34 16
99 29 29
10 25 37
10 52 91
46 51 76
14 11 3
91 99 3
53 24 2
28 55 88
65 64 20
91 33 14
71 70 25
27 45 70
32 50 10
0 10 45
91 54 44
93 85 58
17 30 74
63 37 16
93 38 19
50 68 62
43 22 89
0 23 57
42 48 99
46 38 2
81 46 86
23 31 27
42 4 36
78 40 41
49 65 23
49 96 94
12 75 91
47 70 57
84 0 65
61 50 44
80 77 84
96 77 71
6 8 70
67 43 24
66 17 2
83 50 40
34 99 33
97 66 29
16 67 51
51 62 8
76 78 89
77 15 22
6 24 73
94 51 56
28 32 3
22 94 81
98 13 7
44 3 4
66 50 58
86 13 99
55 0 39
13 49 51
11 86 33
9 89 55
48 52 36
49 77 23
96 13 24
25 59 85
37 69 62
32 46 24
62 30 36
74 88 48
12 35 66
79 89 6
87 24 2
95 87 44
39 75 77
83 58 62
30 51 36
36 39 8
57 58 14
51 57 75
11 82 56
71 62 86
21 96 97
77 71 43
96 40 82
87 39 73
10 49 48
66 42 54
42 22 35
68 72 72
36 83 4
61 45 53
10 39 91
26 3 3
17 49 5
66 92 74
1 44 3
86 93 2
30 34 2
43 96 58
39 27 29
37 49 73
10 9 53
24 99 61
16 61 20
24 66 99
32 99 10
67 0 76
68 39 65
98 77 83
91 62 59
12 98 37
36 17 98
62 32 75
8 51 60
9 60 28
20 65 14
45 97 69
58 77 47
39 59 95
36 84 13
37 50 36
42 96 17
99 71 96
14 23 40
57 73 58
38 7 88
67 69 34
55 91 30
78 57 67
55 87 93
60 10 4
67 46 81
70 6 33
79 8 47
90 13 19
48 58 75
40 42 82
18 6 82
52 12 82
35 25 18
56 25 12
6 4 26
10 88 31
25 21 55
61 36 44
18 13 99
92 86 51
72 93 84
89 34 55
23 41 90
9 27 27
81 9 41
72 19 97
18 54 26
93 40 79
83 30 44
98 22 76
26 41 73
13 95 41
55 46 65
51 10 53
94 64 47
17 35 60
91 27 100
21 79 66
16 19 53
39 46 94
93 74 42
73 31 69
80 58 51
63 4 76
24 20 16
54 3 77
39 89 24
71 37 57
86 89 83
88 67 79
84 92 63
90 68 99
65 66 6
8 33 79
58 50 14
68 36 98
89 14 2
58 7 45
5 81 75
37 55 81
79 20 63
4 57 91
39 88 31
47 14 18
68 27 24
86 2 45
46 80 56
86 81 59
21 42 56
68 39 5
83 45 7
27 62 56
58 71 13
10 25 9
46 86 38
45 22 77
7 80 99
67 85 46
6 20 36
90 96 100
94 6 38
13 10 42
78 92 31
65 94 75
51 47 60
58 54 38
93 71 40
49 62 68
39 10 2
2 22 27
86 33 3
97 54 90
32 53 37
96 72 73
55 2 89
98 52 18
98 87 57
1 36 30
24 20 14
39 65 15
10 96 83
59 67 72
65 46 68
24 78 71
96 39 100
75 68 37
1 0 95
19 52 10
36 26 47
13 8 63
70 33 24
19 13 40
18 41 80
78 57 57
10 66 44
74 35 63
55 61 31
19 72 1
65 90 33
59 86 55
24 35 27
99 72 56
61 86 63
31 46 61
62 38 50
59 99 84
57 36 10
99 48 15
30 78 43
79 52 24
47 3 36
30 64 48
8 16 85
87 63 63
34 45 16
4 87 72
76 94 22
76 44 29
1 24 36
7 15 28
73 32 54
15 58 66
68 78 68
24 60 38
84 51 6
16 66 7
38 72 39
60 18 4
19 45 35
8 37 18
30 90 12
51 56 28
0 29 4
65 94 76
81 41 13
31 73 50
43 35 18
51 0 87
7 81 73
6 10 61
44 4 41
9 24 100
27 71 77
86 25 51
91 87 17
94 92 50
37 71 55
83 45 38
55 32 31
65 5 100
89 99 99
79 63 53
82 59 39
51 39 38
42 55 22
70 57 61
72 66 85
47 27 70
44 82 8
85 58 82
69 72 20
38 97 20
60 98 41
81 66 33
45 81 2
10 52 28
15 80 64
17 32 14
59 39 54
64 91 59
74 47 9
30 70 84
97 47 36
21 90 17
54 29 78
63 64 82
64 57 83
29 10 28
7 9 53
80 45 74
84 6 89
12 46 80
43 28 9
40 19 80
56 36 63
91 52 60
57 16 18
38 31 80
53 16 39
55 0 17
7 32 55
22 54 96
84 20 53
64 72 86
38 41 15
81 19 62
1 36 79
85 44 50
85 54 64
51 58 55
66 67 89
77 80 42
90 82 45
41 56 97
65 87 72
3 53 11
32 90 22
78 29 55
91 34 77
75 73 77
97 3 19
68 99 38
31 44 59
79 24 28
80 31 57
29 65 77
59 53 23
37 52 51
91 56 93
8 21 18
6 61 77
98 40 42
20 75 20
62 23 76
95 48 80
97 93 5
18 37 7
73 76 8
85 56 93
59 54 98
44 92 89
59 34 52
68 45 85
23 91 65
41 53 10
73 37 11
40 23 13
46 97 95
38 86 83
23 56 84
37 12 56
60 21 41
17 89 92
28 50 82
56 65 77
75 98 16
79 15 61
63 52 64
20 28 10
9 76 29
95 39 34
85 28 3
17 88 85
29 80 43
55 54 62
22 75 96
98 36 30
71 94 33
19 40 64
63 25 33
58 62 89
92 35 17
99 65 34
62 91 68
26 19 59
9 80 24
48 6 99
13 25 99
58 72 20
24 39 8
0 24 63
22 97 51
29 73 92
42 53 84
93 15 24
76 67 23
67 79 99
80 8 44
10 48 84
98 1 21
14 0 17
76 53 52
29 45 98
36 76 60
57 34 64
85 42 96
51 94 27
30 84 18
34 48 66
22 34 97
76 16 51
19 45 73
14 98 72
16 94 22
11 98 41
24 78 69
48 5 90
92 30 18
32 96 36
2 48 88
90 31 99
16 58 99
38 77 27
38 85 38
36 0 44
74 59 69
28 85 88
14 98 37
15 40 25
98 55 25
6 36 1
50 90 9
42 58 56
98 69 49
69 74 96
49 21 53
61 51 3
8 29 75
9 38 78
78 69 60
43 17 45
71 44 50
95 7 35
51 81 48
82 51 73
64 68 1
8 26 32
85 32 58
49 57 63
99 39 45
7 3 34
75 69 23
90 46 72
2 59 39
15 36 23
64 46 55
61 81 37
79 49 54
6 27 68
16 6 59
70 53 16
78 23 1
50 52 70
86 96 30
19 57 83
22 29 64
79 66 89
21 90 97
79 7 21
83 75 38
12 83 74
18 14 32
3 78 43
50 38 48
84 83 93
69 57 80
70 59 16
74 76 87
17 26 1
52 70 42
13 61 90
91 37 83
39 11 52
52 69 7
84 1 58
86 80 95
80 30 63
72 30 8
45 61 18
94 57 13
39 61 42
69 80 90
90 41 71
10 50 1
66 68 60
20 52 70
69 80 1
65 51 29
73 3 7
15 43 50
58 45 28
8 83 87
49 76 78
52 12 81
51 54 83
26 66 50
42 55 93
76 27 3
0 80 36
94 34 4
2 45 23
3 90 61
57 37 64
90 0 100
12 66 30
52 80 94
50 80 5
8 13 2
2 46 27
60 87 87
71 72 23
73 37 17
3 67 66
48 20 70
50 24 88
66 19 26
38 66 62
1 29 87
53 1 98
98 6 60
40 78 67
75 60 96
25 14 61
37 44 60
0 96 38
21 74 10
29 67 82
10 60 32
83 21 60
17 14 96
80 24 24
96 26 2
79 27 99
91 47 28
87 16 97
98 44 91
29 67 50
56 9 84
80 68 2
8 21 74
38 9 65
13 71 80
39 96 99
42 12 27
65 45 90
83 21 84
55 18 16
85 44 84
27 4 28
25 55 38
79 29 29
62 39 93
76 73 98
97 84 92
73 14 13
73 93 54
34 63 12
0 68 56
83 66 76
86 87 62
73 30 6
33 34 68
13 15 79
40 13 68
26 39 58
44 58 30
11 41 1
67 0 26
88 69 22
1 97 10
70 14 72
33 57 55
73 79 27
51 25 3
74 75 41
13 58 89
66 80 85
32 99 48
18 21 41
51 22 79
52 94 95
41 65 17
19 8 29
2 16 59
41 69 29
49 70 24
37 40 42
79 60 16
50 9 81
78 9 24
43 72 89
44 38 9
21 96 29
73 82 34
33 52 92
57 94 19
13 76 50
52 82 74
75 15 89
16 65 49
19 24 80
7 60 25
70 74 40
68 70 46
22 62 17
14 94 99
73 79 8
60 78 11
26 73 9
11 99 26
2 21 78
51 87 20
44 18 47
97 74 22
16 76 12
87 59 67
80 29 18
27 76 46
65 2 33
23 0 78
60 23 58
97 51 27
41 60 43
22 81 61
26 74 79
57 42 23
3 80 57
53 3 20
43 53 91
49 90 45
90 63 3
77 78 45
21 61 36
59 87 69
64 55 24
39 28 54
39 81 77
74 57 80
34 71 37
65 40 27
7 51 31
49 66 17
95 11 89
3 52 37
58 8 76
27 80 34
79 63 62
70 89 90
17 6 12
14 40 26
77 71 25
88 85 72
57 62 13
18 24 90
67 48 62
62 70 96
23 50 5
96 86 12
66 51 88
32 73 44
50 47 71
42 52 30
9 62 19
37 5 65
49 93 92
76 69 89
50 59 51
73 24 78
46 66 93
99 13 56
12 80 6
51 9 61
11 51 70
74 72 31
29 3 22
96 61 77
86 42 63
36 5 37
83 40 13
34 71 37
28 47 83
59 21 61
30 69 76
45 10 34
7 81 85
61 16 83
85 12 23
92 58 31
9 28 9
28 37 84
87 4 94
29 84 43
53 28 51
69 91 85
24 11 68
48 22 56
91 40 71
29 91 87
46 29 81
64 27 59
84 72 13
42 35 25
65 2 30
13 55 77
36 78 60
81 76 30
39 30 82
45 37 83
2 32 19
49 57 2
86 5 36
15 7 95
34 56 8
37 8 37
59 74 65
30 86 19
33 69 21
96 31 78
61 40 96
65 18 87
69 1 60
42 41 14
42 80 76
29 76 24
16 9 18
63 99 41
94 43 85
40 76 64
84 80 77
79 38 12
99 20 4
42 27 37
61 65 88
72 93 25
72 52 92
83 21 96
39 81 80
28 63 67
50 45 82
47 83 95
67 44 97
12 92 90
28 81 91
21 90 86
32 40 67
59 44 89
26 27 44
48 36 25
18 68 45
41 45 62
49 10 57
96 36 35
1 78 86
91 15 33
70 62 26
32 52 71
94 8 29
72 29 51
32 85 98
45 50 49
23 4 7
90 77 10
37 48 84
90 4 77
49 20 81
73 51 37
84 61 55
47 46 93
96 48 8
55 43 83
41 55 4
65 82 62
21 75 4
83 65 25
48 17 1
85 16 6
99 87 15
88 99 93
42 55 11
16 33 84
80 29 76
61 11 88
79 25 74
48 50 79
51 29 63
8 32 93
51 30 21
62 7 20
59 30 94
40 58 96
4 91 41
48 94 48
34 72 70
32 33 54
71 22 71
93 34 43
32 91 4
53 54 57
2 62 1
52 36 60
28 12 78
72 70 31
37 80 22
9 15 9
97 63 37
78 5 72
35 99 50
28 65 14
38 90 45
45 27 60
93 29 62
53 3 18
19 98 73
40 6 30
22 34 61
29 82 55
80 92 94
11 99 39
61 55 84
88 69 32
76 16 18
61 23 16
23 80 8
94 78 61
87 58 30
22 67 24
90 31 20
80 21 26
90 69 92
26 17 6
76 98 56
60 53 68
52 45 53
0 30 35
81 27 65
69 53 65
46 41 23
32 67 47
59 43 19
30 68 55
8 14 54
28 35 78
79 12 61
20 64 10
31 92 85
54 71 22
49 32 74
63 76 79
79 35 7
71 78 36
2 16 66
91 78 88
1 21 6
87 73 65
67 70 28
22 59 73
66 91 67
18 96 19
86 76 68
99 55 76
51 26 3
63 35 73
68 53 42
23 53 86
41 54 81
94 86 27
89 4 8
12 74 15
60 46 7
32 33 50
65 1 3
93 0 7
88 85 80
43 99 54
49 84 51
64 16 1
42 53 51
6 60 67
56 32 64
18 61 38
74 73 75
96 70 54
18 55 44
17 21 87
70 63 69
60 4 23
28 5 22
95 42 59
75 64 72
18 6 33
80 14 18
34 71 48
64 4 82
85 7 52
27 88 39
49 88 72
30 64 94
8 63 35
34 82 61
19 53 69
29 2 77
27 64 42
10 67 65
20 74 77
2 56 14
99 69 2
36 32 30
65 71 15
13 81 58
22 14 56
52 57 49
42 72 14
93 32 1
40 59 37
8 83 96
95 2 62
49 87 62
61 90 40
57 64 44
76 62 96
41 74 81
11 20 72
56 31 34
10 70 48
80 62 20
37 97 31
69 64 23
37 5 82
70 87 70
36 29 99
0 55 26
91 55 77
93 29 99
10 44 58
52 74 74
85 45 63
23 22 67
69 4 2
90 57 60
21 51 68
74 7 12
97 38 81
83 87 39
32 95 60
31 16 5
78 64 34
90 93 5
5 93 43
65 15 29
56 44 7
97 6 4
0 56 23
85 9 24
47 64 76
87 85 38
48 57 14
83 35 21
26 66 74
82 70 21
48 94 92
59 46 31
29 11 88
19 32 54
29 59 65
98 18 50
5 77 6
27 94 70
74 77 63
67 22 31
37 6 91
13 49 87
29 11 93
83 70 32
95 12 46
7 74 69
29 30 16
53 31 8
17 79 55
41 52 93
6 4 36
86 47 50
51 15 76
46 51 82
96 17 63
41 85 92
16 3 54
77 98 64
18 99 74
71 67 43
86 37 76
32 27 2
35 13 69
52 11 50
3 4 11
89 86 49
45 72 77
98 89 16
70 56 82
97 44 26
54 18 66
46 22 3
47 74 5
38 89 83
22 50 67
1 19 87
99 52 77
96 13 87
9 28 9
72 17 49
1 88 23
13 23 36
87 82 59
1 68 97
29 69 33
11 77 72
19 5 52
75 12 38
87 34 99
80 60 8
62 12 25
92 47 37
96 64 95
24 88 80
82 10 50
81 87 22
99 34 31
41 87 76
66 38 52
63 42 54
37 71 6
29 66 34
67 63 98
54 21 86
47 59 38
57 90 10
10 76 52
1 88 8
61 89 4
34 51 5
78 80 23
42 87 68
13 9 27
13 74 18
99 89 7
26 9 65
92 51 46
59 86 84
72 25 34
8 12 20
97 53 63
20 90 18
42 36 26
86 48 14
2 57 33
84 15 88
33 10 71
84 22 76
85 76 94
20 19 39
22 69 99
31 48 3
76 89 88
95 71 46
66 12 24
30 59 3
42 30 59
48 6 29
15 42 4
84 68 5
47 69 80
20 69 58
61 49 39
62 89 17
15 40 84
97 87 71
52 76 81
63 55 67
3 67 72
26 17 61
73 56 82
3 45 78
15 51 5
6 58 20
43 23 24
25 73 13
35 72 25
60 19 7
75 44 53
86 1 23
31 68 69
65 56 16
58 30 22
42 20 99
89 88 25
82 11 26
59 4 59
25 3 100
37 96 28
22 96 97
37 14 15
24 45 20
38 81 29
85 88 68
80 76 6
53 75 14
27 38 61
96 91 30
33 72 95
44 51 47
31 65 26
14 71 51
47 50 8
15 7 70
67 26 70
93 32 92
37 6 73
38 87 61
62 39 87
43 80 57
63 66 66
21 4 82
84 97 46
52 24 58
11 81 15
40 84 42
97 35 29
81 34 83
69 92 63
14 55 54
41 29 7
51 9 2
0 27 29
70 52 88
1 60 90
2 46 78
53 60 92
39 61 89
69 29 3
56 57 54
78 13 62
43 5 50
45 44 4
57 24 78
51 49 15
51 19 44
18 16 32
62 73 22
60 81 22
20 1 9
29 77 13
24 54 70
99 20 68
86 63 76
74 18 8
60 82 86
14 60 71
26 34 24
36 32 82
16 47 96
38 35 28
15 86 90
66 99 6
99 48 20
15 48 81
72 59 98
10 84 44
50 91 80
15 87 28
28 73 85
74 46 71
67 18 97
18 97 17
23 38 37
63 35 28
96 58 81
76 56 87
4 40 61
43 66 71
26 64 34
50 25 32
84 69 7
92 10 11
62 1 32
19 10 15
86 35 100
70 13 18
89 54 80
47 71 13
24 74 80
37 20 2
64 37 67
26 22 48
95 56 32
95 64 52
4 11 90
94 62 11
32 51 85
34 82 87
70 62 46
24 84 65
15 39 85
84 67 23
73 56 99
81 72 98
75 0 8
82 66 10
97 61 19
64 21 71
79 13 60
96 43 92
86 60 79
22 68 13
68 48 59
95 38 12
51 3 88
80 98 100
18 23 93
23 61 40
32 58 21
1 73 39
40 33 99
94 67 94
65 25 9
23 15 52
34 98 74
66 86 38
27 23 71
28 57 48
56 68 28
90 71 42
23 35 87
6 99 46
3 54 61
53 44 87
1 80 69
20 61 75
56 31 33
62 94 22
82 45 93
10 90 35
46 58 7
74 10 15
44 41 85
31 12 46
21 37 74
0 10 33
47 42 51
34 71 62
70 81 76
0 13 71
12 10 80
11 88 81
83 89 47
87 44 44
26 25 99
8 99 83
70 47 96
38 64 7
37 34 35
24 50 90
14 61 55
58 69 97
3 76 87
99 5 50
5 83 70
32 53 100
31 2 15
0 82 33
29 87 39
83 34 8
41 0 36
53 12 92
55 62 80
47 26 53
52 65 78
9 33 68
42 29 89
80 33 37
23 90 79
69 25 80
38 69 8
40 73 12
46 15 100
0 66 62
72 84 26
62 87 26
94 34 51
80 75 73
47 6 63
48 30 96
95 90 99
55 17 43
36 51 73
60 64 16
6 14 44
34 78 93
58 26 69
92 24 67
20 6 60
14 59 37
69 87 73
16 99 5
69 62 4
97 69 18
54 62 27
9 8 13
16 27 77
52 68 71
61 81 40
63 11 42
31 16 10
35 24 78
79 96 50
63 7 58
94 30 73
1 95 56
63 44 91
31 44 37
5 32 78
7 28 15
30 66 94
80 75 90
7 45 96
24 20 11
91 78 68
64 28 94
7 35 92
32 62 90
13 57 29
37 27 38
22 79 53
1 17 31
22 95 53
41 27 89
99 31 97
50 64 50
53 37 9
62 60 11
34 96 86
3 35 31
11 95 47
14 85 40
72 76 9
34 64 69
12 78 62
1 97 73
68 75 24
74 21 41
67 35 64
71 63 84
44 62 35
33 68 24
69 12 34
98 5 23
71 21 49
68 86 94
39 19 94
53 46 16
43 65 53
87 77 89
79 48 59
35 40 40
4 70 69
51 92 83
82 43 50
74 76 31
42 70 77
65 70 51
85 61 97
54 62 65
50 29 64
26 87 53
33 69 93
30 68 15
30 6 98
14 91 46
3 38 91
9 68 62
81 83 11
31 54 15
8 91 19
77 27 48
94 99 60
80 55 72
99 5 91
66 92 70
62 93 44
33 79 29
49 20 68
17 93 18
30 47 49
27 2 24
13 85 34
96 72 66
57 23 90
35 39 35
96 19 29
14 35 60
85 80 13
20 9 69
51 12 42
10 96 45
76 22 97
60 28 93
18 60 26
54 62 53
69 25 69
68 30 99
18 92 50
44 37 44
0 68 96
99 87 55
51 30 55
44 40 62
75 90 64
17 63 25
29 54 13
15 30 100
23 2 73
53 99 6
8 34 92
93 98 7
7 68 89
37 22 26
98 79 10
35 9 12
44 29 79
27 99 46
40 86 32
35 46 50
59 71 85
52 81 53
34 14 31
43 37 21
11 35 54
10 31 67
62 39 47
97 5 75
47 27 57
87 78 89
12 29 65
49 31 100
64 35 87
17 32 45
92 28 42
75 73 43
44 32 96
29 91 38
19 44 1
56 32 20
40 24 82
55 7 81
48 85 49
71 75 82
36 47 75
33 85 26
11 48 94
89 48 94
14 71 45
71 37 70
21 62 87
61 89 34
35 31 71
99 63 89
76 30 20
78 67 3
93 53 20
63 98 97
81 82 7
16 99 74
91 81 28
47 26 62
56 90 34
27 67 42
54 35 87
30 65 85
47 25 84
59 56 76
15 41 15
45 78 65
20 89 78
16 6 29
14 22 92
83 65 52
41 15 7
54 32 28
5 27 59
12 50 56
58 97 40
85 27 79
27 56 65
32 88 81
70 79 6
71 90 91
31 56 6
48 90 35
42 84 85
39 20 65
74 34 14
96 7 64
75 89 59
98 38 86
92 34 48
73 99 1
27 42 99
53 47 99
78 36 94
74 2 42
13 17 76
82 64 79
65 40 43
52 84 35
56 53 26
80 49 73
20 81 29
2 91 8
51 46 63
32 40 67
61 76 39
97 80 34
49 93 21
80 76 4
40 41 98
6 47 44
61 12 10
13 49 14
65 21 56
98 54 21
62 33 79
27 61 34
92 61 57
64 14 22
0 49 48
22 97 48
76 90 92
52 6 74
54 61 81
57 44 4
22 88 65
75 13 69
20 1 40
98 76 43
15 97 59
5 86 67
67 38 74
71 68 72
59 69 43
47 95 68
92 27 69
96 55 8
53 41 33
43 19 37
33 28 11
25 34 16
27 88 36
13 69 37
52 81 89
91 26 59
39 50 77
84 70 22
13 2 52
68 4 83
14 84 65
98 28 50
3 0 85
89 90 14
17 2 7
82 81 83
57 59 5
64 88 98
22 6 70
20 26 23
62 6 87
14 48 12
12 37 96
90 96 85
42 61 78
13 48 99
54 79 7
98 33 96
28 10 95
12 56 77
99 47 45
99 65 14
85 72 64
73 0 64
2 37 55
74 48 50
80 89 4
24 60 31
66 93 100
63 32 51
40 63 90
63 67 3
13 93 28
85 12 50
27 86 45
1 23 17
18 46 8
51 24 98
16 12 45
4 27 30
35 84 53
64 45 59
63 81 53
63 83 70
48 37 60
27 61 76
67 18 98
8 32 26
65 93 97
60 63 66
14 50 15
3 32 90
6 12 69
74 4 27
12 93 63
72 62 47
80 19 57
77 94 72
37 54 95
48 71 34
78 8 97
96 95 23
8 71 2
76 13 21
91 18 67
93 67 17
94 55 76
34 65 86
15 75 81
94 59 52
38 76 83
65 83 71
45 58 22
5 41 81
51 3 65
68 22 13
87 35 13
42 25 88
55 1 77
23 54 82
16 49 4
41 58 41
65 28 29
10 86 2
23 70 75
55 74 44
75 43 42
91 36 33
26 19 81
14 4 66
39 95 83
94 96 16
75 69 96
6 59 99
88 12 72
52 26 29
31 16 14
66 81 15
93 48 34
97 87 81
4 99 24
84 15 32
16 27 49
16 21 61
72 79 83
89 88 61
26 87 7
10 8 9
64 41 98
66 72 31
12 14 40
58 73 82
84 23 9
13 90 1
91 7 43
28 71 67
30 23 57
90 62 86
25 50 63
16 90 75
18 41 5
97 62 23
10 77 42
31 87 9
36 43 6
25 65 67
50 44 40
62 22 40
41 46 12
80 26 76
12 8 92
70 18 46
84 47 51
56 3 71
73 49 52
71 2 81
49 68 89
46 68 28
80 25 31
73 58 78
32 30 58
60 91 11
94 33 55
29 45 15
16 17 99
3 70 27
39 83 11
95 67 43
99 31 45
0 5 37
74 70 79
1 28 16
22 12 17
54 80 45
22 55 46
55 7 13
58 78 49
74 28 3
62 45 97
5 88 25
46 6 93
31 9 37
8 87 21
17 37 49
45 56 4
7 59 13
67 45 68
0 40 22
59 9 87
98 82 20
94 6 54
4 95 100
11 74 59
54 73 25
52 42 90
61 2 32
92 93 7
85 52 5
45 1 56
5 13 11
26 52 1
72 82 81
4 83 13
73 38 44
89 85 26
9 13 47
96 85 55
93 44 71
33 70 86
20 48 70
57 97 36
99 78 53
53 25 58
46 59 48
59 98 1
53 21 22
9 41 57
91 47 17
82 17 36
46 37 25
34 17 74
6 58 67
26 73 7
92 44 22
65 85 100
12 31 92
43 45 69
24 68 69
13 31 68
50 94 5
37 72 19
66 70 23
18 47 75
67 89 89
16 8 59
36 60 88
88 92 64
6 46 70
26 24 19
62 96 93
13 40 21
72 14 36
39 29 25
63 23 55
94 90 83
95 16 63
31 61 17
19 17 64
28 70 20
15 52 24
99 12 34
53 91 73
67 97 1
18 28 96
85 31 18
41 49 70
10 8 4
8 43 29
6 97 95
24 39 99
58 60 67
29 89 62
99 56 62
27 17 51
9 61 17
28 30 38
17 59 11
2 74 7
10 88 30
12 67 68
29 27 40
57 40 97
49 34 78
61 1 3
19 5 56
78 83 84
25 71 19
92 72 65
62 86 60
82 94 45
40 55 100
20 49 10
30 61 28
81 92 91
45 41 49
54 19 63
91 74 51
86 48 2
29 85 73
33 23 84
22 80 65
56 47 9
95 64 3
59 28 4
22 90 55
4 19 51
20 69 45
23 34 72
0 58 54
95 52 34
39 86 53
5 20 27
78 63 81
83 79 80
27 86 62
39 89 85
37 1 29
14 98 67
63 73 46
22 95 66
57 72 18
52 48 87
63 56 44
49 62 66
90 89 71
19 39 93
68 84 1
62 24 52
13 29 27
4 16 39
19 10 66
64 70 57
78 92 91
56 76 44
56 79 93
33 13 11
40 82 38
73 95 51
22 66 1
29 16 10
60 62 88
4 82 52
15 58 60
99 21 94
83 59 35
40 50 95
33 54 59
27 46 99
22 93 47
77 8 36
59 35 38
58 68 2
17 72 35
75 2 48
18 86 98
23 92 57
51 80 78
29 87 62
25 87 91
90 15 59
9 98 49
51 15 78
64 94 79
51 29 11
63 7 29
44 90 87
50 52 81
85 86 23
92 63 85
13 10 55
14 18 20
86 44 81
99 31 60
87 4 70
10 55 91
59 25 8
77 64 13
47 40 88
48 76 42
80 13 84
70 85 27
2 21 100
29 74 84
82 12 29
60 80 8
91 92 2
21 96 49
13 90 3
50 55 83
57 94 4
78 6 27
94 92 41
85 61 7
73 16 61
29 70 87
43 49 81
31 97 46
37 13 57
36 37 45
8 99 55
89 49 78
43 34 16
85 65 33
38 59 74
49 38 87
10 98 26
50 47 87
5 58 54
1 10 15
94 75 88
84 39 4
17 32 69
80 28 86
9 17 27
10 58 20
63 87 45
92 31 26
67 53 61
1 31 12
52 86 52
28 91 7
63 30 22
36 65 99
34 43 60
23 67 95
12 40 44
79 63 21
24 23 83
81 75 2
21 69 51
15 99 95
67 14 71
8 51 37
7 69 47
25 77 74
79 39 28
68 45 57
29 62 80
59 55 11
9 86 86
78 60 43
75 14 17
44 50 72
82 37 50
24 44 35
97 81 42
38 55 66
89 16 61
22 54 38
67 3 56
43 20 63
46 5 66
72 5 29
97 50 87
54 51 6
83 9 85
59 68 96
93 9 5
1 64 78
96 30 74
17 68 19
14 25 13
40 51 56
63 30 50
29 42 32
33 97 84
24 25 90
86 96 69
88 1 78
3 62 6
9 57 97
61 67 97
22 62 85
96 57 22
68 65 13
97 24 5
57 49 80
32 74 32
33 80 62
69 47 66
29 98 100
11 85 86
26 29 30
23 53 63
40 47 15
8 67 76
7 53 66
93 97 22
24 60 91
27 60 90
97 58 73
82 80 36
13 59 17
10 11 25
21 91 40
46 45 53
23 78 95
40 70 93
72 39 60
86 77 46
17 49 6
25 34 74
54 60 69
77 33 19
41 40 73
61 19 45
11 60 41
25 58 88
20 10 37
10 73 50
89 71 74
37 27 95
55 90 25
37 59 97
89 33 37
75 58 61
71 31 94
79 74 26
81 12 65
23 52 39
25 50 8
9 19 62
54 50 40
49 55 20
9 55 20
55 74 79
24 5 93
20 15 49
37 89 74
4 66 96
54 95 12
88 14 4
48 69 64
67 2 19
57 85 28
28 41 61
0 17 62
80 82 53
48 68 70
17 10 39
89 74 21
37 35 16
70 96 44
36 46 12
36 70 70
37 41 31
73 77 100
82 13 54
28 93 67
80 62 51
62 47 31
67 99 14
5 72 20
9 37 17
19 13 90
5 87 66
18 25 9
53 97 5
97 99 71
76 19 10
52 95 40
43 32 97
79 66 94
43 58 58
1 27 47
17 21 83
4 13 91
40 41 28
92 76 16
99 41 57
52 49 4
88 33 26
36 51 44
24 95 59
90 6 85
86 90 45
84 65 100
66 78 26
58 17 15
8 17 61
45 63 22
34 20 59
46 6 70
38 37 84
35 63 88
29 37 35
56 28 63
66 88 41
10 62 82
82 57 44
63 40 46
76 29 88
93 32 33
70 12 40
3 67 50
66 89 38
41 57 81
83 95 20
55 43 34
76 7 12
84 30 12
96 13 32
22 57 80
51 30 50
17 51 87
4 53 23
5 0 8
64 18 76
8 85 74
42 0 12
32 6 67
28 3 68
83 71 39
38 74 11
4 26 44
66 61 68
75 91 15
23 48 36
5 30 24
50 93 91
66 27 92
25 1 23
62 51 89
69 42 68
39 38 64
9 2 93
26 14 48
22 4 50
60 90 24
55 89 66
59 26 69
80 53 55
52 99 10
65 47 35
49 77 53
70 14 93
7 5 8
71 6 31
20 84 75
84 14 36
27 95 61
23 81 79
19 15 3
43 19 61
53 96 74
95 98 67
25 69 99
49 1 54
18 76 94
5 78 4
14 88 100
83 54 10
34 61 71
51 69 12
64 81 10
92 65 35
3 64 41
58 68 77
24 20 16
91 59 10
58 57 69
50 33 32
40 18 58
57 75 13
98 32 57
44 50 8
27 2 17
84 39 64
22 75 98
13 79 87
84 99 69
97 65 18
82 31 96
54 61 84
17 79 50
47 89 98
46 94 46
99 94 49
75 26 67
24 26 68
25 43 58
47 98 29
33 10 6
69 23 86
47 63 27
86 11 3
3 46 5
28 8 15
76 44 16
55 26 78
37 23 41
1 85 19
21 8 44
67 11 17
63 52 2
30 27 69
24 44 47
51 64 71
66 65 75
49 77 34
52 99 45
62 89 33
57 43 48
65 59 11
23 16 40
80 0 24
99 57 39
44 45 94
17 69 99
85 66 51
93 89 2
21 74 28
81 57 91
41 85 75
65 34 12
82 76 50
88 6 11
33 59 76
83 81 47
8 36 93
15 94 19
45 21 88
72 10 68
24 69 72
62 30 44
11 2 13
50 42 88
16 1 98
79 59 96
6 64 60
54 80 73
12 93 37
89 63 38
19 10 16
17 73 38
57 51 31
67 71 52
52 54 14
68 28 35
90 46 87
18 70 91
88 30 98
77 42 43
91 51 66
38 90 58
95 2 71
27 96 63
55 16 96
43 86 28
86 76 35
50 27 60
54 35 5
60 97 68
67 36 62
36 33 5
32 7 86
77 57 22
92 28 85
48 94 11
69 78 5
6 63 84
34 44 90
4 85 15
63 58 32
98 71 100
94 79 95
19 46 34
78 43 75
92 45 88
55 9 77
41 34 52
39 8 68
21 97 56
34 73 17
71 54 19
79 3 54
15 76 43
0 59 30
72 47 75
2 30 50
50 14 26
50 8 81
62 45 50
71 8 73
43 82 20
94 88 63
21 49 38
75 25 36
94 44 72
35 21 62
87 18 8
64 42 44
78 20 72
58 5 36
62 83 14
82 48 64
38 55 71
40 86 72
83 49 7
11 68 98
44 47 60
49 92 44
2 18 64
98 30 63
5 41 37
18 22 16
75 33 19
21 20 73
51 34 25
20 24 9
36 98 92
37 59 47
79 86 90
41 97 95
19 34 14
80 51 51
2 74 7
99 78 59
45 79 100
57 78 53
73 87 71
20 90 25
27 5 34
15 62 21
78 97 78
34 68 91
98 72 56
27 66 89
81 66 9
23 58 59
69 10 34
80 43 38
27 15 7
11 85 86
7 46 95
74 1 19
97 42 23
93 21 76
58 22 99
25 8 52
92 11 91
30 20 72
39 82 17
2 96 29
80 10 36
32 83 61
56 43 28
78 91 73
84 34 64
38 12 78
53 42 22
68 8 85
10 85 78
72 47 3
65 76 48
38 86 70
72 49 84
48 6 84
68 6 94
32 97 13
17 75 16
57 64 30
81 21 72
65 22 4
35 15 41
11 39 7
17 79 11
87 86 26
34 92 6
43 84 62
79 74 25
78 39 96
34 33 76
79 43 81
61 67 43
12 26 11
26 37 12
99 24 24
41 70 84
57 54 79
88 0 79
93 45 28
28 89 39
38 51 73
74 89 35
35 12 80
88 35 91
92 32 10
63 85 48
96 89 36
52 0 59
19 38 43
40 77 60
99 93 44
21 91 1
20 85 41
2 99 16
20 77 39
17 8 12
45 25 50
88 41 59
97 1 70
59 39 82
76 6 86
14 7 37
40 17 7
98 86 69
95 22 45
89 92 33
77 39 68
79 87 21
91 24 2
74 69 50
70 32 6
47 62 23
75 94 21
2 34 47
0 29 30
31 66 89
69 91 84
88 75 74
21 85 7
10 87 33
25 3 51
37 63 90
27 12 21
77 13 22
1 96 84
57 39 81
13 48 54
86 95 66
80 18 52
4 33 38
23 60 88
98 20 77
66 69 36
45 60 19
9 55 31
53 66 3
82 19 59
7 45 60
9 46 1
84 29 4
57 88 64
82 0 47
46 93 48
14 75 2
48 77 79
36 13 73
35 5 35
28 18 76
96 76 54
88 5 98
71 31 14
39 49 22
40 35 46
16 2 89
67 6 77
9 2 65
23 69 32
36 31 38
98 35 52
48 58 24
61 34 27
16 2 88
97 77 88
72 62 75
53 55 96
79 48 100
24 96 49
84 77 4
69 96 22
58 65 29
89 46 71
50 5 52
39 19 10
63 85 59
72 41 60
19 18 75
79 75 78
90 62 46
63 25 1
58 51 71
78 59 54
14 93 40
79 98 13
27 47 4
2 69 96
30 29 74
9 71 12
93 31 92
35 97 43
63 36 72
64 46 64
29 71 91
7 43 15
67 46 49
91 84 11
17 79 22
89 81 84
72 43 54
12 76 28
55 93 66
89 67 29
42 35 51
79 7 27
83 45 17
36 60 36
42 72 23
84 79 16
33 53 95
86 74 39
11 9 61
90 53 35
13 83 50
79 22 17
69 90 56
77 2 8
13 17 23
54 15 56
62 93 20
51 15 98
81 39 99
37 78 31
26 49 72
74 77 3
38 27 23
45 66 65
6 10 4
21 40 35
89 34 16
74 18 57
59 57 19
74 27 45
63 48 75
80 15 80
1 36 62
36 77 91
26 48 79
65 28 17
19 42 45
59 15 84
26 85 22
96 77 4
8 29 71
42 45 82
89 12 54
22 52 32
76 25 2
48 52 6
54 98 21
96 80 14
84 86 37
22 78 80
21 95 16
64 8 26
4 30 100
48 33 56
70 23 24
17 72 52
95 69 49
31 98 66
68 96 65
63 6 15
9 94 73
80 6 27
28 32 40
32 31 76
41 36 64
20 83 13
30 95 83
30 23 83
62 45 46
56 61 14
94 27 44
41 20 77
20 2 71
24 69 76
55 86 50
20 83 33
48 52 2
60 79 96
1 20 100
88 19 51
1 8 13
42 3 69
58 62 69
49 70 94
6 79 9
23 81 88
58 57 6
74 63 69
20 80 53
97 6 3
94 40 47
0 99 27
46 82 66
98 40 27
53 22 8
28 5 41
45 22 26
91 63 76
5 7 95
28 36 87
67 70 93
86 26 80
97 87 82
19 52 84
14 94 73
72 97 94
39 13 85
55 48 82
25 63 26
11 20 32
74 0 55
50 57 76
78 32 88
87 64 83
52 32 81
29 15 57
48 71 91
49 54 22
54 99 58
4 46 29
43 98 49
73 91 40
59 67 39
37 46 87
79 14 6
60 18 43
64 8 53
81 9 40
41 53 88
39 46 72
97 70 56
29 77 67
37 14 90
45 90 16
27 68 19
39 9 44
14 74 56
60 56 27
14 64 10
35 22 75
59 48 37
13 44 56
39 35 9
78 68 42
87 17 43
47 22 15
28 20 40
30 85 31
90 42 100
61 33 56
44 12 67
64 1 37
76 79 7
75 92 63
78 94 7
60 57 61
71 70 33
85 12 45
44 0 47
26 35 24
90 51 25
44 75 46
54 1 80
57 40 89
6 58 17
69 15 78
79 16 79
51 10 56
62 90 28
8 88 91
1 97 85
5 29 6
53 95 51
7 25 61
78 33 51
56 96 31
4 48 74
26 35 84
86 76 18
51 31 32
66 43 20
78 28 99
9 85 95
30 35 93
89 48 11
3 79 17
70 68 25
53 47 51
6 81 54
59 84 33
76 21 100
75 49 63
50 29 51
77 88 91
93 6 33
39 64 46
81 21 57
4 28 19
37 3 69
75 58 30
92 64 71
89 99 60
34 78 62
72 33 98
90 11 48
60 94 71
58 61 74
97 40 62
56 0 23
35 23 34
85 56 78
88 29 73
11 0 79
17 30 60
54 69 2
53 29 99
66 15 96
97 33 68
30 99 4
9 80 9
49 57 60
54 10 93
48 62 78
76 70 32
41 27 54
12 55 45
24 33 82
66 51 35
14 43 14
94 62 70
5 22 2
32 48 28
52 99 78
91 5 2
37 89 81
34 99 39
76 83 45
87 62 6
68 25 2
73 7 61
19 51 4
47 30 36
13 42 10
86 27 61
41 68 78
43 53 62
34 20 14
22 51 29
56 99 23
13 69 56
61 58 77
72 73 37
11 40 47
50 75 90
73 64 39
70 97 67
2 58 26
51 3 19
39 79 13
87 81 23
15 42 9
48 8 78
86 94 28
76 53 74
93 76 20
87 94 52
81 15 5
53 40 15
51 63 63
68 84 27
45 16 24
19 44 19
29 59 4
55 46 27
23 14 27
80 3 6
27 80 28
62 67 2
98 82 96
3 6 14
59 65 83
8 54 22
78 7 71
60 27 98
61 26 63
55 47 59
37 51 81
72 29 4
46 36 17
37 52 37
23 88 40
98 84 65
46 48 82
28 97 78
81 14 51
61 16 58
55 12 28
39 32 4
10 37 99
64 62 1
10 54 68
9 48 79
10 26 73
21 53 45
66 97 85
41 78 23
33 12 12
79 47 88
65 22 60
8 70 80
75 24 31
76 20 7
63 9 67
77 48 12
71 48 47
42 41 76
98 70 96
3 58 47
94 58 39
89 59 15
15 63 66
28 6 87
5 84 83
46 49 79
91 46 97
29 3 65
38 88 61
40 51 6
43 64 69
42 63 75
89 72 30
82 60 92
77 47 95
18 91 3
78 47 84
14 51 7
7 60 37
1 40 36
83 43 18
13 49 36
48 4 51
66 29 4
56 30 69
13 11 90
47 68 37
29 74 92
31 9 13
63 31 43
31 76 5
21 12 13
57 52 45
41 12 85
59 80 17
25 0 4
98 54 22
14 60 22
54 6 10
20 52 4
25 49 45
4 50 63
7 63 38
37 36 39
68 27 80
48 29 7
52 29 100
61 95 18
20 32 52
94 72 5
73 57 86
28 48 11
64 91 52
8 40 19
20 94 7
19 44 98
73 59 73
88 64 50
11 1 35
28 34 40
90 35 62
61 63 14
94 70 96
48 93 72
37 31 28
30 5 100
84 57 51
54 5 63
78 35 67
38 53 67
34 46 32
37 29 59
20 90 60
97 91 1
75 30 3
52 93 2
98 43 39
49 7 2
6 82 37
74 85 32
13 19 80
30 41 34
29 73 31
61 86 82
4 67 7
59 23 78
2 39 62
28 61 89
36 38 65
57 64 24
86 6 55
73 14 92
66 12 78
94 59 93
51 5 30
30 70 76
82 58 49
36 97 47
23 72 22
0 26 66
79 77 91
33 96 43
38 41 4
81 9 6
2 34 36
90 78 94
43 38 45
83 4 57
76 88 27
39 47 71
44 29 26
1 53 50
88 40 93
25 27 10
36 74 52
2 41 11
41 47 2
64 26 13
80 47 23
63 50 13
86 15 70
29 90 59
17 69 82
95 86 8
8 4 81
90 42 50
51 28 77
52 80 88
21 59 48
12 25 7
73 14 36
62 70 33
73 79 4
91 20 52
88 91 18
76 52 40
45 4 89
3 26 76
60 11 39
46 66 36
77 31 20
76 73 71
70 41 47
91 49 19
32 37 77
82 20 84
90 54 12
38 86 69
46 72 91
6 35 45
19 92 58
66 82 47
59 74 56
21 40 10
0 18 92
60 33 42
62 2 67
56 3 30
39 53 60
57 11 33
20 73 1
74 38 84
24 96 24
22 73 85
91 27 4
20 73 44
15 98 99
48 76 52
48 42 27
2 48 51
5 38 91
37 18 48
2 54 39
20 23 20
78 24 84
16 98 47
23 46 67
1 25 28
74 98 85
63 65 3
19 33 95
3 34 41
92 73 11
40 85 63
5 77 43
39 18 98
1 91 32
27 40 96
24 20 83
88 63 36
32 96 92
22 14 73
30 55 76
79 81 2
43 93 55
87 73 76
76 15 51
90 0 86
21 91 64
35 16 18
96 41 76
11 32 87
29 17 26
29 24 83
93 62 39
33 64 74
94 12 58
2 0 68
50 60 15
6 62 69
0 49 13
45 80 94
58 12 68
3 16 27
31 62 20
3 65 19
35 32 15
16 89 79
71 90 43
88 51 96
81 34 88
16 34 96
33 66 82
82 12 21
70 11 88
2 72 53
44 72 3
3 93 57
48 62 64
7 3 83
40 91 36
46 11 71
83 16 7
27 5 99
24 54 96
99 69 67
98 57 44
43 41 32
11 70 67
71 73 51
29 25 25
77 74 65
10 23 19
55 96 32
37 73 49
35 80 91
44 51 79
49 31 52
97 22 16
66 18 62
3 82 14
2 64 66
28 12 24
3 15 37
23 47 36
19 74 9
56 97 47
9 56 98
30 48 66
90 53 44
58 60 96
93 90 80
84 97 84
34 86 19
79 24 56
99 6 1
16 78 72
54 4 72
40 41 43
74 85 35
67 78 41
99 24 19
45 34 24
7 13 10
96 56 90
18 23 95
17 31 70
84 78 56
69 29 95
25 6 26
62 27 60
15 66 93
18 62 10
82 2 64
99 54 92
6 90 31
68 29 6
1 37 62
53 80 20
8 65 6
50 90 5
24 5 17
50 97 22
47 11 45
24 14 3
1 49 79
41 40 87
15 23 23
60 7 55
59 75 25
31 52 15
79 37 78
63 92 30
83 49 67
6 71 59
59 60 83
20 25 100
21 92 21
53 78 88
44 80 71
92 8 95
95 70 70
95 26 76
57 19 30
87 15 75
3 52 88
5 72 15
59 26 9
51 10 65
85 56 55
60 64 69
17 92 99
15 12 27
0 38 88
88 85 67
62 48 93
73 26 68
24 70 54
41 81 3
18 24 91
33 28 1
34 12 31
55 17 48
89 25 35
51 3 49
5 93 20
31 54 88
19 9 52
1 57 34
14 43 54
62 89 62
52 11 88
64 36 16
40 78 93
4 79 98
7 42 71
83 36 83
7 58 20
14 41 21
44 11 48
70 94 42
88 63 91
55 31 75
27 41 38
32 12 31
2 32 74
72 81 89
98 0 85
44 52 69
88 95 99
47 17 55
69 95 35
41 69 63
21 41 61
15 78 73
48 85 84
96 54 83
56 79 86
58 68 62
54 87 49
60 14 58
39 96 94
91 60 28
82 36 33
68 83 90
24 8 74
32 7 79
73 78 97
36 62 91
12 8 36
12 63 6
28 70 66
31 89 99
16 9 52
54 41 85
72 6 46
14 18 72
53 90 4
2 50 33
8 7 40
22 93 84
4 92 66
81 97 34
7 32 81
6 16 8
24 57 28
88 23 17
27 47 92
63 5 92
73 81 45
85 58 91
26 76 84
87 4 51
1 62 34
25 47 21
11 48 93
97 0 10
44 72 78
35 27 47
41 80 94
25 53 14
5 48 84
99 53 85
81 5 95
71 64 70
37 50 44
36 30 32
54 22 75
40 11 36
69 66 93
43 42 15
23 69 52
94 80 16
48 33 98
43 87 37
68 63 51
44 37 60
62 17 52
7 24 63
6 75 31
12 90 87
4 70 16
72 65 58
89 5 79
84 76 52
85 72 14
64 74 27
7 5 76
84 25 64
31 1 14
96 66 8
23 26 28
95 24 40
31 56 87
29 74 72
92 50 61
3 79 93
90 56 38
42 34 48
93 91 2
92 52 42
93 20 40
75 0 12
3 88 25
93 26 87
12 93 68
78 79 87
34 99 93
98 74 12
31 10 92
3 56 58
12 58 23
7 26 54
45 0 76
90 93 1
47 46 53
38 45 98
91 13 51
88 54 90
6 31 34
46 39 92
94 51 93
36 78 91
44 63 25
24 73 14
86 82 29
35 62 14
73 30 41
91 86 98
87 59 31
59 81 4
97 55 54
46 89 83
84 40 37
86 64 90
7 73 51
74 64 83
94 44 48
66 65 50
4 16 20
57 61 58
15 92 2
90 84 66
34 84 19
3 36 55
89 93 69
71 22 86
92 3 54
14 60 9
39 94 99
2 66 80
39 83 55
10 31 6
87 58 36
30 53 20
46 23 33
27 45 79
38 87 42
93 62 88
67 92 55
83 14 3
57 29 26
69 71 37
3 28 60
64 5 98
72 25 88
36 39 92
88 27 30
35 89 75
77 47 62
86 21 80
90 29 11
71 74 78
2 63 6
47 30 48
96 52 46
33 0 43
64 28 38
96 48 6
73 16 99
69 97 16
81 51 68
4 15 83
83 61 55
98 8 94
46 75 23
15 89 63
59 86 11
24 43 28
83 42 74
0 13 88
95 14 39
42 85 30
71 8 44
80 60 15
22 60 14
32 49 12
3 89 66
21 93 59
54 23 78
30 57 42
14 8 97
15 79 18
0 12 63
30 55 31
60 3 54
58 49 47
5 2 85
57 34 87
17 90 44
49 67 25
12 41 91
72 19 7
41 20 21
95 4 66
85 84 54
35 86 60
49 29 70
62 44 87
10 7 79
40 57 21
68 13 37
74 15 20
37 76 9
26 37 89
81 79 13
33 16 34
61 85 47
73 59 28
66 84 11
0 44 61
57 28 41
77 95 22
17 68 40
91 63 13
94 62 47
1 28 76
58 10 7
94 42 100
40 34 91
57 36 43
21 25 87
98 35 47
53 99 64
50 99 53
53 99 50
24 27 6
90 97 42
40 99 49
39 96 56
41 39 57
29 62 53
52 67 39
43 24 10
47 24 16
8 81 10
45 12 80
79 35 35
92 14 42
59 55 49
98 42 49
2 33 32
60 24 89
47 33 95
45 68 39
55 2 50
21 89 70
54 57 28
41 20 73
77 81 77
15 22 28
19 70 22
18 14 73
41 21 60
74 41 72
32 44 50
63 35 93
23 44 64
28 95 80
35 84 91
42 81 50
53 1 40
93 6 21
62 70 48
63 2 75
56 91 36
73 25 39
41 31 30
2 92 19
5 59 85
29 52 39
94 87 72
3 85 86
90 91 52
26 87 24
14 76 16
16 51 38
67 84 1
34 12 32
71 41 8
71 14 39
25 2 77
74 62 30
2 47 46
95 38 93
37 24 53
65 94 57
18 33 97
36 56 49
0 51 19
20 57 95
98 48 76
26 57 75
54 40 99
86 59 8
9 88 16
82 27 70
93 85 88
43 71 67
37 70 38
17 51 15
86 49 49
94 63 79
47 92 39
95 72 88
36 68 99
18 31 67
5 35 73
12 91 61
81 95 75
15 23 63
60 5 63
75 28 90
58 9 30
38 2 31
13 66 5
30 32 28
49 19 44
27 63 46
40 85 82
97 52 81
10 16 21
38 44 10
24 30 9
95 69 88
81 25 67
83 33 4
1 48 10
60 90 90
16 76 37
83 30 59
8 89 82
51 71 98
12 7 65
80 79 50
82 24 86
31 63 65
5 16 54
40 92 78
24 80 41
61 35 81
94 1 89
42 18 83
33 88 56
96 56 61
10 67 52
90 89 41
15 25 74
81 4 39
69 50 85
22 94 34
16 0 69
81 75 32
58 23 45
46 42 67
33 98 46
70 90 33
33 51 64
72 38 89
88 37 88
30 99 57
30 23 54
49 67 39
34 50 22
88 71 72
72 70 87
45 67 89
69 22 91
30 13 84
92 87 19
42 86 95
44 35 49
67 96 46
50 43 18
21 39 49
22 32 39
79 68 20
45 59 39
77 83 96
17 76 68
44 75 45
95 26 53
45 55 63
3 68 23
16 39 42
12 87 78
8 75 11
83 47 48
70 99 57
44 98 11
36 98 43
37 72 30
10 66 60
9 58 65
81 57 4
4 82 48
17 32 5
83 71 7
40 9 58
2 92 39
20 29 56
58 70 15
68 24 66
83 49 5
25 21 37
98 58 46
92 29 39
47 59 67
65 17 4
70 72 43
8 79 38
61 81 57
6 96 48
80 51 55
23 76 83
89 22 42
90 82 48
82 63 43
98 4 38
41 57 32
3 58 65
45 69 96
2 13 40
13 90 47
22 48 37
43 44 4
42 99 35
58 51 35
18 45 24
18 3 43
24 48 100
0 17 84
51 83 3
96 34 24
95 89 93
48 6 1
62 1 81
75 7 7
96 48 98
44 97 68
78 63 18
73 19 100
50 90 73
15 28 36
66 40 99
41 37 44
71 66 6
50 5 50
9 69 55
14 95 92
25 24 16
45 32 31
15 94 53
13 48 63
82 91 40
55 66 12
87 1 46
78 30 59
49 54 8
27 96 23
72 3 62
91 42 16
53 14 8
23 70 5
58 62 11
64 37 92
31 18 36
17 6 44
34 20 35
8 50 11
44 28 57
62 85 59
2 14 69
62 31 62
92 55 24
87 66 95
20 10 3
46 84 8
3 27 45
50 27 18
82 59 17
94 92 94
24 21 81
5 72 15
19 24 100
87 86 59
28 65 70
83 90 80
28 88 34
56 11 20
85 49 35
57 2 15
96 82 63
64 5 12
14 87 37
91 63 33
31 93 37
47 34 36
54 4 17
70 7 67
83 22 39
59 78 32
74 92 36
40 3 70
49 51 98
20 41 35
55 81 30
30 36 30
38 98 23
32 90 52
64 78 63
38 90 94
58 34 36
9 75 2
83 88 35
70 65 74
83 78 49
0 5 82
37 53 94
30 59 84
38 44 8
64 12 52
16 15 59
14 4 74
18 49 95
44 99 59
96 30 91
63 29 92
50 46 31
66 98 89
25 30 98
56 11 6
89 44 58
42 69 72
72 88 3
13 77 28
21 17 48
27 14 17
78 11 69
31 37 66
97 55 6
25 83 54
46 71 10
18 80 2
72 29 43
70 85 14
15 39 61
73 45 21
35 9 44
51 21 40
28 12 43
4 22 16
59 14 75
48 64 16
93 50 48
48 35 33
52 55 21
64 59 48
8 30 70
59 53 6
62 94 73
13 17 95
69 73 91
26 91 52
14 95 13
27 29 84
39 1 1
53 25 52
54 31 11
75 84 22
83 6 7
75 41 19
74 89 21
34 47 84
39 92 100
56 33 45
62 12 27
56 91 32
96 64 83
9 84 42
76 91 38
85 90 9
38 25 34
2 1 84
87 75 33
36 71 66
41 14 4
93 59 56
55 4 4
55 99 17
61 71 2
42 7 60
13 67 58
1 58 25
43 0 7
19 31 62
90 27 100
53 72 41
79 74 39
68 34 8
52 22 44
5 11 23
38 40 70
61 40 28
77 91 60
17 98 96
20 65 66
36 20 54
56 27 79
35 6 29
99 37 55
90 68 100
67 81 6
67 10 8
19 1 87
52 28 18
38 63 16
54 66 85
99 93 9
83 88 12
58 51 61
68 64 36
65 69 72
78 77 74
49 31 25
52 53 4
74 1 81
83 12 3
26 9 49
34 35 37
25 3 14
94 96 86
22 51 47
80 12 47
8 10 46
86 50 90
46 19 42
56 72 28
90 76 43
42 87 68
65 58 37
46 53 85
12 32 51
76 23 63
63 87 45
9 83 21
12 75 19
32 66 84
51 95 99
97 0 13
84 25 21
17 10 100
45 73 24
56 25 36
35 65 71
96 4 16
75 16 96
70 55 35
51 18 74
55 72 48
93 77 1
52 21 74
43 4 38
66 73 44
10 24 92
88 98 47
93 40 69
4 3 35
2 58 76
25 53 47
15 24 71
45 34 37
87 29 95
77 44 91
98 38 28
11 19 12
20 8 86
99 11 12
35 47 44
40 15 32
39 78 22
6 93 68
87 60 61
31 77 21
44 22 11
40 96 93
87 83 19
75 66 58
95 4 81
46 87 60
53 80 17
53 96 80
96 39 50
61 4 26
82 31 13
37 26 88
78 99 76
22 10 39
92 22 29
77 43 14
84 47 37
30 80 61
85 2 10
14 70 95
96 49 23
8 24 8
25 88 9
76 70 75
6 57 66
81 59 61
97 62 49
56 28 60
26 96 56
31 26 76
21 68 4
97 21 14
48 53 1
62 19 95
69 85 97
73 75 48
80 34 26
88 45 20
18 88 52
31 60 24
61 62 56
47 30 19
19 45 89
10 26 39
15 3 97
21 30 26
57 3 99
76 2 96
40 12 65
88 26 87
74 0 5
24 71 35
45 29 76
92 0 20
35 44 60
53 83 2
74 66 17
79 34 37
63 23 79
38 97 69
44 37 11
0 37 58
53 22 64
56 98 72
20 27 52
31 67 63
53 50 100
23 62 57
11 67 42
5 89 98
2 96 65
15 60 35
6 83 22
39 32 64
40 80 41
58 90 5
44 4 36
42 96 57
69 89 19
89 64 76
15 22 26
35 99 67
0 21 43
16 80 66
10 96 6
45 96 50
13 87 43
80 29 15
7 66 46
20 27 78
27 3 40
56 97 95
53 89 42
4 20 97
89 75 39
46 52 77
88 3 32
79 4 47
31 91 36
44 60 83
73 17 85
36 76 4
26 69 77
23 84 13
78 82 53
57 86 10
62 71 29
9 49 18
39 22 30
56 83 84
64 71 5
64 57 11
12 24 96
55 94 18
22 11 63
53 85 55
0 15 26
8 26 26
69 14 45
6 97 10
70 88 51
25 69 60
25 42 79
48 13 89
76 72 72
71 61 54
17 65 66
55 35 57
91 89 67
42 40 16
42 60 91
45 16 68
78 49 34
97 94 58
70 19 79
73 50 75
74 23 86
80 46 95
23 9 28
73 45 99
50 52 28
92 17 14
56 15 78
93 51 76
59 4 61
49 53 96
18 27 47
8 23 75
36 79 40
65 46 88
30 99 6
53 49 82
70 14 60
41 19 50
9 79 83
39 81 39
71 7 39
76 20 15
73 56 16
15 49 14
37 28 81
67 45 100
3 30 37
25 0 53
22 21 82
49 44 26
25 17 90
75 76 93
27 39 82
88 46 28
97 43 7
20 46 79
78 28 11
63 81 23
97 60 37
94 92 44
34 66 4
47 69 23
83 6 31
30 29 37
60 38 41
46 49 57
8 34 59
82 29 40
45 99 80
75 32 7
17 22 54
15 88 39
16 65 5
56 70 20
34 13 97
2 49 79
76 23 16
98 12 64
83 1 23
74 13 47
83 90 63
79 5 86
26 53 28
26 64 36
15 11 2
16 96 36
97 49 70
15 68 46
87 77 50
63 75 77
74 10 13
12 99 90
20 31 45
34 29 71
94 85 1
86 81 7
86 27 6
11 40 72
19 17 58
36 64 39
74 2 78
71 85 65
2 52 80
34 53 26
89 9 23
86 26 6
30 15 33
0 40 42
68 99 77
52 8 25
91 25 89
59 56 6
24 58 99
37 18 42
67 46 64
16 85 41
73 12 100
74 77 29
35 33 87
12 11 36
18 65 59
4 48 37
37 40 13
86 0 68
48 18 29
92 91 34
62 1 69
50 82 86
73 81 22
45 73 87
32 2 6
19 82 97
47 44 83
63 85 45
11 78 27
81 65 1
34 61 7
52 68 72
25 98 41
45 34 14
87 44 63
56 72 79
79 87 42
13 37 48
19 12 21
98 95 44
10 90 8
0 48 95
56 36 14
98 86 71
31 11 42
34 79 11
71 23 52
63 13 48
47 36 52
18 6 45
72 27 52
30 57 95
8 29 99
77 30 58
75 90 76
33 70 75
46 24 24
32 93 21
60 7 97
18 35 43
5 51 86
38 28 36
54 56 20
3 51 46
60 66 57
83 87 27
48 33 75
14 46 55
62 32 11
28 36 97
57 5 67
3 30 25
33 26 42
48 92 9
58 21 92
15 84 41
10 43 89
89 28 33
42 90 49
41 14 20
7 99 21
1 68 74
74 80 99
39 27 8
80 62 78
60 11 83
51 24 5
87 49 27
36 37 87
74 18 7
5 68 50
87 28 76
0 84 10
38 71 19
82 62 55
83 97 44
76 72 18
1 90 43
68 88 64
55 94 76
1 24 36
50 90 9
65 23 70
44 37 8
11 87 16
51 90 75
89 77 59
24 46 99
19 32 6
41 91 73
26 98 21
66 43 15
90 29 44
2 55 62
68 59 93
93 75 77
21 99 52
95 0 65
90 87 61
69 56 49
1 24 63
37 64 25
86 11 5
44 82 11
67 12 20
85 88 22
9 67 32
27 28 42
84 22 27
44 90 1
79 28 18
31 10 37
78 52 94
53 87 24
68 56 61
85 77 21
99 57 75
38 57 84
77 28 96
53 93 48
62 81 95
50 85 100
19 4 30
0 82 75
67 33 90
39 57 84
73 80 100
7 19 61
81 42 23
9 83 27
69 54 47
1 22 99
