46 40 84
66 70 85
79 57 88
46 85 100
22 82 81
12 41 28
1 75 33
34 35 13
85 11 32
76 64 63
75 36 35
10 66 24
8 73 96
53 24 90
79 33 64
43 42 38
78 71 91
5 35 9
15 42 13
50 46 75
59 70 62
66 85 74
37 92 70
93 6 67
46 66 78
15 77 94
28 5 85
51 77 76
4 43 25
14 21 32
94 57 50
96 9 53
94 58 68
18 29 30
49 80 93
38 86 93
94 10 49
25 53 30
46 98 58
9 25 95
56 18 14
50 66 59
1 82 60
66 30 53
32 59 71
51 81 12
61 64 37
5 25 91
22 64 37
95 83 85
3 32 88
15 21 99
86 26 14
92 13 93
84 89 48
1 53 31
3 24 89
73 95 77
2 57 47
36 11 7
91 45 53
78 58 86
15 57 17
57 62 47
72 70 30
82 45 38
5 34 48
81 35 28
10 87 93
86 13 93
63 19 25
27 12 74
65 41 93
11 89 42
8 67 4
86 54 69
66 97 48
43 1 27
34 26 38
86 98 69
22 25 65
50 38 3
28 47 68
7 19 77
80 96 15
11 56 46
69 33 96
72 19 9
77 18 70
34 21 35
46 84 72
75 79 76
58 70 69
16 46 40
76 84 6
74 85 40
30 35 49
11 87 56
48 69 56
74 89 56
45 30 26
77 39 15
51 82 1
36 92 16
68 25 76
31 13 10
52 35 13
0 14 5
78 93 100
39 67 71
21 73 6
14 32 62
77 92 36
42 91 76
37 87 45
44 46 52
43 20 59
52 19 96
38 89 31
19 70 66
42 97 2
46 78 87
68 78 83
6 58 59
75 10 43
81 89 85
75 32 16
41 24 93
97 63 40
68 30 82
45 69 87
29 25 33
51 25 51
39 7 54
71 48 21
64 80 60
20 85 4
71 2 80
14 1 59
86 29 83
50 57 14
38 21 14
70 37 85
22 98 39
33 49 55
19 55 63
94 85 74
53 78 18
18 5 29
11 38 30
66 47 66
7 33 95
64 25 73
51 25 3
10 80 32
71 11 36
75 48 79
67 75 48
56 64 54
44 53 39
49 14 1
95 71 35
73 3 80
22 4 79
87 61 62
49 27 22
70 1 49
74 96 74
7 99 39
7 31 84
22 82 39
71 98 36
88 7 64
67 13 23
4 69 46
46 97 10
27 81 20
72 47 36
45 63 66
9 46 64
6 48 15
47 54 4
16 15 10
5 4 13
84 79 82
84 95 47
34 92 81
90 31 98
79 8 10
44 21 95
54 62 37
92 26 94
29 42 34
49 89 78
79 47 79
56 4 69
78 9 54
21 74 89
36 27 13
60 87 87
31 28 1
80 72 83
57 8 4
72 59 85
12 79 23
28 76 42
71 44 17
86 6 83
56 72 20
82 62 37
47 75 59
33 9 1
43 68 81
59 15 46
89 45 44
98 37 12
70 82 68
57 31 55
32 78 13
16 77 12
6 32 100
61 23 21
58 18 4
47 83 25
50 94 8
78 17 100
37 48 60
60 53 95
7 1 97
16 8 15
88 13 12
99 4 55
30 9 22
23 26 3
72 37 93
14 89 8
62 30 62
98 13 2
27 78 99
9 97 74
68 49 6
41 74 57
59 67 21
88 34 4
38 78 76
21 80 72
78 54 96
74 83 15
67 95 42
38 86 13
82 32 82
6 37 2
75 64 27
45 35 48
99 43 4
89 34 49
18 62 54
52 18 64
33 40 64
6 96 5
45 65 10
30 68 19
59 52 18
14 65 43
87 1 25
23 63 84
8 54 9
73 24 79
82 51 48
53 34 16
38 46 32
32 80 67
8 40 6
8 94 21
15 6 43
81 91 88
28 8 9
52 74 48
90 56 17
28 69 85
85 7 67
73 80 21
39 3 94
11 19 99
79 28 7
44 70 72
97 3 35
12 47 24
48 25 62
3 49 57
4 71 57
12 8 11
60 13 53
27 0 89
45 67 61
73 84 67
89 4 26
86 40 84
94 17 30
42 77 20
15 48 15
72 24 19
93 60 23
14 9 5
44 70 3
39 44 18
76 19 24
3 45 38
64 96 49
79 41 11
64 99 48
12 53 55
8 79 34
44 8 10
76 46 14
90 48 18
6 55 43
95 92 2
35 37 10
97 77 78
1 12 65
5 52 61
85 45 26
32 9 86
32 76 51
76 10 15
29 25 90
83 53 58
83 7 74
46 76 98
7 28 41
77 73 82
79 11 49
46 43 74
88 72 57
57 21 26
88 46 65
74 78 51
47 58 42
33 98 98
13 40 90
22 70 90
67 99 7
22 97 8
30 85 90
63 57 77
99 6 96
54 73 67
64 30 65
85 79 91
0 22 83
27 36 8
89 49 83
33 69 36
21 40 72
15 20 87
27 99 42
39 37 90
78 41 58
28 15 48
7 59 34
17 20 43
57 71 81
80 60 53
17 86 89
83 24 31
80 76 17
53 58 66
16 32 91
3 14 16
67 92 8
15 38 5
73 60 87
19 96 12
60 18 5
38 6 51
4 16 80
91 69 25
96 40 76
73 98 80
6 85 26
83 71 7
32 81 62
26 82 91
90 7 26
32 35 38
30 3 87
17 35 29
50 7 77
9 85 91
84 51 23
70 0 42
49 51 33
56 61 3
53 90 84
16 78 77
85 1 39
28 22 31
84 48 91
68 9 84
3 94 53
34 26 10
64 83 56
71 35 43
71 69 79
71 72 7
40 84 69
77 54 52
28 26 22
22 36 47
64 41 5
42 77 97
93 87 18
21 61 48
12 91 10
47 3 3
42 77 63
64 52 90
26 50 16
73 75 5
96 58 29
22 99 10
4 32 84
91 1 45
55 89 61
76 96 6
19 98 65
46 83 2
81 18 4
59 88 80
38 16 35
58 62 92
48 73 30
14 52 26
44 56 97
60 63 88
66 62 64
9 86 74
84 45 100
71 12 4
58 91 83
56 26 46
12 3 98
32 31 95
16 30 41
97 96 84
85 62 18
30 14 6
17 42 50
66 98 41
21 45 39
67 71 27
36 61 25
95 16 9
20 8 16
93 51 31
84 16 86
60 39 15
8 2 62
44 22 52
22 30 7
30 43 90
68 77 97
54 97 32
69 7 19
81 17 36
40 84 33
45 40 90
26 66 10
85 1 22
55 20 77
45 88 27
94 18 35
66 58 97
32 83 54
54 22 20
30 23 25
6 71 68
66 89 14
72 38 23
53 60 40
9 86 64
30 52 100
91 69 76
10 44 92
42 87 62
75 0 96
53 77 47
14 34 44
65 23 7
14 13 16
44 27 36
33 91 70
41 29 31
5 0 11
93 25 41
76 27 28
82 74 26
62 64 36
63 19 35
32 97 2
4 79 48
48 37 11
79 13 13
92 77 26
84 92 48
79 12 56
8 92 85
33 15 87
90 47 14
97 65 42
7 58 99
3 31 83
91 82 43
67 97 46
58 46 76
57 10 62
30 6 44
79 2 32
16 63 32
65 90 23
35 1 86
22 17 62
22 4 18
2 45 73
3 40 25
96 23 15
19 47 83
84 76 82
26 31 84
77 68 9
86 90 75
69 22 32
65 1 78
38 17 88
25 60 73
71 15 20
93 61 22
24 41 40
26 72 58
93 80 72
72 96 26
21 29 17
98 90 41
51 88 41
1 80 54
42 77 70
47 21 23
17 18 32
93 27 43
44 42 100
99 32 65
10 4 69
83 30 87
77 79 72
30 42 35
61 31 1
37 7 74
72 95 83
82 87 29
21 46 34
82 33 59
43 90 23
45 2 94
25 4 67
97 2 89
77 12 10
35 25 86
52 83 21
7 48 4
1 54 2
28 46 84
97 27 31
56 77 31
41 74 100
28 3 66
96 7 33
14 85 86
67 23 99
87 43 60
79 91 88
88 59 85
85 63 20
72 96 81
39 70 61
67 56 74
29 78 11
98 77 82
14 34 100
84 49 77
27 93 36
94 86 63
74 58 33
54 68 47
78 32 97
21 15 32
65 92 28
78 40 70
79 56 36
66 60 49
24 62 34
1 49 15
73 36 72
51 9 40
38 80 45
17 27 36
66 31 10
97 78 1
66 96 18
40 89 65
43 28 37
85 94 38
88 9 62
46 43 19
66 98 100
7 57 44
49 40 94
78 44 36
22 51 60
63 1 1
31 9 24
81 41 35
0 61 97
81 60 20
62 22 25
79 19 67
50 38 34
24 93 60
7 10 29
60 58 54
64 53 93
33 18 16
23 21 96
43 98 64
18 42 26
8 28 17
19 2 43
98 24 100
90 45 34
87 7 14
30 99 90
71 70 49
46 90 47
36 24 58
12 67 24
30 94 75
60 52 86
2 88 88
2 28 39
92 52 73
62 97 7
34 29 24
89 49 62
86 12 64
10 22 43
21 5 59
67 75 83
68 40 54
49 94 13
2 89 46
67 77 43
80 32 56
36 58 18
99 79 44
63 15 88
78 1 32
7 99 96
48 23 60
25 58 26
28 42 85
28 0 72
13 34 63
11 9 45
63 38 2
88 60 47
80 7 61
2 91 54
52 86 4
97 94 9
70 36 49
9 76 15
99 47 14
40 13 48
66 33 59
12 80 99
47 50 61
42 89 55
16 71 90
55 63 92
34 90 71
27 15 31
70 80 40
54 31 52
22 93 25
29 62 74
79 95 69
73 67 63
83 48 57
99 30 56
16 76 43
16 94 98
80 54 62
82 75 31
15 31 71
11 9 75
62 50 71
92 30 78
14 59 27
2 0 73
12 96 14
34 49 23
74 59 62
3 54 84
94 83 89
54 15 85
95 70 47
17 63 36
46 44 93
88 43 24
27 24 13
66 14 42
67 99 14
88 9 91
15 5 39
12 90 83
35 28 11
73 11 94
89 95 36
7 1 42
98 9 54
69 22 49
1 81 69
43 84 77
21 87 37
46 89 26
53 43 61
66 67 12
16 82 31
81 6 19
84 70 23
45 70 91
50 51 74
26 12 87
4 20 12
61 42 49
95 10 30
24 49 68
78 56 80
32 33 57
86 73 31
91 97 25
90 12 98
47 0 21
46 88 88
84 1 18
16 96 43
59 14 98
18 62 15
44 2 45
98 17 92
79 58 96
65 25 66
5 98 80
26 30 48
38 91 79
90 26 24
98 40 61
24 39 17
32 72 31
10 52 30
19 1 34
53 92 11
72 31 30
13 32 37
70 39 7
10 12 72
46 99 95
75 30 100
57 58 14
11 36 72
18 94 15
29 15 91
64 34 10
24 42 72
41 54 7
86 2 27
2 23 35
23 12 22
84 39 64
60 44 5
76 12 38
53 27 87
12 98 93
19 96 45
39 7 57
95 88 32
21 5 96
86 57 76
84 22 27
76 82 92
66 26 85
38 69 55
53 88 86
24 9 7
34 36 62
29 71 16
2 47 20
5 23 41
49 25 11
24 92 28
34 30 68
42 62 79
70 29 58
75 97 34
5 23 2
78 62 58
98 32 54
38 65 25
63 34 96
74 1 34
6 74 26
69 30 21
91 89 2
30 57 13
41 0 22
2 67 60
46 40 43
87 78 65
5 12 15
91 82 81
55 26 97
98 90 93
80 27 60
50 48 94
44 38 90
46 57 55
71 15 41
53 35 83
67 40 90
20 41 4
20 55 59
79 11 16
18 56 34
75 38 100
1 7 29
33 64 28
93 53 34
83 64 81
33 97 82
32 27 64
43 54 15
78 27 5
49 74 44
55 36 42
48 66 8
62 53 99
16 86 81
37 25 94
18 62 84
55 43 71
77 87 77
93 99 31
79 56 61
9 72 41
62 29 54
93 86 40
63 12 55
35 72 64
24 50 80
78 34 50
83 99 55
71 53 16
29 58 85
52 79 14
10 0 60
58 61 5
58 38 68
15 73 4
88 58 69
79 47 13
89 50 45
66 22 95
1 60 46
55 51 85
42 3 93
77 42 9
43 29 84
96 21 60
51 86 84
3 59 91
25 88 30
87 30 74
14 58 94
61 66 6
96 28 46
45 99 71
28 5 95
85 47 41
29 97 36
19 63 17
13 81 40
50 44 53
86 20 51
40 57 34
58 87 33
33 9 43
83 93 95
41 40 10
16 48 93
2 43 3
48 15 11
48 0 100
36 47 47
70 10 63
76 90 94
87 43 61
37 69 74
48 53 34
51 70 9
1 16 40
65 5 55
76 3 58
39 38 68
64 41 24
6 0 51
4 0 55
78 8 80
93 7 47
42 19 4
4 81 85
54 44 47
96 31 60
18 56 5
12 94 82
78 3 59
77 72 5
51 50 74
16 29 50
57 55 61
84 96 48
61 45 62
16 21 44
57 97 6
74 4 81
24 99 28
50 6 3
85 22 96
13 80 53
57 66 40
18 60 5
81 3 47
7 77 13
23 38 22
12 31 44
18 56 96
18 46 57
46 94 2
57 88 18
38 76 87
15 34 25
85 47 24
60 50 59
82 52 76
33 43 67
35 93 40
64 52 19
36 70 55
37 21 83
93 68 49
21 23 37
61 8 1
65 82 96
35 63 30
87 86 13
55 2 68
50 73 59
81 95 46
98 10 85
8 77 23
28 78 30
10 82 29
36 32 15
1 55 36
21 37 11
63 66 21
96 74 95
10 48 95
1 64 99
42 38 87
13 26 97
94 70 29
88 41 79
14 78 57
56 36 67
29 7 2
71 45 92
20 69 40
90 63 67
45 2 93
79 43 96
46 10 16
71 67 73
14 26 61
99 38 45
77 65 52
6 99 81
43 12 89
67 34 55
43 47 84
2 49 29
7 6 89
83 12 37
78 28 90
31 58 38
93 58 60
33 57 56
26 87 85
72 91 88
6 53 4
31 92 100
42 56 61
66 48 85
93 83 99
32 23 50
94 27 58
9 7 67
51 50 21
72 14 68
68 45 60
88 13 91
41 43 79
43 75 79
21 89 91
43 97 14
43 49 74
11 6 24
4 96 85
98 39 10
64 17 33
46 19 40
64 7 6
21 96 44
53 6 93
16 98 91
23 19 1
35 41 52
59 28 26
25 84 19
10 42 61
38 32 15
79 71 88
36 59 31
57 18 95
97 58 35
31 16 35
41 96 54
13 10 10
42 0 43
72 27 62
78 48 33
25 42 67
73 40 43
32 38 79
10 75 16
1 27 25
93 50 2
74 42 34
8 79 31
53 12 56
71 60 94
52 32 19
27 48 3
36 67 30
60 97 12
19 33 58
89 70 77
40 44 54
24 18 19
38 78 74
18 97 37
94 6 74
56 6 86
53 90 53
0 80 96
56 30 84
99 54 92
80 66 9
54 16 8
22 19 80
53 32 5
40 24 40
2 89 69
78 44 45
46 21 21
95 20 28
96 26 38
60 9 44
30 49 27
32 48 41
56 13 73
37 21 26
58 48 1
43 42 11
68 22 33
37 16 54
90 55 56
18 56 24
0 73 26
88 18 2
97 16 12
53 95 18
59 60 19
31 84 44
27 41 25
83 10 3
95 59 99
28 24 90
38 23 36
48 87 9
61 23 41
14 3 94
62 11 29
8 52 46
55 58 43
75 10 87
58 38 99
64 80 82
67 48 58
76 14 33
7 10 79
29 28 91
13 67 37
80 65 12
48 62 29
22 1 50
72 41 79
39 88 73
84 46 100
22 88 99
10 59 11
17 38 54
81 56 57
82 66 85
71 19 48
90 96 47
93 31 32
58 78 28
49 91 74
48 34 50
43 74 72
31 84 7
94 29 68
84 53 72
83 73 97
29 51 94
10 15 39
88 8 75
56 68 15
70 40 60
99 27 47
94 7 80
8 37 61
62 82 79
63 68 70
14 65 2
78 52 59
19 23 82
53 9 70
81 30 41
32 74 98
1 86 36
49 99 36
49 85 72
51 79 19
60 25 6
14 2 20
73 13 50
85 81 68
46 62 50
86 45 59
14 41 36
69 65 67
96 61 15
53 34 46
53 15 93
94 30 48
25 22 38
90 37 88
57 38 16
78 90 6
97 2 3
28 61 74
85 32 94
53 13 77
69 7 70
45 33 47
78 59 79
11 4 11
11 14 41
6 22 57
67 3 66
64 47 33
86 33 6
38 10 37
54 86 82
7 39 6
68 58 66
36 9 100
51 24 37
62 67 15
52 99 60
21 16 8
16 2 20
52 98 46
15 50 25
90 70 45
52 38 45
9 46 70
42 96 69
56 83 24
81 68 13
12 92 59
6 35 27
62 0 6
45 52 70
90 27 55
63 75 47
96 74 77
69 93 53
32 37 48
69 48 80
87 48 89
93 43 57
86 32 29
49 77 9
40 67 22
56 73 71
50 78 41
25 91 76
90 52 43
68 9 85
50 56 19
94 56 79
47 53 35
79 72 75
73 33 89
65 63 64
78 97 84
21 57 6
41 84 11
26 34 24
44 98 89
1 91 12
98 71 47
89 20 48
98 46 83
94 56 49
43 95 59
37 5 66
28 54 44
27 26 99
24 36 31
35 47 95
32 43 25
84 57 49
51 59 78
30 3 10
9 99 47
33 18 34
59 35 1
28 5 74
42 35 93
81 51 26
3 34 19
65 93 50
35 7 5
95 87 43
16 56 87
30 60 9
28 51 57
28 5 77
7 89 75
7 3 89
94 66 68
1 53 64
81 94 2
85 67 57
10 46 90
49 68 2
12 17 78
17 73 7
44 69 81
64 66 89
15 99 64
5 24 73
61 35 14
27 10 67
31 34 85
33 70 24
54 29 88
47 45 49
7 63 73
76 40 38
50 23 95
65 55 67
62 31 71
94 39 25
70 23 66
36 19 62
43 73 13
25 0 20
64 24 52
49 30 41
89 65 3
23 55 62
73 42 69
33 8 72
21 61 99
7 49 19
12 52 50
9 59 54
53 84 82
93 19 7
41 32 58
40 93 47
74 13 83
20 95 63
35 84 10
58 9 43
22 21 32
94 14 63
10 86 72
99 58 91
13 33 54
43 4 33
85 18 81
52 48 41
27 44 47
59 85 60
64 28 70
9 36 30
80 96 91
55 9 85
94 88 21
89 43 67
40 48 73
32 39 95
62 67 69
44 11 6
96 88 39
58 46 10
83 27 51
42 38 81
25 14 49
91 16 49
63 87 23
2 64 77
61 14 95
15 33 37
8 6 4
77 3 92
48 26 13
97 40 67
75 1 93
73 10 28
86 25 4
65 49 71
15 9 17
42 92 23
6 92 36
2 68 23
88 35 85
31 7 36
99 75 84
51 74 91
34 31 9
47 57 10
63 41 99
12 82 66
8 28 65
3 90 45
9 24 30
46 22 34
59 17 10
53 81 6
78 85 38
33 16 33
81 13 54
95 33 55
6 7 20
59 3 63
78 41 89
45 68 26
49 35 83
11 40 21
98 87 85
69 67 12
49 79 19
15 31 100
36 84 97
84 21 18
39 81 56
29 27 95
47 87 7
66 42 9
63 0 41
10 50 7
20 25 100
60 20 35
76 30 88
21 25 77
60 61 96
75 81 29
49 52 27
21 40 87
45 5 19
41 75 10
82 10 49
25 94 8
80 23 90
39 82 33
55 15 20
56 96 25
8 21 95
97 12 90
65 86 70
2 49 96
70 8 90
46 83 94
18 28 62
1 42 55
80 64 9
45 55 18
22 57 45
34 27 91
21 53 4
6 75 31
36 54 90
39 10 69
85 63 32
70 83 41
94 57 48
86 3 67
10 12 65
57 53 14
98 8 79
84 82 88
47 3 8
98 77 96
14 52 51
89 70 68
15 52 51
93 42 23
88 22 69
5 71 50
42 83 6
17 22 24
71 56 26
83 27 56
45 71 18
77 17 48
94 26 74
22 93 94
48 39 20
37 83 29
67 93 90
79 19 80
82 41 3
79 53 8
79 1 50
55 94 5
16 11 68
59 25 1
75 58 23
24 55 71
70 75 73
28 63 45
12 61 35
47 13 28
23 70 41
82 55 39
29 45 80
81 90 77
21 83 32
85 80 89
57 86 63
60 39 18
81 96 11
63 98 78
64 62 91
42 29 93
60 21 19
1 36 73
28 77 3
82 42 80
55 97 86
5 73 26
97 30 83
23 8 98
86 77 9
4 1 32
14 9 54
51 98 34
22 80 44
80 85 93
75 1 36
77 20 16
89 75 95
36 46 90
93 30 22
86 96 4
4 43 25
32 62 88
7 39 34
26 64 81
9 34 88
15 22 72
86 11 37
94 52 36
4 99 36
42 95 2
37 97 88
0 75 83
96 89 54
12 72 69
47 74 19
99 74 98
30 75 61
65 10 27
48 83 94
80 49 55
20 58 79
52 42 69
80 41 75
87 1 5
96 60 45
77 97 61
39 22 61
57 84 47
37 26 9
44 82 69
22 14 2
60 28 6
68 21 14
4 52 28
91 2 54
73 43 63
57 45 79
68 4 91
59 49 36
71 32 11
36 99 45
5 33 62
54 69 8
42 91 65
87 29 47
72 7 44
77 20 15
53 4 35
13 4 95
42 19 29
16 0 67
93 22 24
12 14 22
86 33 52
7 48 78
54 74 58
26 74 37
75 60 91
45 31 50
17 39 71
70 98 99
88 91 51
68 3 3
84 60 99
28 19 10
72 98 45
92 37 24
49 48 1
93 52 57
66 88 93
12 50 98
17 8 15
99 78 2
5 71 57
17 64 55
53 62 49
49 4 44
5 9 46
14 57 82
1 54 50
69 59 66
21 73 4
26 44 84
11 66 47
42 96 97
61 51 60
7 35 95
29 48 27
47 94 99
51 96 27
87 54 73
42 16 79
25 92 93
25 69 30
30 74 87
89 29 95
93 35 74
35 74 73
16 92 44
94 79 60
98 44 41
40 57 68
53 10 34
5 27 37
59 23 98
10 68 52
99 95 20
39 75 80
81 80 64
70 36 60
89 80 86
90 29 69
33 92 2
0 51 19
31 75 25
57 23 62
68 53 37
76 49 82
22 24 19
6 82 11
42 75 38
90 91 22
90 30 99
31 8 41
65 30 53
16 77 60
69 99 94
7 30 29
71 60 54
88 42 14
50 14 71
60 59 54
65 80 32
42 82 11
44 42 57
81 2 21
80 57 92
89 0 88
94 49 35
11 40 94
25 6 83
70 38 5
45 70 43
45 64 85
28 72 73
3 83 29
41 42 60
71 32 31
93 22 58
5 36 65
36 19 51
40 69 73
36 65 58
84 19 69
88 31 25
76 57 71
23 3 90
64 61 66
48 10 72
34 65 45
43 58 9
76 58 53
47 86 8
29 63 68
96 66 66
9 79 5
57 19 73
81 2 9
34 32 77
17 75 92
55 32 43
8 41 55
52 74 16
53 95 79
14 84 61
42 97 64
3 35 64
26 13 92
91 83 35
50 47 61
17 96 32
35 85 97
6 16 50
33 95 54
12 94 23
10 88 58
82 24 67
49 96 5
91 32 63
73 17 33
89 50 9
10 24 88
0 49 69
27 21 2
57 42 7
48 64 94
95 43 87
15 30 7
79 20 3
33 73 75
39 22 20
39 33 97
52 97 8
43 50 38
48 63 64
96 66 29
15 65 96
3 38 76
45 62 2
46 93 58
77 61 14
52 80 72
7 51 43
92 47 51
80 40 62
83 31 99
15 13 92
99 10 66
90 21 19
16 9 44
29 17 35
91 10 48
25 91 93
66 1 100
62 58 63
35 41 45
38 17 97
85 17 71
44 66 11
65 17 59
43 50 11
76 12 73
69 29 22
62 86 55
11 9 51
83 6 20
19 94 21
25 51 16
68 42 8
82 66 28
71 95 53
31 63 12
91 32 65
75 25 2
25 34 95
87 98 62
45 27 17
55 1 74
79 59 82
39 40 5
66 50 67
11 47 32
37 54 68
50 55 87
28 2 19
67 43 18
70 64 26
11 88 41
21 91 98
89 75 67
10 57 38
79 96 71
33 12 69
55 20 45
64 36 55
3 21 90
46 86 3
68 61 60
74 35 41
1 79 50
63 26 92
52 45 3
44 68 90
84 47 34
98 64 37
47 92 80
66 15 24
48 3 38
10 4 88
88 41 13
51 15 77
88 28 47
20 99 75
86 19 84
51 66 9
35 72 94
69 15 25
33 78 82
19 39 40
81 59 11
18 64 60
91 42 95
69 26 69
22 66 19
8 63 52
2 48 65
83 80 82
26 68 17
83 38 57
66 89 59
30 94 50
60 81 90
10 78 94
97 71 51
40 29 32
38 4 48
36 57 90
6 45 53
17 28 11
27 65 19
82 84 44
36 12 55
96 57 88
59 61 71
2 72 86
23 41 16
86 66 7
32 22 86
97 49 42
84 75 28
70 15 94
45 34 19
89 20 65
35 29 11
92 14 71
84 31 29
93 63 70
25 92 39
34 19 96
94 89 30
25 56 76
70 92 100
81 59 6
19 70 12
85 90 92
36 1 79
12 20 56
36 8 85
15 3 11
70 50 51
36 58 19
52 20 10
15 10 27
73 60 63
48 61 32
63 26 30
40 85 44
44 56 5
56 38 76
2 64 46
99 85 93
44 0 24
42 1 55
60 33 85
98 27 1
29 38 18
69 21 27
27 12 79
55 86 85
12 96 61
22 55 85
19 82 79
13 55 9
19 74 28
64 61 12
88 37 96
14 36 80
7 69 95
3 95 82
79 46 42
54 53 24
22 49 6
45 49 40
79 85 10
43 22 30
56 83 31
99 36 72
13 16 48
72 98 46
72 49 59
83 18 90
13 95 34
96 86 3
0 59 11
95 28 100
46 12 9
82 69 19
18 82 48
38 78 95
17 52 36
36 11 23
18 76 93
78 92 41
10 97 21
77 93 67
33 76 59
19 53 72
52 6 43
51 75 4
88 69 86
38 14 69
30 89 99
97 77 42
38 70 99
34 96 86
60 24 79
66 70 5
61 80 66
68 65 33
56 96 69
51 36 39
83 56 77
41 17 60
22 10 6
52 77 69
77 47 51
82 77 93
42 19 2
47 70 55
61 64 35
44 27 23
48 12 1
61 60 50
24 57 78
59 36 75
23 79 87
42 56 10
4 10 68
33 59 59
52 62 40
32 81 49
72 84 90
76 91 7
14 54 40
20 27 72
91 22 61
93 88 53
7 64 38
37 79 83
31 23 39
19 24 19
5 56 53
46 65 23
78 0 96
80 29 5
91 86 27
19 25 41
63 68 85
91 18 41
37 94 5
43 46 6
46 78 24
59 38 69
2 67 4
73 97 3
38 50 19
36 45 31
73 21 39
1 98 31
5 12 15
24 23 63
82 76 64
43 74 39
43 78 58
1 4 37
63 42 68
72 49 82
40 33 29
47 13 2
20 69 10
12 96 90
47 4 24
13 21 2
39 1 31
52 2 35
80 62 11
5 44 19
78 49 48
12 59 44
57 74 78
20 9 85
74 57 94
13 9 71
58 60 86
47 80 34
73 85 95
86 48 55
0 26 82
89 82 3
77 73 51
69 74 53
55 89 61
63 49 10
63 13 41
2 40 82
80 43 14
66 44 50
51 75 41
63 32 5
1 19 51
24 71 19
3 75 99
19 18 5
1 56 20
93 45 77
28 15 24
45 75 31
57 66 51
56 67 94
49 14 49
0 70 34
65 29 92
87 53 29
9 15 29
1 83 15
32 76 42
56 81 35
55 27 37
1 90 96
49 23 26
47 15 53
74 43 44
38 96 36
10 98 49
53 28 15
44 36 89
53 16 26
88 99 2
7 11 96
45 50 41
71 80 4
39 23 90
24 94 26
12 27 1
9 96 71
49 74 24
95 32 97
94 11 62
4 20 22
19 30 10
93 59 10
51 18 47
23 6 6
78 52 9
75 44 85
94 44 20
32 84 53
40 58 75
48 50 91
56 54 14
65 26 84
80 54 94
61 40 25
97 85 65
35 84 48
63 35 13
9 89 48
89 7 34
64 10 97
99 25 35
26 22 4
59 11 60
1 79 13
30 45 8
33 73 28
29 20 7
40 97 20
57 11 97
63 32 89
78 34 69
6 94 2
2 91 37
76 54 72
68 4 92
65 30 87
43 14 23
10 63 41
28 35 45
0 48 3
49 9 98
18 61 9
25 23 17
9 63 29
26 40 45
23 44 34
70 39 68
21 15 82
7 41 79
16 50 55
29 7 47
76 36 14
42 37 94
24 28 94
2 43 51
75 87 27
31 51 17
1 42 53
40 93 81
30 27 99
7 40 92
58 61 9
86 3 51
67 28 41
58 76 22
10 72 26
45 18 60
89 40 81
34 91 98
94 61 21
54 71 27
63 39 100
26 37 82
23 51 52
77 67 100
9 97 61
83 27 64
53 90 43
62 91 93
13 86 85
51 45 45
36 73 20
87 54 53
67 70 51
91 57 89
69 43 77
22 6 24
98 47 30
28 3 90
66 24 12
44 79 86
95 29 65
91 4 78
71 47 56
64 63 85
20 13 19
21 62 89
60 55 62
11 40 42
47 62 59
34 41 11
91 60 34
45 4 52
38 68 71
76 56 70
35 12 47
28 98 98
70 26 26
81 98 99
16 82 23
84 59 59
59 27 57
54 60 24
27 54 73
20 15 79
18 26 58
96 49 83
89 27 53
5 6 60
91 64 92
94 56 5
76 7 1
17 22 35
31 47 12
17 51 82
38 78 54
78 30 46
58 5 57
84 88 41
54 18 83
25 39 7
62 78 98
39 46 61
6 78 83
39 40 87
55 44 92
71 30 12
70 49 17
3 21 77
63 81 74
90 27 39
51 85 60
86 40 97
71 82 95
86 85 62
35 6 53
7 2 42
96 26 81
33 25 60
53 90 53
82 9 64
88 41 63
8 59 92
14 44 37
48 7 39
57 61 60
69 20 100
53 11 7
96 40 96
73 80 43
67 15 52
69 23 13
46 42 51
86 34 34
12 27 79
99 0 26
13 95 100
74 99 27
60 37 40
8 95 98
63 37 38
21 82 1
97 2 47
11 49 35
45 92 2
98 77 86
41 3 38
72 46 26
8 85 83
40 53 17
5 24 49
34 61 89
7 36 3
43 5 5
11 56 47
17 81 26
49 98 42
23 62 56
22 57 92
45 29 59
29 27 62
12 37 90
55 79 66
57 66 44
73 68 97
60 18 65
5 92 76
48 30 24
32 34 40
2 4 75
41 92 40
39 10 76
36 79 4
92 50 87
36 55 26
8 49 18
64 9 74
91 1 40
3 1 90
68 84 69
32 25 100
54 44 15
5 88 55
15 10 45
18 9 7
17 77 64
89 17 43
4 48 76
29 18 21
49 54 17
50 0 2
65 82 64
8 62 59
71 48 51
63 22 19
0 58 28
9 85 5
81 68 10
16 10 14
73 38 6
97 7 2
29 57 16
30 12 43
73 89 49
17 51 43
88 25 53
52 96 82
99 10 21
11 52 68
2 11 74
0 82 91
2 49 16
2 30 41
69 51 29
33 15 33
31 87 40
32 6 91
68 17 21
64 20 48
28 82 63
97 9 3
23 28 28
89 86 38
6 67 11
70 19 81
41 75 41
11 6 32
36 10 36
9 89 46
81 27 32
48 98 82
34 96 27
80 75 27
46 91 21
75 78 41
14 84 77
4 21 30
30 1 72
5 65 22
77 89 6
71 51 64
10 41 96
51 48 30
62 0 56
94 35 21
33 76 6
14 58 94
71 22 76
26 43 100
63 41 6
29 62 21
93 21 40
99 25 43
29 24 1
43 14 77
0 59 26
39 59 50
98 85 18
80 92 44
51 72 52
37 79 61
60 26 74
51 19 27
10 29 97
65 44 48
22 72 71
11 36 78
70 43 89
7 96 74
2 8 18
36 3 10
98 38 14
56 52 82
72 34 94
37 82 23
76 55 43
45 61 25
86 28 38
62 77 38
54 84 78
28 4 35
18 53 16
23 79 16
44 42 10
46 71 18
38 34 88
20 96 34
30 79 34
67 7 92
71 58 95
62 4 37
11 87 49
73 28 1
18 34 30
64 86 53
2 5 42
59 36 87
4 86 81
83 19 81
49 42 5
94 1 95
92 67 13
91 1 86
37 20 37
69 21 46
91 51 51
61 7 38
65 81 5
98 8 45
12 87 33
50 70 74
58 12 2
78 85 82
10 90 2
63 55 3
27 42 5
15 30 67
0 73 29
28 77 25
17 42 98
13 34 33
59 6 87
92 26 77
20 47 86
82 40 46
47 79 48
50 10 97
6 43 92
19 26 50
52 84 17
98 26 99
16 28 11
35 40 100
4 30 36
51 52 71
75 39 6
92 48 24
67 70 76
28 77 19
87 46 9
62 44 100
83 45 75
70 39 100
12 47 72
99 87 67
54 98 54
8 1 19
76 23 98
49 20 79
69 71 4
36 53 94
77 97 28
67 92 71
59 30 8
3 90 93
60 52 88
63 26 98
47 8 34
75 67 38
85 75 25
49 98 39
55 39 65
40 91 20
37 35 73
8 56 5
74 45 3
52 19 88
19 76 87
47 72 96
41 70 16
17 34 37
92 94 15
95 40 14
71 29 60
19 0 94
68 12 12
17 72 88
22 48 81
15 43 43
77 47 44
28 41 97
95 10 42
82 19 54
65 55 87
79 13 65
14 85 67
98 88 29
44 17 2
44 27 91
6 38 21
26 66 100
12 22 99
0 41 28
84 89 9
55 85 95
6 74 51
80 2 95
46 51 42
98 31 89
46 67 55
79 17 22
0 99 64
41 55 58
23 13 60
95 33 8
15 77 65
7 44 32
25 85 37
38 50 80
69 13 97
28 40 81
71 4 60
33 40 67
5 23 80
51 82 54
93 29 54
25 32 93
6 78 93
16 65 25
71 98 80
48 99 87
37 99 27
46 7 17
47 2 54
38 56 90
97 28 32
21 46 19
83 20 35
85 56 6
96 2 99
34 64 84
76 20 69
9 89 46
35 72 93
59 12 75
78 33 47
1 17 44
39 83 36
15 4 59
28 74 57
58 41 24
89 18 52
50 32 45
76 34 9
84 21 74
99 7 2
3 92 64
58 55 93
3 22 6
92 26 26
43 73 25
42 31 2
96 0 30
11 2 4
99 97 93
60 41 45
53 50 76
43 10 72
46 45 34
11 31 16
40 39 84
79 78 24
84 29 78
18 89 80
36 79 74
98 69 15
38 32 36
83 70 29
34 31 40
98 68 11
71 12 65
30 35 59
50 66 62
48 85 99
41 97 94
79 44 97
98 74 86
15 95 19
86 98 88
31 3 12
97 51 71
40 71 54
38 58 42
97 29 23
69 7 19
86 83 47
13 23 88
17 78 21
51 42 21
62 70 40
42 80 1
51 9 23
55 29 54
95 35 4
46 48 5
54 91 45
88 50 67
17 76 51
20 41 48
3 80 4
54 19 32
20 16 69
6 59 19
93 43 54
80 29 4
29 78 48
25 32 58
91 1 90
30 75 37
89 1 3
27 61 45
42 3 38
91 24 99
50 0 87
81 43 68
9 12 7
80 97 49
50 94 80
16 12 85
14 69 44
35 17 28
69 3 85
61 97 88
42 30 80
19 84 92
23 21 6
21 58 78
13 19 43
30 15 98
92 10 32
71 37 71
86 13 87
15 39 6
89 37 11
60 58 98
10 43 36
94 95 7
25 37 52
10 31 80
76 34 9
57 20 72
81 86 88
18 93 97
69 73 79
52 72 63
25 30 35
4 89 67
29 74 93
28 30 83
51 87 66
61 13 33
51 37 81
11 70 21
85 50 52
6 62 91
76 59 6
52 9 13
3 5 11
15 82 52
76 26 34
19 69 93
30 31 69
60 90 17
18 97 27
34 68 80
18 85 12
18 0 62
10 35 31
78 54 69
84 13 23
95 4 31
31 89 1
54 88 54
40 39 93
99 1 100
25 85 95
38 87 82
49 4 20
54 62 23
37 65 82
30 43 62
49 78 13
94 74 15
47 95 36
78 38 89
21 98 59
75 42 98
82 38 50
45 0 94
3 29 49
2 57 16
37 7 58
69 85 26
45 82 38
55 58 39
58 42 92
78 46 3
53 30 56
59 83 70
71 67 22
67 50 96
9 3 45
38 6 97
75 81 52
82 61 66
84 22 47
59 22 80
94 61 86
80 86 68
8 47 75
9 75 28
86 45 29
14 26 38
77 59 57
82 99 20
24 4 62
19 36 54
59 21 51
18 72 73
32 86 68
95 42 7
79 23 43
50 63 33
5 32 55
29 18 60
2 92 70
52 68 79
27 30 89
44 5 70
4 70 56
71 80 11
94 35 69
37 61 76
25 50 42
21 89 53
80 62 63
21 30 47
59 25 100
61 44 98
68 75 76
86 32 57
88 18 12
35 17 83
8 68 80
19 3 90
30 22 23
46 3 35
68 53 45
84 77 98
12 59 24
44 51 45
72 0 15
81 17 99
59 69 90
37 36 48
39 43 97
20 17 64
84 24 19
54 21 94
23 8 39
31 21 4
50 79 7
95 22 48
75 38 68
80 34 8
36 87 22
44 21 19
79 61 98
74 18 82
28 94 84
81 10 56
47 56 10
56 58 58
53 50 39
69 59 90
49 60 13
41 4 52
44 79 71
80 19 37
17 73 7
88 12 89
51 41 29
12 56 76
32 2 60
92 77 36
32 9 21
49 7 24
77 62 9
0 1 85
97 43 99
99 23 80
85 17 74
88 50 64
47 76 14
98 47 85
2 81 83
23 66 35
29 33 33
61 78 82
67 69 60
74 30 71
15 55 78
59 85 98
34 36 50
58 55 30
93 83 60
26 81 94
91 4 100
33 60 82
51 94 28
47 34 90
49 42 91
15 85 77
34 39 72
80 16 35
24 83 62
96 80 84
49 12 62
28 97 19
5 25 28
26 86 14
32 51 6
96 0 39
63 37 23
95 42 92
40 27 9
28 19 56
84 33 17
43 99 62
53 93 35
45 23 66
6 69 1
71 44 45
58 65 93
32 34 40
31 37 45
44 92 27
56 1 41
35 70 35
44 89 4
19 4 76
15 45 28
61 12 34
18 16 98
17 59 7
72 19 43
32 66 4
11 90 56
17 15 94
71 72 39
65 81 75
14 51 32
32 97 91
76 27 78
6 52 82
48 13 76
46 44 79
73 8 98
72 37 14
90 1 83
17 71 53
98 22 97
84 95 89
36 11 93
91 21 53
29 19 68
9 83 82
96 44 55
8 38 53
37 94 34
1 68 6
29 26 67
72 63 21
71 0 97
84 85 63
43 12 91
67 80 75
32 47 20
58 77 2
67 35 97
28 43 7
81 88 83
68 62 33
83 2 87
73 22 27
46 95 3
23 60 8
27 13 56
1 36 93
46 65 19
29 5 79
41 93 14
54 72 22
17 5 80
93 97 78
4 60 52
99 49 35
41 37 79
59 7 1
98 64 100
4 45 44
13 2 21
96 12 71
90 7 54
28 23 97
13 35 63
37 34 54
14 22 48
68 31 29
21 51 81
48 83 62
23 53 5
87 80 78
65 3 79
8 1 14
54 91 75
19 9 92
23 21 43
54 31 10
27 51 71
76 62 44
89 70 41
60 64 80
16 73 62
29 9 58
8 31 100
37 31 78
65 57 56
39 45 56
64 44 28
55 54 20
56 74 11
85 47 15
21 11 79
56 7 61
21 96 58
54 59 57
47 32 25
46 6 56
85 14 75
53 32 40
69 73 65
68 11 17
78 67 7
45 82 87
77 6 81
58 8 28
45 33 40
29 98 92
55 43 60
65 25 42
78 55 43
23 3 94
53 92 2
73 33 22
26 27 91
96 75 30
71 42 44
94 59 38
29 75 10
63 75 23
38 17 3
15 61 73
48 20 50
50 29 1
67 17 82
20 32 26
89 74 80
19 84 97
81 78 66
69 76 58
67 15 59
60 3 75
39 25 96
61 27 93
43 77 3
11 87 67
85 34 58
44 58 55
81 23 49
48 99 71
23 24 91
55 75 38
5 67 80
88 40 36
2 5 16
38 41 49
18 4 90
42 97 86
26 95 16
55 97 73
27 80 52
77 86 87
24 85 65
98 40 88
61 53 45
65 60 24
76 72 89
58 96 75
35 38 50
40 69 84
12 48 82
72 18 61
51 52 52
62 86 72
13 71 90
66 60 24
17 96 85
14 37 57
59 29 80
88 25 57
67 13 83
37 34 27
40 39 10
83 74 25
12 19 75
13 58 94
70 67 60
16 69 100
14 54 98
63 48 32
76 49 98
15 85 58
74 54 58
99 5 74
72 31 87
85 30 42
90 8 80
61 74 25
95 67 50
8 70 90
63 70 77
77 76 48
1 94 42
6 9 17
97 96 31
44 55 15
43 46 5
54 58 95
25 91 51
74 0 35
87 98 73
89 10 30
14 36 81
48 38 34
96 94 84
22 78 27
72 9 73
2 20 43
47 9 18
1 74 76
42 32 12
26 18 15
30 25 62
17 21 14
22 45 27
56 22 7
12 93 6
43 40 80
10 2 60
62 74 52
26 92 55
6 51 58
22 30 21
65 32 81
17 7 70
94 10 76
98 83 28
6 57 12
21 58 12
65 50 18
24 37 73
7 23 38
98 4 25
15 12 93
75 80 91
45 98 22
38 11 64
43 95 13
33 30 86
95 93 68
38 55 15
30 34 41
34 3 5
26 95 70
78 39 63
93 88 41
54 97 89
24 33 98
21 83 70
68 81 34
30 59 58
75 4 80
50 69 77
17 10 80
32 95 3
54 73 40
94 58 13
0 97 94
13 28 61
3 16 77
74 30 66
11 83 10
63 35 67
4 50 44
36 12 48
54 35 18
9 14 41
57 73 76
86 27 18
98 96 50
75 63 63
48 58 15
67 90 44
83 43 24
54 85 5
27 43 91
91 51 85
34 7 17
17 32 2
71 91 63
14 20 47
56 2 5
9 64 82
57 84 31
17 64 23
8 20 47
97 49 57
65 68 63
26 64 32
83 35 95
38 16 78
20 24 8
22 53 88
69 66 87
21 81 45
79 57 87
72 97 26
30 48 85
92 80 26
84 29 56
80 47 83
32 22 26
58 93 34
25 50 18
57 14 16
20 12 31
12 21 40
86 42 88
53 13 5
91 93 73
24 57 29
76 88 91
84 52 8
58 85 83
72 20 100
59 34 35
45 47 42
47 77 16
21 56 41
59 92 41
49 80 96
12 58 80
30 37 57
88 61 98
9 37 49
34 87 60
45 43 15
11 37 54
19 72 86
22 57 57
17 89 67
5 4 46
8 2 7
47 13 47
13 23 65
70 14 84
53 2 82
24 93 11
33 36 37
63 52 90
72 18 98
11 83 11
68 91 86
29 86 68
91 28 87
51 80 97
46 75 95
58 10 38
73 28 41
30 21 19
15 16 30
34 50 23
69 91 75
47 68 31
56 41 68
88 18 47
87 77 77
71 57 82
15 89 66
32 10 18
80 56 82
99 44 4
11 94 96
93 47 61
2 71 40
49 88 38
98 31 95
47 33 82
43 94 42
60 70 12
31 55 65
97 72 64
92 60 85
51 25 99
67 55 21
13 27 53
67 96 70
83 61 72
95 34 28
90 51 29
41 25 40
42 23 47
53 8 60
16 21 54
96 24 82
35 8 5
37 8 16
92 21 23
68 72 81
14 21 32
46 26 37
22 71 2
81 90 92
53 88 25
54 5 4
95 26 34
19 20 56
50 4 14
47 79 72
88 35 18
58 51 47
64 48 31
81 39 79
81 91 96
2 52 37
1 70 22
86 89 6
88 87 83
47 55 67
42 22 2
20 28 91
70 27 99
61 44 100
46 71 64
1 69 19
56 38 15
38 8 57
74 58 70
32 28 24
98 76 1
57 92 48
21 35 43
80 35 24
93 8 10
64 73 94
8 76 84
7 45 80
7 13 41
78 79 11
60 20 64
38 61 1
77 1 31
51 81 35
56 5 26
40 52 32
86 94 20
77 86 42
72 71 64
73 56 21
90 13 32
59 86 52
44 98 53
68 81 51
22 64 17
77 88 76
6 47 87
9 99 12
81 99 86
21 47 4
94 70 51
61 23 5
57 88 34
17 88 55
67 83 42
7 64 27
85 45 70
29 30 86
71 27 49
6 86 79
75 36 82
43 22 48
13 38 95
89 1 64
26 6 14
42 83 92
44 75 66
75 12 64
85 75 17
68 59 25
40 4 88
28 53 91
91 9 55
81 32 98
92 61 15
20 33 61
35 68 8
6 40 41
43 65 64
31 10 1
61 23 5
83 44 75
40 92 46
5 8 34
79 74 38
23 68 5
57 80 58
69 61 34
38 23 75
98 88 5
12 22 76
38 29 34
80 11 36
18 8 31
61 43 5
97 17 67
91 82 16
74 70 19
87 21 36
30 89 71
29 39 31
49 1 73
58 73 91
82 97 11
67 0 92
55 97 78
19 68 94
3 53 44
36 5 25
18 22 90
64 73 2
44 5 100
3 7 58
12 55 50
51 69 48
15 3 93
84 28 85
26 64 78
70 94 59
16 90 29
44 26 28
80 64 27
33 74 73
55 12 81
17 37 65
63 72 73
30 70 98
38 87 100
92 86 14
64 9 53
62 79 86
18 46 56
91 98 66
27 5 83
33 53 92
61 9 41
22 45 96
22 19 2
29 61 88
5 60 33
47 56 47
15 69 31
37 81 42
4 93 100
86 50 24
25 61 12
65 11 38
40 85 24
54 3 54
27 91 63
10 95 99
25 10 13
11 21 53
14 38 8
54 0 84
81 47 33
32 62 47
64 56 3
85 30 13
16 44 11
53 98 53
25 7 34
13 76 28
3 95 75
4 76 20
16 37 10
72 50 61
40 32 97
65 64 82
87 30 39
22 78 36
86 63 26
25 0 65
41 32 35
67 50 96
38 8 25
89 22 55
41 38 81
40 61 52
77 98 91
35 18 48
83 90 14
53 92 69
50 79 68
52 61 91
41 43 34
10 8 70
8 93 18
67 78 65
91 78 65
73 66 4
56 4 36
12 19 26
33 24 13
88 89 68
5 97 24
73 92 68
24 18 20
60 81 63
89 70 55
99 77 50
48 63 66
90 88 65
8 48 29
96 49 66
33 50 13
67 49 70
40 50 1
26 99 52
29 52 46
7 61 61
95 71 7
71 73 68
7 2 97
92 62 66
46 59 22
12 63 30
89 14 45
30 7 80
83 19 86
41 55 28
85 99 21
53 50 28
59 16 5
74 63 85
86 27 99
38 58 34
39 26 86
61 73 94
7 55 90
47 81 98
99 38 7
7 47 87
99 74 13
28 91 46
53 10 53
77 98 11
99 57 27
35 53 31
59 49 35
28 44 44
74 19 49
88 19 21
88 3 67
13 83 58
19 85 15
86 92 21
69 79 100
44 97 76
15 92 65
75 76 99
28 64 56
23 39 46
18 70 36
99 82 13
36 94 91
32 86 5
99 40 1
17 29 51
65 10 62
20 51 97
39 3 78
89 5 60
59 69 82
42 48 52
27 94 94
99 30 78
77 53 17
68 31 65
58 52 65
37 55 54
10 70 90
68 96 100
30 45 42
8 9 7
47 61 46
52 47 80
19 68 56
89 75 86
25 59 79
68 12 24
15 76 42
54 56 91
55 97 1
26 32 54
38 60 85
20 69 42
13 7 60
93 8 32
41 62 63
96 41 45
47 24 92
41 97 100
90 47 100
80 18 70
45 10 68
95 15 58
78 11 21
40 92 65
76 95 10
84 55 98
98 35 84
61 62 9
6 23 96
49 92 60
37 15 60
25 13 8
96 71 65
15 91 69
39 54 52
78 55 24
32 16 7
37 58 71
80 68 40
77 69 28
94 70 9
24 47 44
21 0 32
35 43 49
32 80 57
21 49 92
87 19 9
35 77 27
46 5 43
66 49 81
42 94 26
42 87 72
40 12 5
78 52 89
64 60 28
4 67 36
67 70 59
43 20 52
95 47 2
29 99 62
79 2 12
48 54 63
62 93 28
5 1 31
47 38 7
16 29 9
87 47 24
92 63 49
83 28 28
58 25 48
47 42 23
57 48 51
35 26 39
90 0 5
55 39 13
70 81 72
93 76 99
5 62 41
18 97 27
46 59 26
69 33 59
57 41 60
57 5 58
55 93 58
14 62 46
60 63 60
86 30 81
56 14 74
97 51 17
48 4 42
65 67 49
42 89 79
85 78 10
56 49 50
58 99 66
6 64 16
65 38 45
1 94 76
72 32 95
96 4 55
74 57 11
56 52 20
31 68 18
99 25 64
41 34 43
56 22 27
32 80 65
2 47 1
18 23 36
92 10 4
50 66 52
49 73 77
64 55 93
27 42 59
41 90 91
25 91 56
69 49 25
21 13 56
47 70 22
55 45 40
70 5 75
10 88 88
76 16 21
67 5 2
95 11 2
45 9 60
64 5 14
10 57 24
17 14 90
59 2 67
64 92 85
77 23 29
93 61 95
80 86 86
52 29 79
17 0 59
49 38 51
63 56 44
90 58 49
89 17 46
85 39 31
20 78 37
28 61 78
96 48 82
64 13 64
79 28 57
9 66 92
41 50 59
42 60 38
4 38 57
68 75 33
10 9 90
46 60 2
88 13 93
30 10 52
74 97 32
68 70 90
29 67 31
44 78 27
79 3 31
39 16 9
80 19 67
97 18 26
83 46 59
33 19 21
80 91 67
78 74 13
73 46 52
3 77 78
91 41 67
75 53 16
4 7 75
93 84 84
58 52 42
8 70 33
99 96 54
77 14 1
57 64 34
90 77 32
88 85 57
33 88 22
33 31 94
81 6 49
46 43 85
65 35 36
81 66 88
56 17 85
86 1 4
84 61 68
88 1 59
60 70 11
59 56 31
3 70 41
64 78 76
18 45 2
61 71 60
24 63 85
17 9 68
51 81 94
67 29 40
81 5 99
5 21 58
85 77 3
64 7 13
34 82 12
31 75 83
56 40 81
0 15 97
16 25 44
59 5 83
74 18 37
21 27 33
88 40 100
77 85 91
6 49 49
61 90 21
1 22 99
79 40 1
65 26 73
91 45 98
82 25 34
98 26 28
15 9 58
58 98 31
0 62 1
8 52 4
72 43 36
23 73 78
99 80 23
23 30 55
89 71 28
58 35 71
83 34 74
90 47 11
51 77 79
52 31 18
83 96 94
41 35 91
44 94 2
8 12 89
94 29 100
0 56 5
42 86 55
31 47 5
30 19 83
61 60 66
93 36 92
35 87 42
59 1 70
26 50 33
68 32 40
25 83 50
13 23 67
66 84 71
47 50 28
27 77 27
42 21 60
73 50 11
17 63 4
92 66 98
19 80 85
7 10 78
81 18 51
95 94 20
52 62 60
70 96 54
34 16 12
7 97 76
47 48 5
59 41 19
32 94 75
93 19 91
91 2 33
75 24 65
58 92 12
47 9 19
75 0 90
20 60 4
31 47 91
1 14 75
67 88 96
66 29 22
30 79 30
15 18 28
29 37 96
17 61 15
98 83 100
6 5 62
80 18 62
33 91 30
38 61 63
99 33 80
17 12 53
37 5 25
23 88 21
95 90 84
42 49 5
78 62 40
33 0 92
45 63 69
85 94 14
95 8 84
68 78 62
33 66 60
55 4 26
36 33 21
57 53 46
92 50 17
17 22 66
56 5 91
44 22 75
79 9 80
78 56 17
2 12 87
74 70 73
47 1 88
42 74 58
91 87 94
76 37 20
32 47 84
97 48 64
14 75 26
31 81 4
43 78 28
39 42 51
31 71 30
51 81 86
39 30 21
43 81 31
18 65 24
40 60 3
22 7 57
49 46 83
69 73 11
43 66 67
29 14 51
47 80 36
36 79 7
85 39 93
71 50 94
1 10 93
38 17 83
62 44 38
76 69 46
98 87 36
54 91 86
86 71 27
70 31 80
66 36 58
10 22 95
92 42 50
69 42 28
26 28 1
51 64 32
12 43 38
8 44 81
40 91 84
98 13 2
56 15 67
8 55 16
93 54 25
51 31 44
63 5 89
68 41 33
81 22 55
45 16 93
20 98 25
7 49 92
55 20 75
7 53 12
66 48 17
75 30 12
38 81 99
42 48 24
58 88 33
34 48 58
49 43 38
3 87 65
75 25 99
39 73 88
17 69 88
15 52 86
62 59 48
58 12 100
90 43 14
98 1 19
29 81 38
46 89 21
82 79 43
2 88 87
45 0 66
13 1 58
29 36 77
89 33 28
84 0 35
6 7 40
45 96 6
2 40 4
70 24 89
31 45 5
46 85 72
89 61 21
33 74 83
65 64 61
32 48 12
