9 27 35
43 99 20
41 40 31
77 21 31
24 25 9
55 77 19
16 90 33
69 88 67
8 64 61
70 65 93
53 70 55
9 57 84
67 59 76
29 75 35
56 22 46
36 11 24
93 52 87
23 79 100
94 56 96
54 28 36
31 10 43
20 58 97
14 19 46
37 90 38
53 79 91
66 74 96
99 5 80
25 60 75
78 34 88
36 41 66
57 26 40
54 87 26
38 61 63
13 2 31
70 57 6
50 99 74
21 68 10
22 78 40
30 57 11
13 10 75
90 33 72
43 16 95
47 92 83
67 16 27
50 20 59
97 89 60
92 25 5
13 92 21
28 68 34
5 82 21
12 1 19
57 95 87
6 20 96
74 46 89
72 62 9
93 71 53
90 0 24
44 19 62
93 67 84
97 59 47
30 68 34
49 21 40
87 56 27
36 14 52
34 30 23
10 16 62
72 35 61
75 70 41
25 5 29
78 29 54
50 9 84
0 56 20
11 61 90
3 67 65
49 90 47
66 26 41
43 22 59
81 11 26
48 28 11
59 0 87
36 58 74
80 61 65
46 54 41
68 88 77
26 86 1
75 37 49
4 97 57
38 53 36
30 74 90
32 39 50
19 58 78
2 76 5
86 5 52
24 68 81
48 95 7
85 98 100
57 36 66
78 43 1
21 48 60
62 69 68
19 59 35
87 0 63
95 82 82
57 38 63
55 60 7
69 7 43
61 70 5
81 32 58
21 60 86
65 61 9
89 83 24
71 4 21
5 94 23
16 15 27
96 78 73
66 28 57
42 60 15
99 0 89
17 72 18
7 10 71
63 10 4
51 86 96
75 50 37
93 22 33
54 60 70
80 13 9
32 57 27
7 28 84
27 97 97
29 48 57
55 14 16
62 13 72
72 34 65
65 68 53
21 0 58
65 48 40
28 91 90
61 52 92
89 33 3
60 61 87
25 83 22
69 39 69
94 51 99
61 90 85
23 44 54
50 65 56
22 40 71
51 58 55
91 44 98
38 53 65
52 93 6
9 72 45
36 78 95
23 70 43
35 8 63
5 80 42
53 2 27
99 87 27
54 31 36
10 81 77
59 94 17
58 49 24
82 42 63
21 23 25
71 88 40
2 25 26
80 14 21
86 66 60
52 78 92
25 7 31
35 55 32
21 81 4
11 23 41
85 9 44
67 12 5
87 48 19
44 45 54
11 34 68
19 58 99
7 75 45
81 30 64
54 28 64
74 38 88
16 22 90
59 32 80
28 3 33
97 33 47
13 6 90
9 0 79
20 21 67
60 33 80
49 54 86
0 7 31
87 70 59
99 38 73
69 67 15
38 51 83
29 32 15
93 70 54
71 54 54
89 65 77
71 87 69
3 84 99
69 21 19
43 40 5
32 71 38
63 77 41
31 1 44
10 31 18
25 8 50
44 57 70
50 29 35
17 27 32
14 81 14
50 56 55
34 96 51
74 40 52
46 14 58
71 55 84
39 34 92
8 62 89
87 62 73
17 67 4
57 6 42
22 64 24
64 71 95
96 62 48
2 99 24
34 25 27
17 65 77
83 54 41
85 1 38
48 59 56
53 19 64
38 19 97
48 19 36
55 70 48
34 95 32
59 72 23
18 14 2
30 54 51
22 28 88
67 61 16
56 58 94
72 12 95
53 75 71
84 21 83
10 4 46
28 40 49
73 1 87
82 19 44
62 46 94
99 87 14
42 81 69
82 2 35
80 83 48
12 20 73
69 16 13
38 83 60
60 23 89
33 59 75
55 12 68
82 46 67
33 23 72
44 1 79
63 21 34
63 95 97
70 60 59
34 49 4
18 36 59
26 8 22
8 76 87
45 23 4
16 36 17
68 28 75
49 87 52
4 79 50
16 52 83
89 80 20
57 14 49
73 92 8
40 86 84
28 76 61
44 93 5
56 80 46
53 2 39
77 35 74
85 37 17
31 57 25
87 48 71
43 21 18
9 79 42
81 72 73
22 28 34
59 44 35
43 52 24
51 45 46
91 69 76
26 65 62
70 93 28
48 36 65
53 97 67
95 12 1
72 52 1
89 91 2
29 2 34
32 70 4
5 62 72
56 1 15
97 46 3
21 72 21
27 55 41
82 83 51
85 91 34
80 66 92
41 7 87
43 73 57
38 81 23
16 22 86
98 19 88
10 96 76
33 84 52
93 39 71
54 68 57
47 24 28
89 82 89
26 85 71
69 21 9
57 81 28
81 77 1
13 79 75
8 59 36
11 71 31
44 7 26
13 72 73
73 30 4
2 19 78
83 22 85
70 7 24
54 36 9
51 77 55
45 40 36
14 50 18
89 90 86
71 44 55
38 93 97
17 22 92
59 20 44
64 53 18
58 75 72
58 34 5
99 56 70
25 28 72
29 91 8
68 97 57
6 30 2
2 52 37
1 57 64
23 30 40
38 72 85
13 46 18
64 19 61
28 43 66
4 10 86
29 59 86
36 0 48
46 87 5
39 46 17
44 27 84
24 4 58
40 30 46
47 57 38
29 25 99
88 48 67
67 85 19
31 97 47
21 24 49
21 83 65
85 3 66
68 67 5
59 27 42
89 75 30
7 82 15
50 98 8
62 98 48
3 15 45
68 32 58
40 98 7
2 46 36
42 82 30
12 27 40
24 51 71
32 64 79
51 93 16
39 80 69
53 89 97
27 22 43
81 2 53
63 76 31
15 53 75
64 10 9
57 76 89
97 43 35
89 42 72
14 40 48
71 84 55
45 75 40
29 74 89
51 31 1
8 14 66
18 1 85
72 69 34
15 71 46
38 54 88
20 52 79
97 84 73
55 74 37
54 38 94
69 91 77
61 83 62
99 69 53
65 32 56
54 8 45
69 33 27
52 39 36
95 57 22
43 35 31
0 97 47
93 42 28
93 44 76
98 36 65
11 69 74
29 25 69
10 78 39
93 91 81
76 19 60
58 70 64
21 59 78
40 42 20
23 40 7
45 88 30
93 58 96
78 85 25
5 6 31
65 61 28
45 31 79
0 90 34
54 30 26
28 48 50
71 65 51
3 23 99
17 34 89
92 5 76
66 3 1
52 33 55
96 61 82
27 90 100
81 15 4
34 55 92
17 65 6
18 73 26
26 39 46
59 40 88
77 95 87
56 84 47
47 57 6
12 17 6
79 63 84
20 87 25
67 38 18
67 0 84
22 2 6
88 28 64
5 23 68
48 39 70
69 64 20
37 38 33
27 22 51
12 65 68
3 19 26
31 83 72
19 0 36
86 27 86
47 55 22
87 43 89
11 84 78
19 54 60
89 57 67
24 26 20
35 13 8
13 81 57
99 82 96
55 53 78
56 14 82
1 70 4
20 28 73
15 71 63
23 42 8
90 30 34
63 79 69
57 79 81
84 95 87
78 79 56
44 54 81
30 7 72
61 84 61
83 9 37
64 86 97
27 28 50
71 35 35
8 81 65
43 81 85
82 19 82
32 34 57
82 35 8
56 17 30
54 21 60
75 50 99
90 51 58
8 24 23
52 58 99
78 1 32
32 11 61
95 99 99
17 89 2
82 53 89
37 7 25
76 74 5
36 49 75
52 69 96
67 45 67
0 6 91
49 83 94
52 20 62
94 52 36
55 39 44
58 88 70
55 30 30
73 25 9
43 30 21
42 73 41
2 55 44
7 18 16
50 95 20
8 6 41
19 32 99
83 36 36
19 88 21
9 92 21
87 61 20
18 47 10
17 37 61
2 4 74
46 84 99
83 88 8
9 93 40
25 54 48
4 48 59
7 3 94
13 86 46
38 90 100
13 86 78
32 59 11
13 29 90
28 81 90
0 24 55
55 47 63
78 41 64
65 76 41
55 53 29
37 59 70
94 28 58
0 39 23
43 89 90
18 24 67
41 73 82
29 98 5
28 74 5
73 41 95
58 37 39
54 1 20
33 51 79
48 91 46
74 48 3
25 52 44
78 84 100
53 21 53
67 70 35
74 21 20
35 19 6
38 51 29
81 91 11
16 59 94
12 89 56
31 76 25
23 45 54
51 78 92
52 28 45
80 5 98
99 83 22
7 9 24
61 5 51
94 76 30
29 57 8
48 64 24
29 43 49
59 23 39
47 19 55
35 4 24
0 89 42
67 66 100
76 11 12
43 16 62
11 63 97
36 75 68
2 91 9
76 78 34
47 65 3
69 91 98
54 7 28
70 29 67
23 42 51
80 78 100
77 63 12
73 50 55
76 64 42
85 97 27
29 34 39
28 35 19
75 69 43
43 80 13
47 24 82
24 23 39
94 10 11
70 12 80
5 98 28
40 32 57
84 34 86
39 87 4
73 84 67
31 44 65
58 51 62
9 62 11
64 82 90
74 43 6
66 26 69
60 12 11
61 53 41
7 91 96
10 2 50
13 28 72
13 46 92
15 45 58
43 39 9
36 70 17
40 57 38
1 99 27
6 0 95
62 27 11
26 76 10
4 7 65
13 94 77
60 91 1
72 97 2
36 59 5
59 32 9
4 89 98
67 10 11
41 24 82
92 6 99
51 13 56
67 33 66
44 81 64
51 53 95
8 26 61
1 89 37
2 56 1
94 69 100
89 3 41
59 4 16
95 76 64
73 89 26
44 48 57
69 22 36
40 11 86
80 36 68
40 50 67
20 55 45
42 11 3
42 31 39
53 28 23
55 90 27
12 84 50
78 70 68
87 62 88
54 14 66
87 20 9
53 48 61
99 23 24
88 66 31
36 79 12
83 26 100
45 83 71
89 28 60
2 7 28
52 56 17
94 79 58
41 18 25
40 52 20
83 0 45
81 4 62
72 78 65
39 1 56
30 20 61
26 40 22
97 89 16
21 53 7
45 19 25
26 28 98
3 51 30
94 68 41
58 79 25
66 51 59
99 34 90
82 99 48
82 99 33
7 73 97
10 28 100
12 28 86
90 36 64
56 35 7
41 86 77
56 25 32
63 3 52
64 63 77
1 35 70
94 49 31
12 54 41
25 29 84
73 82 86
12 94 27
8 85 32
91 24 56
8 85 14
81 82 60
0 51 14
6 50 59
65 94 15
13 55 9
62 49 16
57 87 10
54 14 4
79 36 48
65 92 96
82 42 88
33 82 60
34 10 11
98 79 42
38 19 93
71 42 85
55 74 95
40 37 62
10 61 43
85 48 25
72 31 4
78 89 46
18 34 70
48 34 15
57 56 14
65 83 84
54 2 87
4 43 3
92 51 18
52 79 56
18 62 71
80 91 37
87 11 82
89 38 21
84 10 44
90 28 16
81 51 97
53 3 31
48 22 18
6 78 13
92 21 6
17 26 88
55 37 13
82 86 63
34 10 23
4 91 55
25 61 64
17 7 37
66 76 6
18 77 46
26 50 12
73 86 23
26 47 92
16 46 80
56 83 13
63 65 72
76 9 19
2 36 72
17 76 48
57 50 5
18 68 50
62 74 18
83 50 22
60 58 78
83 94 27
22 37 95
44 93 98
39 49 37
64 48 44
16 81 40
44 74 77
28 86 84
15 94 87
31 92 67
41 30 5
11 49 50
92 27 21
54 11 85
84 34 65
9 32 50
82 0 95
86 29 5
42 30 80
75 50 23
33 41 41
20 33 55
38 34 3
54 73 100
38 84 63
80 55 1
90 19 9
53 56 27
56 44 26
26 35 67
91 96 41
26 83 99
34 26 26
35 62 41
35 68 28
18 51 11
86 23 50
97 5 58
10 0 79
28 14 13
65 33 82
51 75 73
81 89 64
96 43 39
76 80 54
52 36 16
19 92 77
50 59 64
71 98 41
11 69 2
54 39 15
41 5 26
33 8 55
0 68 85
67 97 10
63 47 24
94 47 72
78 25 4
66 86 25
22 30 67
93 2 57
68 46 43
93 25 60
84 56 69
57 53 50
63 48 36
11 2 29
62 86 45
82 64 99
10 26 11
53 87 5
83 49 67
24 27 60
30 67 83
93 0 2
5 51 78
74 23 66
28 87 12
30 86 9
49 42 67
70 84 14
81 25 86
38 94 11
10 50 30
2 21 67
50 6 80
79 97 8
75 71 78
80 96 38
82 72 66
3 4 86
66 31 30
86 80 49
87 21 75
95 40 19
82 18 7
37 36 15
36 87 74
13 18 84
4 27 30
26 38 81
8 53 38
3 58 54
21 59 87
17 23 76
12 4 95
13 87 79
62 56 33
25 15 91
89 40 93
77 55 57
82 78 23
36 9 9
72 7 6
43 61 35
89 97 19
47 17 72
47 4 96
29 67 66
37 63 89
77 26 20
57 1 100
88 13 84
12 34 3
18 51 90
42 15 30
80 69 5
0 91 68
69 78 93
69 31 10
63 12 69
72 5 76
54 97 96
55 62 100
33 88 2
32 29 99
5 1 99
81 53 48
29 23 48
79 87 14
55 45 56
22 83 65
4 79 19
45 6 87
48 55 90
11 20 33
18 41 81
67 66 16
72 38 7
63 27 83
37 51 31
33 86 33
59 96 63
83 81 72
70 64 39
11 30 67
39 88 64
8 54 5
79 60 53
74 63 49
51 26 29
92 67 2
83 79 8
8 15 44
63 14 32
60 75 13
33 15 41
5 84 34
86 12 52
58 46 53
51 0 72
50 87 32
1 39 80
46 65 72
2 49 97
75 40 67
23 3 18
63 12 83
4 22 68
10 29 38
48 33 40
49 45 26
53 89 48
33 11 12
7 81 33
90 67 94
32 12 40
79 97 41
74 65 40
24 98 95
9 41 42
48 50 45
81 95 62
17 14 76
57 31 44
44 30 67
20 51 22
29 71 29
62 96 80
22 96 72
45 96 55
74 66 63
86 49 83
24 3 80
30 48 89
58 39 99
35 93 51
33 40 35
44 54 16
29 55 93
29 19 79
24 64 50
18 78 86
87 83 34
88 20 92
88 83 45
22 89 77
84 34 29
97 67 26
53 49 75
89 8 98
80 28 7
64 9 67
57 40 85
17 52 56
30 20 77
44 4 81
31 72 87
55 80 28
84 22 86
43 96 43
6 99 58
91 46 42
14 58 11
92 14 54
86 1 65
38 84 38
35 13 83
39 24 27
20 8 18
99 10 94
98 14 81
56 71 84
52 16 73
94 58 88
78 16 16
65 7 42
15 91 90
97 20 39
4 7 66
95 37 45
81 52 97
56 9 73
74 17 33
8 60 2
56 6 64
97 47 80
61 48 59
70 6 85
7 4 37
98 66 84
1 17 41
95 22 94
31 99 63
75 82 14
97 68 86
69 75 29
55 28 66
4 16 75
97 63 75
25 43 59
63 61 34
63 84 19
73 29 55
13 30 92
18 68 20
30 65 1
36 33 34
12 83 1
58 27 97
33 48 59
66 80 47
94 45 93
78 98 89
75 35 19
27 35 97
92 35 65
75 66 72
96 10 78
31 53 44
69 45 7
75 95 32
95 16 37
0 18 77
27 39 45
30 90 50
73 25 10
56 78 12
89 60 54
11 53 79
39 76 49
69 90 59
7 80 33
4 28 100
28 7 24
42 32 35
17 68 50
99 4 39
80 34 25
74 53 47
12 31 11
80 8 76
97 89 43
61 11 57
30 82 67
68 69 19
14 55 64
80 5 8
37 57 74
60 50 28
87 29 10
27 45 41
48 33 80
27 60 13
35 88 79
29 61 18
10 90 24
34 35 17
58 89 72
50 33 53
5 9 3
46 20 41
36 23 3
37 41 99
6 91 30
53 24 84
67 36 33
30 43 84
31 17 98
66 94 33
22 35 52
89 20 15
14 76 30
30 48 57
33 69 33
13 61 95
24 98 83
83 71 92
85 77 74
3 81 33
46 75 19
80 49 4
85 10 43
35 62 10
43 2 26
0 5 8
10 20 82
16 80 89
77 20 35
73 90 75
22 13 10
24 46 53
35 6 40
89 44 16
92 43 37
99 40 76
53 19 95
79 49 47
19 5 66
81 26 63
78 9 21
35 36 79
17 22 2
59 99 27
57 74 15
76 53 11
90 2 69
87 54 31
46 24 79
72 88 11
28 21 10
77 19 57
53 89 73
11 87 32
82 75 33
47 45 42
11 16 25
61 83 24
25 37 15
53 81 96
20 52 34
33 11 59
67 26 48
85 31 35
41 83 80
46 26 67
25 82 11
17 56 97
2 93 14
45 47 7
65 16 86
58 80 56
60 36 66
91 15 28
49 68 96
78 10 2
86 32 82
82 85 62
72 11 61
27 94 39
78 27 57
10 81 97
95 78 93
23 96 78
76 66 76
92 28 15
99 27 58
36 42 78
70 15 16
82 45 65
82 67 56
64 68 66
3 91 20
47 63 39
7 70 71
90 17 40
26 29 71
80 38 91
28 45 41
60 92 98
86 37 64
73 2 2
36 8 65
58 87 51
92 62 73
45 82 93
74 68 28
85 20 36
17 11 95
51 70 65
26 68 55
80 45 80
11 5 37
93 66 26
65 70 50
51 3 58
91 43 48
48 77 31
95 30 40
57 45 43
2 95 59
32 89 84
85 66 7
93 88 48
21 52 19
87 72 94
34 60 7
11 39 72
18 30 18
8 67 11
93 35 83
69 97 16
88 77 76
77 15 54
96 66 5
32 1 95
83 3 79
73 86 33
84 16 72
23 53 94
26 74 2
13 36 6
48 86 7
47 1 38
33 9 83
27 96 33
47 32 60
80 19 17
23 44 97
80 14 68
33 19 64
18 13 23
44 49 66
24 44 57
41 82 89
33 79 96
36 68 26
92 43 52
84 38 88
59 66 26
19 55 17
2 15 97
62 89 83
62 1 50
56 19 7
52 96 19
73 67 2
40 64 80
72 63 76
47 76 60
94 54 19
81 94 77
69 90 15
93 27 15
64 10 4
24 35 50
27 23 45
55 1 67
6 69 62
56 60 22
2 13 54
39 94 99
3 24 51
9 33 55
7 38 84
74 78 67
5 63 94
80 72 93
79 95 69
54 4 11
59 24 79
64 43 44
92 77 20
22 44 90
36 23 98
32 3 50
40 94 13
3 36 79
53 65 49
66 96 78
19 89 53
0 23 83
47 24 57
33 22 4
97 57 11
46 78 42
2 24 98
75 31 98
98 39 96
39 54 97
94 20 64
94 7 83
6 64 99
37 26 89
48 91 50
90 64 27
30 26 27
94 9 36
70 29 98
17 90 78
32 93 98
22 36 25
64 93 98
46 19 70
50 86 30
25 66 5
34 90 57
6 45 56
37 99 39
63 11 51
34 60 3
88 34 27
53 71 96
10 46 16
79 93 12
5 21 15
22 31 61
38 25 50
48 24 31
51 95 81
76 19 16
68 10 6
90 3 16
8 80 81
36 61 47
50 58 49
68 28 98
60 66 75
3 0 86
55 2 61
36 34 47
13 66 36
95 80 57
70 84 44
92 32 17
2 91 63
55 57 98
64 0 70
93 4 37
80 8 65
21 80 48
60 69 63
94 26 3
89 54 91
56 93 29
56 2 3
58 64 25
0 35 65
11 29 60
49 32 69
89 67 89
53 92 100
21 30 66
92 45 70
95 70 84
27 10 17
92 26 59
56 84 27
80 37 44
75 51 89
91 6 2
9 82 94
89 77 7
90 69 14
45 60 37
42 12 60
18 80 89
94 49 59
71 78 25
63 65 29
19 7 84
24 37 88
46 70 75
96 84 8
9 56 32
34 71 41
76 8 51
31 89 18
10 38 22
1 29 69
75 41 22
19 26 32
92 33 18
14 11 77
57 9 71
83 55 59
87 97 52
4 81 38
93 98 1
63 14 46
0 61 96
86 74 47
2 69 43
10 31 63
46 36 64
82 31 25
39 1 68
8 51 28
64 13 54
62 57 81
93 75 48
11 24 26
90 34 32
3 62 11
6 85 67
21 10 31
58 9 51
29 37 69
84 62 44
4 19 13
51 3 57
11 36 46
72 85 19
18 31 56
96 51 27
12 71 32
36 39 44
19 31 46
3 22 65
96 71 68
36 45 12
46 36 85
52 53 69
94 73 40
66 70 98
82 7 25
18 9 6
64 47 78
39 34 8
25 9 45
91 96 52
67 10 20
10 44 88
1 54 55
48 94 100
4 66 54
55 36 59
46 60 36
75 56 40
33 97 22
10 46 99
82 1 96
