88 50 59
61 85 2
51 19 33
95 43 16
84 85 16
71 29 87
4 99 41
23 87 75
49 58 35
90 52 15
0 41 98
56 54 73
48 76 62
18 56 40
64 10 64
65 66 47
51 84 18
84 12 49
52 95 76
23 18 36
59 5 53
79 54 77
32 7 66
69 90 80
62 28 39
54 57 13
79 80 20
18 19 67
47 24 75
0 10 9
39 96 11
25 63 13
63 26 100
56 2 7
86 15 59
65 23 19
29 49 42
64 12 54
24 29 80
51 5 6
19 48 23
59 78 8
36 3 2
47 94 34
46 37 84
34 29 71
49 62 87
69 60 69
28 81 76
33 76 19
97 78 35
15 0 18
93 25 21
15 22 60
45 82 50
90 84 71
80 99 37
54 99 28
2 13 55
90 15 32
75 85 49
46 98 8
17 53 45
15 92 6
34 25 19
68 12 91
8 39 57
48 67 5
28 80 3
68 60 23
62 42 81
30 67 73
66 89 77
52 36 75
10 96 93
92 21 99
0 17 26
22 53 18
49 65 92
12 98 37
72 43 79
99 46 87
60 24 56
84 13 22
8 44 82
33 6 89
88 63 30
76 63 85
58 83 47
55 37 43
57 84 85
94 20 99
0 5 25
42 10 3
12 97 91
76 25 99
87 54 5
80 7 60
58 80 83
32 97 47
77 98 33
26 75 57
29 81 59
65 58 28
95 30 51
62 80 30
91 54 88
75 51 50
11 73 81
78 94 24
27 53 27
15 6 18
90 8 99
31 50 10
71 2 49
62 21 10
9 70 46
21 18 45
78 56 41
76 6 16
60 98 26
95 61 59
96 25 52
54 36 48
40 57 27
52 19 38
80 7 27
29 5 68
42 93 86
48 1 63
56 45 31
65 48 13
80 36 68
70 62 1
28 45 94
31 55 34
50 96 36
62 68 41
5 49 6
82 50 99
26 61 69
5 77 48
43 42 75
59 21 48
99 45 89
25 29 31
69 58 74
19 79 10
36 90 94
77 40 92
41 97 4
90 42 14
89 35 70
49 38 73
64 83 18
59 8 20
9 86 54
27 67 29
40 29 58
30 61 58
82 95 47
71 18 60
9 91 75
78 66 46
69 65 42
44 37 87
19 87 78
44 31 19
51 59 11
91 35 42
75 72 5
55 5 43
24 87 76
93 26 63
89 35 36
31 47 72
82 7 60
66 33 17
63 12 51
8 60 83
90 4 70
32 42 35
38 22 24
88 46 41
20 90 84
55 95 75
42 8 62
36 73 49
93 94 99
22 23 9
87 23 75
72 58 17
94 84 65
11 72 89
77 85 7
95 60 49
35 22 39
36 77 29
24 20 69
34 78 75
34 2 19
1 54 77
22 4 28
33 44 12
63 12 85
86 24 29
3 22 91
55 31 38
58 44 63
26 84 28
97 49 57
23 38 66
72 27 39
31 62 51
93 33 1
12 55 86
42 33 58
98 67 45
25 64 82
58 92 52
87 78 99
40 57 10
71 58 99
56 52 68
65 93 1
59 87 28
27 44 58
78 70 77
4 66 98
22 57 30
49 59 7
23 61 34
75 10 77
74 78 1
34 19 65
1 33 6
68 51 15
45 59 86
67 51 90
86 13 8
37 46 58
2 14 3
22 28 55
98 61 39
11 43 24
13 51 48
24 86 55
58 90 90
65 83 29
21 73 1
10 66 8
39 82 58
87 57 18
60 51 2
0 43 29
83 47 12
25 15 44
39 33 27
65 37 64
72 22 92
37 95 23
62 81 92
45 28 94
15 0 67
23 81 100
49 72 39
35 83 39
37 43 42
59 66 57
25 38 76
66 75 3
87 95 81
50 15 88
71 77 95
30 14 66
73 53 61
28 24 16
91 70 49
60 6 47
34 85 83
69 73 68
70 0 29
11 47 64
27 83 78
39 32 87
41 85 50
10 92 87
30 95 4
69 13 58
68 32 64
35 88 97
93 94 88
95 51 61
52 42 11
18 48 35
40 14 91
12 87 16
69 6 71
79 18 97
24 51 77
22 51 2
30 27 49
34 80 40
59 76 99
54 37 24
59 76 83
69 85 50
49 68 44
66 90 8
84 98 81
41 38 85
64 97 69
42 18 93
60 23 16
82 74 64
28 99 26
31 39 84
83 36 73
32 6 85
21 35 7
72 22 44
14 29 82
98 70 75
95 56 92
32 13 6
62 85 47
74 24 37
65 67 69
10 19 21
41 85 32
24 43 65
2 79 45
39 54 29
82 46 63
33 88 23
37 7 22
57 68 68
74 27 55
19 78 30
43 11 95
33 0 21
47 96 48
14 44 49
91 70 2
91 88 80
92 17 10
11 56 67
38 34 9
19 36 51
68 79 17
86 31 60
17 52 4
80 66 68
2 13 29
14 53 64
56 63 85
33 46 29
5 17 92
64 99 83
29 52 64
64 69 81
13 56 69
34 18 8
3 81 79
66 35 10
44 51 18
94 93 30
8 20 61
32 5 58
22 88 58
81 62 32
30 48 2
91 29 90
96 45 50
91 42 28
57 42 31
41 8 100
6 33 39
56 5 17
52 59 53
89 45 15
79 5 60
21 44 18
45 83 90
73 7 55
78 1 49
59 71 15
37 99 21
82 26 62
88 29 54
76 75 38
44 20 59
85 36 43
86 70 86
1 21 31
65 28 67
23 40 53
49 13 64
38 78 13
80 84 72
45 34 99
69 26 87
26 36 90
97 91 15
62 18 91
57 86 81
55 74 82
61 10 88
7 30 73
62 55 17
64 24 57
84 96 1
94 87 42
15 61 53
66 30 50
6 34 17
35 95 85
38 63 4
29 61 92
72 57 95
80 17 43
2 51 79
34 65 33
99 75 26
87 68 15
76 68 67
38 86 34
87 95 58
46 26 68
52 2 95
88 59 54
29 20 26
98 85 32
12 72 43
28 54 49
99 95 77
62 19 30
16 85 41
80 96 89
94 50 72
4 11 84
1 16 28
77 54 82
24 61 25
54 72 23
4 75 34
60 80 35
91 71 37
47 93 32
11 99 40
74 54 21
4 32 84
24 7 24
8 59 73
90 3 35
77 28 46
74 72 28
6 62 77
17 76 60
90 36 83
98 74 51
74 15 29
9 62 2
33 42 40
5 40 76
83 61 82
99 72 7
61 46 1
13 85 84
56 40 34
34 53 50
5 54 50
13 33 61
99 63 39
50 43 71
66 48 30
25 20 74
62 35 83
30 96 17
17 95 15
51 79 32
91 92 30
27 10 86
3 82 68
98 68 89
77 95 87
45 8 17
47 42 38
68 71 88
86 73 67
3 28 80
18 53 18
87 6 61
18 28 100
35 93 28
8 96 13
84 57 79
18 33 97
48 35 3
99 81 49
2 82 100
61 81 79
38 75 20
65 42 75
86 16 64
16 4 47
4 53 66
58 59 22
20 84 99
24 63 81
16 33 88
18 94 58
54 56 38
59 0 97
27 26 52
66 55 12
38 31 79
41 6 13
70 69 9
65 26 28
94 20 84
76 96 93
98 91 28
56 58 87
36 14 46
25 80 53
11 43 45
74 1 10
33 76 50
9 34 36
47 43 50
89 81 63
33 38 30
38 4 12
99 14 7
49 70 28
54 1 29
28 25 8
13 56 39
77 93 91
3 72 7
28 67 64
90 60 50
31 79 71
2 15 13
83 64 85
16 35 38
24 17 48
99 94 84
15 14 51
28 18 45
27 11 74
61 85 94
36 2 37
33 49 86
9 37 4
35 27 55
78 87 60
71 22 32
41 97 7
64 54 93
44 23 49
3 7 19
97 92 21
23 16 38
41 67 37
57 67 49
31 92 37
9 16 24
79 10 12
97 96 69
98 82 69
10 36 98
85 91 74
21 62 45
39 86 48
11 74 31
4 97 73
51 4 62
93 90 17
10 89 24
26 47 27
66 34 4
86 17 73
96 10 25
20 81 31
41 94 80
14 10 18
48 21 11
35 79 97
79 35 14
9 37 17
53 99 36
86 44 67
96 88 45
61 51 14
2 0 9
47 3 56
62 46 5
18 73 38
46 38 18
99 81 72
65 45 14
11 70 90
84 21 78
76 43 13
28 53 24
30 14 51
96 99 54
83 84 44
52 65 8
83 87 46
15 73 67
86 12 3
36 81 91
31 68 30
34 40 14
24 76 52
99 62 75
4 93 53
58 29 1
80 1 68
10 59 61
50 13 44
78 38 51
92 0 27
37 19 74
33 43 4
57 96 24
84 76 52
60 77 86
32 88 74
93 78 59
39 87 52
8 88 86
38 83 38
64 76 42
45 71 47
57 1 51
7 19 97
54 57 100
47 68 40
68 34 36
48 70 84
75 42 62
11 84 7
73 28 57
21 15 53
37 25 39
37 75 96
74 5 3
8 42 93
61 34 78
20 17 62
24 89 75
95 79 30
97 26 55
47 76 64
40 94 66
53 93 21
57 49 69
45 33 18
22 79 7
81 26 11
24 66 73
14 81 72
90 60 86
84 89 98
93 5 9
78 41 24
24 93 24
74 41 94
56 99 13
34 50 20
98 24 52
81 92 58
44 36 94
50 76 20
75 90 30
66 45 8
11 8 32
54 69 100
79 82 85
5 66 54
82 72 58
27 60 65
62 70 38
38 52 76
99 65 3
57 83 94
39 74 2
99 32 17
82 52 16
31 71 96
69 34 32
90 6 89
32 73 37
53 95 82
30 2 31
44 0 97
28 90 42
6 60 19
21 41 15
47 57 58
72 65 12
76 44 89
59 7 93
38 68 58
50 70 69
35 6 14
56 50 76
46 60 13
1 63 65
90 38 39
48 32 71
70 66 52
38 18 94
79 34 53
13 88 8
20 70 44
41 88 95
51 28 77
88 39 3
79 51 73
13 24 2
6 47 84
29 11 37
32 23 98
39 71 76
41 1 40
55 94 92
81 99 4
60 52 69
13 52 63
53 45 92
73 99 87
25 1 16
8 18 92
59 48 24
91 94 81
97 32 45
59 46 92
17 14 99
10 9 95
55 51 23
22 17 63
56 6 98
73 59 83
69 66 75
28 34 88
62 25 55
29 87 90
79 42 13
11 83 12
23 22 32
11 80 56
10 61 23
87 42 35
89 49 67
15 63 72
24 43 89
25 88 70
97 32 10
5 33 67
6 9 57
87 50 75
5 79 78
77 91 1
38 25 58
0 29 20
46 16 39
22 93 90
13 69 71
2 33 43
13 51 17
28 20 42
32 41 72
35 84 15
73 33 52
61 86 21
85 70 33
24 33 55
0 2 43
44 53 33
23 33 21
87 59 41
51 3 46
83 28 68
25 21 76
49 95 98
4 53 70
63 46 83
49 42 46
41 77 4
19 31 15
18 99 70
5 96 31
15 48 77
86 2 55
46 5 8
58 24 100
10 22 68
51 83 2
76 40 14
5 22 100
57 31 23
28 14 54
21 81 100
59 80 12
64 67 57
84 35 55
72 40 12
35 26 78
52 34 73
49 55 24
45 94 32
30 11 17
13 99 99
51 64 65
11 13 43
98 88 9
36 25 82
65 1 29
83 8 4
92 52 13
50 6 16
35 57 36
67 99 47
56 96 58
18 47 66
90 95 98
9 64 33
80 17 24
83 29 72
97 45 71
18 53 91
70 93 24
19 73 86
69 18 28
35 54 18
26 55 65
96 71 5
5 17 28
65 78 27
87 94 12
6 70 1
28 48 44
94 82 34
58 33 80
76 80 32
90 33 80
92 94 61
85 61 83
73 38 75
75 57 30
12 15 23
34 24 14
99 70 64
35 47 33
47 91 86
32 79 76
10 47 9
60 39 31
3 20 91
40 99 97
56 51 12
57 45 48
81 37 52
21 80 31
72 3 93
34 56 23
32 14 29
82 67 74
82 34 69
62 1 75
72 95 41
65 58 13
91 53 72
34 21 100
96 12 35
77 34 54
85 2 10
42 59 5
77 15 1
9 57 55
56 65 31
68 16 60
89 43 92
62 69 30
85 5 90
31 96 4
90 21 85
83 97 47
60 10 62
66 28 22
64 65 55
70 58 1
63 3 100
67 11 60
67 74 46
72 68 78
34 58 80
60 17 31
47 95 53
75 11 16
85 34 45
66 32 93
32 65 27
34 42 42
39 96 55
52 18 85
18 54 74
83 22 37
44 82 78
60 54 79
69 75 96
12 81 10
1 33 55
67 2 92
35 54 85
83 27 24
64 43 51
43 49 7
29 43 98
98 42 99
50 69 84
59 23 38
86 33 43
11 58 26
86 23 27
7 86 24
75 96 57
57 53 21
92 87 75
93 5 47
67 42 79
95 24 11
55 3 12
84 71 58
63 51 27
78 46 35
68 0 21
7 5 17
6 13 1
75 79 2
90 0 93
62 8 53
34 41 99
71 85 93
96 3 77
29 78 72
44 48 20
70 68 48
11 82 59
98 80 20
23 86 87
12 47 22
49 96 16
16 64 25
11 8 58
63 28 84
27 63 22
83 26 78
20 30 25
68 47 63
40 89 69
93 61 36
61 37 13
98 56 94
55 23 60
12 88 15
40 56 34
44 61 33
70 1 16
15 37 78
12 64 83
3 35 98
32 59 25
4 55 6
73 2 89
94 21 45
82 91 81
5 43 80
76 38 73
14 71 26
70 76 54
59 14 53
65 96 53
25 27 58
85 19 50
82 10 3
1 24 98
89 72 44
19 79 66
88 3 47
68 64 12
62 69 29
53 39 93
58 77 96
16 50 79
13 1 67
82 15 96
44 28 65
97 81 94
8 30 44
75 88 92
40 31 51
26 11 46
38 63 54
70 5 51
37 46 92
96 48 1
59 63 84
19 74 88
6 67 74
47 72 44
79 38 76
53 6 57
84 64 69
91 88 91
92 67 62
77 55 3
15 90 82
10 14 77
99 53 15
59 88 65
54 25 58
73 22 36
38 94 89
69 71 40
15 31 76
75 83 72
93 96 33
36 81 50
69 38 30
40 81 34
49 73 79
81 84 19
86 75 91
3 95 14
16 21 67
19 84 96
85 54 11
68 42 28
94 12 82
33 63 68
70 81 18
8 18 68
41 39 34
53 74 74
92 80 43
46 19 30
9 29 37
15 4 100
6 82 47
36 37 71
94 57 99
56 27 29
98 94 27
47 99 39
61 3 55
95 49 32
70 31 71
61 26 44
91 61 11
75 69 41
34 21 51
12 5 72
43 47 61
94 71 10
14 66 79
49 19 24
6 96 42
98 25 37
73 22 58
36 27 55
79 0 97
52 81 2
37 95 88
75 36 87
84 75 5
46 86 93
83 3 62
18 88 3
40 67 40
73 55 74
8 64 50
0 27 57
74 77 19
11 69 70
34 25 28
65 93 67
75 38 83
92 87 37
54 71 90
52 9 4
60 32 34
47 62 61
3 37 79
31 46 15
35 47 11
40 15 47
76 25 71
62 36 37
43 76 72
12 49 77
48 85 29
17 31 73
28 33 17
85 19 77
78 56 63
71 16 14
52 43 27
65 11 13
53 79 30
24 60 100
40 60 27
2 12 80
54 95 90
17 50 95
40 52 34
84 97 72
96 51 76
32 38 69
1 24 62
51 2 41
29 10 91
3 29 92
38 91 58
92 66 31
41 72 6
54 8 25
58 57 27
11 75 53
9 32 51
18 60 60
41 97 22
59 34 34
79 31 41
40 36 36
94 39 2
10 74 93
2 34 100
80 22 45
92 68 71
55 8 16
94 40 63
15 8 85
1 18 55
18 10 77
16 87 40
48 59 33
84 63 50
11 89 29
24 79 35
47 58 55
12 5 92
16 45 35
87 86 68
58 12 34
94 92 98
54 7 2
45 15 7
10 65 89
32 54 77
63 10 27
77 89 87
26 72 28
11 65 27
18 52 63
71 7 71
27 98 87
91 82 53
34 52 44
15 55 33
56 82 61
47 49 99
12 69 70
39 0 92
85 44 23
48 92 23
13 61 12
20 33 52
88 36 71
75 2 67
37 40 1
78 3 63
99 69 88
22 42 78
59 69 66
18 71 71
38 12 23
24 65 51
33 91 95
34 14 51
73 31 39
14 61 6
99 77 47
91 34 62
81 23 13
66 47 56
12 47 32
87 74 39
84 29 20
10 95 89
62 13 91
2 1 57
27 13 34
34 91 13
84 58 96
15 33 70
28 96 12
87 59 51
22 15 62
12 19 6
97 32 16
13 69 11
80 54 35
67 84 9
77 91 52
77 22 59
11 34 28
88 87 35
90 61 30
7 24 13
37 56 64
76 20 37
52 28 71
14 94 76
0 12 91
32 97 74
72 53 65
81 82 29
67 47 97
64 0 32
33 52 10
91 78 58
21 48 77
59 10 31
56 22 51
0 83 21
32 83 73
6 7 88
46 40 78
11 86 83
10 45 8
77 99 3
8 4 88
89 32 8
46 15 15
26 21 27
35 43 15
27 98 60
81 87 11
14 39 35
19 41 24
52 10 63
83 36 96
35 66 50
30 42 97
49 2 58
82 86 96
76 48 90
22 93 38
63 81 72
76 51 77
0 29 17
40 37 39
22 96 58
2 99 38
1 56 80
65 24 71
99 76 23
72 76 14
71 69 58
43 31 2
10 11 49
14 71 20
0 68 73
81 52 60
15 54 27
35 61 28
99 96 67
94 96 43
45 74 25
4 19 53
16 72 41
62 72 3
99 10 83
14 80 81
19 77 82
21 61 29
28 12 57
67 89 72
26 69 32
39 8 66
54 41 23
66 29 18
47 93 11
13 69 36
35 12 28
2 70 19
71 33 86
94 90 41
40 30 89
74 28 16
13 93 31
42 33 84
13 56 50
67 34 59
70 8 71
96 80 61
98 79 72
62 58 56
98 21 63
44 54 73
35 73 11
30 43 11
33 71 14
79 93 60
86 25 42
70 50 34
79 12 68
95 9 82
22 19 97
96 84 45
73 68 80
92 82 97
6 1 54
80 70 13
82 15 12
63 34 78
21 78 54
21 88 7
68 65 51
53 56 39
7 93 72
23 24 50
60 69 2
27 11 51
41 53 4
88 21 31
83 33 6
4 60 69
30 84 98
26 45 26
74 59 86
54 95 78
36 80 46
32 12 7
19 43 94
81 66 47
19 10 72
81 41 75
11 30 11
24 37 29
57 91 82
88 93 37
53 92 71
38 44 92
10 97 7
15 12 29
5 91 15
25 27 90
3 88 76
23 39 92
59 91 97
13 29 2
63 53 77
58 52 19
9 58 45
34 39 71
39 63 25
5 57 55
3 18 55
51 30 4
26 94 63
72 5 94
66 93 61
18 69 47
49 57 97
43 1 36
56 69 75
46 9 61
93 9 68
2 98 31
70 25 80
79 9 38
44 35 98
89 20 60
53 36 70
14 98 89
22 5 56
31 86 48
34 46 66
69 90 4
67 22 75
42 77 20
73 36 50
38 89 38
2 56 66
64 72 74
45 77 19
0 97 13
21 96 95
4 10 65
22 88 26
58 63 62
37 94 7
0 91 35
38 64 79
13 56 52
98 51 69
0 74 41
5 16 81
73 37 54
87 28 6
64 72 11
32 35 19
48 20 50
72 76 22
91 10 67
85 75 84
27 84 39
21 69 26
63 24 90
12 51 82
50 24 31
76 95 98
36 57 46
94 67 48
27 44 50
71 51 16
66 71 63
75 54 81
67 99 14
47 64 11
67 84 35
94 3 30
81 66 24
93 69 46
87 60 20
97 47 17
51 67 100
18 99 37
42 39 18
76 91 48
47 77 60
20 37 65
95 74 57
25 26 88
77 47 48
5 52 14
30 64 62
42 4 59
43 91 34
17 12 8
90 65 21
8 90 57
95 90 47
88 2 15
18 41 31
13 84 10
95 63 85
20 95 22
8 81 22
74 2 80
55 45 36
3 41 99
82 77 68
18 67 49
78 63 82
75 56 40
93 32 57
75 49 66
70 77 29
44 15 92
99 36 71
53 44 27
79 3 75
59 97 56
94 98 93
69 29 51
56 40 25
14 77 67
41 61 33
33 51 44
22 84 62
4 32 2
92 41 92
48 88 45
15 46 78
41 92 6
51 89 70
99 87 83
97 51 94
17 11 32
44 99 70
72 77 44
41 56 61
18 65 23
7 97 83
17 89 65
4 94 93
45 95 65
16 39 75
82 25 45
5 36 32
50 90 1
37 45 71
96 83 32
81 96 22
78 0 6
1 28 99
89 24 66
35 27 23
81 25 33
97 37 14
8 85 76
6 31 67
18 89 88
49 75 63
55 76 44
86 54 75
55 30 87
3 95 45
97 14 33
81 44 74
87 39 69
21 90 81
94 36 50
32 23 56
71 33 91
13 12 6
1 35 36
98 67 58
93 1 89
99 57 25
79 37 76
23 26 69
75 22 29
91 95 75
7 1 47
97 38 50
0 48 1
64 51 17
3 62 73
12 73 15
35 55 10
76 77 79
87 73 40
17 26 23
60 43 88
62 12 92
46 10 50
51 12 19
8 84 49
54 0 50
44 22 75
41 85 57
52 74 61
97 1 57
31 47 9
71 6 27
21 43 12
41 89 79
54 56 98
60 75 37
36 78 59
11 82 100
31 83 11
57 11 43
6 37 73
73 86 48
82 97 3
12 52 51
44 5 97
67 2 63
95 18 63
92 9 47
72 41 90
15 41 31
70 67 65
13 4 88
11 21 55
64 93 96
66 81 29
85 92 39
47 6 5
50 12 13
10 78 20
82 40 27
34 73 64
33 77 24
4 31 12
79 30 44
93 36 9
17 11 41
24 29 37
65 92 87
83 49 7
96 23 48
54 97 66
98 16 91
37 69 48
19 58 33
26 21 60
27 51 33
46 40 11
85 30 80
40 52 15
31 11 56
5 80 24
72 57 78
31 98 43
12 98 37
36 4 75
82 45 8
87 97 22
20 12 58
16 28 20
73 27 7
7 83 57
21 58 88
71 91 23
28 22 24
97 50 33
35 62 95
98 40 40
39 44 25
60 62 72
43 54 82
96 42 25
13 40 70
64 18 16
82 87 53
56 63 36
61 19 10
42 15 19
12 15 88
34 88 78
91 58 74
92 68 75
11 8 54
81 76 1
1 45 17
96 27 93
96 93 18
61 23 35
98 93 86
0 22 26
9 10 25
25 50 91
58 49 75
17 21 9
28 11 65
61 68 33
0 39 94
22 10 47
15 74 98
8 83 55
94 83 82
89 90 33
97 59 52
72 29 90
31 88 88
9 38 11
70 31 1
32 31 15
56 21 40
30 59 51
44 60 93
36 42 10
4 79 96
21 19 82
98 2 80
21 33 94
89 97 7
24 78 28
62 38 83
36 98 51
93 48 71
47 20 19
31 10 96
71 91 69
21 74 45
74 36 8
28 19 48
70 45 54
70 89 34
62 10 30
28 86 11
36 77 43
82 75 45
23 34 68
22 9 36
80 32 61
54 87 70
52 94 46
65 9 54
32 33 26
98 40 78
95 26 73
95 42 75
77 61 19
49 36 5
40 43 16
88 63 7
16 3 20
84 82 49
88 74 63
42 16 25
15 54 8
26 68 31
42 31 54
22 57 37
65 8 87
30 85 26
51 83 97
46 10 9
93 74 90
27 91 43
82 76 58
87 57 59
62 55 88
90 20 72
21 45 85
61 41 67
36 65 90
82 13 99
16 92 84
51 17 94
52 65 90
76 63 77
32 48 57
85 79 42
97 34 36
22 36 39
47 44 88
73 39 99
49 58 63
45 42 77
74 24 55
65 48 39
32 70 2
96 10 1
39 35 57
7 20 11
77 70 2
93 3 87
58 6 60
56 18 82
13 2 94
75 74 11
1 95 89
40 45 15
24 65 48
61 68 14
70 73 96
89 60 32
80 5 98
58 79 39
35 6 20
68 39 12
47 4 59
39 96 62
73 13 40
57 87 36
69 22 89
75 63 40
11 22 77
77 74 79
6 32 91
74 68 56
54 48 52
31 69 99
13 89 13
94 39 91
94 85 68
77 6 84
40 83 36
70 22 8
68 49 28
57 35 29
52 29 93
33 46 92
47 41 14
61 98 94
47 13 43
76 58 84
49 27 96
7 48 9
90 82 76
36 67 56
14 4 77
58 69 44
69 55 21
34 70 81
88 41 56
70 13 27
94 31 49
40 55 83
74 83 93
22 8 79
57 52 4
82 46 13
3 41 9
5 44 64
82 98 65
63 28 58
92 41 68
78 55 82
41 87 26
95 40 61
42 84 67
6 25 15
31 70 33
49 54 36
38 35 64
48 20 15
82 1 84
16 53 23
75 32 53
47 64 57
18 99 10
94 61 92
1 77 4
25 59 33
7 2 12
98 7 91
32 59 61
84 25 32
49 18 60
97 61 52
24 98 19
55 37 17
71 36 4
97 34 68
21 37 46
27 91 10
44 86 3
62 66 34
19 10 90
59 83 15
27 89 2
77 96 18
95 65 32
61 63 85
25 72 37
2 13 41
82 10 66
35 20 88
50 7 87
45 94 37
11 1 68
66 75 3
77 9 15
58 82 31
20 57 95
75 94 73
89 86 49
95 61 19
21 25 2
0 11 74
8 2 61
14 33 71
73 75 100
90 87 59
48 55 41
72 54 57
3 87 90
33 32 39
70 77 43
89 98 99
85 57 65
0 36 44
56 41 41
98 99 89
32 94 21
71 57 34
41 80 26
10 0 18
67 25 8
88 34 27
98 58 45
80 58 47
14 52 36
92 34 22
11 31 99
18 32 84
65 20 47
46 3 11
37 83 24
73 65 94
64 20 73
56 93 10
55 43 91
64 17 12
45 24 44
97 19 34
24 74 14
50 17 43
9 7 62
61 40 64
7 6 10
48 85 65
80 44 30
36 6 88
67 54 17
83 33 66
39 33 71
2 54 6
19 83 8
2 73 70
97 83 14
8 20 7
69 1 52
72 31 80
3 30 98
61 52 59
31 15 6
78 11 93
93 26 67
9 13 38
55 20 11
55 61 1
79 58 35
53 28 65
37 0 94
43 52 35
6 92 8
26 22 7
44 20 49
74 84 92
10 62 41
19 59 68
14 94 35
0 74 91
69 16 25
5 14 60
88 15 48
14 73 81
17 62 77
66 53 5
64 22 99
91 60 50
4 1 78
81 42 36
30 71 5
41 7 89
31 83 98
66 53 11
95 13 15
98 86 87
54 81 40
10 82 30
51 34 30
92 72 75
91 21 15
91 23 63
10 9 48
53 62 23
70 60 52
67 47 71
21 17 86
55 12 56
10 8 21
70 54 42
22 65 49
0 38 65
92 16 46
17 67 31
76 0 41
47 36 33
62 22 19
1 16 98
79 0 18
28 68 94
87 54 92
94 9 31
73 30 43
90 9 17
26 30 92
94 25 60
99 81 88
86 53 33
18 36 61
89 59 46
63 20 45
87 35 93
87 17 98
3 52 65
85 86 38
33 7 51
71 64 7
13 55 55
98 17 99
23 44 5
1 11 78
13 97 20
19 99 87
62 80 54
12 51 30
58 75 52
68 54 17
16 27 46
5 57 37
20 62 40
10 79 4
66 17 91
50 82 27
93 37 14
59 10 70
70 62 22
14 7 2
32 23 73
73 85 55
81 60 66
85 74 79
15 0 26
88 26 44
65 49 73
41 22 98
32 54 3
23 10 27
91 83 64
71 34 42
8 17 41
90 65 16
63 4 24
89 30 83
77 28 80
22 92 66
61 39 63
97 2 45
99 36 2
66 59 19
9 50 64
75 28 75
34 35 32
77 12 6
31 95 49
29 92 84
86 81 95
42 60 18
42 49 42
0 87 51
25 67 3
12 5 77
35 99 99
67 53 17
54 57 99
31 53 19
81 64 23
43 61 1
47 50 76
95 67 30
67 82 48
57 4 28
52 31 79
7 40 11
62 29 93
48 97 46
93 36 50
71 64 74
61 5 34
16 80 10
15 43 39
68 91 67
23 0 43
20 65 93
24 96 90
73 35 56
57 2 86
13 53 63
75 91 49
7 92 56
58 15 87
59 88 67
27 21 49
14 95 97
72 19 23
61 38 4
90 13 47
22 28 99
64 36 13
78 84 37
6 7 33
41 67 30
18 77 2
26 23 6
32 47 32
27 93 47
3 27 24
92 21 91
36 27 74
55 5 100
89 49 73
95 36 36
88 33 37
93 13 75
78 53 25
54 98 82
8 80 95
84 36 16
3 87 42
96 46 96
57 51 87
12 6 82
15 34 22
52 85 6
97 3 20
58 88 66
54 74 75
69 98 58
73 39 72
72 86 87
86 5 22
13 31 45
33 89 92
24 87 67
50 70 97
54 66 43
30 3 25
17 75 17
85 84 95
36 42 68
28 39 62
8 74 38
83 95 26
84 10 5
99 19 5
21 17 27
55 30 44
6 60 83
39 53 28
6 58 34
48 2 94
7 8 83
32 3 100
31 22 14
74 18 77
58 35 53
64 99 33
26 86 93
85 25 91
33 42 19
61 64 77
16 67 51
77 64 35
15 39 95
76 13 43
76 95 38
46 93 42
98 59 18
88 86 62
58 60 40
76 14 29
31 92 37
28 61 43
5 65 94
67 26 44
62 91 41
63 34 59
95 44 35
15 80 89
53 6 71
85 64 85
3 95 45
78 97 91
35 11 48
0 96 43
58 83 92
4 23 46
42 47 32
46 24 82
94 87 88
37 39 11
75 87 86
13 93 76
16 40 34
94 11 80
30 2 92
81 77 54
56 8 63
37 63 54
83 0 65
69 57 2
51 29 25
95 87 12
99 31 15
37 90 50
24 59 27
13 7 56
51 74 89
9 64 77
20 86 12
4 94 26
31 76 54
23 32 75
66 8 75
9 60 100
99 67 33
16 19 33
75 90 87
32 55 33
13 19 12
9 1 70
60 79 58
32 53 50
14 83 14
29 78 56
37 5 64
25 72 82
86 46 65
75 1 79
72 36 10
36 59 35
60 36 66
88 26 99
35 13 44
39 81 42
83 3 94
94 14 51
11 71 100
49 81 85
48 44 65
61 83 82
56 29 46
96 9 48
92 70 41
48 34 66
26 41 30
14 8 61
85 38 16
85 19 52
46 60 79
95 56 74
50 82 12
91 25 63
78 86 25
18 91 45
57 88 77
95 99 11
6 71 90
69 76 13
45 43 39
24 29 1
61 34 82
81 18 39
59 90 23
7 31 20
88 64 48
14 79 4
68 43 5
93 48 29
32 11 32
72 62 90
8 16 40
49 40 71
39 43 64
34 13 90
16 74 18
38 20 26
45 43 56
32 38 71
97 37 89
47 56 59
16 86 56
14 99 25
76 79 20
45 12 22
55 26 76
75 84 43
83 44 4
21 45 64
19 82 28
0 24 79
77 75 27
11 83 73
44 61 86
58 56 98
94 28 72
27 84 67
95 62 45
0 97 100
10 50 98
82 51 1
93 31 16
29 46 66
75 12 63
85 7 39
96 30 91
15 26 45
62 3 77
35 88 74
98 90 34
20 63 22
83 54 67
41 39 40
42 71 60
18 7 54
22 15 46
44 75 54
63 45 40
83 45 68
97 74 91
90 76 90
17 56 27
10 28 15
60 89 17
54 47 28
96 39 38
1 56 97
33 63 48
94 17 61
32 85 58
64 26 44
61 98 80
14 24 96
87 80 38
35 59 66
28 91 25
36 29 78
18 29 61
61 49 64
29 60 80
74 24 56
66 65 98
45 9 69
69 98 19
69 81 19
30 0 38
14 85 20
62 85 59
24 21 55
18 0 15
34 53 54
24 62 18
0 24 77
71 96 67
55 34 76
1 32 88
32 94 24
51 62 60
51 19 45
99 95 98
80 74 79
89 27 96
66 79 69
57 21 54
85 58 62
50 3 42
71 77 5
96 47 72
88 74 15
51 37 39
92 91 62
83 68 50
91 41 48
86 61 94
42 88 73
22 53 59
45 76 7
79 69 91
85 20 54
97 74 45
44 43 29
60 81 15
25 52 58
68 35 43
64 26 31
91 0 56
48 41 49
45 63 87
40 91 20
80 1 8
64 56 69
32 19 47
46 47 19
62 6 83
88 45 59
86 24 87
74 34 94
66 75 33
4 39 39
82 64 75
1 41 11
30 7 1
68 18 82
12 47 78
2 93 94
28 87 53
34 40 65
3 32 59
62 23 3
93 9 26
6 80 88
45 78 6
80 83 85
94 57 56
54 90 89
32 82 25
66 90 25
33 8 47
66 28 49
11 9 56
36 2 6
64 9 42
47 74 14
26 79 39
15 60 82
74 97 49
89 41 57
90 39 95
4 14 51
87 79 11
73 66 64
34 46 60
60 79 24
20 68 62
20 38 20
83 35 50
68 1 98
72 89 43
21 50 96
92 42 30
33 42 79
69 47 49
53 25 45
62 1 32
73 55 40
34 13 90
84 66 34
78 56 44
85 81 72
53 21 69
66 76 20
58 96 50
83 5 26
66 45 67
37 0 43
17 78 75
44 64 29
41 32 17
18 26 89
11 6 17
95 97 68
65 37 27
3 84 4
17 75 67
90 95 48
46 49 63
26 61 23
38 3 67
90 87 21
39 41 14
12 27 9
56 76 18
87 22 100
93 71 61
94 41 45
70 39 82
49 72 62
61 93 3
85 58 51
90 93 14
49 21 32
8 80 37
86 8 52
80 69 21
49 63 91
27 69 62
82 24 68
97 53 21
78 37 53
22 6 89
44 37 98
73 84 91
69 37 26
27 78 92
81 8 74
83 35 3
5 61 98
13 15 29
12 84 76
46 37 88
79 35 30
8 80 71
10 66 65
17 54 85
1 88 91
31 29 43
91 28 72
56 57 42
10 91 17
70 18 10
8 32 56
63 58 51
30 14 22
