49 59 26
65 21 77
84 64 31
77 98 56
78 69 13
22 64 4
18 40 4
13 98 70
98 45 44
75 51 80
77 87 92
67 68 71
43 87 87
66 41 62
97 8 85
39 10 56
13 96 36
46 95 19
60 40 57
86 15 34
99 56 86
34 13 10
29 58 28
0 24 92
5 60 96
32 95 13
22 69 62
56 73 6
12 28 50
61 28 28
64 53 26
18 40 88
85 69 86
74 75 89
48 6 22
20 32 9
60 43 28
70 56 16
61 42 87
20 59 36
26 46 72
87 50 71
32 5 91
22 99 8
4 16 94
80 90 25
41 21 21
55 10 78
0 9 55
8 48 51
71 24 10
1 43 56
87 77 40
58 30 35
80 35 85
36 49 96
85 19 18
65 67 21
38 66 5
91 20 67
34 78 13
77 26 38
41 73 54
0 76 45
11 76 85
25 70 26
64 58 28
10 54 30
13 10 51
86 39 83
71 65 78
77 6 86
23 99 6
4 44 60
43 30 10
80 19 42
74 31 88
95 72 65
22 28 11
2 50 32
94 36 96
56 16 40
71 79 33
34 11 61
41 66 7
35 62 7
37 80 10
62 58 26
4 8 32
51 19 25
95 85 42
99 61 36
15 3 78
1 95 95
59 62 35
88 63 53
28 6 47
81 38 18
88 23 43
72 87 66
75 96 90
74 64 79
35 99 47
86 52 42
74 27 18
13 54 79
66 44 46
42 33 98
13 49 55
87 15 93
54 26 62
47 1 67
69 50 93
42 16 6
41 70 10
85 18 23
51 76 100
26 45 27
59 82 87
54 47 36
30 20 48
25 16 38
73 17 89
38 96 7
48 67 64
79 76 24
28 20 89
64 92 71
12 48 44
34 39 36
64 98 36
57 43 28
28 9 13
79 23 68
85 91 56
79 12 82
77 39 8
51 9 4
25 71 18
93 30 89
65 19 39
28 24 39
26 60 47
40 32 34
31 86 4
99 1 53
0 51 27
93 36 96
38 57 39
63 8 15
23 56 24
15 45 97
67 90 70
89 10 85
19 38 48
77 13 45
61 87 20
30 5 22
94 65 51
1 42 37
49 85 20
39 38 83
81 83 15
19 84 97
39 73 28
80 18 30
75 77 57
96 45 19
41 20 11
4 90 100
39 31 14
95 57 61
46 61 98
25 4 13
6 79 48
67 17 94
18 39 43
31 22 51
45 95 75
32 59 37
29 8 9
11 66 94
29 95 16
43 79 7
18 21 32
46 91 25
13 98 47
5 81 29
42 26 2
89 33 75
25 17 1
96 16 3
54 17 69
48 16 94
78 25 95
77 27 20
90 11 68
51 15 58
13 10 62
23 91 40
76 55 2
16 59 23
60 10 81
29 98 97
21 71 46
99 41 67
67 12 15
82 75 92
67 97 82
73 67 30
89 10 46
65 2 65
85 86 54
64 80 84
65 22 53
4 17 49
56 3 12
64 68 42
53 83 81
11 85 80
7 14 34
86 33 94
33 7 63
53 47 47
61 59 15
91 48 96
52 38 21
22 60 92
45 68 81
49 69 3
78 22 64
96 67 90
0 45 33
9 63 42
77 46 74
0 57 56
16 89 100
67 29 45
42 60 62
30 88 6
49 59 94
0 50 80
8 33 93
18 72 71
68 49 81
41 37 40
29 43 28
96 68 24
14 38 69
79 42 94
67 27 10
1 29 69
91 8 8
11 79 46
53 31 75
25 89 82
19 16 69
16 38 1
28 62 12
99 22 28
32 3 8
68 79 60
89 43 83
8 74 46
79 53 92
48 4 86
60 36 10
40 62 35
41 49 84
53 96 28
38 29 59
62 66 86
90 65 66
20 25 80
57 1 87
11 35 69
40 80 70
81 46 47
13 48 40
47 41 96
13 71 51
81 1 100
65 43 38
20 33 30
59 92 11
85 62 15
84 92 67
96 83 5
81 58 60
19 89 3
69 63 23
86 25 19
80 50 1
44 30 96
29 7 87
45 91 80
41 90 63
64 3 93
55 49 57
29 31 32
30 13 22
99 31 66
19 29 4
27 66 67
60 99 79
69 70 82
29 26 99
80 22 100
66 95 94
17 2 4
22 31 24
10 11 31
92 75 50
98 52 79
97 52 80
31 87 26
12 75 61
90 32 68
14 78 89
86 61 87
3 86 16
68 19 56
7 37 95
20 66 61
32 19 8
62 75 88
73 96 53
81 68 77
9 60 86
85 69 31
91 22 92
29 54 11
3 82 8
74 7 62
78 92 39
2 61 46
63 12 83
29 13 90
29 10 37
22 36 28
80 45 91
36 49 66
83 52 11
93 1 39
28 70 63
34 51 15
46 91 42
98 0 19
83 8 79
6 69 83
29 17 46
32 59 77
3 76 16
7 13 54
15 98 86
69 49 78
14 9 57
30 88 84
47 12 40
98 92 63
71 99 28
7 85 24
30 98 13
34 29 96
87 46 24
13 79 81
51 26 90
77 45 53
28 49 18
38 37 20
47 60 5
97 94 45
32 58 3
35 40 90
1 47 94
60 13 24
44 99 25
60 96 88
38 67 10
64 76 11
60 51 39
0 55 86
38 5 10
21 33 14
55 51 8
28 42 8
71 20 46
57 5 97
84 64 12
51 27 28
59 45 90
70 71 65
64 42 5
13 73 52
57 18 82
32 12 55
27 47 92
45 39 55
97 74 13
50 20 15
66 98 59
22 19 89
28 49 76
8 47 91
83 30 88
49 94 96
67 96 81
64 26 9
28 91 33
62 1 7
8 73 95
2 6 3
47 16 91
52 40 65
35 78 41
68 39 27
62 24 17
27 0 54
24 99 23
35 18 80
59 24 73
89 19 43
90 85 21
72 93 25
11 42 70
57 67 40
25 45 83
48 60 88
15 88 82
57 43 39
68 38 50
96 84 45
50 54 19
66 39 20
88 48 61
8 56 29
1 9 33
22 4 32
94 7 7
3 40 87
53 37 26
46 31 51
76 52 14
27 63 59
27 12 86
78 47 29
48 43 2
51 65 39
73 99 95
56 61 28
58 86 47
56 5 90
75 69 52
12 37 30
19 41 14
52 6 83
84 18 7
94 76 23
72 79 94
26 68 78
95 69 24
65 88 31
45 24 23
99 43 30
38 16 83
16 63 57
58 19 6
16 0 34
12 49 80
44 20 82
67 5 84
79 31 15
47 4 43
58 90 43
33 8 21
14 34 54
33 18 80
76 97 17
26 73 11
51 93 100
67 24 91
42 26 55
61 15 64
46 45 28
0 33 70
24 47 96
49 96 99
22 26 84
51 98 20
44 47 4
33 80 67
97 62 56
18 99 35
45 71 57
6 24 68
7 38 49
66 45 83
0 70 67
58 29 43
24 84 66
1 73 44
24 70 78
54 15 52
35 70 60
87 24 77
10 24 67
51 65 18
24 62 38
5 71 84
12 47 89
41 56 28
13 68 17
49 62 56
7 52 51
21 72 18
8 72 17
75 52 37
36 53 79
77 44 4
5 45 74
57 54 97
95 30 47
11 55 37
94 47 57
51 54 81
72 90 28
36 98 14
95 1 46
98 73 97
63 76 73
92 88 66
31 26 99
83 4 68
89 38 66
19 4 37
36 89 15
10 87 28
16 62 97
78 92 23
23 31 80
77 98 86
67 57 35
51 47 79
4 33 43
17 39 24
3 5 15
78 36 52
38 68 74
80 97 36
15 41 3
38 99 39
93 83 62
65 44 2
6 71 76
26 65 57
69 61 46
92 16 56
81 21 44
35 67 50
36 40 92
78 88 32
32 65 43
15 51 17
8 2 4
78 42 70
42 77 40
83 90 84
38 54 75
54 92 81
16 67 84
6 18 59
10 63 54
29 86 13
38 26 72
91 77 20
40 62 86
77 4 19
2 21 85
46 81 37
61 50 70
49 24 69
11 53 32
2 48 23
43 14 64
13 44 77
74 23 41
18 95 20
8 86 45
6 2 5
24 88 4
63 9 48
89 63 96
78 0 5
11 88 28
26 1 4
80 17 65
8 64 46
71 45 5
67 37 12
16 50 96
81 10 98
50 89 45
98 56 59
12 21 60
96 56 88
93 0 67
38 52 85
34 1 66
28 68 70
61 86 83
4 48 1
41 33 15
12 88 26
65 20 37
61 32 9
48 90 66
66 91 99
53 22 49
56 10 72
75 56 73
73 12 26
85 45 81
99 94 15
56 61 95
94 79 57
45 30 47
46 67 92
70 35 42
54 57 15
29 79 58
16 73 24
86 25 18
31 57 45
18 65 47
53 88 62
3 58 69
65 1 25
83 31 1
32 26 81
81 86 11
28 79 33
93 7 85
57 12 32
49 30 82
64 25 95
53 12 13
38 71 86
31 14 4
12 61 1
5 9 92
48 38 14
89 62 73
52 42 13
31 9 95
21 37 24
21 91 21
37 27 51
87 66 23
39 49 53
60 84 51
71 97 78
11 47 39
60 46 44
0 26 46
44 32 60
4 46 2
61 2 82
60 12 9
96 24 65
24 83 78
37 40 33
86 28 93
74 91 1
3 65 8
24 86 6
18 47 32
21 35 11
93 83 7
46 73 45
72 11 89
51 29 6
64 11 95
94 18 94
35 8 27
79 57 62
43 67 54
89 86 78
78 21 17
85 29 35
3 84 67
44 50 31
56 49 48
36 85 51
66 5 88
37 12 40
23 42 16
12 33 53
36 40 51
23 91 17
98 89 83
94 21 31
37 44 74
25 98 4
71 44 30
46 99 52
37 47 90
94 90 79
92 18 71
48 99 83
26 47 78
35 74 82
27 37 82
86 40 38
60 21 73
49 14 68
61 42 22
70 20 83
20 61 26
49 4 41
77 10 59
84 89 9
3 89 20
46 39 9
94 9 81
16 28 29
50 89 21
30 72 41
14 97 59
94 78 7
70 80 33
54 78 13
83 56 97
63 73 21
14 46 12
68 17 75
11 62 25
3 10 76
49 38 30
19 55 30
79 41 61
64 4 3
7 42 11
22 50 86
5 60 19
19 14 25
80 26 70
82 52 64
71 29 82
86 27 38
67 14 2
18 77 14
17 15 96
47 71 81
77 17 40
40 51 25
76 83 10
92 78 69
30 91 89
3 48 55
57 90 75
96 88 22
62 93 4
28 88 20
61 73 46
69 95 76
46 92 13
15 87 61
30 1 100
95 1 16
90 1 65
66 61 97
87 98 28
38 54 38
57 97 46
40 70 72
25 55 94
97 19 55
11 66 78
80 57 21
37 63 67
15 55 87
91 1 83
21 40 24
71 35 88
18 14 92
83 82 82
24 35 9
97 57 51
19 7 55
87 70 17
29 81 45
25 90 9
65 34 55
49 64 21
42 97 55
45 36 26
66 87 27
77 80 21
8 22 78
85 54 67
81 48 48
3 72 81
80 49 42
79 72 34
53 6 1
11 9 70
56 44 53
79 46 34
63 11 97
55 6 14
88 52 77
62 10 45
48 58 19
97 24 69
97 53 79
45 92 54
98 7 56
20 94 10
48 30 47
28 62 12
53 8 10
56 12 13
42 99 91
57 92 57
12 34 36
89 80 47
27 56 50
19 53 73
90 62 35
92 28 80
77 96 3
70 20 27
8 66 8
90 48 13
37 51 83
40 59 49
78 3 16
39 84 45
22 49 88
32 51 49
83 53 77
39 85 93
14 34 10
31 85 64
21 70 42
92 53 8
86 88 8
93 43 87
61 86 47
79 33 29
40 45 33
2 15 93
83 56 7
65 43 61
80 51 30
37 61 14
86 14 7
7 9 50
40 69 57
26 97 63
4 78 8
15 22 70
1 74 23
52 32 59
62 21 92
81 24 41
96 98 86
98 24 75
31 93 58
57 66 69
6 42 85
59 92 31
71 54 97
15 76 15
65 50 14
92 88 100
82 75 40
85 81 51
16 9 83
47 27 62
23 35 36
38 30 26
29 7 89
74 93 57
67 29 24
17 44 74
87 60 95
89 72 29
87 26 36
60 85 38
29 51 37
62 19 77
73 33 62
92 17 22
41 90 65
74 19 54
67 60 59
89 80 83
30 19 54
37 34 24
41 31 79
33 30 30
57 32 1
21 0 45
30 79 76
78 27 87
26 10 58
43 80 93
11 47 85
9 91 32
72 25 42
42 67 67
17 62 93
73 92 56
77 72 11
89 54 1
62 65 3
4 43 16
36 39 27
95 36 33
25 83 79
16 83 22
56 26 72
38 31 100
15 19 80
63 84 20
63 61 53
2 29 47
61 8 69
58 37 84
36 52 29
76 3 92
65 29 18
16 13 42
47 74 80
19 70 63
29 1 67
51 12 94
34 33 39
98 86 92
64 78 5
75 60 12
69 47 46
5 79 42
10 43 13
14 58 23
26 9 37
51 95 33
20 23 2
45 62 54
79 83 36
49 66 72
4 45 51
18 38 6
53 92 13
4 90 93
82 61 25
55 18 37
2 31 16
59 51 63
10 89 96
75 42 23
72 80 13
4 55 95
75 74 24
35 83 17
1 15 90
38 67 70
51 90 95
24 60 54
7 19 15
66 61 47
30 52 78
28 1 90
80 13 91
11 58 33
20 30 9
67 41 34
19 55 26
19 41 32
49 6 38
12 89 53
74 20 54
8 85 10
55 8 10
61 26 62
17 23 39
40 68 5
8 61 74
72 27 62
61 29 50
86 21 80
96 22 27
9 36 33
57 43 34
93 5 74
39 55 53
21 10 25
5 26 62
46 83 14
55 70 27
96 44 17
48 14 19
70 77 30
19 12 57
92 36 49
29 1 37
54 95 71
96 60 48
17 31 82
80 42 98
80 50 71
81 72 94
81 72 7
31 96 27
11 46 51
67 76 6
90 79 1
51 90 36
42 93 35
40 69 86
74 42 62
87 30 47
78 77 15
25 27 12
39 14 82
40 5 60
47 17 55
91 84 48
96 99 28
33 27 80
34 76 83
74 34 83
40 50 32
86 79 59
69 74 66
89 83 78
10 51 37
52 79 85
47 67 86
21 76 50
62 20 14
4 37 81
23 63 45
53 15 99
16 86 65
32 70 25
16 33 30
68 6 68
11 74 56
92 4 58
23 86 75
75 41 90
21 88 95
39 83 97
16 26 55
64 29 7
67 88 17
2 58 63
6 72 78
40 48 39
38 97 32
67 87 100
91 84 33
36 14 4
8 65 30
21 65 86
81 1 56
20 63 13
40 49 6
25 97 14
46 67 14
73 70 94
66 38 48
62 21 86
88 34 97
95 67 58
76 87 8
35 38 45
29 56 91
65 20 4
22 62 96
66 61 66
13 41 56
59 32 53
14 8 4
67 0 25
37 15 83
0 57 3
6 70 91
5 83 59
92 40 5
85 60 68
56 33 38
46 85 47
46 76 23
38 34 10
76 60 75
21 41 53
69 81 34
50 25 50
67 97 31
51 82 79
61 2 10
77 15 84
92 18 1
98 15 11
19 14 26
73 84 75
26 94 2
89 26 31
78 69 18
70 47 96
60 25 33
15 38 52
6 46 62
83 41 3
95 23 71
79 14 78
98 23 44
44 48 37
55 13 45
61 48 81
49 33 68
35 23 2
97 65 27
31 87 34
2 60 52
50 84 47
16 75 90
8 18 89
50 68 48
91 28 47
46 63 36
91 18 28
1 8 1
55 78 64
97 26 98
35 19 92
84 53 29
20 92 10
11 31 36
99 9 15
32 14 96
42 86 7
5 15 95
45 52 2
15 96 14
26 16 80
78 5 74
1 98 78
80 41 38
40 75 7
34 82 63
43 40 77
86 83 1
5 29 86
77 9 16
26 27 95
66 75 87
21 30 96
31 41 48
58 65 44
99 13 87
51 89 24
45 62 17
95 52 78
26 68 27
2 76 83
51 74 92
27 65 4
25 19 44
15 54 5
25 66 15
67 30 51
68 72 27
53 14 29
20 53 89
74 85 28
51 91 40
29 18 24
97 27 64
21 60 2
76 99 84
96 82 57
72 90 5
19 34 13
1 89 85
7 79 60
32 78 13
85 17 25
67 26 19
77 83 69
48 6 60
52 77 79
93 26 61
4 0 59
99 74 100
52 87 97
10 31 8
51 41 93
66 11 47
58 66 54
42 58 72
47 67 64
17 54 94
72 52 30
43 50 99
51 9 90
43 75 66
72 88 30
79 17 41
58 62 4
21 76 1
30 63 97
61 94 38
13 81 89
41 2 89
70 5 27
88 10 26
91 82 98
14 48 63
99 58 16
21 43 59
83 56 46
84 92 97
43 35 18
64 96 37
80 87 47
81 33 24
88 25 78
43 83 83
89 58 67
55 54 65
60 93 1
27 86 99
0 83 28
45 65 63
47 1 71
32 69 9
10 66 38
20 52 3
6 67 10
95 66 9
53 96 3
62 97 69
69 40 49
11 22 43
53 68 39
52 1 75
0 64 92
26 91 7
60 62 94
46 82 24
89 85 48
83 13 57
3 59 80
63 32 16
18 65 10
19 48 14
19 87 89
30 2 26
55 23 51
14 92 11
23 82 46
21 54 74
91 19 26
83 6 6
39 60 46
29 42 81
33 29 54
38 68 54
91 20 83
46 74 9
96 59 38
58 13 39
57 13 63
5 34 62
58 3 99
95 5 7
81 73 6
54 68 93
6 92 55
56 0 26
6 25 76
44 80 10
7 15 56
92 85 17
21 7 34
26 65 14
9 81 97
62 19 41
50 41 73
81 5 74
95 7 34
24 56 42
34 52 91
42 19 29
1 88 33
94 86 46
41 1 41
19 60 73
84 92 54
86 51 26
56 83 68
60 59 81
87 46 28
99 21 97
98 80 70
53 42 47
64 77 2
97 91 82
89 94 39
98 50 11
25 20 87
13 3 29
52 78 95
72 58 8
71 95 99
85 67 69
85 87 4
7 72 30
96 74 48
49 50 81
3 23 17
64 90 41
74 2 66
19 70 33
65 2 53
81 86 36
29 16 63
90 32 19
10 69 28
42 52 13
1 32 10
55 4 30
21 79 93
41 55 62
46 94 3
76 71 86
42 62 26
0 18 8
12 83 35
66 59 1
36 40 3
97 59 20
52 83 33
52 46 55
11 65 64
24 38 99
91 20 62
11 71 58
92 96 12
76 50 59
30 74 77
82 23 3
35 98 34
32 40 56
26 95 93
30 25 42
8 65 79
33 27 64
63 26 16
66 84 56
74 17 46
47 21 14
4 12 81
15 94 56
97 13 87
50 80 10
45 46 21
47 30 93
52 97 83
36 60 83
84 82 11
28 87 34
70 15 37
77 46 96
99 45 33
78 95 27
10 32 55
43 3 82
32 89 45
13 95 56
74 46 100
60 63 39
92 45 21
78 85 56
25 24 66
5 13 91
65 51 19
26 80 32
53 83 60
65 47 41
62 70 88
51 33 82
63 11 89
51 2 49
17 13 46
22 23 81
